Lat (°),Lon (°),Planting_Month (month),Elevation (m),Slope (deg),clay (%),nitrogen (g/kg),phh2o (pH),sand (%),silt (%),soc (g/kg),Temp_Mean (°C),Rain_Std_Dev (mm),Humidity_Mean (%),Solar_Rad_Mean (MJ/m2/day),Max_Dry_Months (months),Net_Water_01 (mm),Net_Water_02 (mm),Net_Water_03 (mm),Net_Water_04 (mm),Net_Water_05 (mm),Net_Water_06 (mm),Net_Water_07 (mm),Net_Water_08 (mm),Net_Water_09 (mm),Net_Water_10 (mm),Net_Water_11 (mm),Net_Water_12 (mm),Crop_Label,Soil_Texture_Class,VPD_Proxy (kPa),Plant_Available_Water (index),Dry_Season_Deficit (mm),Peak_Rain_Month,Rain_Concentration_Index,Acidification_Risk (index),Temp_Lapse_Adjustment (°C)
11.5,108.414,5,594,3.64,30.5,39,5.7,39.5,30,42.4,23.2,3.85,84.54,18.81,12,-3.06,-4.21,-4.3,-4.18,1.21,3.58,6.86,1.88,6.08,0.96,-1.99,-2.85,Coffee,Clay Loam,0.44,0.259,20.59,7,0.333,2.818.361,19.339
11.502,107.617,5,446,3.64,31.9,36.8,5.1,33.7,34.4,46.3,25.44,4.33,82.47,17.7,12,-3.98,-4.45,-4.47,-4.24,0.37,4.29,8.47,1.81,5.78,2.43,-2.37,-3.66,Coffee,Clay Loam,0.57,0.277,23.17,7,0.366,4.119.143,22.541
11.506,107.566,5,353,3.64,33.7,29.2,5.1,31.9,34.3,38,25.44,4.33,82.47,17.7,12,-3.98,-4.45,-4.47,-4.24,0.37,4.29,8.47,1.81,5.78,2.43,-2.37,-3.66,Coffee,Clay Loam,0.57,0.27,23.17,7,0.366,4.119.143,23.146
11.507,107.932,5,775,3.64,34,35.1,5.4,31.6,34.4,37.8,23.2,3.85,84.54,17.7,12,-3.06,-4.21,-4.3,-4.18,1.21,3.58,6.86,1.88,6.08,0.96,-1.99,-2.85,Coffee,Clay Loam,0.44,0.27,20.59,7,0.333,3.468.752,18.162
11.507,108.406,6,655,3.64,28.5,37,5.7,40.2,31.3,44.1,23.2,3.85,84.54,18.81,12,-3.06,-4.21,-4.3,-4.18,1.21,3.58,6.86,1.88,6.08,0.96,-1.99,-2.85,Coffee,Clay Loam,0.44,0.259,20.59,7,0.333,2.818.361,18.942
11.508,107.57,6,367,3.64,34.8,31.9,5.1,32.1,33.1,38.9,25.44,4.33,82.47,17.7,12,-3.98,-4.45,-4.47,-4.24,0.37,4.29,8.47,1.81,5.78,2.43,-2.37,-3.66,Coffee,Clay Loam,0.57,0.271,23.17,7,0.366,4.119.143,23.054
11.51,108.128,6,1133,3.64,36.3,37.7,5.1,34.2,29.6,42,23.2,3.85,84.54,18.81,12,-3.06,-4.21,-4.3,-4.18,1.21,3.58,6.86,1.88,6.08,0.96,-1.99,-2.85,Coffee,Clay Loam,0.44,0.27,20.59,7,0.333,4.119.143,15.836
11.512,107.86,5,734,3.64,35.1,34,5.3,31.8,33.1,40.8,23.2,3.85,84.54,17.7,12,-3.06,-4.21,-4.3,-4.18,1.21,3.58,6.86,1.88,6.08,0.96,-1.99,-2.85,Coffee,Clay Loam,0.44,0.274,20.59,7,0.333,3.685.549,18.429
11.516,108.102,5,1111,3.64,35.8,42.9,5.4,32.3,31.9,37.1,23.2,3.85,84.54,18.81,12,-3.06,-4.21,-4.3,-4.18,1.21,3.58,6.86,1.88,6.08,0.96,-1.99,-2.85,Coffee,Clay Loam,0.44,0.268,20.59,7,0.333,3.468.752,15.978
11.519,107.985,5,915,3.64,34.2,39.3,5.4,31,34.8,36.8,23.2,3.85,84.54,17.7,12,-3.06,-4.21,-4.3,-4.18,1.21,3.58,6.86,1.88,6.08,0.96,-1.99,-2.85,Coffee,Clay Loam,0.44,0.27,20.59,7,0.333,3.468.752,17.252
11.522,108.319,6,965,3.64,34.5,39.2,5.6,35.9,29.6,45.2,23.2,3.85,84.54,18.81,12,-3.06,-4.21,-4.3,-4.18,1.21,3.58,6.86,1.88,6.08,0.96,-1.99,-2.85,Coffee,Clay Loam,0.44,0.271,20.59,7,0.333,3.035.158,16.928
11.528,107.73,6,842,3.64,33.4,42.9,5.4,34.9,31.8,35.2,25.44,4.33,82.47,17.7,12,-3.98,-4.45,-4.47,-4.24,0.37,4.29,8.47,1.81,5.78,2.43,-2.37,-3.66,Coffee,Clay Loam,0.57,0.259,23.17,7,0.366,3.468.752,19.967
11.529,107.781,5,792,3.64,36,39.5,5.5,36.5,27.5,35.9,25.44,4.33,82.47,17.7,12,-3.98,-4.45,-4.47,-4.24,0.37,4.29,8.47,1.81,5.78,2.43,-2.37,-3.66,Coffee,Clay Loam,0.57,0.256,23.17,7,0.366,3.251.955,20.292
11.53,108.131,6,1389,3.64,35.9,49.2,5.1,35,29.1,57.9,23.2,3.85,84.54,18.81,12,-3.06,-4.21,-4.3,-4.18,1.21,3.58,6.86,1.88,6.08,0.96,-1.99,-2.85,Coffee,Clay Loam,0.44,0.291,20.59,7,0.333,4.119.143,14.172
11.538,107.541,6,193,3.64,32.5,25.6,5.4,36.5,31,33.8,25.44,4.33,82.47,17.7,12,-3.98,-4.45,-4.47,-4.24,0.37,4.29,8.47,1.81,5.78,2.43,-2.37,-3.66,Coffee,Clay Loam,0.57,0.253,23.17,7,0.366,3.468.752,24.186
11.539,107.867,6,769,3.64,35.5,40.2,5.4,32.8,31.8,42.5,23.2,3.85,84.54,17.7,12,-3.06,-4.21,-4.3,-4.18,1.21,3.58,6.86,1.88,6.08,0.96,-1.99,-2.85,Coffee,Clay Loam,0.44,0.274,20.59,7,0.333,3.468.752,18.202
11.542,108.114,6,1029,3.64,34.4,39.2,5.6,32.8,32.7,45.5,23.2,3.85,84.54,18.81,12,-3.06,-4.21,-4.3,-4.18,1.21,3.58,6.86,1.88,6.08,0.96,-1.99,-2.85,Coffee,Clay Loam,0.44,0.278,20.59,7,0.333,3.035.158,16.511
11.546,107.525,6,158,3.64,32.1,23.7,5.5,36.1,31.8,38.1,25.44,4.33,82.47,17.7,12,-3.98,-4.45,-4.47,-4.24,0.37,4.29,8.47,1.81,5.78,2.43,-2.37,-3.66,Coffee,Clay Loam,0.57,0.26,23.17,7,0.366,3.251.955,24.413
11.546,107.942,6,790,3.64,34.6,35.5,5.3,29.4,36,36.2,23.2,3.85,84.54,17.7,12,-3.06,-4.21,-4.3,-4.18,1.21,3.58,6.86,1.88,6.08,0.96,-1.99,-2.85,Coffee,Clay Loam,0.44,0.273,20.59,7,0.333,3.685.549,18.065
11.547,107.907,5,777,3.64,32.3,35.3,5.4,33.6,34.1,37.8,23.2,3.85,84.54,17.7,12,-3.06,-4.21,-4.3,-4.18,1.21,3.58,6.86,1.88,6.08,0.96,-1.99,-2.85,Coffee,Clay Loam,0.44,0.266,20.59,7,0.333,3.468.752,18.15
11.549,108.322,5,940,3.64,32.1,31.6,5.6,37.2,30.7,35.9,23.2,3.85,84.54,18.81,12,-3.06,-4.21,-4.3,-4.18,1.21,3.58,6.86,1.88,6.08,0.96,-1.99,-2.85,Coffee,Clay Loam,0.44,0.255,20.59,7,0.333,3.035.158,17.09
11.55,108.023,5,920,3.64,34,33.7,5.4,31.2,34.8,33.9,23.2,3.85,84.54,18.81,12,-3.06,-4.21,-4.3,-4.18,1.21,3.58,6.86,1.88,6.08,0.96,-1.99,-2.85,Coffee,Clay Loam,0.44,0.266,20.59,7,0.333,3.468.752,17.22
11.55,108.064,6,998,3.64,34.8,27.7,5.5,32.7,32.5,36.6,23.2,3.85,84.54,18.81,12,-3.06,-4.21,-4.3,-4.18,1.21,3.58,6.86,1.88,6.08,0.96,-1.99,-2.85,Coffee,Clay Loam,0.44,0.266,20.59,7,0.333,3.251.955,16.713
11.55,108.444,5,128,3.64,32.5,29.1,5.7,37.3,30.3,28.8,25,3.49,86.23,18.81,12,-1.46,-4.5,-4.81,-4.72,1.46,2.41,4.04,0.52,6.9,1.52,0.58,-1.9,Coffee,Clay Loam,0.436,0.245,17.39,9,0.396,2.818.361,24.168
11.551,108.144,6,1236,3.64,35.5,42.7,5.1,31.4,33.1,48.6,23.2,3.85,84.54,18.81,12,-3.06,-4.21,-4.3,-4.18,1.21,3.58,6.86,1.88,6.08,0.96,-1.99,-2.85,Coffee,Clay Loam,0.44,0.286,20.59,7,0.333,4.119.143,15.166
11.553,107.715,6,868,3.64,33.6,44.9,5.1,37.8,28.6,48,25.44,4.33,82.47,17.7,12,-3.98,-4.45,-4.47,-4.24,0.37,4.29,8.47,1.81,5.78,2.43,-2.37,-3.66,Coffee,Clay Loam,0.57,0.27,23.17,7,0.366,4.119.143,19.798
11.554,107.932,5,783,3.64,36,33.8,5.2,31.3,32.7,34.6,23.2,3.85,84.54,17.7,12,-3.06,-4.21,-4.3,-4.18,1.21,3.58,6.86,1.88,6.08,0.96,-1.99,-2.85,Coffee,Clay Loam,0.44,0.266,20.59,7,0.333,3.902.346,18.11
11.556,107.512,6,141,3.64,30.4,22.5,5.7,34.8,34.7,27,25.44,4.33,82.47,17.7,12,-3.98,-4.45,-4.47,-4.24,0.37,4.29,8.47,1.81,5.78,2.43,-2.37,-3.66,Coffee,Clay Loam,0.57,0.248,23.17,7,0.366,2.818.361,24.524
11.556,108.325,5,1011,3.64,36.3,27.2,5.5,35.8,27.9,31.9,23.2,3.85,84.54,18.81,12,-3.06,-4.21,-4.3,-4.18,1.21,3.58,6.86,1.88,6.08,0.96,-1.99,-2.85,Coffee,Clay Loam,0.44,0.252,20.59,7,0.333,3.251.955,16.628
11.556,108.403,6,920,3.64,33.6,27.9,5.7,37.2,29.2,34.3,23.2,3.85,84.54,18.81,12,-3.06,-4.21,-4.3,-4.18,1.21,3.58,6.86,1.88,6.08,0.96,-1.99,-2.85,Coffee,Clay Loam,0.44,0.252,20.59,7,0.333,2.818.361,17.22
11.559,107.539,5,189,3.64,34.9,26.3,5.3,32.4,32.7,39.7,25.44,4.33,82.47,17.7,12,-3.98,-4.45,-4.47,-4.24,0.37,4.29,8.47,1.81,5.78,2.43,-2.37,-3.66,Coffee,Clay Loam,0.57,0.271,23.17,7,0.366,3.685.549,24.212
11.56,108.255,5,1009,3.64,32.8,30.7,5.5,33.6,33.6,38.6,23.2,3.85,84.54,18.81,12,-3.06,-4.21,-4.3,-4.18,1.21,3.58,6.86,1.88,6.08,0.96,-1.99,-2.85,Coffee,Clay Loam,0.44,0.267,20.59,7,0.333,3.251.955,16.642
11.563,107.846,5,827,3.64,37.1,38.2,5.4,33.5,29.4,30.6,23.2,3.85,84.54,17.7,12,-3.06,-4.21,-4.3,-4.18,1.21,3.58,6.86,1.88,6.08,0.96,-1.99,-2.85,Coffee,Clay Loam,0.44,0.256,20.59,7,0.333,3.468.752,17.824
11.564,107.957,6,837,3.64,34.9,32.8,5.1,31.4,33.8,34.7,23.2,3.85,84.54,17.7,12,-3.06,-4.21,-4.3,-4.18,1.21,3.58,6.86,1.88,6.08,0.96,-1.99,-2.85,Coffee,Clay Loam,0.44,0.266,20.59,7,0.333,4.119.143,17.76
11.567,107.644,6,643,3.64,32.6,36.1,5.4,33.3,34.1,39.2,25.44,4.33,82.47,17.7,12,-3.98,-4.45,-4.47,-4.24,0.37,4.29,8.47,1.81,5.78,2.43,-2.37,-3.66,Coffee,Clay Loam,0.57,0.268,23.17,7,0.366,3.468.752,21.26
11.568,107.662,6,712,3.64,33.8,39.1,5,32.9,33.3,41.6,25.44,4.33,82.47,17.7,12,-3.98,-4.45,-4.47,-4.24,0.37,4.29,8.47,1.81,5.78,2.43,-2.37,-3.66,Coffee,Clay Loam,0.57,0.273,23.17,7,0.366,4335.94,20.812
11.569,107.624,5,470,3.64,32.1,41,5.2,34.1,33.8,37.2,25.44,4.33,82.47,17.7,12,-3.98,-4.45,-4.47,-4.24,0.37,4.29,8.47,1.81,5.78,2.43,-2.37,-3.66,Coffee,Clay Loam,0.57,0.264,23.17,7,0.366,3.902.346,22.385
11.569,108.227,6,868,3.64,35,33.4,5.6,33.6,31.4,34.3,23.2,3.85,84.54,18.81,12,-3.06,-4.21,-4.3,-4.18,1.21,3.58,6.86,1.88,6.08,0.96,-1.99,-2.85,Coffee,Clay Loam,0.44,0.261,20.59,7,0.333,3.035.158,17.558
11.574,108.151,5,1359,3.64,34.8,46,5.1,31.5,33.6,52.4,23.2,3.85,84.54,18.81,12,-3.06,-4.21,-4.3,-4.18,1.21,3.58,6.86,1.88,6.08,0.96,-1.99,-2.85,Coffee,Clay Loam,0.44,0.291,20.59,7,0.333,4.119.143,14.366
11.574,108.189,6,930,3.64,34.8,35.4,5.4,32.7,32.5,44.1,23.2,3.85,84.54,18.81,12,-3.06,-4.21,-4.3,-4.18,1.21,3.58,6.86,1.88,6.08,0.96,-1.99,-2.85,Coffee,Clay Loam,0.44,0.277,20.59,7,0.333,3.468.752,17.155
11.578,108.131,6,968,3.64,33.6,31,5.6,34.7,31.6,34,23.2,3.85,84.54,18.81,12,-3.06,-4.21,-4.3,-4.18,1.21,3.58,6.86,1.88,6.08,0.96,-1.99,-2.85,Coffee,Clay Loam,0.44,0.258,20.59,7,0.333,3.035.158,16.908
11.581,107.924,6,784,3.64,33.1,32.7,5.2,32.8,34.2,36,23.2,3.85,84.54,17.7,12,-3.06,-4.21,-4.3,-4.18,1.21,3.58,6.86,1.88,6.08,0.96,-1.99,-2.85,Coffee,Clay Loam,0.44,0.265,20.59,7,0.333,3.902.346,18.104
11.584,107.535,5,186,3.64,31.8,24.8,5.4,33.8,34.4,32.1,25.44,4.33,82.47,17.7,12,-3.98,-4.45,-4.47,-4.24,0.37,4.29,8.47,1.81,5.78,2.43,-2.37,-3.66,Coffee,Clay Loam,0.57,0.257,23.17,7,0.366,3.468.752,24.231
11.585,107.506,5,148,3.64,31.5,20.9,5.6,35,33.6,28.9,25.44,4.33,82.47,17.7,12,-3.98,-4.45,-4.47,-4.24,0.37,4.29,8.47,1.81,5.78,2.43,-2.37,-3.66,Coffee,Clay Loam,0.57,0.25,23.17,7,0.366,3.035.158,24.478
11.585,107.928,5,811,3.64,34.9,32.5,5.2,33.9,31.2,33.3,23.2,3.85,84.54,17.7,12,-3.06,-4.21,-4.3,-4.18,1.21,3.58,6.86,1.88,6.08,0.96,-1.99,-2.85,Coffee,Clay Loam,0.44,0.259,20.59,7,0.333,3.902.346,17.928
11.586,107.644,5,618,3.64,34.5,35.4,5.5,34.8,30.7,40.6,25.44,4.33,82.47,17.7,12,-3.98,-4.45,-4.47,-4.24,0.37,4.29,8.47,1.81,5.78,2.43,-2.37,-3.66,Coffee,Clay Loam,0.57,0.267,23.17,7,0.366,3.251.955,21.423
11.587,108.267,5,913,3.64,30.8,27.9,5.6,37.4,31.7,30.3,23.2,3.85,84.54,18.81,12,-3.06,-4.21,-4.3,-4.18,1.21,3.58,6.86,1.88,6.08,0.96,-1.99,-2.85,Coffee,Clay Loam,0.44,0.246,20.59,7,0.333,3.035.158,17.266
11.588,108.39,6,940,3.64,33,27,5.7,34.8,32.2,31.7,23.2,3.85,84.54,18.81,12,-3.06,-4.21,-4.3,-4.18,1.21,3.58,6.86,1.88,6.08,0.96,-1.99,-2.85,Coffee,Clay Loam,0.44,0.254,20.59,7,0.333,2.818.361,17.09
11.59,108.445,5,933,3.64,32.3,25.6,5.7,36.4,31.3,35.8,25,3.49,86.23,18.81,12,-1.46,-4.5,-4.81,-4.72,1.46,2.41,4.04,0.52,6.9,1.52,0.58,-1.9,Coffee,Clay Loam,0.436,0.256,17.39,9,0.396,2.818.361,18.936
11.592,107.931,6,815,3.64,36.1,34.2,5.3,33.5,30.4,34.4,23.2,3.85,84.54,17.7,12,-3.06,-4.21,-4.3,-4.18,1.21,3.58,6.86,1.88,6.08,0.96,-1.99,-2.85,Coffee,Clay Loam,0.44,0.261,20.59,7,0.333,3.685.549,17.902
11.594,107.583,6,281,3.64,33.6,30.1,5.1,33.2,33.2,40.2,25.44,4.33,82.47,17.7,12,-3.98,-4.45,-4.47,-4.24,0.37,4.29,8.47,1.81,5.78,2.43,-2.37,-3.66,Coffee,Clay Loam,0.57,0.27,23.17,7,0.366,4.119.143,23.614
11.594,108.116,6,933,3.64,36.7,26.4,5.5,36,27.4,33.2,23.2,3.85,84.54,18.81,12,-3.06,-4.21,-4.3,-4.18,1.21,3.58,6.86,1.88,6.08,0.96,-1.99,-2.85,Coffee,Clay Loam,0.44,0.254,20.59,7,0.333,3.251.955,17.136
11.595,107.748,5,874,3.64,33.1,36.3,5.3,36.5,30.4,36.4,25.44,4.33,82.47,17.7,12,-3.98,-4.45,-4.47,-4.24,0.37,4.29,8.47,1.81,5.78,2.43,-2.37,-3.66,Coffee,Clay Loam,0.57,0.257,23.17,7,0.366,3.685.549,19.759
11.596,107.503,5,164,3.64,34,21.1,5.6,33.1,32.9,28.4,25.44,4.33,82.47,17.7,12,-3.98,-4.45,-4.47,-4.24,0.37,4.29,8.47,1.81,5.78,2.43,-2.37,-3.66,Coffee,Clay Loam,0.57,0.254,23.17,7,0.366,3.035.158,24.374
11.597,107.577,6,424,3.64,31.3,32.8,5.2,34.9,33.8,43.3,25.44,4.33,82.47,17.7,12,-3.98,-4.45,-4.47,-4.24,0.37,4.29,8.47,1.81,5.78,2.43,-2.37,-3.66,Coffee,Clay Loam,0.57,0.27,23.17,7,0.366,3.902.346,22.684
11.598,107.893,5,773,3.64,34.5,36.2,5.3,33.1,32.4,31.8,23.2,3.85,84.54,17.7,12,-3.06,-4.21,-4.3,-4.18,1.21,3.58,6.86,1.88,6.08,0.96,-1.99,-2.85,Coffee,Clay Loam,0.44,0.258,20.59,7,0.333,3.685.549,18.176
11.598,108.02,6,988,3.64,31.8,31.6,5.4,34.7,33.5,39.6,23.2,3.85,84.54,18.81,12,-3.06,-4.21,-4.3,-4.18,1.21,3.58,6.86,1.88,6.08,0.96,-1.99,-2.85,Coffee,Clay Loam,0.44,0.266,20.59,7,0.333,3.468.752,16.778
11.599,107.62,6,478,3.64,33.3,37.8,5.1,34.9,31.8,41.7,25.44,4.33,82.47,17.7,12,-3.98,-4.45,-4.47,-4.24,0.37,4.29,8.47,1.81,5.78,2.43,-2.37,-3.66,Coffee,Clay Loam,0.57,0.268,23.17,7,0.366,4.119.143,22.333
11.6,108.216,5,878,3.64,32.4,26.7,5.5,35.5,32.1,35.8,23.2,3.85,84.54,18.81,12,-3.06,-4.21,-4.3,-4.18,1.21,3.58,6.86,1.88,6.08,0.96,-1.99,-2.85,Coffee,Clay Loam,0.44,0.258,20.59,7,0.333,3.251.955,17.493
11.602,107.951,6,839,3.64,37.2,34,5.2,32.8,30,35.6,23.2,3.85,84.54,17.7,12,-3.06,-4.21,-4.3,-4.18,1.21,3.58,6.86,1.88,6.08,0.96,-1.99,-2.85,Coffee,Clay Loam,0.44,0.264,20.59,7,0.333,3.902.346,17.746
11.605,107.597,5,171,3.64,35.5,34.8,5.4,29.1,35.4,38.3,25.44,4.33,82.47,17.7,12,-3.98,-4.45,-4.47,-4.24,0.37,4.29,8.47,1.81,5.78,2.43,-2.37,-3.66,Coffee,Clay Loam,0.57,0.277,23.17,7,0.366,3.468.752,24.328
11.607,108.359,6,903,3.64,33.8,28.5,5.8,36.1,30.1,32.1,23.2,3.85,84.54,18.81,12,-3.06,-4.21,-4.3,-4.18,1.21,3.58,6.86,1.88,6.08,0.96,-1.99,-2.85,Coffee,Clay Loam,0.44,0.252,20.59,7,0.333,2.601.564,17.33
11.609,108.119,5,986,3.64,31.9,25.2,5.5,34.9,33.2,35.6,23.2,3.85,84.54,18.81,12,-3.06,-4.21,-4.3,-4.18,1.21,3.58,6.86,1.88,6.08,0.96,-1.99,-2.85,Coffee,Clay Loam,0.44,0.26,20.59,7,0.333,3.251.955,16.791
11.613,108.177,6,923,3.64,35.9,29.1,5.6,32.2,31.9,47,23.2,3.85,84.54,18.81,12,-3.06,-4.21,-4.3,-4.18,1.21,3.58,6.86,1.88,6.08,0.96,-1.99,-2.85,Coffee,Clay Loam,0.44,0.282,20.59,7,0.333,3.035.158,17.2
11.617,108.492,6,1026,3.64,32.6,38.4,5.4,36.8,30.6,39,25,3.49,86.23,18.81,12,-1.46,-4.5,-4.81,-4.72,1.46,2.41,4.04,0.52,6.9,1.52,0.58,-1.9,Coffee,Clay Loam,0.436,0.26,17.39,9,0.396,3.468.752,18.331
11.618,108.121,5,982,3.64,32.9,29.3,5.5,35.4,31.7,34.9,23.2,3.85,84.54,18.81,12,-3.06,-4.21,-4.3,-4.18,1.21,3.58,6.86,1.88,6.08,0.96,-1.99,-2.85,Coffee,Clay Loam,0.44,0.257,20.59,7,0.333,3.251.955,16.817
11.622,107.558,5,385,3.64,34.9,39.7,5.1,34.1,31,39.9,25.44,4.33,82.47,17.7,12,-3.98,-4.45,-4.47,-4.24,0.37,4.29,8.47,1.81,5.78,2.43,-2.37,-3.66,Coffee,Clay Loam,0.57,0.267,23.17,7,0.366,4.119.143,22.938
11.628,108.316,6,877,3.64,35.9,32.3,5.6,34.7,29.4,31.4,23.2,3.85,84.54,18.81,12,-3.06,-4.21,-4.3,-4.18,1.21,3.58,6.86,1.88,6.08,0.96,-1.99,-2.85,Coffee,Clay Loam,0.44,0.254,20.59,7,0.333,3.035.158,17.499
11.628,108.424,5,1043,3.64,34.5,32.2,5.6,36.6,28.9,32.7,23.2,3.85,84.54,18.81,12,-3.06,-4.21,-4.3,-4.18,1.21,3.58,6.86,1.88,6.08,0.96,-1.99,-2.85,Coffee,Clay Loam,0.44,0.252,20.59,7,0.333,3.035.158,16.42
11.633,108.14,6,904,3.64,33.7,25.5,5.6,33.2,33.1,31.4,23.2,3.85,84.54,18.81,12,-3.06,-4.21,-4.3,-4.18,1.21,3.58,6.86,1.88,6.08,0.96,-1.99,-2.85,Coffee,Clay Loam,0.44,0.258,20.59,7,0.333,3.035.158,17.324
11.633,108.195,5,885,3.64,31.9,26.4,5.6,33.8,34.3,33.6,23.2,3.85,84.54,18.81,12,-3.06,-4.21,-4.3,-4.18,1.21,3.58,6.86,1.88,6.08,0.96,-1.99,-2.85,Coffee,Clay Loam,0.44,0.259,20.59,7,0.333,3.035.158,17.447
11.634,107.838,5,876,3.64,37.3,34,5.4,34,28.7,33.5,23.2,3.85,84.54,17.7,12,-3.06,-4.21,-4.3,-4.18,1.21,3.58,6.86,1.88,6.08,0.96,-1.99,-2.85,Coffee,Clay Loam,0.44,0.259,20.59,7,0.333,3.468.752,17.506
11.635,108.175,5,912,3.64,33.1,32.1,5.6,31.5,35.3,34.5,23.2,3.85,84.54,18.81,12,-3.06,-4.21,-4.3,-4.18,1.21,3.58,6.86,1.88,6.08,0.96,-1.99,-2.85,Coffee,Clay Loam,0.44,0.266,20.59,7,0.333,3.035.158,17.272
11.636,107.692,6,891,3.64,34.3,44.2,5.1,37,28.7,41.9,25.44,4.33,82.47,17.7,12,-3.98,-4.45,-4.47,-4.24,0.37,4.29,8.47,1.81,5.78,2.43,-2.37,-3.66,Coffee,Clay Loam,0.57,0.264,23.17,7,0.366,4.119.143,19.649
11.638,108.228,5,774,3.64,34.9,29.8,5.6,34.9,30.2,33.6,23.2,3.85,84.54,18.81,12,-3.06,-4.21,-4.3,-4.18,1.21,3.58,6.86,1.88,6.08,0.96,-1.99,-2.85,Coffee,Clay Loam,0.44,0.257,20.59,7,0.333,3.035.158,18.169
11.638,108.262,5,909,3.64,34.6,26.9,5.6,37.3,28.1,31.3,23.2,3.85,84.54,18.81,12,-3.06,-4.21,-4.3,-4.18,1.21,3.58,6.86,1.88,6.08,0.96,-1.99,-2.85,Coffee,Clay Loam,0.44,0.248,20.59,7,0.333,3.035.158,17.292
11.639,108.304,6,884,3.64,36.9,26.4,5.6,35.7,27.3,25.9,23.2,3.85,84.54,18.81,12,-3.06,-4.21,-4.3,-4.18,1.21,3.58,6.86,1.88,6.08,0.96,-1.99,-2.85,Coffee,Clay Loam,0.44,0.244,20.59,7,0.333,3.035.158,17.454
11.642,108.067,6,988,3.64,33.7,33.2,5.4,35.9,30.4,36.5,23.2,3.85,84.54,18.81,12,-3.06,-4.21,-4.3,-4.18,1.21,3.58,6.86,1.88,6.08,0.96,-1.99,-2.85,Coffee,Clay Loam,0.44,0.259,20.59,7,0.333,3.468.752,16.778
11.643,108.337,5,880,3.64,35.7,24.1,5.7,36.2,28.2,27.5,23.2,3.85,84.54,18.81,12,-3.06,-4.21,-4.3,-4.18,1.21,3.58,6.86,1.88,6.08,0.96,-1.99,-2.85,Coffee,Clay Loam,0.44,0.245,20.59,7,0.333,2.818.361,17.48
11.644,107.908,5,873,3.64,34.8,35.7,5.3,34.7,30.6,44.6,23.2,3.85,84.54,17.7,12,-3.06,-4.21,-4.3,-4.18,1.21,3.58,6.86,1.88,6.08,0.96,-1.99,-2.85,Coffee,Clay Loam,0.44,0.273,20.59,7,0.333,3.685.549,17.526
11.645,108.318,6,839,3.64,36,26.6,5.7,36.8,27.1,28.4,23.2,3.85,84.54,18.81,12,-3.06,-4.21,-4.3,-4.18,1.21,3.58,6.86,1.88,6.08,0.96,-1.99,-2.85,Coffee,Clay Loam,0.44,0.245,20.59,7,0.333,2.818.361,17.746
11.646,108.157,5,731,3.64,35.3,35.1,5.6,35.4,29.3,33.9,23.2,3.85,84.54,18.81,12,-3.06,-4.21,-4.3,-4.18,1.21,3.58,6.86,1.88,6.08,0.96,-1.99,-2.85,Coffee,Clay Loam,0.44,0.256,20.59,7,0.333,3.035.158,18.448
11.648,107.62,6,468,3.64,32.4,37.9,5.2,34.5,33.1,42.3,25.44,4.33,82.47,17.7,12,-3.98,-4.45,-4.47,-4.24,0.37,4.29,8.47,1.81,5.78,2.43,-2.37,-3.66,Coffee,Clay Loam,0.57,0.27,23.17,7,0.366,3.902.346,22.398
11.649,108.353,6,951,3.64,33.8,26.3,5.7,35.2,31,34.3,23.2,3.85,84.54,18.81,12,-3.06,-4.21,-4.3,-4.18,1.21,3.58,6.86,1.88,6.08,0.96,-1.99,-2.85,Coffee,Clay Loam,0.44,0.257,20.59,7,0.333,2.818.361,17.018
11.65,108.207,5,864,3.64,32.7,31.9,5.6,33.6,33.7,38.6,23.2,3.85,84.54,18.81,12,-3.06,-4.21,-4.3,-4.18,1.21,3.58,6.86,1.88,6.08,0.96,-1.99,-2.85,Coffee,Clay Loam,0.44,0.267,20.59,7,0.333,3.035.158,17.584
11.652,108.291,6,827,3.64,34,29.3,5.6,36.7,29.4,28.1,23.2,3.85,84.54,18.81,12,-3.06,-4.21,-4.3,-4.18,1.21,3.58,6.86,1.88,6.08,0.96,-1.99,-2.85,Coffee,Clay Loam,0.44,0.245,20.59,7,0.333,3.035.158,17.824
11.654,107.573,6,610,3.64,31.6,42.4,5.1,36.8,31.6,61.6,25.44,4.33,82.47,17.7,12,-3.98,-4.45,-4.47,-4.24,0.37,4.29,8.47,1.81,5.78,2.43,-2.37,-3.66,Coffee,Clay Loam,0.57,0.292,23.17,7,0.366,4.119.143,21.475
11.658,107.993,6,1004,3.64,36.7,29.3,5.4,33.9,29.4,38.2,23.2,3.85,84.54,17.7,12,-3.06,-4.21,-4.3,-4.18,1.21,3.58,6.86,1.88,6.08,0.96,-1.99,-2.85,Coffee,Clay Loam,0.44,0.266,20.59,7,0.333,3.468.752,16.674
11.658,108.002,6,941,3.64,36.8,27.5,5.3,34.5,28.7,33.6,23.2,3.85,84.54,18.81,12,-3.06,-4.21,-4.3,-4.18,1.21,3.58,6.86,1.88,6.08,0.96,-1.99,-2.85,Coffee,Clay Loam,0.44,0.258,20.59,7,0.333,3.685.549,17.084
11.658,108.453,5,1249,3.64,35.6,37.4,5.3,34.7,29.6,44.2,25,3.49,86.23,18.81,12,-1.46,-4.5,-4.81,-4.72,1.46,2.41,4.04,0.52,6.9,1.52,0.58,-1.9,Coffee,Clay Loam,0.436,0.272,17.39,9,0.396,3.685.549,16.882
11.66,108.004,5,1000,3.64,36.3,26.1,5.4,34.7,29,37.1,23.2,3.85,84.54,18.81,12,-3.06,-4.21,-4.3,-4.18,1.21,3.58,6.86,1.88,6.08,0.96,-1.99,-2.85,Coffee,Clay Loam,0.44,0.262,20.59,7,0.333,3.468.752,16.7
11.66,108.469,5,1176,3.64,31.7,41.5,5.3,35,33.3,49.1,25,3.49,86.23,18.81,12,-1.46,-4.5,-4.81,-4.72,1.46,2.41,4.04,0.52,6.9,1.52,0.58,-1.9,Coffee,Clay Loam,0.436,0.278,17.39,9,0.396,3.685.549,17.356
11.662,107.573,5,454,3.64,33.2,41.4,5.1,34.7,32,46.7,25.44,4.33,82.47,17.7,12,-3.98,-4.45,-4.47,-4.24,0.37,4.29,8.47,1.81,5.78,2.43,-2.37,-3.66,Coffee,Clay Loam,0.57,0.276,23.17,7,0.366,4.119.143,22.489
11.662,107.817,6,868,3.64,34.2,34.1,5.1,35.7,30,31.1,23.2,3.85,84.54,17.7,12,-3.06,-4.21,-4.3,-4.18,1.21,3.58,6.86,1.88,6.08,0.96,-1.99,-2.85,Coffee,Clay Loam,0.44,0.251,20.59,7,0.333,4.119.143,17.558
11.662,108.242,5,753,3.64,33.7,27.5,5.7,35.7,30.6,29.8,23.2,3.85,84.54,18.81,12,-3.06,-4.21,-4.3,-4.18,1.21,3.58,6.86,1.88,6.08,0.96,-1.99,-2.85,Coffee,Clay Loam,0.44,0.25,20.59,7,0.333,2.818.361,18.306
11.666,108.047,6,872,3.64,32.3,26.6,5.4,36.6,31.1,40,23.2,3.85,84.54,18.81,12,-3.06,-4.21,-4.3,-4.18,1.21,3.58,6.86,1.88,6.08,0.96,-1.99,-2.85,Coffee,Clay Loam,0.44,0.262,20.59,7,0.333,3.468.752,17.532
11.666,108.383,6,934,3.64,32.1,26.7,5.6,34.9,33,35.5,23.2,3.85,84.54,18.81,12,-3.06,-4.21,-4.3,-4.18,1.21,3.58,6.86,1.88,6.08,0.96,-1.99,-2.85,Coffee,Clay Loam,0.44,0.259,20.59,7,0.333,3.035.158,17.129
11.666,108.419,5,1089,3.64,32.3,33.1,5.2,36.8,31,36.5,23.2,3.85,84.54,18.81,12,-3.06,-4.21,-4.3,-4.18,1.21,3.58,6.86,1.88,6.08,0.96,-1.99,-2.85,Coffee,Clay Loam,0.44,0.256,20.59,7,0.333,3.902.346,16.121
11.667,107.595,5,629,3.64,31,38.3,5.4,34.7,34.3,40.6,25.44,4.33,82.47,17.7,12,-3.98,-4.45,-4.47,-4.24,0.37,4.29,8.47,1.81,5.78,2.43,-2.37,-3.66,Coffee,Clay Loam,0.57,0.267,23.17,7,0.366,3.468.752,21.352
11.667,108.024,5,911,3.64,35.6,27.3,5.5,35.7,28.7,38.5,23.2,3.85,84.54,18.81,12,-3.06,-4.21,-4.3,-4.18,1.21,3.58,6.86,1.88,6.08,0.96,-1.99,-2.85,Coffee,Clay Loam,0.44,0.262,20.59,7,0.333,3.251.955,17.278
11.669,108.276,5,872,3.64,34.8,27.4,5.7,36.1,29.1,29.3,23.2,3.85,84.54,18.81,12,-3.06,-4.21,-4.3,-4.18,1.21,3.58,6.86,1.88,6.08,0.96,-1.99,-2.85,Coffee,Clay Loam,0.44,0.248,20.59,7,0.333,2.818.361,17.532
11.67,108.085,6,715,3.64,32.4,30.7,5.4,34.8,32.8,35.6,23.2,3.85,84.54,18.81,12,-3.06,-4.21,-4.3,-4.18,1.21,3.58,6.86,1.88,6.08,0.96,-1.99,-2.85,Coffee,Clay Loam,0.44,0.26,20.59,7,0.333,3.468.752,18.552
11.67,108.141,5,726,3.64,36,31.9,5.7,36.2,27.8,35.8,23.2,3.85,84.54,18.81,12,-3.06,-4.21,-4.3,-4.18,1.21,3.58,6.86,1.88,6.08,0.96,-1.99,-2.85,Coffee,Clay Loam,0.44,0.257,20.59,7,0.333,2.818.361,18.481
11.672,107.871,6,866,3.64,33.8,33.5,5.4,34.9,31.3,32.9,23.2,3.85,84.54,17.7,12,-3.06,-4.21,-4.3,-4.18,1.21,3.58,6.86,1.88,6.08,0.96,-1.99,-2.85,Coffee,Clay Loam,0.44,0.256,20.59,7,0.333,3.468.752,17.571
11.673,108.373,6,915,3.64,33.3,25.7,5.6,35.7,31,35.1,23.2,3.85,84.54,18.81,12,-3.06,-4.21,-4.3,-4.18,1.21,3.58,6.86,1.88,6.08,0.96,-1.99,-2.85,Coffee,Clay Loam,0.44,0.257,20.59,7,0.333,3.035.158,17.252
11.676,108.153,6,947,3.64,35.1,32.8,5.6,36,28.9,38.6,23.2,3.85,84.54,18.81,12,-3.06,-4.21,-4.3,-4.18,1.21,3.58,6.86,1.88,6.08,0.96,-1.99,-2.85,Coffee,Clay Loam,0.44,0.261,20.59,7,0.333,3.035.158,17.044
11.677,108.147,6,835,3.64,35.4,30.9,5.6,34.8,29.8,38.1,23.2,3.85,84.54,18.81,12,-3.06,-4.21,-4.3,-4.18,1.21,3.58,6.86,1.88,6.08,0.96,-1.99,-2.85,Coffee,Clay Loam,0.44,0.263,20.59,7,0.333,3.035.158,17.772
11.677,108.243,5,770,3.64,32.8,27.6,5.7,35.1,32.1,29.8,23.2,3.85,84.54,18.81,12,-3.06,-4.21,-4.3,-4.18,1.21,3.58,6.86,1.88,6.08,0.96,-1.99,-2.85,Coffee,Clay Loam,0.44,0.251,20.59,7,0.333,2.818.361,18.195
11.678,108.385,5,950,3.64,32.1,24.6,5.6,35.2,32.7,33.8,23.2,3.85,84.54,18.81,12,-3.06,-4.21,-4.3,-4.18,1.21,3.58,6.86,1.88,6.08,0.96,-1.99,-2.85,Coffee,Clay Loam,0.44,0.256,20.59,7,0.333,3.035.158,17.025
11.682,108.13,6,938,3.64,35.1,30,5.5,35.7,29.2,37.9,23.2,3.85,84.54,18.81,12,-3.06,-4.21,-4.3,-4.18,1.21,3.58,6.86,1.88,6.08,0.96,-1.99,-2.85,Coffee,Clay Loam,0.44,0.261,20.59,7,0.333,3.251.955,17.103
11.684,107.72,6,879,3.64,32.8,37.7,5.1,33.5,33.6,33.4,25.44,4.33,82.47,17.7,12,-3.98,-4.45,-4.47,-4.24,0.37,4.29,8.47,1.81,5.78,2.43,-2.37,-3.66,Coffee,Clay Loam,0.57,0.26,23.17,7,0.366,4.119.143,19.726
11.689,107.706,5,995,3.64,34.5,44.3,5.1,35,30.4,44.4,25.44,4.33,82.47,17.7,12,-3.98,-4.45,-4.47,-4.24,0.37,4.29,8.47,1.81,5.78,2.43,-2.37,-3.66,Coffee,Clay Loam,0.57,0.272,23.17,7,0.366,4.119.143,18.973
11.689,108.119,6,921,3.64,36.6,26,5.6,37,26.4,32.9,23.2,3.85,84.54,18.81,12,-3.06,-4.21,-4.3,-4.18,1.21,3.58,6.86,1.88,6.08,0.96,-1.99,-2.85,Coffee,Clay Loam,0.44,0.251,20.59,7,0.333,3.035.158,17.214
11.69,107.766,6,886,3.64,34.5,34.9,5.4,38.5,27,35.9,25.44,4.33,82.47,17.7,12,-3.98,-4.45,-4.47,-4.24,0.37,4.29,8.47,1.81,5.78,2.43,-2.37,-3.66,Coffee,Clay Loam,0.57,0.252,23.17,7,0.366,3.468.752,19.681
11.693,108.266,6,843,3.64,32.9,26.6,5.6,37.4,29.6,31,23.2,3.85,84.54,18.81,12,-3.06,-4.21,-4.3,-4.18,1.21,3.58,6.86,1.88,6.08,0.96,-1.99,-2.85,Coffee,Clay Loam,0.44,0.247,20.59,7,0.333,3.035.158,17.72
11.694,108.175,5,942,3.64,33.1,28.1,5.5,36,31,27.1,23.2,3.85,84.54,18.81,12,-3.06,-4.21,-4.3,-4.18,1.21,3.58,6.86,1.88,6.08,0.96,-1.99,-2.85,Coffee,Clay Loam,0.44,0.245,20.59,7,0.333,3.251.955,17.077
11.695,107.946,6,937,3.64,38.9,25.2,5.4,32.1,29,33.9,23.2,3.85,84.54,17.7,12,-3.06,-4.21,-4.3,-4.18,1.21,3.58,6.86,1.88,6.08,0.96,-1.99,-2.85,Coffee,Clay Loam,0.44,0.264,20.59,7,0.333,3.468.752,17.11
11.696,107.882,5,885,3.64,34.1,33,5.4,34.2,31.7,34.1,23.2,3.85,84.54,17.7,12,-3.06,-4.21,-4.3,-4.18,1.21,3.58,6.86,1.88,6.08,0.96,-1.99,-2.85,Coffee,Clay Loam,0.44,0.259,20.59,7,0.333,3.468.752,17.447
11.697,108.134,5,910,3.64,34.7,28.3,5.6,38.4,26.9,32,23.2,3.85,84.54,18.81,12,-3.06,-4.21,-4.3,-4.18,1.21,3.58,6.86,1.88,6.08,0.96,-1.99,-2.85,Coffee,Clay Loam,0.44,0.246,20.59,7,0.333,3.035.158,17.285
11.698,107.715,5,917,3.64,34.9,43.8,5.1,33.6,31.5,43.8,25.44,4.33,82.47,17.7,12,-3.98,-4.45,-4.47,-4.24,0.37,4.29,8.47,1.81,5.78,2.43,-2.37,-3.66,Coffee,Clay Loam,0.57,0.274,23.17,7,0.366,4.119.143,19.48
11.704,107.626,6,631,3.64,32,36.6,5.1,33.6,34.4,34.4,25.44,4.33,82.47,17.7,12,-3.98,-4.45,-4.47,-4.24,0.37,4.29,8.47,1.81,5.78,2.43,-2.37,-3.66,Coffee,Clay Loam,0.57,0.261,23.17,7,0.366,4.119.143,21.339
11.705,108.125,5,944,3.64,35,23.7,5.5,37.3,27.7,29.7,23.2,3.85,84.54,18.81,12,-3.06,-4.21,-4.3,-4.18,1.21,3.58,6.86,1.88,6.08,0.96,-1.99,-2.85,Coffee,Clay Loam,0.44,0.246,20.59,7,0.333,3.251.955,17.064
11.707,107.752,6,855,3.64,31.2,36.7,5.3,34.9,33.8,41,25.44,4.33,82.47,17.7,12,-3.98,-4.45,-4.47,-4.24,0.37,4.29,8.47,1.81,5.78,2.43,-2.37,-3.66,Coffee,Clay Loam,0.57,0.267,23.17,7,0.366,3.685.549,19.882
11.709,107.951,5,925,3.64,35.7,28.2,5.4,35.2,29,37.1,23.2,3.85,84.54,17.7,12,-3.06,-4.21,-4.3,-4.18,1.21,3.58,6.86,1.88,6.08,0.96,-1.99,-2.85,Coffee,Clay Loam,0.44,0.261,20.59,7,0.333,3.468.752,17.188
11.717,107.863,5,879,3.64,30.7,34.9,5.3,35.9,33.4,30.6,23.2,3.85,84.54,17.7,12,-3.06,-4.21,-4.3,-4.18,1.21,3.58,6.86,1.88,6.08,0.96,-1.99,-2.85,Coffee,Clay Loam,0.44,0.25,20.59,7,0.333,3.685.549,17.486
11.717,108.241,5,816,3.64,32.8,30.5,5.6,39,28.2,28.9,23.2,3.85,84.54,18.81,12,-3.06,-4.21,-4.3,-4.18,1.21,3.58,6.86,1.88,6.08,0.96,-1.99,-2.85,Coffee,Clay Loam,0.44,0.241,20.59,7,0.333,3.035.158,17.896
11.72,107.675,5,727,3.64,35.2,41.5,5.1,33.3,31.5,42.6,25.44,4.33,82.47,17.7,12,-3.98,-4.45,-4.47,-4.24,0.37,4.29,8.47,1.81,5.78,2.43,-2.37,-3.66,Coffee,Clay Loam,0.57,0.273,23.17,7,0.366,4.119.143,20.714
11.721,107.562,5,515,3.64,34.1,36.6,5.1,33.8,32.2,42.5,25.44,4.33,82.47,17.7,12,-3.98,-4.45,-4.47,-4.24,0.37,4.29,8.47,1.81,5.78,2.43,-2.37,-3.66,Coffee,Clay Loam,0.57,0.272,23.17,7,0.366,4.119.143,22.092
11.722,107.869,6,904,3.64,31,37.9,5.4,35.8,33.2,30.8,23.2,3.85,84.54,17.7,12,-3.06,-4.21,-4.3,-4.18,1.21,3.58,6.86,1.88,6.08,0.96,-1.99,-2.85,Coffee,Clay Loam,0.44,0.251,20.59,7,0.333,3.468.752,17.324
11.723,108.124,6,946,3.64,35.2,28.8,5.6,37.8,27,32,23.2,3.85,84.54,18.81,12,-3.06,-4.21,-4.3,-4.18,1.21,3.58,6.86,1.88,6.08,0.96,-1.99,-2.85,Coffee,Clay Loam,0.44,0.248,20.59,7,0.333,3.035.158,17.051
11.725,108.064,6,743,3.64,33.7,29.8,5.6,33.9,32.4,39.1,23.2,3.85,84.54,18.81,12,-3.06,-4.21,-4.3,-4.18,1.21,3.58,6.86,1.88,6.08,0.96,-1.99,-2.85,Coffee,Clay Loam,0.44,0.267,20.59,7,0.333,3.035.158,18.37
11.727,107.506,5,591,3.64,31.2,35,5.1,35.1,33.7,43.4,25.44,4.33,82.47,17.7,12,-3.98,-4.45,-4.47,-4.24,0.37,4.29,8.47,1.81,5.78,2.43,-2.37,-3.66,Coffee,Clay Loam,0.57,0.27,23.17,7,0.366,4.119.143,21.598
11.727,107.513,6,473,3.64,32.5,36,5.1,34.1,33.4,44.9,25.44,4.33,82.47,17.7,12,-3.98,-4.45,-4.47,-4.24,0.37,4.29,8.47,1.81,5.78,2.43,-2.37,-3.66,Coffee,Clay Loam,0.57,0.274,23.17,7,0.366,4.119.143,22.366
11.727,108.384,6,904,3.64,32.4,26.8,5.6,35.7,31.9,24.2,23.2,3.85,84.54,18.81,12,-3.06,-4.21,-4.3,-4.18,1.21,3.58,6.86,1.88,6.08,0.96,-1.99,-2.85,Coffee,Clay Loam,0.44,0.242,20.59,7,0.333,3.035.158,17.324
11.729,108.084,6,927,3.64,33.3,34.4,5.5,37.1,29.6,34.4,23.2,3.85,84.54,18.81,12,-3.06,-4.21,-4.3,-4.18,1.21,3.58,6.86,1.88,6.08,0.96,-1.99,-2.85,Coffee,Clay Loam,0.44,0.253,20.59,7,0.333,3.251.955,17.174
11.73,108.384,6,907,3.64,34.7,27.9,5.6,37,28.3,23.6,23.2,3.85,84.54,18.81,12,-3.06,-4.21,-4.3,-4.18,1.21,3.58,6.86,1.88,6.08,0.96,-1.99,-2.85,Coffee,Clay Loam,0.44,0.238,20.59,7,0.333,3.035.158,17.304
11.734,108.382,6,910,3.64,32.9,27.6,5.6,35.9,31.2,30.3,23.2,3.85,84.54,18.81,12,-3.06,-4.21,-4.3,-4.18,1.21,3.58,6.86,1.88,6.08,0.96,-1.99,-2.85,Coffee,Clay Loam,0.44,0.25,20.59,7,0.333,3.035.158,17.285
11.737,107.619,6,768,3.64,32.8,44.6,5.1,34.1,33.1,46.6,25.44,4.33,82.47,17.7,12,-3.98,-4.45,-4.47,-4.24,0.37,4.29,8.47,1.81,5.78,2.43,-2.37,-3.66,Coffee,Clay Loam,0.57,0.277,23.17,7,0.366,4.119.143,20.448
11.737,107.838,5,880,3.64,33.6,37.3,5.2,35.4,31,35.6,23.2,3.85,84.54,17.7,12,-3.06,-4.21,-4.3,-4.18,1.21,3.58,6.86,1.88,6.08,0.96,-1.99,-2.85,Coffee,Clay Loam,0.44,0.258,20.59,7,0.333,3.902.346,17.48
11.738,107.897,5,883,3.64,30.3,36.6,5.4,37,32.7,33.7,23.2,3.85,84.54,17.7,12,-3.06,-4.21,-4.3,-4.18,1.21,3.58,6.86,1.88,6.08,0.96,-1.99,-2.85,Coffee,Clay Loam,0.44,0.252,20.59,7,0.333,3.468.752,17.46
11.744,107.615,5,539,3.64,32.2,36.7,5.2,34.7,33.1,42.1,25.44,4.33,82.47,17.7,12,-3.98,-4.45,-4.47,-4.24,0.37,4.29,8.47,1.81,5.78,2.43,-2.37,-3.66,Coffee,Clay Loam,0.57,0.269,23.17,7,0.366,3.902.346,21.937
11.744,107.85,6,761,3.64,31.3,34.6,5.2,33.3,35.3,37,23.2,3.85,84.54,17.7,12,-3.06,-4.21,-4.3,-4.18,1.21,3.58,6.86,1.88,6.08,0.96,-1.99,-2.85,Coffee,Clay Loam,0.44,0.265,20.59,7,0.333,3.902.346,18.254
11.744,108.383,6,916,3.64,32.7,26,5.7,36.1,31.2,33.4,23.2,3.85,84.54,18.81,12,-3.06,-4.21,-4.3,-4.18,1.21,3.58,6.86,1.88,6.08,0.96,-1.99,-2.85,Coffee,Clay Loam,0.44,0.254,20.59,7,0.333,2.818.361,17.246
11.746,107.729,5,1191,3.64,34.6,40.6,5,32.8,32.6,47.4,25.44,4.33,82.47,17.7,12,-3.98,-4.45,-4.47,-4.24,0.37,4.29,8.47,1.81,5.78,2.43,-2.37,-3.66,Coffee,Clay Loam,0.57,0.281,23.17,7,0.366,4335.94,17.699
11.746,108.168,6,979,3.64,32.3,27.1,5.6,37.2,30.5,31.1,23.2,3.85,84.54,18.81,12,-3.06,-4.21,-4.3,-4.18,1.21,3.58,6.86,1.88,6.08,0.96,-1.99,-2.85,Coffee,Clay Loam,0.44,0.248,20.59,7,0.333,3.035.158,16.836
11.748,107.999,6,603,3.64,32.3,35.3,5.5,31.6,36.2,35.1,23.2,3.85,84.54,17.7,12,-3.06,-4.21,-4.3,-4.18,1.21,3.58,6.86,1.88,6.08,0.96,-1.99,-2.85,Coffee,Clay Loam,0.44,0.266,20.59,7,0.333,3.251.955,19.28
11.749,107.987,5,845,3.64,31.1,43.6,5.2,33,35.9,41.6,23.2,3.85,84.54,17.7,12,-3.06,-4.21,-4.3,-4.18,1.21,3.58,6.86,1.88,6.08,0.96,-1.99,-2.85,Coffee,Clay Loam,0.44,0.272,20.59,7,0.333,3.902.346,17.708
11.749,108.318,6,876,3.64,37.5,28.2,5.7,35.5,27,25,23.2,3.85,84.54,18.81,12,-3.06,-4.21,-4.3,-4.18,1.21,3.58,6.86,1.88,6.08,0.96,-1.99,-2.85,Coffee,Clay Loam,0.44,0.243,20.59,7,0.333,2.818.361,17.506
11.752,107.704,6,1067,3.64,35.3,41.5,5,32.5,32.2,52.3,24.09,6.14,82.81,17.7,12,-5.22,-5.74,-5.76,-5.53,1.01,4.33,14.19,3.44,7.41,0.73,-3.78,-5.08,Coffee,Clay Loam,0.516,0.288,31.11,7,0.456,4335.94,17.154
11.752,107.943,6,922,3.64,32.4,34.6,5.1,33.6,34,31.9,22.01,4.8,86.45,17.7,12,-3.64,-4.95,-5.06,-4.94,2.06,2.54,10.12,2.23,7.25,0.26,-2.31,-3.54,Coffee,Clay Loam,0.358,0.257,24.44,7,0.414,4.119.143,16.017
11.753,108.082,6,947,3.64,35.4,33.1,5.6,37.5,27.2,30.3,22.01,4.8,86.45,18.81,12,-3.64,-4.95,-5.06,-4.94,2.06,2.54,10.12,2.23,7.25,0.26,-2.31,-3.54,Coffee,Clay Loam,0.358,0.246,24.44,7,0.414,3.035.158,15.855
11.753,108.191,5,977,3.64,32.7,28.6,5.6,38,29.3,30.5,22.01,4.8,86.45,18.81,12,-3.64,-4.95,-5.06,-4.94,2.06,2.54,10.12,2.23,7.25,0.26,-2.31,-3.54,Coffee,Clay Loam,0.358,0.245,24.44,7,0.414,3.035.158,15.66
11.758,108.276,5,835,3.64,36.1,33.2,5.6,36.6,27.3,29.4,22.01,4.8,86.45,18.81,12,-3.64,-4.95,-5.06,-4.94,2.06,2.54,10.12,2.23,7.25,0.26,-2.31,-3.54,Coffee,Clay Loam,0.358,0.247,24.44,7,0.414,3.035.158,16.583
11.758,108.28,6,833,3.64,35.5,32.6,5.5,37.6,26.9,25.6,22.01,4.8,86.45,18.81,12,-3.64,-4.95,-5.06,-4.94,2.06,2.54,10.12,2.23,7.25,0.26,-2.31,-3.54,Coffee,Clay Loam,0.358,0.239,24.44,7,0.414,3.251.955,16.596
11.76,108.392,6,958,3.64,37,26.3,5.6,34,29,28.7,22.01,4.8,86.45,18.81,12,-3.64,-4.95,-5.06,-4.94,2.06,2.54,10.12,2.23,7.25,0.26,-2.31,-3.54,Coffee,Clay Loam,0.358,0.252,24.44,7,0.414,3.035.158,15.783
11.761,108.094,5,934,3.64,36.2,35.6,5.6,35.8,28.1,35,22.01,4.8,86.45,18.81,12,-3.64,-4.95,-5.06,-4.94,2.06,2.54,10.12,2.23,7.25,0.26,-2.31,-3.54,Coffee,Clay Loam,0.358,0.257,24.44,7,0.414,3.035.158,15.939
11.771,107.813,5,933,3.64,31.7,33.4,5.3,33.7,34.6,32.1,22.01,4.8,86.45,17.7,12,-3.64,-4.95,-5.06,-4.94,2.06,2.54,10.12,2.23,7.25,0.26,-2.31,-3.54,Coffee,Clay Loam,0.358,0.257,24.44,7,0.414,3.685.549,15.946
11.773,107.617,5,663,3.64,32.6,33.5,5.2,35.6,31.8,37.5,24.09,6.14,82.81,17.7,12,-5.22,-5.74,-5.76,-5.53,1.01,4.33,14.19,3.44,7.41,0.73,-3.78,-5.08,Coffee,Clay Loam,0.516,0.261,31.11,7,0.456,3.902.346,19.78
11.775,107.934,5,789,3.64,34,40.5,5.1,32.4,33.6,43.6,22.01,4.8,86.45,17.7,12,-3.64,-4.95,-5.06,-4.94,2.06,2.54,10.12,2.23,7.25,0.26,-2.31,-3.54,Coffee,Clay Loam,0.358,0.277,24.44,7,0.414,4.119.143,16.882
11.778,107.617,5,688,3.64,33.8,33.5,5.2,34.8,31.4,37.4,24.09,6.14,82.81,17.7,12,-5.22,-5.74,-5.76,-5.53,1.01,4.33,14.19,3.44,7.41,0.73,-3.78,-5.08,Coffee,Clay Loam,0.516,0.262,31.11,7,0.456,3.902.346,19.618
11.781,107.813,5,923,3.64,31.3,35.3,5.1,33.5,35.2,35.9,22.01,4.8,86.45,17.7,12,-3.64,-4.95,-5.06,-4.94,2.06,2.54,10.12,2.23,7.25,0.26,-2.31,-3.54,Coffee,Clay Loam,0.358,0.263,24.44,7,0.414,4.119.143,16.01
11.785,107.801,5,907,3.64,32.1,34.8,5,34.3,33.6,40.8,24.09,6.14,82.81,17.7,12,-5.22,-5.74,-5.76,-5.53,1.01,4.33,14.19,3.44,7.41,0.73,-3.78,-5.08,Coffee,Clay Loam,0.516,0.268,31.11,7,0.456,4335.94,18.194
11.787,107.569,5,672,3.64,33.4,42.4,5,33.8,32.8,41.2,24.09,6.14,82.81,17.7,12,-5.22,-5.74,-5.76,-5.53,1.01,4.33,14.19,3.44,7.41,0.73,-3.78,-5.08,Coffee,Clay Loam,0.516,0.27,31.11,7,0.456,4335.94,19.722
11.787,108.087,5,959,3.64,32.4,36.9,5.5,34.6,33,43.5,22.01,4.8,86.45,18.81,12,-3.64,-4.95,-5.06,-4.94,2.06,2.54,10.12,2.23,7.25,0.26,-2.31,-3.54,Coffee,Clay Loam,0.358,0.271,24.44,7,0.414,3.251.955,15.777
11.789,107.92,6,642,3.64,30.7,37,5.2,36.4,32.8,42.5,22.01,4.8,86.45,17.7,12,-3.64,-4.95,-5.06,-4.94,2.06,2.54,10.12,2.23,7.25,0.26,-2.31,-3.54,Coffee,Clay Loam,0.358,0.266,24.44,7,0.414,3.902.346,17.837
11.79,107.939,6,742,3.64,32.1,47.4,5.1,35.2,32.6,52.2,22.01,4.8,86.45,17.7,12,-3.64,-4.95,-5.06,-4.94,2.06,2.54,10.12,2.23,7.25,0.26,-2.31,-3.54,Coffee,Clay Loam,0.358,0.282,24.44,7,0.414,4.119.143,17.187
11.791,108.019,5,697,3.64,32.6,43.9,5.2,32,35.4,50.4,22.01,4.8,86.45,18.81,12,-3.64,-4.95,-5.06,-4.94,2.06,2.54,10.12,2.23,7.25,0.26,-2.31,-3.54,Coffee,Clay Loam,0.358,0.287,24.44,7,0.414,3.902.346,17.48
11.791,108.447,6,1120,3.64,34.8,37.2,5.5,35.8,29.4,38.5,23.08,3.4,87.81,18.81,12,-1.41,-4.39,-4.86,-4.79,1.72,1.3,4.06,0.14,6.53,2.15,0.83,-1.27,Coffee,Clay Loam,0.344,0.262,16.72,9,0.39,3.251.955,15.8
11.796,108.232,6,886,3.64,34.1,34.1,5.3,33.1,32.8,40.9,22.01,4.8,86.45,18.81,12,-3.64,-4.95,-5.06,-4.94,2.06,2.54,10.12,2.23,7.25,0.26,-2.31,-3.54,Coffee,Clay Loam,0.358,0.271,24.44,7,0.414,3.685.549,16.251
11.796,108.297,5,941,3.64,34.3,34.2,5.6,34.7,31,38.1,22.01,4.8,86.45,18.81,12,-3.64,-4.95,-5.06,-4.94,2.06,2.54,10.12,2.23,7.25,0.26,-2.31,-3.54,Coffee,Clay Loam,0.358,0.264,24.44,7,0.414,3.035.158,15.894
11.798,107.724,5,1245,3.64,35.4,40.1,5.1,33.2,31.4,48.7,24.09,6.14,82.81,17.7,12,-5.22,-5.74,-5.76,-5.53,1.01,4.33,14.19,3.44,7.41,0.73,-3.78,-5.08,Coffee,Clay Loam,0.516,0.282,31.11,7,0.456,4.119.143,15.998
11.801,108.036,6,906,3.64,33.5,44.7,5.2,31.5,34.9,47.5,22.01,4.8,86.45,18.81,12,-3.64,-4.95,-5.06,-4.94,2.06,2.54,10.12,2.23,7.25,0.26,-2.31,-3.54,Coffee,Clay Loam,0.358,0.284,24.44,7,0.414,3.902.346,16.121
11.801,108.449,6,1215,3.64,33.9,37.8,5.3,36,30,44.6,23.08,3.4,87.81,18.81,12,-1.41,-4.39,-4.86,-4.79,1.72,1.3,4.06,0.14,6.53,2.15,0.83,-1.27,Coffee,Clay Loam,0.344,0.27,16.72,9,0.39,3.685.549,15.182
11.806,108.001,5,1349,3.64,36,46.2,5.1,31.9,32.1,62,22.01,4.8,86.45,18.81,12,-3.64,-4.95,-5.06,-4.94,2.06,2.54,10.12,2.23,7.25,0.26,-2.31,-3.54,Coffee,Clay Loam,0.358,0.303,24.44,7,0.414,4.119.143,13.242
11.809,107.683,5,611,3.64,32.2,40.2,5,33.1,34.7,37.2,24.09,6.14,82.81,17.7,12,-5.22,-5.74,-5.76,-5.53,1.01,4.33,14.19,3.44,7.41,0.73,-3.78,-5.08,Coffee,Clay Loam,0.516,0.266,31.11,7,0.456,4335.94,20.118
11.809,107.774,5,1115,3.64,35,44.4,5,33.2,31.8,57.7,24.09,6.14,82.81,17.7,12,-5.22,-5.74,-5.76,-5.53,1.01,4.33,14.19,3.44,7.41,0.73,-3.78,-5.08,Coffee,Clay Loam,0.516,0.294,31.11,7,0.456,4335.94,16.842
11.812,107.802,5,958,3.64,32.1,40.2,5.1,34.2,33.7,56.8,24.09,6.14,82.81,17.7,12,-5.22,-5.74,-5.76,-5.53,1.01,4.33,14.19,3.44,7.41,0.73,-3.78,-5.08,Coffee,Clay Loam,0.516,0.291,31.11,7,0.456,4.119.143,17.863
11.812,108.004,6,1397,3.64,35.1,43.1,5.1,30.3,34.6,60.2,22.01,4.8,86.45,18.81,12,-3.64,-4.95,-5.06,-4.94,2.06,2.54,10.12,2.23,7.25,0.26,-2.31,-3.54,Coffee,Clay Loam,0.358,0.305,24.44,7,0.414,4.119.143,12.93
11.813,108.195,6,869,3.64,33.8,27.3,5.4,35.7,30.4,33.3,22.01,4.8,86.45,18.81,12,-3.64,-4.95,-5.06,-4.94,2.06,2.54,10.12,2.23,7.25,0.26,-2.31,-3.54,Coffee,Clay Loam,0.358,0.255,24.44,7,0.414,3.468.752,16.362
11.814,108.216,6,849,3.64,32,28,5.6,34,34,25.7,22.01,4.8,86.45,18.81,12,-3.64,-4.95,-5.06,-4.94,2.06,2.54,10.12,2.23,7.25,0.26,-2.31,-3.54,Coffee,Clay Loam,0.358,0.248,24.44,7,0.414,3.035.158,16.492
11.824,107.592,5,364,3.64,34.2,36.8,5.2,31.1,34.8,42.9,24.09,6.14,82.81,17.7,12,-5.22,-5.74,-5.76,-5.53,1.01,4.33,14.19,3.44,7.41,0.73,-3.78,-5.08,Coffee,Clay Loam,0.516,0.279,31.11,7,0.456,3.902.346,21.724
11.824,107.672,6,651,3.64,33.3,37.6,5,33.6,33.1,37.6,24.09,6.14,82.81,17.7,12,-5.22,-5.74,-5.76,-5.53,1.01,4.33,14.19,3.44,7.41,0.73,-3.78,-5.08,Coffee,Clay Loam,0.516,0.265,31.11,7,0.456,4335.94,19.858
11.824,108.248,6,943,3.64,33.9,26.9,5.6,32.7,33.4,35,22.01,4.8,86.45,18.81,12,-3.64,-4.95,-5.06,-4.94,2.06,2.54,10.12,2.23,7.25,0.26,-2.31,-3.54,Coffee,Clay Loam,0.358,0.264,24.44,7,0.414,3.035.158,15.881
11.825,107.595,5,365,3.64,32.9,40.6,5.2,30.7,36.4,44.1,24.09,6.14,82.81,17.7,12,-5.22,-5.74,-5.76,-5.53,1.01,4.33,14.19,3.44,7.41,0.73,-3.78,-5.08,Coffee,Clay Loam,0.516,0.281,31.11,7,0.456,3.902.346,21.718
11.825,107.871,6,586,3.64,35,34.7,5.2,33.1,31.9,44.1,22.01,4.8,86.45,17.7,12,-3.64,-4.95,-5.06,-4.94,2.06,2.54,10.12,2.23,7.25,0.26,-2.31,-3.54,Coffee,Clay Loam,0.358,0.276,24.44,7,0.414,3.902.346,18.201
11.828,108.021,5,1271,3.64,34,39.5,5.2,31.9,34.1,56.1,22.01,4.8,86.45,18.81,12,-3.64,-4.95,-5.06,-4.94,2.06,2.54,10.12,2.23,7.25,0.26,-2.31,-3.54,Coffee,Clay Loam,0.358,0.295,24.44,7,0.414,3.902.346,13.749
11.829,108.277,5,1017,3.64,34,28.5,5.4,35.2,30.8,32.4,22.01,4.8,86.45,18.81,12,-3.64,-4.95,-5.06,-4.94,2.06,2.54,10.12,2.23,7.25,0.26,-2.31,-3.54,Coffee,Clay Loam,0.358,0.254,24.44,7,0.414,3.468.752,15.4
11.833,107.974,5,632,3.64,32.7,37.2,5.3,34,33.3,41.4,22.01,4.8,86.45,17.7,12,-3.64,-4.95,-5.06,-4.94,2.06,2.54,10.12,2.23,7.25,0.26,-2.31,-3.54,Coffee,Clay Loam,0.358,0.27,24.44,7,0.414,3.685.549,17.902
11.834,107.598,6,356,3.64,35.9,38.3,5.2,29.8,34.3,42.6,24.09,6.14,82.81,17.7,12,-5.22,-5.74,-5.76,-5.53,1.01,4.33,14.19,3.44,7.41,0.73,-3.78,-5.08,Coffee,Clay Loam,0.516,0.281,31.11,7,0.456,3.902.346,21.776
11.834,107.625,5,585,3.64,32.6,39,5.2,36.1,31.3,44.6,24.09,6.14,82.81,17.7,12,-5.22,-5.74,-5.76,-5.53,1.01,4.33,14.19,3.44,7.41,0.73,-3.78,-5.08,Coffee,Clay Loam,0.516,0.269,31.11,7,0.456,3.902.346,20.288
11.835,108.277,6,1056,3.64,34.3,30.4,5.4,34.4,31.3,32.8,22.01,4.8,86.45,18.81,12,-3.64,-4.95,-5.06,-4.94,2.06,2.54,10.12,2.23,7.25,0.26,-2.31,-3.54,Coffee,Clay Loam,0.358,0.257,24.44,7,0.414,3.468.752,15.146
11.837,107.725,6,833,3.64,31.1,42.8,5.1,33.9,35,42.8,24.09,6.14,82.81,17.7,12,-5.22,-5.74,-5.76,-5.53,1.01,4.33,14.19,3.44,7.41,0.73,-3.78,-5.08,Coffee,Clay Loam,0.516,0.272,31.11,7,0.456,4.119.143,18.676
11.837,108.366,6,1007,3.64,37.7,23.1,5.7,32.7,29.6,26.7,22.01,4.8,86.45,18.81,12,-3.64,-4.95,-5.06,-4.94,2.06,2.54,10.12,2.23,7.25,0.26,-2.31,-3.54,Coffee,Clay Loam,0.358,0.252,24.44,7,0.414,2.818.361,15.465
11.841,108.3,6,1035,3.64,37.8,25.7,5.8,34.7,27.5,30.9,22.01,4.8,86.45,18.81,12,-3.64,-4.95,-5.06,-4.94,2.06,2.54,10.12,2.23,7.25,0.26,-2.31,-3.54,Coffee,Clay Loam,0.358,0.253,24.44,7,0.414,2.601.564,15.283
11.845,107.524,5,576,3.64,37.3,29.5,5.5,36.4,26.2,30.3,24.09,6.14,82.81,17.7,12,-5.22,-5.74,-5.76,-5.53,1.01,4.33,14.19,3.44,7.41,0.73,-3.78,-5.08,Coffee,Clay Loam,0.516,0.249,31.11,7,0.456,3.251.955,20.346
11.847,107.655,6,614,3.64,34.1,33.8,5.2,34.7,31.3,33.3,24.09,6.14,82.81,17.7,12,-5.22,-5.74,-5.76,-5.53,1.01,4.33,14.19,3.44,7.41,0.73,-3.78,-5.08,Coffee,Clay Loam,0.516,0.257,31.11,7,0.456,3.902.346,20.099
11.847,108.305,6,1079,3.64,34.6,25.9,5.7,34.7,30.7,30.5,22.01,4.8,86.45,18.81,12,-3.64,-4.95,-5.06,-4.94,2.06,2.54,10.12,2.23,7.25,0.26,-2.31,-3.54,Coffee,Clay Loam,0.358,0.253,24.44,7,0.414,2.818.361,14.997
11.848,107.608,6,575,3.64,30.5,38.2,5.1,34.8,34.7,44.1,24.09,6.14,82.81,17.7,12,-5.22,-5.74,-5.76,-5.53,1.01,4.33,14.19,3.44,7.41,0.73,-3.78,-5.08,Coffee,Clay Loam,0.516,0.272,31.11,7,0.456,4.119.143,20.352
11.851,107.806,5,529,3.64,34.1,38.5,5.2,33.7,32.1,45.2,24.09,6.14,82.81,17.7,12,-5.22,-5.74,-5.76,-5.53,1.01,4.33,14.19,3.44,7.41,0.73,-3.78,-5.08,Coffee,Clay Loam,0.516,0.276,31.11,7,0.456,3.902.346,20.652
11.854,107.811,5,550,3.64,32.3,37.9,5.2,34.1,33.6,41.7,24.09,6.14,82.81,17.7,12,-5.22,-5.74,-5.76,-5.53,1.01,4.33,14.19,3.44,7.41,0.73,-3.78,-5.08,Coffee,Clay Loam,0.516,0.27,31.11,7,0.456,3.902.346,20.515
11.854,107.869,6,833,3.64,31.1,43.2,5.2,33.9,35,50.6,22.01,4.8,86.45,17.7,12,-3.64,-4.95,-5.06,-4.94,2.06,2.54,10.12,2.23,7.25,0.26,-2.31,-3.54,Coffee,Clay Loam,0.358,0.283,24.44,7,0.414,3.902.346,16.596
11.855,108.448,5,1267,3.64,35.2,32.2,5.5,33.5,31.3,46.2,23.08,3.4,87.81,18.81,12,-1.41,-4.39,-4.86,-4.79,1.72,1.3,4.06,0.14,6.53,2.15,0.83,-1.27,Coffee,Clay Loam,0.344,0.278,16.72,9,0.39,3.251.955,14.844
11.856,107.694,6,679,3.64,33,35.9,5.1,33.6,33.5,33.6,24.09,6.14,82.81,17.7,12,-5.22,-5.74,-5.76,-5.53,1.01,4.33,14.19,3.44,7.41,0.73,-3.78,-5.08,Coffee,Clay Loam,0.516,0.26,31.11,7,0.456,4.119.143,19.676
11.856,108.498,6,1294,3.64,34.1,37.6,5.5,33.1,32.8,37.2,23.08,3.4,87.81,18.81,12,-1.41,-4.39,-4.86,-4.79,1.72,1.3,4.06,0.14,6.53,2.15,0.83,-1.27,Coffee,Clay Loam,0.344,0.266,16.72,9,0.39,3.251.955,14.669
11.857,108.302,6,1061,3.64,36.1,25.5,5.7,34,29.9,32.9,22.01,4.8,86.45,18.81,12,-3.64,-4.95,-5.06,-4.94,2.06,2.54,10.12,2.23,7.25,0.26,-2.31,-3.54,Coffee,Clay Loam,0.358,0.258,24.44,7,0.414,2.818.361,15.114
11.859,107.815,5,574,3.64,34,38,5.3,32.1,33.9,40.4,22.01,4.8,86.45,17.7,12,-3.64,-4.95,-5.06,-4.94,2.06,2.54,10.12,2.23,7.25,0.26,-2.31,-3.54,Coffee,Clay Loam,0.358,0.273,24.44,7,0.414,3.685.549,18.279
11.86,107.78,6,646,3.64,30.9,36.5,5.5,33.3,35.8,40.8,24.09,6.14,82.81,17.7,12,-5.22,-5.74,-5.76,-5.53,1.01,4.33,14.19,3.44,7.41,0.73,-3.78,-5.08,Coffee,Clay Loam,0.516,0.271,31.11,7,0.456,3.251.955,19.891
11.861,108.346,5,993,3.64,36.8,26.9,5.5,33.9,29.3,36.3,22.01,4.8,86.45,18.81,12,-3.64,-4.95,-5.06,-4.94,2.06,2.54,10.12,2.23,7.25,0.26,-2.31,-3.54,Coffee,Clay Loam,0.358,0.263,24.44,7,0.414,3.251.955,15.556
11.864,108.196,5,989,3.64,37.1,31.1,5.5,32.3,30.5,34.4,22.01,4.8,86.45,18.81,12,-3.64,-4.95,-5.06,-4.94,2.06,2.54,10.12,2.23,7.25,0.26,-2.31,-3.54,Coffee,Clay Loam,0.358,0.264,24.44,7,0.414,3.251.955,15.582
11.867,107.81,6,551,3.64,31,34,5.3,31.8,37.2,38.2,24.09,6.14,82.81,17.7,12,-5.22,-5.74,-5.76,-5.53,1.01,4.33,14.19,3.44,7.41,0.73,-3.78,-5.08,Coffee,Clay Loam,0.516,0.27,31.11,7,0.456,3.685.549,20.508
11.869,107.661,5,524,3.64,32.4,34.1,5.3,33.3,34.3,34.6,24.09,6.14,82.81,17.7,12,-5.22,-5.74,-5.76,-5.53,1.01,4.33,14.19,3.44,7.41,0.73,-3.78,-5.08,Coffee,Clay Loam,0.516,0.262,31.11,7,0.456,3.685.549,20.684
11.87,107.744,5,475,3.64,34.9,35,5.3,30.4,34.7,37.1,24.09,6.14,82.81,17.7,12,-5.22,-5.74,-5.76,-5.53,1.01,4.33,14.19,3.44,7.41,0.73,-3.78,-5.08,Coffee,Clay Loam,0.516,0.272,31.11,7,0.456,3.685.549,21.002
11.871,108.38,6,1418,3.64,33.7,40.5,5.4,36.3,30,50.2,22.01,4.8,86.45,18.81,12,-3.64,-4.95,-5.06,-4.94,2.06,2.54,10.12,2.23,7.25,0.26,-2.31,-3.54,Coffee,Clay Loam,0.358,0.277,24.44,7,0.414,3.468.752,12.793
11.872,108.454,6,1241,3.64,35.6,36.4,5.5,33.1,31.3,41.5,23.08,3.4,87.81,18.81,12,-1.41,-4.39,-4.86,-4.79,1.72,1.3,4.06,0.14,6.53,2.15,0.83,-1.27,Coffee,Clay Loam,0.344,0.272,16.72,9,0.39,3.251.955,15.013
11.881,107.575,5,605,3.64,35.6,28.6,5.3,34.8,29.6,32.4,24.09,6.14,82.81,17.7,12,-5.22,-5.74,-5.76,-5.53,1.01,4.33,14.19,3.44,7.41,0.73,-3.78,-5.08,Coffee,Clay Loam,0.516,0.255,31.11,7,0.456,3.685.549,20.158
11.881,108.421,5,1438,3.64,36.5,34.9,5.4,34.2,29.4,76.8,22.01,4.8,86.45,18.81,12,-3.64,-4.95,-5.06,-4.94,2.06,2.54,10.12,2.23,7.25,0.26,-2.31,-3.54,Coffee,Clay Loam,0.358,0.319,24.44,7,0.414,3.468.752,12.663
11.882,107.786,5,756,3.64,29.1,34,5.4,32.7,38.1,34.7,24.09,6.14,82.81,17.7,12,-5.22,-5.74,-5.76,-5.53,1.01,4.33,14.19,3.44,7.41,0.73,-3.78,-5.08,Coffee,Clay Loam,0.516,0.263,31.11,7,0.456,3.468.752,19.176
11.885,107.544,6,607,3.64,35.4,28.9,5.3,36.3,28.3,39.3,24.09,6.14,82.81,17.7,12,-5.22,-5.74,-5.76,-5.53,1.01,4.33,14.19,3.44,7.41,0.73,-3.78,-5.08,Coffee,Clay Loam,0.516,0.262,31.11,7,0.456,3.685.549,20.144
11.885,107.699,6,575,3.64,33.7,35.6,5.2,32,34.3,32.9,24.09,6.14,82.81,17.7,12,-5.22,-5.74,-5.76,-5.53,1.01,4.33,14.19,3.44,7.41,0.73,-3.78,-5.08,Coffee,Clay Loam,0.516,0.262,31.11,7,0.456,3.902.346,20.352
11.886,108.058,5,1050,3.64,33,34.8,5.3,31.3,35.7,45.2,22.01,4.8,86.45,18.81,12,-3.64,-4.95,-5.06,-4.94,2.06,2.54,10.12,2.23,7.25,0.26,-2.31,-3.54,Coffee,Clay Loam,0.358,0.281,24.44,7,0.414,3.685.549,15.185
11.888,108.401,5,1610,3.64,35.2,48.9,5.3,30.9,33.8,58.2,22.01,4.8,86.45,18.81,12,-3.64,-4.95,-5.06,-4.94,2.06,2.54,10.12,2.23,7.25,0.26,-2.31,-3.54,Coffee,Clay Loam,0.358,0.3,24.44,7,0.414,3.685.549,11.545
11.894,107.696,6,625,3.64,34.6,32,5.4,31.8,33.5,31.4,24.09,6.14,82.81,17.7,12,-5.22,-5.74,-5.76,-5.53,1.01,4.33,14.19,3.44,7.41,0.73,-3.78,-5.08,Coffee,Clay Loam,0.516,0.261,31.11,7,0.456,3.468.752,20.028
11.894,108.218,5,1127,3.64,36.6,38.2,5.4,34,29.4,46.3,22.01,4.8,86.45,18.81,12,-3.64,-4.95,-5.06,-4.94,2.06,2.54,10.12,2.23,7.25,0.26,-2.31,-3.54,Coffee,Clay Loam,0.358,0.277,24.44,7,0.414,3.468.752,14.685
11.897,108.357,6,1118,3.64,38.6,27.5,5.7,33.7,27.7,38.1,22.01,4.8,86.45,18.81,12,-3.64,-4.95,-5.06,-4.94,2.06,2.54,10.12,2.23,7.25,0.26,-2.31,-3.54,Coffee,Clay Loam,0.358,0.266,24.44,7,0.414,2.818.361,14.743
11.898,107.858,6,662,3.64,30.4,32,5.2,35.7,33.8,31.9,22.01,4.8,86.45,17.7,12,-3.64,-4.95,-5.06,-4.94,2.06,2.54,10.12,2.23,7.25,0.26,-2.31,-3.54,Coffee,Clay Loam,0.358,0.253,24.44,7,0.414,3.902.346,17.707
11.901,107.759,5,700,3.64,30.6,27.8,5.4,33.2,36.2,35.2,24.09,6.14,82.81,17.7,12,-5.22,-5.74,-5.76,-5.53,1.01,4.33,14.19,3.44,7.41,0.73,-3.78,-5.08,Coffee,Clay Loam,0.516,0.263,31.11,7,0.456,3.468.752,19.54
11.903,107.556,5,608,3.64,35.4,30.1,5.4,35.1,29.5,33.1,24.09,6.14,82.81,17.7,12,-5.22,-5.74,-5.76,-5.53,1.01,4.33,14.19,3.44,7.41,0.73,-3.78,-5.08,Coffee,Clay Loam,0.516,0.256,31.11,7,0.456,3.468.752,20.138
11.903,108.027,6,1203,3.64,36.2,38.5,5.3,29.3,34.5,46.7,22.01,4.8,86.45,18.81,12,-3.64,-4.95,-5.06,-4.94,2.06,2.54,10.12,2.23,7.25,0.26,-2.31,-3.54,Coffee,Clay Loam,0.358,0.288,24.44,7,0.414,3.685.549,14.191
11.904,107.958,5,678,3.64,29.3,30.4,5.5,32.6,38.1,38.7,22.01,4.8,86.45,17.7,12,-3.64,-4.95,-5.06,-4.94,2.06,2.54,10.12,2.23,7.25,0.26,-2.31,-3.54,Coffee,Clay Loam,0.358,0.269,24.44,7,0.414,3.251.955,17.603
11.905,108.448,6,1411,3.64,36,41.3,5.3,33.2,30.9,47.2,23.08,3.4,87.81,18.81,12,-1.41,-4.39,-4.86,-4.79,1.72,1.3,4.06,0.14,6.53,2.15,0.83,-1.27,Coffee,Clay Loam,0.344,0.28,16.72,9,0.39,3.685.549,13.908
11.907,107.501,6,577,3.64,39.6,27.4,5.3,35.5,24.9,30.7,24.09,6.14,82.81,17.7,12,-5.22,-5.74,-5.76,-5.53,1.01,4.33,14.19,3.44,7.41,0.73,-3.78,-5.08,Coffee,Clay Loam,0.516,0.251,31.11,7,0.456,3.685.549,20.34
11.908,108.217,5,1072,3.64,34.5,33.3,5.6,36,29.5,40.9,22.01,4.8,86.45,18.81,12,-3.64,-4.95,-5.06,-4.94,2.06,2.54,10.12,2.23,7.25,0.26,-2.31,-3.54,Coffee,Clay Loam,0.358,0.264,24.44,7,0.414,3.035.158,15.042
11.911,108.013,5,993,3.64,32,36.7,5.2,32.5,35.5,40.2,22.01,4.8,86.45,18.81,12,-3.64,-4.95,-5.06,-4.94,2.06,2.54,10.12,2.23,7.25,0.26,-2.31,-3.54,Coffee,Clay Loam,0.358,0.272,24.44,7,0.414,3.902.346,15.556
11.913,108.344,5,1127,3.64,37.9,27,5.5,34.3,27.8,36,22.01,4.8,86.45,18.81,12,-3.64,-4.95,-5.06,-4.94,2.06,2.54,10.12,2.23,7.25,0.26,-2.31,-3.54,Coffee,Clay Loam,0.358,0.262,24.44,7,0.414,3.251.955,14.685
11.916,108.008,6,981,3.64,32.2,36.7,5.2,32.8,35,38.9,22.01,4.8,86.45,18.81,12,-3.64,-4.95,-5.06,-4.94,2.06,2.54,10.12,2.23,7.25,0.26,-2.31,-3.54,Coffee,Clay Loam,0.358,0.269,24.44,7,0.414,3.902.346,15.634
11.922,108.148,5,999,3.64,37.6,34.7,5.6,31,31.3,35,22.01,4.8,86.45,18.81,12,-3.64,-4.95,-5.06,-4.94,2.06,2.54,10.12,2.23,7.25,0.26,-2.31,-3.54,Coffee,Clay Loam,0.358,0.268,24.44,7,0.414,3.035.158,15.516
11.925,108.457,6,1407,3.64,35.9,32.8,5.3,35.1,29,39.5,23.08,3.4,87.81,18.81,12,-1.41,-4.39,-4.86,-4.79,1.72,1.3,4.06,0.14,6.53,2.15,0.83,-1.27,Coffee,Clay Loam,0.344,0.265,16.72,9,0.39,3.685.549,13.934
11.931,107.562,6,657,3.64,36.2,29.6,5.3,34.5,29.3,36.4,24.09,6.14,82.81,17.7,12,-5.22,-5.74,-5.76,-5.53,1.01,4.33,14.19,3.44,7.41,0.73,-3.78,-5.08,Coffee,Clay Loam,0.516,0.262,31.11,7,0.456,3.685.549,19.819
11.931,108.097,6,1009,3.64,35.2,27.5,5.3,32.7,32,27.8,22.01,4.8,86.45,18.81,12,-3.64,-4.95,-5.06,-4.94,2.06,2.54,10.12,2.23,7.25,0.26,-2.31,-3.54,Coffee,Clay Loam,0.358,0.254,24.44,7,0.414,3.685.549,15.452
11.938,107.731,5,495,3.64,37.5,34.7,5.5,31.1,31.4,37.3,24.09,6.14,82.81,17.7,12,-5.22,-5.74,-5.76,-5.53,1.01,4.33,14.19,3.44,7.41,0.73,-3.78,-5.08,Coffee,Clay Loam,0.516,0.271,31.11,7,0.456,3.251.955,20.872
11.938,108.122,5,1004,3.64,37,28.1,5.5,32.8,30.2,28.1,22.01,4.8,86.45,18.81,12,-3.64,-4.95,-5.06,-4.94,2.06,2.54,10.12,2.23,7.25,0.26,-2.31,-3.54,Coffee,Clay Loam,0.358,0.254,24.44,7,0.414,3.251.955,15.484
11.939,107.525,5,651,3.64,35.4,30.3,5.2,36,28.5,33.7,24.09,6.14,82.81,17.7,12,-5.22,-5.74,-5.76,-5.53,1.01,4.33,14.19,3.44,7.41,0.73,-3.78,-5.08,Coffee,Clay Loam,0.516,0.254,31.11,7,0.456,3.902.346,19.858
11.939,107.983,6,819,3.64,30.1,38.1,5.5,35.3,34.6,40.7,22.01,4.8,86.45,17.7,12,-3.64,-4.95,-5.06,-4.94,2.06,2.54,10.12,2.23,7.25,0.26,-2.31,-3.54,Coffee,Clay Loam,0.358,0.266,24.44,7,0.414,3.251.955,16.687
11.941,107.951,6,620,3.64,29.6,30.6,5.5,34,36.4,29.8,22.01,4.8,86.45,17.7,12,-3.64,-4.95,-5.06,-4.94,2.06,2.54,10.12,2.23,7.25,0.26,-2.31,-3.54,Coffee,Clay Loam,0.358,0.254,24.44,7,0.414,3.251.955,17.98
11.941,108.173,5,1258,3.64,36.5,37.6,5.3,32.4,31,40.7,22.01,4.8,86.45,18.81,12,-3.64,-4.95,-5.06,-4.94,2.06,2.54,10.12,2.23,7.25,0.26,-2.31,-3.54,Coffee,Clay Loam,0.358,0.272,24.44,7,0.414,3.685.549,13.833
11.944,108.167,6,1120,3.64,34.1,33.1,5.3,33.7,32.2,40.3,22.01,4.8,86.45,18.81,12,-3.64,-4.95,-5.06,-4.94,2.06,2.54,10.12,2.23,7.25,0.26,-2.31,-3.54,Coffee,Clay Loam,0.358,0.269,24.44,7,0.414,3.685.549,14.73
11.946,107.721,5,637,3.64,36.8,25.3,5.4,33.8,29.4,33.4,24.09,6.14,82.81,17.7,12,-5.22,-5.74,-5.76,-5.53,1.01,4.33,14.19,3.44,7.41,0.73,-3.78,-5.08,Coffee,Clay Loam,0.516,0.259,31.11,7,0.456,3.468.752,19.95
11.947,107.516,6,619,3.64,35.1,24.4,5.4,34.1,30.7,32.1,24.09,6.14,82.81,17.7,12,-5.22,-5.74,-5.76,-5.53,1.01,4.33,14.19,3.44,7.41,0.73,-3.78,-5.08,Coffee,Clay Loam,0.516,0.257,31.11,7,0.456,3.468.752,20.066
11.947,108.005,6,993,3.64,35.3,40.8,5.2,33.3,31.4,47.8,22.01,4.8,86.45,18.81,12,-3.64,-4.95,-5.06,-4.94,2.06,2.54,10.12,2.23,7.25,0.26,-2.31,-3.54,Coffee,Clay Loam,0.358,0.28,24.44,7,0.414,3.902.346,15.556
11.951,107.642,5,610,3.64,34.4,27.6,5.4,34,31.7,34.5,24.09,6.14,82.81,17.7,12,-5.22,-5.74,-5.76,-5.53,1.01,4.33,14.19,3.44,7.41,0.73,-3.78,-5.08,Coffee,Clay Loam,0.516,0.26,31.11,7,0.456,3.468.752,20.125
11.952,107.623,5,606,3.64,36.9,28,5.3,33.5,29.6,33.9,24.09,6.14,82.81,17.7,12,-5.22,-5.74,-5.76,-5.53,1.01,4.33,14.19,3.44,7.41,0.73,-3.78,-5.08,Coffee,Clay Loam,0.516,0.26,31.11,7,0.456,3.685.549,20.151
11.953,108.233,5,979,3.64,35.9,27.4,5.6,31.9,32.2,44.9,22.01,4.8,86.45,18.81,12,-3.64,-4.95,-5.06,-4.94,2.06,2.54,10.12,2.23,7.25,0.26,-2.31,-3.54,Coffee,Clay Loam,0.358,0.279,24.44,7,0.414,3.035.158,15.647
11.957,108.271,5,1242,3.64,35.5,34.3,5.2,32.2,32.3,43.9,22.01,4.8,86.45,18.81,12,-3.64,-4.95,-5.06,-4.94,2.06,2.54,10.12,2.23,7.25,0.26,-2.31,-3.54,Coffee,Clay Loam,0.358,0.277,24.44,7,0.414,3.902.346,13.937
11.96,107.977,5,633,3.64,33.6,34.3,5.5,34.1,32.3,34.4,22.01,4.8,86.45,17.7,12,-3.64,-4.95,-5.06,-4.94,2.06,2.54,10.12,2.23,7.25,0.26,-2.31,-3.54,Coffee,Clay Loam,0.358,0.26,24.44,7,0.414,3.251.955,17.896
11.962,107.533,5,660,3.64,35.5,28.2,5.3,34.7,29.8,31.9,24.09,6.14,82.81,17.7,12,-5.22,-5.74,-5.76,-5.53,1.01,4.33,14.19,3.44,7.41,0.73,-3.78,-5.08,Coffee,Clay Loam,0.516,0.255,31.11,7,0.456,3.685.549,19.8
11.966,108.2,5,1221,3.64,35.1,36.8,5.4,30.2,34.7,44.7,22.01,4.8,86.45,18.81,12,-3.64,-4.95,-5.06,-4.94,2.06,2.54,10.12,2.23,7.25,0.26,-2.31,-3.54,Coffee,Clay Loam,0.358,0.283,24.44,7,0.414,3.468.752,14.074
11.967,108.415,5,1447,3.64,36.2,29.1,5.5,33.7,30,33.4,22.01,4.8,86.45,18.81,12,-3.64,-4.95,-5.06,-4.94,2.06,2.54,10.12,2.23,7.25,0.26,-2.31,-3.54,Coffee,Clay Loam,0.358,0.259,24.44,7,0.414,3.251.955,12.605
11.97,108.309,6,1378,3.64,36.2,35.8,5.5,31.7,32.1,36.7,22.01,4.8,86.45,18.81,12,-3.64,-4.95,-5.06,-4.94,2.06,2.54,10.12,2.23,7.25,0.26,-2.31,-3.54,Coffee,Clay Loam,0.358,0.268,24.44,7,0.414,3.251.955,13.053
11.971,108.273,5,1216,3.64,36.4,36.5,5.3,32.7,30.8,46.5,22.01,4.8,86.45,18.81,12,-3.64,-4.95,-5.06,-4.94,2.06,2.54,10.12,2.23,7.25,0.26,-2.31,-3.54,Coffee,Clay Loam,0.358,0.28,24.44,7,0.414,3.685.549,14.106
11.972,108.227,6,1235,3.64,37.7,37,5.3,30.8,31.5,39.2,22.01,4.8,86.45,18.81,12,-3.64,-4.95,-5.06,-4.94,2.06,2.54,10.12,2.23,7.25,0.26,-2.31,-3.54,Coffee,Clay Loam,0.358,0.274,24.44,7,0.414,3.685.549,13.983
11.975,107.829,6,696,3.64,31.8,36,5.4,32.1,36.1,38.1,22.01,4.8,86.45,17.7,12,-3.64,-4.95,-5.06,-4.94,2.06,2.54,10.12,2.23,7.25,0.26,-2.31,-3.54,Coffee,Clay Loam,0.358,0.27,24.44,7,0.414,3.468.752,17.486
11.975,108.319,5,1342,3.64,37.3,37.4,5.4,31.5,31.2,40.9,22.01,4.8,86.45,18.81,12,-3.64,-4.95,-5.06,-4.94,2.06,2.54,10.12,2.23,7.25,0.26,-2.31,-3.54,Coffee,Clay Loam,0.358,0.275,24.44,7,0.414,3.468.752,13.287
11.977,107.989,6,786,3.64,31.5,37.3,5.2,34.3,34.2,40.2,22.01,4.8,86.45,17.7,12,-3.64,-4.95,-5.06,-4.94,2.06,2.54,10.12,2.23,7.25,0.26,-2.31,-3.54,Coffee,Clay Loam,0.358,0.267,24.44,7,0.414,3.902.346,16.901
11.978,108.408,5,1490,3.64,32.8,32.9,5.5,35.1,32,35.5,22.01,4.8,86.45,18.81,12,-3.64,-4.95,-5.06,-4.94,2.06,2.54,10.12,2.23,7.25,0.26,-2.31,-3.54,Coffee,Clay Loam,0.358,0.259,24.44,7,0.414,3.251.955,12.325
11.98,107.66,5,586,3.64,34.7,28.9,5.3,35.2,30.1,30.1,24.09,6.14,82.81,17.7,12,-5.22,-5.74,-5.76,-5.53,1.01,4.33,14.19,3.44,7.41,0.73,-3.78,-5.08,Coffee,Clay Loam,0.516,0.251,31.11,7,0.456,3.685.549,20.281
11.981,108.353,6,1463,3.64,33.6,36.5,5.3,34.9,31.5,44.7,22.01,4.8,86.45,18.81,12,-3.64,-4.95,-5.06,-4.94,2.06,2.54,10.12,2.23,7.25,0.26,-2.31,-3.54,Coffee,Clay Loam,0.358,0.272,24.44,7,0.414,3.685.549,12.501
11.982,108.036,6,634,3.64,33.4,36.8,5.3,33.8,32.7,42,22.01,4.8,86.45,18.81,12,-3.64,-4.95,-5.06,-4.94,2.06,2.54,10.12,2.23,7.25,0.26,-2.31,-3.54,Coffee,Clay Loam,0.358,0.271,24.44,7,0.414,3.685.549,17.889
11.986,107.627,6,617,3.64,34.3,29.1,5.5,33.2,32.5,32.1,24.09,6.14,82.81,17.7,12,-5.22,-5.74,-5.76,-5.53,1.01,4.33,14.19,3.44,7.41,0.73,-3.78,-5.08,Coffee,Clay Loam,0.516,0.259,31.11,7,0.456,3.251.955,20.08
11.986,107.933,5,630,3.64,35.1,34.6,5.3,34.5,30.4,32.2,22.01,4.8,86.45,17.7,12,-3.64,-4.95,-5.06,-4.94,2.06,2.54,10.12,2.23,7.25,0.26,-2.31,-3.54,Coffee,Clay Loam,0.358,0.256,24.44,7,0.414,3.685.549,17.915
11.986,108.123,6,994,3.64,34.6,29.2,5.3,32.6,32.8,33.3,22.01,4.8,86.45,18.81,12,-3.64,-4.95,-5.06,-4.94,2.06,2.54,10.12,2.23,7.25,0.26,-2.31,-3.54,Coffee,Clay Loam,0.358,0.262,24.44,7,0.414,3.685.549,15.549
11.989,107.802,5,764,3.64,31.9,38.9,5.6,33,35.1,41.3,24.09,6.14,82.81,17.7,12,-5.22,-5.74,-5.76,-5.53,1.01,4.33,14.19,3.44,7.41,0.73,-3.78,-5.08,Coffee,Clay Loam,0.516,0.272,31.11,7,0.456,3.035.158,19.124
11.989,108.389,5,1494,3.64,35.7,28.8,5.5,33.7,30.6,32.5,22.01,4.8,86.45,18.81,12,-3.64,-4.95,-5.06,-4.94,2.06,2.54,10.12,2.23,7.25,0.26,-2.31,-3.54,Coffee,Clay Loam,0.358,0.258,24.44,7,0.414,3.251.955,12.299
11.994,107.544,5,686,3.64,32.2,26.7,5.2,36.5,31.3,33.3,24.09,6.14,82.81,17.7,12,-5.22,-5.74,-5.76,-5.53,1.01,4.33,14.19,3.44,7.41,0.73,-3.78,-5.08,Coffee,Clay Loam,0.516,0.253,31.11,7,0.456,3.902.346,19.631
11.998,108.284,5,1377,3.64,37.2,38.4,5.3,31.7,31.1,49.1,22.01,4.8,86.45,18.81,12,-3.64,-4.95,-5.06,-4.94,2.06,2.54,10.12,2.23,7.25,0.26,-2.31,-3.54,Coffee,Clay Loam,0.358,0.286,24.44,7,0.414,3.685.549,13.06
11.999,107.563,5,666,3.64,34.8,28.2,5.3,36.2,29,28.7,24.09,6.14,82.81,17.7,12,-5.22,-5.74,-5.76,-5.53,1.01,4.33,14.19,3.44,7.41,0.73,-3.78,-5.08,Coffee,Clay Loam,0.516,0.247,31.11,7,0.456,3.685.549,19.761
12.001,107.559,5,666,3.64,35,26.2,5.3,36.6,28.4,29.6,24.09,6.14,82.81,17.53,12,-5.22,-5.74,-5.76,-5.53,1.01,4.33,14.19,3.44,7.41,0.73,-3.78,-5.08,Coffee,Clay Loam,0.516,0.247,31.11,7,0.456,3.685.549,19.761
12.002,108.007,6,683,3.64,33.4,34.9,5.2,33.6,33,38.2,22.01,4.8,86.45,16.64,12,-3.64,-4.95,-5.06,-4.94,2.06,2.54,10.12,2.23,7.25,0.26,-2.31,-3.54,Coffee,Clay Loam,0.358,0.266,24.44,7,0.414,3.902.346,17.571
12.003,107.945,6,641,3.64,30.7,33.7,5.2,33,36.3,32.7,22.01,4.8,86.45,17.53,12,-3.64,-4.95,-5.06,-4.94,2.06,2.54,10.12,2.23,7.25,0.26,-2.31,-3.54,Coffee,Clay Loam,0.358,0.26,24.44,7,0.414,3.902.346,17.844
12.005,107.802,6,700,3.64,30.9,32.5,5.4,30.3,38.9,33,24.09,6.14,82.81,17.53,12,-5.22,-5.74,-5.76,-5.53,1.01,4.33,14.19,3.44,7.41,0.73,-3.78,-5.08,Coffee,Clay Loam,0.516,0.267,31.11,7,0.456,3.468.752,19.54
12.005,107.813,6,638,3.64,30.9,30.7,5.4,31.6,37.5,30.8,22.01,4.8,86.45,17.53,12,-3.64,-4.95,-5.06,-4.94,2.06,2.54,10.12,2.23,7.25,0.26,-2.31,-3.54,Coffee,Clay Loam,0.358,0.26,24.44,7,0.414,3.468.752,17.863
12.01,107.727,6,730,3.64,34,27.8,5.4,33.6,32.3,34.3,24.09,6.14,82.81,17.53,12,-5.22,-5.74,-5.76,-5.53,1.01,4.33,14.19,3.44,7.41,0.73,-3.78,-5.08,Coffee,Clay Loam,0.516,0.261,31.11,7,0.456,3.468.752,19.345
12.014,107.644,5,649,3.64,34.5,25,5.5,35.1,30.4,33.6,24.09,6.14,82.81,17.53,12,-5.22,-5.74,-5.76,-5.53,1.01,4.33,14.19,3.44,7.41,0.73,-3.78,-5.08,Coffee,Clay Loam,0.516,0.256,31.11,7,0.456,3.251.955,19.872
12.015,108.157,6,745,3.64,32.3,37.5,5.4,34.2,33.5,43.7,22.01,4.8,86.45,16.64,12,-3.64,-4.95,-5.06,-4.94,2.06,2.54,10.12,2.23,7.25,0.26,-2.31,-3.54,Coffee,Clay Loam,0.358,0.273,24.44,7,0.414,3.468.752,17.168
12.019,108.007,6,650,3.64,34.9,36.3,5.2,32.7,32.4,38.8,22.01,4.8,86.45,16.64,12,-3.64,-4.95,-5.06,-4.94,2.06,2.54,10.12,2.23,7.25,0.26,-2.31,-3.54,Coffee,Clay Loam,0.358,0.269,24.44,7,0.414,3.902.346,17.785
12.02,107.882,5,556,3.64,34.9,34.1,5.5,31.2,34,31.3,22.01,4.8,86.45,17.53,12,-3.64,-4.95,-5.06,-4.94,2.06,2.54,10.12,2.23,7.25,0.26,-2.31,-3.54,Coffee,Clay Loam,0.358,0.262,24.44,7,0.414,3.251.955,18.396
12.022,107.981,5,677,3.64,32.8,34.9,5.2,35.3,31.8,45.1,22.01,4.8,86.45,17.53,12,-3.64,-4.95,-5.06,-4.94,2.06,2.54,10.12,2.23,7.25,0.26,-2.31,-3.54,Coffee,Clay Loam,0.358,0.272,24.44,7,0.414,3.902.346,17.61
12.022,108.3,5,1516,3.64,34.3,37.6,5.4,32.6,33.1,43,22.01,4.8,86.45,16.64,12,-3.64,-4.95,-5.06,-4.94,2.06,2.54,10.12,2.23,7.25,0.26,-2.31,-3.54,Coffee,Clay Loam,0.358,0.275,24.44,7,0.414,3.468.752,12.156
12.023,108.318,5,1561,3.64,37.1,34.8,5.5,32,30.9,45.4,22.01,4.8,86.45,16.64,12,-3.64,-4.95,-5.06,-4.94,2.06,2.54,10.12,2.23,7.25,0.26,-2.31,-3.54,Coffee,Clay Loam,0.358,0.28,24.44,7,0.414,3.251.955,11.864
12.028,107.975,5,633,3.64,32.3,36,5.3,34.5,33.2,40.4,22.01,4.8,86.45,17.53,12,-3.64,-4.95,-5.06,-4.94,2.06,2.54,10.12,2.23,7.25,0.26,-2.31,-3.54,Coffee,Clay Loam,0.358,0.267,24.44,7,0.414,3.685.549,17.896
12.03,107.777,5,713,3.64,31.8,30.1,5.4,34.3,33.9,38.2,24.09,6.14,82.81,17.53,12,-5.22,-5.74,-5.76,-5.53,1.01,4.33,14.19,3.44,7.41,0.73,-3.78,-5.08,Coffee,Clay Loam,0.516,0.265,31.11,7,0.456,3.468.752,19.456
12.03,108.355,5,1418,3.64,34.7,29.2,5.4,34.3,31,37.8,22.01,4.8,86.45,16.64,12,-3.64,-4.95,-5.06,-4.94,2.06,2.54,10.12,2.23,7.25,0.26,-2.31,-3.54,Coffee,Clay Loam,0.358,0.264,24.44,7,0.414,3.468.752,12.793
12.032,108.016,6,653,3.64,32.2,34.2,5.3,33.6,34.2,41.1,22.01,4.8,86.45,16.64,12,-3.64,-4.95,-5.06,-4.94,2.06,2.54,10.12,2.23,7.25,0.26,-2.31,-3.54,Coffee,Clay Loam,0.358,0.27,24.44,7,0.414,3.685.549,17.766
12.034,108.173,5,995,3.64,30.4,33.2,5.3,34.1,35.5,44.8,22.01,4.8,86.45,16.64,12,-3.64,-4.95,-5.06,-4.94,2.06,2.54,10.12,2.23,7.25,0.26,-2.31,-3.54,Coffee,Clay Loam,0.358,0.274,24.44,7,0.414,3.685.549,15.543
12.034,108.332,5,1536,3.64,35.9,37.2,5.4,31.8,32.2,43.8,22.01,4.8,86.45,16.64,12,-3.64,-4.95,-5.06,-4.94,2.06,2.54,10.12,2.23,7.25,0.26,-2.31,-3.54,Coffee,Clay Loam,0.358,0.278,24.44,7,0.414,3.468.752,12.026
12.035,108.199,5,1221,3.64,34.8,47.4,5.2,32.7,32.5,47.5,22.01,4.8,86.45,16.64,12,-3.64,-4.95,-5.06,-4.94,2.06,2.54,10.12,2.23,7.25,0.26,-2.31,-3.54,Coffee,Clay Loam,0.358,0.281,24.44,7,0.414,3.902.346,14.074
12.037,107.707,5,704,3.64,36.2,28.8,5.4,33.9,29.8,32.4,24.09,6.14,82.81,17.53,12,-5.22,-5.74,-5.76,-5.53,1.01,4.33,14.19,3.44,7.41,0.73,-3.78,-5.08,Coffee,Clay Loam,0.516,0.257,31.11,7,0.456,3.468.752,19.514
12.038,107.504,6,670,3.64,33.4,29.1,5.5,37.2,29.4,29.4,24.09,6.14,82.81,17.53,12,-5.22,-5.74,-5.76,-5.53,1.01,4.33,14.19,3.44,7.41,0.73,-3.78,-5.08,Coffee,Clay Loam,0.516,0.246,31.11,7,0.456,3.251.955,19.735
12.038,107.507,6,667,3.64,32.5,28.1,5.4,37.8,29.8,30,24.09,6.14,82.81,17.53,12,-5.22,-5.74,-5.76,-5.53,1.01,4.33,14.19,3.44,7.41,0.73,-3.78,-5.08,Coffee,Clay Loam,0.516,0.245,31.11,7,0.456,3.468.752,19.754
12.04,108.167,6,669,3.64,33.2,34.9,5.5,32.8,34,38.5,22.01,4.8,86.45,16.64,12,-3.64,-4.95,-5.06,-4.94,2.06,2.54,10.12,2.23,7.25,0.26,-2.31,-3.54,Coffee,Clay Loam,0.358,0.268,24.44,7,0.414,3.251.955,17.662
12.041,107.603,5,713,3.64,34.6,30.9,5.5,34.9,30.5,31.3,24.09,6.14,82.81,17.53,12,-5.22,-5.74,-5.76,-5.53,1.01,4.33,14.19,3.44,7.41,0.73,-3.78,-5.08,Coffee,Clay Loam,0.516,0.254,31.11,7,0.456,3.251.955,19.456
12.042,107.882,5,621,3.64,33.6,30.7,5.5,32.5,34,33.7,22.01,4.8,86.45,17.53,12,-3.64,-4.95,-5.06,-4.94,2.06,2.54,10.12,2.23,7.25,0.26,-2.31,-3.54,Coffee,Clay Loam,0.358,0.262,24.44,7,0.414,3.251.955,17.974
12.043,107.777,6,769,3.64,32.3,24.5,5.5,35.5,32.2,30.2,24.09,6.14,82.81,17.53,12,-5.22,-5.74,-5.76,-5.53,1.01,4.33,14.19,3.44,7.41,0.73,-3.78,-5.08,Coffee,Clay Loam,0.516,0.251,31.11,7,0.456,3.251.955,19.092
12.044,108.301,5,1544,3.64,34.7,38.5,5.3,31.2,34.1,53.5,22.01,4.8,86.45,16.64,12,-3.64,-4.95,-5.06,-4.94,2.06,2.54,10.12,2.23,7.25,0.26,-2.31,-3.54,Coffee,Clay Loam,0.358,0.293,24.44,7,0.414,3.685.549,11.974
12.045,107.658,6,671,3.64,34.1,26.7,5.4,34.3,31.6,30.8,24.09,6.14,82.81,17.53,12,-5.22,-5.74,-5.76,-5.53,1.01,4.33,14.19,3.44,7.41,0.73,-3.78,-5.08,Coffee,Clay Loam,0.516,0.254,31.11,7,0.456,3.468.752,19.728
12.045,108.055,5,692,3.64,31.9,40.3,5.3,32.9,35.2,42.3,22.01,4.8,86.45,16.64,12,-3.64,-4.95,-5.06,-4.94,2.06,2.54,10.12,2.23,7.25,0.26,-2.31,-3.54,Coffee,Clay Loam,0.358,0.274,24.44,7,0.414,3.685.549,17.512
12.049,108.314,5,1637,3.64,34.7,48.1,5.3,30.8,34.5,54.2,22.01,4.8,86.45,16.64,12,-3.64,-4.95,-5.06,-4.94,2.06,2.54,10.12,2.23,7.25,0.26,-2.31,-3.54,Coffee,Clay Loam,0.358,0.295,24.44,7,0.414,3.685.549,11.37
12.05,108.347,6,1595,3.64,36.2,43.8,5.4,33.2,30.6,47,22.01,4.8,86.45,16.64,12,-3.64,-4.95,-5.06,-4.94,2.06,2.54,10.12,2.23,7.25,0.26,-2.31,-3.54,Coffee,Clay Loam,0.358,0.279,24.44,7,0.414,3.468.752,11.643
12.051,107.609,6,727,3.64,33.3,32.1,5.5,36.1,30.6,29.5,24.09,6.14,82.81,17.53,12,-5.22,-5.74,-5.76,-5.53,1.01,4.33,14.19,3.44,7.41,0.73,-3.78,-5.08,Coffee,Clay Loam,0.516,0.248,31.11,7,0.456,3.251.955,19.364
12.053,108.393,5,1471,3.64,38.4,30.5,5.6,35,26.6,32.4,22.01,4.8,86.45,16.64,12,-3.64,-4.95,-5.06,-4.94,2.06,2.54,10.12,2.23,7.25,0.26,-2.31,-3.54,Coffee,Clay Loam,0.358,0.255,24.44,7,0.414,3.035.158,12.449
12.055,107.994,5,628,3.64,31.8,30.6,5.4,34.6,33.6,35,22.01,4.8,86.45,17.53,12,-3.64,-4.95,-5.06,-4.94,2.06,2.54,10.12,2.23,7.25,0.26,-2.31,-3.54,Coffee,Clay Loam,0.358,0.259,24.44,7,0.414,3.468.752,17.928
12.058,108.188,6,837,3.64,32.3,37.5,5.3,33.5,34.2,43.5,22.01,4.8,86.45,16.64,12,-3.64,-4.95,-5.06,-4.94,2.06,2.54,10.12,2.23,7.25,0.26,-2.31,-3.54,Coffee,Clay Loam,0.358,0.274,24.44,7,0.414,3.685.549,16.57
12.059,108.195,5,868,3.64,32.3,38.6,5.4,33.7,34,41.3,22.01,4.8,86.45,16.64,12,-3.64,-4.95,-5.06,-4.94,2.06,2.54,10.12,2.23,7.25,0.26,-2.31,-3.54,Coffee,Clay Loam,0.358,0.27,24.44,7,0.414,3.468.752,16.368
12.06,108.23,5,1217,3.64,34.4,34.3,5.3,32.5,33.1,42.9,22.01,4.8,86.45,16.64,12,-3.64,-4.95,-5.06,-4.94,2.06,2.54,10.12,2.23,7.25,0.26,-2.31,-3.54,Coffee,Clay Loam,0.358,0.275,24.44,7,0.414,3.685.549,14.1
12.06,108.275,5,1800,3.64,33.9,43.3,5.2,31.6,34.5,68.5,22.01,4.8,86.45,16.64,12,-3.64,-4.95,-5.06,-4.94,2.06,2.54,10.12,2.23,7.25,0.26,-2.31,-3.54,Coffee,Clay Loam,0.358,0.313,24.44,7,0.414,3.902.346,10.31
12.063,107.83,6,682,3.64,30.2,33.3,5.2,33.4,36.4,38.3,22.01,4.8,86.45,17.53,12,-3.64,-4.95,-5.06,-4.94,2.06,2.54,10.12,2.23,7.25,0.26,-2.31,-3.54,Coffee,Clay Loam,0.358,0.267,24.44,7,0.414,3.902.346,17.577
12.064,108.499,5,1421,3.64,37.5,35.5,5.4,33.8,28.6,50,23.08,3.4,87.81,16.64,12,-1.41,-4.39,-4.86,-4.79,1.72,1.3,4.06,0.14,6.53,2.15,0.83,-1.27,Coffee,Clay Loam,0.344,0.282,16.72,9,0.39,3.468.752,13.843
12.066,107.51,6,683,3.64,32.5,26.5,5.4,36.4,31,33.3,24.09,6.14,82.81,17.53,12,-5.22,-5.74,-5.76,-5.53,1.01,4.33,14.19,3.44,7.41,0.73,-3.78,-5.08,Coffee,Clay Loam,0.516,0.253,31.11,7,0.456,3.468.752,19.65
12.066,107.821,6,128,3.64,32.3,31.2,5.3,35,32.7,32.7,22.01,4.8,86.45,17.53,12,-3.64,-4.95,-5.06,-4.94,2.06,2.54,10.12,2.23,7.25,0.26,-2.31,-3.54,Coffee,Clay Loam,0.358,0.255,24.44,7,0.414,3.685.549,21.178
12.066,108.142,6,564,3.64,34,29.1,5.5,35.5,30.5,29.7,22.01,4.8,86.45,16.64,12,-3.64,-4.95,-5.06,-4.94,2.06,2.54,10.12,2.23,7.25,0.26,-2.31,-3.54,Coffee,Clay Loam,0.358,0.25,24.44,7,0.414,3.251.955,18.344
12.07,107.551,6,712,3.64,34.4,26.3,5.4,35.3,30.3,31.4,24.09,6.14,82.81,17.53,12,-5.22,-5.74,-5.76,-5.53,1.01,4.33,14.19,3.44,7.41,0.73,-3.78,-5.08,Coffee,Clay Loam,0.516,0.253,31.11,7,0.456,3.468.752,19.462
12.076,108.1,5,810,3.64,33.7,40.2,5.3,32.2,34.1,49,22.01,4.8,86.45,16.64,12,-3.64,-4.95,-5.06,-4.94,2.06,2.54,10.12,2.23,7.25,0.26,-2.31,-3.54,Coffee,Clay Loam,0.358,0.285,24.44,7,0.414,3.685.549,16.745
12.078,107.962,6,640,3.64,33.3,35.5,5.3,35.9,30.8,36.8,22.01,4.8,86.45,17.53,12,-3.64,-4.95,-5.06,-4.94,2.06,2.54,10.12,2.23,7.25,0.26,-2.31,-3.54,Coffee,Clay Loam,0.358,0.259,24.44,7,0.414,3.685.549,17.85
12.079,107.841,5,661,3.64,29.2,33.3,5.2,31.4,39.4,33.5,22.01,4.8,86.45,17.53,12,-3.64,-4.95,-5.06,-4.94,2.06,2.54,10.12,2.23,7.25,0.26,-2.31,-3.54,Coffee,Clay Loam,0.358,0.265,24.44,7,0.414,3.902.346,17.714
12.08,107.79,6,847,3.64,32.6,25.4,5.6,37.1,30.3,37.3,24.09,6.14,82.81,17.53,12,-5.22,-5.74,-5.76,-5.53,1.01,4.33,14.19,3.44,7.41,0.73,-3.78,-5.08,Coffee,Clay Loam,0.516,0.257,31.11,7,0.456,3.035.158,18.584
12.08,107.904,5,726,3.64,33.2,34.7,5.3,32.1,34.7,32.2,22.01,4.8,86.45,17.53,12,-3.64,-4.95,-5.06,-4.94,2.06,2.54,10.12,2.23,7.25,0.26,-2.31,-3.54,Coffee,Clay Loam,0.358,0.261,24.44,7,0.414,3.685.549,17.291
12.082,108.365,5,1662,3.64,34.6,41.8,5.2,31.8,33.6,52.2,22.01,4.8,86.45,16.64,12,-3.64,-4.95,-5.06,-4.94,2.06,2.54,10.12,2.23,7.25,0.26,-2.31,-3.54,Coffee,Clay Loam,0.358,0.29,24.44,7,0.414,3.902.346,11.207
12.087,108.054,6,946,3.64,31.1,38.5,5.1,32.6,36.3,54.2,22.01,4.8,86.45,16.64,12,-3.64,-4.95,-5.06,-4.94,2.06,2.54,10.12,2.23,7.25,0.26,-2.31,-3.54,Coffee,Clay Loam,0.358,0.291,24.44,7,0.414,4.119.143,15.861
12.091,108.313,5,1438,3.64,36.2,36.7,5.3,31.8,32,47.8,22.01,4.8,86.45,16.64,12,-3.64,-4.95,-5.06,-4.94,2.06,2.54,10.12,2.23,7.25,0.26,-2.31,-3.54,Coffee,Clay Loam,0.358,0.284,24.44,7,0.414,3.685.549,12.663
12.095,108.088,6,735,3.64,30.9,40,5.3,34,35.1,48,22.01,4.8,86.45,16.64,12,-3.64,-4.95,-5.06,-4.94,2.06,2.54,10.12,2.23,7.25,0.26,-2.31,-3.54,Coffee,Clay Loam,0.358,0.279,24.44,7,0.414,3.685.549,17.232
12.095,108.2,5,585,3.64,32.7,26.5,5.6,34.5,32.8,28.8,22.01,4.8,86.45,16.64,12,-3.64,-4.95,-5.06,-4.94,2.06,2.54,10.12,2.23,7.25,0.26,-2.31,-3.54,Coffee,Clay Loam,0.358,0.251,24.44,7,0.414,3.035.158,18.208
12.097,108.236,5,1061,3.64,34.4,34.6,5.2,33.8,31.9,44.2,22.01,4.8,86.45,16.64,12,-3.64,-4.95,-5.06,-4.94,2.06,2.54,10.12,2.23,7.25,0.26,-2.31,-3.54,Coffee,Clay Loam,0.358,0.274,24.44,7,0.414,3.902.346,15.114
12.098,108.431,5,1754,3.64,35.8,44.6,5.2,34.7,29.5,58.2,22.01,4.8,86.45,16.64,12,-3.64,-4.95,-5.06,-4.94,2.06,2.54,10.12,2.23,7.25,0.26,-2.31,-3.54,Coffee,Clay Loam,0.358,0.292,24.44,7,0.414,3.902.346,10.609
12.103,107.555,5,759,3.64,37.2,37.9,5.7,32.5,30.3,34.5,24.09,6.14,82.81,17.53,12,-5.22,-5.74,-5.76,-5.53,1.01,4.33,14.19,3.44,7.41,0.73,-3.78,-5.08,Coffee,Clay Loam,0.516,0.264,31.11,7,0.456,2.818.361,19.156
12.103,107.729,6,804,3.64,38.9,29.9,5.4,33.2,27.9,35,24.09,6.14,82.81,17.53,12,-5.22,-5.74,-5.76,-5.53,1.01,4.33,14.19,3.44,7.41,0.73,-3.78,-5.08,Coffee,Clay Loam,0.516,0.263,31.11,7,0.456,3.468.752,18.864
12.107,107.65,5,743,3.64,32.6,28.4,5.5,34,33.4,30,24.09,6.14,82.81,17.53,12,-5.22,-5.74,-5.76,-5.53,1.01,4.33,14.19,3.44,7.41,0.73,-3.78,-5.08,Coffee,Clay Loam,0.516,0.254,31.11,7,0.456,3.251.955,19.26
12.107,107.732,6,832,3.64,36.9,33.4,5.4,33.4,29.8,41.8,24.09,6.14,82.81,17.53,12,-5.22,-5.74,-5.76,-5.53,1.01,4.33,14.19,3.44,7.41,0.73,-3.78,-5.08,Coffee,Clay Loam,0.516,0.272,31.11,7,0.456,3.468.752,18.682
12.108,108.232,5,718,3.64,34,36.8,5.5,33.6,32.4,43.1,22.01,4.8,86.45,16.64,12,-3.64,-4.95,-5.06,-4.94,2.06,2.54,10.12,2.23,7.25,0.26,-2.31,-3.54,Coffee,Clay Loam,0.358,0.273,24.44,7,0.414,3.251.955,17.343
12.109,108.074,6,596,3.64,32.1,35.5,5.3,35.4,32.5,44.4,22.01,4.8,86.45,16.64,12,-3.64,-4.95,-5.06,-4.94,2.06,2.54,10.12,2.23,7.25,0.26,-2.31,-3.54,Coffee,Clay Loam,0.358,0.271,24.44,7,0.414,3.685.549,18.136
12.111,108.146,5,542,3.64,32.3,26.9,5.6,35.1,32.6,29.4,22.01,4.8,86.45,16.64,12,-3.64,-4.95,-5.06,-4.94,2.06,2.54,10.12,2.23,7.25,0.26,-2.31,-3.54,Coffee,Clay Loam,0.358,0.25,24.44,7,0.414,3.035.158,18.487
12.111,108.171,5,600,3.64,34.4,27.5,5.6,35.1,30.4,40.7,22.01,4.8,86.45,16.64,12,-3.64,-4.95,-5.06,-4.94,2.06,2.54,10.12,2.23,7.25,0.26,-2.31,-3.54,Coffee,Clay Loam,0.358,0.266,24.44,7,0.414,3.035.158,18.11
12.111,108.317,6,1475,3.64,36.2,41.3,5.3,30.2,33.7,65.3,22.01,4.8,86.45,16.64,12,-3.64,-4.95,-5.06,-4.94,2.06,2.54,10.12,2.23,7.25,0.26,-2.31,-3.54,Coffee,Clay Loam,0.358,0.312,24.44,7,0.414,3.685.549,12.423
12.113,108.105,6,1275,3.64,36.3,37,5.2,30.3,33.4,49.8,22.01,4.8,86.45,16.64,12,-3.64,-4.95,-5.06,-4.94,2.06,2.54,10.12,2.23,7.25,0.26,-2.31,-3.54,Coffee,Clay Loam,0.358,0.29,24.44,7,0.414,3.902.346,13.723
12.118,108.295,5,829,3.64,31.7,24.9,5.5,33.2,35.1,39,22.01,4.8,86.45,16.64,12,-3.64,-4.95,-5.06,-4.94,2.06,2.54,10.12,2.23,7.25,0.26,-2.31,-3.54,Coffee,Clay Loam,0.358,0.268,24.44,7,0.414,3.251.955,16.622
12.121,108.245,5,615,3.64,36.5,30.7,5.6,34,29.5,29.2,22.01,4.8,86.45,16.64,12,-3.64,-4.95,-5.06,-4.94,2.06,2.54,10.12,2.23,7.25,0.26,-2.31,-3.54,Coffee,Clay Loam,0.358,0.253,24.44,7,0.414,3.035.158,18.013
12.122,108.035,6,677,3.64,29,42.8,5.3,33.5,37.5,53.1,22.01,4.8,86.45,16.64,12,-3.64,-4.95,-5.06,-4.94,2.06,2.54,10.12,2.23,7.25,0.26,-2.31,-3.54,Coffee,Clay Loam,0.358,0.287,24.44,7,0.414,3.685.549,17.61
12.126,107.968,6,589,3.64,35.8,36,5.3,31.9,32.2,38.2,22.01,4.8,86.45,17.53,12,-3.64,-4.95,-5.06,-4.94,2.06,2.54,10.12,2.23,7.25,0.26,-2.31,-3.54,Coffee,Clay Loam,0.358,0.27,24.44,7,0.414,3.685.549,18.182
12.128,108.064,5,628,3.64,34.8,33.5,5.4,33.9,31.3,35,22.01,4.8,86.45,16.64,12,-3.64,-4.95,-5.06,-4.94,2.06,2.54,10.12,2.23,7.25,0.26,-2.31,-3.54,Coffee,Clay Loam,0.358,0.261,24.44,7,0.414,3.468.752,17.928
12.131,107.799,5,915,3.64,28.2,34,5.2,35.3,36.5,36.3,24.09,6.14,82.81,17.53,12,-5.22,-5.74,-5.76,-5.53,1.01,4.33,14.19,3.44,7.41,0.73,-3.78,-5.08,Coffee,Clay Loam,0.516,0.26,31.11,7,0.456,3.902.346,18.142
12.133,108.344,5,1547,3.64,36.9,38.8,5.3,30.6,32.5,54.6,22.01,4.8,86.45,16.64,12,-3.64,-4.95,-5.06,-4.94,2.06,2.54,10.12,2.23,7.25,0.26,-2.31,-3.54,Coffee,Clay Loam,0.358,0.296,24.44,7,0.414,3.685.549,11.955
12.138,108.176,6,545,3.64,36.4,29.1,5.5,34.5,29.1,33,22.01,4.8,86.45,16.64,12,-3.64,-4.95,-5.06,-4.94,2.06,2.54,10.12,2.23,7.25,0.26,-2.31,-3.54,Coffee,Clay Loam,0.358,0.257,24.44,7,0.414,3.251.955,18.468
12.138,108.272,5,627,3.64,32.3,26.6,5.8,33.7,34,28.1,22.01,4.8,86.45,16.64,12,-3.64,-4.95,-5.06,-4.94,2.06,2.54,10.12,2.23,7.25,0.26,-2.31,-3.54,Coffee,Clay Loam,0.358,0.252,24.44,7,0.414,2.601.564,17.934
12.138,108.491,6,1702,3.64,36,47.9,5.1,35.2,28.8,56.1,23.08,3.4,87.81,16.64,12,-1.41,-4.39,-4.86,-4.79,1.72,1.3,4.06,0.14,6.53,2.15,0.83,-1.27,Coffee,Clay Loam,0.344,0.288,16.72,9,0.39,4.119.143,12.017
12.141,107.985,6,658,3.64,31.5,33.3,5.3,34.1,34.4,40.9,22.01,4.8,86.45,17.53,12,-3.64,-4.95,-5.06,-4.94,2.06,2.54,10.12,2.23,7.25,0.26,-2.31,-3.54,Coffee,Clay Loam,0.358,0.269,24.44,7,0.414,3.685.549,17.733
12.141,108.133,5,508,3.64,34.3,26.8,5.6,35.2,30.4,31.1,22.01,4.8,86.45,16.64,12,-3.64,-4.95,-5.06,-4.94,2.06,2.54,10.12,2.23,7.25,0.26,-2.31,-3.54,Coffee,Clay Loam,0.358,0.253,24.44,7,0.414,3.035.158,18.708
12.143,107.946,6,811,3.64,32.1,30.8,5.1,31.4,36.5,35.2,22.01,4.8,86.45,17.53,12,-3.64,-4.95,-5.06,-4.94,2.06,2.54,10.12,2.23,7.25,0.26,-2.31,-3.54,Coffee,Clay Loam,0.358,0.267,24.44,7,0.414,4.119.143,16.739
12.147,107.951,5,791,3.64,32.6,31.4,5.2,31.6,35.8,34.5,22.01,4.8,86.45,17.53,12,-3.64,-4.95,-5.06,-4.94,2.06,2.54,10.12,2.23,7.25,0.26,-2.31,-3.54,Coffee,Clay Loam,0.358,0.266,24.44,7,0.414,3.902.346,16.868
12.155,107.833,5,819,3.64,33.8,30.4,5.7,33.5,32.7,27.2,22.01,4.8,86.45,17.53,12,-3.64,-4.95,-5.06,-4.94,2.06,2.54,10.12,2.23,7.25,0.26,-2.31,-3.54,Coffee,Clay Loam,0.358,0.251,24.44,7,0.414,2.818.361,16.687
12.157,107.702,6,781,3.64,34.2,29.9,5.3,31.6,34.2,29.8,24.09,6.14,82.81,17.53,12,-5.22,-5.74,-5.76,-5.53,1.01,4.33,14.19,3.44,7.41,0.73,-3.78,-5.08,Coffee,Clay Loam,0.516,0.259,31.11,7,0.456,3.685.549,19.014
12.158,107.878,6,806,3.64,30.6,23.5,5.5,33.8,35.6,31.2,22.01,4.8,86.45,17.53,12,-3.64,-4.95,-5.06,-4.94,2.06,2.54,10.12,2.23,7.25,0.26,-2.31,-3.54,Coffee,Clay Loam,0.358,0.256,24.44,7,0.414,3.251.955,16.771
12.158,108.211,5,533,3.64,35.2,29.8,5.6,33.4,31.4,36.3,22.01,4.8,86.45,16.64,12,-3.64,-4.95,-5.06,-4.94,2.06,2.54,10.12,2.23,7.25,0.26,-2.31,-3.54,Coffee,Clay Loam,0.358,0.264,24.44,7,0.414,3.035.158,18.546
12.159,107.756,6,883,3.64,33,30.3,5.1,34,33,31.3,24.09,6.14,82.81,17.53,12,-5.22,-5.74,-5.76,-5.53,1.01,4.33,14.19,3.44,7.41,0.73,-3.78,-5.08,Coffee,Clay Loam,0.516,0.256,31.11,7,0.456,4.119.143,18.35
12.166,108.239,5,509,3.64,34,28.4,5.9,35.2,30.8,27.6,22.01,4.8,86.45,16.64,12,-3.64,-4.95,-5.06,-4.94,2.06,2.54,10.12,2.23,7.25,0.26,-2.31,-3.54,Coffee,Clay Loam,0.358,0.248,24.44,7,0.414,2.384.767,18.702
12.166,108.313,6,903,3.64,31.4,42.4,5.3,32.6,36,49.8,22.01,4.8,86.45,16.64,12,-3.64,-4.95,-5.06,-4.94,2.06,2.54,10.12,2.23,7.25,0.26,-2.31,-3.54,Coffee,Clay Loam,0.358,0.285,24.44,7,0.414,3.685.549,16.141
12.167,108.148,6,619,3.64,35.1,32.1,5.5,34,30.9,38.4,22.01,4.8,86.45,16.64,12,-3.64,-4.95,-5.06,-4.94,2.06,2.54,10.12,2.23,7.25,0.26,-2.31,-3.54,Coffee,Clay Loam,0.358,0.266,24.44,7,0.414,3.251.955,17.987
12.169,107.63,6,793,3.64,35,25.3,5.6,36.1,29,31.5,24.09,6.14,82.81,17.53,12,-5.22,-5.74,-5.76,-5.53,1.01,4.33,14.19,3.44,7.41,0.73,-3.78,-5.08,Coffee,Clay Loam,0.516,0.251,31.11,7,0.456,3.035.158,18.936
12.169,108.429,6,1517,3.64,38.6,41.6,5.2,33.4,28,44.3,22.01,4.8,86.45,16.64,12,-3.64,-4.95,-5.06,-4.94,2.06,2.54,10.12,2.23,7.25,0.26,-2.31,-3.54,Coffee,Clay Loam,0.358,0.275,24.44,7,0.414,3.902.346,12.15
12.175,107.59,5,830,3.64,35.2,23.8,5.5,36.3,28.5,25.8,24.09,6.14,82.81,17.53,12,-5.22,-5.74,-5.76,-5.53,1.01,4.33,14.19,3.44,7.41,0.73,-3.78,-5.08,Coffee,Clay Loam,0.516,0.243,31.11,7,0.456,3.251.955,18.695
12.175,108.354,5,1339,3.64,35.2,33.1,5.3,31.6,33.2,52.1,22.01,4.8,86.45,16.64,12,-3.64,-4.95,-5.06,-4.94,2.06,2.54,10.12,2.23,7.25,0.26,-2.31,-3.54,Coffee,Clay Loam,0.358,0.29,24.44,7,0.414,3.685.549,13.307
12.177,108.23,6,513,3.64,36.3,28.9,5.9,33.1,30.7,26.6,22.01,4.8,86.45,16.64,12,-3.64,-4.95,-5.06,-4.94,2.06,2.54,10.12,2.23,7.25,0.26,-2.31,-3.54,Coffee,Clay Loam,0.358,0.251,24.44,7,0.414,2.384.767,18.676
12.18,107.947,6,793,3.64,36.2,31.3,5.4,30.9,32.9,33.4,22.01,4.8,86.45,17.53,12,-3.64,-4.95,-5.06,-4.94,2.06,2.54,10.12,2.23,7.25,0.26,-2.31,-3.54,Coffee,Clay Loam,0.358,0.266,24.44,7,0.414,3.468.752,16.856
12.181,108.452,5,1544,3.64,36.2,43.7,5.2,33.6,30.2,55.7,23.08,3.4,87.81,16.64,12,-1.41,-4.39,-4.86,-4.79,1.72,1.3,4.06,0.14,6.53,2.15,0.83,-1.27,Coffee,Clay Loam,0.344,0.291,16.72,9,0.39,3.902.346,13.044
12.182,108.377,6,1262,3.64,35.7,31.4,5.6,34.4,29.9,40.3,22.01,4.8,86.45,16.64,12,-3.64,-4.95,-5.06,-4.94,2.06,2.54,10.12,2.23,7.25,0.26,-2.31,-3.54,Coffee,Clay Loam,0.358,0.267,24.44,7,0.414,3.035.158,13.807
12.186,108.168,5,592,3.64,34.3,27.2,5.7,34.1,31.6,32.3,22.01,4.8,86.45,16.64,12,-3.64,-4.95,-5.06,-4.94,2.06,2.54,10.12,2.23,7.25,0.26,-2.31,-3.54,Coffee,Clay Loam,0.358,0.257,24.44,7,0.414,2.818.361,18.162
12.193,108.461,6,1320,3.64,35.9,37.3,5.2,31.2,32.9,50.9,23.08,3.4,87.81,16.64,12,-1.41,-4.39,-4.86,-4.79,1.72,1.3,4.06,0.14,6.53,2.15,0.83,-1.27,Coffee,Clay Loam,0.344,0.29,16.72,9,0.39,3.902.346,14.5
12.195,107.851,5,823,3.64,31.7,33.6,5.2,32.9,35.5,37,22.01,4.8,86.45,17.53,12,-3.64,-4.95,-5.06,-4.94,2.06,2.54,10.12,2.23,7.25,0.26,-2.31,-3.54,Coffee,Clay Loam,0.358,0.266,24.44,7,0.414,3.902.346,16.661
12.198,107.701,5,1011,3.64,32.1,33.8,5.1,33.2,34.7,36.4,24.09,6.14,82.81,17.53,12,-5.22,-5.74,-5.76,-5.53,1.01,4.33,14.19,3.44,7.41,0.73,-3.78,-5.08,Coffee,Clay Loam,0.516,0.265,31.11,7,0.456,4.119.143,17.518
12.198,107.758,5,885,3.64,30.1,26.1,5.2,34,35.9,32,24.09,6.14,82.81,17.53,12,-5.22,-5.74,-5.76,-5.53,1.01,4.33,14.19,3.44,7.41,0.73,-3.78,-5.08,Coffee,Clay Loam,0.516,0.257,31.11,7,0.456,3.902.346,18.338
12.198,107.975,5,608,3.64,29.7,32,5.4,35.3,35,34.5,22.01,4.8,86.45,17.53,12,-3.64,-4.95,-5.06,-4.94,2.06,2.54,10.12,2.23,7.25,0.26,-2.31,-3.54,Coffee,Clay Loam,0.358,0.257,24.44,7,0.414,3.468.752,18.058
12.198,108.213,5,696,3.64,34.3,33,5.4,34.4,31.3,42.1,22.01,4.8,86.45,16.64,12,-3.64,-4.95,-5.06,-4.94,2.06,2.54,10.12,2.23,7.25,0.26,-2.31,-3.54,Coffee,Clay Loam,0.358,0.27,24.44,7,0.414,3.468.752,17.486
12.203,107.967,5,747,3.64,33.7,36.2,5.3,33.9,32.4,41.2,22.01,4.8,86.45,17.53,12,-3.64,-4.95,-5.06,-4.94,2.06,2.54,10.12,2.23,7.25,0.26,-2.31,-3.54,Coffee,Clay Loam,0.358,0.27,24.44,7,0.414,3.685.549,17.155
12.205,107.564,5,834,3.64,34.5,27.9,5.5,38.7,26.7,32,24.09,6.14,82.81,17.53,12,-5.22,-5.74,-5.76,-5.53,1.01,4.33,14.19,3.44,7.41,0.73,-3.78,-5.08,Coffee,Clay Loam,0.516,0.246,31.11,7,0.456,3.251.955,18.669
12.205,108.007,6,579,3.64,31.8,32,5.4,34,34.2,33.2,22.01,4.8,86.45,16.64,12,-3.64,-4.95,-5.06,-4.94,2.06,2.54,10.12,2.23,7.25,0.26,-2.31,-3.54,Coffee,Clay Loam,0.358,0.258,24.44,7,0.414,3.468.752,18.246
12.206,107.65,6,820,3.64,35.2,25.7,5.4,35.1,29.7,33.2,24.09,6.14,82.81,17.53,12,-5.22,-5.74,-5.76,-5.53,1.01,4.33,14.19,3.44,7.41,0.73,-3.78,-5.08,Coffee,Clay Loam,0.516,0.256,31.11,7,0.456,3.468.752,18.76
12.206,108.017,6,575,3.64,32.2,33.8,5.4,35,32.8,36.9,22.01,4.8,86.45,16.64,12,-3.64,-4.95,-5.06,-4.94,2.06,2.54,10.12,2.23,7.25,0.26,-2.31,-3.54,Coffee,Clay Loam,0.358,0.261,24.44,7,0.414,3.468.752,18.272
12.209,108.166,6,614,3.64,35.1,28.4,5.5,31.9,33,34.9,22.01,4.8,86.45,16.64,12,-3.64,-4.95,-5.06,-4.94,2.06,2.54,10.12,2.23,7.25,0.26,-2.31,-3.54,Coffee,Clay Loam,0.358,0.265,24.44,7,0.414,3.251.955,18.019
12.214,108.344,5,838,3.64,32.5,38.8,5.3,32.7,34.8,54,22.01,4.8,86.45,16.64,12,-3.64,-4.95,-5.06,-4.94,2.06,2.54,10.12,2.23,7.25,0.26,-2.31,-3.54,Coffee,Clay Loam,0.358,0.29,24.44,7,0.414,3.685.549,16.563
12.215,107.988,5,584,3.64,32.9,28.6,5.5,35.6,31.5,33.5,22.01,4.8,86.45,17.53,12,-3.64,-4.95,-5.06,-4.94,2.06,2.54,10.12,2.23,7.25,0.26,-2.31,-3.54,Coffee,Clay Loam,0.358,0.255,24.44,7,0.414,3.251.955,18.214
12.216,107.674,5,884,3.64,32.1,30,5.2,36.4,31.5,29.9,24.09,6.14,82.81,17.53,12,-5.22,-5.74,-5.76,-5.53,1.01,4.33,14.19,3.44,7.41,0.73,-3.78,-5.08,Coffee,Clay Loam,0.516,0.248,31.11,7,0.456,3.902.346,18.344
12.217,107.83,6,875,3.64,29.8,26.9,5.2,34.2,36.1,37.9,22.01,4.8,86.45,17.53,12,-3.64,-4.95,-5.06,-4.94,2.06,2.54,10.12,2.23,7.25,0.26,-2.31,-3.54,Coffee,Clay Loam,0.358,0.264,24.44,7,0.414,3.902.346,16.323
12.217,108.167,5,598,3.64,39.3,28.4,5.4,31.3,29.5,36.8,22.01,4.8,86.45,16.64,12,-3.64,-4.95,-5.06,-4.94,2.06,2.54,10.12,2.23,7.25,0.26,-2.31,-3.54,Coffee,Clay Loam,0.358,0.27,24.44,7,0.414,3.468.752,18.123
12.219,108.162,6,662,3.64,37.8,31,5.5,33.3,28.9,38.2,22.01,4.8,86.45,16.64,12,-3.64,-4.95,-5.06,-4.94,2.06,2.54,10.12,2.23,7.25,0.26,-2.31,-3.54,Coffee,Clay Loam,0.358,0.267,24.44,7,0.414,3.251.955,17.707
12.221,107.72,5,1227,3.64,34.9,43.3,5.2,32.7,32.3,52.1,24.09,6.14,82.81,17.53,12,-5.22,-5.74,-5.76,-5.53,1.01,4.33,14.19,3.44,7.41,0.73,-3.78,-5.08,Coffee,Clay Loam,0.516,0.288,31.11,7,0.456,3.902.346,16.114
12.221,108.356,5,986,3.64,34.9,42.9,5.2,34.4,30.7,52.7,22.01,4.8,86.45,16.64,12,-3.64,-4.95,-5.06,-4.94,2.06,2.54,10.12,2.23,7.25,0.26,-2.31,-3.54,Coffee,Clay Loam,0.358,0.285,24.44,7,0.414,3.902.346,15.601
12.221,108.459,6,1168,3.64,36.6,40.5,5.3,32.9,30.5,50.6,23.08,3.4,87.81,16.64,12,-1.41,-4.39,-4.86,-4.79,1.72,1.3,4.06,0.14,6.53,2.15,0.83,-1.27,Coffee,Clay Loam,0.344,0.285,16.72,9,0.39,3.685.549,15.488
12.224,108.175,6,568,3.64,36.6,27.9,5.5,32.5,30.9,34.2,22.01,4.8,86.45,16.64,12,-3.64,-4.95,-5.06,-4.94,2.06,2.54,10.12,2.23,7.25,0.26,-2.31,-3.54,Coffee,Clay Loam,0.358,0.263,24.44,7,0.414,3.251.955,18.318
12.228,107.732,6,1164,3.64,33.8,35.6,5.2,30.5,35.7,48.4,24.09,6.14,82.81,17.53,12,-5.22,-5.74,-5.76,-5.53,1.01,4.33,14.19,3.44,7.41,0.73,-3.78,-5.08,Coffee,Clay Loam,0.516,0.288,31.11,7,0.456,3.902.346,16.524
12.233,108.485,6,1429,3.64,38.5,46.1,5.2,33,28.5,52.1,23.08,3.4,87.81,16.64,12,-1.41,-4.39,-4.86,-4.79,1.72,1.3,4.06,0.14,6.53,2.15,0.83,-1.27,Coffee,Clay Loam,0.344,0.287,16.72,9,0.39,3.902.346,13.792
12.234,108.17,6,566,3.64,36.9,30.3,5.6,32.3,30.8,38.4,22.01,4.8,86.45,16.64,12,-3.64,-4.95,-5.06,-4.94,2.06,2.54,10.12,2.23,7.25,0.26,-2.31,-3.54,Coffee,Clay Loam,0.358,0.269,24.44,7,0.414,3.035.158,18.331
12.237,107.587,6,865,3.64,35,24.5,5.5,37.3,27.7,30.6,24.09,6.14,82.81,17.53,12,-5.22,-5.74,-5.76,-5.53,1.01,4.33,14.19,3.44,7.41,0.73,-3.78,-5.08,Coffee,Clay Loam,0.516,0.247,31.11,7,0.456,3.251.955,18.468
12.237,108.297,6,608,3.64,34.2,33.7,5.6,30.9,34.9,41,22.01,4.8,86.45,16.64,12,-3.64,-4.95,-5.06,-4.94,2.06,2.54,10.12,2.23,7.25,0.26,-2.31,-3.54,Coffee,Clay Loam,0.358,0.276,24.44,7,0.414,3.035.158,18.058
12.238,107.643,5,919,3.64,31.8,27.2,5.5,36.6,31.7,32.4,24.09,6.14,82.81,17.53,12,-5.22,-5.74,-5.76,-5.53,1.01,4.33,14.19,3.44,7.41,0.73,-3.78,-5.08,Coffee,Clay Loam,0.516,0.251,31.11,7,0.456,3.251.955,18.117
12.238,108.09,6,485,3.64,34.4,24.2,6,33.2,32.3,28,22.01,4.8,86.45,16.64,12,-3.64,-4.95,-5.06,-4.94,2.06,2.54,10.12,2.23,7.25,0.26,-2.31,-3.54,Coffee,Clay Loam,0.358,0.253,24.44,7,0.414,2167.97,18.858
12.24,107.538,5,882,3.64,34,26,5.5,35.7,30.3,27.5,24.09,6.14,82.81,17.53,12,-5.22,-5.74,-5.76,-5.53,1.01,4.33,14.19,3.44,7.41,0.73,-3.78,-5.08,Coffee,Clay Loam,0.516,0.246,31.11,7,0.456,3.251.955,18.357
12.242,108.403,6,640,3.64,34.3,39,5.6,33.4,32.3,49.2,22.01,4.8,86.45,16.64,12,-3.64,-4.95,-5.06,-4.94,2.06,2.54,10.12,2.23,7.25,0.26,-2.31,-3.54,Coffee,Clay Loam,0.358,0.282,24.44,7,0.414,3.035.158,17.85
12.244,108.325,5,669,3.64,34,33.2,5.6,33.1,32.9,38.1,22.01,4.8,86.45,16.64,12,-3.64,-4.95,-5.06,-4.94,2.06,2.54,10.12,2.23,7.25,0.26,-2.31,-3.54,Coffee,Clay Loam,0.358,0.267,24.44,7,0.414,3.035.158,17.662
12.246,107.517,6,864,3.64,33.1,26.8,5.5,35.6,31.2,29.3,24.09,6.14,82.81,17.53,12,-5.22,-5.74,-5.76,-5.53,1.01,4.33,14.19,3.44,7.41,0.73,-3.78,-5.08,Coffee,Clay Loam,0.516,0.249,31.11,7,0.456,3.251.955,18.474
12.247,108.057,6,485,3.64,33.4,27.6,6,32,34.6,33.8,22.01,4.8,86.45,16.64,12,-3.64,-4.95,-5.06,-4.94,2.06,2.54,10.12,2.23,7.25,0.26,-2.31,-3.54,Coffee,Clay Loam,0.358,0.264,24.44,7,0.414,2167.97,18.858
12.249,108.157,6,585,3.64,34.5,31.3,5.5,34.4,31,39.3,22.01,4.8,86.45,16.64,12,-3.64,-4.95,-5.06,-4.94,2.06,2.54,10.12,2.23,7.25,0.26,-2.31,-3.54,Coffee,Clay Loam,0.358,0.266,24.44,7,0.414,3.251.955,18.208
12.25,108.243,6,1060,3.64,33.4,39.2,5.3,33.9,32.7,57.3,22.01,4.8,86.45,16.64,12,-3.64,-4.95,-5.06,-4.94,2.06,2.54,10.12,2.23,7.25,0.26,-2.31,-3.54,Coffee,Clay Loam,0.358,0.292,24.44,7,0.414,3.685.549,15.12
12.251,108.325,5,678,3.64,34.3,36.7,5.6,32.3,33.4,41.3,23.41,5.24,85.72,16.64,12,-3.95,-5.3,-5.47,-5.3,2.67,1.83,10.91,2.04,8.44,0.71,-2.42,-4.14,Coffee,Clay Loam,0.411,0.274,26.58,7,0.41,3.035.158,19.003
12.253,107.674,6,915,3.64,31.7,32.3,5.3,34.6,33.7,33.6,23.78,8.07,84.94,17.53,12,-6.53,-7.12,-7.14,-6.8,1.78,5.04,19.69,5.03,8.76,-0.75,-5.38,-6.63,Coffee,Clay Loam,0.443,0.257,40.35,7,0.489,3.685.549,17.833
12.253,107.805,6,1036,3.64,32.9,32.8,5.2,35.2,31.9,45,23.78,8.07,84.94,17.53,12,-6.53,-7.12,-7.14,-6.8,1.78,5.04,19.69,5.03,8.76,-0.75,-5.38,-6.63,Coffee,Clay Loam,0.443,0.272,40.35,7,0.489,3.902.346,17.046
12.253,107.901,6,577,3.64,36.1,29.3,5.3,34.7,29.2,36.1,23.41,5.24,85.72,17.53,12,-3.95,-5.3,-5.47,-5.3,2.67,1.83,10.91,2.04,8.44,0.71,-2.42,-4.14,Coffee,Clay Loam,0.411,0.261,26.58,7,0.41,3.685.549,19.66
12.255,107.505,6,893,3.64,36.4,30.7,5.7,34.1,29.4,32,23.78,8.07,84.94,17.53,12,-6.53,-7.12,-7.14,-6.8,1.78,5.04,19.69,5.03,8.76,-0.75,-5.38,-6.63,Coffee,Clay Loam,0.443,0.256,40.35,7,0.489,2.818.361,17.976
12.256,108.266,5,1189,3.64,34.3,36.8,5.2,33.4,32.3,54.4,23.41,5.24,85.72,16.64,12,-3.95,-5.3,-5.47,-5.3,2.67,1.83,10.91,2.04,8.44,0.71,-2.42,-4.14,Coffee,Clay Loam,0.411,0.289,26.58,7,0.41,3.902.346,15.682
12.258,107.852,5,671,3.64,31.7,31.8,5.2,34.6,33.7,36,23.41,5.24,85.72,17.53,12,-3.95,-5.3,-5.47,-5.3,2.67,1.83,10.91,2.04,8.44,0.71,-2.42,-4.14,Coffee,Clay Loam,0.411,0.261,26.58,7,0.41,3.902.346,19.048
12.26,107.549,5,866,3.64,34.3,25.1,5.5,37.9,27.8,30.6,23.78,8.07,84.94,17.53,12,-6.53,-7.12,-7.14,-6.8,1.78,5.04,19.69,5.03,8.76,-0.75,-5.38,-6.63,Coffee,Clay Loam,0.443,0.246,40.35,7,0.489,3.251.955,18.151
12.261,108.28,5,1243,3.64,34.8,41.2,5.3,33.4,31.8,57.6,23.41,5.24,85.72,16.64,12,-3.95,-5.3,-5.47,-5.3,2.67,1.83,10.91,2.04,8.44,0.71,-2.42,-4.14,Coffee,Clay Loam,0.411,0.294,26.58,7,0.41,3.685.549,15.33
12.262,107.855,5,600,3.64,31.3,30.1,5.2,34,34.7,35.6,23.41,5.24,85.72,17.53,12,-3.95,-5.3,-5.47,-5.3,2.67,1.83,10.91,2.04,8.44,0.71,-2.42,-4.14,Coffee,Clay Loam,0.411,0.262,26.58,7,0.41,3.902.346,19.51
12.265,107.814,5,1189,3.64,35.8,30.2,5.2,32.6,31.5,46.7,23.41,5.24,85.72,17.53,12,-3.95,-5.3,-5.47,-5.3,2.67,1.83,10.91,2.04,8.44,0.71,-2.42,-4.14,Coffee,Clay Loam,0.411,0.28,26.58,7,0.41,3.902.346,15.682
12.267,108.443,5,668,3.64,32.3,35,5.7,37.3,30.4,42.1,23.46,3.64,87.08,16.64,12,-1.76,-4.32,-5.02,-4.88,1.67,-0.01,3.68,-0.7,7.04,3.99,1.88,-1.6,Coffee,Clay Loam,0.373,0.263,18.29,9,0.386,2.818.361,19.118
12.268,107.868,6,551,3.64,30.5,26.6,5.2,34,35.4,33.1,23.41,5.24,85.72,17.53,12,-3.95,-5.3,-5.47,-5.3,2.67,1.83,10.91,2.04,8.44,0.71,-2.42,-4.14,Coffee,Clay Loam,0.411,0.258,26.58,7,0.41,3.902.346,19.828
12.273,108.44,6,705,3.64,33.7,32.1,5.6,37.4,28.9,41.5,23.46,3.64,87.08,16.64,12,-1.76,-4.32,-5.02,-4.88,1.67,-0.01,3.68,-0.7,7.04,3.99,1.88,-1.6,Coffee,Clay Loam,0.373,0.262,18.29,9,0.386,3.035.158,18.878
12.275,107.821,6,1083,3.64,36,36.8,5.2,33,31,45.3,23.41,5.24,85.72,17.53,12,-3.95,-5.3,-5.47,-5.3,2.67,1.83,10.91,2.04,8.44,0.71,-2.42,-4.14,Coffee,Clay Loam,0.411,0.278,26.58,7,0.41,3.902.346,16.37
12.275,108.401,6,981,3.64,37.7,37.6,5.3,33.7,28.6,46.5,23.41,5.24,85.72,16.64,12,-3.95,-5.3,-5.47,-5.3,2.67,1.83,10.91,2.04,8.44,0.71,-2.42,-4.14,Coffee,Clay Loam,0.411,0.278,26.58,7,0.41,3.685.549,17.034
12.276,107.602,6,869,3.64,32.9,23.8,5.5,36.7,30.4,33.1,23.78,8.07,84.94,17.53,12,-6.53,-7.12,-7.14,-6.8,1.78,5.04,19.69,5.03,8.76,-0.75,-5.38,-6.63,Coffee,Clay Loam,0.443,0.252,40.35,7,0.489,3.251.955,18.132
12.281,107.973,5,469,3.64,33.7,28.1,5.6,29.8,36.5,31.9,23.41,5.24,85.72,17.53,12,-3.95,-5.3,-5.47,-5.3,2.67,1.83,10.91,2.04,8.44,0.71,-2.42,-4.14,Coffee,Clay Loam,0.411,0.266,26.58,7,0.41,3.035.158,20.362
12.282,108.23,5,925,3.64,34.4,32.7,5.3,32.3,33.3,49,23.41,5.24,85.72,16.64,12,-3.95,-5.3,-5.47,-5.3,2.67,1.83,10.91,2.04,8.44,0.71,-2.42,-4.14,Coffee,Clay Loam,0.411,0.284,26.58,7,0.41,3.685.549,17.398
12.282,108.408,5,973,3.64,36.9,37.8,5.3,34.6,28.5,43.9,23.41,5.24,85.72,16.64,12,-3.95,-5.3,-5.47,-5.3,2.67,1.83,10.91,2.04,8.44,0.71,-2.42,-4.14,Coffee,Clay Loam,0.411,0.272,26.58,7,0.41,3.685.549,17.086
12.283,107.766,5,1215,3.64,32.5,37.2,5.2,34.9,32.6,51.2,23.78,8.07,84.94,17.53,12,-6.53,-7.12,-7.14,-6.8,1.78,5.04,19.69,5.03,8.76,-0.75,-5.38,-6.63,Coffee,Clay Loam,0.443,0.281,40.35,7,0.489,3.902.346,15.882
12.283,107.799,5,1012,3.64,33.4,31.8,5.4,32.6,34,47.6,23.78,8.07,84.94,17.53,12,-6.53,-7.12,-7.14,-6.8,1.78,5.04,19.69,5.03,8.76,-0.75,-5.38,-6.63,Coffee,Clay Loam,0.443,0.282,40.35,7,0.489,3.468.752,17.202
12.283,108.062,5,745,3.64,34.4,38,5.2,33.1,32.5,56.8,23.41,5.24,85.72,16.64,12,-3.95,-5.3,-5.47,-5.3,2.67,1.83,10.91,2.04,8.44,0.71,-2.42,-4.14,Coffee,Clay Loam,0.411,0.293,26.58,7,0.41,3.902.346,18.568
12.29,107.75,6,1119,3.64,32.7,32.8,5.2,33.2,34.1,45,23.78,8.07,84.94,17.53,12,-6.53,-7.12,-7.14,-6.8,1.78,5.04,19.69,5.03,8.76,-0.75,-5.38,-6.63,Coffee,Clay Loam,0.443,0.277,40.35,7,0.489,3.902.346,16.507
12.292,107.525,6,870,3.64,34.6,25.4,5.5,37.1,28.4,34.3,23.78,8.07,84.94,17.53,12,-6.53,-7.12,-7.14,-6.8,1.78,5.04,19.69,5.03,8.76,-0.75,-5.38,-6.63,Coffee,Clay Loam,0.443,0.253,40.35,7,0.489,3.251.955,18.125
12.293,107.779,5,870,3.64,32.8,31.4,5.3,34.5,32.6,43.9,23.78,8.07,84.94,17.53,12,-6.53,-7.12,-7.14,-6.8,1.78,5.04,19.69,5.03,8.76,-0.75,-5.38,-6.63,Coffee,Clay Loam,0.443,0.272,40.35,7,0.489,3.685.549,18.125
12.293,108.465,6,746,3.64,35.1,38.2,5.6,37.8,27.1,47.5,23.46,3.64,87.08,16.64,12,-1.76,-4.32,-5.02,-4.88,1.67,-0.01,3.68,-0.7,7.04,3.99,1.88,-1.6,Coffee,Clay Loam,0.373,0.27,18.29,9,0.386,3.035.158,18.611
12.297,107.832,6,529,3.64,32.8,25.2,5.4,33.6,33.6,39.6,23.41,5.24,85.72,17.53,12,-3.95,-5.3,-5.47,-5.3,2.67,1.83,10.91,2.04,8.44,0.71,-2.42,-4.14,Coffee,Clay Loam,0.411,0.268,26.58,7,0.41,3.468.752,19.972
12.303,107.54,5,860,3.64,34.8,25.3,5.4,36.2,29,37.7,23.78,8.07,84.94,17.53,12,-6.53,-7.12,-7.14,-6.8,1.78,5.04,19.69,5.03,8.76,-0.75,-5.38,-6.63,Coffee,Clay Loam,0.443,0.26,40.35,7,0.489,3.468.752,18.19
12.304,108.087,5,877,3.64,32.5,34.7,5.2,32.5,35,48.4,23.41,5.24,85.72,16.64,12,-3.95,-5.3,-5.47,-5.3,2.67,1.83,10.91,2.04,8.44,0.71,-2.42,-4.14,Coffee,Clay Loam,0.411,0.283,26.58,7,0.41,3.902.346,17.71
12.307,108.17,6,536,3.64,36.5,32,5.6,31.2,32.4,41,23.41,5.24,85.72,16.64,12,-3.95,-5.3,-5.47,-5.3,2.67,1.83,10.91,2.04,8.44,0.71,-2.42,-4.14,Coffee,Clay Loam,0.411,0.276,26.58,7,0.41,3.035.158,19.926
12.316,107.535,5,833,3.64,35.1,23.3,5.5,35.9,29,37.3,23.78,8.07,84.94,17.53,12,-6.53,-7.12,-7.14,-6.8,1.78,5.04,19.69,5.03,8.76,-0.75,-5.38,-6.63,Coffee,Clay Loam,0.443,0.26,40.35,7,0.489,3.251.955,18.366
12.316,108.164,6,698,3.64,36.3,33.9,5.7,31.5,32.2,39.9,23.41,5.24,85.72,16.64,12,-3.95,-5.3,-5.47,-5.3,2.67,1.83,10.91,2.04,8.44,0.71,-2.42,-4.14,Coffee,Clay Loam,0.411,0.273,26.58,7,0.41,2.818.361,18.873
12.317,107.632,6,834,3.64,31,23.5,5.5,35.7,33.3,31,23.78,8.07,84.94,17.53,12,-6.53,-7.12,-7.14,-6.8,1.78,5.04,19.69,5.03,8.76,-0.75,-5.38,-6.63,Coffee,Clay Loam,0.443,0.251,40.35,7,0.489,3.251.955,18.359
12.323,107.955,6,454,3.64,32.9,25.3,5.8,32.3,34.9,35.3,23.41,5.24,85.72,17.53,12,-3.95,-5.3,-5.47,-5.3,2.67,1.83,10.91,2.04,8.44,0.71,-2.42,-4.14,Coffee,Clay Loam,0.411,0.265,26.58,7,0.41,2.601.564,20.459
12.325,108.276,5,686,3.64,35.4,41.9,5.6,32.6,32.1,36.6,23.41,5.24,85.72,16.64,12,-3.95,-5.3,-5.47,-5.3,2.67,1.83,10.91,2.04,8.44,0.71,-2.42,-4.14,Coffee,Clay Loam,0.411,0.266,26.58,7,0.41,3.035.158,18.951
12.326,107.902,6,432,3.64,32.2,26.1,5.7,32.9,34.9,29,23.41,5.24,85.72,17.53,12,-3.95,-5.3,-5.47,-5.3,2.67,1.83,10.91,2.04,8.44,0.71,-2.42,-4.14,Coffee,Clay Loam,0.411,0.255,26.58,7,0.41,2.818.361,20.602
12.33,108.394,6,1226,3.64,35.4,37.6,5.2,33.9,30.7,39.3,23.41,5.24,85.72,16.64,12,-3.95,-5.3,-5.47,-5.3,2.67,1.83,10.91,2.04,8.44,0.71,-2.42,-4.14,Coffee,Clay Loam,0.411,0.267,26.58,7,0.41,3.902.346,15.441
12.335,108.166,6,489,3.64,38.1,31.2,5.7,31.1,30.8,36.7,23.41,5.24,85.72,16.64,12,-3.95,-5.3,-5.47,-5.3,2.67,1.83,10.91,2.04,8.44,0.71,-2.42,-4.14,Coffee,Clay Loam,0.411,0.27,26.58,7,0.41,2.818.361,20.232
12.336,108.113,5,598,3.64,34.6,31.7,5.4,33.8,31.6,34,23.41,5.24,85.72,16.64,12,-3.95,-5.3,-5.47,-5.3,2.67,1.83,10.91,2.04,8.44,0.71,-2.42,-4.14,Coffee,Clay Loam,0.411,0.26,26.58,7,0.41,3.468.752,19.523
12.338,108.384,6,1222,3.64,36.1,33.9,5.3,33.7,30.2,39,23.41,5.24,85.72,16.64,12,-3.95,-5.3,-5.47,-5.3,2.67,1.83,10.91,2.04,8.44,0.71,-2.42,-4.14,Coffee,Clay Loam,0.411,0.267,26.58,7,0.41,3.685.549,15.467
12.339,107.606,6,841,3.64,35.5,23.4,5.5,34.7,29.8,32.7,23.78,8.07,84.94,17.53,12,-6.53,-7.12,-7.14,-6.8,1.78,5.04,19.69,5.03,8.76,-0.75,-5.38,-6.63,Coffee,Clay Loam,0.443,0.256,40.35,7,0.489,3.251.955,18.314
12.343,108.347,6,1521,3.64,37.5,38,5.3,31.8,30.8,52,23.41,5.24,85.72,16.64,12,-3.95,-5.3,-5.47,-5.3,2.67,1.83,10.91,2.04,8.44,0.71,-2.42,-4.14,Coffee,Clay Loam,0.411,0.29,26.58,7,0.41,3.685.549,13.524
12.348,108.372,6,1078,3.64,37.1,30.7,5.3,33.9,29,43.4,23.41,5.24,85.72,16.64,12,-3.95,-5.3,-5.47,-5.3,2.67,1.83,10.91,2.04,8.44,0.71,-2.42,-4.14,Coffee,Clay Loam,0.411,0.273,26.58,7,0.41,3.685.549,16.403
12.349,108.474,5,1049,3.64,38.3,38.1,5.4,36,25.7,37,23.46,3.64,87.08,16.64,12,-1.76,-4.32,-5.02,-4.88,1.67,-0.01,3.68,-0.7,7.04,3.99,1.88,-1.6,Coffee,Clay Loam,0.373,0.259,18.29,9,0.386,3.468.752,16.642
12.357,108.083,6,514,3.64,34.7,31.6,5.5,32.7,32.6,32.9,23.41,5.24,85.72,16.64,12,-3.95,-5.3,-5.47,-5.3,2.67,1.83,10.91,2.04,8.44,0.71,-2.42,-4.14,Coffee,Clay Loam,0.411,0.261,26.58,7,0.41,3.251.955,20.069
12.358,108.212,6,471,3.64,36.5,28.9,5.8,31.9,31.6,31.3,23.41,5.24,85.72,16.64,12,-3.95,-5.3,-5.47,-5.3,2.67,1.83,10.91,2.04,8.44,0.71,-2.42,-4.14,Coffee,Clay Loam,0.411,0.26,26.58,7,0.41,2.601.564,20.348
12.36,108.314,5,1054,3.64,36.4,30,5.3,32.9,30.6,36.2,23.41,5.24,85.72,16.64,12,-3.95,-5.3,-5.47,-5.3,2.67,1.83,10.91,2.04,8.44,0.71,-2.42,-4.14,Coffee,Clay Loam,0.411,0.265,26.58,7,0.41,3.685.549,16.559
12.361,108.199,6,466,3.64,36,27.8,5.8,30.7,33.3,30.3,23.41,5.24,85.72,16.64,12,-3.95,-5.3,-5.47,-5.3,2.67,1.83,10.91,2.04,8.44,0.71,-2.42,-4.14,Coffee,Clay Loam,0.411,0.262,26.58,7,0.41,2.601.564,20.381
12.363,107.551,5,747,3.64,30.7,21.4,5.6,35.6,33.7,35.2,23.78,8.07,84.94,17.53,12,-6.53,-7.12,-7.14,-6.8,1.78,5.04,19.69,5.03,8.76,-0.75,-5.38,-6.63,Coffee,Clay Loam,0.443,0.257,40.35,7,0.489,3.035.158,18.925
12.363,108.413,6,1594,3.64,36.2,50.3,5.2,32.9,30.8,50.5,23.41,5.24,85.72,16.64,12,-3.95,-5.3,-5.47,-5.3,2.67,1.83,10.91,2.04,8.44,0.71,-2.42,-4.14,Coffee,Clay Loam,0.411,0.285,26.58,7,0.41,3.902.346,13.049
12.367,108.333,5,1442,3.64,35.9,47.8,5.3,35.2,28.9,49.6,23.41,5.24,85.72,16.64,12,-3.95,-5.3,-5.47,-5.3,2.67,1.83,10.91,2.04,8.44,0.71,-2.42,-4.14,Coffee,Clay Loam,0.411,0.278,26.58,7,0.41,3.685.549,14.037
12.369,107.541,5,791,3.64,30.8,32.2,5.2,34.9,34.3,56,23.78,8.07,84.94,17.53,12,-6.53,-7.12,-7.14,-6.8,1.78,5.04,19.69,5.03,8.76,-0.75,-5.38,-6.63,Coffee,Clay Loam,0.443,0.288,40.35,7,0.489,3.902.346,18.638
12.372,107.642,6,708,3.64,34.2,26.9,5.4,35.1,30.7,39.3,23.78,8.07,84.94,17.53,12,-6.53,-7.12,-7.14,-6.8,1.78,5.04,19.69,5.03,8.76,-0.75,-5.38,-6.63,Coffee,Clay Loam,0.443,0.264,40.35,7,0.489,3.468.752,19.178
12.373,107.519,5,812,3.64,34.6,34,5.2,34.9,30.6,52.8,23.78,8.07,84.94,17.53,12,-6.53,-7.12,-7.14,-6.8,1.78,5.04,19.69,5.03,8.76,-0.75,-5.38,-6.63,Coffee,Clay Loam,0.443,0.284,40.35,7,0.489,3.902.346,18.502
12.376,107.601,6,810,3.64,31.1,26.1,5.3,36.5,32.4,40.6,23.78,8.07,84.94,17.53,12,-6.53,-7.12,-7.14,-6.8,1.78,5.04,19.69,5.03,8.76,-0.75,-5.38,-6.63,Coffee,Clay Loam,0.443,0.263,40.35,7,0.489,3.685.549,18.515
12.376,108.194,6,453,3.64,35.5,19.1,5.8,32.6,31.9,21.2,23.41,5.24,85.72,16.64,12,-3.95,-5.3,-5.47,-5.3,2.67,1.83,10.91,2.04,8.44,0.71,-2.42,-4.14,Coffee,Clay Loam,0.411,0.245,26.58,7,0.41,2.601.564,20.466
12.377,107.649,6,756,3.64,33.8,25,5.3,35.8,30.4,35.7,23.78,8.07,84.94,17.53,12,-6.53,-7.12,-7.14,-6.8,1.78,5.04,19.69,5.03,8.76,-0.75,-5.38,-6.63,Coffee,Clay Loam,0.443,0.258,40.35,7,0.489,3.685.549,18.866
12.377,107.717,6,736,3.64,36.3,23.4,5.7,33.6,30.1,33.8,23.78,8.07,84.94,17.53,12,-6.53,-7.12,-7.14,-6.8,1.78,5.04,19.69,5.03,8.76,-0.75,-5.38,-6.63,Coffee,Clay Loam,0.443,0.26,40.35,7,0.489,2.818.361,18.996
12.381,107.845,5,513,3.64,35.1,26.6,5.5,33.1,31.8,26.7,23.41,5.24,85.72,17.53,12,-3.95,-5.3,-5.47,-5.3,2.67,1.83,10.91,2.04,8.44,0.71,-2.42,-4.14,Coffee,Clay Loam,0.411,0.251,26.58,7,0.41,3.251.955,20.076
12.387,107.853,6,550,3.64,36,26.6,5.7,33,31,30.4,23.41,5.24,85.72,17.53,12,-3.95,-5.3,-5.47,-5.3,2.67,1.83,10.91,2.04,8.44,0.71,-2.42,-4.14,Coffee,Clay Loam,0.411,0.257,26.58,7,0.41,2.818.361,19.835
12.394,107.786,5,534,3.64,33.7,19.3,5.6,34.4,32,29.9,23.78,8.07,84.94,17.53,12,-6.53,-7.12,-7.14,-6.8,1.78,5.04,19.69,5.03,8.76,-0.75,-5.38,-6.63,Coffee,Clay Loam,0.443,0.253,40.35,7,0.489,3.035.158,20.309
12.395,107.865,5,508,3.64,35,19.8,5.8,33.3,31.8,28.9,23.41,5.24,85.72,17.53,12,-3.95,-5.3,-5.47,-5.3,2.67,1.83,10.91,2.04,8.44,0.71,-2.42,-4.14,Coffee,Clay Loam,0.411,0.254,26.58,7,0.41,2.601.564,20.108
12.396,107.758,5,691,3.64,33.8,25.6,5.5,31.5,34.7,33.3,23.78,8.07,84.94,17.53,12,-6.53,-7.12,-7.14,-6.8,1.78,5.04,19.69,5.03,8.76,-0.75,-5.38,-6.63,Coffee,Clay Loam,0.443,0.264,40.35,7,0.489,3.251.955,19.289
12.398,107.584,6,781,3.64,31.5,24.6,5.4,37.5,31,40.1,23.78,8.07,84.94,17.53,12,-6.53,-7.12,-7.14,-6.8,1.78,5.04,19.69,5.03,8.76,-0.75,-5.38,-6.63,Coffee,Clay Loam,0.443,0.26,40.35,7,0.489,3.468.752,18.704
12.401,107.798,6,529,3.64,31.5,19.6,5.6,33.1,35.4,24.6,23.78,8.07,84.94,17.53,12,-6.53,-7.12,-7.14,-6.8,1.78,5.04,19.69,5.03,8.76,-0.75,-5.38,-6.63,Coffee,Clay Loam,0.443,0.248,40.35,7,0.489,3.035.158,20.342
12.401,108.108,5,418,3.64,36.7,21.8,5.9,35,28.3,24.3,23.41,5.24,85.72,16.64,12,-3.95,-5.3,-5.47,-5.3,2.67,1.83,10.91,2.04,8.44,0.71,-2.42,-4.14,Coffee,Clay Loam,0.411,0.244,26.58,7,0.41,2.384.767,20.693
12.402,107.944,6,452,3.64,35.5,25.5,5.5,30.8,33.6,38,23.41,5.24,85.72,17.53,12,-3.95,-5.3,-5.47,-5.3,2.67,1.83,10.91,2.04,8.44,0.71,-2.42,-4.14,Coffee,Clay Loam,0.411,0.272,26.58,7,0.41,3.251.955,20.472
12.405,108.002,5,612,3.64,32.9,34.9,5.4,31.9,35.2,41.4,23.41,5.24,85.72,16.64,12,-3.95,-5.3,-5.47,-5.3,2.67,1.83,10.91,2.04,8.44,0.71,-2.42,-4.14,Coffee,Clay Loam,0.411,0.275,26.58,7,0.41,3.468.752,19.432
12.406,107.524,6,782,3.64,33.7,32.4,5.2,34.6,31.7,54.5,23.78,8.07,84.94,17.53,12,-6.53,-7.12,-7.14,-6.8,1.78,5.04,19.69,5.03,8.76,-0.75,-5.38,-6.63,Coffee,Clay Loam,0.443,0.287,40.35,7,0.489,3.902.346,18.697
12.407,107.751,5,701,3.64,37.1,24,5.7,32.3,30.6,32.6,23.78,8.07,84.94,17.53,12,-6.53,-7.12,-7.14,-6.8,1.78,5.04,19.69,5.03,8.76,-0.75,-5.38,-6.63,Coffee,Clay Loam,0.443,0.261,40.35,7,0.489,2.818.361,19.224
12.409,107.572,5,765,3.64,33.2,33.3,5.4,36.3,30.5,50,23.78,8.07,84.94,17.53,12,-6.53,-7.12,-7.14,-6.8,1.78,5.04,19.69,5.03,8.76,-0.75,-5.38,-6.63,Coffee,Clay Loam,0.443,0.277,40.35,7,0.489,3.468.752,18.808
12.409,108.12,6,418,3.64,35.3,22.2,6,36.3,28.4,20.9,23.41,5.24,85.72,16.64,12,-3.95,-5.3,-5.47,-5.3,2.67,1.83,10.91,2.04,8.44,0.71,-2.42,-4.14,Coffee,Clay Loam,0.411,0.236,26.58,7,0.41,2167.97,20.693
12.411,107.866,5,532,3.64,34.4,27.3,5.6,34.1,31.6,33.7,23.41,5.24,85.72,17.53,12,-3.95,-5.3,-5.47,-5.3,2.67,1.83,10.91,2.04,8.44,0.71,-2.42,-4.14,Coffee,Clay Loam,0.411,0.259,26.58,7,0.41,3.035.158,19.952
12.411,108.154,5,420,3.64,35.2,23.1,5.9,34.9,29.9,27.9,23.41,5.24,85.72,16.64,12,-3.95,-5.3,-5.47,-5.3,2.67,1.83,10.91,2.04,8.44,0.71,-2.42,-4.14,Coffee,Clay Loam,0.411,0.249,26.58,7,0.41,2.384.767,20.68
12.413,108.416,5,1829,3.64,32.6,63,5.3,36.5,30.9,66,23.41,5.24,85.72,16.64,12,-3.95,-5.3,-5.47,-5.3,2.67,1.83,10.91,2.04,8.44,0.71,-2.42,-4.14,Coffee,Clay Loam,0.411,0.298,26.58,7,0.41,3.685.549,11.522
12.415,107.612,5,733,3.64,28.7,23.3,5.4,36.4,35,36.4,23.78,8.07,84.94,17.53,12,-6.53,-7.12,-7.14,-6.8,1.78,5.04,19.69,5.03,8.76,-0.75,-5.38,-6.63,Coffee,Clay Loam,0.443,0.257,40.35,7,0.489,3.468.752,19.016
12.417,108.05,6,416,3.64,36.3,18.8,5.7,34.4,29.4,24.7,23.41,5.24,85.72,16.64,12,-3.95,-5.3,-5.47,-5.3,2.67,1.83,10.91,2.04,8.44,0.71,-2.42,-4.14,Coffee,Clay Loam,0.411,0.245,26.58,7,0.41,2.818.361,20.706
12.422,107.798,5,524,3.64,33.1,28.5,5.6,33.6,33.3,24.8,23.78,8.07,84.94,17.53,12,-6.53,-7.12,-7.14,-6.8,1.78,5.04,19.69,5.03,8.76,-0.75,-5.38,-6.63,Coffee,Clay Loam,0.443,0.247,40.35,7,0.489,3.035.158,20.374
12.424,107.694,5,637,3.64,34.1,20.1,5.6,35.3,30.6,30.4,23.78,8.07,84.94,17.53,12,-6.53,-7.12,-7.14,-6.8,1.78,5.04,19.69,5.03,8.76,-0.75,-5.38,-6.63,Coffee,Clay Loam,0.443,0.251,40.35,7,0.489,3.035.158,19.64
12.424,108.428,5,1382,3.64,38.5,39.7,5.2,31.8,29.7,49.5,23.41,5.24,85.72,16.64,12,-3.95,-5.3,-5.47,-5.3,2.67,1.83,10.91,2.04,8.44,0.71,-2.42,-4.14,Coffee,Clay Loam,0.411,0.286,26.58,7,0.41,3.902.346,14.427
12.425,108.314,5,1068,3.64,35.3,31.7,5.3,31.8,33,42.4,23.41,5.24,85.72,16.64,12,-3.95,-5.3,-5.47,-5.3,2.67,1.83,10.91,2.04,8.44,0.71,-2.42,-4.14,Coffee,Clay Loam,0.411,0.276,26.58,7,0.41,3.685.549,16.468
12.428,107.704,6,616,3.64,34.2,23.9,5.5,34.7,31.1,37.3,23.78,8.07,84.94,17.53,12,-6.53,-7.12,-7.14,-6.8,1.78,5.04,19.69,5.03,8.76,-0.75,-5.38,-6.63,Coffee,Clay Loam,0.443,0.262,40.35,7,0.489,3.251.955,19.776
12.432,107.998,5,416,3.64,35.8,21.6,5.7,33.7,30.5,28.2,23.41,5.24,85.72,17.53,12,-3.95,-5.3,-5.47,-5.3,2.67,1.83,10.91,2.04,8.44,0.71,-2.42,-4.14,Coffee,Clay Loam,0.411,0.252,26.58,7,0.41,2.818.361,20.706
12.434,107.835,5,494,3.64,30,26.5,5.7,35.5,34.4,33.8,23.41,5.24,85.72,17.53,12,-3.95,-5.3,-5.47,-5.3,2.67,1.83,10.91,2.04,8.44,0.71,-2.42,-4.14,Coffee,Clay Loam,0.411,0.256,26.58,7,0.41,2.818.361,20.199
12.435,107.838,6,483,3.64,32.8,25.2,5.8,35.5,31.6,30.6,23.41,5.24,85.72,17.53,12,-3.95,-5.3,-5.47,-5.3,2.67,1.83,10.91,2.04,8.44,0.71,-2.42,-4.14,Coffee,Clay Loam,0.411,0.251,26.58,7,0.41,2.601.564,20.27
12.435,108.247,5,484,3.64,35.4,30.8,5.9,34.4,30.1,29.3,23.41,5.24,85.72,16.64,12,-3.95,-5.3,-5.47,-5.3,2.67,1.83,10.91,2.04,8.44,0.71,-2.42,-4.14,Coffee,Clay Loam,0.411,0.252,26.58,7,0.41,2.384.767,20.264
12.439,108.328,6,1010,3.64,36.8,30.6,5.4,32,31.2,38.4,23.41,5.24,85.72,16.64,12,-3.95,-5.3,-5.47,-5.3,2.67,1.83,10.91,2.04,8.44,0.71,-2.42,-4.14,Coffee,Clay Loam,0.411,0.27,26.58,7,0.41,3.468.752,16.845
12.44,108.007,5,415,3.64,35.1,21.6,5.7,34.2,30.7,29.4,23.41,5.24,85.72,16.64,12,-3.95,-5.3,-5.47,-5.3,2.67,1.83,10.91,2.04,8.44,0.71,-2.42,-4.14,Coffee,Clay Loam,0.411,0.252,26.58,7,0.41,2.818.361,20.712
12.447,107.945,5,540,3.64,38,23.4,5.6,30.7,31.2,42.4,23.41,5.24,85.72,17.53,12,-3.95,-5.3,-5.47,-5.3,2.67,1.83,10.91,2.04,8.44,0.71,-2.42,-4.14,Coffee,Clay Loam,0.411,0.279,26.58,7,0.41,3.035.158,19.9
12.447,108.29,5,1169,3.64,32.8,42.6,5.1,33.2,34.1,54,23.41,5.24,85.72,16.64,12,-3.95,-5.3,-5.47,-5.3,2.67,1.83,10.91,2.04,8.44,0.71,-2.42,-4.14,Coffee,Clay Loam,0.411,0.289,26.58,7,0.41,4.119.143,15.812
12.448,107.65,6,696,3.64,31.1,24.7,5.4,37,31.9,42.2,23.78,8.07,84.94,17.53,12,-6.53,-7.12,-7.14,-6.8,1.78,5.04,19.69,5.03,8.76,-0.75,-5.38,-6.63,Coffee,Clay Loam,0.443,0.264,40.35,7,0.489,3.468.752,19.256
12.45,108.077,5,539,3.64,35.6,25,5.5,33.2,31.2,46.5,23.41,5.24,85.72,16.64,12,-3.95,-5.3,-5.47,-5.3,2.67,1.83,10.91,2.04,8.44,0.71,-2.42,-4.14,Coffee,Clay Loam,0.411,0.279,26.58,7,0.41,3.251.955,19.906
12.451,107.691,5,685,3.64,30.1,23.1,5.4,37,32.9,36.7,23.78,8.07,84.94,17.53,12,-6.53,-7.12,-7.14,-6.8,1.78,5.04,19.69,5.03,8.76,-0.75,-5.38,-6.63,Coffee,Clay Loam,0.443,0.256,40.35,7,0.489,3.468.752,19.328
12.451,107.94,6,457,3.64,36,17.5,5.7,32.6,31.4,30.3,23.41,5.24,85.72,17.53,12,-3.95,-5.3,-5.47,-5.3,2.67,1.83,10.91,2.04,8.44,0.71,-2.42,-4.14,Coffee,Clay Loam,0.411,0.257,26.58,7,0.41,2.818.361,20.44
12.452,107.583,5,682,3.64,31.5,24.6,5.4,35.3,33.2,36.3,23.78,8.07,84.94,17.53,12,-6.53,-7.12,-7.14,-6.8,1.78,5.04,19.69,5.03,8.76,-0.75,-5.38,-6.63,Coffee,Clay Loam,0.443,0.26,40.35,7,0.489,3.468.752,19.347
12.454,108.227,5,556,3.64,38.1,23.7,5.8,33.8,28.1,30.2,23.41,5.24,85.72,16.64,12,-3.95,-5.3,-5.47,-5.3,2.67,1.83,10.91,2.04,8.44,0.71,-2.42,-4.14,Coffee,Clay Loam,0.411,0.255,26.58,7,0.41,2.601.564,19.796
12.454,108.336,6,801,3.64,35.1,37.6,5.6,31.2,33.8,44.9,23.41,5.24,85.72,16.64,12,-3.95,-5.3,-5.47,-5.3,2.67,1.83,10.91,2.04,8.44,0.71,-2.42,-4.14,Coffee,Clay Loam,0.411,0.281,26.58,7,0.41,3.035.158,18.204
12.454,108.476,5,1241,3.64,38.6,41,5.4,34.6,26.8,51.9,23.46,3.64,87.08,16.64,12,-1.76,-4.32,-5.02,-4.88,1.67,-0.01,3.68,-0.7,7.04,3.99,1.88,-1.6,Coffee,Clay Loam,0.373,0.283,18.29,9,0.386,3.468.752,15.394
12.455,107.957,5,450,3.64,36.1,21.6,5.7,34.5,29.4,27.9,23.41,5.24,85.72,17.53,12,-3.95,-5.3,-5.47,-5.3,2.67,1.83,10.91,2.04,8.44,0.71,-2.42,-4.14,Coffee,Clay Loam,0.411,0.25,26.58,7,0.41,2.818.361,20.485
12.456,108.476,6,1236,3.64,38.9,41,5.4,34.7,26.3,48.8,23.46,3.64,87.08,16.64,12,-1.76,-4.32,-5.02,-4.88,1.67,-0.01,3.68,-0.7,7.04,3.99,1.88,-1.6,Coffee,Clay Loam,0.373,0.279,18.29,9,0.386,3.468.752,15.426
12.461,107.986,6,417,3.64,32.6,19,5.8,36,31.4,25.7,23.41,5.24,85.72,17.53,12,-3.95,-5.3,-5.47,-5.3,2.67,1.83,10.91,2.04,8.44,0.71,-2.42,-4.14,Coffee,Clay Loam,0.411,0.243,26.58,7,0.41,2.601.564,20.7
12.462,108.377,6,1436,3.64,36.3,39.8,5.2,31.7,31.9,45.7,23.41,5.24,85.72,16.64,12,-3.95,-5.3,-5.47,-5.3,2.67,1.83,10.91,2.04,8.44,0.71,-2.42,-4.14,Coffee,Clay Loam,0.411,0.281,26.58,7,0.41,3.902.346,14.076
12.466,107.88,5,437,3.64,33,23.5,5.8,32.8,34.2,28.4,23.41,5.24,85.72,17.53,12,-3.95,-5.3,-5.47,-5.3,2.67,1.83,10.91,2.04,8.44,0.71,-2.42,-4.14,Coffee,Clay Loam,0.411,0.254,26.58,7,0.41,2.601.564,20.57
12.466,108.226,6,509,3.64,39.2,25.2,5.9,31.1,29.7,27.5,23.41,5.24,85.72,16.64,12,-3.95,-5.3,-5.47,-5.3,2.67,1.83,10.91,2.04,8.44,0.71,-2.42,-4.14,Coffee,Clay Loam,0.411,0.257,26.58,7,0.41,2.384.767,20.102
12.467,108.211,6,539,3.64,36.6,24.1,5.9,34,29.3,28,23.41,5.24,85.72,16.64,12,-3.95,-5.3,-5.47,-5.3,2.67,1.83,10.91,2.04,8.44,0.71,-2.42,-4.14,Coffee,Clay Loam,0.411,0.251,26.58,7,0.41,2.384.767,19.906
12.471,107.791,5,481,3.64,35.9,25.9,5.6,33.1,31,34.2,23.78,8.07,84.94,17.53,12,-6.53,-7.12,-7.14,-6.8,1.78,5.04,19.69,5.03,8.76,-0.75,-5.38,-6.63,Coffee,Clay Loam,0.443,0.262,40.35,7,0.489,3.035.158,20.654
12.473,107.908,6,427,3.64,32.8,17.3,5.6,31.7,35.5,28.3,23.41,5.24,85.72,17.53,12,-3.95,-5.3,-5.47,-5.3,2.67,1.83,10.91,2.04,8.44,0.71,-2.42,-4.14,Coffee,Clay Loam,0.411,0.257,26.58,7,0.41,3.035.158,20.634
12.473,107.924,6,437,3.64,31.4,24.6,5.7,31.6,37,28.9,23.41,5.24,85.72,17.53,12,-3.95,-5.3,-5.47,-5.3,2.67,1.83,10.91,2.04,8.44,0.71,-2.42,-4.14,Coffee,Clay Loam,0.411,0.258,26.58,7,0.41,2.818.361,20.57
12.476,108.42,6,1187,3.64,36.4,38.4,5.4,32.7,30.9,46.5,23.41,5.24,85.72,16.64,12,-3.95,-5.3,-5.47,-5.3,2.67,1.83,10.91,2.04,8.44,0.71,-2.42,-4.14,Coffee,Clay Loam,0.411,0.28,26.58,7,0.41,3.468.752,15.695
12.477,107.773,6,536,3.64,36.1,24.7,5.7,34.1,29.8,26.6,23.78,8.07,84.94,17.53,12,-6.53,-7.12,-7.14,-6.8,1.78,5.04,19.69,5.03,8.76,-0.75,-5.38,-6.63,Coffee,Clay Loam,0.443,0.249,40.35,7,0.489,2.818.361,20.296
12.477,108.208,6,469,3.64,36.2,24,5.7,33.6,30.1,31.8,23.41,5.24,85.72,16.64,12,-3.95,-5.3,-5.47,-5.3,2.67,1.83,10.91,2.04,8.44,0.71,-2.42,-4.14,Coffee,Clay Loam,0.411,0.257,26.58,7,0.41,2.818.361,20.362
12.479,108.347,5,894,3.64,34.2,41.3,5.4,33.6,32.1,43.7,23.41,5.24,85.72,16.64,12,-3.95,-5.3,-5.47,-5.3,2.67,1.83,10.91,2.04,8.44,0.71,-2.42,-4.14,Coffee,Clay Loam,0.411,0.274,26.58,7,0.41,3.468.752,17.599
12.48,107.738,5,577,3.64,36.1,22.9,5.7,33.9,29.9,27.2,23.78,8.07,84.94,17.53,12,-6.53,-7.12,-7.14,-6.8,1.78,5.04,19.69,5.03,8.76,-0.75,-5.38,-6.63,Coffee,Clay Loam,0.443,0.25,40.35,7,0.489,2.818.361,20.03
12.491,107.758,6,521,3.64,38,30.2,5.7,31.4,30.5,33.5,23.78,8.07,84.94,17.53,12,-6.53,-7.12,-7.14,-6.8,1.78,5.04,19.69,5.03,8.76,-0.75,-5.38,-6.63,Coffee,Clay Loam,0.443,0.265,40.35,7,0.489,2.818.361,20.394
12.495,107.828,5,394,3.64,32.6,24.2,5.6,32.3,35.1,30.6,23.41,5.24,85.72,17.53,12,-3.95,-5.3,-5.47,-5.3,2.67,1.83,10.91,2.04,8.44,0.71,-2.42,-4.14,Coffee,Clay Loam,0.411,0.259,26.58,7,0.41,3.035.158,20.849
12.496,108.007,6,413,3.64,35.3,22.6,5.7,33.7,30.9,28,23.41,5.24,85.72,16.64,12,-3.95,-5.3,-5.47,-5.3,2.67,1.83,10.91,2.04,8.44,0.71,-2.42,-4.14,Coffee,Clay Loam,0.411,0.252,26.58,7,0.41,2.818.361,20.726
12.496,108.246,6,443,3.64,32.9,18.8,6,34.5,32.6,25,23.41,5.24,85.72,16.64,12,-3.95,-5.3,-5.47,-5.3,2.67,1.83,10.91,2.04,8.44,0.71,-2.42,-4.14,Coffee,Clay Loam,0.411,0.246,26.58,7,0.41,2167.97,20.53
12.498,108.32,5,451,3.64,30.5,21.8,6,38.8,30.7,22.3,23.41,5.24,85.72,16.64,12,-3.95,-5.3,-5.47,-5.3,2.67,1.83,10.91,2.04,8.44,0.71,-2.42,-4.14,Coffee,Clay Loam,0.411,0.232,26.58,7,0.41,2167.97,20.478
12.499,107.976,5,426,3.64,30.9,20.1,5.8,36.9,32.3,22.7,23.41,5.24,85.72,17.53,12,-3.95,-5.3,-5.47,-5.3,2.67,1.83,10.91,2.04,8.44,0.71,-2.42,-4.14,Coffee,Clay Loam,0.411,0.237,26.58,7,0.41,2.601.564,20.641
12.502,108.135,6,461,3.64,32.4,22.5,5.7,36.3,31.3,27.9,23.41,5.24,85.72,16.64,12,-3.95,-5.3,-5.47,-5.3,2.67,1.83,10.91,2.04,8.44,0.71,-2.42,-4.14,Coffee,Clay Loam,0.411,0.246,26.58,7,0.41,2.818.361,20.414
12.506,107.738,5,549,3.64,33.5,22.7,5.6,34.3,32.2,25.3,23.78,8.07,84.94,17.53,12,-6.53,-7.12,-7.14,-6.8,1.78,5.04,19.69,5.03,8.76,-0.75,-5.38,-6.63,Coffee,Clay Loam,0.443,0.247,40.35,7,0.489,3.035.158,20.212
12.506,108.174,6,475,3.64,31.2,19.5,5.7,35.4,33.3,25.9,23.41,5.24,85.72,16.64,12,-3.95,-5.3,-5.47,-5.3,2.67,1.83,10.91,2.04,8.44,0.71,-2.42,-4.14,Coffee,Clay Loam,0.411,0.245,26.58,7,0.41,2.818.361,20.322
12.506,108.435,5,551,3.64,32.7,30,5.8,39.2,28.1,36.6,23.41,5.24,85.72,16.64,12,-3.95,-5.3,-5.47,-5.3,2.67,1.83,10.91,2.04,8.44,0.71,-2.42,-4.14,Coffee,Clay Loam,0.411,0.251,26.58,7,0.41,2.601.564,19.828
12.509,107.682,5,622,3.64,36.4,21.5,5.8,34.3,29.3,27.1,23.78,8.07,84.94,17.53,12,-6.53,-7.12,-7.14,-6.8,1.78,5.04,19.69,5.03,8.76,-0.75,-5.38,-6.63,Coffee,Clay Loam,0.443,0.249,40.35,7,0.489,2.601.564,19.737
12.51,108.375,5,447,3.64,32.8,29.8,5.8,36.8,30.3,33,23.41,5.24,85.72,16.64,12,-3.95,-5.3,-5.47,-5.3,2.67,1.83,10.91,2.04,8.44,0.71,-2.42,-4.14,Coffee,Clay Loam,0.411,0.252,26.58,7,0.41,2.601.564,20.504
12.512,108.408,5,464,3.64,34.9,31.1,6,37.9,27.2,33.9,23.41,5.24,85.72,16.64,12,-3.95,-5.3,-5.47,-5.3,2.67,1.83,10.91,2.04,8.44,0.71,-2.42,-4.14,Coffee,Clay Loam,0.411,0.25,26.58,7,0.41,2167.97,20.394
12.513,107.52,6,773,3.64,31.2,37.4,5.1,35.5,33.2,50.7,23.78,8.07,84.94,17.53,12,-6.53,-7.12,-7.14,-6.8,1.78,5.04,19.69,5.03,8.76,-0.75,-5.38,-6.63,Coffee,Clay Loam,0.443,0.279,40.35,7,0.489,4.119.143,18.756
12.513,108.471,5,489,3.64,33.3,23.4,5.8,37.4,29.3,30.8,23.46,3.64,87.08,16.64,12,-1.76,-4.32,-5.02,-4.88,1.67,-0.01,3.68,-0.7,7.04,3.99,1.88,-1.6,Coffee,Clay Loam,0.373,0.247,18.29,9,0.386,2.601.564,20.282
12.514,107.937,6,128,3.64,33.6,24.3,5.5,35.3,31.1,50.8,23.41,5.24,85.72,17.53,12,-3.95,-5.3,-5.47,-5.3,2.67,1.83,10.91,2.04,8.44,0.71,-2.42,-4.14,Coffee,Clay Loam,0.411,0.28,26.58,7,0.41,3.251.955,22.578
12.514,108.082,5,460,3.64,33.2,21.9,5.7,36.4,30.5,30.9,23.41,5.24,85.72,16.64,12,-3.95,-5.3,-5.47,-5.3,2.67,1.83,10.91,2.04,8.44,0.71,-2.42,-4.14,Coffee,Clay Loam,0.411,0.25,26.58,7,0.41,2.818.361,20.42
12.518,107.698,6,599,3.64,37.1,22.2,5.5,33.2,29.7,27.9,23.78,8.07,84.94,17.53,12,-6.53,-7.12,-7.14,-6.8,1.78,5.04,19.69,5.03,8.76,-0.75,-5.38,-6.63,Coffee,Clay Loam,0.443,0.253,40.35,7,0.489,3.251.955,19.886
12.518,108.308,5,427,3.64,33.5,22.4,5.9,38.7,27.8,28.3,23.41,5.24,85.72,16.64,12,-3.95,-5.3,-5.47,-5.3,2.67,1.83,10.91,2.04,8.44,0.71,-2.42,-4.14,Coffee,Clay Loam,0.411,0.241,26.58,7,0.41,2.384.767,20.634
12.524,107.882,6,386,3.64,36.7,24.7,5.7,32.7,30.6,30.5,23.41,5.24,85.72,17.53,12,-3.95,-5.3,-5.47,-5.3,2.67,1.83,10.91,2.04,8.44,0.71,-2.42,-4.14,Coffee,Clay Loam,0.411,0.257,26.58,7,0.41,2.818.361,20.901
12.524,108.101,6,582,3.64,31.5,23.6,5.7,33.9,34.6,37.5,23.41,5.24,85.72,16.64,12,-3.95,-5.3,-5.47,-5.3,2.67,1.83,10.91,2.04,8.44,0.71,-2.42,-4.14,Coffee,Clay Loam,0.411,0.265,26.58,7,0.41,2.818.361,19.627
12.524,108.201,6,423,3.64,32.7,21.2,6,37.2,30.1,24.4,23.41,5.24,85.72,16.64,12,-3.95,-5.3,-5.47,-5.3,2.67,1.83,10.91,2.04,8.44,0.71,-2.42,-4.14,Coffee,Clay Loam,0.411,0.239,26.58,7,0.41,2167.97,20.66
12.525,108.005,6,485,3.64,33.2,22.8,5.6,33.2,33.6,30.9,23.41,5.24,85.72,16.64,12,-3.95,-5.3,-5.47,-5.3,2.67,1.83,10.91,2.04,8.44,0.71,-2.42,-4.14,Coffee,Clay Loam,0.411,0.257,26.58,7,0.41,3.035.158,20.258
12.525,108.323,6,442,3.64,33.4,27.7,5.9,39.4,27.2,33.6,23.41,5.24,85.72,16.64,12,-3.95,-5.3,-5.47,-5.3,2.67,1.83,10.91,2.04,8.44,0.71,-2.42,-4.14,Coffee,Clay Loam,0.411,0.246,26.58,7,0.41,2.384.767,20.537
12.526,107.705,6,601,3.64,35.3,25.5,5.6,34,30.7,36.9,23.78,8.07,84.94,17.53,12,-6.53,-7.12,-7.14,-6.8,1.78,5.04,19.69,5.03,8.76,-0.75,-5.38,-6.63,Coffee,Clay Loam,0.443,0.263,40.35,7,0.489,3.035.158,19.874
12.526,107.945,6,412,3.64,37.7,24.5,5.9,35.9,26.4,35.4,23.41,5.24,85.72,17.53,12,-3.95,-5.3,-5.47,-5.3,2.67,1.83,10.91,2.04,8.44,0.71,-2.42,-4.14,Coffee,Clay Loam,0.411,0.257,26.58,7,0.41,2.384.767,20.732
12.528,107.51,6,651,3.64,35.1,26.9,5.2,34.5,30.4,44.5,23.78,8.07,84.94,17.53,12,-6.53,-7.12,-7.14,-6.8,1.78,5.04,19.69,5.03,8.76,-0.75,-5.38,-6.63,Coffee,Clay Loam,0.443,0.273,40.35,7,0.489,3.902.346,19.548
12.531,107.954,5,412,3.64,34.4,25.3,5.6,36.6,28.9,35.6,23.41,5.24,85.72,17.53,12,-3.95,-5.3,-5.47,-5.3,2.67,1.83,10.91,2.04,8.44,0.71,-2.42,-4.14,Coffee,Clay Loam,0.411,0.256,26.58,7,0.41,3.035.158,20.732
12.531,108.404,5,487,3.64,36,26.4,5.8,37.9,26.1,32.8,23.41,5.24,85.72,16.64,12,-3.95,-5.3,-5.47,-5.3,2.67,1.83,10.91,2.04,8.44,0.71,-2.42,-4.14,Coffee,Clay Loam,0.411,0.249,26.58,7,0.41,2.601.564,20.245
12.533,107.903,6,359,3.64,31.3,21.9,5.7,35.8,32.9,24.6,23.41,5.24,85.72,17.53,12,-3.95,-5.3,-5.47,-5.3,2.67,1.83,10.91,2.04,8.44,0.71,-2.42,-4.14,Coffee,Clay Loam,0.411,0.242,26.58,7,0.41,2.818.361,21.076
12.533,108.049,6,424,3.64,31.6,18.8,5.8,36.8,31.7,25.7,23.41,5.24,85.72,16.64,12,-3.95,-5.3,-5.47,-5.3,2.67,1.83,10.91,2.04,8.44,0.71,-2.42,-4.14,Coffee,Clay Loam,0.411,0.241,26.58,7,0.41,2.601.564,20.654
12.534,108.393,5,431,3.64,33.9,24.9,5.8,39.6,26.5,27.1,23.41,5.24,85.72,16.64,12,-3.95,-5.3,-5.47,-5.3,2.67,1.83,10.91,2.04,8.44,0.71,-2.42,-4.14,Coffee,Clay Loam,0.411,0.237,26.58,7,0.41,2.601.564,20.608
12.535,107.759,6,452,3.64,33.3,24.3,5.9,33.6,33.1,27.8,23.78,8.07,84.94,17.53,12,-6.53,-7.12,-7.14,-6.8,1.78,5.04,19.69,5.03,8.76,-0.75,-5.38,-6.63,Coffee,Clay Loam,0.443,0.252,40.35,7,0.489,2.384.767,20.842
12.536,107.886,6,350,3.64,34.5,24.2,5.6,35.1,30.4,29.5,23.41,5.24,85.72,17.53,12,-3.95,-5.3,-5.47,-5.3,2.67,1.83,10.91,2.04,8.44,0.71,-2.42,-4.14,Coffee,Clay Loam,0.411,0.251,26.58,7,0.41,3.035.158,21.135
12.536,108.172,6,505,3.64,30.3,20.7,5.7,36.7,32.9,32.7,23.41,5.24,85.72,16.64,12,-3.95,-5.3,-5.47,-5.3,2.67,1.83,10.91,2.04,8.44,0.71,-2.42,-4.14,Coffee,Clay Loam,0.411,0.251,26.58,7,0.41,2.818.361,20.128
12.538,107.759,6,466,3.64,35.9,23.9,5.9,34.1,30,23.1,23.78,8.07,84.94,17.53,12,-6.53,-7.12,-7.14,-6.8,1.78,5.04,19.69,5.03,8.76,-0.75,-5.38,-6.63,Coffee,Clay Loam,0.443,0.244,40.35,7,0.489,2.384.767,20.751
12.543,108.31,6,428,3.64,32.1,19.5,6,40,27.9,23.5,23.41,5.24,85.72,16.64,12,-3.95,-5.3,-5.47,-5.3,2.67,1.83,10.91,2.04,8.44,0.71,-2.42,-4.14,Coffee,Clay Loam,0.411,0.231,26.58,7,0.41,2167.97,20.628
12.544,108.206,6,433,3.64,31.8,19.5,5.7,36.8,31.4,26.5,23.41,5.24,85.72,16.64,12,-3.95,-5.3,-5.47,-5.3,2.67,1.83,10.91,2.04,8.44,0.71,-2.42,-4.14,Coffee,Clay Loam,0.411,0.242,26.58,7,0.41,2.818.361,20.596
12.55,108.015,5,506,3.64,33.9,32.9,5.7,36.1,30.1,41.4,23.41,5.24,85.72,16.64,12,-3.95,-5.3,-5.47,-5.3,2.67,1.83,10.91,2.04,8.44,0.71,-2.42,-4.14,Coffee,Clay Loam,0.411,0.265,26.58,7,0.41,2.818.361,20.121
12.551,107.63,5,486,3.64,35.2,24.7,5.5,32.3,32.5,33.8,23.78,8.07,84.94,17.53,12,-6.53,-7.12,-7.14,-6.8,1.78,5.04,19.69,5.03,8.76,-0.75,-5.38,-6.63,Coffee,Clay Loam,0.443,0.263,40.35,7,0.489,3.251.955,20.621
12.551,108.296,5,429,3.64,31.6,20,6,39.8,28.6,27.2,23.41,5.24,85.72,16.64,12,-3.95,-5.3,-5.47,-5.3,2.67,1.83,10.91,2.04,8.44,0.71,-2.42,-4.14,Coffee,Clay Loam,0.411,0.237,26.58,7,0.41,2167.97,20.622
12.553,107.893,5,374,3.64,31,23.3,5.7,36.4,32.6,25.4,23.41,5.24,85.72,17.53,12,-3.95,-5.3,-5.47,-5.3,2.67,1.83,10.91,2.04,8.44,0.71,-2.42,-4.14,Coffee,Clay Loam,0.411,0.242,26.58,7,0.41,2.818.361,20.979
12.554,107.89,6,383,3.64,34.6,21.8,5.8,35.7,29.7,24.6,23.41,5.24,85.72,17.53,12,-3.95,-5.3,-5.47,-5.3,2.67,1.83,10.91,2.04,8.44,0.71,-2.42,-4.14,Coffee,Clay Loam,0.411,0.242,26.58,7,0.41,2.601.564,20.92
12.56,108.305,6,432,3.64,31.3,20.4,6,39.5,29.2,33.3,23.41,5.24,85.72,16.64,12,-3.95,-5.3,-5.47,-5.3,2.67,1.83,10.91,2.04,8.44,0.71,-2.42,-4.14,Coffee,Clay Loam,0.411,0.246,26.58,7,0.41,2167.97,20.602
12.563,107.992,6,385,3.64,34,23.9,5.8,36.7,29.3,25.9,23.41,5.24,85.72,17.53,12,-3.95,-5.3,-5.47,-5.3,2.67,1.83,10.91,2.04,8.44,0.71,-2.42,-4.14,Coffee,Clay Loam,0.411,0.242,26.58,7,0.41,2.601.564,20.908
12.563,108.094,5,487,3.64,30.6,21.4,5.6,37.6,31.8,32.4,23.41,5.24,85.72,16.64,12,-3.95,-5.3,-5.47,-5.3,2.67,1.83,10.91,2.04,8.44,0.71,-2.42,-4.14,Coffee,Clay Loam,0.411,0.249,26.58,7,0.41,3.035.158,20.245
12.563,108.112,5,506,3.64,32,20.8,5.7,36.3,31.7,32.4,23.41,5.24,85.72,16.64,12,-3.95,-5.3,-5.47,-5.3,2.67,1.83,10.91,2.04,8.44,0.71,-2.42,-4.14,Coffee,Clay Loam,0.411,0.252,26.58,7,0.41,2.818.361,20.121
12.564,107.677,6,533,3.64,31.1,23.5,5.5,34,34.9,36.3,23.78,8.07,84.94,17.53,12,-6.53,-7.12,-7.14,-6.8,1.78,5.04,19.69,5.03,8.76,-0.75,-5.38,-6.63,Coffee,Clay Loam,0.443,0.263,40.35,7,0.489,3.251.955,20.316
12.564,107.937,6,364,3.64,31.5,23.3,5.6,36.7,31.8,25.6,23.41,5.24,85.72,17.53,12,-3.95,-5.3,-5.47,-5.3,2.67,1.83,10.91,2.04,8.44,0.71,-2.42,-4.14,Coffee,Clay Loam,0.411,0.241,26.58,7,0.41,3.035.158,21.044
12.565,108.01,5,399,3.64,33.9,26.2,5.9,36.9,29.2,25.8,23.41,5.24,85.72,16.64,12,-3.95,-5.3,-5.47,-5.3,2.67,1.83,10.91,2.04,8.44,0.71,-2.42,-4.14,Coffee,Clay Loam,0.411,0.241,26.58,7,0.41,2.384.767,20.816
12.566,108.051,6,453,3.64,29.9,21.6,5.6,38.5,31.5,31.4,23.41,5.24,85.72,16.64,12,-3.95,-5.3,-5.47,-5.3,2.67,1.83,10.91,2.04,8.44,0.71,-2.42,-4.14,Coffee,Clay Loam,0.411,0.245,26.58,7,0.41,3.035.158,20.466
12.567,108.392,5,520,3.64,33.6,30.4,5.9,37.5,28.9,27.4,23.41,5.24,85.72,16.64,12,-3.95,-5.3,-5.47,-5.3,2.67,1.83,10.91,2.04,8.44,0.71,-2.42,-4.14,Coffee,Clay Loam,0.411,0.242,26.58,7,0.41,2.384.767,20.03
12.572,108.418,5,477,3.64,32.5,27.7,5.9,36.9,30.6,28.2,23.41,5.24,85.72,16.64,12,-3.95,-5.3,-5.47,-5.3,2.67,1.83,10.91,2.04,8.44,0.71,-2.42,-4.14,Coffee,Clay Loam,0.411,0.245,26.58,7,0.41,2.384.767,20.31
12.573,107.897,5,354,3.64,29.8,24.9,5.7,36.5,33.6,23.7,23.41,5.24,85.72,17.53,12,-3.95,-5.3,-5.47,-5.3,2.67,1.83,10.91,2.04,8.44,0.71,-2.42,-4.14,Coffee,Clay Loam,0.411,0.239,26.58,7,0.41,2.818.361,21.109
12.574,108.025,5,439,3.64,33.2,25.4,5.7,37.1,29.8,30.3,23.41,5.24,85.72,16.64,12,-3.95,-5.3,-5.47,-5.3,2.67,1.83,10.91,2.04,8.44,0.71,-2.42,-4.14,Coffee,Clay Loam,0.411,0.247,26.58,7,0.41,2.818.361,20.556
12.578,107.734,5,500,3.64,39.9,22.1,5.9,32.2,27.9,33,23.78,8.07,84.94,17.53,12,-6.53,-7.12,-7.14,-6.8,1.78,5.04,19.69,5.03,8.76,-0.75,-5.38,-6.63,Coffee,Clay Loam,0.443,0.262,40.35,7,0.489,2.384.767,20.53
12.58,107.738,6,128,3.64,40,23.8,5.9,32.8,27.2,30.8,23.78,8.07,84.94,17.53,12,-6.53,-7.12,-7.14,-6.8,1.78,5.04,19.69,5.03,8.76,-0.75,-5.38,-6.63,Coffee,Clay,0.443,0.258,40.35,7,0.489,2.384.767,22.948
12.58,107.853,5,369,3.64,30.6,21.2,5.7,37.3,32.1,26.7,23.41,5.24,85.72,17.53,12,-3.95,-5.3,-5.47,-5.3,2.67,1.83,10.91,2.04,8.44,0.71,-2.42,-4.14,Coffee,Clay Loam,0.411,0.242,26.58,7,0.41,2.818.361,21.012
12.581,108.194,5,462,3.64,32.2,22.8,5.7,35.5,32.2,28.2,23.41,5.24,85.72,16.64,12,-3.95,-5.3,-5.47,-5.3,2.67,1.83,10.91,2.04,8.44,0.71,-2.42,-4.14,Coffee,Clay Loam,0.411,0.248,26.58,7,0.41,2.818.361,20.407
12.585,107.619,6,395,3.64,35.4,26.1,5.5,33,31.7,29.2,23.78,8.07,84.94,17.53,12,-6.53,-7.12,-7.14,-6.8,1.78,5.04,19.69,5.03,8.76,-0.75,-5.38,-6.63,Coffee,Clay Loam,0.443,0.255,40.35,7,0.489,3.251.955,21.213
12.585,107.642,6,394,3.64,32.9,26.4,5.5,33.8,33.3,27.8,23.78,8.07,84.94,17.53,12,-6.53,-7.12,-7.14,-6.8,1.78,5.04,19.69,5.03,8.76,-0.75,-5.38,-6.63,Coffee,Clay Loam,0.443,0.251,40.35,7,0.489,3.251.955,21.219
12.585,108.063,5,448,3.64,34.9,18.9,5.7,36.6,28.5,27.9,23.41,5.24,85.72,16.64,12,-3.95,-5.3,-5.47,-5.3,2.67,1.83,10.91,2.04,8.44,0.71,-2.42,-4.14,Coffee,Clay Loam,0.411,0.245,26.58,7,0.41,2.818.361,20.498
12.587,107.501,6,433,3.64,32.2,22.8,5.5,33.6,34.2,29.5,23.78,8.07,84.94,17.53,12,-6.53,-7.12,-7.14,-6.8,1.78,5.04,19.69,5.03,8.76,-0.75,-5.38,-6.63,Coffee,Clay Loam,0.443,0.254,40.35,7,0.489,3.251.955,20.966
12.587,107.85,5,363,3.64,33,22.3,5.8,35.7,31.3,24,23.41,5.24,85.72,17.53,12,-3.95,-5.3,-5.47,-5.3,2.67,1.83,10.91,2.04,8.44,0.71,-2.42,-4.14,Coffee,Clay Loam,0.411,0.241,26.58,7,0.41,2.601.564,21.05
12.587,107.934,6,302,3.64,30.8,25.1,5.7,37.2,32,27.7,23.41,5.24,85.72,17.53,12,-3.95,-5.3,-5.47,-5.3,2.67,1.83,10.91,2.04,8.44,0.71,-2.42,-4.14,Coffee,Clay Loam,0.411,0.243,26.58,7,0.41,2.818.361,21.447
12.589,108.239,6,451,3.64,30.3,24.1,5.9,39.3,30.4,27.1,23.41,5.24,85.72,16.64,12,-3.95,-5.3,-5.47,-5.3,2.67,1.83,10.91,2.04,8.44,0.71,-2.42,-4.14,Coffee,Clay Loam,0.411,0.238,26.58,7,0.41,2.384.767,20.478
12.59,108.242,5,450,3.64,29.2,24.9,5.8,40.8,29.9,27.9,23.41,5.24,85.72,16.64,12,-3.95,-5.3,-5.47,-5.3,2.67,1.83,10.91,2.04,8.44,0.71,-2.42,-4.14,Coffee,Clay Loam,0.411,0.235,26.58,7,0.41,2.601.564,20.485
12.591,107.586,5,350,3.64,32.8,26.5,5.5,34.3,33,33.9,23.78,8.07,84.94,17.53,12,-6.53,-7.12,-7.14,-6.8,1.78,5.04,19.69,5.03,8.76,-0.75,-5.38,-6.63,Coffee,Clay Loam,0.443,0.259,40.35,7,0.489,3.251.955,21.505
12.591,108.441,6,462,3.64,34.5,25.5,6,36.6,28.8,26.6,23.46,3.64,87.08,16.64,12,-1.76,-4.32,-5.02,-4.88,1.67,-0.01,3.68,-0.7,7.04,3.99,1.88,-1.6,Coffee,Clay Loam,0.373,0.243,18.29,9,0.386,2167.97,20.457
12.592,108.485,5,552,3.64,35.9,24.7,5.8,38.6,25.5,32.2,23.46,3.64,87.08,16.64,12,-1.76,-4.32,-5.02,-4.88,1.67,-0.01,3.68,-0.7,7.04,3.99,1.88,-1.6,Coffee,Clay Loam,0.373,0.246,18.29,9,0.386,2.601.564,19.872
12.6,107.709,6,433,3.64,36.1,20.1,5.8,33.2,30.7,34.5,23.78,8.07,84.94,17.53,12,-6.53,-7.12,-7.14,-6.8,1.78,5.04,19.69,5.03,8.76,-0.75,-5.38,-6.63,Coffee,Clay Loam,0.443,0.262,40.35,7,0.489,2.601.564,20.966
12.611,108.343,5,456,3.64,31.7,24,6,38.1,30.2,28.5,23.41,5.24,85.72,16.64,12,-3.95,-5.3,-5.47,-5.3,2.67,1.83,10.91,2.04,8.44,0.71,-2.42,-4.14,Coffee,Clay Loam,0.411,0.242,26.58,7,0.41,2167.97,20.446
12.612,108.226,6,462,3.64,31.7,25,5.7,37.9,30.3,30.7,23.41,5.24,85.72,16.64,12,-3.95,-5.3,-5.47,-5.3,2.67,1.83,10.91,2.04,8.44,0.71,-2.42,-4.14,Coffee,Clay Loam,0.411,0.246,26.58,7,0.41,2.818.361,20.407
12.614,108.073,6,427,3.64,31.1,20.7,5.5,38.2,30.6,32.4,23.41,5.24,85.72,16.64,12,-3.95,-5.3,-5.47,-5.3,2.67,1.83,10.91,2.04,8.44,0.71,-2.42,-4.14,Coffee,Clay Loam,0.411,0.247,26.58,7,0.41,3.251.955,20.634
12.615,108.262,5,455,3.64,31.7,23.7,5.9,37.6,30.7,28.7,23.41,5.24,85.72,16.64,12,-3.95,-5.3,-5.47,-5.3,2.67,1.83,10.91,2.04,8.44,0.71,-2.42,-4.14,Coffee,Clay Loam,0.411,0.244,26.58,7,0.41,2.384.767,20.452
12.617,108.144,6,501,3.64,28.9,21.2,5.7,37.2,33.9,33.3,23.41,5.24,85.72,16.64,12,-3.95,-5.3,-5.47,-5.3,2.67,1.83,10.91,2.04,8.44,0.71,-2.42,-4.14,Coffee,Clay Loam,0.411,0.251,26.58,7,0.41,2.818.361,20.154
12.62,107.869,5,338,3.64,32.6,21.8,5.7,35.2,32.2,20.2,23.41,5.24,85.72,17.53,12,-3.95,-5.3,-5.47,-5.3,2.67,1.83,10.91,2.04,8.44,0.71,-2.42,-4.14,Coffee,Clay Loam,0.411,0.237,26.58,7,0.41,2.818.361,21.213
12.621,107.586,6,361,3.64,31.9,24.4,5.5,35.1,33,31.2,23.78,8.07,84.94,17.53,12,-6.53,-7.12,-7.14,-6.8,1.78,5.04,19.69,5.03,8.76,-0.75,-5.38,-6.63,Coffee,Clay Loam,0.443,0.253,40.35,7,0.489,3.251.955,21.434
12.621,108.1,6,487,3.64,29.9,22.3,5.6,38.1,32.1,32.4,23.41,5.24,85.72,16.64,12,-3.95,-5.3,-5.47,-5.3,2.67,1.83,10.91,2.04,8.44,0.71,-2.42,-4.14,Coffee,Clay Loam,0.411,0.248,26.58,7,0.41,3.035.158,20.245
12.623,108.172,6,488,3.64,28.8,24.1,5.7,41.9,29.3,31.9,23.41,5.24,85.72,16.64,12,-3.95,-5.3,-5.47,-5.3,2.67,1.83,10.91,2.04,8.44,0.71,-2.42,-4.14,Coffee,Clay Loam,0.411,0.238,26.58,7,0.41,2.818.361,20.238
12.623,108.214,6,481,3.64,30.3,20.4,5.8,37.9,31.8,29.8,23.41,5.24,85.72,16.64,12,-3.95,-5.3,-5.47,-5.3,2.67,1.83,10.91,2.04,8.44,0.71,-2.42,-4.14,Coffee,Clay Loam,0.411,0.245,26.58,7,0.41,2.601.564,20.284
12.629,107.519,5,366,3.64,34,22.2,5.5,34,32,34.6,23.78,8.07,84.94,17.53,12,-6.53,-7.12,-7.14,-6.8,1.78,5.04,19.69,5.03,8.76,-0.75,-5.38,-6.63,Coffee,Clay Loam,0.443,0.26,40.35,7,0.489,3.251.955,21.401
12.632,108.161,6,506,3.64,30.7,21.4,5.7,37.5,31.8,32,23.41,5.24,85.72,16.64,12,-3.95,-5.3,-5.47,-5.3,2.67,1.83,10.91,2.04,8.44,0.71,-2.42,-4.14,Coffee,Clay Loam,0.411,0.249,26.58,7,0.41,2.818.361,20.121
12.633,107.651,5,376,3.64,30.7,27.4,5.4,31.8,37.5,38.1,23.78,8.07,84.94,17.53,12,-6.53,-7.12,-7.14,-6.8,1.78,5.04,19.69,5.03,8.76,-0.75,-5.38,-6.63,Coffee,Clay Loam,0.443,0.27,40.35,7,0.489,3.468.752,21.336
12.634,108.459,6,464,3.64,33.7,22.8,5.9,35.8,30.5,36.2,23.46,3.64,87.08,16.64,12,-1.76,-4.32,-5.02,-4.88,1.67,-0.01,3.68,-0.7,7.04,3.99,1.88,-1.6,Coffee,Clay Loam,0.373,0.258,18.29,9,0.386,2.384.767,20.444
12.635,107.98,5,366,3.64,31.3,23.1,5.7,34.5,34.2,23.4,23.41,5.24,85.72,17.53,12,-3.95,-5.3,-5.47,-5.3,2.67,1.83,10.91,2.04,8.44,0.71,-2.42,-4.14,Coffee,Clay Loam,0.411,0.243,26.58,7,0.41,2.818.361,21.031
12.64,107.72,6,372,3.64,30.6,26.6,5.4,35.5,33.9,31.6,23.78,8.07,84.94,17.53,12,-6.53,-7.12,-7.14,-6.8,1.78,5.04,19.69,5.03,8.76,-0.75,-5.38,-6.63,Coffee,Clay Loam,0.443,0.253,40.35,7,0.489,3.468.752,21.362
12.649,108.121,6,507,3.64,30.2,20.1,5.5,35.5,34.3,35.5,23.41,5.24,85.72,16.64,12,-3.95,-5.3,-5.47,-5.3,2.67,1.83,10.91,2.04,8.44,0.71,-2.42,-4.14,Coffee,Clay Loam,0.411,0.258,26.58,7,0.41,3.251.955,20.114
12.651,107.592,5,359,3.64,31.5,24.6,5.4,33.1,35.4,34.1,23.78,8.07,84.94,17.53,12,-6.53,-7.12,-7.14,-6.8,1.78,5.04,19.69,5.03,8.76,-0.75,-5.38,-6.63,Coffee,Clay Loam,0.443,0.262,40.35,7,0.489,3.468.752,21.446
12.651,107.957,6,362,3.64,30.3,24.6,5.6,34.3,35.4,23.9,23.41,5.24,85.72,17.53,12,-3.95,-5.3,-5.47,-5.3,2.67,1.83,10.91,2.04,8.44,0.71,-2.42,-4.14,Coffee,Clay Loam,0.411,0.245,26.58,7,0.41,3.035.158,21.057
12.652,108.004,5,399,3.64,30.5,25.1,5.6,34.7,34.8,26.1,23.41,5.24,85.72,16.64,12,-3.95,-5.3,-5.47,-5.3,2.67,1.83,10.91,2.04,8.44,0.71,-2.42,-4.14,Coffee,Clay Loam,0.411,0.247,26.58,7,0.41,3.035.158,20.816
12.655,108.279,6,617,3.64,30.1,25.7,5.7,38.7,31.2,40.9,23.41,5.24,85.72,16.64,12,-3.95,-5.3,-5.47,-5.3,2.67,1.83,10.91,2.04,8.44,0.71,-2.42,-4.14,Coffee,Clay Loam,0.411,0.258,26.58,7,0.41,2.818.361,19.4
12.658,107.777,6,381,3.64,33.7,20.1,5.8,35.9,30.4,28.3,23.78,8.07,84.94,17.53,12,-6.53,-7.12,-7.14,-6.8,1.78,5.04,19.69,5.03,8.76,-0.75,-5.38,-6.63,Coffee,Clay Loam,0.443,0.247,40.35,7,0.489,2.601.564,21.304
12.659,107.619,5,364,3.64,28.8,26.3,5.4,33,38.3,33.5,23.78,8.07,84.94,17.53,12,-6.53,-7.12,-7.14,-6.8,1.78,5.04,19.69,5.03,8.76,-0.75,-5.38,-6.63,Coffee,Clay Loam,0.443,0.261,40.35,7,0.489,3.468.752,21.414
12.661,108.266,6,527,3.64,29.8,24.7,5.8,39.3,30.9,29.1,23.41,5.24,85.72,16.64,12,-3.95,-5.3,-5.47,-5.3,2.67,1.83,10.91,2.04,8.44,0.71,-2.42,-4.14,Coffee,Clay Loam,0.411,0.24,26.58,7,0.41,2.601.564,19.984
12.664,108.186,6,538,3.64,30.6,26.7,5.7,36.9,32.5,31.1,23.41,5.24,85.72,16.64,12,-3.95,-5.3,-5.47,-5.3,2.67,1.83,10.91,2.04,8.44,0.71,-2.42,-4.14,Coffee,Clay Loam,0.411,0.249,26.58,7,0.41,2.818.361,19.913
12.665,108.309,5,567,3.64,33.2,25.2,5.7,36.4,30.4,35.7,23.41,5.24,85.72,16.64,12,-3.95,-5.3,-5.47,-5.3,2.67,1.83,10.91,2.04,8.44,0.71,-2.42,-4.14,Coffee,Clay Loam,0.411,0.256,26.58,7,0.41,2.818.361,19.724
12.668,108.476,6,473,3.64,32.9,18.3,5.9,37.8,29.3,22.6,23.46,3.64,87.08,16.64,12,-1.76,-4.32,-5.02,-4.88,1.67,-0.01,3.68,-0.7,7.04,3.99,1.88,-1.6,Coffee,Clay Loam,0.373,0.235,18.29,9,0.386,2.384.767,20.386
12.669,107.558,6,348,3.64,30.6,23.8,5.4,33,36.4,30.8,23.78,8.07,84.94,17.53,12,-6.53,-7.12,-7.14,-6.8,1.78,5.04,19.69,5.03,8.76,-0.75,-5.38,-6.63,Coffee,Clay Loam,0.443,0.257,40.35,7,0.489,3.468.752,21.518
12.669,107.824,5,391,3.64,33.8,22.9,5.8,35.7,30.5,24,23.41,5.24,85.72,17.53,12,-3.95,-5.3,-5.47,-5.3,2.67,1.83,10.91,2.04,8.44,0.71,-2.42,-4.14,Coffee,Clay Loam,0.411,0.241,26.58,7,0.41,2.601.564,20.868
12.677,108.331,6,469,3.64,30.2,22.9,5.8,39.4,30.4,30.8,23.41,5.24,85.72,16.64,12,-3.95,-5.3,-5.47,-5.3,2.67,1.83,10.91,2.04,8.44,0.71,-2.42,-4.14,Coffee,Clay Loam,0.411,0.243,26.58,7,0.41,2.601.564,20.362
12.688,107.756,5,315,3.64,31.7,25.9,5.4,33.2,35.1,37.6,23.78,8.07,84.94,17.53,12,-6.53,-7.12,-7.14,-6.8,1.78,5.04,19.69,5.03,8.76,-0.75,-5.38,-6.63,Coffee,Clay Loam,0.443,0.266,40.35,7,0.489,3.468.752,21.732
12.689,107.525,5,341,3.64,33.3,22.9,5.5,33.1,33.6,29.5,23.78,8.07,84.94,17.53,12,-6.53,-7.12,-7.14,-6.8,1.78,5.04,19.69,5.03,8.76,-0.75,-5.38,-6.63,Coffee,Clay Loam,0.443,0.255,40.35,7,0.489,3.251.955,21.564
12.689,108.355,5,464,3.64,28.7,22.5,5.9,39.1,32.2,26.6,23.41,5.24,85.72,16.64,12,-3.95,-5.3,-5.47,-5.3,2.67,1.83,10.91,2.04,8.44,0.71,-2.42,-4.14,Coffee,Clay Loam,0.411,0.237,26.58,7,0.41,2.384.767,20.394
12.693,107.72,5,341,3.64,30.4,27.9,5.4,35.1,34.5,34.2,23.78,8.07,84.94,17.53,12,-6.53,-7.12,-7.14,-6.8,1.78,5.04,19.69,5.03,8.76,-0.75,-5.38,-6.63,Coffee,Clay Loam,0.443,0.257,40.35,7,0.489,3.468.752,21.564
12.694,107.83,5,348,3.64,35.4,23.9,5.9,35.4,29.1,19.3,23.41,5.24,85.72,17.53,12,-3.95,-5.3,-5.47,-5.3,2.67,1.83,10.91,2.04,8.44,0.71,-2.42,-4.14,Coffee,Clay Loam,0.411,0.236,26.58,7,0.41,2.384.767,21.148
12.695,107.51,5,332,3.64,33.1,24.4,5.5,32.6,34.3,31.4,23.78,8.07,84.94,17.53,12,-6.53,-7.12,-7.14,-6.8,1.78,5.04,19.69,5.03,8.76,-0.75,-5.38,-6.63,Coffee,Clay Loam,0.443,0.259,40.35,7,0.489,3.251.955,21.622
12.695,107.952,5,308,3.64,26.2,23.1,5.7,38.7,35.1,26,23.41,5.24,85.72,17.53,12,-3.95,-5.3,-5.47,-5.3,2.67,1.83,10.91,2.04,8.44,0.71,-2.42,-4.14,Coffee,Loam,0.411,0.237,26.58,7,0.41,2.818.361,21.408
12.696,107.915,6,297,3.64,34,22.4,5.8,37.3,28.7,22.9,23.41,5.24,85.72,17.53,12,-3.95,-5.3,-5.47,-5.3,2.67,1.83,10.91,2.04,8.44,0.71,-2.42,-4.14,Coffee,Clay Loam,0.411,0.236,26.58,7,0.41,2.601.564,21.48
12.697,108.49,5,445,3.64,31.7,28.5,6,37.4,30.9,29.4,23.46,3.64,87.08,16.64,12,-1.76,-4.32,-5.02,-4.88,1.67,-0.01,3.68,-0.7,7.04,3.99,1.88,-1.6,Coffee,Clay Loam,0.373,0.245,18.29,9,0.386,2167.97,20.568
12.698,107.702,6,361,3.64,32.7,24.5,5.4,33.2,34.1,36.4,23.78,8.07,84.94,17.53,12,-6.53,-7.12,-7.14,-6.8,1.78,5.04,19.69,5.03,8.76,-0.75,-5.38,-6.63,Coffee,Clay Loam,0.443,0.265,40.35,7,0.489,3.468.752,21.434
12.704,108.053,6,514,3.64,33.2,19.8,5.7,33.3,33.5,22.1,23.41,5.24,85.72,16.64,12,-3.95,-5.3,-5.47,-5.3,2.67,1.83,10.91,2.04,8.44,0.71,-2.42,-4.14,Coffee,Clay Loam,0.411,0.244,26.58,7,0.41,2.818.361,20.069
12.704,108.474,6,452,3.64,34.2,23,6,38,27.7,30.1,23.46,3.64,87.08,16.64,12,-1.76,-4.32,-5.02,-4.88,1.67,-0.01,3.68,-0.7,7.04,3.99,1.88,-1.6,Coffee,Clay Loam,0.373,0.245,18.29,9,0.386,2167.97,20.522
12.707,108.465,6,449,3.64,34.3,19.4,5.9,39.5,26.2,23.1,23.46,3.64,87.08,16.64,12,-1.76,-4.32,-5.02,-4.88,1.67,-0.01,3.68,-0.7,7.04,3.99,1.88,-1.6,Coffee,Clay Loam,0.373,0.231,18.29,9,0.386,2.384.767,20.542
12.71,108.024,5,424,3.64,32.3,23.8,5.6,34.6,33,26.3,23.41,5.24,85.72,16.64,12,-3.95,-5.3,-5.47,-5.3,2.67,1.83,10.91,2.04,8.44,0.71,-2.42,-4.14,Coffee,Clay Loam,0.411,0.247,26.58,7,0.41,3.035.158,20.654
12.711,107.903,6,294,3.64,32.5,23.2,5.9,36.7,30.8,23.3,23.41,5.24,85.72,17.53,12,-3.95,-5.3,-5.47,-5.3,2.67,1.83,10.91,2.04,8.44,0.71,-2.42,-4.14,Coffee,Clay Loam,0.411,0.238,26.58,7,0.41,2.384.767,21.499
12.711,108.005,5,380,3.64,29.5,23,5.8,36.4,34.1,25.2,23.41,5.24,85.72,16.64,12,-3.95,-5.3,-5.47,-5.3,2.67,1.83,10.91,2.04,8.44,0.71,-2.42,-4.14,Coffee,Clay Loam,0.411,0.242,26.58,7,0.41,2.601.564,20.94
12.713,108.405,6,444,3.64,35,22.7,6,36,28.9,31.1,23.41,5.24,85.72,16.64,12,-3.95,-5.3,-5.47,-5.3,2.67,1.83,10.91,2.04,8.44,0.71,-2.42,-4.14,Coffee,Clay Loam,0.411,0.251,26.58,7,0.41,2167.97,20.524
12.714,108.298,5,536,3.64,31.1,19.8,6,40.3,28.6,24.3,23.41,5.24,85.72,16.64,12,-3.95,-5.3,-5.47,-5.3,2.67,1.83,10.91,2.04,8.44,0.71,-2.42,-4.14,Coffee,Clay Loam,0.411,0.231,26.58,7,0.41,2167.97,19.926
12.715,108.223,5,578,3.64,31.4,19.3,5.6,38.2,30.4,27.8,23.41,5.24,85.72,16.64,12,-3.95,-5.3,-5.47,-5.3,2.67,1.83,10.91,2.04,8.44,0.71,-2.42,-4.14,Coffee,Clay Loam,0.411,0.241,26.58,7,0.41,3.035.158,19.653
12.722,107.861,5,303,3.64,34.1,22.4,5.9,36.8,29.1,23.2,23.41,5.24,85.72,17.53,12,-3.95,-5.3,-5.47,-5.3,2.67,1.83,10.91,2.04,8.44,0.71,-2.42,-4.14,Coffee,Clay Loam,0.411,0.238,26.58,7,0.41,2.384.767,21.44
12.723,108.068,6,533,3.64,35.8,22.7,5.6,35.2,29,31.4,23.41,5.24,85.72,16.64,12,-3.95,-5.3,-5.47,-5.3,2.67,1.83,10.91,2.04,8.44,0.71,-2.42,-4.14,Coffee,Clay Loam,0.411,0.253,26.58,7,0.41,3.035.158,19.946
12.724,107.814,5,313,3.64,35.4,23.2,5.9,34.9,29.6,24.3,23.41,5.24,85.72,17.53,12,-3.95,-5.3,-5.47,-5.3,2.67,1.83,10.91,2.04,8.44,0.71,-2.42,-4.14,Coffee,Clay Loam,0.411,0.244,26.58,7,0.41,2.384.767,21.376
12.725,107.648,6,318,3.64,31.1,23.1,5.5,34.6,34.2,33,23.78,8.07,84.94,17.53,12,-6.53,-7.12,-7.14,-6.8,1.78,5.04,19.69,5.03,8.76,-0.75,-5.38,-6.63,Coffee,Clay Loam,0.443,0.257,40.35,7,0.489,3.251.955,21.713
12.725,108.222,5,568,3.64,29.6,22.2,5.7,37.9,32.5,30.9,23.41,5.24,85.72,16.64,12,-3.95,-5.3,-5.47,-5.3,2.67,1.83,10.91,2.04,8.44,0.71,-2.42,-4.14,Coffee,Clay Loam,0.411,0.246,26.58,7,0.41,2.818.361,19.718
12.727,107.918,5,273,3.64,27.8,21.7,5.8,38.2,33.9,22.9,23.41,5.24,85.72,17.53,12,-3.95,-5.3,-5.47,-5.3,2.67,1.83,10.91,2.04,8.44,0.71,-2.42,-4.14,Coffee,Clay Loam,0.411,0.234,26.58,7,0.41,2.601.564,21.636
12.727,108.035,6,472,3.64,33.5,27.9,5.5,35.8,30.7,31,23.41,5.24,85.72,16.64,12,-3.95,-5.3,-5.47,-5.3,2.67,1.83,10.91,2.04,8.44,0.71,-2.42,-4.14,Coffee,Clay Loam,0.411,0.251,26.58,7,0.41,3.251.955,20.342
12.728,107.603,6,315,3.64,32.3,26.1,5.5,32.6,35.2,30.5,23.78,8.07,84.94,17.53,12,-6.53,-7.12,-7.14,-6.8,1.78,5.04,19.69,5.03,8.76,-0.75,-5.38,-6.63,Coffee,Clay Loam,0.443,0.258,40.35,7,0.489,3.251.955,21.732
12.731,108.206,6,609,3.64,32,20.1,5.7,37.3,30.7,27.2,23.41,5.24,85.72,16.64,12,-3.95,-5.3,-5.47,-5.3,2.67,1.83,10.91,2.04,8.44,0.71,-2.42,-4.14,Coffee,Clay Loam,0.411,0.242,26.58,7,0.41,2.818.361,19.452
12.733,107.639,6,310,3.64,34.1,26,5.5,32.5,33.4,30.2,23.78,8.07,84.94,17.53,12,-6.53,-7.12,-7.14,-6.8,1.78,5.04,19.69,5.03,8.76,-0.75,-5.38,-6.63,Coffee,Clay Loam,0.443,0.258,40.35,7,0.489,3.251.955,21.765
12.734,107.783,6,271,3.64,29.4,25.4,5.6,33.1,37.5,34.8,23.78,8.07,84.94,17.53,12,-6.53,-7.12,-7.14,-6.8,1.78,5.04,19.69,5.03,8.76,-0.75,-5.38,-6.63,Coffee,Clay Loam,0.443,0.263,40.35,7,0.489,3.035.158,22.019
12.735,108.05,5,428,3.64,33.8,29.4,5.6,35,31.2,30.2,23.41,5.24,85.72,16.64,12,-3.95,-5.3,-5.47,-5.3,2.67,1.83,10.91,2.04,8.44,0.71,-2.42,-4.14,Coffee,Clay Loam,0.411,0.252,26.58,7,0.41,3.035.158,20.628
12.736,107.593,5,316,3.64,33,23.9,5.6,31.8,35.2,31,23.78,8.07,84.94,17.53,12,-6.53,-7.12,-7.14,-6.8,1.78,5.04,19.69,5.03,8.76,-0.75,-5.38,-6.63,Coffee,Clay Loam,0.443,0.26,40.35,7,0.489,3.035.158,21.726
12.736,108.067,5,506,3.64,34.5,22.9,5.5,36.1,29.5,33.3,23.41,5.24,85.72,16.64,12,-3.95,-5.3,-5.47,-5.3,2.67,1.83,10.91,2.04,8.44,0.71,-2.42,-4.14,Coffee,Clay Loam,0.411,0.254,26.58,7,0.41,3.251.955,20.121
12.739,107.531,6,296,3.64,36.1,25,5.7,31.2,32.7,29.7,23.78,8.07,84.94,17.53,12,-6.53,-7.12,-7.14,-6.8,1.78,5.04,19.69,5.03,8.76,-0.75,-5.38,-6.63,Coffee,Clay Loam,0.443,0.26,40.35,7,0.489,2.818.361,21.856
12.739,108.176,6,624,3.64,36.8,23.4,5.5,33.6,29.6,33.5,23.41,5.24,85.72,16.64,12,-3.95,-5.3,-5.47,-5.3,2.67,1.83,10.91,2.04,8.44,0.71,-2.42,-4.14,Coffee,Clay Loam,0.411,0.26,26.58,7,0.41,3.251.955,19.354
12.741,107.531,6,295,3.64,36.7,24.8,5.8,31.3,31.9,26,23.78,8.07,84.94,17.53,12,-6.53,-7.12,-7.14,-6.8,1.78,5.04,19.69,5.03,8.76,-0.75,-5.38,-6.63,Coffee,Clay Loam,0.443,0.254,40.35,7,0.489,2.601.564,21.862
12.741,107.834,6,287,3.64,36.6,23.7,6,35.8,27.6,28.4,23.41,5.24,85.72,17.53,12,-3.95,-5.3,-5.47,-5.3,2.67,1.83,10.91,2.04,8.44,0.71,-2.42,-4.14,Coffee,Clay Loam,0.411,0.247,26.58,7,0.41,2167.97,21.544
12.743,107.935,5,308,3.64,33,21.6,5.8,36.7,30.3,28.5,23.41,5.24,85.72,17.53,12,-3.95,-5.3,-5.47,-5.3,2.67,1.83,10.91,2.04,8.44,0.71,-2.42,-4.14,Coffee,Clay Loam,0.411,0.245,26.58,7,0.41,2.601.564,21.408
12.743,108.236,6,595,3.64,28.7,21.5,5.7,35.8,35.5,29.2,23.41,5.24,85.72,16.64,12,-3.95,-5.3,-5.47,-5.3,2.67,1.83,10.91,2.04,8.44,0.71,-2.42,-4.14,Coffee,Clay Loam,0.411,0.249,26.58,7,0.41,2.818.361,19.542
12.744,108.188,5,617,3.64,31.2,23.1,5.5,34,34.8,33.4,23.41,5.24,85.72,16.64,12,-3.95,-5.3,-5.47,-5.3,2.67,1.83,10.91,2.04,8.44,0.71,-2.42,-4.14,Coffee,Clay Loam,0.411,0.259,26.58,7,0.41,3.251.955,19.4
12.746,108.4,6,463,3.64,29.7,22.3,5.9,40.9,29.4,25.4,23.41,5.24,85.72,16.64,12,-3.95,-5.3,-5.47,-5.3,2.67,1.83,10.91,2.04,8.44,0.71,-2.42,-4.14,Coffee,Clay Loam,0.411,0.231,26.58,7,0.41,2.384.767,20.4
12.752,108.087,5,503,3.64,28.4,21.6,5.5,36.6,34.9,38,24.75,5.04,84.49,16.64,12,-3.85,-5.19,-5.49,-5.13,2.87,2.02,9.17,1.47,8.91,1.97,-2.38,-4.35,Coffee,Clay Loam,0.484,0.259,26.39,7,0.347,3.251.955,21.48
12.754,107.839,5,254,3.64,32,22.6,5.9,38.5,29.5,26.7,24.75,5.04,84.49,17.53,12,-3.85,-5.19,-5.49,-5.13,2.87,2.02,9.17,1.47,8.91,1.97,-2.38,-4.35,Coffee,Clay Loam,0.484,0.239,26.39,7,0.347,2.384.767,23.099
12.756,107.601,5,287,3.64,33.6,22.4,5.7,32.5,33.9,28.4,25.86,8.09,82.95,17.53,12,-6.57,-7.33,-7.36,-6.7,2.7,5.61,18.96,4.97,9.12,-0.51,-5.8,-7.04,Coffee,Clay Loam,0.568,0.255,41.31,7,0.458,2.818.361,23.994
12.757,107.52,6,320,3.64,37.3,22.6,5.6,34.3,28.5,31.9,25.86,8.09,82.95,17.53,12,-6.57,-7.33,-7.36,-6.7,2.7,5.61,18.96,4.97,9.12,-0.51,-5.8,-7.04,Coffee,Clay Loam,0.568,0.256,41.31,7,0.458,3.035.158,23.78
12.757,107.666,5,301,3.64,32.9,23.6,5.6,33.4,33.7,31.9,25.86,8.09,82.95,17.53,12,-6.57,-7.33,-7.36,-6.7,2.7,5.61,18.96,4.97,9.12,-0.51,-5.8,-7.04,Coffee,Clay Loam,0.568,0.258,41.31,7,0.458,3.035.158,23.904
12.757,108.346,6,485,3.64,31.9,25,6,39.7,28.4,29.1,24.75,5.04,84.49,16.64,12,-3.85,-5.19,-5.49,-5.13,2.87,2.02,9.17,1.47,8.91,1.97,-2.38,-4.35,Coffee,Clay Loam,0.484,0.239,26.39,7,0.347,2167.97,21.598
12.763,108.372,6,464,3.64,31,21.3,5.9,41,28,23.4,24.75,5.04,84.49,16.64,12,-3.85,-5.19,-5.49,-5.13,2.87,2.02,9.17,1.47,8.91,1.97,-2.38,-4.35,Coffee,Clay Loam,0.484,0.228,26.39,7,0.347,2.384.767,21.734
12.764,107.953,6,306,3.64,31.6,23.4,5.8,35.7,32.7,23.9,24.75,5.04,84.49,17.53,12,-3.85,-5.19,-5.49,-5.13,2.87,2.02,9.17,1.47,8.91,1.97,-2.38,-4.35,Coffee,Clay Loam,0.484,0.241,26.39,7,0.347,2.601.564,22.761
12.766,107.947,6,313,3.64,30.9,20.7,5.7,35.8,33.4,22.7,24.75,5.04,84.49,17.53,12,-3.85,-5.19,-5.49,-5.13,2.87,2.02,9.17,1.47,8.91,1.97,-2.38,-4.35,Coffee,Clay Loam,0.484,0.239,26.39,7,0.347,2.818.361,22.716
12.769,107.705,5,310,3.64,31.9,25.5,5.5,34,34.1,26.7,25.86,8.09,82.95,17.53,12,-6.57,-7.33,-7.36,-6.7,2.7,5.61,18.96,4.97,9.12,-0.51,-5.8,-7.04,Coffee,Clay Loam,0.568,0.249,41.31,7,0.458,3.251.955,23.845
12.772,107.896,5,286,3.64,30.6,20.6,5.9,37.4,32,24,24.75,5.04,84.49,17.53,12,-3.85,-5.19,-5.49,-5.13,2.87,2.02,9.17,1.47,8.91,1.97,-2.38,-4.35,Coffee,Clay Loam,0.484,0.238,26.39,7,0.347,2.384.767,22.891
12.773,107.839,6,260,3.64,30.9,22.5,5.9,37.8,31.3,24.6,24.75,5.04,84.49,17.53,12,-3.85,-5.19,-5.49,-5.13,2.87,2.02,9.17,1.47,8.91,1.97,-2.38,-4.35,Coffee,Clay Loam,0.484,0.237,26.39,7,0.347,2.384.767,23.06
12.774,107.591,6,287,3.64,35.7,20.8,5.8,32.5,31.8,22.4,25.86,8.09,82.95,17.53,12,-6.57,-7.33,-7.36,-6.7,2.7,5.61,18.96,4.97,9.12,-0.51,-5.8,-7.04,Coffee,Clay Loam,0.568,0.247,41.31,7,0.458,2.601.564,23.994
12.774,107.915,6,252,3.64,29.5,24,5.9,35.4,35.1,25.3,24.75,5.04,84.49,17.53,12,-3.85,-5.19,-5.49,-5.13,2.87,2.02,9.17,1.47,8.91,1.97,-2.38,-4.35,Coffee,Clay Loam,0.484,0.244,26.39,7,0.347,2.384.767,23.112
12.776,108.23,6,669,3.64,33.6,21.2,5.7,34.7,31.7,28,24.75,5.04,84.49,16.64,12,-3.85,-5.19,-5.49,-5.13,2.87,2.02,9.17,1.47,8.91,1.97,-2.38,-4.35,Coffee,Clay Loam,0.484,0.249,26.39,7,0.347,2.818.361,20.402
12.778,108.011,6,358,3.64,29.1,17.5,5.7,39.2,31.6,25.9,24.75,5.04,84.49,16.64,12,-3.85,-5.19,-5.49,-5.13,2.87,2.02,9.17,1.47,8.91,1.97,-2.38,-4.35,Coffee,Clay Loam,0.484,0.236,26.39,7,0.347,2.818.361,22.423
12.779,108.056,6,441,3.64,31.8,18.6,5.5,36.6,31.6,32.1,24.75,5.04,84.49,16.64,12,-3.85,-5.19,-5.49,-5.13,2.87,2.02,9.17,1.47,8.91,1.97,-2.38,-4.35,Coffee,Clay Loam,0.484,0.251,26.39,7,0.347,3.251.955,21.884
12.78,107.869,5,243,3.64,30.7,21.6,5.9,40.2,29.2,27.2,24.75,5.04,84.49,17.53,12,-3.85,-5.19,-5.49,-5.13,2.87,2.02,9.17,1.47,8.91,1.97,-2.38,-4.35,Coffee,Clay Loam,0.484,0.236,26.39,7,0.347,2.384.767,23.17
12.78,108.28,6,593,3.64,31,23.9,5.6,37.7,31.3,34.8,24.75,5.04,84.49,16.64,12,-3.85,-5.19,-5.49,-5.13,2.87,2.02,9.17,1.47,8.91,1.97,-2.38,-4.35,Coffee,Clay Loam,0.484,0.252,26.39,7,0.347,3.035.158,20.896
12.784,108.324,6,514,3.64,32.5,20.6,6,36.7,30.8,21.9,24.75,5.04,84.49,16.64,12,-3.85,-5.19,-5.49,-5.13,2.87,2.02,9.17,1.47,8.91,1.97,-2.38,-4.35,Coffee,Clay Loam,0.484,0.236,26.39,7,0.347,2167.97,21.409
12.787,108.272,5,607,3.64,31.1,18.1,5.9,39.6,29.2,23.1,24.75,5.04,84.49,16.64,12,-3.85,-5.19,-5.49,-5.13,2.87,2.02,9.17,1.47,8.91,1.97,-2.38,-4.35,Coffee,Clay Loam,0.484,0.231,26.39,7,0.347,2.384.767,20.804
12.789,107.779,5,236,3.64,31.6,23.5,5.7,32.4,36.1,26.9,25.86,8.09,82.95,17.53,12,-6.57,-7.33,-7.36,-6.7,2.7,5.61,18.96,4.97,9.12,-0.51,-5.8,-7.04,Coffee,Clay Loam,0.568,0.253,41.31,7,0.458,2.818.361,24.326
12.792,107.929,5,300,3.64,30.6,21.9,5.9,35.9,33.4,21.8,24.75,5.04,84.49,17.53,12,-3.85,-5.19,-5.49,-5.13,2.87,2.02,9.17,1.47,8.91,1.97,-2.38,-4.35,Coffee,Clay Loam,0.484,0.238,26.39,7,0.347,2.384.767,22.8
12.792,108.419,5,471,3.64,31.4,22.1,6,38.6,30,28.1,24.75,5.04,84.49,16.64,12,-3.85,-5.19,-5.49,-5.13,2.87,2.02,9.17,1.47,8.91,1.97,-2.38,-4.35,Coffee,Clay Loam,0.484,0.241,26.39,7,0.347,2167.97,21.688
12.804,107.837,6,187,3.64,35,18.8,5.8,36.1,28.9,20,24.75,5.04,84.49,17.53,12,-3.85,-5.19,-5.49,-5.13,2.87,2.02,9.17,1.47,8.91,1.97,-2.38,-4.35,Coffee,Clay Loam,0.484,0.235,26.39,7,0.347,2.601.564,23.534
12.81,107.58,5,260,3.64,31.9,23.2,5.7,35.1,33,24.8,25.86,8.09,82.95,17.53,12,-6.57,-7.33,-7.36,-6.7,2.7,5.61,18.96,4.97,9.12,-0.51,-5.8,-7.04,Coffee,Clay Loam,0.568,0.244,41.31,7,0.458,2.818.361,24.17
12.815,107.522,5,256,3.64,31.3,20.9,5.6,36,32.7,28.1,25.86,8.09,82.95,17.53,12,-6.57,-7.33,-7.36,-6.7,2.7,5.61,18.96,4.97,9.12,-0.51,-5.8,-7.04,Coffee,Clay Loam,0.568,0.247,41.31,7,0.458,3.035.158,24.196
12.816,107.504,6,252,3.64,31.7,20.7,5.6,34.4,33.8,30.4,25.86,8.09,82.95,17.53,12,-6.57,-7.33,-7.36,-6.7,2.7,5.61,18.96,4.97,9.12,-0.51,-5.8,-7.04,Coffee,Clay Loam,0.568,0.253,41.31,7,0.458,3.035.158,24.222
12.819,107.898,6,254,3.64,29,22.7,5.8,38.5,32.5,22.1,24.75,5.04,84.49,17.53,12,-3.85,-5.19,-5.49,-5.13,2.87,2.02,9.17,1.47,8.91,1.97,-2.38,-4.35,Coffee,Clay Loam,0.484,0.232,26.39,7,0.347,2.601.564,23.099
12.819,108.152,5,535,3.64,33.1,22.7,5.6,35.1,31.8,31.8,24.75,5.04,84.49,16.64,12,-3.85,-5.19,-5.49,-5.13,2.87,2.02,9.17,1.47,8.91,1.97,-2.38,-4.35,Coffee,Clay Loam,0.484,0.254,26.39,7,0.347,3.035.158,21.272
12.821,107.92,6,260,3.64,29.3,23,5.9,36.9,33.9,24.6,24.75,5.04,84.49,17.53,12,-3.85,-5.19,-5.49,-5.13,2.87,2.02,9.17,1.47,8.91,1.97,-2.38,-4.35,Coffee,Clay Loam,0.484,0.24,26.39,7,0.347,2.384.767,23.06
12.824,107.97,5,347,3.64,33.2,34.7,5.8,36.1,30.7,49.7,24.75,5.04,84.49,17.53,12,-3.85,-5.19,-5.49,-5.13,2.87,2.02,9.17,1.47,8.91,1.97,-2.38,-4.35,Coffee,Clay Loam,0.484,0.277,26.39,7,0.347,2.601.564,22.494
12.826,107.736,5,207,3.64,34.9,21.3,5.8,34.2,30.9,22.7,25.86,8.09,82.95,17.53,12,-6.57,-7.33,-7.36,-6.7,2.7,5.61,18.96,4.97,9.12,-0.51,-5.8,-7.04,Coffee,Clay Loam,0.568,0.243,41.31,7,0.458,2.601.564,24.514
12.828,108.308,6,551,3.64,32.5,25,5.9,36.4,31.1,28.6,24.75,5.04,84.49,16.64,12,-3.85,-5.19,-5.49,-5.13,2.87,2.02,9.17,1.47,8.91,1.97,-2.38,-4.35,Coffee,Clay Loam,0.484,0.246,26.39,7,0.347,2.384.767,21.168
12.832,108.468,5,454,3.64,32.2,22.1,5.9,38.7,29.1,22.1,24.28,4.01,86.9,16.64,12,-2.28,-4.3,-5.22,-4.96,1.43,-0.34,3.67,-1.16,7.2,6.13,2.22,-2.39,Coffee,Clay Loam,0.398,0.232,20.65,9,0.349,2.384.767,21.329
12.842,107.904,5,223,3.64,27.2,21.8,5.8,37.1,35.7,23.5,24.75,5.04,84.49,17.53,12,-3.85,-5.19,-5.49,-5.13,2.87,2.02,9.17,1.47,8.91,1.97,-2.38,-4.35,Coffee,Clay Loam,0.484,0.238,26.39,7,0.347,2.601.564,23.3
12.843,107.651,6,376,3.64,31.7,30.6,5.4,37.6,30.6,37.1,25.86,8.09,82.95,17.53,12,-6.57,-7.33,-7.36,-6.7,2.7,5.61,18.96,4.97,9.12,-0.51,-5.8,-7.04,Coffee,Clay Loam,0.568,0.255,41.31,7,0.458,3.468.752,23.416
12.845,107.585,6,236,3.64,32.3,23,5.6,36.2,31.4,25.5,25.86,8.09,82.95,17.53,12,-6.57,-7.33,-7.36,-6.7,2.7,5.61,18.96,4.97,9.12,-0.51,-5.8,-7.04,Coffee,Clay Loam,0.568,0.242,41.31,7,0.458,3.035.158,24.326
12.845,108.117,6,506,3.64,30.3,20.6,5.7,34.6,35.1,27.6,24.75,5.04,84.49,16.64,12,-3.85,-5.19,-5.49,-5.13,2.87,2.02,9.17,1.47,8.91,1.97,-2.38,-4.35,Coffee,Clay Loam,0.484,0.249,26.39,7,0.347,2.818.361,21.461
12.846,107.978,6,369,3.64,30.4,30.5,5.9,36.7,32.9,27.7,24.75,5.04,84.49,17.53,12,-3.85,-5.19,-5.49,-5.13,2.87,2.02,9.17,1.47,8.91,1.97,-2.38,-4.35,Coffee,Clay Loam,0.484,0.244,26.39,7,0.347,2.384.767,22.352
12.846,108.453,6,471,3.64,33.7,23.5,5.9,38.5,27.9,22.5,24.28,4.01,86.9,16.64,12,-2.28,-4.3,-5.22,-4.96,1.43,-0.34,3.67,-1.16,7.2,6.13,2.22,-2.39,Coffee,Clay Loam,0.398,0.233,20.65,9,0.349,2.384.767,21.219
12.856,107.9,5,214,3.64,31.9,23.1,5.8,35.6,32.5,22.5,24.75,5.04,84.49,17.53,12,-3.85,-5.19,-5.49,-5.13,2.87,2.02,9.17,1.47,8.91,1.97,-2.38,-4.35,Coffee,Clay Loam,0.484,0.24,26.39,7,0.347,2.601.564,23.359
12.856,108.35,6,523,3.64,34.2,27.2,6,37.4,28.4,27.5,24.75,5.04,84.49,16.64,12,-3.85,-5.19,-5.49,-5.13,2.87,2.02,9.17,1.47,8.91,1.97,-2.38,-4.35,Coffee,Clay Loam,0.484,0.242,26.39,7,0.347,2167.97,21.35
12.86,108.042,6,419,3.64,32.5,21.6,5.7,36.3,31.2,27.4,24.75,5.04,84.49,16.64,12,-3.85,-5.19,-5.49,-5.13,2.87,2.02,9.17,1.47,8.91,1.97,-2.38,-4.35,Coffee,Clay Loam,0.484,0.245,26.39,7,0.347,2.818.361,22.026
12.864,107.642,6,216,3.64,31.5,24.2,5.8,38.4,30,26.2,25.86,8.09,82.95,17.53,12,-6.57,-7.33,-7.36,-6.7,2.7,5.61,18.96,4.97,9.12,-0.51,-5.8,-7.04,Coffee,Clay Loam,0.568,0.238,41.31,7,0.458,2.601.564,24.456
12.864,107.77,6,174,3.64,33.5,25.6,5.8,35.1,31.4,23,25.86,8.09,82.95,17.53,12,-6.57,-7.33,-7.36,-6.7,2.7,5.61,18.96,4.97,9.12,-0.51,-5.8,-7.04,Coffee,Clay Loam,0.568,0.241,41.31,7,0.458,2.601.564,24.729
12.87,108.249,5,643,3.64,32.1,20.8,5.8,35.8,32,26.3,24.75,5.04,84.49,16.64,12,-3.85,-5.19,-5.49,-5.13,2.87,2.02,9.17,1.47,8.91,1.97,-2.38,-4.35,Coffee,Clay Loam,0.484,0.244,26.39,7,0.347,2.601.564,20.57
12.873,108.488,6,440,3.64,33,25.3,5.9,39.6,27.4,24.9,24.28,4.01,86.9,16.64,12,-2.28,-4.3,-5.22,-4.96,1.43,-0.34,3.67,-1.16,7.2,6.13,2.22,-2.39,Coffee,Clay Loam,0.398,0.234,20.65,9,0.349,2.384.767,21.42
12.877,107.667,5,216,3.64,33.6,24.6,5.8,35.9,30.4,26.1,25.86,8.09,82.95,17.53,12,-6.57,-7.33,-7.36,-6.7,2.7,5.61,18.96,4.97,9.12,-0.51,-5.8,-7.04,Coffee,Clay Loam,0.568,0.244,41.31,7,0.458,2.601.564,24.456
12.877,107.955,5,316,3.64,30.8,25.5,5.8,36.6,32.6,22.5,24.75,5.04,84.49,17.53,12,-3.85,-5.19,-5.49,-5.13,2.87,2.02,9.17,1.47,8.91,1.97,-2.38,-4.35,Coffee,Clay Loam,0.484,0.237,26.39,7,0.347,2.601.564,22.696
12.88,107.743,6,199,3.64,35.3,23.5,5.8,34.9,29.8,22.5,25.86,8.09,82.95,17.53,12,-6.57,-7.33,-7.36,-6.7,2.7,5.61,18.96,4.97,9.12,-0.51,-5.8,-7.04,Coffee,Clay Loam,0.568,0.241,41.31,7,0.458,2.601.564,24.566
12.88,108.38,5,561,3.64,28.4,27.4,5.8,40.4,31.2,30.7,24.75,5.04,84.49,16.64,12,-3.85,-5.19,-5.49,-5.13,2.87,2.02,9.17,1.47,8.91,1.97,-2.38,-4.35,Coffee,Clay Loam,0.484,0.24,26.39,7,0.347,2.601.564,21.104
12.881,107.733,6,201,3.64,33.5,23.2,5.8,35.5,31,22.3,25.86,8.09,82.95,17.53,12,-6.57,-7.33,-7.36,-6.7,2.7,5.61,18.96,4.97,9.12,-0.51,-5.8,-7.04,Coffee,Clay Loam,0.568,0.24,41.31,7,0.458,2.601.564,24.554
12.883,107.598,5,205,3.64,32.9,29,5.7,36.7,30.4,36.9,25.86,8.09,82.95,17.53,12,-6.57,-7.33,-7.36,-6.7,2.7,5.61,18.96,4.97,9.12,-0.51,-5.8,-7.04,Coffee,Clay Loam,0.568,0.257,41.31,7,0.458,2.818.361,24.528
12.883,107.967,6,323,3.64,31,26.4,6,36.5,32.5,26.5,24.75,5.04,84.49,17.53,12,-3.85,-5.19,-5.49,-5.13,2.87,2.02,9.17,1.47,8.91,1.97,-2.38,-4.35,Coffee,Clay Loam,0.484,0.243,26.39,7,0.347,2167.97,22.65
12.883,108.296,6,599,3.64,30.3,23.4,5.6,39.8,29.9,33.6,24.75,5.04,84.49,16.64,12,-3.85,-5.19,-5.49,-5.13,2.87,2.02,9.17,1.47,8.91,1.97,-2.38,-4.35,Coffee,Clay Loam,0.484,0.245,26.39,7,0.347,3.035.158,20.856
12.886,107.664,6,206,3.64,35.4,21.2,5.8,35,29.6,25.9,25.86,8.09,82.95,17.53,12,-6.57,-7.33,-7.36,-6.7,2.7,5.61,18.96,4.97,9.12,-0.51,-5.8,-7.04,Coffee,Clay Loam,0.568,0.246,41.31,7,0.458,2.601.564,24.521
12.886,108.29,5,631,3.64,30.1,22.7,5.6,41,28.9,33.7,24.75,5.04,84.49,16.64,12,-3.85,-5.19,-5.49,-5.13,2.87,2.02,9.17,1.47,8.91,1.97,-2.38,-4.35,Coffee,Clay Loam,0.484,0.243,26.39,7,0.347,3.035.158,20.648
12.888,108.127,6,609,3.64,31.8,23.2,5.5,37.4,30.8,34.7,24.75,5.04,84.49,16.64,12,-3.85,-5.19,-5.49,-5.13,2.87,2.02,9.17,1.47,8.91,1.97,-2.38,-4.35,Coffee,Clay Loam,0.484,0.253,26.39,7,0.347,3.251.955,20.792
12.892,107.789,5,180,3.64,30.7,19.3,5.8,35.2,34.1,22.1,25.86,8.09,82.95,17.53,12,-6.57,-7.33,-7.36,-6.7,2.7,5.61,18.96,4.97,9.12,-0.51,-5.8,-7.04,Coffee,Clay Loam,0.568,0.24,41.31,7,0.458,2.601.564,24.69
12.892,108.207,6,709,3.64,33,25.4,5.5,35.3,31.7,34.2,24.75,5.04,84.49,16.64,12,-3.85,-5.19,-5.49,-5.13,2.87,2.02,9.17,1.47,8.91,1.97,-2.38,-4.35,Coffee,Clay Loam,0.484,0.257,26.39,7,0.347,3.251.955,20.142
12.896,108.423,6,534,3.64,31.3,21.1,6,39.2,29.5,27.3,24.75,5.04,84.49,16.64,12,-3.85,-5.19,-5.49,-5.13,2.87,2.02,9.17,1.47,8.91,1.97,-2.38,-4.35,Coffee,Clay Loam,0.484,0.238,26.39,7,0.347,2167.97,21.279
12.897,107.876,5,215,3.64,33.3,20.9,5.8,35.5,31.2,24.5,24.75,5.04,84.49,17.53,12,-3.85,-5.19,-5.49,-5.13,2.87,2.02,9.17,1.47,8.91,1.97,-2.38,-4.35,Coffee,Clay Loam,0.484,0.243,26.39,7,0.347,2.601.564,23.352
12.902,107.977,5,335,3.64,33.4,27.9,6,35.4,31.2,27.1,24.75,5.04,84.49,17.53,12,-3.85,-5.19,-5.49,-5.13,2.87,2.02,9.17,1.47,8.91,1.97,-2.38,-4.35,Coffee,Clay Loam,0.484,0.247,26.39,7,0.347,2167.97,22.572
12.903,108.117,6,551,3.64,31.2,19.6,5.5,35.3,33.4,28.1,24.75,5.04,84.49,16.64,12,-3.85,-5.19,-5.49,-5.13,2.87,2.02,9.17,1.47,8.91,1.97,-2.38,-4.35,Coffee,Clay Loam,0.484,0.248,26.39,7,0.347,3.251.955,21.168
12.905,107.806,5,188,3.64,32.2,19.9,5.7,34.6,33.2,22.3,25.86,8.09,82.95,17.53,12,-6.57,-7.33,-7.36,-6.7,2.7,5.61,18.96,4.97,9.12,-0.51,-5.8,-7.04,Coffee,Clay Loam,0.568,0.242,41.31,7,0.458,2.818.361,24.638
12.907,107.986,5,350,3.64,35.6,27.7,5.9,32.9,31.4,26.2,24.75,5.04,84.49,17.53,12,-3.85,-5.19,-5.49,-5.13,2.87,2.02,9.17,1.47,8.91,1.97,-2.38,-4.35,Coffee,Clay Loam,0.484,0.251,26.39,7,0.347,2.384.767,22.475
12.909,107.57,6,221,3.64,33,19.7,5.8,36,31,31.4,25.86,8.09,82.95,17.53,12,-6.57,-7.33,-7.36,-6.7,2.7,5.61,18.96,4.97,9.12,-0.51,-5.8,-7.04,Coffee,Clay Loam,0.568,0.251,41.31,7,0.458,2.601.564,24.424
12.909,108.417,6,551,3.64,32.4,19.6,6.1,37.9,29.7,25.5,24.75,5.04,84.49,16.64,12,-3.85,-5.19,-5.49,-5.13,2.87,2.02,9.17,1.47,8.91,1.97,-2.38,-4.35,Coffee,Clay Loam,0.484,0.239,26.39,7,0.347,1.951.173,21.168
12.91,108.395,6,569,3.64,32.2,20.1,5.8,38.9,29,27.8,24.75,5.04,84.49,16.64,12,-3.85,-5.19,-5.49,-5.13,2.87,2.02,9.17,1.47,8.91,1.97,-2.38,-4.35,Coffee,Clay Loam,0.484,0.239,26.39,7,0.347,2.601.564,21.052
12.911,107.731,5,168,3.64,34.7,26,5.8,32.9,32.3,26.2,25.86,8.09,82.95,17.53,12,-6.57,-7.33,-7.36,-6.7,2.7,5.61,18.96,4.97,9.12,-0.51,-5.8,-7.04,Coffee,Clay Loam,0.568,0.251,41.31,7,0.458,2.601.564,24.768
12.912,108.274,6,679,3.64,33.6,17,5.7,34.9,31.5,26.6,24.75,5.04,84.49,16.64,12,-3.85,-5.19,-5.49,-5.13,2.87,2.02,9.17,1.47,8.91,1.97,-2.38,-4.35,Coffee,Clay Loam,0.484,0.247,26.39,7,0.347,2.818.361,20.336
12.914,108.252,5,658,3.64,33.5,20.4,5.7,37.5,29.1,28.8,24.75,5.04,84.49,16.64,12,-3.85,-5.19,-5.49,-5.13,2.87,2.02,9.17,1.47,8.91,1.97,-2.38,-4.35,Coffee,Clay Loam,0.484,0.244,26.39,7,0.347,2.818.361,20.473
12.918,108.144,5,583,3.64,32.1,21,5.7,34.1,33.7,29.9,24.75,5.04,84.49,16.64,12,-3.85,-5.19,-5.49,-5.13,2.87,2.02,9.17,1.47,8.91,1.97,-2.38,-4.35,Coffee,Clay Loam,0.484,0.253,26.39,7,0.347,2.818.361,20.96
12.919,108.299,5,671,3.64,32.4,20.7,5.7,36.8,30.8,28.9,24.75,5.04,84.49,16.64,12,-3.85,-5.19,-5.49,-5.13,2.87,2.02,9.17,1.47,8.91,1.97,-2.38,-4.35,Coffee,Clay Loam,0.484,0.246,26.39,7,0.347,2.818.361,20.388
12.922,107.804,5,207,3.64,30.1,21.3,5.8,36.6,33.3,34.8,25.86,8.09,82.95,17.53,12,-6.57,-7.33,-7.36,-6.7,2.7,5.61,18.96,4.97,9.12,-0.51,-5.8,-7.04,Coffee,Clay Loam,0.568,0.255,41.31,7,0.458,2.601.564,24.514
12.922,108.447,6,610,3.64,32.8,22,6.1,39.3,27.9,24.3,24.28,4.01,86.9,16.64,12,-2.28,-4.3,-5.22,-4.96,1.43,-0.34,3.67,-1.16,7.2,6.13,2.22,-2.39,Coffee,Clay Loam,0.398,0.234,20.65,9,0.349,1.951.173,20.315
12.925,108.399,5,552,3.64,29.5,19.6,5.9,38.9,31.6,31.2,24.75,5.04,84.49,16.64,12,-3.85,-5.19,-5.49,-5.13,2.87,2.02,9.17,1.47,8.91,1.97,-2.38,-4.35,Coffee,Clay Loam,0.484,0.244,26.39,7,0.347,2.384.767,21.162
12.927,108.446,6,556,3.64,31.8,19.6,6.1,40.2,28,27.2,24.28,4.01,86.9,16.64,12,-2.28,-4.3,-5.22,-4.96,1.43,-0.34,3.67,-1.16,7.2,6.13,2.22,-2.39,Coffee,Clay Loam,0.398,0.236,20.65,9,0.349,1.951.173,20.666
12.934,107.853,6,245,3.64,33.5,22.1,5.9,33.2,33.3,27.5,24.75,5.04,84.49,17.53,12,-3.85,-5.19,-5.49,-5.13,2.87,2.02,9.17,1.47,8.91,1.97,-2.38,-4.35,Coffee,Clay Loam,0.484,0.252,26.39,7,0.347,2.384.767,23.158
12.939,107.624,6,194,3.64,38.2,20.1,5.7,31.8,30,23.2,25.86,8.09,82.95,17.53,12,-6.57,-7.33,-7.36,-6.7,2.7,5.61,18.96,4.97,9.12,-0.51,-5.8,-7.04,Coffee,Clay Loam,0.568,0.249,41.31,7,0.458,2.818.361,24.599
12.941,108.379,5,618,3.64,33.2,23.3,5.9,37,29.8,33.2,24.75,5.04,84.49,16.64,12,-3.85,-5.19,-5.49,-5.13,2.87,2.02,9.17,1.47,8.91,1.97,-2.38,-4.35,Coffee,Clay Loam,0.484,0.251,26.39,7,0.347,2.384.767,20.733
12.942,108.5,6,654,3.64,33.2,36.2,5.7,37.6,29.2,52.5,24.28,4.01,86.9,16.64,12,-2.28,-4.3,-5.22,-4.96,1.43,-0.34,3.67,-1.16,7.2,6.13,2.22,-2.39,Coffee,Clay Loam,0.398,0.277,20.65,9,0.349,2.818.361,20.029
12.944,108.034,6,434,3.64,30.8,26.1,5.7,34,35.1,29.1,24.75,5.04,84.49,16.64,12,-3.85,-5.19,-5.49,-5.13,2.87,2.02,9.17,1.47,8.91,1.97,-2.38,-4.35,Coffee,Clay Loam,0.484,0.253,26.39,7,0.347,2.818.361,21.929
12.944,108.175,5,730,3.64,34.6,22.4,5.6,34.3,31.1,34.9,24.75,5.04,84.49,16.64,12,-3.85,-5.19,-5.49,-5.13,2.87,2.02,9.17,1.47,8.91,1.97,-2.38,-4.35,Coffee,Clay Loam,0.484,0.26,26.39,7,0.347,3.035.158,20.005
12.944,108.459,6,565,3.64,31.8,20.8,6,39.2,29,31.7,24.28,4.01,86.9,16.64,12,-2.28,-4.3,-5.22,-4.96,1.43,-0.34,3.67,-1.16,7.2,6.13,2.22,-2.39,Coffee,Clay Loam,0.398,0.244,20.65,9,0.349,2167.97,20.608
12.945,107.736,6,215,3.64,31.5,24.2,5.7,38.2,30.4,28,25.86,8.09,82.95,17.53,12,-6.57,-7.33,-7.36,-6.7,2.7,5.61,18.96,4.97,9.12,-0.51,-5.8,-7.04,Coffee,Clay Loam,0.568,0.241,41.31,7,0.458,2.818.361,24.462
12.946,107.61,6,183,3.64,37.9,21.3,5.8,31.1,30.9,24.7,25.86,8.09,82.95,17.53,12,-6.57,-7.33,-7.36,-6.7,2.7,5.61,18.96,4.97,9.12,-0.51,-5.8,-7.04,Coffee,Clay Loam,0.568,0.253,41.31,7,0.458,2.601.564,24.67
12.947,108.407,6,580,3.64,33.7,21.2,6.1,36.6,29.6,28.6,24.75,5.04,84.49,16.64,12,-3.85,-5.19,-5.49,-5.13,2.87,2.02,9.17,1.47,8.91,1.97,-2.38,-4.35,Coffee,Clay Loam,0.484,0.246,26.39,7,0.347,1.951.173,20.98
12.948,108.308,6,734,3.64,30.8,20.3,5.7,36.4,32.8,28.7,24.75,5.04,84.49,16.64,12,-3.85,-5.19,-5.49,-5.13,2.87,2.02,9.17,1.47,8.91,1.97,-2.38,-4.35,Coffee,Clay Loam,0.484,0.246,26.39,7,0.347,2.818.361,19.979
12.951,108.164,5,691,3.64,33.5,21.5,5.5,34.1,32.4,34.3,24.75,5.04,84.49,16.64,12,-3.85,-5.19,-5.49,-5.13,2.87,2.02,9.17,1.47,8.91,1.97,-2.38,-4.35,Coffee,Clay Loam,0.484,0.26,26.39,7,0.347,3.251.955,20.258
12.953,107.53,5,380,3.64,34.9,29,5.4,33.8,31.3,31.8,25.86,8.09,82.95,17.53,12,-6.57,-7.33,-7.36,-6.7,2.7,5.61,18.96,4.97,9.12,-0.51,-5.8,-7.04,Coffee,Clay Loam,0.568,0.257,41.31,7,0.458,3.468.752,23.39
12.955,108.211,6,733,3.64,34.8,22.4,5.6,35.5,29.8,28.9,24.75,5.04,84.49,16.64,12,-3.85,-5.19,-5.49,-5.13,2.87,2.02,9.17,1.47,8.91,1.97,-2.38,-4.35,Coffee,Clay Loam,0.484,0.249,26.39,7,0.347,3.035.158,19.986
12.955,108.3,5,719,3.64,32.7,19.8,5.6,34.6,32.7,27,24.75,5.04,84.49,16.64,12,-3.85,-5.19,-5.49,-5.13,2.87,2.02,9.17,1.47,8.91,1.97,-2.38,-4.35,Coffee,Clay Loam,0.484,0.248,26.39,7,0.347,3.035.158,20.076
12.956,108.101,5,553,3.64,30,21.7,5.7,37.6,32.4,28.6,24.75,5.04,84.49,16.64,12,-3.85,-5.19,-5.49,-5.13,2.87,2.02,9.17,1.47,8.91,1.97,-2.38,-4.35,Coffee,Clay Loam,0.484,0.244,26.39,7,0.347,2.818.361,21.156
12.963,108.126,6,582,3.64,31.7,21.5,5.6,35.8,32.5,30.2,24.75,5.04,84.49,16.64,12,-3.85,-5.19,-5.49,-5.13,2.87,2.02,9.17,1.47,8.91,1.97,-2.38,-4.35,Coffee,Clay Loam,0.484,0.25,26.39,7,0.347,3.035.158,20.967
12.967,107.697,6,223,3.64,32.8,26.3,5.6,35.8,31.4,29.9,25.86,8.09,82.95,17.53,12,-6.57,-7.33,-7.36,-6.7,2.7,5.61,18.96,4.97,9.12,-0.51,-5.8,-7.04,Coffee,Clay Loam,0.568,0.25,41.31,7,0.458,3.035.158,24.41
12.967,107.864,6,257,3.64,37,24.1,5.9,33.4,29.6,23.4,24.75,5.04,84.49,17.53,12,-3.85,-5.19,-5.49,-5.13,2.87,2.02,9.17,1.47,8.91,1.97,-2.38,-4.35,Coffee,Clay Loam,0.484,0.246,26.39,7,0.347,2.384.767,23.08
12.968,107.719,5,260,3.64,30.7,21.6,5.8,37.3,32,23.7,25.86,8.09,82.95,17.53,12,-6.57,-7.33,-7.36,-6.7,2.7,5.61,18.96,4.97,9.12,-0.51,-5.8,-7.04,Coffee,Clay Loam,0.568,0.237,41.31,7,0.458,2.601.564,24.17
12.969,107.642,5,184,3.64,38.2,20.9,5.8,32.4,29.4,22.6,25.86,8.09,82.95,17.53,12,-6.57,-7.33,-7.36,-6.7,2.7,5.61,18.96,4.97,9.12,-0.51,-5.8,-7.04,Coffee,Clay Loam,0.568,0.247,41.31,7,0.458,2.601.564,24.664
12.97,108.25,6,727,3.64,35.4,24.8,5.5,32.7,31.9,38.8,24.75,5.04,84.49,16.64,12,-3.85,-5.19,-5.49,-5.13,2.87,2.02,9.17,1.47,8.91,1.97,-2.38,-4.35,Coffee,Clay Loam,0.484,0.269,26.39,7,0.347,3.251.955,20.024
12.974,107.515,5,227,3.64,33.4,20.5,5.8,34.2,32.3,31,25.86,8.09,82.95,17.53,12,-6.57,-7.33,-7.36,-6.7,2.7,5.61,18.96,4.97,9.12,-0.51,-5.8,-7.04,Coffee,Clay Loam,0.568,0.255,41.31,7,0.458,2.601.564,24.384
12.976,108.268,6,731,3.64,35.3,25.5,5.5,33.1,31.6,36.3,24.75,5.04,84.49,16.64,12,-3.85,-5.19,-5.49,-5.13,2.87,2.02,9.17,1.47,8.91,1.97,-2.38,-4.35,Coffee,Clay Loam,0.484,0.265,26.39,7,0.347,3.251.955,19.998
12.988,107.746,5,239,3.64,35.1,21.4,5.8,33.5,31.5,26,25.86,8.09,82.95,17.53,12,-6.57,-7.33,-7.36,-6.7,2.7,5.61,18.96,4.97,9.12,-0.51,-5.8,-7.04,Coffee,Clay Loam,0.568,0.249,41.31,7,0.458,2.601.564,24.306
12.989,107.929,5,232,3.64,34.7,22.2,5.9,34.6,30.7,22.9,24.75,5.04,84.49,17.53,12,-3.85,-5.19,-5.49,-5.13,2.87,2.02,9.17,1.47,8.91,1.97,-2.38,-4.35,Coffee,Clay Loam,0.484,0.242,26.39,7,0.347,2.384.767,23.242
12.99,108.447,6,608,3.64,30.5,21.4,6,39.5,30,22.9,24.28,4.01,86.9,16.64,12,-2.28,-4.3,-5.22,-4.96,1.43,-0.34,3.67,-1.16,7.2,6.13,2.22,-2.39,Coffee,Clay Loam,0.398,0.231,20.65,9,0.349,2167.97,20.328
12.992,107.938,5,254,3.64,34.5,22.3,5.9,35.2,30.3,22.2,24.75,5.04,84.49,17.53,12,-3.85,-5.19,-5.49,-5.13,2.87,2.02,9.17,1.47,8.91,1.97,-2.38,-4.35,Coffee,Clay Loam,0.484,0.24,26.39,7,0.347,2.384.767,23.099
12.992,108.038,6,311,3.64,31.9,21.3,5.7,33.2,34.8,27.1,24.75,5.04,84.49,16.64,12,-3.85,-5.19,-5.49,-5.13,2.87,2.02,9.17,1.47,8.91,1.97,-2.38,-4.35,Coffee,Clay Loam,0.484,0.252,26.39,7,0.347,2.818.361,22.728
12.993,108.233,6,775,3.64,33.8,23,5.4,33.2,33,34.6,24.75,5.04,84.49,16.64,12,-3.85,-5.19,-5.49,-5.13,2.87,2.02,9.17,1.47,8.91,1.97,-2.38,-4.35,Coffee,Clay Loam,0.484,0.262,26.39,7,0.347,3.468.752,19.712
12.995,108.18,6,646,3.64,35.2,20.9,5.7,36.8,28,26.5,24.75,5.04,84.49,16.64,12,-3.85,-5.19,-5.49,-5.13,2.87,2.02,9.17,1.47,8.91,1.97,-2.38,-4.35,Coffee,Clay Loam,0.484,0.242,26.39,7,0.347,2.818.361,20.551
12.996,107.74,5,234,3.64,35.7,20.9,5.8,32.8,31.5,25.3,25.86,8.09,82.95,17.53,12,-6.57,-7.33,-7.36,-6.7,2.7,5.61,18.96,4.97,9.12,-0.51,-5.8,-7.04,Coffee,Clay Loam,0.568,0.25,41.31,7,0.458,2.601.564,24.339
13,108.393,5,697,3.64,32.1,20,5.9,36.1,31.8,23.5,24.75,5.04,84.49,16.64,12,-3.85,-5.19,-5.49,-5.13,2.87,2.02,9.17,1.47,8.91,1.97,-2.38,-4.35,Coffee,Clay Loam,0.484,0.24,26.39,7,0.347,2.384.767,20.22
13.005,108.217,5,707,3.64,33.4,22.9,5.5,34.8,31.8,37,24.75,5.04,84.49,16.78,12,-3.85,-5.19,-5.49,-5.13,2.87,2.02,9.17,1.47,8.91,1.97,-2.38,-4.35,Coffee,Clay Loam,0.484,0.262,26.39,7,0.347,3.251.955,20.154
13.006,107.911,5,236,3.64,39.5,21.8,5.9,33.9,26.6,21.5,24.75,5.04,84.49,17.67,12,-3.85,-5.19,-5.49,-5.13,2.87,2.02,9.17,1.47,8.91,1.97,-2.38,-4.35,Coffee,Clay Loam,0.484,0.242,26.39,7,0.347,2.384.767,23.216
13.006,108.303,5,766,3.64,35.4,22.6,5.6,34.4,30.2,33.8,24.75,5.04,84.49,16.78,12,-3.85,-5.19,-5.49,-5.13,2.87,2.02,9.17,1.47,8.91,1.97,-2.38,-4.35,Coffee,Clay Loam,0.484,0.258,26.39,7,0.347,3.035.158,19.771
13.007,107.652,5,182,3.64,35.8,23.8,5.7,32.4,31.7,30.9,25.86,8.09,82.95,17.67,12,-6.57,-7.33,-7.36,-6.7,2.7,5.61,18.96,4.97,9.12,-0.51,-5.8,-7.04,Coffee,Clay Loam,0.568,0.259,41.31,7,0.458,2.818.361,24.677
13.007,107.983,6,295,3.64,37.8,26,5.7,31.8,30.4,32.4,24.75,5.04,84.49,17.67,12,-3.85,-5.19,-5.49,-5.13,2.87,2.02,9.17,1.47,8.91,1.97,-2.38,-4.35,Coffee,Clay Loam,0.484,0.262,26.39,7,0.347,2.818.361,22.832
13.008,107.535,5,163,3.64,38.2,18.8,5.7,32.1,29.7,24.8,25.86,8.09,82.95,17.67,12,-6.57,-7.33,-7.36,-6.7,2.7,5.61,18.96,4.97,9.12,-0.51,-5.8,-7.04,Coffee,Clay Loam,0.568,0.251,41.31,7,0.458,2.818.361,24.8
13.012,107.541,6,169,3.64,36.8,18.7,5.9,33.5,29.7,23.8,25.86,8.09,82.95,17.67,12,-6.57,-7.33,-7.36,-6.7,2.7,5.61,18.96,4.97,9.12,-0.51,-5.8,-7.04,Coffee,Clay Loam,0.568,0.246,41.31,7,0.458,2.384.767,24.761
13.014,107.996,5,252,3.64,35.2,21.2,5.8,34.8,30,23.4,24.75,5.04,84.49,17.67,12,-3.85,-5.19,-5.49,-5.13,2.87,2.02,9.17,1.47,8.91,1.97,-2.38,-4.35,Coffee,Clay Loam,0.484,0.243,26.39,7,0.347,2.601.564,23.112
13.016,108.481,5,814,3.64,34.2,34.9,5.6,37.3,28.4,55,24.28,4.01,86.9,16.78,12,-2.28,-4.3,-5.22,-4.96,1.43,-0.34,3.67,-1.16,7.2,6.13,2.22,-2.39,Coffee,Clay Loam,0.398,0.281,20.65,9,0.349,3.035.158,18.989
13.021,108.14,6,605,3.64,31.4,26.7,5.8,36.2,32.4,28.9,24.75,5.04,84.49,16.78,12,-3.85,-5.19,-5.49,-5.13,2.87,2.02,9.17,1.47,8.91,1.97,-2.38,-4.35,Coffee,Clay Loam,0.484,0.247,26.39,7,0.347,2.601.564,20.818
13.022,108.082,6,531,3.64,29,23.7,5.7,36.2,34.8,29.6,24.75,5.04,84.49,16.78,12,-3.85,-5.19,-5.49,-5.13,2.87,2.02,9.17,1.47,8.91,1.97,-2.38,-4.35,Coffee,Clay Loam,0.484,0.248,26.39,7,0.347,2.818.361,21.298
13.023,107.815,5,366,3.64,33.5,29.1,5.5,35,31.5,37.4,24.75,5.04,84.49,17.67,12,-3.85,-5.19,-5.49,-5.13,2.87,2.02,9.17,1.47,8.91,1.97,-2.38,-4.35,Coffee,Clay Loam,0.484,0.262,26.39,7,0.347,3.251.955,22.371
13.024,107.893,6,213,3.64,34.5,19.4,6,34.6,30.8,23.4,24.75,5.04,84.49,17.67,12,-3.85,-5.19,-5.49,-5.13,2.87,2.02,9.17,1.47,8.91,1.97,-2.38,-4.35,Coffee,Clay Loam,0.484,0.243,26.39,7,0.347,2167.97,23.366
13.025,107.527,6,185,3.64,32.2,24.2,5.7,36.7,31.1,33.8,25.86,8.09,82.95,17.67,12,-6.57,-7.33,-7.36,-6.7,2.7,5.61,18.96,4.97,9.12,-0.51,-5.8,-7.04,Coffee,Clay Loam,0.568,0.253,41.31,7,0.458,2.818.361,24.658
13.028,108.142,6,593,3.64,30.2,27.3,5.7,38.4,31.3,33.2,24.75,5.04,84.49,16.78,12,-3.85,-5.19,-5.49,-5.13,2.87,2.02,9.17,1.47,8.91,1.97,-2.38,-4.35,Coffee,Clay Loam,0.484,0.248,26.39,7,0.347,2.818.361,20.896
13.029,108.483,5,991,3.64,32.5,38.6,5.6,33.4,34.1,50.9,24.28,4.01,86.9,16.78,12,-2.28,-4.3,-5.22,-4.96,1.43,-0.34,3.67,-1.16,7.2,6.13,2.22,-2.39,Coffee,Clay Loam,0.398,0.284,20.65,9,0.349,3.035.158,17.839
13.03,108.278,5,772,3.64,32.9,23.6,5.6,33.9,33.2,35.4,24.75,5.04,84.49,16.78,12,-3.85,-5.19,-5.49,-5.13,2.87,2.02,9.17,1.47,8.91,1.97,-2.38,-4.35,Coffee,Clay Loam,0.484,0.262,26.39,7,0.347,3.035.158,19.732
13.035,108.204,5,663,3.64,34.8,21.9,5.6,36,29.2,29.2,24.75,5.04,84.49,16.78,12,-3.85,-5.19,-5.49,-5.13,2.87,2.02,9.17,1.47,8.91,1.97,-2.38,-4.35,Coffee,Clay Loam,0.484,0.248,26.39,7,0.347,3.035.158,20.44
13.038,107.992,5,239,3.64,33.8,19.1,5.8,34.5,31.6,22.9,24.75,5.04,84.49,17.67,12,-3.85,-5.19,-5.49,-5.13,2.87,2.02,9.17,1.47,8.91,1.97,-2.38,-4.35,Coffee,Clay Loam,0.484,0.243,26.39,7,0.347,2.601.564,23.196
13.039,107.733,6,295,3.64,32.9,26.9,5.6,36.9,30.2,30.5,25.86,8.09,82.95,17.67,12,-6.57,-7.33,-7.36,-6.7,2.7,5.61,18.96,4.97,9.12,-0.51,-5.8,-7.04,Coffee,Clay Loam,0.568,0.248,41.31,7,0.458,3.035.158,23.942
13.05,107.65,5,273,3.64,33.5,25.1,5.5,35.2,31.3,34.4,25.86,8.09,82.95,17.67,12,-6.57,-7.33,-7.36,-6.7,2.7,5.61,18.96,4.97,9.12,-0.51,-5.8,-7.04,Coffee,Clay Loam,0.568,0.257,41.31,7,0.458,3.251.955,24.086
13.05,107.855,5,205,3.64,33.3,21.3,5.9,32.2,34.5,33.1,24.75,5.04,84.49,17.67,12,-3.85,-5.19,-5.49,-5.13,2.87,2.02,9.17,1.47,8.91,1.97,-2.38,-4.35,Coffee,Clay Loam,0.484,0.262,26.39,7,0.347,2.384.767,23.418
13.052,107.889,5,205,3.64,35.6,19,5.9,31.7,32.7,22.3,24.75,5.04,84.49,17.67,12,-3.85,-5.19,-5.49,-5.13,2.87,2.02,9.17,1.47,8.91,1.97,-2.38,-4.35,Coffee,Clay Loam,0.484,0.248,26.39,7,0.347,2.384.767,23.418
13.053,108.391,5,688,3.64,30.3,21.3,5.9,37.9,31.8,27.9,24.75,5.04,84.49,16.78,12,-3.85,-5.19,-5.49,-5.13,2.87,2.02,9.17,1.47,8.91,1.97,-2.38,-4.35,Coffee,Clay Loam,0.484,0.242,26.39,7,0.347,2.384.767,20.278
13.054,107.703,5,236,3.64,34.8,21.2,5.7,35.1,30.1,27.3,25.86,8.09,82.95,17.67,12,-6.57,-7.33,-7.36,-6.7,2.7,5.61,18.96,4.97,9.12,-0.51,-5.8,-7.04,Coffee,Clay Loam,0.568,0.247,41.31,7,0.458,2.818.361,24.326
13.058,107.832,6,195,3.64,32.4,20.8,5.9,34.3,33.3,26.2,24.75,5.04,84.49,17.67,12,-3.85,-5.19,-5.49,-5.13,2.87,2.02,9.17,1.47,8.91,1.97,-2.38,-4.35,Coffee,Clay Loam,0.484,0.248,26.39,7,0.347,2.384.767,23.482
13.061,107.571,5,222,3.64,31.2,20.1,5.7,36.2,32.6,29.2,25.86,8.09,82.95,17.67,12,-6.57,-7.33,-7.36,-6.7,2.7,5.61,18.96,4.97,9.12,-0.51,-5.8,-7.04,Coffee,Clay Loam,0.568,0.248,41.31,7,0.458,2.818.361,24.417
13.064,108.108,6,449,3.64,29.5,20.8,5.8,34.7,35.8,20.8,24.75,5.04,84.49,16.78,12,-3.85,-5.19,-5.49,-5.13,2.87,2.02,9.17,1.47,8.91,1.97,-2.38,-4.35,Coffee,Clay Loam,0.484,0.239,26.39,7,0.347,2.601.564,21.832
13.067,107.869,6,191,3.64,37.9,22.8,5.8,32.4,29.7,22.5,24.75,5.04,84.49,17.67,12,-3.85,-5.19,-5.49,-5.13,2.87,2.02,9.17,1.47,8.91,1.97,-2.38,-4.35,Coffee,Clay Loam,0.484,0.247,26.39,7,0.347,2.601.564,23.508
13.067,107.972,6,234,3.64,36.6,20.2,5.9,34.9,28.4,25,24.75,5.04,84.49,17.67,12,-3.85,-5.19,-5.49,-5.13,2.87,2.02,9.17,1.47,8.91,1.97,-2.38,-4.35,Coffee,Clay Loam,0.484,0.245,26.39,7,0.347,2.384.767,23.229
13.068,107.843,6,194,3.64,32.7,21.6,5.9,33.1,34.1,25.6,24.75,5.04,84.49,17.67,12,-3.85,-5.19,-5.49,-5.13,2.87,2.02,9.17,1.47,8.91,1.97,-2.38,-4.35,Coffee,Clay Loam,0.484,0.25,26.39,7,0.347,2.384.767,23.489
13.07,107.556,6,249,3.64,29.8,19.9,5.7,38.5,31.7,24,25.86,8.09,82.95,17.67,12,-6.57,-7.33,-7.36,-6.7,2.7,5.61,18.96,4.97,9.12,-0.51,-5.8,-7.04,Coffee,Clay Loam,0.568,0.235,41.31,7,0.458,2.818.361,24.242
13.076,107.527,5,310,3.64,31,22.1,5.6,36.6,32.4,36,25.86,8.09,82.95,17.67,12,-6.57,-7.33,-7.36,-6.7,2.7,5.61,18.96,4.97,9.12,-0.51,-5.8,-7.04,Coffee,Clay Loam,0.568,0.256,41.31,7,0.458,3.035.158,23.845
13.08,107.602,5,320,3.64,33.6,27.6,5.5,36.3,30.2,35.2,25.86,8.09,82.95,17.67,12,-6.57,-7.33,-7.36,-6.7,2.7,5.61,18.96,4.97,9.12,-0.51,-5.8,-7.04,Coffee,Clay Loam,0.568,0.256,41.31,7,0.458,3.251.955,23.78
13.08,108.135,5,575,3.64,32,26.5,5.7,34.7,33.3,29.1,24.75,5.04,84.49,16.78,12,-3.85,-5.19,-5.49,-5.13,2.87,2.02,9.17,1.47,8.91,1.97,-2.38,-4.35,Coffee,Clay Loam,0.484,0.251,26.39,7,0.347,2.818.361,21.012
13.081,107.602,6,273,3.64,33.6,27.6,5.5,36.3,30.2,35.2,25.86,8.09,82.95,17.67,12,-6.57,-7.33,-7.36,-6.7,2.7,5.61,18.96,4.97,9.12,-0.51,-5.8,-7.04,Coffee,Clay Loam,0.568,0.256,41.31,7,0.458,3.251.955,24.086
13.082,107.754,5,205,3.64,33.8,20.1,5.9,33,33.2,20.8,25.86,8.09,82.95,17.67,12,-6.57,-7.33,-7.36,-6.7,2.7,5.61,18.96,4.97,9.12,-0.51,-5.8,-7.04,Coffee,Clay Loam,0.568,0.243,41.31,7,0.458,2.384.767,24.528
13.084,108.072,5,450,3.64,32.6,20.5,5.8,34.3,33.1,25.3,24.75,5.04,84.49,16.78,12,-3.85,-5.19,-5.49,-5.13,2.87,2.02,9.17,1.47,8.91,1.97,-2.38,-4.35,Coffee,Clay Loam,0.484,0.247,26.39,7,0.347,2.601.564,21.825
13.089,107.745,5,196,3.64,35,20.9,5.8,30.9,34.1,20.8,25.86,8.09,82.95,17.67,12,-6.57,-7.33,-7.36,-6.7,2.7,5.61,18.96,4.97,9.12,-0.51,-5.8,-7.04,Coffee,Clay Loam,0.568,0.248,41.31,7,0.458,2.601.564,24.586
13.093,107.806,6,186,3.64,34.4,20.7,5.9,33.3,32.3,25.1,25.86,8.09,82.95,17.67,12,-6.57,-7.33,-7.36,-6.7,2.7,5.61,18.96,4.97,9.12,-0.51,-5.8,-7.04,Coffee,Clay Loam,0.568,0.249,41.31,7,0.458,2.384.767,24.651
13.094,107.724,6,200,3.64,37.3,18.2,5.7,30.7,32,21.7,25.86,8.09,82.95,17.67,12,-6.57,-7.33,-7.36,-6.7,2.7,5.61,18.96,4.97,9.12,-0.51,-5.8,-7.04,Coffee,Clay Loam,0.568,0.25,41.31,7,0.458,2.818.361,24.56
13.097,107.992,6,293,3.64,35.9,24.6,5.8,33.5,30.6,26.8,24.75,5.04,84.49,17.67,12,-3.85,-5.19,-5.49,-5.13,2.87,2.02,9.17,1.47,8.91,1.97,-2.38,-4.35,Coffee,Clay Loam,0.484,0.25,26.39,7,0.347,2.601.564,22.846
13.099,108.328,5,836,3.64,36.6,26.8,5.6,32.9,30.5,42.8,24.75,5.04,84.49,16.78,12,-3.85,-5.19,-5.49,-5.13,2.87,2.02,9.17,1.47,8.91,1.97,-2.38,-4.35,Coffee,Clay Loam,0.484,0.274,26.39,7,0.347,3.035.158,19.316
13.102,107.726,5,196,3.64,37.4,19.1,5.8,30.4,32.2,22.8,25.86,8.09,82.95,17.67,12,-6.57,-7.33,-7.36,-6.7,2.7,5.61,18.96,4.97,9.12,-0.51,-5.8,-7.04,Coffee,Clay Loam,0.568,0.252,41.31,7,0.458,2.601.564,24.586
13.106,108.091,6,466,3.64,30.9,18.7,5.8,37.2,31.9,25,24.75,5.04,84.49,16.78,12,-3.85,-5.19,-5.49,-5.13,2.87,2.02,9.17,1.47,8.91,1.97,-2.38,-4.35,Coffee,Clay Loam,0.484,0.239,26.39,7,0.347,2.601.564,21.721
13.107,107.725,6,189,3.64,37.3,19,5.8,30.8,31.9,19,25.86,8.09,82.95,17.67,12,-6.57,-7.33,-7.36,-6.7,2.7,5.61,18.96,4.97,9.12,-0.51,-5.8,-7.04,Coffee,Clay Loam,0.568,0.246,41.31,7,0.458,2.601.564,24.632
13.108,108.203,6,680,3.64,32.9,25.5,5.6,36.1,31.1,28.2,24.75,5.04,84.49,16.78,12,-3.85,-5.19,-5.49,-5.13,2.87,2.02,9.17,1.47,8.91,1.97,-2.38,-4.35,Coffee,Clay Loam,0.484,0.246,26.39,7,0.347,3.035.158,20.33
13.11,107.513,5,175,3.64,32.8,22.6,6.1,38.7,28.5,27.3,25.86,8.09,82.95,17.67,12,-6.57,-7.33,-7.36,-6.7,2.7,5.61,18.96,4.97,9.12,-0.51,-5.8,-7.04,Coffee,Clay Loam,0.568,0.239,41.31,7,0.458,1.951.173,24.722
13.111,107.666,6,182,3.64,35.2,20.1,5.9,33.4,31.5,29.6,25.86,8.09,82.95,17.67,12,-6.57,-7.33,-7.36,-6.7,2.7,5.61,18.96,4.97,9.12,-0.51,-5.8,-7.04,Coffee,Clay Loam,0.568,0.255,41.31,7,0.458,2.384.767,24.677
13.111,108.193,6,708,3.64,32.8,25.5,5.7,36.1,31.1,30.3,24.75,5.04,84.49,16.78,12,-3.85,-5.19,-5.49,-5.13,2.87,2.02,9.17,1.47,8.91,1.97,-2.38,-4.35,Coffee,Clay Loam,0.484,0.249,26.39,7,0.347,2.818.361,20.148
13.112,107.547,6,184,3.64,33.9,20.1,5.9,37.3,28.8,27.6,25.86,8.09,82.95,17.67,12,-6.57,-7.33,-7.36,-6.7,2.7,5.61,18.96,4.97,9.12,-0.51,-5.8,-7.04,Coffee,Clay Loam,0.568,0.243,41.31,7,0.458,2.384.767,24.664
13.114,107.896,6,199,3.64,32.7,19.7,5.9,34.3,33,25.2,24.75,5.04,84.49,17.67,12,-3.85,-5.19,-5.49,-5.13,2.87,2.02,9.17,1.47,8.91,1.97,-2.38,-4.35,Coffee,Clay Loam,0.484,0.246,26.39,7,0.347,2.384.767,23.456
13.114,108.101,6,462,3.64,31.6,22.1,5.8,33.1,35.3,24.2,24.75,5.04,84.49,16.78,12,-3.85,-5.19,-5.49,-5.13,2.87,2.02,9.17,1.47,8.91,1.97,-2.38,-4.35,Coffee,Clay Loam,0.484,0.248,26.39,7,0.347,2.601.564,21.747
13.115,107.592,6,168,3.64,33.7,22.4,5.9,35.1,31.1,29.1,25.86,8.09,82.95,17.67,12,-6.57,-7.33,-7.36,-6.7,2.7,5.61,18.96,4.97,9.12,-0.51,-5.8,-7.04,Coffee,Clay Loam,0.568,0.25,41.31,7,0.458,2.384.767,24.768
13.12,107.504,5,163,3.64,33,21.7,6,38.4,28.6,26.4,25.86,8.09,82.95,17.67,12,-6.57,-7.33,-7.36,-6.7,2.7,5.61,18.96,4.97,9.12,-0.51,-5.8,-7.04,Coffee,Clay Loam,0.568,0.239,41.31,7,0.458,2167.97,24.8
13.121,108.081,6,434,3.64,34.9,21.9,5.8,34.2,30.9,25,24.75,5.04,84.49,16.78,12,-3.85,-5.19,-5.49,-5.13,2.87,2.02,9.17,1.47,8.91,1.97,-2.38,-4.35,Coffee,Clay Loam,0.484,0.246,26.39,7,0.347,2.601.564,21.929
13.123,107.527,6,169,3.64,32.7,22,6.2,36.8,30.5,25.8,25.86,8.09,82.95,17.67,12,-6.57,-7.33,-7.36,-6.7,2.7,5.61,18.96,4.97,9.12,-0.51,-5.8,-7.04,Coffee,Clay Loam,0.568,0.241,41.31,7,0.458,1.734.376,24.761
13.125,107.555,5,175,3.64,29.6,18.7,6,38.2,32.1,22.9,25.86,8.09,82.95,17.67,12,-6.57,-7.33,-7.36,-6.7,2.7,5.61,18.96,4.97,9.12,-0.51,-5.8,-7.04,Coffee,Clay Loam,0.568,0.234,41.31,7,0.458,2167.97,24.722
13.126,108.099,6,473,3.64,31.2,23,5.8,35.8,33,26.1,24.75,5.04,84.49,16.78,12,-3.85,-5.19,-5.49,-5.13,2.87,2.02,9.17,1.47,8.91,1.97,-2.38,-4.35,Coffee,Clay Loam,0.484,0.244,26.39,7,0.347,2.601.564,21.676
13.128,108.48,6,788,3.64,36.1,25.7,5.7,34.6,29.3,42.7,24.28,4.01,86.9,16.78,12,-2.28,-4.3,-5.22,-4.96,1.43,-0.34,3.67,-1.16,7.2,6.13,2.22,-2.39,Coffee,Clay Loam,0.398,0.27,20.65,9,0.349,2.818.361,19.158
13.131,108.214,5,701,3.64,32.7,28.1,5.6,35.3,32,31.5,24.75,5.04,84.49,16.78,12,-3.85,-5.19,-5.49,-5.13,2.87,2.02,9.17,1.47,8.91,1.97,-2.38,-4.35,Coffee,Clay Loam,0.484,0.253,26.39,7,0.347,3.035.158,20.194
13.133,108.071,5,438,3.64,28.9,24.6,5.6,36.4,34.8,27.5,24.75,5.04,84.49,16.78,12,-3.85,-5.19,-5.49,-5.13,2.87,2.02,9.17,1.47,8.91,1.97,-2.38,-4.35,Coffee,Clay Loam,0.484,0.245,26.39,7,0.347,3.035.158,21.903
13.134,107.626,5,174,3.64,35.8,19.5,6.1,32.7,31.5,23.8,25.86,8.09,82.95,17.67,12,-6.57,-7.33,-7.36,-6.7,2.7,5.61,18.96,4.97,9.12,-0.51,-5.8,-7.04,Coffee,Clay Loam,0.568,0.248,41.31,7,0.458,1.951.173,24.729
13.138,108.286,5,778,3.64,34.1,25.8,5.7,35.3,30.6,48.8,24.75,5.04,84.49,16.78,12,-3.85,-5.19,-5.49,-5.13,2.87,2.02,9.17,1.47,8.91,1.97,-2.38,-4.35,Coffee,Clay Loam,0.484,0.277,26.39,7,0.347,2.818.361,19.693
13.142,107.82,5,177,3.64,36,22.3,6,31.7,32.3,21,24.75,5.04,84.49,17.67,12,-3.85,-5.19,-5.49,-5.13,2.87,2.02,9.17,1.47,8.91,1.97,-2.38,-4.35,Coffee,Clay Loam,0.484,0.246,26.39,7,0.347,2167.97,23.6
13.147,107.836,5,187,3.64,33.7,20.2,5.9,33.9,32.4,23.9,24.75,5.04,84.49,17.67,12,-3.85,-5.19,-5.49,-5.13,2.87,2.02,9.17,1.47,8.91,1.97,-2.38,-4.35,Coffee,Clay Loam,0.484,0.245,26.39,7,0.347,2.384.767,23.534
13.147,108.118,5,511,3.64,34.9,25.8,5.8,34.4,30.7,29.8,24.75,5.04,84.49,16.78,12,-3.85,-5.19,-5.49,-5.13,2.87,2.02,9.17,1.47,8.91,1.97,-2.38,-4.35,Coffee,Clay Loam,0.484,0.253,26.39,7,0.347,2.601.564,21.428
13.148,108.288,6,822,3.64,33.2,19.9,5.8,35,31.9,29.1,24.75,5.04,84.49,16.78,12,-3.85,-5.19,-5.49,-5.13,2.87,2.02,9.17,1.47,8.91,1.97,-2.38,-4.35,Coffee,Clay Loam,0.484,0.25,26.39,7,0.347,2.601.564,19.407
13.15,107.877,6,185,3.64,34.6,23.4,6,34.5,30.8,25.4,24.75,5.04,84.49,17.67,12,-3.85,-5.19,-5.49,-5.13,2.87,2.02,9.17,1.47,8.91,1.97,-2.38,-4.35,Coffee,Clay Loam,0.484,0.246,26.39,7,0.347,2167.97,23.548
13.151,108.213,6,711,3.64,34,26.9,5.7,37.1,29,31.8,24.75,5.04,84.49,16.78,12,-3.85,-5.19,-5.49,-5.13,2.87,2.02,9.17,1.47,8.91,1.97,-2.38,-4.35,Coffee,Clay Loam,0.484,0.249,26.39,7,0.347,2.818.361,20.128
13.152,108.424,6,933,3.64,33.6,28,5.6,36.1,30.3,44.9,24.75,5.04,84.49,16.78,12,-3.85,-5.19,-5.49,-5.13,2.87,2.02,9.17,1.47,8.91,1.97,-2.38,-4.35,Coffee,Clay Loam,0.484,0.27,26.39,7,0.347,3.035.158,18.686
13.154,108.468,5,1026,3.64,35.5,38.7,5.4,34.2,30.2,54.2,24.28,4.01,86.9,16.78,12,-2.28,-4.3,-5.22,-4.96,1.43,-0.34,3.67,-1.16,7.2,6.13,2.22,-2.39,Coffee,Clay Loam,0.398,0.287,20.65,9,0.349,3.468.752,17.611
13.155,108.438,5,977,3.64,32.8,25.9,5.7,36.1,31,36,24.28,4.01,86.9,16.78,12,-2.28,-4.3,-5.22,-4.96,1.43,-0.34,3.67,-1.16,7.2,6.13,2.22,-2.39,Coffee,Clay Loam,0.398,0.257,20.65,9,0.349,2.818.361,17.93
13.156,107.668,5,179,3.64,35.4,19.8,6,33.4,31.2,24,25.86,8.09,82.95,17.67,12,-6.57,-7.33,-7.36,-6.7,2.7,5.61,18.96,4.97,9.12,-0.51,-5.8,-7.04,Coffee,Clay Loam,0.568,0.247,41.31,7,0.458,2167.97,24.696
13.157,107.898,5,191,3.64,32.9,20,5.9,34.9,32.2,36.7,24.75,5.04,84.49,17.67,12,-3.85,-5.19,-5.49,-5.13,2.87,2.02,9.17,1.47,8.91,1.97,-2.38,-4.35,Coffee,Clay Loam,0.484,0.261,26.39,7,0.347,2.384.767,23.508
13.158,108.243,6,679,3.64,29.6,23.2,5.6,37.7,32.8,31,24.75,5.04,84.49,16.78,12,-3.85,-5.19,-5.49,-5.13,2.87,2.02,9.17,1.47,8.91,1.97,-2.38,-4.35,Coffee,Clay Loam,0.484,0.247,26.39,7,0.347,3.035.158,20.336
13.158,108.305,5,692,3.64,37.1,21.6,5.7,34.7,28.2,32.1,24.75,5.04,84.49,16.78,12,-3.85,-5.19,-5.49,-5.13,2.87,2.02,9.17,1.47,8.91,1.97,-2.38,-4.35,Coffee,Clay Loam,0.484,0.255,26.39,7,0.347,2.818.361,20.252
13.159,107.579,5,150,3.64,34.6,18.5,6.1,33.4,32,24.1,25.86,8.09,82.95,17.67,12,-6.57,-7.33,-7.36,-6.7,2.7,5.61,18.96,4.97,9.12,-0.51,-5.8,-7.04,Coffee,Clay Loam,0.568,0.247,41.31,7,0.458,1.951.173,24.885
13.159,107.834,5,176,3.64,36.7,22,5.9,32.4,30.9,23.5,24.75,5.04,84.49,17.67,12,-3.85,-5.19,-5.49,-5.13,2.87,2.02,9.17,1.47,8.91,1.97,-2.38,-4.35,Coffee,Clay Loam,0.484,0.248,26.39,7,0.347,2.384.767,23.606
13.16,108.331,5,816,3.64,32,24.2,5.8,37.1,30.9,28.2,24.75,5.04,84.49,16.78,12,-3.85,-5.19,-5.49,-5.13,2.87,2.02,9.17,1.47,8.91,1.97,-2.38,-4.35,Coffee,Clay Loam,0.484,0.244,26.39,7,0.347,2.601.564,19.446
13.161,107.679,5,193,3.64,35.1,19.2,6,33.5,31.4,22.6,25.86,8.09,82.95,17.67,12,-6.57,-7.33,-7.36,-6.7,2.7,5.61,18.96,4.97,9.12,-0.51,-5.8,-7.04,Coffee,Clay Loam,0.568,0.245,41.31,7,0.458,2167.97,24.606
13.172,108.474,5,918,3.64,33.6,38.4,5.4,30.5,35.9,49.8,24.28,4.01,86.9,16.78,12,-2.28,-4.3,-5.22,-4.96,1.43,-0.34,3.67,-1.16,7.2,6.13,2.22,-2.39,Coffee,Clay Loam,0.398,0.29,20.65,9,0.349,3.468.752,18.313
13.181,108.219,6,601,3.64,28.4,21.2,5.7,36.7,34.8,31.4,24.75,5.04,84.49,16.78,12,-3.85,-5.19,-5.49,-5.13,2.87,2.02,9.17,1.47,8.91,1.97,-2.38,-4.35,Coffee,Clay Loam,0.484,0.25,26.39,7,0.347,2.818.361,20.844
13.181,108.313,5,718,3.64,34.6,24.9,5.7,36.1,29.3,26.9,24.75,5.04,84.49,16.78,12,-3.85,-5.19,-5.49,-5.13,2.87,2.02,9.17,1.47,8.91,1.97,-2.38,-4.35,Coffee,Clay Loam,0.484,0.245,26.39,7,0.347,2.818.361,20.083
13.181,108.317,5,710,3.64,34,30.8,5.7,35.4,30.6,49.2,24.75,5.04,84.49,16.78,12,-3.85,-5.19,-5.49,-5.13,2.87,2.02,9.17,1.47,8.91,1.97,-2.38,-4.35,Coffee,Clay Loam,0.484,0.277,26.39,7,0.347,2.818.361,20.135
13.187,107.644,6,172,3.64,36.7,22.6,6,31.6,31.8,25.2,25.86,8.09,82.95,17.67,12,-6.57,-7.33,-7.36,-6.7,2.7,5.61,18.96,4.97,9.12,-0.51,-5.8,-7.04,Coffee,Clay Loam,0.568,0.253,41.31,7,0.458,2167.97,24.742
13.187,107.78,5,169,3.64,35,21.2,5.9,30.9,34.1,23.3,25.86,8.09,82.95,17.67,12,-6.57,-7.33,-7.36,-6.7,2.7,5.61,18.96,4.97,9.12,-0.51,-5.8,-7.04,Coffee,Clay Loam,0.568,0.252,41.31,7,0.458,2.384.767,24.761
13.187,107.824,5,170,3.64,37,23,5.7,31.9,31.1,24.1,24.75,5.04,84.49,17.67,12,-3.85,-5.19,-5.49,-5.13,2.87,2.02,9.17,1.47,8.91,1.97,-2.38,-4.35,Coffee,Clay Loam,0.484,0.25,26.39,7,0.347,2.818.361,23.645
13.187,107.9,5,188,3.64,36.5,26.6,5.8,33.6,30,30.9,24.75,5.04,84.49,17.67,12,-3.85,-5.19,-5.49,-5.13,2.87,2.02,9.17,1.47,8.91,1.97,-2.38,-4.35,Coffee,Clay Loam,0.484,0.256,26.39,7,0.347,2.601.564,23.528
13.187,107.925,5,202,3.64,34,21.7,5.9,34.4,31.6,25.6,24.75,5.04,84.49,17.67,12,-3.85,-5.19,-5.49,-5.13,2.87,2.02,9.17,1.47,8.91,1.97,-2.38,-4.35,Coffee,Clay Loam,0.484,0.247,26.39,7,0.347,2.384.767,23.437
13.188,107.99,5,510,3.64,37,31.3,5.6,31,32,41.3,24.75,5.04,84.49,17.67,12,-3.85,-5.19,-5.49,-5.13,2.87,2.02,9.17,1.47,8.91,1.97,-2.38,-4.35,Coffee,Clay Loam,0.484,0.277,26.39,7,0.347,3.035.158,21.435
13.19,108.131,6,452,3.64,36.7,29.4,5.9,33.6,29.6,34.3,24.75,5.04,84.49,16.78,12,-3.85,-5.19,-5.49,-5.13,2.87,2.02,9.17,1.47,8.91,1.97,-2.38,-4.35,Coffee,Clay Loam,0.484,0.261,26.39,7,0.347,2.384.767,21.812
13.191,108.266,5,686,3.64,33.2,25.3,5.8,35.8,31,30.9,24.75,5.04,84.49,16.78,12,-3.85,-5.19,-5.49,-5.13,2.87,2.02,9.17,1.47,8.91,1.97,-2.38,-4.35,Coffee,Clay Loam,0.484,0.251,26.39,7,0.347,2.601.564,20.291
13.192,108.006,5,328,3.64,33.7,25.1,5.7,32.2,34.1,25.7,24.75,5.04,84.49,16.78,12,-3.85,-5.19,-5.49,-5.13,2.87,2.02,9.17,1.47,8.91,1.97,-2.38,-4.35,Coffee,Clay Loam,0.484,0.252,26.39,7,0.347,2.818.361,22.618
13.192,108.276,5,696,3.64,35.3,30.6,5.7,35,29.8,33.2,24.75,5.04,84.49,16.78,12,-3.85,-5.19,-5.49,-5.13,2.87,2.02,9.17,1.47,8.91,1.97,-2.38,-4.35,Coffee,Clay Loam,0.484,0.256,26.39,7,0.347,2.818.361,20.226
13.195,107.543,6,146,3.64,32.4,18.6,5.8,32.8,34.8,23.4,25.86,8.09,82.95,17.67,12,-6.57,-7.33,-7.36,-6.7,2.7,5.61,18.96,4.97,9.12,-0.51,-5.8,-7.04,Coffee,Clay Loam,0.568,0.247,41.31,7,0.458,2.601.564,24.911
13.195,108.145,6,532,3.64,34.1,29.9,5.9,36.4,29.5,31.3,24.75,5.04,84.49,16.78,12,-3.85,-5.19,-5.49,-5.13,2.87,2.02,9.17,1.47,8.91,1.97,-2.38,-4.35,Coffee,Clay Loam,0.484,0.25,26.39,7,0.347,2.384.767,21.292
13.198,108.264,6,649,3.64,33,24.4,5.7,34.6,32.4,29.5,24.75,5.04,84.49,16.78,12,-3.85,-5.19,-5.49,-5.13,2.87,2.02,9.17,1.47,8.91,1.97,-2.38,-4.35,Coffee,Clay Loam,0.484,0.252,26.39,7,0.347,2.818.361,20.532
13.199,107.733,6,172,3.64,37.8,20.5,5.9,30.8,31.3,26.6,25.86,8.09,82.95,17.67,12,-6.57,-7.33,-7.36,-6.7,2.7,5.61,18.96,4.97,9.12,-0.51,-5.8,-7.04,Coffee,Clay Loam,0.568,0.256,41.31,7,0.458,2.384.767,24.742
13.199,108.409,6,686,3.64,33.4,27.1,5.6,35.3,31.3,35.3,24.75,5.04,84.49,16.78,12,-3.85,-5.19,-5.49,-5.13,2.87,2.02,9.17,1.47,8.91,1.97,-2.38,-4.35,Coffee,Clay Loam,0.484,0.258,26.39,7,0.347,3.035.158,20.291
13.2,108.342,5,681,3.64,36.8,22.4,5.6,33.7,29.4,32.3,24.75,5.04,84.49,16.78,12,-3.85,-5.19,-5.49,-5.13,2.87,2.02,9.17,1.47,8.91,1.97,-2.38,-4.35,Coffee,Clay Loam,0.484,0.258,26.39,7,0.347,3.035.158,20.324
13.202,107.583,5,149,3.64,34.2,19.4,6,32.6,33.2,22.7,25.86,8.09,82.95,17.67,12,-6.57,-7.33,-7.36,-6.7,2.7,5.61,18.96,4.97,9.12,-0.51,-5.8,-7.04,Coffee,Clay Loam,0.568,0.247,41.31,7,0.458,2167.97,24.892
13.204,107.983,6,294,3.64,34.3,27.1,5.6,33.2,32.5,29.1,24.75,5.04,84.49,17.67,12,-3.85,-5.19,-5.49,-5.13,2.87,2.02,9.17,1.47,8.91,1.97,-2.38,-4.35,Coffee,Clay Loam,0.484,0.254,26.39,7,0.347,3.035.158,22.839
13.205,107.654,5,181,3.64,35.4,18.5,6,33,31.6,22.1,25.86,8.09,82.95,17.67,12,-6.57,-7.33,-7.36,-6.7,2.7,5.61,18.96,4.97,9.12,-0.51,-5.8,-7.04,Coffee,Clay Loam,0.568,0.245,41.31,7,0.458,2167.97,24.684
13.205,107.724,5,170,3.64,34.7,19.5,5.9,31.5,33.9,26.9,25.86,8.09,82.95,17.67,12,-6.57,-7.33,-7.36,-6.7,2.7,5.61,18.96,4.97,9.12,-0.51,-5.8,-7.04,Coffee,Clay Loam,0.568,0.255,41.31,7,0.458,2.384.767,24.755
13.206,108.422,5,541,3.64,33.9,22.1,5.6,35.2,30.8,33.3,24.75,5.04,84.49,16.78,12,-3.85,-5.19,-5.49,-5.13,2.87,2.02,9.17,1.47,8.91,1.97,-2.38,-4.35,Coffee,Clay Loam,0.484,0.256,26.39,7,0.347,3.035.158,21.234
13.21,108.144,5,502,3.64,30.6,26.2,5.8,35.1,34.3,26.6,24.75,5.04,84.49,16.78,12,-3.85,-5.19,-5.49,-5.13,2.87,2.02,9.17,1.47,8.91,1.97,-2.38,-4.35,Coffee,Clay Loam,0.484,0.247,26.39,7,0.347,2.601.564,21.487
13.215,107.579,6,153,3.64,35.4,17,5.9,33.4,31.2,22.9,25.86,8.09,82.95,17.67,12,-6.57,-7.33,-7.36,-6.7,2.7,5.61,18.96,4.97,9.12,-0.51,-5.8,-7.04,Coffee,Clay Loam,0.568,0.245,41.31,7,0.458,2.384.767,24.866
13.215,107.97,6,386,3.64,30.5,27.9,5.5,34.5,35,34.8,24.75,5.04,84.49,17.67,12,-3.85,-5.19,-5.49,-5.13,2.87,2.02,9.17,1.47,8.91,1.97,-2.38,-4.35,Coffee,Clay Loam,0.484,0.259,26.39,7,0.347,3.251.955,22.241
13.217,108.279,6,666,3.64,29.9,22.7,5.7,36.8,33.3,28,24.75,5.04,84.49,16.78,12,-3.85,-5.19,-5.49,-5.13,2.87,2.02,9.17,1.47,8.91,1.97,-2.38,-4.35,Coffee,Clay Loam,0.484,0.245,26.39,7,0.347,2.818.361,20.421
13.22,107.564,6,143,3.64,35.7,18.3,6,33.6,30.7,22.7,25.86,8.09,82.95,17.67,12,-6.57,-7.33,-7.36,-6.7,2.7,5.61,18.96,4.97,9.12,-0.51,-5.8,-7.04,Coffee,Clay Loam,0.568,0.244,41.31,7,0.458,2167.97,24.93
13.223,108.438,5,632,3.64,32.2,29.5,5.7,35.3,32.6,42.9,24.28,4.01,86.9,16.78,12,-2.28,-4.3,-5.22,-4.96,1.43,-0.34,3.67,-1.16,7.2,6.13,2.22,-2.39,Coffee,Clay Loam,0.398,0.269,20.65,9,0.349,2.818.361,20.172
13.224,107.553,6,140,3.64,35.2,19.6,6,33,31.8,24.9,25.86,8.09,82.95,17.67,12,-6.57,-7.33,-7.36,-6.7,2.7,5.61,18.96,4.97,9.12,-0.51,-5.8,-7.04,Coffee,Clay Loam,0.568,0.249,41.31,7,0.458,2167.97,24.95
13.224,108.248,6,625,3.64,31.8,22.8,5.9,36.3,31.9,31.8,24.75,5.04,84.49,16.78,12,-3.85,-5.19,-5.49,-5.13,2.87,2.02,9.17,1.47,8.91,1.97,-2.38,-4.35,Coffee,Clay Loam,0.484,0.251,26.39,7,0.347,2.384.767,20.688
13.225,107.947,5,216,3.64,34.1,22.1,5.8,34.9,31,29.9,24.75,5.04,84.49,17.67,12,-3.85,-5.19,-5.49,-5.13,2.87,2.02,9.17,1.47,8.91,1.97,-2.38,-4.35,Coffee,Clay Loam,0.484,0.252,26.39,7,0.347,2.601.564,23.346
13.225,107.964,5,367,3.64,33.6,28.9,5.5,34.7,31.8,35.5,24.75,5.04,84.49,17.67,12,-3.85,-5.19,-5.49,-5.13,2.87,2.02,9.17,1.47,8.91,1.97,-2.38,-4.35,Coffee,Clay Loam,0.484,0.26,26.39,7,0.347,3.251.955,22.364
13.231,108.202,5,584,3.64,29.9,26.4,5.6,36.9,33.2,33.8,24.75,5.04,84.49,16.78,12,-3.85,-5.19,-5.49,-5.13,2.87,2.02,9.17,1.47,8.91,1.97,-2.38,-4.35,Coffee,Clay Loam,0.484,0.252,26.39,7,0.347,3.035.158,20.954
13.232,108.018,6,385,3.64,31.9,21.3,5.7,36.4,31.7,24.8,24.75,5.04,84.49,16.78,12,-3.85,-5.19,-5.49,-5.13,2.87,2.02,9.17,1.47,8.91,1.97,-2.38,-4.35,Coffee,Clay Loam,0.484,0.241,26.39,7,0.347,2.818.361,22.248
13.236,107.756,6,165,3.64,36.8,21.4,5.9,31.8,31.3,20.2,25.86,8.09,82.95,17.67,12,-6.57,-7.33,-7.36,-6.7,2.7,5.61,18.96,4.97,9.12,-0.51,-5.8,-7.04,Coffee,Clay Loam,0.568,0.245,41.31,7,0.458,2.384.767,24.787
13.242,108.215,5,500,3.64,30.9,21.2,5.7,35,34.1,23.5,24.75,5.04,84.49,16.78,12,-3.85,-5.19,-5.49,-5.13,2.87,2.02,9.17,1.47,8.91,1.97,-2.38,-4.35,Coffee,Clay Loam,0.484,0.242,26.39,7,0.347,2.818.361,21.5
13.245,107.777,6,169,3.64,35.7,19.4,5.9,31.8,32.5,25.3,25.86,8.09,82.95,17.67,12,-6.57,-7.33,-7.36,-6.7,2.7,5.61,18.96,4.97,9.12,-0.51,-5.8,-7.04,Coffee,Clay Loam,0.568,0.252,41.31,7,0.458,2.384.767,24.761
13.245,107.879,5,188,3.64,36.1,20.4,5.8,34.7,29.2,22,24.75,5.04,84.49,17.67,12,-3.85,-5.19,-5.49,-5.13,2.87,2.02,9.17,1.47,8.91,1.97,-2.38,-4.35,Coffee,Clay Loam,0.484,0.241,26.39,7,0.347,2.601.564,23.528
13.25,107.956,5,261,3.64,32,24.5,5.8,36.5,31.4,24.6,24.75,5.04,84.49,17.67,12,-3.85,-5.19,-5.49,-5.13,2.87,2.02,9.17,1.47,8.91,1.97,-2.38,-4.35,Coffee,Clay Loam,0.484,0.24,26.39,7,0.347,2.601.564,23.054
13.251,107.849,5,179,3.64,35.8,20.5,5.9,35.4,28.9,23.3,24.64,4.92,84.79,17.67,12,-3.74,-5.15,-5.62,-5,2.51,2.76,7.89,1.25,8.92,3.13,-2.41,-4.49,Coffee,Clay Loam,0.472,0.241,26.41,9,0.337,2.384.767,23.476
13.251,108.193,6,515,3.64,31.9,23.2,5.8,35.2,32.9,27.1,24.64,4.92,84.79,16.78,12,-3.74,-5.15,-5.62,-5,2.51,2.76,7.89,1.25,8.92,3.13,-2.41,-4.49,Coffee,Clay Loam,0.472,0.247,26.41,9,0.337,2.601.564,21.292
13.254,108.046,6,357,3.64,30.7,21.6,5.7,36.2,33.1,31,24.64,4.92,84.79,16.78,12,-3.74,-5.15,-5.62,-5,2.51,2.76,7.89,1.25,8.92,3.13,-2.41,-4.49,Coffee,Clay Loam,0.472,0.25,26.41,9,0.337,2.818.361,22.32
13.26,108.45,5,419,3.64,35.5,28.5,5.7,33.7,30.8,38.7,24.61,4.18,86.41,16.78,12,-2.54,-4.25,-5.39,-5.02,0.71,-0.08,3.92,-1.15,7.21,7,2.28,-2.68,Coffee,Clay Loam,0.421,0.267,21.11,9,0.341,2.818.361,21.886
13.263,107.897,6,193,3.64,33.2,20.3,5.8,35.8,31,23.5,24.64,4.92,84.79,17.67,12,-3.74,-5.15,-5.62,-5,2.51,2.76,7.89,1.25,8.92,3.13,-2.41,-4.49,Coffee,Clay Loam,0.472,0.241,26.41,9,0.337,2.601.564,23.386
13.271,107.689,6,155,3.64,35.6,18.9,6,32.6,31.8,22.1,26.03,6.93,82.59,17.67,12,-5.74,-6.67,-6.72,-5.6,3.27,5.56,14.57,4.05,8.95,0.25,-5.41,-6.56,Coffee,Clay Loam,0.586,0.246,36.7,7,0.398,2167.97,25.022
13.276,107.564,6,144,3.64,32.8,18.7,5.8,34.1,33.2,22.8,26.03,6.93,82.59,17.67,12,-5.74,-6.67,-6.72,-5.6,3.27,5.56,14.57,4.05,8.95,0.25,-5.41,-6.56,Coffee,Clay Loam,0.586,0.243,36.7,7,0.398,2.601.564,25.094
13.278,108.079,5,462,3.64,30.9,22.6,5.4,34.1,35,28.3,24.64,4.92,84.79,16.78,12,-3.74,-5.15,-5.62,-5,2.51,2.76,7.89,1.25,8.92,3.13,-2.41,-4.49,Coffee,Clay Loam,0.472,0.251,26.41,9,0.337,3.468.752,21.637
13.279,107.898,5,191,3.64,34.6,20.9,5.7,34.8,30.6,26.7,24.64,4.92,84.79,17.67,12,-3.74,-5.15,-5.62,-5,2.51,2.76,7.89,1.25,8.92,3.13,-2.41,-4.49,Coffee,Clay Loam,0.472,0.247,26.41,9,0.337,2.818.361,23.399
13.282,108.457,5,433,3.64,34.3,28,5.6,35.1,30.6,41.1,24.61,4.18,86.41,16.78,12,-2.54,-4.25,-5.39,-5.02,0.71,-0.08,3.92,-1.15,7.21,7,2.28,-2.68,Coffee,Clay Loam,0.421,0.267,21.11,9,0.341,3.035.158,21.796
13.287,108.208,5,458,3.64,35.9,23.6,5.8,32,32,28.7,24.64,4.92,84.79,16.78,12,-3.74,-5.15,-5.62,-5,2.51,2.76,7.89,1.25,8.92,3.13,-2.41,-4.49,Coffee,Clay Loam,0.472,0.257,26.41,9,0.337,2.601.564,21.663
13.289,108.419,5,301,3.64,31.5,24.4,6.1,37.2,31.2,27.5,24.64,4.92,84.79,16.78,12,-3.74,-5.15,-5.62,-5,2.51,2.76,7.89,1.25,8.92,3.13,-2.41,-4.49,Coffee,Clay Loam,0.472,0.243,26.41,9,0.337,1.951.173,22.684
13.291,108.38,6,572,3.64,29.2,31.6,5.6,37,33.8,45.9,24.64,4.92,84.79,16.78,12,-3.74,-5.15,-5.62,-5,2.51,2.76,7.89,1.25,8.92,3.13,-2.41,-4.49,Coffee,Clay Loam,0.472,0.269,26.41,9,0.337,3.035.158,20.922
13.292,107.982,6,260,3.64,33,19.2,5.7,34.2,32.8,25.9,24.64,4.92,84.79,17.67,12,-3.74,-5.15,-5.62,-5,2.51,2.76,7.89,1.25,8.92,3.13,-2.41,-4.49,Coffee,Clay Loam,0.472,0.248,26.41,9,0.337,2.818.361,22.95
13.292,108.171,5,464,3.64,30.6,23.4,5.7,34.9,34.5,28.6,24.64,4.92,84.79,16.78,12,-3.74,-5.15,-5.62,-5,2.51,2.76,7.89,1.25,8.92,3.13,-2.41,-4.49,Coffee,Clay Loam,0.472,0.25,26.41,9,0.337,2.818.361,21.624
13.295,107.733,5,174,3.64,36.3,19.5,5.8,33.1,30.6,24.8,26.03,6.93,82.59,17.67,12,-5.74,-6.67,-6.72,-5.6,3.27,5.56,14.57,4.05,8.95,0.25,-5.41,-6.56,Coffee,Clay Loam,0.586,0.249,36.7,7,0.398,2.601.564,24.899
13.296,108.373,6,707,3.64,29.9,28.1,5.6,35.5,34.6,40.8,24.64,4.92,84.79,16.78,12,-3.74,-5.15,-5.62,-5,2.51,2.76,7.89,1.25,8.92,3.13,-2.41,-4.49,Coffee,Clay Loam,0.472,0.265,26.41,9,0.337,3.035.158,20.044
13.297,107.707,6,162,3.64,35.1,20.3,5.8,34.3,30.6,21.2,26.03,6.93,82.59,17.67,12,-5.74,-6.67,-6.72,-5.6,3.27,5.56,14.57,4.05,8.95,0.25,-5.41,-6.56,Coffee,Clay Loam,0.586,0.241,36.7,7,0.398,2.601.564,24.977
13.297,107.747,6,165,3.64,40,21.3,5.9,29.9,30.1,27.1,26.03,6.93,82.59,17.67,12,-5.74,-6.67,-6.72,-5.6,3.27,5.56,14.57,4.05,8.95,0.25,-5.41,-6.56,Coffee,Clay,0.586,0.259,36.7,7,0.398,2.384.767,24.958
13.299,107.88,5,190,3.64,33.8,21.3,5.7,34.4,31.8,22.6,24.64,4.92,84.79,17.67,12,-3.74,-5.15,-5.62,-5,2.51,2.76,7.89,1.25,8.92,3.13,-2.41,-4.49,Coffee,Clay Loam,0.472,0.243,26.41,9,0.337,2.818.361,23.405
13.301,107.768,6,169,3.64,34.1,18.4,5.9,34.2,31.7,18.6,26.03,6.93,82.59,17.67,12,-5.74,-6.67,-6.72,-5.6,3.27,5.56,14.57,4.05,8.95,0.25,-5.41,-6.56,Coffee,Clay Loam,0.586,0.237,36.7,7,0.398,2.384.767,24.932
13.304,107.504,5,145,3.64,36.6,19.7,6,30,33.4,23.2,26.03,6.93,82.59,17.67,12,-5.74,-6.67,-6.72,-5.6,3.27,5.56,14.57,4.05,8.95,0.25,-5.41,-6.56,Coffee,Clay Loam,0.586,0.253,36.7,7,0.398,2167.97,25.088
13.306,108.138,6,436,3.64,32.6,25.2,5.8,33.2,34.2,27.9,24.64,4.92,84.79,16.78,12,-3.74,-5.15,-5.62,-5,2.51,2.76,7.89,1.25,8.92,3.13,-2.41,-4.49,Coffee,Clay Loam,0.472,0.253,26.41,9,0.337,2.601.564,21.806
13.308,108.253,5,462,3.64,36.5,21.9,5.8,34.8,28.8,31.2,24.64,4.92,84.79,16.78,12,-3.74,-5.15,-5.62,-5,2.51,2.76,7.89,1.25,8.92,3.13,-2.41,-4.49,Coffee,Clay Loam,0.472,0.254,26.41,9,0.337,2.601.564,21.637
13.316,108.16,5,401,3.64,34.6,23.2,5.9,33.1,32.3,26,24.64,4.92,84.79,16.78,12,-3.74,-5.15,-5.62,-5,2.51,2.76,7.89,1.25,8.92,3.13,-2.41,-4.49,Coffee,Clay Loam,0.472,0.25,26.41,9,0.337,2.384.767,22.034
13.317,108.216,6,541,3.64,30.1,25.2,5.9,38.9,31,32,24.64,4.92,84.79,16.78,12,-3.74,-5.15,-5.62,-5,2.51,2.76,7.89,1.25,8.92,3.13,-2.41,-4.49,Coffee,Clay Loam,0.472,0.245,26.41,9,0.337,2.384.767,21.124
13.32,108.315,5,419,3.64,35.5,22.4,5.9,36.2,28.3,26.6,24.64,4.92,84.79,16.78,12,-3.74,-5.15,-5.62,-5,2.51,2.76,7.89,1.25,8.92,3.13,-2.41,-4.49,Coffee,Clay Loam,0.472,0.244,26.41,9,0.337,2.384.767,21.916
13.321,107.984,6,292,3.64,34.7,19.6,5.5,35.7,29.5,26.5,24.64,4.92,84.79,17.67,12,-3.74,-5.15,-5.62,-5,2.51,2.76,7.89,1.25,8.92,3.13,-2.41,-4.49,Coffee,Clay Loam,0.472,0.245,26.41,9,0.337,3.251.955,22.742
13.323,107.671,6,155,3.64,34.9,21,5.9,32.4,32.7,31.3,26.03,6.93,82.59,17.67,12,-5.74,-6.67,-6.72,-5.6,3.27,5.56,14.57,4.05,8.95,0.25,-5.41,-6.56,Coffee,Clay Loam,0.586,0.259,36.7,7,0.398,2.384.767,25.022
13.324,107.58,5,167,3.64,35.4,19.7,5.9,32.9,31.7,23.7,26.03,6.93,82.59,17.67,12,-5.74,-6.67,-6.72,-5.6,3.27,5.56,14.57,4.05,8.95,0.25,-5.41,-6.56,Coffee,Clay Loam,0.586,0.248,36.7,7,0.398,2.384.767,24.944
13.325,108.072,6,792,3.64,32.8,32,5.5,35.3,31.9,50.4,24.64,4.92,84.79,16.78,12,-3.74,-5.15,-5.62,-5,2.51,2.76,7.89,1.25,8.92,3.13,-2.41,-4.49,Coffee,Clay Loam,0.472,0.279,26.41,9,0.337,3.251.955,19.492
13.328,107.976,6,307,3.64,34.9,21.8,5.7,34.8,30.3,28.6,24.64,4.92,84.79,17.67,12,-3.74,-5.15,-5.62,-5,2.51,2.76,7.89,1.25,8.92,3.13,-2.41,-4.49,Coffee,Clay Loam,0.472,0.25,26.41,9,0.337,2.818.361,22.644
13.33,107.621,5,156,3.64,33.7,20,6,32.1,34.2,22.5,26.03,6.93,82.59,17.67,12,-5.74,-6.67,-6.72,-5.6,3.27,5.56,14.57,4.05,8.95,0.25,-5.41,-6.56,Coffee,Clay Loam,0.586,0.248,36.7,7,0.398,2167.97,25.016
13.336,108.399,5,474,3.64,30.6,32.3,5.7,35,34.4,35.9,24.64,4.92,84.79,16.78,12,-3.74,-5.15,-5.62,-5,2.51,2.76,7.89,1.25,8.92,3.13,-2.41,-4.49,Coffee,Clay Loam,0.472,0.26,26.41,9,0.337,2.818.361,21.559
13.34,107.851,6,239,3.64,33.6,22.4,5.8,36.9,29.4,23.9,24.64,4.92,84.79,17.67,12,-3.74,-5.15,-5.62,-5,2.51,2.76,7.89,1.25,8.92,3.13,-2.41,-4.49,Coffee,Clay Loam,0.472,0.239,26.41,9,0.337,2.601.564,23.086
13.343,108.097,6,300,3.64,36.4,25.6,5.9,32.4,31.2,29.9,24.64,4.92,84.79,16.78,12,-3.74,-5.15,-5.62,-5,2.51,2.76,7.89,1.25,8.92,3.13,-2.41,-4.49,Coffee,Clay Loam,0.472,0.257,26.41,9,0.337,2.384.767,22.69
13.35,107.66,6,153,3.64,34.5,20.5,6,31.8,33.7,22.9,26.03,6.93,82.59,17.67,12,-5.74,-6.67,-6.72,-5.6,3.27,5.56,14.57,4.05,8.95,0.25,-5.41,-6.56,Coffee,Clay Loam,0.586,0.249,36.7,7,0.398,2167.97,25.036
13.352,107.866,6,220,3.64,32.9,20.2,5.7,37.9,29.2,26.1,24.64,4.92,84.79,17.67,12,-3.74,-5.15,-5.62,-5,2.51,2.76,7.89,1.25,8.92,3.13,-2.41,-4.49,Coffee,Clay Loam,0.472,0.239,26.41,9,0.337,2.818.361,23.21
13.354,108.353,5,459,3.64,35.1,25.3,5.8,35.5,29.5,37,24.64,4.92,84.79,16.78,12,-3.74,-5.15,-5.62,-5,2.51,2.76,7.89,1.25,8.92,3.13,-2.41,-4.49,Coffee,Clay Loam,0.472,0.26,26.41,9,0.337,2.601.564,21.656
13.357,107.506,5,140,3.64,32.3,19.1,6,31.6,36.1,20.8,26.03,6.93,82.59,17.67,12,-5.74,-6.67,-6.72,-5.6,3.27,5.56,14.57,4.05,8.95,0.25,-5.41,-6.56,Coffee,Clay Loam,0.586,0.246,36.7,7,0.398,2167.97,25.12
13.358,107.564,5,149,3.64,34.2,19.8,5.9,32.1,33.7,23.2,26.03,6.93,82.59,17.67,12,-5.74,-6.67,-6.72,-5.6,3.27,5.56,14.57,4.05,8.95,0.25,-5.41,-6.56,Coffee,Clay Loam,0.586,0.249,36.7,7,0.398,2.384.767,25.062
13.359,108.015,5,239,3.64,35.4,24,6,35.6,29,24.7,24.64,4.92,84.79,16.78,12,-3.74,-5.15,-5.62,-5,2.51,2.76,7.89,1.25,8.92,3.13,-2.41,-4.49,Coffee,Clay Loam,0.472,0.243,26.41,9,0.337,2167.97,23.086
13.36,107.686,6,155,3.64,34.1,19.8,5.8,33.4,32.5,22.8,26.03,6.93,82.59,17.67,12,-5.74,-6.67,-6.72,-5.6,3.27,5.56,14.57,4.05,8.95,0.25,-5.41,-6.56,Coffee,Clay Loam,0.586,0.245,36.7,7,0.398,2.601.564,25.022
13.362,107.744,6,164,3.64,35,20.5,5.8,31.4,33.6,27.4,26.03,6.93,82.59,17.67,12,-5.74,-6.67,-6.72,-5.6,3.27,5.56,14.57,4.05,8.95,0.25,-5.41,-6.56,Coffee,Clay Loam,0.586,0.256,36.7,7,0.398,2.601.564,24.964
13.367,108.237,5,448,3.64,37,18.9,5.8,32.1,30.9,26.6,24.64,4.92,84.79,16.78,12,-3.74,-5.15,-5.62,-5,2.51,2.76,7.89,1.25,8.92,3.13,-2.41,-4.49,Coffee,Clay Loam,0.472,0.253,26.41,9,0.337,2.601.564,21.728
13.372,107.929,5,229,3.64,36.8,27.7,5.6,30.9,32.3,29,24.64,4.92,84.79,17.67,12,-3.74,-5.15,-5.62,-5,2.51,2.76,7.89,1.25,8.92,3.13,-2.41,-4.49,Coffee,Clay Loam,0.472,0.26,26.41,9,0.337,3.035.158,23.152
13.373,107.737,5,170,3.64,32.9,18.5,5.9,34,33.2,25.9,26.03,6.93,82.59,17.67,12,-5.74,-6.67,-6.72,-5.6,3.27,5.56,14.57,4.05,8.95,0.25,-5.41,-6.56,Coffee,Clay Loam,0.586,0.248,36.7,7,0.398,2.384.767,24.925
13.373,108.104,6,268,3.64,37.4,24.7,6,33.2,29.4,26.2,24.64,4.92,84.79,16.78,12,-3.74,-5.15,-5.62,-5,2.51,2.76,7.89,1.25,8.92,3.13,-2.41,-4.49,Coffee,Clay Loam,0.472,0.25,26.41,9,0.337,2167.97,22.898
13.374,108.338,6,364,3.64,36.6,21.2,6,37,26.4,27,24.64,4.92,84.79,16.78,12,-3.74,-5.15,-5.62,-5,2.51,2.76,7.89,1.25,8.92,3.13,-2.41,-4.49,Coffee,Clay Loam,0.472,0.243,26.41,9,0.337,2167.97,22.274
13.377,107.712,6,162,3.64,35.8,19.1,5.9,32.6,31.6,21.1,26.03,6.93,82.59,17.67,12,-5.74,-6.67,-6.72,-5.6,3.27,5.56,14.57,4.05,8.95,0.25,-5.41,-6.56,Coffee,Clay Loam,0.586,0.245,36.7,7,0.398,2.384.767,24.977
13.378,107.597,6,156,3.64,35.8,21.2,5.8,31.4,32.8,24.6,26.03,6.93,82.59,17.67,12,-5.74,-6.67,-6.72,-5.6,3.27,5.56,14.57,4.05,8.95,0.25,-5.41,-6.56,Coffee,Clay Loam,0.586,0.252,36.7,7,0.398,2.601.564,25.016
13.381,108.09,6,293,3.64,36.5,22.3,6,34.7,28.8,23.2,24.64,4.92,84.79,16.78,12,-3.74,-5.15,-5.62,-5,2.51,2.76,7.89,1.25,8.92,3.13,-2.41,-4.49,Coffee,Clay Loam,0.472,0.243,26.41,9,0.337,2167.97,22.736
13.384,107.982,5,219,3.64,38.7,22.7,5.8,32.9,28.4,25.2,24.64,4.92,84.79,17.67,12,-3.74,-5.15,-5.62,-5,2.51,2.76,7.89,1.25,8.92,3.13,-2.41,-4.49,Coffee,Clay Loam,0.472,0.25,26.41,9,0.337,2.601.564,23.216
13.386,108.173,6,302,3.64,34.9,27,5.9,33.4,31.8,26.7,24.64,4.92,84.79,16.78,12,-3.74,-5.15,-5.62,-5,2.51,2.76,7.89,1.25,8.92,3.13,-2.41,-4.49,Coffee,Clay Loam,0.472,0.251,26.41,9,0.337,2.384.767,22.677
13.386,108.333,6,372,3.64,37.6,20.4,6,36.7,25.7,28.4,24.64,4.92,84.79,16.78,12,-3.74,-5.15,-5.62,-5,2.51,2.76,7.89,1.25,8.92,3.13,-2.41,-4.49,Coffee,Clay Loam,0.472,0.245,26.41,9,0.337,2167.97,22.222
13.387,107.568,6,158,3.64,35.3,19.5,5.9,31.3,33.4,21.4,26.03,6.93,82.59,17.67,12,-5.74,-6.67,-6.72,-5.6,3.27,5.56,14.57,4.05,8.95,0.25,-5.41,-6.56,Coffee,Clay Loam,0.586,0.248,36.7,7,0.398,2.384.767,25.003
13.393,107.704,6,164,3.64,33.9,19.7,5.8,33.7,32.4,22.9,26.03,6.93,82.59,17.67,12,-5.74,-6.67,-6.72,-5.6,3.27,5.56,14.57,4.05,8.95,0.25,-5.41,-6.56,Coffee,Clay Loam,0.586,0.245,36.7,7,0.398,2.601.564,24.964
13.394,107.872,6,688,3.64,26,29.7,5.4,39.3,34.7,46.8,24.64,4.92,84.79,17.67,12,-3.74,-5.15,-5.62,-5,2.51,2.76,7.89,1.25,8.92,3.13,-2.41,-4.49,Coffee,Loam,0.472,0.265,26.41,9,0.337,3.468.752,20.168
13.397,107.885,5,464,3.64,26.2,32.2,5.4,38.9,34.9,32.7,24.64,4.92,84.79,17.67,12,-3.74,-5.15,-5.62,-5,2.51,2.76,7.89,1.25,8.92,3.13,-2.41,-4.49,Coffee,Loam,0.472,0.246,26.41,9,0.337,3.468.752,21.624
13.397,108.321,6,371,3.64,36.7,22.6,5.9,34,29.3,29.5,24.64,4.92,84.79,16.78,12,-3.74,-5.15,-5.62,-5,2.51,2.76,7.89,1.25,8.92,3.13,-2.41,-4.49,Coffee,Clay Loam,0.472,0.253,26.41,9,0.337,2.384.767,22.228
13.398,107.905,5,236,3.64,35.3,22.9,5.7,32.9,31.8,26.3,24.64,4.92,84.79,17.67,12,-3.74,-5.15,-5.62,-5,2.51,2.76,7.89,1.25,8.92,3.13,-2.41,-4.49,Coffee,Clay Loam,0.472,0.251,26.41,9,0.337,2.818.361,23.106
13.398,107.949,5,215,3.64,37.2,19.8,5.8,33.7,29.1,23.8,24.64,4.92,84.79,17.67,12,-3.74,-5.15,-5.62,-5,2.51,2.76,7.89,1.25,8.92,3.13,-2.41,-4.49,Coffee,Clay Loam,0.472,0.246,26.41,9,0.337,2.601.564,23.242
13.398,108.259,6,366,3.64,35.8,21.9,5.9,33.9,30.3,27.8,24.64,4.92,84.79,16.78,12,-3.74,-5.15,-5.62,-5,2.51,2.76,7.89,1.25,8.92,3.13,-2.41,-4.49,Coffee,Clay Loam,0.472,0.251,26.41,9,0.337,2.384.767,22.261
13.4,108.44,5,171,3.64,30.7,17.4,6,38.1,31.2,21.5,24.61,4.18,86.41,16.78,12,-2.54,-4.25,-5.39,-5.02,0.71,-0.08,3.92,-1.15,7.21,7,2.28,-2.68,Coffee,Clay Loam,0.421,0.232,21.11,9,0.341,2167.97,23.498
13.403,108.041,5,239,3.64,33.9,26.7,6,34.6,31.5,27.7,24.64,4.92,84.79,16.78,12,-3.74,-5.15,-5.62,-5,2.51,2.76,7.89,1.25,8.92,3.13,-2.41,-4.49,Coffee,Clay Loam,0.472,0.249,26.41,9,0.337,2167.97,23.086
13.403,108.189,5,369,3.64,35.4,26,5.9,36.1,28.5,27.1,24.64,4.92,84.79,16.78,12,-3.74,-5.15,-5.62,-5,2.51,2.76,7.89,1.25,8.92,3.13,-2.41,-4.49,Coffee,Clay Loam,0.472,0.245,26.41,9,0.337,2.384.767,22.242
13.406,107.894,6,221,3.64,35.8,22.3,5.9,33.6,30.6,26.5,24.64,4.92,84.79,17.67,12,-3.74,-5.15,-5.62,-5,2.51,2.76,7.89,1.25,8.92,3.13,-2.41,-4.49,Coffee,Clay Loam,0.472,0.25,26.41,9,0.337,2.384.767,23.204
13.406,108.358,6,275,3.64,37.7,24.9,6.1,34.8,27.5,30.1,24.64,4.92,84.79,16.78,12,-3.74,-5.15,-5.62,-5,2.51,2.76,7.89,1.25,8.92,3.13,-2.41,-4.49,Coffee,Clay Loam,0.472,0.252,26.41,9,0.337,1.951.173,22.852
13.408,108.307,5,363,3.64,32.7,24.3,5.9,37.7,29.6,33.5,24.64,4.92,84.79,16.78,12,-3.74,-5.15,-5.62,-5,2.51,2.76,7.89,1.25,8.92,3.13,-2.41,-4.49,Coffee,Clay Loam,0.472,0.25,26.41,9,0.337,2.384.767,22.28
13.409,108.02,5,236,3.64,35.8,23,5.9,34.9,29.3,23.8,24.64,4.92,84.79,16.78,12,-3.74,-5.15,-5.62,-5,2.51,2.76,7.89,1.25,8.92,3.13,-2.41,-4.49,Coffee,Clay Loam,0.472,0.243,26.41,9,0.337,2.384.767,23.106
13.41,107.838,6,191,3.64,32.1,22.5,5.8,38.3,29.6,24.8,24.64,4.92,84.79,17.67,12,-3.74,-5.15,-5.62,-5,2.51,2.76,7.89,1.25,8.92,3.13,-2.41,-4.49,Coffee,Clay Loam,0.472,0.237,26.41,9,0.337,2.601.564,23.399
13.411,108.406,6,184,3.64,34.1,20.8,6,36.7,29.3,30.2,24.64,4.92,84.79,16.78,12,-3.74,-5.15,-5.62,-5,2.51,2.76,7.89,1.25,8.92,3.13,-2.41,-4.49,Coffee,Clay Loam,0.472,0.248,26.41,9,0.337,2167.97,23.444
13.414,108.156,5,294,3.64,36.2,27.5,5.9,34.5,29.3,27.3,24.64,4.92,84.79,16.78,12,-3.74,-5.15,-5.62,-5,2.51,2.76,7.89,1.25,8.92,3.13,-2.41,-4.49,Coffee,Clay Loam,0.472,0.249,26.41,9,0.337,2.384.767,22.729
13.415,107.573,5,190,3.64,30.9,23.9,5.8,35.8,33.3,26,26.03,6.93,82.59,17.67,12,-5.74,-6.67,-6.72,-5.6,3.27,5.56,14.57,4.05,8.95,0.25,-5.41,-6.56,Coffee,Clay Loam,0.586,0.244,36.7,7,0.398,2.601.564,24.795
13.415,107.75,5,185,3.64,35.7,22.3,5.6,34.5,29.9,26.9,26.03,6.93,82.59,17.67,12,-5.74,-6.67,-6.72,-5.6,3.27,5.56,14.57,4.05,8.95,0.25,-5.41,-6.56,Coffee,Clay Loam,0.586,0.248,36.7,7,0.398,3.035.158,24.828
13.417,108.125,6,276,3.64,36,22.4,5.9,34.3,29.7,27.4,24.64,4.92,84.79,16.78,12,-3.74,-5.15,-5.62,-5,2.51,2.76,7.89,1.25,8.92,3.13,-2.41,-4.49,Coffee,Clay Loam,0.472,0.249,26.41,9,0.337,2.384.767,22.846
13.42,107.585,5,175,3.64,32.1,21.7,5.7,35,32.9,32.1,26.03,6.93,82.59,17.67,12,-5.74,-6.67,-6.72,-5.6,3.27,5.56,14.57,4.05,8.95,0.25,-5.41,-6.56,Coffee,Clay Loam,0.586,0.254,36.7,7,0.398,2.818.361,24.893
13.42,107.718,5,172,3.64,38.4,18.5,5.8,30.7,30.9,23.1,26.03,6.93,82.59,17.67,12,-5.74,-6.67,-6.72,-5.6,3.27,5.56,14.57,4.05,8.95,0.25,-5.41,-6.56,Coffee,Clay Loam,0.586,0.252,36.7,7,0.398,2.601.564,24.912
13.421,107.754,5,199,3.64,31.8,23.7,5.6,35.9,32.3,30.2,26.03,6.93,82.59,17.67,12,-5.74,-6.67,-6.72,-5.6,3.27,5.56,14.57,4.05,8.95,0.25,-5.41,-6.56,Coffee,Clay Loam,0.586,0.25,36.7,7,0.398,3.035.158,24.736
13.421,108.102,6,265,3.64,34.9,22.1,5.9,33.1,32,26.3,24.64,4.92,84.79,16.78,12,-3.74,-5.15,-5.62,-5,2.51,2.76,7.89,1.25,8.92,3.13,-2.41,-4.49,Coffee,Clay Loam,0.472,0.251,26.41,9,0.337,2.384.767,22.918
13.424,107.59,5,198,3.64,33,22.8,5.7,35.2,31.8,34.1,26.03,6.93,82.59,17.67,12,-5.74,-6.67,-6.72,-5.6,3.27,5.56,14.57,4.05,8.95,0.25,-5.41,-6.56,Coffee,Clay Loam,0.586,0.257,36.7,7,0.398,2.818.361,24.743
13.425,108.023,5,243,3.64,34,17.9,5.8,34.2,31.9,25,24.64,4.92,84.79,16.78,12,-3.74,-5.15,-5.62,-5,2.51,2.76,7.89,1.25,8.92,3.13,-2.41,-4.49,Coffee,Clay Loam,0.472,0.246,26.41,9,0.337,2.601.564,23.06
13.426,107.602,6,190,3.64,31.8,21.8,5.7,34.7,33.5,28.8,26.03,6.93,82.59,17.67,12,-5.74,-6.67,-6.72,-5.6,3.27,5.56,14.57,4.05,8.95,0.25,-5.41,-6.56,Coffee,Clay Loam,0.586,0.251,36.7,7,0.398,2.818.361,24.795
13.429,108.136,5,286,3.64,34.5,25.5,5.8,35,30.5,29.4,24.64,4.92,84.79,16.78,12,-3.74,-5.15,-5.62,-5,2.51,2.76,7.89,1.25,8.92,3.13,-2.41,-4.49,Coffee,Clay Loam,0.472,0.251,26.41,9,0.337,2.601.564,22.781
13.435,107.545,6,165,3.64,33.5,20.6,5.8,34,32.5,21.1,26.03,6.93,82.59,17.67,12,-5.74,-6.67,-6.72,-5.6,3.27,5.56,14.57,4.05,8.95,0.25,-5.41,-6.56,Coffee,Clay Loam,0.586,0.241,36.7,7,0.398,2.601.564,24.958
13.437,108.001,5,230,3.64,34.3,20.2,5.9,34.9,30.8,22.3,24.64,4.92,84.79,16.78,12,-3.74,-5.15,-5.62,-5,2.51,2.76,7.89,1.25,8.92,3.13,-2.41,-4.49,Coffee,Clay Loam,0.472,0.241,26.41,9,0.337,2.384.767,23.145
13.437,108.347,5,428,3.64,38,27.8,5.9,35.4,26.6,33.5,24.64,4.92,84.79,16.78,12,-3.74,-5.15,-5.62,-5,2.51,2.76,7.89,1.25,8.92,3.13,-2.41,-4.49,Coffee,Clay Loam,0.472,0.255,26.41,9,0.337,2.384.767,21.858
13.441,107.56,5,171,3.64,29.8,19.7,5.9,33.9,36.2,26.5,26.03,6.93,82.59,17.67,12,-5.74,-6.67,-6.72,-5.6,3.27,5.56,14.57,4.05,8.95,0.25,-5.41,-6.56,Coffee,Clay Loam,0.586,0.249,36.7,7,0.398,2.384.767,24.918
13.442,108.368,5,195,3.64,29.6,26.4,5.9,37.1,33.4,25.2,24.64,4.92,84.79,16.78,12,-3.74,-5.15,-5.62,-5,2.51,2.76,7.89,1.25,8.92,3.13,-2.41,-4.49,Coffee,Clay Loam,0.472,0.24,26.41,9,0.337,2.384.767,23.373
13.443,107.892,6,192,3.64,36.8,21.7,6,34.2,29,25.4,24.64,4.92,84.79,17.67,12,-3.74,-5.15,-5.62,-5,2.51,2.76,7.89,1.25,8.92,3.13,-2.41,-4.49,Coffee,Clay Loam,0.472,0.247,26.41,9,0.337,2167.97,23.392
13.447,107.59,6,217,3.64,30.4,20.6,5.9,35.4,34.2,25.5,26.03,6.93,82.59,17.67,12,-5.74,-6.67,-6.72,-5.6,3.27,5.56,14.57,4.05,8.95,0.25,-5.41,-6.56,Coffee,Clay Loam,0.586,0.244,36.7,7,0.398,2.384.767,24.62
13.448,107.989,5,221,3.64,35.7,20.3,5.8,34.7,29.7,20.5,24.64,4.92,84.79,17.67,12,-3.74,-5.15,-5.62,-5,2.51,2.76,7.89,1.25,8.92,3.13,-2.41,-4.49,Coffee,Clay Loam,0.472,0.239,26.41,9,0.337,2.601.564,23.204
13.448,108.219,5,380,3.64,34.3,26.4,5.7,34.6,31.1,37.9,24.64,4.92,84.79,16.78,12,-3.74,-5.15,-5.62,-5,2.51,2.76,7.89,1.25,8.92,3.13,-2.41,-4.49,Coffee,Clay Loam,0.472,0.263,26.41,9,0.337,2.818.361,22.17
13.45,108.333,5,322,3.64,36.1,25.3,6,36.7,27.2,31.2,24.64,4.92,84.79,16.78,12,-3.74,-5.15,-5.62,-5,2.51,2.76,7.89,1.25,8.92,3.13,-2.41,-4.49,Coffee,Clay Loam,0.472,0.249,26.41,9,0.337,2167.97,22.547
13.454,108.32,5,244,3.64,33.4,25.1,6.1,38.2,28.4,35.2,24.64,4.92,84.79,16.78,12,-3.74,-5.15,-5.62,-5,2.51,2.76,7.89,1.25,8.92,3.13,-2.41,-4.49,Coffee,Clay Loam,0.472,0.251,26.41,9,0.337,1.951.173,23.054
13.456,108.285,6,439,3.64,33.2,24.6,6,37.6,29.2,36.4,24.64,4.92,84.79,16.78,12,-3.74,-5.15,-5.62,-5,2.51,2.76,7.89,1.25,8.92,3.13,-2.41,-4.49,Coffee,Clay Loam,0.472,0.254,26.41,9,0.337,2167.97,21.786
13.458,108.213,5,512,3.64,34.8,28.5,5.8,34.3,30.9,39.3,24.64,4.92,84.79,16.78,12,-3.74,-5.15,-5.62,-5,2.51,2.76,7.89,1.25,8.92,3.13,-2.41,-4.49,Coffee,Clay Loam,0.472,0.266,26.41,9,0.337,2.601.564,21.312
13.463,107.828,6,217,3.64,33.8,21.5,5.9,37.1,29.2,23.6,24.64,4.92,84.79,17.67,12,-3.74,-5.15,-5.62,-5,2.51,2.76,7.89,1.25,8.92,3.13,-2.41,-4.49,Coffee,Clay Loam,0.472,0.238,26.41,9,0.337,2.384.767,23.23
13.466,107.883,5,193,3.64,34.7,21,5.9,34.7,30.7,25.3,24.64,4.92,84.79,17.67,12,-3.74,-5.15,-5.62,-5,2.51,2.76,7.89,1.25,8.92,3.13,-2.41,-4.49,Coffee,Clay Loam,0.472,0.246,26.41,9,0.337,2.384.767,23.386
13.467,108.078,5,357,3.64,30.5,23.3,6,34.7,34.8,47.5,24.64,4.92,84.79,16.78,12,-3.74,-5.15,-5.62,-5,2.51,2.76,7.89,1.25,8.92,3.13,-2.41,-4.49,Coffee,Clay Loam,0.472,0.277,26.41,9,0.337,2167.97,22.32
13.468,107.994,5,229,3.64,36.5,18.5,5.9,34.8,28.7,24.1,24.64,4.92,84.79,17.67,12,-3.74,-5.15,-5.62,-5,2.51,2.76,7.89,1.25,8.92,3.13,-2.41,-4.49,Coffee,Clay Loam,0.472,0.244,26.41,9,0.337,2.384.767,23.152
13.468,108.022,5,235,3.64,33.8,20.1,5.8,37.3,28.8,25.2,24.64,4.92,84.79,16.78,12,-3.74,-5.15,-5.62,-5,2.51,2.76,7.89,1.25,8.92,3.13,-2.41,-4.49,Coffee,Clay Loam,0.472,0.239,26.41,9,0.337,2.601.564,23.112
13.469,108.234,6,353,3.64,38.6,25.1,6,34.4,27,29.7,24.64,4.92,84.79,16.78,12,-3.74,-5.15,-5.62,-5,2.51,2.76,7.89,1.25,8.92,3.13,-2.41,-4.49,Coffee,Clay Loam,0.472,0.252,26.41,9,0.337,2167.97,22.346
13.47,108.445,6,165,3.64,35.3,16.7,6,35.3,29.4,23.8,24.61,4.18,86.41,16.78,12,-2.54,-4.25,-5.39,-5.02,0.71,-0.08,3.92,-1.15,7.21,7,2.28,-2.68,Coffee,Clay Loam,0.421,0.242,21.11,9,0.341,2167.97,23.537
13.471,108.183,6,360,3.64,35.5,24.2,5.9,33.6,30.9,24.6,24.64,4.92,84.79,16.78,12,-3.74,-5.15,-5.62,-5,2.51,2.76,7.89,1.25,8.92,3.13,-2.41,-4.49,Coffee,Clay Loam,0.472,0.247,26.41,9,0.337,2.384.767,22.3
13.476,107.645,6,219,3.64,31.8,28.4,5.7,34.2,34,31.9,26.03,6.93,82.59,17.67,12,-5.74,-6.67,-6.72,-5.6,3.27,5.56,14.57,4.05,8.95,0.25,-5.41,-6.56,Coffee,Clay Loam,0.586,0.256,36.7,7,0.398,2.818.361,24.606
13.477,107.801,6,207,3.64,34.3,20.9,5.9,36.8,28.9,22.9,26.03,6.93,82.59,17.67,12,-5.74,-6.67,-6.72,-5.6,3.27,5.56,14.57,4.05,8.95,0.25,-5.41,-6.56,Coffee,Clay Loam,0.586,0.237,36.7,7,0.398,2.384.767,24.684
13.477,107.882,6,195,3.64,33.7,18,5.9,35.8,30.5,25.3,24.64,4.92,84.79,17.67,12,-3.74,-5.15,-5.62,-5,2.51,2.76,7.89,1.25,8.92,3.13,-2.41,-4.49,Coffee,Clay Loam,0.472,0.243,26.41,9,0.337,2.384.767,23.373
13.477,108.31,5,249,3.64,34.1,27.6,6,37.3,28.6,30.2,24.64,4.92,84.79,16.78,12,-3.74,-5.15,-5.62,-5,2.51,2.76,7.89,1.25,8.92,3.13,-2.41,-4.49,Coffee,Clay Loam,0.472,0.246,26.41,9,0.337,2167.97,23.022
13.478,107.928,6,210,3.64,33.2,19.1,5.9,36.2,30.6,21.9,24.64,4.92,84.79,17.67,12,-3.74,-5.15,-5.62,-5,2.51,2.76,7.89,1.25,8.92,3.13,-2.41,-4.49,Coffee,Clay Loam,0.472,0.237,26.41,9,0.337,2.384.767,23.275
13.48,107.558,5,175,3.64,32.3,24.3,5.8,34,33.7,27.1,26.03,6.93,82.59,17.67,12,-5.74,-6.67,-6.72,-5.6,3.27,5.56,14.57,4.05,8.95,0.25,-5.41,-6.56,Coffee,Clay Loam,0.586,0.25,36.7,7,0.398,2.601.564,24.893
13.48,108.171,5,340,3.64,35.1,26,5.9,32.9,32.1,25.6,24.64,4.92,84.79,16.78,12,-3.74,-5.15,-5.62,-5,2.51,2.76,7.89,1.25,8.92,3.13,-2.41,-4.49,Coffee,Clay Loam,0.472,0.25,26.41,9,0.337,2.384.767,22.43
13.482,108.122,5,397,3.64,31.3,23.2,5.8,34.2,34.5,29.1,24.64,4.92,84.79,16.78,12,-3.74,-5.15,-5.62,-5,2.51,2.76,7.89,1.25,8.92,3.13,-2.41,-4.49,Coffee,Clay Loam,0.472,0.252,26.41,9,0.337,2.601.564,22.06
13.482,108.294,6,258,3.64,36.8,24.7,6.1,37,26.2,26.4,24.64,4.92,84.79,16.78,12,-3.74,-5.15,-5.62,-5,2.51,2.76,7.89,1.25,8.92,3.13,-2.41,-4.49,Coffee,Clay Loam,0.472,0.242,26.41,9,0.337,1.951.173,22.963
13.483,107.779,6,186,3.64,37,19.3,6.2,32,31,27,26.03,6.93,82.59,17.67,12,-5.74,-6.67,-6.72,-5.6,3.27,5.56,14.57,4.05,8.95,0.25,-5.41,-6.56,Coffee,Clay Loam,0.586,0.254,36.7,7,0.398,1.734.376,24.821
13.484,107.86,5,201,3.64,33.3,19.9,5.9,36.3,30.4,23.9,24.64,4.92,84.79,17.67,12,-3.74,-5.15,-5.62,-5,2.51,2.76,7.89,1.25,8.92,3.13,-2.41,-4.49,Coffee,Clay Loam,0.472,0.24,26.41,9,0.337,2.384.767,23.334
13.498,108.437,5,177,3.64,33.6,19.9,6.1,34.8,31.6,23.1,24.64,4.92,84.79,16.78,12,-3.74,-5.15,-5.62,-5,2.51,2.76,7.89,1.25,8.92,3.13,-2.41,-4.49,Coffee,Clay Loam,0.472,0.242,26.41,9,0.337,1.951.173,23.49
13.5,108.038,5,238,3.64,34.9,23.1,6,32.3,32.7,26.9,24.64,4.92,84.79,16.78,12,-3.74,-5.15,-5.62,-5,2.51,2.76,7.89,1.25,8.92,3.13,-2.41,-4.49,Coffee,Clay Loam,0.472,0.253,26.41,9,0.337,2167.97,23.093
13.502,107.875,6,208,3.64,36.2,18.9,5.9,35.8,28.1,22.5,24.64,4.92,84.79,17.67,12,-3.74,-5.15,-5.62,-5,2.51,2.76,7.89,1.25,8.92,3.13,-2.41,-4.49,Coffee,Clay Loam,0.472,0.239,26.41,9,0.337,2.384.767,23.288
13.502,107.931,5,222,3.64,33.8,19.3,5.8,37.5,28.7,26,24.64,4.92,84.79,17.67,12,-3.74,-5.15,-5.62,-5,2.51,2.76,7.89,1.25,8.92,3.13,-2.41,-4.49,Coffee,Clay Loam,0.472,0.24,26.41,9,0.337,2.601.564,23.197
13.503,107.521,5,186,3.64,30.2,20.9,5.7,35.3,34.5,31.8,26.03,6.93,82.59,17.67,12,-5.74,-6.67,-6.72,-5.6,3.27,5.56,14.57,4.05,8.95,0.25,-5.41,-6.56,Coffee,Clay Loam,0.586,0.253,36.7,7,0.398,2.818.361,24.821
13.504,108.462,6,168,3.64,28.7,16.5,6,39.1,32.2,31.1,24.61,4.18,86.41,16.78,12,-2.54,-4.25,-5.39,-5.02,0.71,-0.08,3.92,-1.15,7.21,7,2.28,-2.68,Coffee,Clay Loam,0.421,0.244,21.11,9,0.341,2167.97,23.518
13.505,107.509,6,172,3.64,34.2,22.6,5.7,31.8,33.9,27.9,26.03,6.93,82.59,17.67,12,-5.74,-6.67,-6.72,-5.6,3.27,5.56,14.57,4.05,8.95,0.25,-5.41,-6.56,Coffee,Clay Loam,0.586,0.256,36.7,7,0.398,2.818.361,24.912
13.505,107.529,5,172,3.64,29.2,20.9,5.7,33.9,36.9,31.2,26.03,6.93,82.59,17.67,12,-5.74,-6.67,-6.72,-5.6,3.27,5.56,14.57,4.05,8.95,0.25,-5.41,-6.56,Coffee,Clay Loam,0.586,0.256,36.7,7,0.398,2.818.361,24.912
13.509,107.631,5,200,3.64,30.6,25.6,5.7,36.7,32.7,27.8,26.03,6.93,82.59,17.67,12,-5.74,-6.67,-6.72,-5.6,3.27,5.56,14.57,4.05,8.95,0.25,-5.41,-6.56,Coffee,Clay Loam,0.586,0.245,36.7,7,0.398,2.818.361,24.73
13.509,108.107,6,399,3.64,31.3,23.7,5.8,34.4,34.2,27.3,24.64,4.92,84.79,16.78,12,-3.74,-5.15,-5.62,-5,2.51,2.76,7.89,1.25,8.92,3.13,-2.41,-4.49,Coffee,Clay Loam,0.472,0.249,26.41,9,0.337,2.601.564,22.046
13.509,108.271,5,271,3.64,36.2,22.6,6,34.1,29.7,38.1,24.64,4.92,84.79,16.78,12,-3.74,-5.15,-5.62,-5,2.51,2.76,7.89,1.25,8.92,3.13,-2.41,-4.49,Coffee,Clay Loam,0.472,0.265,26.41,9,0.337,2167.97,22.879
13.516,107.629,5,199,3.64,30.3,23.1,5.8,37.4,32.3,28.2,26.03,6.93,82.59,17.67,12,-5.74,-6.67,-6.72,-5.6,3.27,5.56,14.57,4.05,8.95,0.25,-5.41,-6.56,Coffee,Clay Loam,0.586,0.243,36.7,7,0.398,2.601.564,24.736
13.516,107.77,6,197,3.64,31.2,19,6,34.8,34,21,26.03,6.93,82.59,17.67,12,-5.74,-6.67,-6.72,-5.6,3.27,5.56,14.57,4.05,8.95,0.25,-5.41,-6.56,Coffee,Clay Loam,0.586,0.239,36.7,7,0.398,2167.97,24.75
13.517,107.671,5,346,3.64,28.5,30.1,5.6,36.3,35.2,36.8,26.03,6.93,82.59,17.67,12,-5.74,-6.67,-6.72,-5.6,3.27,5.56,14.57,4.05,8.95,0.25,-5.41,-6.56,Coffee,Clay Loam,0.586,0.258,36.7,7,0.398,3.035.158,23.781
13.517,107.789,5,195,3.64,32.5,19.9,6,34.2,33.3,21.2,26.03,6.93,82.59,17.67,12,-5.74,-6.67,-6.72,-5.6,3.27,5.56,14.57,4.05,8.95,0.25,-5.41,-6.56,Coffee,Clay Loam,0.586,0.241,36.7,7,0.398,2167.97,24.763
13.517,107.876,5,216,3.64,32.7,18.3,5.9,37.8,29.6,24.8,24.64,4.92,84.79,17.67,12,-3.74,-5.15,-5.62,-5,2.51,2.76,7.89,1.25,8.92,3.13,-2.41,-4.49,Coffee,Clay Loam,0.472,0.238,26.41,9,0.337,2.384.767,23.236
13.518,107.747,6,186,3.64,31.7,21.2,5.9,36.4,32,22.3,26.03,6.93,82.59,17.67,12,-5.74,-6.67,-6.72,-5.6,3.27,5.56,14.57,4.05,8.95,0.25,-5.41,-6.56,Coffee,Clay Loam,0.586,0.238,36.7,7,0.398,2.384.767,24.821
13.52,108.098,6,409,3.64,32.7,20.1,5.8,34.2,33.1,22.7,24.64,4.92,84.79,16.78,12,-3.74,-5.15,-5.62,-5,2.51,2.76,7.89,1.25,8.92,3.13,-2.41,-4.49,Coffee,Clay Loam,0.472,0.243,26.41,9,0.337,2.601.564,21.982
13.524,107.87,5,220,3.64,32.2,19.8,6,37.8,30.1,22.2,24.64,4.92,84.79,17.67,12,-3.74,-5.15,-5.62,-5,2.51,2.76,7.89,1.25,8.92,3.13,-2.41,-4.49,Coffee,Clay Loam,0.472,0.234,26.41,9,0.337,2167.97,23.21
13.527,108.492,6,277,3.64,33.2,27.6,6.1,36.2,30.6,33.7,24.61,4.18,86.41,16.78,12,-2.54,-4.25,-5.39,-5.02,0.71,-0.08,3.92,-1.15,7.21,7,2.28,-2.68,Coffee,Clay Loam,0.421,0.254,21.11,9,0.341,1.951.173,22.81
13.528,108.405,6,199,3.64,39.4,32.2,5.9,29,31.6,40.1,24.64,4.92,84.79,16.78,12,-3.74,-5.15,-5.62,-5,2.51,2.76,7.89,1.25,8.92,3.13,-2.41,-4.49,Coffee,Clay Loam,0.472,0.279,26.41,9,0.337,2.384.767,23.346
13.53,108.108,5,411,3.64,33.3,19.5,5.8,34,32.7,22.5,24.64,4.92,84.79,16.78,12,-3.74,-5.15,-5.62,-5,2.51,2.76,7.89,1.25,8.92,3.13,-2.41,-4.49,Coffee,Clay Loam,0.472,0.243,26.41,9,0.337,2.601.564,21.968
13.531,108.138,5,335,3.64,36.9,25.6,6,32.5,30.6,28.7,24.64,4.92,84.79,16.78,12,-3.74,-5.15,-5.62,-5,2.51,2.76,7.89,1.25,8.92,3.13,-2.41,-4.49,Coffee,Clay Loam,0.472,0.255,26.41,9,0.337,2167.97,22.463
13.532,108.184,5,286,3.64,34.5,24.3,6,37.8,27.8,27.8,24.64,4.92,84.79,16.78,12,-3.74,-5.15,-5.62,-5,2.51,2.76,7.89,1.25,8.92,3.13,-2.41,-4.49,Coffee,Clay Loam,0.472,0.242,26.41,9,0.337,2167.97,22.781
13.536,107.754,5,200,3.64,31.5,22.9,5.8,36,32.5,25.2,26.03,6.93,82.59,17.67,12,-5.74,-6.67,-6.72,-5.6,3.27,5.56,14.57,4.05,8.95,0.25,-5.41,-6.56,Coffee,Clay Loam,0.586,0.242,36.7,7,0.398,2.601.564,24.73
13.537,108.201,5,212,3.64,38.7,29.4,6,32.9,28.4,29.8,24.64,4.92,84.79,16.78,12,-3.74,-5.15,-5.62,-5,2.51,2.76,7.89,1.25,8.92,3.13,-2.41,-4.49,Coffee,Clay Loam,0.472,0.256,26.41,9,0.337,2167.97,23.262
13.537,108.225,6,206,3.64,35.9,28.9,6.2,34,30.1,30.4,24.64,4.92,84.79,16.78,12,-3.74,-5.15,-5.62,-5,2.51,2.76,7.89,1.25,8.92,3.13,-2.41,-4.49,Coffee,Clay Loam,0.472,0.254,26.41,9,0.337,1.734.376,23.301
13.542,107.893,5,218,3.64,35.4,19.9,6,36.5,28,26.8,24.64,4.92,84.79,17.67,12,-3.74,-5.15,-5.62,-5,2.51,2.76,7.89,1.25,8.92,3.13,-2.41,-4.49,Coffee,Clay Loam,0.472,0.244,26.41,9,0.337,2167.97,23.223
13.545,108.292,6,177,3.64,35.3,20.6,6,34.5,30.2,21.5,24.64,4.92,84.79,16.78,12,-3.74,-5.15,-5.62,-5,2.51,2.76,7.89,1.25,8.92,3.13,-2.41,-4.49,Coffee,Clay Loam,0.472,0.241,26.41,9,0.337,2167.97,23.49
13.547,108.081,6,381,3.64,35.6,21.4,5.9,32.3,32.2,25.3,24.64,4.92,84.79,16.78,12,-3.74,-5.15,-5.62,-5,2.51,2.76,7.89,1.25,8.92,3.13,-2.41,-4.49,Coffee,Clay Loam,0.472,0.251,26.41,9,0.337,2.384.767,22.164
13.549,107.825,6,215,3.64,32.8,19.9,5.7,37.5,29.7,24.7,24.64,4.92,84.79,17.67,12,-3.74,-5.15,-5.62,-5,2.51,2.76,7.89,1.25,8.92,3.13,-2.41,-4.49,Coffee,Clay Loam,0.472,0.238,26.41,9,0.337,2.818.361,23.242
13.552,107.516,5,172,3.64,32.6,23,5.9,34.8,32.7,25.9,26.03,6.93,82.59,17.67,12,-5.74,-6.67,-6.72,-5.6,3.27,5.56,14.57,4.05,8.95,0.25,-5.41,-6.56,Coffee,Clay Loam,0.586,0.246,36.7,7,0.398,2.384.767,24.912
13.555,107.778,6,216,3.64,32,21.9,5.7,32.9,35.1,25.1,26.03,6.93,82.59,17.67,12,-5.74,-6.67,-6.72,-5.6,3.27,5.56,14.57,4.05,8.95,0.25,-5.41,-6.56,Coffee,Clay Loam,0.586,0.249,36.7,7,0.398,2.818.361,24.626
13.558,107.955,5,309,3.64,34.1,24.8,5.7,37.1,28.8,26.4,24.64,4.92,84.79,17.67,12,-3.74,-5.15,-5.62,-5,2.51,2.76,7.89,1.25,8.92,3.13,-2.41,-4.49,Coffee,Clay Loam,0.472,0.242,26.41,9,0.337,2.818.361,22.632
13.559,108.229,5,347,3.64,35.4,24,6,32.8,31.8,25.9,24.64,4.92,84.79,16.78,12,-3.74,-5.15,-5.62,-5,2.51,2.76,7.89,1.25,8.92,3.13,-2.41,-4.49,Coffee,Clay Loam,0.472,0.251,26.41,9,0.337,2167.97,22.384
13.564,107.583,5,286,3.64,28.7,24.9,5.6,39.5,31.8,33.3,26.03,6.93,82.59,17.67,12,-5.74,-6.67,-6.72,-5.6,3.27,5.56,14.57,4.05,8.95,0.25,-5.41,-6.56,Coffee,Clay Loam,0.586,0.246,36.7,7,0.398,3.035.158,24.171
13.564,108.156,6,298,3.64,37.9,22.5,6.1,33.7,28.3,26,24.64,4.92,84.79,16.78,12,-3.74,-5.15,-5.62,-5,2.51,2.76,7.89,1.25,8.92,3.13,-2.41,-4.49,Coffee,Clay Loam,0.472,0.249,26.41,9,0.337,1.951.173,22.703
13.565,107.929,5,259,3.64,32.1,20.8,5.7,37.1,30.8,22.2,24.64,4.92,84.79,17.67,12,-3.74,-5.15,-5.62,-5,2.51,2.76,7.89,1.25,8.92,3.13,-2.41,-4.49,Coffee,Clay Loam,0.472,0.236,26.41,9,0.337,2.818.361,22.957
13.567,107.64,6,267,3.64,30.2,26.6,5.6,38.6,31.2,33.2,26.03,6.93,82.59,17.67,12,-5.74,-6.67,-6.72,-5.6,3.27,5.56,14.57,4.05,8.95,0.25,-5.41,-6.56,Coffee,Clay Loam,0.586,0.248,36.7,7,0.398,3.035.158,24.295
13.568,107.778,6,216,3.64,32,17.8,5.8,35.1,33,24.8,26.03,6.93,82.59,17.67,12,-5.74,-6.67,-6.72,-5.6,3.27,5.56,14.57,4.05,8.95,0.25,-5.41,-6.56,Coffee,Clay Loam,0.586,0.244,36.7,7,0.398,2.601.564,24.626
13.568,107.939,5,308,3.64,34.3,22.9,5.7,35.5,30.2,26.1,24.64,4.92,84.79,17.67,12,-3.74,-5.15,-5.62,-5,2.51,2.76,7.89,1.25,8.92,3.13,-2.41,-4.49,Coffee,Clay Loam,0.472,0.245,26.41,9,0.337,2.818.361,22.638
13.571,108.097,5,384,3.64,34.2,17,5.8,32.7,33.2,25.8,24.64,4.92,84.79,16.78,12,-3.74,-5.15,-5.62,-5,2.51,2.76,7.89,1.25,8.92,3.13,-2.41,-4.49,Coffee,Clay Loam,0.472,0.251,26.41,9,0.337,2.601.564,22.144
13.574,107.535,5,172,3.64,29.2,22.7,5.9,37.2,33.6,29.7,26.03,6.93,82.59,17.67,12,-5.74,-6.67,-6.72,-5.6,3.27,5.56,14.57,4.05,8.95,0.25,-5.41,-6.56,Coffee,Clay Loam,0.586,0.246,36.7,7,0.398,2.384.767,24.912
13.575,107.686,5,334,3.64,27.7,26.7,5.6,38.3,34,34,26.03,6.93,82.59,17.67,12,-5.74,-6.67,-6.72,-5.6,3.27,5.56,14.57,4.05,8.95,0.25,-5.41,-6.56,Coffee,Clay Loam,0.586,0.25,36.7,7,0.398,3.035.158,23.859
13.577,107.695,6,207,3.64,32.3,19.6,5.8,36.7,31.1,24.1,26.03,6.93,82.59,17.67,12,-5.74,-6.67,-6.72,-5.6,3.27,5.56,14.57,4.05,8.95,0.25,-5.41,-6.56,Coffee,Clay Loam,0.586,0.239,36.7,7,0.398,2.601.564,24.684
13.585,108.271,6,213,3.64,37.4,23.8,6,32.3,30.3,30.5,24.64,4.92,84.79,16.78,12,-3.74,-5.15,-5.62,-5,2.51,2.76,7.89,1.25,8.92,3.13,-2.41,-4.49,Coffee,Clay Loam,0.472,0.258,26.41,9,0.337,2167.97,23.256
13.587,108.203,5,338,3.64,36.5,20.5,5.9,32.1,31.4,42.1,24.64,4.92,84.79,16.78,12,-3.74,-5.15,-5.62,-5,2.51,2.76,7.89,1.25,8.92,3.13,-2.41,-4.49,Coffee,Clay Loam,0.472,0.275,26.41,9,0.337,2.384.767,22.443
13.588,107.522,5,158,3.64,33.3,23.5,5.8,32,34.8,27.9,26.03,6.93,82.59,17.67,12,-5.74,-6.67,-6.72,-5.6,3.27,5.56,14.57,4.05,8.95,0.25,-5.41,-6.56,Coffee,Clay Loam,0.586,0.255,36.7,7,0.398,2.601.564,25.003
13.593,107.52,6,158,3.64,34.1,20.6,5.9,32,33.9,24.7,26.03,6.93,82.59,17.67,12,-5.74,-6.67,-6.72,-5.6,3.27,5.56,14.57,4.05,8.95,0.25,-5.41,-6.56,Coffee,Clay Loam,0.586,0.251,36.7,7,0.398,2.384.767,25.003
13.594,108.089,5,397,3.64,30.9,17.5,5.9,35.9,33.2,24.5,24.64,4.92,84.79,16.78,12,-3.74,-5.15,-5.62,-5,2.51,2.76,7.89,1.25,8.92,3.13,-2.41,-4.49,Coffee,Clay Loam,0.472,0.242,26.41,9,0.337,2.384.767,22.06
13.597,108.199,6,356,3.64,35.2,24,5.9,32.4,32.4,38.4,24.64,4.92,84.79,16.78,12,-3.74,-5.15,-5.62,-5,2.51,2.76,7.89,1.25,8.92,3.13,-2.41,-4.49,Coffee,Clay Loam,0.472,0.269,26.41,9,0.337,2.384.767,22.326
13.599,107.615,6,292,3.64,30,27,5.6,36.6,33.4,36.7,26.03,6.93,82.59,17.67,12,-5.74,-6.67,-6.72,-5.6,3.27,5.56,14.57,4.05,8.95,0.25,-5.41,-6.56,Coffee,Clay Loam,0.586,0.257,36.7,7,0.398,3.035.158,24.132
13.599,107.868,5,307,3.64,33.5,22.3,5.8,36.2,30.3,27.2,24.64,4.92,84.79,17.67,12,-3.74,-5.15,-5.62,-5,2.51,2.76,7.89,1.25,8.92,3.13,-2.41,-4.49,Coffee,Clay Loam,0.472,0.245,26.41,9,0.337,2.601.564,22.644
13.599,108.087,6,407,3.64,31.3,16.6,5.9,36.4,32.3,24.2,24.64,4.92,84.79,16.78,12,-3.74,-5.15,-5.62,-5,2.51,2.76,7.89,1.25,8.92,3.13,-2.41,-4.49,Coffee,Clay Loam,0.472,0.24,26.41,9,0.337,2.384.767,21.995
13.603,107.552,5,164,3.64,29.7,20.1,5.8,34.7,35.7,26.1,26.03,6.93,82.59,17.67,12,-5.74,-6.67,-6.72,-5.6,3.27,5.56,14.57,4.05,8.95,0.25,-5.41,-6.56,Coffee,Clay Loam,0.586,0.247,36.7,7,0.398,2.601.564,24.964
13.609,108.284,5,215,3.64,35.9,19.8,6,35.2,28.9,22.6,24.64,4.92,84.79,16.78,12,-3.74,-5.15,-5.62,-5,2.51,2.76,7.89,1.25,8.92,3.13,-2.41,-4.49,Coffee,Clay Loam,0.472,0.241,26.41,9,0.337,2167.97,23.242
13.61,107.607,6,176,3.64,30.7,22.2,5.8,34.4,34.8,27.1,26.03,6.93,82.59,17.67,12,-5.74,-6.67,-6.72,-5.6,3.27,5.56,14.57,4.05,8.95,0.25,-5.41,-6.56,Coffee,Clay Loam,0.586,0.249,36.7,7,0.398,2.601.564,24.886
13.611,108.028,5,386,3.64,30.4,19.8,5.8,37.6,32,22.8,24.64,4.92,84.79,16.78,12,-3.74,-5.15,-5.62,-5,2.51,2.76,7.89,1.25,8.92,3.13,-2.41,-4.49,Coffee,Clay Loam,0.472,0.235,26.41,9,0.337,2.601.564,22.131
13.612,108.334,6,202,3.64,34.1,25,6,33.6,32.3,34,24.64,4.92,84.79,16.78,12,-3.74,-5.15,-5.62,-5,2.51,2.76,7.89,1.25,8.92,3.13,-2.41,-4.49,Coffee,Clay Loam,0.472,0.26,26.41,9,0.337,2167.97,23.327
13.616,107.867,6,256,3.64,32.5,16.9,5.7,35.2,32.3,24.6,24.64,4.92,84.79,17.67,12,-3.74,-5.15,-5.62,-5,2.51,2.76,7.89,1.25,8.92,3.13,-2.41,-4.49,Coffee,Clay Loam,0.472,0.243,26.41,9,0.337,2.818.361,22.976
13.617,108.361,5,215,3.64,33.3,26.1,6,33.6,33.2,27,24.64,4.92,84.79,16.78,12,-3.74,-5.15,-5.62,-5,2.51,2.76,7.89,1.25,8.92,3.13,-2.41,-4.49,Coffee,Clay Loam,0.472,0.251,26.41,9,0.337,2167.97,23.242
13.618,108.004,5,494,3.64,32.1,21.4,5.8,35.2,32.7,27.7,24.64,4.92,84.79,16.78,12,-3.74,-5.15,-5.62,-5,2.51,2.76,7.89,1.25,8.92,3.13,-2.41,-4.49,Coffee,Clay Loam,0.472,0.248,26.41,9,0.337,2.601.564,21.429
13.619,107.544,6,162,3.64,30.7,21.2,5.9,34.2,35,23.2,26.03,6.93,82.59,17.67,12,-5.74,-6.67,-6.72,-5.6,3.27,5.56,14.57,4.05,8.95,0.25,-5.41,-6.56,Coffee,Clay Loam,0.586,0.244,36.7,7,0.398,2.384.767,24.977
13.62,107.775,5,234,3.64,32.3,18.3,5.9,36.1,31.7,21.7,26.03,6.93,82.59,17.67,12,-5.74,-6.67,-6.72,-5.6,3.27,5.56,14.57,4.05,8.95,0.25,-5.41,-6.56,Coffee,Clay Loam,0.586,0.237,36.7,7,0.398,2.384.767,24.509
13.621,107.759,5,290,3.64,30.9,28.1,5.8,36.3,32.8,36.5,26.03,6.93,82.59,17.67,12,-5.74,-6.67,-6.72,-5.6,3.27,5.56,14.57,4.05,8.95,0.25,-5.41,-6.56,Coffee,Clay Loam,0.586,0.258,36.7,7,0.398,2.601.564,24.145
13.624,108.034,6,471,3.64,31.4,23,5.9,37.8,30.8,28.8,24.64,4.92,84.79,16.78,12,-3.74,-5.15,-5.62,-5,2.51,2.76,7.89,1.25,8.92,3.13,-2.41,-4.49,Coffee,Clay Loam,0.472,0.243,26.41,9,0.337,2.384.767,21.578
13.626,108.441,6,223,3.64,35.9,25.3,6,36.1,28,30.9,24.61,4.18,86.41,16.78,12,-2.54,-4.25,-5.39,-5.02,0.71,-0.08,3.92,-1.15,7.21,7,2.28,-2.68,Coffee,Clay Loam,0.421,0.25,21.11,9,0.341,2167.97,23.16
13.632,107.986,5,478,3.64,27.9,27.1,5.8,37.1,35.1,39.6,24.64,4.92,84.79,17.67,12,-3.74,-5.15,-5.62,-5,2.51,2.76,7.89,1.25,8.92,3.13,-2.41,-4.49,Coffee,Clay Loam,0.472,0.26,26.41,9,0.337,2.601.564,21.533
13.633,107.937,6,413,3.64,30.8,22.4,5.9,35.3,33.9,22.8,24.64,4.92,84.79,17.67,12,-3.74,-5.15,-5.62,-5,2.51,2.76,7.89,1.25,8.92,3.13,-2.41,-4.49,Coffee,Clay Loam,0.472,0.241,26.41,9,0.337,2.384.767,21.956
13.633,107.957,6,437,3.64,27.5,26.2,5.8,36.7,35.8,74.1,24.64,4.92,84.79,17.67,12,-3.74,-5.15,-5.62,-5,2.51,2.76,7.89,1.25,8.92,3.13,-2.41,-4.49,Coffee,Clay Loam,0.472,0.309,26.41,9,0.337,2.601.564,21.8
13.635,107.54,6,191,3.64,27.9,22.7,5.9,37.1,35,31,26.03,6.93,82.59,17.67,12,-5.74,-6.67,-6.72,-5.6,3.27,5.56,14.57,4.05,8.95,0.25,-5.41,-6.56,Coffee,Clay Loam,0.586,0.248,36.7,7,0.398,2.384.767,24.789
13.635,107.93,6,392,3.64,31,20.6,5.9,35.5,33.5,24.1,24.64,4.92,84.79,17.67,12,-3.74,-5.15,-5.62,-5,2.51,2.76,7.89,1.25,8.92,3.13,-2.41,-4.49,Coffee,Clay Loam,0.472,0.242,26.41,9,0.337,2.384.767,22.092
13.637,107.679,6,242,3.64,32.3,18.8,6.1,34,33.7,21.8,26.03,6.93,82.59,17.67,12,-5.74,-6.67,-6.72,-5.6,3.27,5.56,14.57,4.05,8.95,0.25,-5.41,-6.56,Coffee,Clay Loam,0.586,0.242,36.7,7,0.398,1.951.173,24.457
13.639,107.787,5,240,3.64,31.6,18.2,5.9,35.9,32.6,22.9,26.03,6.93,82.59,17.67,12,-5.74,-6.67,-6.72,-5.6,3.27,5.56,14.57,4.05,8.95,0.25,-5.41,-6.56,Coffee,Clay Loam,0.586,0.239,36.7,7,0.398,2.384.767,24.47
13.639,108.146,5,395,3.64,34.4,23.2,5.8,32.6,32.9,46.1,24.64,4.92,84.79,16.78,12,-3.74,-5.15,-5.62,-5,2.51,2.76,7.89,1.25,8.92,3.13,-2.41,-4.49,Coffee,Clay Loam,0.472,0.28,26.41,9,0.337,2.601.564,22.072
13.641,108.401,5,194,3.64,32.3,21.7,6.1,37.9,29.8,24.6,24.64,4.92,84.79,16.78,12,-3.74,-5.15,-5.62,-5,2.51,2.76,7.89,1.25,8.92,3.13,-2.41,-4.49,Coffee,Clay Loam,0.472,0.237,26.41,9,0.337,1.951.173,23.379
13.643,107.748,6,251,3.64,28.9,20.2,5.9,36.1,35,22.2,26.03,6.93,82.59,17.67,12,-5.74,-6.67,-6.72,-5.6,3.27,5.56,14.57,4.05,8.95,0.25,-5.41,-6.56,Coffee,Clay Loam,0.586,0.238,36.7,7,0.398,2.384.767,24.399
13.645,108.396,5,200,3.64,31.5,21.5,6.1,37.5,31,24.6,24.64,4.92,84.79,16.78,12,-3.74,-5.15,-5.62,-5,2.51,2.76,7.89,1.25,8.92,3.13,-2.41,-4.49,Coffee,Clay Loam,0.472,0.238,26.41,9,0.337,1.951.173,23.34
13.648,108.204,5,220,3.64,34.1,20,6,33.7,32.2,38.8,24.64,4.92,84.79,16.78,12,-3.74,-5.15,-5.62,-5,2.51,2.76,7.89,1.25,8.92,3.13,-2.41,-4.49,Coffee,Clay Loam,0.472,0.267,26.41,9,0.337,2167.97,23.21
13.657,107.784,6,328,3.64,29,22.9,6,37.6,33.4,25.4,26.03,6.93,82.59,17.67,12,-5.74,-6.67,-6.72,-5.6,3.27,5.56,14.57,4.05,8.95,0.25,-5.41,-6.56,Coffee,Clay Loam,0.586,0.239,36.7,7,0.398,2167.97,23.898
13.657,107.887,5,339,3.64,30.4,22.2,5.6,37.6,31.9,25.2,24.64,4.92,84.79,17.67,12,-3.74,-5.15,-5.62,-5,2.51,2.76,7.89,1.25,8.92,3.13,-2.41,-4.49,Coffee,Clay Loam,0.472,0.239,26.41,9,0.337,3.035.158,22.437
13.658,108.462,6,593,3.64,35.1,38.3,5.5,34.4,30.5,47.6,24.61,4.18,86.41,16.78,12,-2.54,-4.25,-5.39,-5.02,0.71,-0.08,3.92,-1.15,7.21,7,2.28,-2.68,Coffee,Clay Loam,0.421,0.278,21.11,9,0.341,3.251.955,20.755
13.658,108.491,6,293,3.64,34.7,25.3,6,36.3,29,33.5,24.61,4.18,86.41,16.78,12,-2.54,-4.25,-5.39,-5.02,0.71,-0.08,3.92,-1.15,7.21,7,2.28,-2.68,Coffee,Clay Loam,0.421,0.253,21.11,9,0.341,2167.97,22.706
13.661,108.117,6,429,3.64,32.8,18.4,5.7,34.6,32.7,28.7,24.64,4.92,84.79,16.78,12,-3.74,-5.15,-5.62,-5,2.51,2.76,7.89,1.25,8.92,3.13,-2.41,-4.49,Coffee,Clay Loam,0.472,0.251,26.41,9,0.337,2.818.361,21.852
13.663,107.838,5,287,3.64,30.6,21.3,5.9,36.3,33.1,26.4,24.64,4.92,84.79,17.67,12,-3.74,-5.15,-5.62,-5,2.51,2.76,7.89,1.25,8.92,3.13,-2.41,-4.49,Coffee,Clay Loam,0.472,0.243,26.41,9,0.337,2.384.767,22.774
13.665,107.984,6,518,3.64,28.8,24.2,5.9,34.7,36.4,31,24.64,4.92,84.79,17.67,12,-3.74,-5.15,-5.62,-5,2.51,2.76,7.89,1.25,8.92,3.13,-2.41,-4.49,Coffee,Clay Loam,0.472,0.254,26.41,9,0.337,2.384.767,21.273
13.67,107.94,5,400,3.64,29.8,21,5.9,36.8,33.4,24.7,24.64,4.92,84.79,17.67,12,-3.74,-5.15,-5.62,-5,2.51,2.76,7.89,1.25,8.92,3.13,-2.41,-4.49,Coffee,Clay Loam,0.472,0.24,26.41,9,0.337,2.384.767,22.04
13.672,107.519,6,225,3.64,34.4,22.9,5.8,35.6,30,28.3,26.03,6.93,82.59,17.67,12,-5.74,-6.67,-6.72,-5.6,3.27,5.56,14.57,4.05,8.95,0.25,-5.41,-6.56,Coffee,Clay Loam,0.586,0.248,36.7,7,0.398,2.601.564,24.568
13.673,108.145,5,404,3.64,33,17.7,5.9,37.7,29.3,26.3,24.64,4.92,84.79,16.78,12,-3.74,-5.15,-5.62,-5,2.51,2.76,7.89,1.25,8.92,3.13,-2.41,-4.49,Coffee,Clay Loam,0.472,0.24,26.41,9,0.337,2.384.767,22.014
13.673,108.388,5,227,3.64,37.3,25.9,6.1,35.1,27.6,26.4,24.64,4.92,84.79,16.78,12,-3.74,-5.15,-5.62,-5,2.51,2.76,7.89,1.25,8.92,3.13,-2.41,-4.49,Coffee,Clay Loam,0.472,0.246,26.41,9,0.337,1.951.173,23.164
13.678,107.887,6,381,3.64,28.3,22.1,5.8,38.6,33.1,27.9,24.64,4.92,84.79,17.67,12,-3.74,-5.15,-5.62,-5,2.51,2.76,7.89,1.25,8.92,3.13,-2.41,-4.49,Coffee,Clay Loam,0.472,0.24,26.41,9,0.337,2.601.564,22.164
13.678,108.473,6,381,3.64,37,27.6,5.9,35.2,27.8,39.1,24.61,4.18,86.41,16.78,12,-2.54,-4.25,-5.39,-5.02,0.71,-0.08,3.92,-1.15,7.21,7,2.28,-2.68,Coffee,Clay Loam,0.421,0.264,21.11,9,0.341,2.384.767,22.133
13.683,108.459,6,455,3.64,40.8,30.9,5.8,32.1,27.2,39.7,24.61,4.18,86.41,16.78,12,-2.54,-4.25,-5.39,-5.02,0.71,-0.08,3.92,-1.15,7.21,7,2.28,-2.68,Coffee,Clay,0.421,0.272,21.11,9,0.341,2.601.564,21.652
13.684,107.886,5,372,3.64,26.7,20,5.9,37,36.2,26.5,24.64,4.92,84.79,17.67,12,-3.74,-5.15,-5.62,-5,2.51,2.76,7.89,1.25,8.92,3.13,-2.41,-4.49,Coffee,Loam,0.472,0.242,26.41,9,0.337,2.384.767,22.222
13.685,107.945,5,431,3.64,28.4,24.9,6,37.3,34.4,25.8,24.64,4.92,84.79,17.67,12,-3.74,-5.15,-5.62,-5,2.51,2.76,7.89,1.25,8.92,3.13,-2.41,-4.49,Coffee,Clay Loam,0.472,0.24,26.41,9,0.337,2167.97,21.838
13.687,108.164,5,256,3.64,35,26.9,5.8,33,32,29.6,24.64,4.92,84.79,16.78,12,-3.74,-5.15,-5.62,-5,2.51,2.76,7.89,1.25,8.92,3.13,-2.41,-4.49,Coffee,Clay Loam,0.472,0.256,26.41,9,0.337,2.601.564,22.976
13.687,108.348,5,228,3.64,34.4,30.1,5.9,34.4,31.2,30.1,24.64,4.92,84.79,16.78,12,-3.74,-5.15,-5.62,-5,2.51,2.76,7.89,1.25,8.92,3.13,-2.41,-4.49,Coffee,Clay Loam,0.472,0.253,26.41,9,0.337,2.384.767,23.158
13.688,108.031,6,526,3.64,28.7,21.4,5.7,37.9,33.4,34.3,24.64,4.92,84.79,16.78,12,-3.74,-5.15,-5.62,-5,2.51,2.76,7.89,1.25,8.92,3.13,-2.41,-4.49,Coffee,Clay Loam,0.472,0.251,26.41,9,0.337,2.818.361,21.221
13.688,108.218,5,206,3.64,34,21,5.9,33.6,32.4,23,24.64,4.92,84.79,16.78,12,-3.74,-5.15,-5.62,-5,2.51,2.76,7.89,1.25,8.92,3.13,-2.41,-4.49,Coffee,Clay Loam,0.472,0.245,26.41,9,0.337,2.384.767,23.301
13.691,108.379,5,246,3.64,36.7,29.8,5.9,31.9,31.4,35.4,24.64,4.92,84.79,16.78,12,-3.74,-5.15,-5.62,-5,2.51,2.76,7.89,1.25,8.92,3.13,-2.41,-4.49,Coffee,Clay Loam,0.472,0.266,26.41,9,0.337,2.384.767,23.041
13.692,107.661,6,204,3.64,30,20.4,5.9,33.9,36.1,24.1,26.03,6.93,82.59,17.67,12,-5.74,-6.67,-6.72,-5.6,3.27,5.56,14.57,4.05,8.95,0.25,-5.41,-6.56,Coffee,Clay Loam,0.586,0.246,36.7,7,0.398,2.384.767,24.704
13.692,108.288,5,357,3.64,35.1,22.7,5.8,34.8,30.1,29.5,24.64,4.92,84.79,16.78,12,-3.74,-5.15,-5.62,-5,2.51,2.76,7.89,1.25,8.92,3.13,-2.41,-4.49,Coffee,Clay Loam,0.472,0.251,26.41,9,0.337,2.601.564,22.32
13.693,108.347,6,236,3.64,38.1,34.3,5.7,32.9,29,37.8,24.64,4.92,84.79,16.78,12,-3.74,-5.15,-5.62,-5,2.51,2.76,7.89,1.25,8.92,3.13,-2.41,-4.49,Coffee,Clay Loam,0.472,0.267,26.41,9,0.337,2.818.361,23.106
13.696,108.155,5,420,3.64,33.9,25.1,5.8,35.9,30.2,28.2,24.64,4.92,84.79,16.78,12,-3.74,-5.15,-5.62,-5,2.51,2.76,7.89,1.25,8.92,3.13,-2.41,-4.49,Coffee,Clay Loam,0.472,0.247,26.41,9,0.337,2.601.564,21.91
13.701,107.782,5,382,3.64,27,21.1,6,36.9,36.1,25.7,26.03,6.93,82.59,17.67,12,-5.74,-6.67,-6.72,-5.6,3.27,5.56,14.57,4.05,8.95,0.25,-5.41,-6.56,Coffee,Clay Loam,0.586,0.241,36.7,7,0.398,2167.97,23.547
13.701,108.185,6,230,3.64,34.5,29.6,5.8,34.2,31.2,31.2,24.64,4.92,84.79,16.78,12,-3.74,-5.15,-5.62,-5,2.51,2.76,7.89,1.25,8.92,3.13,-2.41,-4.49,Coffee,Clay Loam,0.472,0.255,26.41,9,0.337,2.601.564,23.145
13.702,107.876,6,407,3.64,28.2,21.7,5.7,36,35.8,26.7,24.64,4.92,84.79,17.67,12,-3.74,-5.15,-5.62,-5,2.51,2.76,7.89,1.25,8.92,3.13,-2.41,-4.49,Coffee,Clay Loam,0.472,0.245,26.41,9,0.337,2.818.361,21.995
13.709,107.916,6,520,3.64,26.6,19.2,5.8,37,36.4,26.4,24.64,4.92,84.79,17.67,12,-3.74,-5.15,-5.62,-5,2.51,2.76,7.89,1.25,8.92,3.13,-2.41,-4.49,Coffee,Loam,0.472,0.242,26.41,9,0.337,2.601.564,21.26
13.709,108.405,5,385,3.64,35.6,21.2,5.9,33.7,30.7,31.1,24.64,4.92,84.79,16.78,12,-3.74,-5.15,-5.62,-5,2.51,2.76,7.89,1.25,8.92,3.13,-2.41,-4.49,Coffee,Clay Loam,0.472,0.256,26.41,9,0.337,2.384.767,22.138
13.712,107.585,5,298,3.64,32,25.7,5.7,37.3,30.7,32.5,26.03,6.93,82.59,17.67,12,-5.74,-6.67,-6.72,-5.6,3.27,5.56,14.57,4.05,8.95,0.25,-5.41,-6.56,Coffee,Clay Loam,0.586,0.25,36.7,7,0.398,2.818.361,24.093
13.712,108.481,5,331,3.64,35.4,24.5,5.9,34.6,30.1,27,24.61,4.18,86.41,16.78,12,-2.54,-4.25,-5.39,-5.02,0.71,-0.08,3.92,-1.15,7.21,7,2.28,-2.68,Coffee,Clay Loam,0.421,0.248,21.11,9,0.341,2.384.767,22.458
13.713,107.757,6,305,3.64,28.6,22.2,6.1,37.4,34,26.4,26.03,6.93,82.59,17.67,12,-5.74,-6.67,-6.72,-5.6,3.27,5.56,14.57,4.05,8.95,0.25,-5.41,-6.56,Coffee,Clay Loam,0.586,0.241,36.7,7,0.398,1.951.173,24.048
13.714,107.547,5,241,3.64,32.2,22.3,6,36.6,31.1,24.2,26.03,6.93,82.59,17.67,12,-5.74,-6.67,-6.72,-5.6,3.27,5.56,14.57,4.05,8.95,0.25,-5.41,-6.56,Coffee,Clay Loam,0.586,0.24,36.7,7,0.398,2167.97,24.464
13.716,107.871,6,490,3.64,29.5,22.4,5.7,34.6,35.9,26.5,24.64,4.92,84.79,17.67,12,-3.74,-5.15,-5.62,-5,2.51,2.76,7.89,1.25,8.92,3.13,-2.41,-4.49,Coffee,Clay Loam,0.472,0.248,26.41,9,0.337,2.818.361,21.455
13.716,108.189,5,243,3.64,36.7,31.3,5.9,31.5,31.8,34.7,24.64,4.92,84.79,16.78,12,-3.74,-5.15,-5.62,-5,2.51,2.76,7.89,1.25,8.92,3.13,-2.41,-4.49,Coffee,Clay Loam,0.472,0.266,26.41,9,0.337,2.384.767,23.06
13.718,107.993,6,568,3.64,28,21.1,5.9,36.9,35.1,24.6,24.64,4.92,84.79,17.67,12,-3.74,-5.15,-5.62,-5,2.51,2.76,7.89,1.25,8.92,3.13,-2.41,-4.49,Coffee,Clay Loam,0.472,0.24,26.41,9,0.337,2.384.767,20.948
13.718,108.495,6,257,3.64,36.1,30.9,5.8,33.9,30,36.5,24.61,4.18,86.41,16.78,12,-2.54,-4.25,-5.39,-5.02,0.71,-0.08,3.92,-1.15,7.21,7,2.28,-2.68,Coffee,Clay Loam,0.421,0.263,21.11,9,0.341,2.601.564,22.94
13.72,107.788,6,293,3.64,29.5,22.1,6,36.9,33.6,24,26.03,6.93,82.59,17.67,12,-5.74,-6.67,-6.72,-5.6,3.27,5.56,14.57,4.05,8.95,0.25,-5.41,-6.56,Coffee,Clay Loam,0.586,0.239,36.7,7,0.398,2167.97,24.126
13.72,108.288,5,431,3.64,39.4,24.6,5.9,31,29.7,29.9,24.64,4.92,84.79,16.78,12,-3.74,-5.15,-5.62,-5,2.51,2.76,7.89,1.25,8.92,3.13,-2.41,-4.49,Coffee,Clay Loam,0.472,0.261,26.41,9,0.337,2.384.767,21.838
13.721,108.13,6,485,3.64,34.6,20.8,5.7,37,28.3,25.2,24.64,4.92,84.79,16.78,12,-3.74,-5.15,-5.62,-5,2.51,2.76,7.89,1.25,8.92,3.13,-2.41,-4.49,Coffee,Clay Loam,0.472,0.24,26.41,9,0.337,2.818.361,21.488
13.725,108.41,6,368,3.64,34.1,24.1,6.1,32.7,33.2,27.2,24.64,4.92,84.79,16.78,12,-3.74,-5.15,-5.62,-5,2.51,2.76,7.89,1.25,8.92,3.13,-2.41,-4.49,Coffee,Clay Loam,0.472,0.253,26.41,9,0.337,1.951.173,22.248
13.728,108.319,5,423,3.64,39.1,25.5,5.7,32.6,28.3,32.3,24.64,4.92,84.79,16.78,12,-3.74,-5.15,-5.62,-5,2.51,2.76,7.89,1.25,8.92,3.13,-2.41,-4.49,Coffee,Clay Loam,0.472,0.26,26.41,9,0.337,2.818.361,21.89
13.73,107.614,5,279,3.64,31.3,24.6,5.9,35,33.7,27.7,26.03,6.93,82.59,17.67,12,-5.74,-6.67,-6.72,-5.6,3.27,5.56,14.57,4.05,8.95,0.25,-5.41,-6.56,Coffee,Clay Loam,0.586,0.248,36.7,7,0.398,2.384.767,24.216
13.73,107.966,6,508,3.64,26,24.1,5.7,36.3,37.7,28.4,24.64,4.92,84.79,17.67,12,-3.74,-5.15,-5.62,-5,2.51,2.76,7.89,1.25,8.92,3.13,-2.41,-4.49,Coffee,Loam,0.472,0.246,26.41,9,0.337,2.818.361,21.338
13.735,107.911,5,508,3.64,29.2,19.4,5.7,35.5,35.3,28.6,24.64,4.92,84.79,17.67,12,-3.74,-5.15,-5.62,-5,2.51,2.76,7.89,1.25,8.92,3.13,-2.41,-4.49,Coffee,Clay Loam,0.472,0.248,26.41,9,0.337,2.818.361,21.338
13.739,107.612,5,284,3.64,29.1,24.8,5.7,36.9,34,27.6,26.03,6.93,82.59,17.67,12,-5.74,-6.67,-6.72,-5.6,3.27,5.56,14.57,4.05,8.95,0.25,-5.41,-6.56,Coffee,Clay Loam,0.586,0.244,36.7,7,0.398,2.818.361,24.184
13.741,107.653,6,324,3.64,29,24.2,5.8,36.3,34.6,31,26.03,6.93,82.59,17.67,12,-5.74,-6.67,-6.72,-5.6,3.27,5.56,14.57,4.05,8.95,0.25,-5.41,-6.56,Coffee,Clay Loam,0.586,0.25,36.7,7,0.398,2.601.564,23.924
13.742,108.083,6,575,3.64,32,18.9,5.6,34.7,33.4,26.9,24.64,4.92,84.79,16.78,12,-3.74,-5.15,-5.62,-5,2.51,2.76,7.89,1.25,8.92,3.13,-2.41,-4.49,Coffee,Clay Loam,0.472,0.248,26.41,9,0.337,3.035.158,20.902
13.743,107.596,5,338,3.64,29.1,25.2,5.8,35.9,35,31.7,26.03,6.93,82.59,17.67,12,-5.74,-6.67,-6.72,-5.6,3.27,5.56,14.57,4.05,8.95,0.25,-5.41,-6.56,Coffee,Clay Loam,0.586,0.252,36.7,7,0.398,2.601.564,23.833
13.743,107.712,6,293,3.64,28.8,21.9,5.8,36.6,34.6,24.8,26.03,6.93,82.59,17.67,12,-5.74,-6.67,-6.72,-5.6,3.27,5.56,14.57,4.05,8.95,0.25,-5.41,-6.56,Coffee,Clay Loam,0.586,0.241,36.7,7,0.398,2.601.564,24.126
13.744,107.66,6,291,3.64,28.9,18.8,5.8,36.6,34.5,25.5,26.03,6.93,82.59,17.67,12,-5.74,-6.67,-6.72,-5.6,3.27,5.56,14.57,4.05,8.95,0.25,-5.41,-6.56,Coffee,Clay Loam,0.586,0.242,36.7,7,0.398,2.601.564,24.138
13.745,108.219,6,478,3.64,35.3,28.2,5.6,34.5,30.2,33.2,24.64,4.92,84.79,16.78,12,-3.74,-5.15,-5.62,-5,2.51,2.76,7.89,1.25,8.92,3.13,-2.41,-4.49,Coffee,Clay Loam,0.472,0.257,26.41,9,0.337,3.035.158,21.533
13.747,108.034,5,605,3.64,26.9,26.4,5.6,36.7,36.4,27.8,24.64,4.92,84.79,16.78,12,-3.74,-5.15,-5.62,-5,2.51,2.76,7.89,1.25,8.92,3.13,-2.41,-4.49,Coffee,Loam,0.472,0.245,26.41,9,0.337,3.035.158,20.708
13.754,107.822,6,412,3.64,28.8,22.2,5.8,36.4,34.8,29.6,23.37,4.74,85.96,17.67,12,-3.49,-5.08,-5.82,-5.01,1.27,2.46,6.48,1.14,8.68,5.17,-1.63,-4.16,Coffee,Clay Loam,0.403,0.248,25.19,9,0.344,2.601.564,20.692
13.754,108.262,6,509,3.64,32.8,22.9,5.8,34.8,32.3,28.4,23.37,4.74,85.96,16.78,12,-3.49,-5.08,-5.82,-5.01,1.27,2.46,6.48,1.14,8.68,5.17,-1.63,-4.16,Coffee,Clay Loam,0.403,0.25,25.19,9,0.344,2.601.564,20.062
13.755,107.57,5,262,3.64,32.1,21.9,5.9,34.9,33,26.3,25.32,5.63,82.4,17.67,12,-4.7,-5.63,-5.75,-4.35,2.73,4.7,10.96,3.35,7.89,0.86,-4.51,-5.56,Coffee,Clay Loam,0.568,0.247,30.5,7,0.359,2.384.767,23.617
13.757,108.419,6,420,3.64,32.6,23.8,5.9,33.6,33.7,30.8,23.37,4.74,85.96,16.78,12,-3.49,-5.08,-5.82,-5.01,1.27,2.46,6.48,1.14,8.68,5.17,-1.63,-4.16,Coffee,Clay Loam,0.403,0.256,25.19,9,0.344,2.384.767,20.64
13.758,107.539,5,192,3.64,29.6,24.7,5.9,36.4,34,25.9,25.32,5.63,82.4,17.67,12,-4.7,-5.63,-5.75,-4.35,2.73,4.7,10.96,3.35,7.89,0.86,-4.51,-5.56,Coffee,Clay Loam,0.568,0.243,30.5,7,0.359,2.384.767,24.072
13.76,108.027,6,646,3.64,29.8,19.3,5.8,34.7,35.6,24.3,23.37,4.74,85.96,16.78,12,-3.49,-5.08,-5.82,-5.01,1.27,2.46,6.48,1.14,8.68,5.17,-1.63,-4.16,Coffee,Clay Loam,0.403,0.244,25.19,9,0.344,2.601.564,19.171
13.762,108.256,6,520,3.64,36.5,22.6,5.8,34.7,28.8,23.8,23.37,4.74,85.96,16.78,12,-3.49,-5.08,-5.82,-5.01,1.27,2.46,6.48,1.14,8.68,5.17,-1.63,-4.16,Coffee,Clay Loam,0.403,0.244,25.19,9,0.344,2.601.564,19.99
13.763,108.285,5,516,3.64,32.8,24.4,5.8,34.7,32.5,29.3,23.37,4.74,85.96,16.78,12,-3.49,-5.08,-5.82,-5.01,1.27,2.46,6.48,1.14,8.68,5.17,-1.63,-4.16,Coffee,Clay Loam,0.403,0.251,25.19,9,0.344,2.601.564,20.016
13.764,108.411,5,501,3.64,32.3,27.3,5.7,33.6,34.1,38.1,23.37,4.74,85.96,16.78,12,-3.49,-5.08,-5.82,-5.01,1.27,2.46,6.48,1.14,8.68,5.17,-1.63,-4.16,Coffee,Clay Loam,0.403,0.266,25.19,9,0.344,2.818.361,20.114
13.765,107.596,6,401,3.64,27.5,35.2,5.7,35.7,36.8,45.7,25.32,5.63,82.4,17.67,12,-4.7,-5.63,-5.75,-4.35,2.73,4.7,10.96,3.35,7.89,0.86,-4.51,-5.56,Coffee,Clay Loam,0.568,0.272,30.5,7,0.359,2.818.361,22.714
13.765,107.981,6,631,3.64,27.4,24,5.6,39.3,33.3,28.5,23.37,4.74,85.96,17.67,12,-3.49,-5.08,-5.82,-5.01,1.27,2.46,6.48,1.14,8.68,5.17,-1.63,-4.16,Coffee,Clay Loam,0.403,0.24,25.19,9,0.344,3.035.158,19.269
13.768,108.226,6,485,3.64,35.4,21.4,5.7,34.5,30.1,24.3,23.37,4.74,85.96,16.78,12,-3.49,-5.08,-5.82,-5.01,1.27,2.46,6.48,1.14,8.68,5.17,-1.63,-4.16,Coffee,Clay Loam,0.403,0.245,25.19,9,0.344,2.818.361,20.218
13.769,107.504,6,180,3.64,28.8,21.6,5.9,36.3,35,23.9,25.32,5.63,82.4,17.67,12,-4.7,-5.63,-5.75,-4.35,2.73,4.7,10.96,3.35,7.89,0.86,-4.51,-5.56,Coffee,Clay Loam,0.568,0.24,30.5,7,0.359,2.384.767,24.15
13.77,108.427,5,431,3.64,33.6,25.4,5.8,33.8,32.6,38.8,23.37,4.74,85.96,16.78,12,-3.49,-5.08,-5.82,-5.01,1.27,2.46,6.48,1.14,8.68,5.17,-1.63,-4.16,Coffee,Clay Loam,0.403,0.267,25.19,9,0.344,2.601.564,20.568
13.771,107.665,6,342,3.64,28.5,22,5.8,36.8,34.7,27.8,25.32,5.63,82.4,17.67,12,-4.7,-5.63,-5.75,-4.35,2.73,4.7,10.96,3.35,7.89,0.86,-4.51,-5.56,Coffee,Clay Loam,0.568,0.244,30.5,7,0.359,2.601.564,23.097
13.773,107.681,5,358,3.64,26.6,23.9,5.7,39.2,34.3,28.8,25.32,5.63,82.4,17.67,12,-4.7,-5.63,-5.75,-4.35,2.73,4.7,10.96,3.35,7.89,0.86,-4.51,-5.56,Coffee,Loam,0.568,0.24,30.5,7,0.359,2.818.361,22.993
13.775,107.894,5,515,3.64,28.6,23.9,5.7,35.4,36,31.1,23.37,4.74,85.96,17.67,12,-3.49,-5.08,-5.82,-5.01,1.27,2.46,6.48,1.14,8.68,5.17,-1.63,-4.16,Coffee,Clay Loam,0.403,0.252,25.19,9,0.344,2.818.361,20.022
13.778,107.595,6,359,3.64,28.2,21.7,6,36.6,35.1,29.4,25.32,5.63,82.4,17.67,12,-4.7,-5.63,-5.75,-4.35,2.73,4.7,10.96,3.35,7.89,0.86,-4.51,-5.56,Coffee,Clay Loam,0.568,0.247,30.5,7,0.359,2167.97,22.986
13.778,107.689,5,383,3.64,28.3,20.3,5.7,37.4,34.2,25.1,25.32,5.63,82.4,17.67,12,-4.7,-5.63,-5.75,-4.35,2.73,4.7,10.96,3.35,7.89,0.86,-4.51,-5.56,Coffee,Clay Loam,0.568,0.239,30.5,7,0.359,2.818.361,22.83
13.779,107.958,6,605,3.64,27.3,26.4,5.7,37.1,35.6,28.4,23.37,4.74,85.96,17.67,12,-3.49,-5.08,-5.82,-5.01,1.27,2.46,6.48,1.14,8.68,5.17,-1.63,-4.16,Coffee,Clay Loam,0.403,0.244,25.19,9,0.344,2.818.361,19.438
13.782,107.809,6,420,3.64,27.7,28.1,5.8,38,34.3,28,25.32,5.63,82.4,17.67,12,-4.7,-5.63,-5.75,-4.35,2.73,4.7,10.96,3.35,7.89,0.86,-4.51,-5.56,Coffee,Clay Loam,0.568,0.242,30.5,7,0.359,2.601.564,22.59
13.782,108.106,5,606,3.64,31.4,18.9,5.8,36.8,31.8,27,23.37,4.74,85.96,16.78,12,-3.49,-5.08,-5.82,-5.01,1.27,2.46,6.48,1.14,8.68,5.17,-1.63,-4.16,Coffee,Clay Loam,0.403,0.243,25.19,9,0.344,2.601.564,19.431
13.782,108.5,5,395,3.64,35.1,30,6.1,37.1,27.9,23.9,24.18,4.49,86.94,16.78,12,-2.61,-4.36,-5.8,-5.3,-0.41,-0.02,4.01,-1.26,7.79,7.85,2.68,-2.56,Coffee,Clay Loam,0.394,0.238,22.32,10,0.352,1.951.173,21.612
13.785,107.709,6,391,3.64,26.7,23.3,5.9,38.1,35.2,29.9,25.32,5.63,82.4,17.67,12,-4.7,-5.63,-5.75,-4.35,2.73,4.7,10.96,3.35,7.89,0.86,-4.51,-5.56,Coffee,Loam,0.568,0.244,30.5,7,0.359,2.384.767,22.778
13.785,108.334,6,524,3.64,34.1,20,5.9,33.9,31.9,25.3,23.37,4.74,85.96,16.78,12,-3.49,-5.08,-5.82,-5.01,1.27,2.46,6.48,1.14,8.68,5.17,-1.63,-4.16,Coffee,Clay Loam,0.403,0.247,25.19,9,0.344,2.384.767,19.964
13.786,108.278,5,587,3.64,33.7,21.8,6,34.8,31.5,23,23.37,4.74,85.96,16.78,12,-3.49,-5.08,-5.82,-5.01,1.27,2.46,6.48,1.14,8.68,5.17,-1.63,-4.16,Coffee,Clay Loam,0.403,0.242,25.19,9,0.344,2167.97,19.554
13.789,107.573,6,281,3.64,25.6,21.6,5.9,36.7,37.7,26.1,25.32,5.63,82.4,17.67,12,-4.7,-5.63,-5.75,-4.35,2.73,4.7,10.96,3.35,7.89,0.86,-4.51,-5.56,Coffee,Loam,0.568,0.242,30.5,7,0.359,2.384.767,23.494
13.791,108.196,5,508,3.64,32.4,21.7,5.9,34.5,33.1,27,23.37,4.74,85.96,16.78,12,-3.49,-5.08,-5.82,-5.01,1.27,2.46,6.48,1.14,8.68,5.17,-1.63,-4.16,Coffee,Clay Loam,0.403,0.248,25.19,9,0.344,2.384.767,20.068
13.793,107.877,6,552,3.64,28.6,24.9,5.6,36.8,34.6,38.5,23.37,4.74,85.96,17.67,12,-3.49,-5.08,-5.82,-5.01,1.27,2.46,6.48,1.14,8.68,5.17,-1.63,-4.16,Coffee,Clay Loam,0.403,0.259,25.19,9,0.344,3.035.158,19.782
13.795,107.929,6,621,3.64,28.2,25.2,5.6,34.8,37,33.1,23.37,4.74,85.96,17.67,12,-3.49,-5.08,-5.82,-5.01,1.27,2.46,6.48,1.14,8.68,5.17,-1.63,-4.16,Coffee,Clay Loam,0.403,0.256,25.19,9,0.344,3.035.158,19.334
13.795,108.118,5,646,3.64,31.1,19.9,5.7,33.9,35,23.3,23.37,4.74,85.96,16.78,12,-3.49,-5.08,-5.82,-5.01,1.27,2.46,6.48,1.14,8.68,5.17,-1.63,-4.16,Coffee,Clay Loam,0.403,0.245,25.19,9,0.344,2.818.361,19.171
13.797,107.616,5,360,3.64,30.1,21.9,5.8,36,33.9,28.9,25.32,5.63,82.4,17.67,12,-4.7,-5.63,-5.75,-4.35,2.73,4.7,10.96,3.35,7.89,0.86,-4.51,-5.56,Coffee,Clay Loam,0.568,0.248,30.5,7,0.359,2.601.564,22.98
13.803,107.96,5,618,3.64,28.9,20.7,5.7,36.5,34.6,28.4,23.37,4.74,85.96,17.67,12,-3.49,-5.08,-5.82,-5.01,1.27,2.46,6.48,1.14,8.68,5.17,-1.63,-4.16,Coffee,Clay Loam,0.403,0.246,25.19,9,0.344,2.818.361,19.353
13.805,108.101,6,650,3.64,31.8,20.6,5.6,35.7,32.5,29.8,23.37,4.74,85.96,16.78,12,-3.49,-5.08,-5.82,-5.01,1.27,2.46,6.48,1.14,8.68,5.17,-1.63,-4.16,Coffee,Clay Loam,0.403,0.25,25.19,9,0.344,3.035.158,19.145
13.81,107.909,5,611,3.64,26.8,17.7,5.6,36.1,37.2,25.8,23.37,4.74,85.96,17.67,12,-3.49,-5.08,-5.82,-5.01,1.27,2.46,6.48,1.14,8.68,5.17,-1.63,-4.16,Coffee,Loam,0.403,0.243,25.19,9,0.344,3.035.158,19.399
13.81,108.434,6,449,3.64,36.4,24.4,5.8,33,30.6,35.7,23.37,4.74,85.96,16.78,12,-3.49,-5.08,-5.82,-5.01,1.27,2.46,6.48,1.14,8.68,5.17,-1.63,-4.16,Coffee,Clay Loam,0.403,0.264,25.19,9,0.344,2.601.564,20.452
13.81,108.492,5,363,3.64,33.3,30.7,6.1,37.3,29.4,26,24.18,4.49,86.94,16.78,12,-2.61,-4.36,-5.8,-5.3,-0.41,-0.02,4.01,-1.26,7.79,7.85,2.68,-2.56,Coffee,Clay Loam,0.394,0.241,22.32,10,0.352,1.951.173,21.82
13.811,108.382,6,670,3.64,32.1,33.1,5.5,31.5,36.4,45,23.37,4.74,85.96,16.78,12,-3.49,-5.08,-5.82,-5.01,1.27,2.46,6.48,1.14,8.68,5.17,-1.63,-4.16,Coffee,Clay Loam,0.403,0.281,25.19,9,0.344,3.251.955,19.015
13.813,107.525,5,341,3.64,31.2,29,5.6,36.3,32.5,36.5,25.32,5.63,82.4,17.67,12,-4.7,-5.63,-5.75,-4.35,2.73,4.7,10.96,3.35,7.89,0.86,-4.51,-5.56,Coffee,Clay Loam,0.568,0.258,30.5,7,0.359,3.035.158,23.104
13.815,107.532,6,219,3.64,30.8,28,5.7,36.6,32.5,38.5,25.32,5.63,82.4,17.67,12,-4.7,-5.63,-5.75,-4.35,2.73,4.7,10.96,3.35,7.89,0.86,-4.51,-5.56,Coffee,Clay Loam,0.568,0.26,30.5,7,0.359,2.818.361,23.896
13.816,108.117,6,673,3.64,31.8,22.3,5.9,33.3,34.9,25.8,23.37,4.74,85.96,16.78,12,-3.49,-5.08,-5.82,-5.01,1.27,2.46,6.48,1.14,8.68,5.17,-1.63,-4.16,Coffee,Clay Loam,0.403,0.25,25.19,9,0.344,2.384.767,18.996
13.817,107.518,5,207,3.64,31.3,26.3,5.7,37.9,30.8,32.1,25.32,5.63,82.4,17.67,12,-4.7,-5.63,-5.75,-4.35,2.73,4.7,10.96,3.35,7.89,0.86,-4.51,-5.56,Coffee,Clay Loam,0.568,0.248,30.5,7,0.359,2.818.361,23.974
13.817,107.694,6,397,3.64,26.5,21.6,5.8,38.5,35,25.4,25.32,5.63,82.4,17.67,12,-4.7,-5.63,-5.75,-4.35,2.73,4.7,10.96,3.35,7.89,0.86,-4.51,-5.56,Coffee,Loam,0.568,0.237,30.5,7,0.359,2.601.564,22.74
13.817,107.8,6,441,3.64,28,20.7,6,36.7,35.3,24.8,25.32,5.63,82.4,17.67,12,-4.7,-5.63,-5.75,-4.35,2.73,4.7,10.96,3.35,7.89,0.86,-4.51,-5.56,Coffee,Clay Loam,0.568,0.24,30.5,7,0.359,2167.97,22.454
13.818,108.1,5,706,3.64,27.9,27,5.7,35.7,36.4,27.5,23.37,4.74,85.96,16.78,12,-3.49,-5.08,-5.82,-5.01,1.27,2.46,6.48,1.14,8.68,5.17,-1.63,-4.16,Coffee,Clay Loam,0.403,0.246,25.19,9,0.344,2.818.361,18.781
13.819,107.757,5,399,3.64,26.4,27,5.7,38.4,35.2,35.4,25.32,5.63,82.4,17.67,12,-4.7,-5.63,-5.75,-4.35,2.73,4.7,10.96,3.35,7.89,0.86,-4.51,-5.56,Coffee,Loam,0.568,0.251,30.5,7,0.359,2.818.361,22.726
13.819,107.872,6,542,3.64,27.3,19.1,5.9,36.5,36.2,31.3,23.37,4.74,85.96,17.67,12,-3.49,-5.08,-5.82,-5.01,1.27,2.46,6.48,1.14,8.68,5.17,-1.63,-4.16,Coffee,Clay Loam,0.403,0.25,25.19,9,0.344,2.384.767,19.847
13.821,107.978,6,732,3.64,28.5,20.1,5.6,35.5,36.1,28.8,23.37,4.74,85.96,17.67,12,-3.49,-5.08,-5.82,-5.01,1.27,2.46,6.48,1.14,8.68,5.17,-1.63,-4.16,Coffee,Clay Loam,0.403,0.249,25.19,9,0.344,3.035.158,18.612
13.822,108.477,5,356,3.64,34.1,31.2,6.1,37.2,28.7,28.3,24.18,4.49,86.94,16.78,12,-2.61,-4.36,-5.8,-5.3,-0.41,-0.02,4.01,-1.26,7.79,7.85,2.68,-2.56,Coffee,Clay Loam,0.394,0.244,22.32,10,0.352,1.951.173,21.866
13.824,107.581,5,273,3.64,28.5,22.5,5.9,34.3,37.2,28.3,25.32,5.63,82.4,17.67,12,-4.7,-5.63,-5.75,-4.35,2.73,4.7,10.96,3.35,7.89,0.86,-4.51,-5.56,Coffee,Clay Loam,0.568,0.251,30.5,7,0.359,2.384.767,23.546
13.824,108.445,6,377,3.64,35,22.6,5.8,35.2,29.8,31.4,24.18,4.49,86.94,16.78,12,-2.61,-4.36,-5.8,-5.3,-0.41,-0.02,4.01,-1.26,7.79,7.85,2.68,-2.56,Coffee,Clay Loam,0.394,0.253,22.32,10,0.352,2.601.564,21.73
13.825,108.24,5,580,3.64,35,22.6,5.8,34.7,30.2,28.5,23.37,4.74,85.96,16.78,12,-3.49,-5.08,-5.82,-5.01,1.27,2.46,6.48,1.14,8.68,5.17,-1.63,-4.16,Coffee,Clay Loam,0.403,0.25,25.19,9,0.344,2.601.564,19.6
13.825,108.332,6,551,3.64,31.8,24.3,5.7,32.7,35.5,38.2,23.37,4.74,85.96,16.78,12,-3.49,-5.08,-5.82,-5.01,1.27,2.46,6.48,1.14,8.68,5.17,-1.63,-4.16,Coffee,Clay Loam,0.403,0.268,25.19,9,0.344,2.818.361,19.789
13.827,107.637,5,455,3.64,28.4,21.8,5.8,35.4,36.2,32.2,25.32,5.63,82.4,17.67,12,-4.7,-5.63,-5.75,-4.35,2.73,4.7,10.96,3.35,7.89,0.86,-4.51,-5.56,Coffee,Clay Loam,0.568,0.254,30.5,7,0.359,2.601.564,22.362
13.83,108.365,6,1143,3.64,30.7,33.3,5.5,33.7,35.6,48.8,23.37,4.74,85.96,16.78,12,-3.49,-5.08,-5.82,-5.01,1.27,2.46,6.48,1.14,8.68,5.17,-1.63,-4.16,Coffee,Clay Loam,0.403,0.281,25.19,9,0.344,3.251.955,15.94
13.831,107.559,5,288,3.64,29.1,22.1,5.9,36.1,34.8,31,25.32,5.63,82.4,17.67,12,-4.7,-5.63,-5.75,-4.35,2.73,4.7,10.96,3.35,7.89,0.86,-4.51,-5.56,Coffee,Clay Loam,0.568,0.25,30.5,7,0.359,2.384.767,23.448
13.837,107.995,5,744,3.64,28,21.4,5.8,36.5,35.5,25,23.37,4.74,85.96,17.67,12,-3.49,-5.08,-5.82,-5.01,1.27,2.46,6.48,1.14,8.68,5.17,-1.63,-4.16,Coffee,Clay Loam,0.403,0.241,25.19,9,0.344,2.601.564,18.534
13.838,108.487,6,366,3.64,31,28.3,6,39.5,29.5,25.6,24.18,4.49,86.94,16.78,12,-2.61,-4.36,-5.8,-5.3,-0.41,-0.02,4.01,-1.26,7.79,7.85,2.68,-2.56,Coffee,Clay Loam,0.394,0.235,22.32,10,0.352,2167.97,21.801
13.839,108.275,6,653,3.64,33.1,19.6,5.8,35.2,31.8,26.2,23.37,4.74,85.96,16.78,12,-3.49,-5.08,-5.82,-5.01,1.27,2.46,6.48,1.14,8.68,5.17,-1.63,-4.16,Coffee,Clay Loam,0.403,0.246,25.19,9,0.344,2.601.564,19.126
13.841,108.125,6,706,3.64,32.2,23,6,33.8,34,23.4,23.37,4.74,85.96,16.78,12,-3.49,-5.08,-5.82,-5.01,1.27,2.46,6.48,1.14,8.68,5.17,-1.63,-4.16,Coffee,Clay Loam,0.403,0.245,25.19,9,0.344,2167.97,18.781
13.841,108.24,5,642,3.64,33.4,19.4,5.8,34.6,32,24.9,23.37,4.74,85.96,16.78,12,-3.49,-5.08,-5.82,-5.01,1.27,2.46,6.48,1.14,8.68,5.17,-1.63,-4.16,Coffee,Clay Loam,0.403,0.245,25.19,9,0.344,2.601.564,19.197
13.844,108.076,6,730,3.64,27.2,22.6,5.8,35.8,36.9,25.1,23.37,4.74,85.96,16.78,12,-3.49,-5.08,-5.82,-5.01,1.27,2.46,6.48,1.14,8.68,5.17,-1.63,-4.16,Coffee,Clay Loam,0.403,0.243,25.19,9,0.344,2.601.564,18.625
13.845,108.465,5,379,3.64,32.5,24.6,6.1,38,29.5,25.3,24.18,4.49,86.94,16.78,12,-2.61,-4.36,-5.8,-5.3,-0.41,-0.02,4.01,-1.26,7.79,7.85,2.68,-2.56,Coffee,Clay Loam,0.394,0.238,22.32,10,0.352,1.951.173,21.716
13.851,107.795,5,492,3.64,27.6,26.2,5.7,35.8,36.6,29.7,25.32,5.63,82.4,17.67,12,-4.7,-5.63,-5.75,-4.35,2.73,4.7,10.96,3.35,7.89,0.86,-4.51,-5.56,Coffee,Clay Loam,0.568,0.249,30.5,7,0.359,2.818.361,22.122
13.853,108.27,6,680,3.64,31.6,21,5.8,35.7,32.7,25.7,23.37,4.74,85.96,16.78,12,-3.49,-5.08,-5.82,-5.01,1.27,2.46,6.48,1.14,8.68,5.17,-1.63,-4.16,Coffee,Clay Loam,0.403,0.244,25.19,9,0.344,2.601.564,18.95
13.854,108.11,5,709,3.64,28.2,20.5,5.9,36.1,35.7,23.9,23.37,4.74,85.96,16.78,12,-3.49,-5.08,-5.82,-5.01,1.27,2.46,6.48,1.14,8.68,5.17,-1.63,-4.16,Coffee,Clay Loam,0.403,0.24,25.19,9,0.344,2.384.767,18.762
13.857,107.855,6,613,3.64,30.8,23.8,5.8,35.2,34,30.8,23.37,4.74,85.96,17.67,12,-3.49,-5.08,-5.82,-5.01,1.27,2.46,6.48,1.14,8.68,5.17,-1.63,-4.16,Coffee,Clay Loam,0.403,0.252,25.19,9,0.344,2.601.564,19.386
13.859,108.041,5,767,3.64,26.2,21.9,5.7,36.6,37.2,26.4,23.37,4.74,85.96,16.78,12,-3.49,-5.08,-5.82,-5.01,1.27,2.46,6.48,1.14,8.68,5.17,-1.63,-4.16,Coffee,Loam,0.403,0.243,25.19,9,0.344,2.818.361,18.385
13.86,107.623,5,322,3.64,27.5,21.9,5.9,36.3,36.2,26.4,25.32,5.63,82.4,17.67,12,-4.7,-5.63,-5.75,-4.35,2.73,4.7,10.96,3.35,7.89,0.86,-4.51,-5.56,Coffee,Clay Loam,0.568,0.243,30.5,7,0.359,2.384.767,23.227
13.863,108.039,6,782,3.64,25.3,22.2,5.7,38.2,36.5,25.2,23.37,4.74,85.96,16.78,12,-3.49,-5.08,-5.82,-5.01,1.27,2.46,6.48,1.14,8.68,5.17,-1.63,-4.16,Coffee,Loam,0.403,0.237,25.19,9,0.344,2.818.361,18.287
13.863,108.197,5,659,3.64,33.4,20.6,5.9,35.9,30.7,30.4,23.37,4.74,85.96,16.78,12,-3.49,-5.08,-5.82,-5.01,1.27,2.46,6.48,1.14,8.68,5.17,-1.63,-4.16,Coffee,Clay Loam,0.403,0.25,25.19,9,0.344,2.384.767,19.086
13.864,108.365,6,964,3.64,32.4,28.6,5.6,32,35.6,38.7,23.37,4.74,85.96,16.78,12,-3.49,-5.08,-5.82,-5.01,1.27,2.46,6.48,1.14,8.68,5.17,-1.63,-4.16,Coffee,Clay Loam,0.403,0.271,25.19,9,0.344,3.035.158,17.104
13.866,108.105,5,686,3.64,29.8,20.4,5.8,35.2,35,23.9,23.37,4.74,85.96,16.78,12,-3.49,-5.08,-5.82,-5.01,1.27,2.46,6.48,1.14,8.68,5.17,-1.63,-4.16,Coffee,Clay Loam,0.403,0.242,25.19,9,0.344,2.601.564,18.911
13.874,107.771,6,462,3.64,26.7,29.9,5.9,38.8,34.5,42.9,25.32,5.63,82.4,17.67,12,-4.7,-5.63,-5.75,-4.35,2.73,4.7,10.96,3.35,7.89,0.86,-4.51,-5.56,Coffee,Loam,0.568,0.261,30.5,7,0.359,2.384.767,22.317
13.876,107.509,5,224,3.64,29.5,28,5.6,36.2,34.4,35.2,25.32,5.63,82.4,17.67,12,-4.7,-5.63,-5.75,-4.35,2.73,4.7,10.96,3.35,7.89,0.86,-4.51,-5.56,Coffee,Clay Loam,0.568,0.256,30.5,7,0.359,3.035.158,23.864
13.878,107.729,5,435,3.64,26.8,21.8,6,36.7,36.5,26.9,25.32,5.63,82.4,17.67,12,-4.7,-5.63,-5.75,-4.35,2.73,4.7,10.96,3.35,7.89,0.86,-4.51,-5.56,Coffee,Loam,0.568,0.243,30.5,7,0.359,2167.97,22.492
13.88,108.302,5,779,3.64,32.9,24.2,5.6,33.9,33.2,36.2,23.37,4.74,85.96,16.78,12,-3.49,-5.08,-5.82,-5.01,1.27,2.46,6.48,1.14,8.68,5.17,-1.63,-4.16,Coffee,Clay Loam,0.403,0.263,25.19,9,0.344,3.035.158,18.306
13.88,108.492,5,355,3.64,33.7,24,6.1,36.9,29.3,24.2,24.18,4.49,86.94,16.78,12,-2.61,-4.36,-5.8,-5.3,-0.41,-0.02,4.01,-1.26,7.79,7.85,2.68,-2.56,Coffee,Clay Loam,0.394,0.239,22.32,10,0.352,1.951.173,21.872
13.881,107.824,6,691,3.64,28.7,28.7,5.6,35.5,35.8,39.1,23.37,4.74,85.96,17.67,12,-3.49,-5.08,-5.82,-5.01,1.27,2.46,6.48,1.14,8.68,5.17,-1.63,-4.16,Coffee,Clay Loam,0.403,0.263,25.19,9,0.344,3.035.158,18.879
13.881,107.968,6,696,3.64,29,21.5,5.8,39.5,31.5,27.2,23.37,4.74,85.96,17.67,12,-3.49,-5.08,-5.82,-5.01,1.27,2.46,6.48,1.14,8.68,5.17,-1.63,-4.16,Coffee,Clay Loam,0.403,0.237,25.19,9,0.344,2.601.564,18.846
13.883,107.882,6,613,3.64,27.6,21.6,5.8,38.4,34,27.2,23.37,4.74,85.96,17.67,12,-3.49,-5.08,-5.82,-5.01,1.27,2.46,6.48,1.14,8.68,5.17,-1.63,-4.16,Coffee,Clay Loam,0.403,0.24,25.19,9,0.344,2.601.564,19.386
13.889,108.286,6,714,3.64,30.7,23.5,5.7,35.3,34,33.5,23.37,4.74,85.96,16.78,12,-3.49,-5.08,-5.82,-5.01,1.27,2.46,6.48,1.14,8.68,5.17,-1.63,-4.16,Coffee,Clay Loam,0.403,0.256,25.19,9,0.344,2.818.361,18.729
13.889,108.342,6,758,3.64,33.6,21.1,5.6,30.2,36.2,36.2,23.37,4.74,85.96,16.78,12,-3.49,-5.08,-5.82,-5.01,1.27,2.46,6.48,1.14,8.68,5.17,-1.63,-4.16,Coffee,Clay Loam,0.403,0.271,25.19,9,0.344,3.035.158,18.443
13.891,108.066,5,775,3.64,27.1,23.2,5.6,36.8,36.1,28.7,23.37,4.74,85.96,16.78,12,-3.49,-5.08,-5.82,-5.01,1.27,2.46,6.48,1.14,8.68,5.17,-1.63,-4.16,Coffee,Clay Loam,0.403,0.246,25.19,9,0.344,3.035.158,18.333
13.892,107.641,6,367,3.64,26.9,22.3,5.7,37.6,35.6,30.3,25.32,5.63,82.4,17.67,12,-4.7,-5.63,-5.75,-4.35,2.73,4.7,10.96,3.35,7.89,0.86,-4.51,-5.56,Coffee,Loam,0.568,0.246,30.5,7,0.359,2.818.361,22.934
13.893,108.476,6,499,3.64,34.4,28.8,5.8,35.6,30,38.9,24.18,4.49,86.94,16.78,12,-2.61,-4.36,-5.8,-5.3,-0.41,-0.02,4.01,-1.26,7.79,7.85,2.68,-2.56,Coffee,Clay Loam,0.394,0.263,22.32,10,0.352,2.601.564,20.936
13.894,108.11,5,697,3.64,27.2,20,5.7,35.9,36.9,23.1,23.37,4.74,85.96,16.78,12,-3.49,-5.08,-5.82,-5.01,1.27,2.46,6.48,1.14,8.68,5.17,-1.63,-4.16,Coffee,Clay Loam,0.403,0.24,25.19,9,0.344,2.818.361,18.84
13.898,107.657,6,401,3.64,27.3,27.8,5.7,37.3,35.4,32,25.32,5.63,82.4,17.67,12,-4.7,-5.63,-5.75,-4.35,2.73,4.7,10.96,3.35,7.89,0.86,-4.51,-5.56,Coffee,Clay Loam,0.568,0.249,30.5,7,0.359,2.818.361,22.714
13.91,107.793,6,496,3.64,26.3,29.4,5.7,38.2,35.5,34.4,25.32,5.63,82.4,17.67,12,-4.7,-5.63,-5.75,-4.35,2.73,4.7,10.96,3.35,7.89,0.86,-4.51,-5.56,Coffee,Loam,0.568,0.25,30.5,7,0.359,2.818.361,22.096
13.913,107.757,6,426,3.64,29.7,18.1,5.9,33.8,36.5,24.9,25.32,5.63,82.4,17.67,12,-4.7,-5.63,-5.75,-4.35,2.73,4.7,10.96,3.35,7.89,0.86,-4.51,-5.56,Coffee,Clay Loam,0.568,0.247,30.5,7,0.359,2.384.767,22.551
13.916,108.11,5,724,3.64,31.9,18.9,5.9,36.1,32,24.7,23.37,4.74,85.96,16.78,12,-3.49,-5.08,-5.82,-5.01,1.27,2.46,6.48,1.14,8.68,5.17,-1.63,-4.16,Coffee,Clay Loam,0.403,0.242,25.19,9,0.344,2.384.767,18.664
13.917,107.52,5,247,3.64,30.9,27.1,5.7,35.4,33.7,38.5,25.32,5.63,82.4,17.67,12,-4.7,-5.63,-5.75,-4.35,2.73,4.7,10.96,3.35,7.89,0.86,-4.51,-5.56,Coffee,Clay Loam,0.568,0.262,30.5,7,0.359,2.818.361,23.714
13.92,108.22,5,644,3.64,31,28,5.8,33.9,35.1,31.5,23.37,4.74,85.96,16.78,12,-3.49,-5.08,-5.82,-5.01,1.27,2.46,6.48,1.14,8.68,5.17,-1.63,-4.16,Coffee,Clay Loam,0.403,0.256,25.19,9,0.344,2.601.564,19.184
13.922,107.501,5,192,3.64,31.7,26.2,5.8,36.2,32.1,25.8,25.32,5.63,82.4,17.67,12,-4.7,-5.63,-5.75,-4.35,2.73,4.7,10.96,3.35,7.89,0.86,-4.51,-5.56,Coffee,Clay Loam,0.568,0.243,30.5,7,0.359,2.601.564,24.072
13.923,107.911,5,691,3.64,31.5,23.2,5.7,35.2,33.3,23.5,23.37,4.74,85.96,17.67,12,-3.49,-5.08,-5.82,-5.01,1.27,2.46,6.48,1.14,8.68,5.17,-1.63,-4.16,Coffee,Clay Loam,0.403,0.242,25.19,9,0.344,2.818.361,18.879
13.924,107.968,5,752,3.64,29.4,24.1,5.7,37,33.7,25.9,23.37,4.74,85.96,17.67,12,-3.49,-5.08,-5.82,-5.01,1.27,2.46,6.48,1.14,8.68,5.17,-1.63,-4.16,Coffee,Clay Loam,0.403,0.241,25.19,9,0.344,2.818.361,18.482
13.926,107.97,5,723,3.64,29.6,19.7,5.7,36.9,33.6,27,23.37,4.74,85.96,17.67,12,-3.49,-5.08,-5.82,-5.01,1.27,2.46,6.48,1.14,8.68,5.17,-1.63,-4.16,Coffee,Clay Loam,0.403,0.243,25.19,9,0.344,2.818.361,18.67
13.927,107.99,6,758,3.64,26.2,20.2,5.8,36.2,37.7,23.4,23.37,4.74,85.96,17.67,12,-3.49,-5.08,-5.82,-5.01,1.27,2.46,6.48,1.14,8.68,5.17,-1.63,-4.16,Coffee,Loam,0.403,0.239,25.19,9,0.344,2.601.564,18.443
13.933,108.056,6,761,3.64,30.2,20.2,5.8,38.1,31.7,25.4,23.37,4.74,85.96,16.78,12,-3.49,-5.08,-5.82,-5.01,1.27,2.46,6.48,1.14,8.68,5.17,-1.63,-4.16,Coffee,Clay Loam,0.403,0.238,25.19,9,0.344,2.601.564,18.424
13.934,107.887,6,590,3.64,30.1,20.7,5.8,37.2,32.6,25,23.37,4.74,85.96,17.67,12,-3.49,-5.08,-5.82,-5.01,1.27,2.46,6.48,1.14,8.68,5.17,-1.63,-4.16,Coffee,Clay Loam,0.403,0.239,25.19,9,0.344,2.601.564,19.535
13.938,107.556,6,286,3.64,29.6,25,5.9,36.6,33.8,37.5,25.32,5.63,82.4,17.67,12,-4.7,-5.63,-5.75,-4.35,2.73,4.7,10.96,3.35,7.89,0.86,-4.51,-5.56,Coffee,Clay Loam,0.568,0.258,30.5,7,0.359,2.384.767,23.461
13.942,108.389,6,1214,3.64,32.1,36.5,5.5,33.6,34.3,49.2,23.37,4.74,85.96,16.78,12,-3.49,-5.08,-5.82,-5.01,1.27,2.46,6.48,1.14,8.68,5.17,-1.63,-4.16,Coffee,Clay Loam,0.403,0.282,25.19,9,0.344,3.251.955,15.479
13.943,107.893,6,660,3.64,30.9,24.1,5.8,36.7,32.5,32,23.37,4.74,85.96,17.67,12,-3.49,-5.08,-5.82,-5.01,1.27,2.46,6.48,1.14,8.68,5.17,-1.63,-4.16,Coffee,Clay Loam,0.403,0.25,25.19,9,0.344,2.601.564,19.08
13.945,107.554,6,263,3.64,30.2,20.4,6,35.6,34.2,25.3,25.32,5.63,82.4,17.67,12,-4.7,-5.63,-5.75,-4.35,2.73,4.7,10.96,3.35,7.89,0.86,-4.51,-5.56,Coffee,Clay Loam,0.568,0.244,30.5,7,0.359,2167.97,23.61
13.946,108.145,6,741,3.64,32.2,20.8,5.9,36.7,31.1,31.7,23.37,4.74,85.96,16.78,12,-3.49,-5.08,-5.82,-5.01,1.27,2.46,6.48,1.14,8.68,5.17,-1.63,-4.16,Coffee,Clay Loam,0.403,0.25,25.19,9,0.344,2.384.767,18.554
13.947,108.326,5,1405,3.64,33.9,40.1,5.4,35.2,30.9,48.7,23.37,4.74,85.96,16.78,12,-3.49,-5.08,-5.82,-5.01,1.27,2.46,6.48,1.14,8.68,5.17,-1.63,-4.16,Coffee,Clay Loam,0.403,0.277,25.19,9,0.344,3.468.752,14.238
13.95,108.24,6,604,3.64,30.7,18.5,5.8,36.5,32.7,25.1,23.37,4.74,85.96,16.78,12,-3.49,-5.08,-5.82,-5.01,1.27,2.46,6.48,1.14,8.68,5.17,-1.63,-4.16,Coffee,Clay Loam,0.403,0.241,25.19,9,0.344,2.601.564,19.444
13.951,107.928,6,713,3.64,29.1,23.8,5.7,34.6,36.4,30.3,23.37,4.74,85.96,17.67,12,-3.49,-5.08,-5.82,-5.01,1.27,2.46,6.48,1.14,8.68,5.17,-1.63,-4.16,Coffee,Clay Loam,0.403,0.253,25.19,9,0.344,2.818.361,18.736
13.951,108.093,6,702,3.64,30.2,20.6,5.7,36.1,33.7,22.5,23.37,4.74,85.96,16.78,12,-3.49,-5.08,-5.82,-5.01,1.27,2.46,6.48,1.14,8.68,5.17,-1.63,-4.16,Coffee,Clay Loam,0.403,0.238,25.19,9,0.344,2.818.361,18.807
13.957,108.078,5,715,3.64,30.1,18.7,5.7,35.8,34.1,24,23.37,4.74,85.96,16.78,12,-3.49,-5.08,-5.82,-5.01,1.27,2.46,6.48,1.14,8.68,5.17,-1.63,-4.16,Coffee,Clay Loam,0.403,0.241,25.19,9,0.344,2.818.361,18.722
13.957,108.499,5,437,3.64,37,25,5.9,33.5,29.5,32.2,24.18,4.49,86.94,16.78,12,-2.61,-4.36,-5.8,-5.3,-0.41,-0.02,4.01,-1.26,7.79,7.85,2.68,-2.56,Coffee,Clay Loam,0.394,0.258,22.32,10,0.352,2.384.767,21.34
13.958,108.13,5,751,3.64,32.3,20.7,5.8,35.7,32,29.1,23.37,4.74,85.96,16.78,12,-3.49,-5.08,-5.82,-5.01,1.27,2.46,6.48,1.14,8.68,5.17,-1.63,-4.16,Coffee,Clay Loam,0.403,0.249,25.19,9,0.344,2.601.564,18.489
13.958,108.279,5,695,3.64,29.7,20.1,5.7,34,36.3,32.6,23.37,4.74,85.96,16.78,12,-3.49,-5.08,-5.82,-5.01,1.27,2.46,6.48,1.14,8.68,5.17,-1.63,-4.16,Coffee,Clay Loam,0.403,0.257,25.19,9,0.344,2.818.361,18.852
13.96,107.536,6,277,3.64,29.4,27.7,5.8,34.5,36.1,33.7,25.32,5.63,82.4,17.67,12,-4.7,-5.63,-5.75,-4.35,2.73,4.7,10.96,3.35,7.89,0.86,-4.51,-5.56,Coffee,Clay Loam,0.568,0.258,30.5,7,0.359,2.601.564,23.52
13.96,108.038,5,736,3.64,27.6,22.8,5.7,36.9,35.5,30.1,23.37,4.74,85.96,16.78,12,-3.49,-5.08,-5.82,-5.01,1.27,2.46,6.48,1.14,8.68,5.17,-1.63,-4.16,Coffee,Clay Loam,0.403,0.247,25.19,9,0.344,2.818.361,18.586
13.962,108.49,5,451,3.64,34.4,24.1,5.9,34.6,31,28.2,24.18,4.49,86.94,16.78,12,-2.61,-4.36,-5.8,-5.3,-0.41,-0.02,4.01,-1.26,7.79,7.85,2.68,-2.56,Coffee,Clay Loam,0.394,0.25,22.32,10,0.352,2.384.767,21.248
13.967,108.372,5,901,3.64,31.2,24.1,5.7,33.3,35.5,38.4,23.37,4.74,85.96,16.78,12,-3.49,-5.08,-5.82,-5.01,1.27,2.46,6.48,1.14,8.68,5.17,-1.63,-4.16,Coffee,Clay Loam,0.403,0.267,25.19,9,0.344,2.818.361,17.514
13.969,107.627,6,261,3.64,28.3,20,5.9,36.1,35.5,25.4,25.32,5.63,82.4,17.67,12,-4.7,-5.63,-5.75,-4.35,2.73,4.7,10.96,3.35,7.89,0.86,-4.51,-5.56,Coffee,Clay Loam,0.568,0.243,30.5,7,0.359,2.384.767,23.624
13.969,108.395,5,951,3.64,33,36.9,5.6,32.9,34.1,45.7,23.37,4.74,85.96,16.78,12,-3.49,-5.08,-5.82,-5.01,1.27,2.46,6.48,1.14,8.68,5.17,-1.63,-4.16,Coffee,Clay Loam,0.403,0.278,25.19,9,0.344,3.035.158,17.188
13.97,108.262,6,607,3.64,32,20.8,5.8,34,34,26.5,23.37,4.74,85.96,16.78,12,-3.49,-5.08,-5.82,-5.01,1.27,2.46,6.48,1.14,8.68,5.17,-1.63,-4.16,Coffee,Clay Loam,0.403,0.249,25.19,9,0.344,2.601.564,19.425
13.971,107.521,6,212,3.64,29.9,21.9,5.9,35.9,34.2,28.7,25.32,5.63,82.4,17.67,12,-4.7,-5.63,-5.75,-4.35,2.73,4.7,10.96,3.35,7.89,0.86,-4.51,-5.56,Coffee,Clay Loam,0.568,0.248,30.5,7,0.359,2.384.767,23.942
13.976,107.888,6,677,3.64,29.1,22.4,5.7,35.4,35.4,26.7,23.37,4.74,85.96,17.67,12,-3.49,-5.08,-5.82,-5.01,1.27,2.46,6.48,1.14,8.68,5.17,-1.63,-4.16,Coffee,Clay Loam,0.403,0.246,25.19,9,0.344,2.818.361,18.97
13.984,107.858,6,589,3.64,29.2,19.6,5.6,34,36.8,25.6,23.37,4.74,85.96,17.67,12,-3.49,-5.08,-5.82,-5.01,1.27,2.46,6.48,1.14,8.68,5.17,-1.63,-4.16,Coffee,Clay Loam,0.403,0.248,25.19,9,0.344,3.035.158,19.542
13.986,107.802,6,478,3.64,27.7,22,5.8,36,36.3,28.8,25.32,5.63,82.4,17.67,12,-4.7,-5.63,-5.75,-4.35,2.73,4.7,10.96,3.35,7.89,0.86,-4.51,-5.56,Coffee,Clay Loam,0.568,0.248,30.5,7,0.359,2.601.564,22.213
13.988,107.636,6,284,3.64,30.8,19.3,6,36.3,32.9,24.8,25.32,5.63,82.4,17.67,12,-4.7,-5.63,-5.75,-4.35,2.73,4.7,10.96,3.35,7.89,0.86,-4.51,-5.56,Coffee,Clay Loam,0.568,0.241,30.5,7,0.359,2167.97,23.474
13.996,107.892,5,658,3.64,30,20.9,5.6,35,35,30.2,23.37,4.74,85.96,17.67,12,-3.49,-5.08,-5.82,-5.01,1.27,2.46,6.48,1.14,8.68,5.17,-1.63,-4.16,Coffee,Clay Loam,0.403,0.252,25.19,9,0.344,3.035.158,19.093
13.997,108.48,6,466,3.64,34.9,22.9,5.9,35.2,29.9,29.6,24.18,4.49,86.94,16.78,12,-2.61,-4.36,-5.8,-5.3,-0.41,-0.02,4.01,-1.26,7.79,7.85,2.68,-2.56,Coffee,Clay Loam,0.394,0.25,22.32,10,0.352,2.384.767,21.151
14.001,107.705,5,716,3.64,26.2,38.4,5.5,38.5,35.4,42.1,25.32,5.63,82.4,17.25,12,-4.7,-5.63,-5.75,-4.35,2.73,4.7,10.96,3.35,7.89,0.86,-4.51,-5.56,Coffee,Loam,0.568,0.26,30.5,7,0.359,3.251.955,20.666
14.003,107.609,5,253,3.64,32.2,26.3,6,37.3,30.6,26,25.32,5.63,82.4,17.25,12,-4.7,-5.63,-5.75,-4.35,2.73,4.7,10.96,3.35,7.89,0.86,-4.51,-5.56,Coffee,Clay Loam,0.568,0.241,30.5,7,0.359,2167.97,23.676
14.004,107.688,6,422,3.64,30.6,39.2,5.6,38.1,31.3,38.4,25.32,5.63,82.4,17.25,12,-4.7,-5.63,-5.75,-4.35,2.73,4.7,10.96,3.35,7.89,0.86,-4.51,-5.56,Coffee,Clay Loam,0.568,0.256,30.5,7,0.359,3.035.158,22.577
14.005,107.601,6,263,3.64,32.2,22.6,5.9,36.9,30.9,28,25.32,5.63,82.4,17.25,12,-4.7,-5.63,-5.75,-4.35,2.73,4.7,10.96,3.35,7.89,0.86,-4.51,-5.56,Coffee,Clay Loam,0.568,0.244,30.5,7,0.359,2.384.767,23.61
14.014,107.563,5,232,3.64,28.8,21.3,6.1,35,36.2,28.2,25.32,5.63,82.4,17.25,12,-4.7,-5.63,-5.75,-4.35,2.73,4.7,10.96,3.35,7.89,0.86,-4.51,-5.56,Coffee,Clay Loam,0.568,0.249,30.5,7,0.359,1.951.173,23.812
14.014,107.596,6,256,3.64,29,24.4,5.9,37.9,33,25.7,25.32,5.63,82.4,17.25,12,-4.7,-5.63,-5.75,-4.35,2.73,4.7,10.96,3.35,7.89,0.86,-4.51,-5.56,Coffee,Clay Loam,0.568,0.239,30.5,7,0.359,2.384.767,23.656
14.014,108.372,5,692,3.64,31.1,22,5.9,33.3,35.6,28.9,23.37,4.74,85.96,16.21,12,-3.49,-5.08,-5.82,-5.01,1.27,2.46,6.48,1.14,8.68,5.17,-1.63,-4.16,Coffee,Clay Loam,0.403,0.254,25.19,9,0.344,2.384.767,18.872
14.017,108.484,6,573,3.64,34.1,31.2,5.6,35.5,30.4,40.3,24.18,4.49,86.94,16.21,12,-2.61,-4.36,-5.8,-5.3,-0.41,-0.02,4.01,-1.26,7.79,7.85,2.68,-2.56,Coffee,Clay Loam,0.394,0.265,22.32,10,0.352,3.035.158,20.456
14.019,107.888,5,650,3.64,28.4,17.4,5.7,35,36.6,21.5,23.37,4.74,85.96,17.25,12,-3.49,-5.08,-5.82,-5.01,1.27,2.46,6.48,1.14,8.68,5.17,-1.63,-4.16,Coffee,Clay Loam,0.403,0.24,25.19,9,0.344,2.818.361,19.145
14.02,107.582,5,212,3.64,28.4,26.3,5.9,35.8,35.9,54.8,25.32,5.63,82.4,17.25,12,-4.7,-5.63,-5.75,-4.35,2.73,4.7,10.96,3.35,7.89,0.86,-4.51,-5.56,Coffee,Clay Loam,0.568,0.284,30.5,7,0.359,2.384.767,23.942
14.02,108.383,5,699,3.64,30.4,22.8,6,33.5,36,30.3,23.37,4.74,85.96,16.21,12,-3.49,-5.08,-5.82,-5.01,1.27,2.46,6.48,1.14,8.68,5.17,-1.63,-4.16,Coffee,Clay Loam,0.403,0.255,25.19,9,0.344,2167.97,18.827
14.021,107.536,5,225,3.64,28.5,25,5.6,36,35.5,38.6,25.32,5.63,82.4,17.25,12,-4.7,-5.63,-5.75,-4.35,2.73,4.7,10.96,3.35,7.89,0.86,-4.51,-5.56,Coffee,Clay Loam,0.568,0.261,30.5,7,0.359,3.035.158,23.858
14.023,107.762,6,589,3.64,28,24.1,5.4,39.7,32.2,30.4,25.32,5.63,82.4,17.25,12,-4.7,-5.63,-5.75,-4.35,2.73,4.7,10.96,3.35,7.89,0.86,-4.51,-5.56,Coffee,Clay Loam,0.568,0.241,30.5,7,0.359,3.468.752,21.492
14.024,107.964,5,770,3.64,27,24.1,5.8,35.9,37.1,27.8,23.37,4.74,85.96,17.25,12,-3.49,-5.08,-5.82,-5.01,1.27,2.46,6.48,1.14,8.68,5.17,-1.63,-4.16,Coffee,Clay Loam,0.403,0.246,25.19,9,0.344,2.601.564,18.365
14.024,108.383,6,710,3.64,32.5,21.6,5.9,33.3,34.2,29.6,23.37,4.74,85.96,16.21,12,-3.49,-5.08,-5.82,-5.01,1.27,2.46,6.48,1.14,8.68,5.17,-1.63,-4.16,Coffee,Clay Loam,0.403,0.255,25.19,9,0.344,2.384.767,18.755
14.025,108.059,6,728,3.64,32,19.9,5.8,35.6,32.3,23.1,23.37,4.74,85.96,16.21,12,-3.49,-5.08,-5.82,-5.01,1.27,2.46,6.48,1.14,8.68,5.17,-1.63,-4.16,Coffee,Clay Loam,0.403,0.24,25.19,9,0.344,2.601.564,18.638
14.027,108.475,5,601,3.64,36.2,27.1,5.7,33.1,30.7,41.3,24.18,4.49,86.94,16.21,12,-2.61,-4.36,-5.8,-5.3,-0.41,-0.02,4.01,-1.26,7.79,7.85,2.68,-2.56,Coffee,Clay Loam,0.394,0.272,22.32,10,0.352,2.818.361,20.274
14.03,108.053,6,729,3.64,30.6,22,5.8,35.7,33.7,24.4,23.37,4.74,85.96,16.21,12,-3.49,-5.08,-5.82,-5.01,1.27,2.46,6.48,1.14,8.68,5.17,-1.63,-4.16,Coffee,Clay Loam,0.403,0.242,25.19,9,0.344,2.601.564,18.632
14.032,107.671,5,342,3.64,28.5,28.1,5.6,38.2,33.3,31.2,25.32,5.63,82.4,17.25,12,-4.7,-5.63,-5.75,-4.35,2.73,4.7,10.96,3.35,7.89,0.86,-4.51,-5.56,Coffee,Clay Loam,0.568,0.246,30.5,7,0.359,3.035.158,23.097
14.032,108.048,5,729,3.64,29.9,21.6,5.8,37,33,30,23.37,4.74,85.96,16.21,12,-3.49,-5.08,-5.82,-5.01,1.27,2.46,6.48,1.14,8.68,5.17,-1.63,-4.16,Coffee,Clay Loam,0.403,0.247,25.19,9,0.344,2.601.564,18.632
14.034,108.439,6,1040,3.64,32.3,36.4,5.5,33.3,34.4,47.8,24.18,4.49,86.94,16.21,12,-2.61,-4.36,-5.8,-5.3,-0.41,-0.02,4.01,-1.26,7.79,7.85,2.68,-2.56,Coffee,Clay Loam,0.394,0.28,22.32,10,0.352,3.251.955,17.42
14.035,107.645,6,258,3.64,29.3,21.5,5.9,37.4,33.3,25.8,25.32,5.63,82.4,17.25,12,-4.7,-5.63,-5.75,-4.35,2.73,4.7,10.96,3.35,7.89,0.86,-4.51,-5.56,Coffee,Clay Loam,0.568,0.24,30.5,7,0.359,2.384.767,23.643
14.039,107.535,6,327,3.64,29,27.4,5.6,36.8,34.2,37.3,25.32,5.63,82.4,17.25,12,-4.7,-5.63,-5.75,-4.35,2.73,4.7,10.96,3.35,7.89,0.86,-4.51,-5.56,Coffee,Clay Loam,0.568,0.258,30.5,7,0.359,3.035.158,23.194
14.04,107.718,5,581,3.64,26.5,29.3,5.5,38.3,35.3,37.2,25.32,5.63,82.4,17.25,12,-4.7,-5.63,-5.75,-4.35,2.73,4.7,10.96,3.35,7.89,0.86,-4.51,-5.56,Coffee,Loam,0.568,0.254,30.5,7,0.359,3.251.955,21.544
14.042,108.417,5,816,3.64,34.2,32.7,5.5,31.8,34,38.5,23.37,4.74,85.96,16.21,12,-3.49,-5.08,-5.82,-5.01,1.27,2.46,6.48,1.14,8.68,5.17,-1.63,-4.16,Coffee,Clay Loam,0.403,0.271,25.19,9,0.344,3.251.955,18.066
14.043,107.94,6,691,3.64,27.3,19.9,5.5,37,35.8,26,23.37,4.74,85.96,17.25,12,-3.49,-5.08,-5.82,-5.01,1.27,2.46,6.48,1.14,8.68,5.17,-1.63,-4.16,Coffee,Clay Loam,0.403,0.241,25.19,9,0.344,3.251.955,18.879
14.045,107.579,6,323,3.64,29.9,31,5.7,36.1,34,32.2,25.32,5.63,82.4,17.25,12,-4.7,-5.63,-5.75,-4.35,2.73,4.7,10.96,3.35,7.89,0.86,-4.51,-5.56,Coffee,Clay Loam,0.568,0.252,30.5,7,0.359,2.818.361,23.22
14.046,107.509,5,212,3.64,30.2,27.9,5.7,36,33.8,31,25.32,5.63,82.4,17.25,12,-4.7,-5.63,-5.75,-4.35,2.73,4.7,10.96,3.35,7.89,0.86,-4.51,-5.56,Coffee,Clay Loam,0.568,0.251,30.5,7,0.359,2.818.361,23.942
14.046,107.593,6,354,3.64,29.8,27.9,5.6,38.4,31.8,37.5,25.32,5.63,82.4,17.25,12,-4.7,-5.63,-5.75,-4.35,2.73,4.7,10.96,3.35,7.89,0.86,-4.51,-5.56,Coffee,Clay Loam,0.568,0.254,30.5,7,0.359,3.035.158,23.019
14.047,108.153,5,751,3.64,32,24,5.9,36.1,31.9,28.9,23.37,4.74,85.96,16.21,12,-3.49,-5.08,-5.82,-5.01,1.27,2.46,6.48,1.14,8.68,5.17,-1.63,-4.16,Coffee,Clay Loam,0.403,0.247,25.19,9,0.344,2.384.767,18.489
14.049,107.957,5,731,3.64,28.4,26.2,5.6,35.7,36,29.7,23.37,4.74,85.96,17.25,12,-3.49,-5.08,-5.82,-5.01,1.27,2.46,6.48,1.14,8.68,5.17,-1.63,-4.16,Coffee,Clay Loam,0.403,0.249,25.19,9,0.344,3.035.158,18.618
14.049,108.152,5,739,3.64,32.4,21.4,5.8,35.6,32,29.6,23.37,4.74,85.96,16.21,12,-3.49,-5.08,-5.82,-5.01,1.27,2.46,6.48,1.14,8.68,5.17,-1.63,-4.16,Coffee,Clay Loam,0.403,0.25,25.19,9,0.344,2.601.564,18.566
14.05,107.574,6,378,3.64,30.6,30.1,5.6,37.1,32.3,35,25.32,5.63,82.4,17.25,12,-4.7,-5.63,-5.75,-4.35,2.73,4.7,10.96,3.35,7.89,0.86,-4.51,-5.56,Coffee,Clay Loam,0.568,0.254,30.5,7,0.359,3.035.158,22.863
14.051,107.8,5,888,3.64,24.6,35.3,5.5,38.8,36.6,42.1,25.32,5.63,82.4,17.25,12,-4.7,-5.63,-5.75,-4.35,2.73,4.7,10.96,3.35,7.89,0.86,-4.51,-5.56,Coffee,Loam,0.568,0.26,30.5,7,0.359,3.251.955,19.548
14.051,108.196,6,768,3.64,33.8,18.5,6,37.9,28.2,30.5,23.37,4.74,85.96,16.21,12,-3.49,-5.08,-5.82,-5.01,1.27,2.46,6.48,1.14,8.68,5.17,-1.63,-4.16,Coffee,Clay Loam,0.403,0.246,25.19,9,0.344,2167.97,18.378
14.054,107.62,6,244,3.64,29.6,24.7,5.9,35.8,34.5,28.7,25.32,5.63,82.4,17.25,12,-4.7,-5.63,-5.75,-4.35,2.73,4.7,10.96,3.35,7.89,0.86,-4.51,-5.56,Coffee,Clay Loam,0.568,0.248,30.5,7,0.359,2.384.767,23.734
14.055,108.31,5,720,3.64,31.4,21.6,5.7,31.1,37.5,27.3,23.37,4.74,85.96,16.21,12,-3.49,-5.08,-5.82,-5.01,1.27,2.46,6.48,1.14,8.68,5.17,-1.63,-4.16,Coffee,Clay Loam,0.403,0.257,25.19,9,0.344,2.818.361,18.69
14.059,108.478,6,1007,3.64,34.2,41.4,5.5,36.8,29,57.1,24.18,4.49,86.94,16.21,12,-2.61,-4.36,-5.8,-5.3,-0.41,-0.02,4.01,-1.26,7.79,7.85,2.68,-2.56,Coffee,Clay Loam,0.394,0.285,22.32,10,0.352,3.251.955,17.634
14.06,107.594,5,292,3.64,31.1,28.9,5.8,36.4,32.5,30.8,25.32,5.63,82.4,17.25,12,-4.7,-5.63,-5.75,-4.35,2.73,4.7,10.96,3.35,7.89,0.86,-4.51,-5.56,Coffee,Clay Loam,0.568,0.249,30.5,7,0.359,2.601.564,23.422
14.06,108.262,5,947,3.64,30.3,28.2,5.5,35,34.7,38.2,23.37,4.74,85.96,16.21,12,-3.49,-5.08,-5.82,-5.01,1.27,2.46,6.48,1.14,8.68,5.17,-1.63,-4.16,Coffee,Clay Loam,0.403,0.263,25.19,9,0.344,3.251.955,17.214
14.061,107.564,6,415,3.64,27.8,34.6,5.7,38.6,33.7,44.7,25.32,5.63,82.4,17.25,12,-4.7,-5.63,-5.75,-4.35,2.73,4.7,10.96,3.35,7.89,0.86,-4.51,-5.56,Coffee,Clay Loam,0.568,0.264,30.5,7,0.359,2.818.361,22.623
14.062,107.595,6,248,3.64,29.8,28.8,5.8,36.6,33.6,29.6,25.32,5.63,82.4,17.25,12,-4.7,-5.63,-5.75,-4.35,2.73,4.7,10.96,3.35,7.89,0.86,-4.51,-5.56,Coffee,Clay Loam,0.568,0.247,30.5,7,0.359,2.601.564,23.708
14.064,108.108,5,691,3.64,35.5,23.3,5.7,33,31.5,30.1,23.37,4.74,85.96,16.21,12,-3.49,-5.08,-5.82,-5.01,1.27,2.46,6.48,1.14,8.68,5.17,-1.63,-4.16,Coffee,Clay Loam,0.403,0.256,25.19,9,0.344,2.818.361,18.879
14.067,107.532,5,693,3.64,27.5,47.2,5.6,38.4,34.1,64.3,25.32,5.63,82.4,17.25,12,-4.7,-5.63,-5.75,-4.35,2.73,4.7,10.96,3.35,7.89,0.86,-4.51,-5.56,Coffee,Clay Loam,0.568,0.292,30.5,7,0.359,3.035.158,20.816
14.068,107.698,6,721,3.64,24.9,33,5.5,38.7,36.5,49.5,25.32,5.63,82.4,17.25,12,-4.7,-5.63,-5.75,-4.35,2.73,4.7,10.96,3.35,7.89,0.86,-4.51,-5.56,Coffee,Loam,0.568,0.27,30.5,7,0.359,3.251.955,20.634
14.069,107.918,6,685,3.64,29.6,21.1,5.5,38.7,31.8,25.1,23.37,4.74,85.96,17.25,12,-3.49,-5.08,-5.82,-5.01,1.27,2.46,6.48,1.14,8.68,5.17,-1.63,-4.16,Coffee,Clay Loam,0.403,0.236,25.19,9,0.344,3.251.955,18.918
14.071,108.404,6,854,3.64,33.4,30.1,5.6,33.8,32.8,43,23.37,4.74,85.96,16.21,12,-3.49,-5.08,-5.82,-5.01,1.27,2.46,6.48,1.14,8.68,5.17,-1.63,-4.16,Coffee,Clay Loam,0.403,0.272,25.19,9,0.344,3.035.158,17.819
14.074,107.513,5,524,3.64,24.9,35.4,5.6,40.2,34.8,39.8,25.32,5.63,82.4,17.25,12,-4.7,-5.63,-5.75,-4.35,2.73,4.7,10.96,3.35,7.89,0.86,-4.51,-5.56,Coffee,Loam,0.568,0.253,30.5,7,0.359,3.035.158,21.914
14.076,108.376,6,726,3.64,30.3,22.4,5.7,33.7,35.9,30.9,23.37,4.74,85.96,16.21,12,-3.49,-5.08,-5.82,-5.01,1.27,2.46,6.48,1.14,8.68,5.17,-1.63,-4.16,Coffee,Clay Loam,0.403,0.256,25.19,9,0.344,2.818.361,18.651
14.079,108.258,5,1001,3.64,28.7,28.9,5.5,35.2,36.1,43.5,23.37,4.74,85.96,16.21,12,-3.49,-5.08,-5.82,-5.01,1.27,2.46,6.48,1.14,8.68,5.17,-1.63,-4.16,Coffee,Clay Loam,0.403,0.27,25.19,9,0.344,3.251.955,16.864
14.08,108.215,6,776,3.64,32.1,20.3,5.8,35,32.9,31,23.37,4.74,85.96,16.21,12,-3.49,-5.08,-5.82,-5.01,1.27,2.46,6.48,1.14,8.68,5.17,-1.63,-4.16,Coffee,Clay Loam,0.403,0.253,25.19,9,0.344,2.601.564,18.326
14.081,108.125,5,697,3.64,35.7,21.7,5.8,33.6,30.7,30.1,23.37,4.74,85.96,16.21,12,-3.49,-5.08,-5.82,-5.01,1.27,2.46,6.48,1.14,8.68,5.17,-1.63,-4.16,Coffee,Clay Loam,0.403,0.255,25.19,9,0.344,2.601.564,18.84
14.082,107.556,6,358,3.64,27.8,34.3,5.6,37.8,34.4,35.1,25.32,5.63,82.4,17.25,12,-4.7,-5.63,-5.75,-4.35,2.73,4.7,10.96,3.35,7.89,0.86,-4.51,-5.56,Coffee,Clay Loam,0.568,0.252,30.5,7,0.359,3.035.158,22.993
14.082,107.913,6,656,3.64,25.5,21.3,5.6,39.4,35.1,27.1,23.37,4.74,85.96,17.25,12,-3.49,-5.08,-5.82,-5.01,1.27,2.46,6.48,1.14,8.68,5.17,-1.63,-4.16,Coffee,Loam,0.403,0.237,25.19,9,0.344,3.035.158,19.106
14.083,107.724,5,777,3.64,24,36.9,5.6,39.1,37,43.4,25.32,5.63,82.4,17.25,12,-4.7,-5.63,-5.75,-4.35,2.73,4.7,10.96,3.35,7.89,0.86,-4.51,-5.56,Coffee,Loam,0.568,0.261,30.5,7,0.359,3.035.158,20.27
14.085,108.407,6,1048,3.64,33,33,5.5,33.6,33.3,45.1,23.37,4.74,85.96,16.21,12,-3.49,-5.08,-5.82,-5.01,1.27,2.46,6.48,1.14,8.68,5.17,-1.63,-4.16,Coffee,Clay Loam,0.403,0.276,25.19,9,0.344,3.251.955,16.558
14.086,108.459,5,1125,3.64,34.5,38,5.4,32.4,33.1,53.6,24.18,4.49,86.94,16.21,12,-2.61,-4.36,-5.8,-5.3,-0.41,-0.02,4.01,-1.26,7.79,7.85,2.68,-2.56,Coffee,Clay Loam,0.394,0.291,22.32,10,0.352,3.468.752,16.868
14.088,107.595,6,221,3.64,30.3,25.2,6,37.6,32.2,25.3,25.32,5.63,82.4,17.25,12,-4.7,-5.63,-5.75,-4.35,2.73,4.7,10.96,3.35,7.89,0.86,-4.51,-5.56,Coffee,Clay Loam,0.568,0.239,30.5,7,0.359,2167.97,23.884
14.09,107.639,6,289,3.64,30.8,28.2,5.8,33.9,35.3,40.5,25.32,5.63,82.4,17.25,12,-4.7,-5.63,-5.75,-4.35,2.73,4.7,10.96,3.35,7.89,0.86,-4.51,-5.56,Coffee,Clay Loam,0.568,0.269,30.5,7,0.359,2.601.564,23.442
14.091,108.088,5,703,3.64,30.2,18.1,5.8,37,32.8,27.4,23.37,4.74,85.96,16.21,12,-3.49,-5.08,-5.82,-5.01,1.27,2.46,6.48,1.14,8.68,5.17,-1.63,-4.16,Coffee,Clay Loam,0.403,0.243,25.19,9,0.344,2.601.564,18.8
14.095,108.326,6,736,3.64,29.2,23.8,6,33.2,37.6,27.4,23.37,4.74,85.96,16.21,12,-3.49,-5.08,-5.82,-5.01,1.27,2.46,6.48,1.14,8.68,5.17,-1.63,-4.16,Coffee,Clay Loam,0.403,0.252,25.19,9,0.344,2167.97,18.586
14.095,108.48,5,913,3.64,36.4,40.3,5.5,31,32.6,48.6,24.18,4.49,86.94,16.21,12,-2.61,-4.36,-5.8,-5.3,-0.41,-0.02,4.01,-1.26,7.79,7.85,2.68,-2.56,Coffee,Clay Loam,0.394,0.287,22.32,10,0.352,3.251.955,18.246
14.096,108.333,6,759,3.64,30.1,27.8,5.7,32.5,37.4,34.4,23.37,4.74,85.96,16.21,12,-3.49,-5.08,-5.82,-5.01,1.27,2.46,6.48,1.14,8.68,5.17,-1.63,-4.16,Coffee,Clay Loam,0.403,0.263,25.19,9,0.344,2.818.361,18.437
14.098,108.243,6,827,3.64,33.3,21,5.6,33.9,32.8,33.2,23.37,4.74,85.96,16.21,12,-3.49,-5.08,-5.82,-5.01,1.27,2.46,6.48,1.14,8.68,5.17,-1.63,-4.16,Coffee,Clay Loam,0.403,0.259,25.19,9,0.344,3.035.158,17.995
14.103,107.552,6,341,3.64,28.1,30.6,5.6,34.8,37.1,35.4,25.32,5.63,82.4,17.25,12,-4.7,-5.63,-5.75,-4.35,2.73,4.7,10.96,3.35,7.89,0.86,-4.51,-5.56,Coffee,Clay Loam,0.568,0.26,30.5,7,0.359,3.035.158,23.104
14.103,108.185,5,834,3.64,29.9,28.3,5.6,36.9,33.2,35.5,23.37,4.74,85.96,16.21,12,-3.49,-5.08,-5.82,-5.01,1.27,2.46,6.48,1.14,8.68,5.17,-1.63,-4.16,Coffee,Clay Loam,0.403,0.255,25.19,9,0.344,3.035.158,17.949
14.107,107.934,6,711,3.64,28.4,18.7,5.8,38.4,33.2,25.5,23.37,4.74,85.96,17.25,12,-3.49,-5.08,-5.82,-5.01,1.27,2.46,6.48,1.14,8.68,5.17,-1.63,-4.16,Coffee,Clay Loam,0.403,0.237,25.19,9,0.344,2.601.564,18.748
14.108,108.103,5,698,3.64,31.6,23.1,5.7,37.3,31.1,31.3,23.37,4.74,85.96,16.21,12,-3.49,-5.08,-5.82,-5.01,1.27,2.46,6.48,1.14,8.68,5.17,-1.63,-4.16,Coffee,Clay Loam,0.403,0.248,25.19,9,0.344,2.818.361,18.833
14.109,107.697,5,593,3.64,25.6,33.9,5.6,40.8,33.6,42.6,25.32,5.63,82.4,17.25,12,-4.7,-5.63,-5.75,-4.35,2.73,4.7,10.96,3.35,7.89,0.86,-4.51,-5.56,Coffee,Loam,0.568,0.256,30.5,7,0.359,3.035.158,21.466
14.109,108.031,6,937,3.64,29.6,25.1,5.7,40.1,30.3,36.2,23.37,4.74,85.96,16.21,12,-3.49,-5.08,-5.82,-5.01,1.27,2.46,6.48,1.14,8.68,5.17,-1.63,-4.16,Coffee,Clay Loam,0.403,0.248,25.19,9,0.344,2.818.361,17.28
14.109,108.06,6,760,3.64,32.1,23.7,5.9,35.8,32.1,29,23.37,4.74,85.96,16.21,12,-3.49,-5.08,-5.82,-5.01,1.27,2.46,6.48,1.14,8.68,5.17,-1.63,-4.16,Coffee,Clay Loam,0.403,0.248,25.19,9,0.344,2.384.767,18.43
14.112,107.708,5,498,3.64,25.7,42.1,5.6,40.8,33.5,41.7,25.32,5.63,82.4,17.25,12,-4.7,-5.63,-5.75,-4.35,2.73,4.7,10.96,3.35,7.89,0.86,-4.51,-5.56,Coffee,Loam,0.568,0.255,30.5,7,0.359,3.035.158,22.083
14.112,107.898,5,637,3.64,29.8,21.7,5.7,36.9,33.3,34.6,23.37,4.74,85.96,17.25,12,-3.49,-5.08,-5.82,-5.01,1.27,2.46,6.48,1.14,8.68,5.17,-1.63,-4.16,Coffee,Clay Loam,0.403,0.254,25.19,9,0.344,2.818.361,19.23
14.114,107.781,5,1021,3.64,26.3,38.7,5.4,38.2,35.5,55,25.32,5.63,82.4,17.25,12,-4.7,-5.63,-5.75,-4.35,2.73,4.7,10.96,3.35,7.89,0.86,-4.51,-5.56,Coffee,Loam,0.568,0.279,30.5,7,0.359,3.468.752,18.684
14.115,107.593,5,233,3.64,29.9,28.5,5.7,34.1,35.9,33.6,25.32,5.63,82.4,17.25,12,-4.7,-5.63,-5.75,-4.35,2.73,4.7,10.96,3.35,7.89,0.86,-4.51,-5.56,Coffee,Clay Loam,0.568,0.259,30.5,7,0.359,2.818.361,23.806
14.115,107.833,5,615,3.64,27.6,24.2,5.6,38.9,33.5,30.5,23.37,4.74,85.96,17.25,12,-3.49,-5.08,-5.82,-5.01,1.27,2.46,6.48,1.14,8.68,5.17,-1.63,-4.16,Coffee,Clay Loam,0.403,0.243,25.19,9,0.344,3.035.158,19.373
14.117,108.351,5,751,3.64,30.7,26.3,5.6,32.6,36.7,32.5,23.37,4.74,85.96,16.21,12,-3.49,-5.08,-5.82,-5.01,1.27,2.46,6.48,1.14,8.68,5.17,-1.63,-4.16,Coffee,Clay Loam,0.403,0.261,25.19,9,0.344,3.035.158,18.489
14.119,108.047,6,813,3.64,33.1,22.9,5.9,37.1,29.8,37.7,23.37,4.74,85.96,16.21,12,-3.49,-5.08,-5.82,-5.01,1.27,2.46,6.48,1.14,8.68,5.17,-1.63,-4.16,Coffee,Clay Loam,0.403,0.257,25.19,9,0.344,2.384.767,18.086
14.122,108.131,5,637,3.64,29.2,22.5,5.7,34.7,36.2,28.3,23.37,4.74,85.96,16.21,12,-3.49,-5.08,-5.82,-5.01,1.27,2.46,6.48,1.14,8.68,5.17,-1.63,-4.16,Coffee,Clay Loam,0.403,0.25,25.19,9,0.344,2.818.361,19.23
14.124,108.218,5,836,3.64,30.6,22.3,5.7,34,35.4,28.5,23.37,4.74,85.96,16.21,12,-3.49,-5.08,-5.82,-5.01,1.27,2.46,6.48,1.14,8.68,5.17,-1.63,-4.16,Coffee,Clay Loam,0.403,0.252,25.19,9,0.344,2.818.361,17.936
14.127,107.606,6,484,3.64,27,39.6,5.6,38.1,34.9,36.9,25.32,5.63,82.4,17.25,12,-4.7,-5.63,-5.75,-4.35,2.73,4.7,10.96,3.35,7.89,0.86,-4.51,-5.56,Coffee,Clay Loam,0.568,0.254,30.5,7,0.359,3.035.158,22.174
14.127,107.607,5,523,3.64,26.6,47.5,5.6,37.8,35.5,51.4,25.32,5.63,82.4,17.25,12,-4.7,-5.63,-5.75,-4.35,2.73,4.7,10.96,3.35,7.89,0.86,-4.51,-5.56,Coffee,Loam,0.568,0.275,30.5,7,0.359,3.035.158,21.92
14.127,107.659,6,280,3.64,27.9,32.4,5.8,36.6,35.5,79.4,25.32,5.63,82.4,17.25,12,-4.7,-5.63,-5.75,-4.35,2.73,4.7,10.96,3.35,7.89,0.86,-4.51,-5.56,Coffee,Clay Loam,0.568,0.317,30.5,7,0.359,2.601.564,23.5
14.129,107.681,6,310,3.64,25.6,34.3,5.7,38.3,36,38.9,25.32,5.63,82.4,17.25,12,-4.7,-5.63,-5.75,-4.35,2.73,4.7,10.96,3.35,7.89,0.86,-4.51,-5.56,Coffee,Loam,0.568,0.256,30.5,7,0.359,2.818.361,23.305
14.129,108.241,5,925,3.64,32.7,24.7,5.8,34.5,32.7,33.5,23.37,4.74,85.96,16.21,12,-3.49,-5.08,-5.82,-5.01,1.27,2.46,6.48,1.14,8.68,5.17,-1.63,-4.16,Coffee,Clay Loam,0.403,0.258,25.19,9,0.344,2.601.564,17.358
14.129,108.39,6,902,3.64,30.5,34.1,5.5,33,36.5,41.7,23.37,4.74,85.96,16.21,12,-3.49,-5.08,-5.82,-5.01,1.27,2.46,6.48,1.14,8.68,5.17,-1.63,-4.16,Coffee,Clay Loam,0.403,0.272,25.19,9,0.344,3.251.955,17.507
14.132,107.842,6,597,3.64,26.1,17.5,5.6,40.8,33,24.2,23.37,4.74,85.96,17.25,12,-3.49,-5.08,-5.82,-5.01,1.27,2.46,6.48,1.14,8.68,5.17,-1.63,-4.16,Coffee,Loam,0.403,0.23,25.19,9,0.344,3.035.158,19.49
14.133,108.322,5,756,3.64,31,17.4,5.9,34.2,34.8,28.2,23.37,4.74,85.96,16.21,12,-3.49,-5.08,-5.82,-5.01,1.27,2.46,6.48,1.14,8.68,5.17,-1.63,-4.16,Coffee,Clay Loam,0.403,0.251,25.19,9,0.344,2.384.767,18.456
14.134,107.706,6,508,3.64,25.7,42.8,5.6,38.8,35.5,38.7,25.32,5.63,82.4,17.25,12,-4.7,-5.63,-5.75,-4.35,2.73,4.7,10.96,3.35,7.89,0.86,-4.51,-5.56,Coffee,Loam,0.568,0.255,30.5,7,0.359,3.035.158,22.018
14.135,107.767,5,1023,3.64,27.5,34.1,5.5,37.2,35.3,53.7,25.32,5.63,82.4,17.25,12,-4.7,-5.63,-5.75,-4.35,2.73,4.7,10.96,3.35,7.89,0.86,-4.51,-5.56,Coffee,Clay Loam,0.568,0.28,30.5,7,0.359,3.251.955,18.67
14.136,107.846,6,607,3.64,26.6,18.3,5.6,39.9,33.5,24.7,23.37,4.74,85.96,17.25,12,-3.49,-5.08,-5.82,-5.01,1.27,2.46,6.48,1.14,8.68,5.17,-1.63,-4.16,Coffee,Loam,0.403,0.233,25.19,9,0.344,3.035.158,19.425
14.136,108.02,5,1017,3.64,31,25.5,5.5,36.9,32,34,23.37,4.74,85.96,16.21,12,-3.49,-5.08,-5.82,-5.01,1.27,2.46,6.48,1.14,8.68,5.17,-1.63,-4.16,Coffee,Clay Loam,0.403,0.253,25.19,9,0.344,3.251.955,16.76
14.136,108.034,6,1402,3.64,31.7,37.5,5.4,35.5,32.8,51.5,23.37,4.74,85.96,16.21,12,-3.49,-5.08,-5.82,-5.01,1.27,2.46,6.48,1.14,8.68,5.17,-1.63,-4.16,Coffee,Clay Loam,0.403,0.28,25.19,9,0.344,3.468.752,14.257
14.137,107.565,5,456,3.64,27.2,36.5,5.6,36.5,36.2,40.7,25.32,5.63,82.4,17.25,12,-4.7,-5.63,-5.75,-4.35,2.73,4.7,10.96,3.35,7.89,0.86,-4.51,-5.56,Coffee,Clay Loam,0.568,0.263,30.5,7,0.359,3.035.158,22.356
14.139,107.904,6,622,3.64,28.6,20,5.7,37.1,34.3,24.1,23.37,4.74,85.96,17.25,12,-3.49,-5.08,-5.82,-5.01,1.27,2.46,6.48,1.14,8.68,5.17,-1.63,-4.16,Coffee,Clay Loam,0.403,0.238,25.19,9,0.344,2.818.361,19.327
14.143,107.796,6,886,3.64,27.1,31.6,5.4,38.6,34.3,50.2,25.32,5.63,82.4,17.25,12,-4.7,-5.63,-5.75,-4.35,2.73,4.7,10.96,3.35,7.89,0.86,-4.51,-5.56,Coffee,Clay Loam,0.568,0.272,30.5,7,0.359,3.468.752,19.561
14.145,107.692,5,664,3.64,26.6,32.5,5.6,39.4,34.1,41.9,25.32,5.63,82.4,17.25,12,-4.7,-5.63,-5.75,-4.35,2.73,4.7,10.96,3.35,7.89,0.86,-4.51,-5.56,Coffee,Loam,0.568,0.258,30.5,7,0.359,3.035.158,21.004
14.147,107.891,6,647,3.64,28.9,18.3,5.8,36.7,34.4,21.3,23.37,4.74,85.96,17.25,12,-3.49,-5.08,-5.82,-5.01,1.27,2.46,6.48,1.14,8.68,5.17,-1.63,-4.16,Coffee,Clay Loam,0.403,0.235,25.19,9,0.344,2.601.564,19.164
14.148,107.627,6,614,3.64,26.4,39.7,5.4,38.2,35.5,51.2,25.32,5.63,82.4,17.25,12,-4.7,-5.63,-5.75,-4.35,2.73,4.7,10.96,3.35,7.89,0.86,-4.51,-5.56,Coffee,Loam,0.568,0.274,30.5,7,0.359,3.468.752,21.329
14.15,107.735,6,1276,3.64,25.6,41.5,5.4,36.6,37.9,63.4,25.32,5.63,82.4,17.25,12,-4.7,-5.63,-5.75,-4.35,2.73,4.7,10.96,3.35,7.89,0.86,-4.51,-5.56,Coffee,Loam,0.568,0.295,30.5,7,0.359,3.468.752,17.026
14.151,108.449,6,903,3.64,34.8,38.9,5.4,33.7,31.5,53.9,24.18,4.49,86.94,16.21,12,-2.61,-4.36,-5.8,-5.3,-0.41,-0.02,4.01,-1.26,7.79,7.85,2.68,-2.56,Coffee,Clay Loam,0.394,0.288,22.32,10,0.352,3.468.752,18.31
14.152,107.85,5,591,3.64,28.5,16.7,5.7,37.2,34.3,21.6,23.37,4.74,85.96,17.25,12,-3.49,-5.08,-5.82,-5.01,1.27,2.46,6.48,1.14,8.68,5.17,-1.63,-4.16,Coffee,Clay Loam,0.403,0.235,25.19,9,0.344,2.818.361,19.528
14.152,107.96,5,704,3.64,28.9,19.5,5.6,36.4,34.7,24.9,23.37,4.74,85.96,17.25,12,-3.49,-5.08,-5.82,-5.01,1.27,2.46,6.48,1.14,8.68,5.17,-1.63,-4.16,Coffee,Clay Loam,0.403,0.241,25.19,9,0.344,3.035.158,18.794
14.153,108.308,6,798,3.64,31.4,22.5,5.8,33.5,35.1,27.1,23.37,4.74,85.96,16.21,12,-3.49,-5.08,-5.82,-5.01,1.27,2.46,6.48,1.14,8.68,5.17,-1.63,-4.16,Coffee,Clay Loam,0.403,0.251,25.19,9,0.344,2.601.564,18.183
14.155,108.261,6,1153,3.64,31.5,29.8,5.4,36.6,31.9,40.5,23.37,4.74,85.96,16.21,12,-3.49,-5.08,-5.82,-5.01,1.27,2.46,6.48,1.14,8.68,5.17,-1.63,-4.16,Coffee,Clay Loam,0.403,0.263,25.19,9,0.344,3.468.752,15.876
14.156,108.024,5,923,3.64,30.7,28.8,5.5,35.8,33.4,36,23.37,4.74,85.96,16.21,12,-3.49,-5.08,-5.82,-5.01,1.27,2.46,6.48,1.14,8.68,5.17,-1.63,-4.16,Coffee,Clay Loam,0.403,0.258,25.19,9,0.344,3.251.955,17.37
14.159,107.712,5,1050,3.64,27.6,45.8,5.5,39.8,32.7,57.6,25.32,5.63,82.4,17.25,12,-4.7,-5.63,-5.75,-4.35,2.73,4.7,10.96,3.35,7.89,0.86,-4.51,-5.56,Coffee,Clay Loam,0.568,0.279,30.5,7,0.359,3.251.955,18.495
14.165,107.959,5,688,3.64,28.5,19,5.6,38.3,33.2,23.5,23.37,4.74,85.96,17.25,12,-3.49,-5.08,-5.82,-5.01,1.27,2.46,6.48,1.14,8.68,5.17,-1.63,-4.16,Coffee,Clay Loam,0.403,0.235,25.19,9,0.344,3.035.158,18.898
14.166,107.617,6,749,3.64,25.7,47.8,5.4,40.2,34.2,51.1,25.32,5.63,82.4,17.25,12,-4.7,-5.63,-5.75,-4.35,2.73,4.7,10.96,3.35,7.89,0.86,-4.51,-5.56,Coffee,Loam,0.568,0.269,30.5,7,0.359,3.468.752,20.452
14.17,107.999,5,886,3.64,31.9,26.6,5.6,37,31.2,32.3,23.37,4.74,85.96,17.25,12,-3.49,-5.08,-5.82,-5.01,1.27,2.46,6.48,1.14,8.68,5.17,-1.63,-4.16,Coffee,Clay Loam,0.403,0.25,25.19,9,0.344,3.035.158,17.611
14.171,107.909,6,618,3.64,27.7,18.3,5.8,35.5,36.8,21.8,23.37,4.74,85.96,17.25,12,-3.49,-5.08,-5.82,-5.01,1.27,2.46,6.48,1.14,8.68,5.17,-1.63,-4.16,Coffee,Clay Loam,0.403,0.239,25.19,9,0.344,2.601.564,19.353
14.174,107.755,6,997,3.64,26.2,40.8,5.5,37.7,36.2,41.1,25.32,5.63,82.4,17.25,12,-4.7,-5.63,-5.75,-4.35,2.73,4.7,10.96,3.35,7.89,0.86,-4.51,-5.56,Coffee,Loam,0.568,0.261,30.5,7,0.359,3.251.955,18.84
14.175,108.113,5,615,3.64,30.1,21.3,5.7,35.7,34.2,27.4,23.37,4.74,85.96,16.21,12,-3.49,-5.08,-5.82,-5.01,1.27,2.46,6.48,1.14,8.68,5.17,-1.63,-4.16,Coffee,Clay Loam,0.403,0.246,25.19,9,0.344,2.818.361,19.373
14.178,107.935,6,846,3.64,28.1,32.6,5.7,36.1,35.7,38.9,23.37,4.74,85.96,17.25,12,-3.49,-5.08,-5.82,-5.01,1.27,2.46,6.48,1.14,8.68,5.17,-1.63,-4.16,Coffee,Clay Loam,0.403,0.261,25.19,9,0.344,2.818.361,17.871
14.179,107.616,6,655,3.64,29.1,38.2,5.5,37.6,33.3,44.9,25.32,5.63,82.4,17.25,12,-4.7,-5.63,-5.75,-4.35,2.73,4.7,10.96,3.35,7.89,0.86,-4.51,-5.56,Coffee,Clay Loam,0.568,0.266,30.5,7,0.359,3.251.955,21.062
14.18,107.949,5,660,3.64,30.1,18.9,5.6,36.7,33.2,24,23.37,4.74,85.96,17.25,12,-3.49,-5.08,-5.82,-5.01,1.27,2.46,6.48,1.14,8.68,5.17,-1.63,-4.16,Coffee,Clay Loam,0.403,0.239,25.19,9,0.344,3.035.158,19.08
14.183,107.741,5,813,3.64,26.3,31.8,5.5,37.9,35.8,39.7,25.32,5.63,82.4,17.25,12,-4.7,-5.63,-5.75,-4.35,2.73,4.7,10.96,3.35,7.89,0.86,-4.51,-5.56,Coffee,Loam,0.568,0.258,30.5,7,0.359,3.251.955,20.036
14.186,108.144,5,666,3.64,29.7,24.2,5.7,36.5,33.7,32.5,23.37,4.74,85.96,16.21,12,-3.49,-5.08,-5.82,-5.01,1.27,2.46,6.48,1.14,8.68,5.17,-1.63,-4.16,Coffee,Clay Loam,0.403,0.252,25.19,9,0.344,2.818.361,19.041
14.188,108.017,5,669,3.64,31.3,19.6,5.7,36.5,32.2,29.7,23.37,4.74,85.96,16.21,12,-3.49,-5.08,-5.82,-5.01,1.27,2.46,6.48,1.14,8.68,5.17,-1.63,-4.16,Coffee,Clay Loam,0.403,0.248,25.19,9,0.344,2.818.361,19.022
14.19,107.92,6,628,3.64,31.1,18.8,5.7,35.4,33.5,25,23.37,4.74,85.96,17.25,12,-3.49,-5.08,-5.82,-5.01,1.27,2.46,6.48,1.14,8.68,5.17,-1.63,-4.16,Coffee,Clay Loam,0.403,0.244,25.19,9,0.344,2.818.361,19.288
14.19,108.133,5,623,3.64,29.7,21,5.7,35.1,35.2,31.1,23.37,4.74,85.96,16.21,12,-3.49,-5.08,-5.82,-5.01,1.27,2.46,6.48,1.14,8.68,5.17,-1.63,-4.16,Coffee,Clay Loam,0.403,0.253,25.19,9,0.344,2.818.361,19.321
14.191,107.548,6,674,3.64,27.1,35.2,5.5,39.1,33.8,38.3,25.32,5.63,82.4,17.25,12,-4.7,-5.63,-5.75,-4.35,2.73,4.7,10.96,3.35,7.89,0.86,-4.51,-5.56,Coffee,Clay Loam,0.568,0.254,30.5,7,0.359,3.251.955,20.939
14.192,107.94,5,629,3.64,30.9,20,5.7,35.4,33.8,27.3,23.37,4.74,85.96,17.25,12,-3.49,-5.08,-5.82,-5.01,1.27,2.46,6.48,1.14,8.68,5.17,-1.63,-4.16,Coffee,Clay Loam,0.403,0.247,25.19,9,0.344,2.818.361,19.282
14.193,108.104,5,589,3.64,29.4,25.8,5.7,34.7,35.9,29.4,23.37,4.74,85.96,16.21,12,-3.49,-5.08,-5.82,-5.01,1.27,2.46,6.48,1.14,8.68,5.17,-1.63,-4.16,Coffee,Clay Loam,0.403,0.251,25.19,9,0.344,2.818.361,19.542
14.194,108.167,6,708,3.64,31.3,22.5,5.8,34.1,34.5,29,23.37,4.74,85.96,16.21,12,-3.49,-5.08,-5.82,-5.01,1.27,2.46,6.48,1.14,8.68,5.17,-1.63,-4.16,Coffee,Clay Loam,0.403,0.252,25.19,9,0.344,2.601.564,18.768
14.195,108.237,5,995,3.64,28.4,28.7,5.4,34.9,36.7,38,23.37,4.74,85.96,16.21,12,-3.49,-5.08,-5.82,-5.01,1.27,2.46,6.48,1.14,8.68,5.17,-1.63,-4.16,Coffee,Clay Loam,0.403,0.263,25.19,9,0.344,3.468.752,16.903
14.198,107.641,6,412,3.64,29.4,32,5.6,35.7,34.9,37,25.32,5.63,82.4,17.25,12,-4.7,-5.63,-5.75,-4.35,2.73,4.7,10.96,3.35,7.89,0.86,-4.51,-5.56,Coffee,Clay Loam,0.568,0.26,30.5,7,0.359,3.035.158,22.642
14.2,108.062,6,770,3.64,31.2,28.4,5.5,36.4,32.5,41.7,23.37,4.74,85.96,16.21,12,-3.49,-5.08,-5.82,-5.01,1.27,2.46,6.48,1.14,8.68,5.17,-1.63,-4.16,Coffee,Clay Loam,0.403,0.265,25.19,9,0.344,3.251.955,18.365
14.201,108.161,5,707,3.64,31.2,25.6,5.7,35.2,33.6,36.2,23.37,4.74,85.96,16.21,12,-3.49,-5.08,-5.82,-5.01,1.27,2.46,6.48,1.14,8.68,5.17,-1.63,-4.16,Coffee,Clay Loam,0.403,0.26,25.19,9,0.344,2.818.361,18.775
14.207,107.501,6,518,3.64,28.1,32.4,5.6,36.8,35.1,33.3,25.32,5.63,82.4,17.25,12,-4.7,-5.63,-5.75,-4.35,2.73,4.7,10.96,3.35,7.89,0.86,-4.51,-5.56,Coffee,Clay Loam,0.568,0.252,30.5,7,0.359,3.035.158,21.953
14.207,108.498,5,664,3.64,34,37.5,5.6,35.7,30.4,47.8,24.18,4.49,86.94,16.21,12,-2.61,-4.36,-5.8,-5.3,-0.41,-0.02,4.01,-1.26,7.79,7.85,2.68,-2.56,Coffee,Clay Loam,0.394,0.275,22.32,10,0.352,3.035.158,19.864
14.213,107.761,5,441,3.64,27.8,28.1,5.5,39.6,32.6,39.9,25.32,5.63,82.4,17.25,12,-4.7,-5.63,-5.75,-4.35,2.73,4.7,10.96,3.35,7.89,0.86,-4.51,-5.56,Coffee,Clay Loam,0.568,0.255,30.5,7,0.359,3.251.955,22.454
14.214,108.488,6,648,3.64,36.3,35.5,5.6,33.8,30,43,24.18,4.49,86.94,16.21,12,-2.61,-4.36,-5.8,-5.3,-0.41,-0.02,4.01,-1.26,7.79,7.85,2.68,-2.56,Coffee,Clay Loam,0.394,0.272,22.32,10,0.352,3.035.158,19.968
14.218,107.828,6,549,3.64,28.9,24.6,5.8,37.9,33.2,30,23.37,4.74,85.96,17.25,12,-3.49,-5.08,-5.82,-5.01,1.27,2.46,6.48,1.14,8.68,5.17,-1.63,-4.16,Coffee,Clay Loam,0.403,0.245,25.19,9,0.344,2.601.564,19.802
14.219,108.356,6,1252,3.64,34.6,35.9,5.4,33,32.4,48.4,23.37,4.74,85.96,16.21,12,-3.49,-5.08,-5.82,-5.01,1.27,2.46,6.48,1.14,8.68,5.17,-1.63,-4.16,Coffee,Clay Loam,0.403,0.282,25.19,9,0.344,3.468.752,15.232
14.22,108.112,5,591,3.64,28.1,20.9,5.7,34.2,37.7,24.6,23.37,4.74,85.96,16.21,12,-3.49,-5.08,-5.82,-5.01,1.27,2.46,6.48,1.14,8.68,5.17,-1.63,-4.16,Coffee,Clay Loam,0.403,0.246,25.19,9,0.344,2.818.361,19.528
14.22,108.479,5,657,3.64,33.8,34.8,5.6,37.3,28.9,42,24.18,4.49,86.94,16.21,12,-2.61,-4.36,-5.8,-5.3,-0.41,-0.02,4.01,-1.26,7.79,7.85,2.68,-2.56,Coffee,Clay Loam,0.394,0.263,22.32,10,0.352,3.035.158,19.91
14.224,107.983,6,665,3.64,31.5,20.3,5.8,33.1,35.4,28.9,23.37,4.74,85.96,17.25,12,-3.49,-5.08,-5.82,-5.01,1.27,2.46,6.48,1.14,8.68,5.17,-1.63,-4.16,Coffee,Clay Loam,0.403,0.254,25.19,9,0.344,2.601.564,19.048
14.224,108.105,6,596,3.64,31.1,21.4,5.7,34.4,34.6,27.8,23.37,4.74,85.96,16.21,12,-3.49,-5.08,-5.82,-5.01,1.27,2.46,6.48,1.14,8.68,5.17,-1.63,-4.16,Coffee,Clay Loam,0.403,0.25,25.19,9,0.344,2.818.361,19.496
14.225,108.003,5,660,3.64,32.1,22.4,5.7,33.6,34.2,27.5,23.37,4.74,85.96,16.21,12,-3.49,-5.08,-5.82,-5.01,1.27,2.46,6.48,1.14,8.68,5.17,-1.63,-4.16,Coffee,Clay Loam,0.403,0.251,25.19,9,0.344,2.818.361,19.08
14.226,108.041,5,615,3.64,28,19.4,5.8,36.5,35.5,25.6,23.37,4.74,85.96,16.21,12,-3.49,-5.08,-5.82,-5.01,1.27,2.46,6.48,1.14,8.68,5.17,-1.63,-4.16,Coffee,Clay Loam,0.403,0.242,25.19,9,0.344,2.601.564,19.373
14.226,108.485,5,662,3.64,34.2,36.1,5.6,37.7,28.1,45.1,24.18,4.49,86.94,16.21,12,-2.61,-4.36,-5.8,-5.3,-0.41,-0.02,4.01,-1.26,7.79,7.85,2.68,-2.56,Coffee,Clay Loam,0.394,0.266,22.32,10,0.352,3.035.158,19.877
14.227,108.235,6,914,3.64,28.5,31,5.4,32.6,38.9,43.5,23.37,4.74,85.96,16.21,12,-3.49,-5.08,-5.82,-5.01,1.27,2.46,6.48,1.14,8.68,5.17,-1.63,-4.16,Coffee,Clay Loam,0.403,0.276,25.19,9,0.344,3.468.752,17.429
14.227,108.238,6,1008,3.64,29.6,31,5.4,32.8,37.6,41.7,23.37,4.74,85.96,16.21,12,-3.49,-5.08,-5.82,-5.01,1.27,2.46,6.48,1.14,8.68,5.17,-1.63,-4.16,Coffee,Clay Loam,0.403,0.273,25.19,9,0.344,3.468.752,16.818
14.227,108.272,5,987,3.64,30.5,32.1,5.4,33.6,35.9,41.5,23.37,4.74,85.96,16.21,12,-3.49,-5.08,-5.82,-5.01,1.27,2.46,6.48,1.14,8.68,5.17,-1.63,-4.16,Coffee,Clay Loam,0.403,0.271,25.19,9,0.344,3.468.752,16.955
14.228,108.229,5,1033,3.64,29.4,30.2,5.4,33.8,36.8,47.9,23.37,4.74,85.96,16.21,12,-3.49,-5.08,-5.82,-5.01,1.27,2.46,6.48,1.14,8.68,5.17,-1.63,-4.16,Coffee,Clay Loam,0.403,0.279,25.19,9,0.344,3.468.752,16.656
14.233,107.583,5,609,3.64,25.7,45.1,5.5,37,37.3,52.4,25.32,5.63,82.4,17.25,12,-4.7,-5.63,-5.75,-4.35,2.73,4.7,10.96,3.35,7.89,0.86,-4.51,-5.56,Coffee,Loam,0.568,0.278,30.5,7,0.359,3.251.955,21.362
14.233,108.187,5,772,3.64,29.5,29.6,5.5,37,33.6,36.1,23.37,4.74,85.96,16.21,12,-3.49,-5.08,-5.82,-5.01,1.27,2.46,6.48,1.14,8.68,5.17,-1.63,-4.16,Coffee,Clay Loam,0.403,0.255,25.19,9,0.344,3.251.955,18.352
14.235,107.747,5,633,3.64,26,33.3,5.5,40.3,33.8,44.9,25.32,5.63,82.4,17.25,12,-4.7,-5.63,-5.75,-4.35,2.73,4.7,10.96,3.35,7.89,0.86,-4.51,-5.56,Coffee,Loam,0.568,0.26,30.5,7,0.359,3.251.955,21.206
14.237,107.589,6,631,3.64,25.6,45,5.5,37.7,36.7,51.3,25.32,5.63,82.4,17.25,12,-4.7,-5.63,-5.75,-4.35,2.73,4.7,10.96,3.35,7.89,0.86,-4.51,-5.56,Coffee,Loam,0.568,0.275,30.5,7,0.359,3.251.955,21.218
14.238,108.176,5,636,3.64,29,25.9,5.7,34.5,36.5,34,23.37,4.74,85.96,16.21,12,-3.49,-5.08,-5.82,-5.01,1.27,2.46,6.48,1.14,8.68,5.17,-1.63,-4.16,Coffee,Clay Loam,0.403,0.258,25.19,9,0.344,2.818.361,19.236
14.238,108.258,6,983,3.64,30.3,30.1,5.4,32.9,36.8,40.5,23.37,4.74,85.96,16.21,12,-3.49,-5.08,-5.82,-5.01,1.27,2.46,6.48,1.14,8.68,5.17,-1.63,-4.16,Coffee,Clay Loam,0.403,0.271,25.19,9,0.344,3.468.752,16.98
14.24,108.212,6,946,3.64,30,31.8,5.5,33.6,36.4,43,23.37,4.74,85.96,16.21,12,-3.49,-5.08,-5.82,-5.01,1.27,2.46,6.48,1.14,8.68,5.17,-1.63,-4.16,Coffee,Clay Loam,0.403,0.273,25.19,9,0.344,3.251.955,17.221
14.241,107.606,6,687,3.64,27.6,46.3,5.5,38.7,33.7,46.3,25.32,5.63,82.4,17.25,12,-4.7,-5.63,-5.75,-4.35,2.73,4.7,10.96,3.35,7.89,0.86,-4.51,-5.56,Coffee,Clay Loam,0.568,0.266,30.5,7,0.359,3.251.955,20.854
14.242,107.51,6,721,3.64,27.4,39.2,5.5,38.9,33.7,41.1,25.32,5.63,82.4,17.25,12,-4.7,-5.63,-5.75,-4.35,2.73,4.7,10.96,3.35,7.89,0.86,-4.51,-5.56,Coffee,Clay Loam,0.568,0.258,30.5,7,0.359,3.251.955,20.634
14.242,107.676,6,578,3.64,27.7,40.5,5.5,37.6,34.7,52.2,25.32,5.63,82.4,17.25,12,-4.7,-5.63,-5.75,-4.35,2.73,4.7,10.96,3.35,7.89,0.86,-4.51,-5.56,Coffee,Clay Loam,0.568,0.277,30.5,7,0.359,3.251.955,21.563
14.242,108.255,5,936,3.64,30.2,30.9,5.4,33.6,36.2,40.8,23.37,4.74,85.96,16.21,12,-3.49,-5.08,-5.82,-5.01,1.27,2.46,6.48,1.14,8.68,5.17,-1.63,-4.16,Coffee,Clay Loam,0.403,0.27,25.19,9,0.344,3.468.752,17.286
14.243,108.044,5,614,3.64,28.6,17.3,5.8,37.1,34.3,25.5,23.37,4.74,85.96,16.21,12,-3.49,-5.08,-5.82,-5.01,1.27,2.46,6.48,1.14,8.68,5.17,-1.63,-4.16,Coffee,Clay Loam,0.403,0.24,25.19,9,0.344,2.601.564,19.379
14.245,108.402,5,960,3.64,34.6,40,5.4,34.7,30.7,56.7,23.37,4.74,85.96,16.21,12,-3.49,-5.08,-5.82,-5.01,1.27,2.46,6.48,1.14,8.68,5.17,-1.63,-4.16,Coffee,Clay Loam,0.403,0.29,25.19,9,0.344,3.468.752,17.13
14.247,107.946,5,788,3.64,31.1,27.6,5.7,36.8,32.1,37.4,23.37,4.74,85.96,17.25,12,-3.49,-5.08,-5.82,-5.01,1.27,2.46,6.48,1.14,8.68,5.17,-1.63,-4.16,Coffee,Clay Loam,0.403,0.258,25.19,9,0.344,2.818.361,18.248
14.252,108.233,5,946,3.64,29.8,30.1,5.5,34.5,35.7,38.3,21.85,4.86,88.25,16.21,12,-2.89,-4.84,-6.32,-5.44,-0.87,0.44,3.51,0.03,8.25,9.58,1.25,-2.71,Coffee,Clay Loam,0.308,0.264,23.07,10,0.415,3.251.955,15.701
14.254,107.753,5,576,3.64,28.7,23.1,5.5,38.8,32.5,27.3,23.46,3.98,85.67,17.25,12,-3.38,-4.28,-4.61,-3.17,1.38,2.6,6.7,1.94,6.46,2.84,-2.5,-3.93,Coffee,Clay Loam,0.414,0.239,21.87,7,0.306,3.251.955,19.716
14.254,108.45,5,625,3.64,32.8,36.4,5.6,34.5,32.7,46.3,24.17,5.49,87.16,16.21,12,-2.38,-4.67,-7.06,-6.45,-2.54,-0.81,2.81,-2.36,8.45,10.99,5.33,-1.29,Coffee,Clay Loam,0.387,0.275,27.56,10,0.398,3.035.158,20.108
14.255,107.915,6,570,3.64,29.1,19.2,5.8,36.3,34.6,26.1,21.85,4.86,88.25,17.25,12,-2.89,-4.84,-6.32,-5.44,-0.87,0.44,3.51,0.03,8.25,9.58,1.25,-2.71,Coffee,Clay Loam,0.308,0.243,23.07,10,0.415,2.601.564,18.145
14.264,108.126,5,662,3.64,31.1,25.5,5.7,33.4,35.5,34.3,21.85,4.86,88.25,16.21,12,-2.89,-4.84,-6.32,-5.44,-0.87,0.44,3.51,0.03,8.25,9.58,1.25,-2.71,Coffee,Clay Loam,0.308,0.261,23.07,10,0.415,2.818.361,17.547
14.268,108.225,5,847,3.64,28.1,25.2,5.6,36,35.9,34.6,21.85,4.86,88.25,16.21,12,-2.89,-4.84,-6.32,-5.44,-0.87,0.44,3.51,0.03,8.25,9.58,1.25,-2.71,Coffee,Clay Loam,0.308,0.256,23.07,10,0.415,3.035.158,16.345
14.268,108.407,5,1139,3.64,30.9,41,5.4,35.5,33.6,54.7,21.85,4.86,88.25,16.21,12,-2.89,-4.84,-6.32,-5.44,-0.87,0.44,3.51,0.03,8.25,9.58,1.25,-2.71,Coffee,Clay Loam,0.308,0.285,23.07,10,0.415,3.468.752,14.447
14.269,107.67,6,406,3.64,26.8,34.3,5.6,36.2,37,33.3,23.46,3.98,85.67,17.25,12,-3.38,-4.28,-4.61,-3.17,1.38,2.6,6.7,1.94,6.46,2.84,-2.5,-3.93,Coffee,Loam,0.414,0.253,21.87,7,0.306,3.035.158,20.821
14.27,108.384,6,1495,3.64,31.8,36.3,5.4,33.7,34.5,55.9,21.85,4.86,88.25,16.21,12,-2.89,-4.84,-6.32,-5.44,-0.87,0.44,3.51,0.03,8.25,9.58,1.25,-2.71,Coffee,Clay Loam,0.308,0.291,23.07,10,0.415,3.468.752,12.133
14.273,108.222,5,869,3.64,27.9,30.3,5.5,35.2,36.9,35.9,21.85,4.86,88.25,16.21,12,-2.89,-4.84,-6.32,-5.44,-0.87,0.44,3.51,0.03,8.25,9.58,1.25,-2.71,Coffee,Clay Loam,0.308,0.259,23.07,10,0.415,3.251.955,16.202
14.274,108.257,6,874,3.64,32,30.3,5.4,32.5,35.5,39.2,21.85,4.86,88.25,16.21,12,-2.89,-4.84,-6.32,-5.44,-0.87,0.44,3.51,0.03,8.25,9.58,1.25,-2.71,Coffee,Clay Loam,0.308,0.27,23.07,10,0.415,3.468.752,16.169
14.276,108.432,5,715,3.64,35.5,36.3,5.5,33.3,31.2,54.9,21.85,4.86,88.25,16.21,12,-2.89,-4.84,-6.32,-5.44,-0.87,0.44,3.51,0.03,8.25,9.58,1.25,-2.71,Coffee,Clay Loam,0.308,0.29,23.07,10,0.415,3.251.955,17.202
14.282,107.566,5,432,3.64,28.1,36.9,5.6,39,32.9,38.7,23.46,3.98,85.67,17.25,12,-3.38,-4.28,-4.61,-3.17,1.38,2.6,6.7,1.94,6.46,2.84,-2.5,-3.93,Coffee,Clay Loam,0.414,0.254,21.87,7,0.306,3.035.158,20.652
14.285,108.294,5,865,3.64,29.9,31.3,5.5,33.9,36.3,41.6,21.85,4.86,88.25,16.21,12,-2.89,-4.84,-6.32,-5.44,-0.87,0.44,3.51,0.03,8.25,9.58,1.25,-2.71,Coffee,Clay Loam,0.308,0.27,23.07,10,0.415,3.251.955,16.228
14.29,108.324,5,1106,3.64,32.1,34.5,5.4,32.7,35.1,43.7,21.85,4.86,88.25,16.21,12,-2.89,-4.84,-6.32,-5.44,-0.87,0.44,3.51,0.03,8.25,9.58,1.25,-2.71,Coffee,Clay Loam,0.308,0.276,23.07,10,0.415,3.468.752,14.661
14.291,107.608,6,615,3.64,28.7,36.2,5.5,39.6,31.7,45.2,23.46,3.98,85.67,17.25,12,-3.38,-4.28,-4.61,-3.17,1.38,2.6,6.7,1.94,6.46,2.84,-2.5,-3.93,Coffee,Clay Loam,0.414,0.262,21.87,7,0.306,3.251.955,19.463
14.293,107.761,5,731,3.64,27.5,31.7,5.6,37.7,34.8,36.9,23.46,3.98,85.67,17.25,12,-3.38,-4.28,-4.61,-3.17,1.38,2.6,6.7,1.94,6.46,2.84,-2.5,-3.93,Coffee,Clay Loam,0.414,0.255,21.87,7,0.306,3.035.158,18.708
14.295,107.597,6,702,3.64,27.7,44.7,5.4,39,33.3,57.1,23.46,3.98,85.67,17.25,12,-3.38,-4.28,-4.61,-3.17,1.38,2.6,6.7,1.94,6.46,2.84,-2.5,-3.93,Coffee,Clay Loam,0.414,0.28,21.87,7,0.306,3.468.752,18.897
14.295,107.669,6,385,3.64,27.1,40.5,5.6,37.1,35.8,37.8,23.46,3.98,85.67,17.25,12,-3.38,-4.28,-4.61,-3.17,1.38,2.6,6.7,1.94,6.46,2.84,-2.5,-3.93,Coffee,Clay Loam,0.414,0.258,21.87,7,0.306,3.035.158,20.958
14.296,108.016,6,586,3.64,29.9,22.3,5.8,36.3,33.8,26.6,21.85,4.86,88.25,16.21,12,-2.89,-4.84,-6.32,-5.44,-0.87,0.44,3.51,0.03,8.25,9.58,1.25,-2.71,Coffee,Clay Loam,0.308,0.244,23.07,10,0.415,2.601.564,18.041
14.297,108.061,6,649,3.64,30.5,21.5,5.9,38,31.5,33.4,21.85,4.86,88.25,16.21,12,-2.89,-4.84,-6.32,-5.44,-0.87,0.44,3.51,0.03,8.25,9.58,1.25,-2.71,Coffee,Clay Loam,0.308,0.249,23.07,10,0.415,2.384.767,17.632
14.298,107.743,6,560,3.64,28.2,28.7,5.5,38.6,33.2,37.6,23.46,3.98,85.67,17.25,12,-3.38,-4.28,-4.61,-3.17,1.38,2.6,6.7,1.94,6.46,2.84,-2.5,-3.93,Coffee,Clay Loam,0.414,0.254,21.87,7,0.306,3.251.955,19.82
14.299,108.178,6,722,3.64,30.7,30.2,5.4,33.6,35.6,43.9,21.85,4.86,88.25,16.21,12,-2.89,-4.84,-6.32,-5.44,-0.87,0.44,3.51,0.03,8.25,9.58,1.25,-2.71,Coffee,Clay Loam,0.308,0.274,23.07,10,0.415,3.468.752,17.157
14.303,107.604,5,738,3.64,30.2,30.4,5.5,39.8,30,38.5,23.46,3.98,85.67,17.25,12,-3.38,-4.28,-4.61,-3.17,1.38,2.6,6.7,1.94,6.46,2.84,-2.5,-3.93,Coffee,Clay Loam,0.414,0.252,21.87,7,0.306,3.251.955,18.663
14.303,107.995,6,576,3.64,33,17.9,5.8,35.3,31.6,27.5,21.85,4.86,88.25,17.25,12,-2.89,-4.84,-6.32,-5.44,-0.87,0.44,3.51,0.03,8.25,9.58,1.25,-2.71,Coffee,Clay Loam,0.308,0.247,23.07,10,0.415,2.601.564,18.106
14.304,107.888,6,564,3.64,32.6,20.1,5.8,37.8,29.6,23.6,21.85,4.86,88.25,17.25,12,-2.89,-4.84,-6.32,-5.44,-0.87,0.44,3.51,0.03,8.25,9.58,1.25,-2.71,Coffee,Clay Loam,0.308,0.236,23.07,10,0.415,2.601.564,18.184
14.304,107.906,6,607,3.64,28.5,25.7,5.7,38.6,32.9,26.7,21.85,4.86,88.25,17.25,12,-2.89,-4.84,-6.32,-5.44,-0.87,0.44,3.51,0.03,8.25,9.58,1.25,-2.71,Coffee,Clay Loam,0.308,0.239,23.07,10,0.415,2.818.361,17.905
14.304,108.225,6,748,3.64,31.6,27.9,5.6,34.8,33.6,41.4,21.85,4.86,88.25,16.21,12,-2.89,-4.84,-6.32,-5.44,-0.87,0.44,3.51,0.03,8.25,9.58,1.25,-2.71,Coffee,Clay Loam,0.308,0.268,23.07,10,0.415,3.035.158,16.988
14.306,108.023,5,556,3.64,30.7,21.9,5.8,34.5,34.8,29.3,21.85,4.86,88.25,16.21,12,-2.89,-4.84,-6.32,-5.44,-0.87,0.44,3.51,0.03,8.25,9.58,1.25,-2.71,Coffee,Clay Loam,0.308,0.252,23.07,10,0.415,2.601.564,18.236
14.307,107.762,6,707,3.64,29.5,26.2,5.7,37.6,32.9,32.2,23.46,3.98,85.67,17.25,12,-3.38,-4.28,-4.61,-3.17,1.38,2.6,6.7,1.94,6.46,2.84,-2.5,-3.93,Coffee,Clay Loam,0.414,0.249,21.87,7,0.306,2.818.361,18.864
14.307,108.375,6,1314,3.64,34.7,39.4,5.4,34.9,30.3,50.8,21.85,4.86,88.25,16.21,12,-2.89,-4.84,-6.32,-5.44,-0.87,0.44,3.51,0.03,8.25,9.58,1.25,-2.71,Coffee,Clay Loam,0.308,0.281,23.07,10,0.415,3.468.752,13.309
14.317,108.137,5,837,3.64,30.4,35.3,5.4,35.5,34.1,45,21.85,4.86,88.25,16.21,12,-2.89,-4.84,-6.32,-5.44,-0.87,0.44,3.51,0.03,8.25,9.58,1.25,-2.71,Coffee,Clay Loam,0.308,0.271,23.07,10,0.415,3.468.752,16.41
14.319,107.939,5,585,3.64,30.3,19.6,5.8,36.6,33.2,26.4,21.85,4.86,88.25,17.25,12,-2.89,-4.84,-6.32,-5.44,-0.87,0.44,3.51,0.03,8.25,9.58,1.25,-2.71,Coffee,Clay Loam,0.308,0.243,23.07,10,0.415,2.601.564,18.048
14.324,108.302,5,1009,3.64,31.6,33.3,5.4,33.2,35.1,45.5,21.85,4.86,88.25,16.21,12,-2.89,-4.84,-6.32,-5.44,-0.87,0.44,3.51,0.03,8.25,9.58,1.25,-2.71,Coffee,Clay Loam,0.308,0.277,23.07,10,0.415,3.468.752,15.292
14.327,108.447,5,722,3.64,34.7,40.9,5.7,34.3,31,55.6,24.17,5.49,87.16,16.21,12,-2.38,-4.67,-7.06,-6.45,-2.54,-0.81,2.81,-2.36,8.45,10.99,5.33,-1.29,Coffee,Clay Loam,0.387,0.289,27.56,10,0.398,2.818.361,19.477
14.33,108.441,5,926,3.64,32.7,39.6,5.5,36.8,30.4,50.9,24.17,5.49,87.16,16.21,12,-2.38,-4.67,-7.06,-6.45,-2.54,-0.81,2.81,-2.36,8.45,10.99,5.33,-1.29,Coffee,Clay Loam,0.387,0.277,27.56,10,0.398,3.251.955,18.151
14.33,108.445,6,861,3.64,34.4,40.2,5.6,35.3,30.3,57,24.17,5.49,87.16,16.21,12,-2.38,-4.67,-7.06,-6.45,-2.54,-0.81,2.81,-2.36,8.45,10.99,5.33,-1.29,Coffee,Clay Loam,0.387,0.289,27.56,10,0.398,3.035.158,18.574
14.335,107.617,5,676,3.64,27.6,34,5.5,38.4,34,40.7,23.46,3.98,85.67,17.25,12,-3.38,-4.28,-4.61,-3.17,1.38,2.6,6.7,1.94,6.46,2.84,-2.5,-3.93,Coffee,Clay Loam,0.414,0.259,21.87,7,0.306,3.251.955,19.066
14.338,108.368,6,1264,3.64,34,39.5,5.4,36.3,29.7,52.7,21.85,4.86,88.25,16.21,12,-2.89,-4.84,-6.32,-5.44,-0.87,0.44,3.51,0.03,8.25,9.58,1.25,-2.71,Coffee,Clay Loam,0.308,0.28,23.07,10,0.415,3.468.752,13.634
14.339,107.914,5,600,3.64,33.6,19.1,5.9,35.5,30.9,27.8,21.85,4.86,88.25,17.25,12,-2.89,-4.84,-6.32,-5.44,-0.87,0.44,3.51,0.03,8.25,9.58,1.25,-2.71,Coffee,Clay Loam,0.308,0.247,23.07,10,0.415,2.384.767,17.95
14.339,108.344,6,925,3.64,32.2,40.8,5.5,34,33.8,47.4,21.85,4.86,88.25,16.21,12,-2.89,-4.84,-6.32,-5.44,-0.87,0.44,3.51,0.03,8.25,9.58,1.25,-2.71,Coffee,Clay Loam,0.308,0.278,23.07,10,0.415,3.251.955,15.838
14.34,107.958,5,518,3.64,33.3,20.1,5.8,33.5,33.2,25.6,21.85,4.86,88.25,17.25,12,-2.89,-4.84,-6.32,-5.44,-0.87,0.44,3.51,0.03,8.25,9.58,1.25,-2.71,Coffee,Clay Loam,0.308,0.249,23.07,10,0.415,2.601.564,18.483
14.341,108.032,6,526,3.64,32,19.6,5.8,33.9,34.1,26.5,21.85,4.86,88.25,16.21,12,-2.89,-4.84,-6.32,-5.44,-0.87,0.44,3.51,0.03,8.25,9.58,1.25,-2.71,Coffee,Clay Loam,0.308,0.249,23.07,10,0.415,2.601.564,18.431
14.343,107.538,6,267,3.64,29.9,24.7,5.7,34.1,36,31.2,23.46,3.98,85.67,17.25,12,-3.38,-4.28,-4.61,-3.17,1.38,2.6,6.7,1.94,6.46,2.84,-2.5,-3.93,Coffee,Clay Loam,0.414,0.255,21.87,7,0.306,2.818.361,21.725
14.343,108.392,6,1391,3.64,34.7,46.8,5.4,32.2,33.1,62.3,21.85,4.86,88.25,16.21,12,-2.89,-4.84,-6.32,-5.44,-0.87,0.44,3.51,0.03,8.25,9.58,1.25,-2.71,Coffee,Clay Loam,0.308,0.303,23.07,10,0.415,3.468.752,12.809
14.346,108.251,5,830,3.64,32.1,33.7,5.5,34.7,33.3,45.3,21.85,4.86,88.25,16.21,12,-2.89,-4.84,-6.32,-5.44,-0.87,0.44,3.51,0.03,8.25,9.58,1.25,-2.71,Coffee,Clay Loam,0.308,0.274,23.07,10,0.415,3.251.955,16.455
14.347,108.291,6,873,3.64,33.9,31.7,5.5,31.3,34.8,46,21.85,4.86,88.25,16.21,12,-2.89,-4.84,-6.32,-5.44,-0.87,0.44,3.51,0.03,8.25,9.58,1.25,-2.71,Coffee,Clay Loam,0.308,0.282,23.07,10,0.415,3.251.955,16.176
14.349,107.629,5,596,3.64,29.3,36.9,5.5,39,31.8,50.6,23.46,3.98,85.67,17.25,12,-3.38,-4.28,-4.61,-3.17,1.38,2.6,6.7,1.94,6.46,2.84,-2.5,-3.93,Coffee,Clay Loam,0.414,0.271,21.87,7,0.306,3.251.955,19.586
14.349,107.783,6,616,3.64,32.2,21.5,5.9,36.6,31.2,28.3,23.46,3.98,85.67,17.25,12,-3.38,-4.28,-4.61,-3.17,1.38,2.6,6.7,1.94,6.46,2.84,-2.5,-3.93,Coffee,Clay Loam,0.414,0.245,21.87,7,0.306,2.384.767,19.456
14.351,107.979,5,517,3.64,33,19.8,5.7,33,34,23.9,21.85,4.86,88.25,17.25,12,-2.89,-4.84,-6.32,-5.44,-0.87,0.44,3.51,0.03,8.25,9.58,1.25,-2.71,Coffee,Clay Loam,0.308,0.248,23.07,10,0.415,2.818.361,18.49
14.353,107.724,6,874,3.64,25.8,41.9,5.5,38.4,35.7,45.5,23.46,3.98,85.67,17.25,12,-3.38,-4.28,-4.61,-3.17,1.38,2.6,6.7,1.94,6.46,2.84,-2.5,-3.93,Coffee,Loam,0.414,0.265,21.87,7,0.306,3.251.955,17.779
14.357,108.189,6,868,3.64,30.3,32.6,5.5,35,34.7,42.3,21.85,4.86,88.25,16.21,12,-2.89,-4.84,-6.32,-5.44,-0.87,0.44,3.51,0.03,8.25,9.58,1.25,-2.71,Coffee,Clay Loam,0.308,0.269,23.07,10,0.415,3.251.955,16.208
14.358,108.429,5,1005,3.64,35.4,43,5.5,33.8,30.8,51.6,21.85,4.86,88.25,16.21,12,-2.89,-4.84,-6.32,-5.44,-0.87,0.44,3.51,0.03,8.25,9.58,1.25,-2.71,Coffee,Clay Loam,0.308,0.284,23.07,10,0.415,3.251.955,15.318
14.363,107.855,6,591,3.64,31.5,25.1,5.7,35.1,33.4,29.7,21.85,4.86,88.25,17.25,12,-2.89,-4.84,-6.32,-5.44,-0.87,0.44,3.51,0.03,8.25,9.58,1.25,-2.71,Coffee,Clay Loam,0.308,0.251,23.07,10,0.415,2.818.361,18.008
14.366,108.329,6,849,3.64,35.5,30.2,5.6,33.1,31.3,41.7,21.85,4.86,88.25,16.21,12,-2.89,-4.84,-6.32,-5.44,-0.87,0.44,3.51,0.03,8.25,9.58,1.25,-2.71,Coffee,Clay Loam,0.308,0.272,23.07,10,0.415,3.035.158,16.332
14.366,108.36,6,1208,3.64,33.9,36.9,5.4,33.4,32.7,51.6,21.85,4.86,88.25,16.21,12,-2.89,-4.84,-6.32,-5.44,-0.87,0.44,3.51,0.03,8.25,9.58,1.25,-2.71,Coffee,Clay Loam,0.308,0.285,23.07,10,0.415,3.468.752,13.998
14.369,108.382,5,1049,3.64,33.9,38.1,5.4,34,32.1,53.5,21.85,4.86,88.25,16.21,12,-2.89,-4.84,-6.32,-5.44,-0.87,0.44,3.51,0.03,8.25,9.58,1.25,-2.71,Coffee,Clay Loam,0.308,0.287,23.07,10,0.415,3.468.752,15.032
14.373,107.854,6,547,3.64,30.1,21.3,5.9,37.3,32.5,27.1,21.85,4.86,88.25,17.25,12,-2.89,-4.84,-6.32,-5.44,-0.87,0.44,3.51,0.03,8.25,9.58,1.25,-2.71,Coffee,Clay Loam,0.308,0.242,23.07,10,0.415,2.384.767,18.295
14.374,108.396,6,1044,3.64,33.5,39.6,5.4,35.3,31.2,50.6,21.85,4.86,88.25,16.21,12,-2.89,-4.84,-6.32,-5.44,-0.87,0.44,3.51,0.03,8.25,9.58,1.25,-2.71,Coffee,Clay Loam,0.308,0.28,23.07,10,0.415,3.468.752,15.064
14.377,107.835,5,815,3.64,31.5,34.7,5.5,35.2,33.3,47,21.85,4.86,88.25,17.25,12,-2.89,-4.84,-6.32,-5.44,-0.87,0.44,3.51,0.03,8.25,9.58,1.25,-2.71,Coffee,Clay Loam,0.308,0.275,23.07,10,0.415,3.251.955,16.553
14.377,108.348,6,1147,3.64,34.8,36.6,5.3,33.6,31.6,52.7,21.85,4.86,88.25,16.21,12,-2.89,-4.84,-6.32,-5.44,-0.87,0.44,3.51,0.03,8.25,9.58,1.25,-2.71,Coffee,Clay Loam,0.308,0.286,23.07,10,0.415,3.685.549,14.394
14.377,108.355,5,1318,3.64,34.2,42,5.4,33.4,32.4,50.7,21.85,4.86,88.25,16.21,12,-2.89,-4.84,-6.32,-5.44,-0.87,0.44,3.51,0.03,8.25,9.58,1.25,-2.71,Coffee,Clay Loam,0.308,0.284,23.07,10,0.415,3.468.752,13.283
14.379,107.761,6,578,3.64,31,27.7,5.9,36.8,32.3,27.9,23.46,3.98,85.67,17.25,12,-3.38,-4.28,-4.61,-3.17,1.38,2.6,6.7,1.94,6.46,2.84,-2.5,-3.93,Coffee,Clay Loam,0.414,0.244,21.87,7,0.306,2.384.767,19.703
14.379,107.956,6,562,3.64,31.7,20.8,5.7,36.1,32.1,28.5,21.85,4.86,88.25,17.25,12,-2.89,-4.84,-6.32,-5.44,-0.87,0.44,3.51,0.03,8.25,9.58,1.25,-2.71,Coffee,Clay Loam,0.308,0.247,23.07,10,0.415,2.818.361,18.197
14.381,107.628,6,894,3.64,28.5,45.5,5.5,39.6,31.9,61.3,23.46,3.98,85.67,17.25,12,-3.38,-4.28,-4.61,-3.17,1.38,2.6,6.7,1.94,6.46,2.84,-2.5,-3.93,Coffee,Clay Loam,0.414,0.285,21.87,7,0.306,3.251.955,17.649
14.383,108.489,5,985,3.64,33.7,35.2,5.5,37.3,29,47.8,24.17,5.49,87.16,16.21,12,-2.38,-4.67,-7.06,-6.45,-2.54,-0.81,2.81,-2.36,8.45,10.99,5.33,-1.29,Coffee,Clay Loam,0.387,0.271,27.56,10,0.398,3.251.955,17.768
14.384,107.637,5,490,3.64,27.2,37.2,5.5,36.9,35.9,49.3,23.46,3.98,85.67,17.25,12,-3.38,-4.28,-4.61,-3.17,1.38,2.6,6.7,1.94,6.46,2.84,-2.5,-3.93,Coffee,Clay Loam,0.414,0.274,21.87,7,0.306,3.251.955,20.275
14.384,107.698,6,676,3.64,27.9,36.2,5.5,38.2,33.9,43.5,23.46,3.98,85.67,17.25,12,-3.38,-4.28,-4.61,-3.17,1.38,2.6,6.7,1.94,6.46,2.84,-2.5,-3.93,Coffee,Clay Loam,0.414,0.263,21.87,7,0.306,3.251.955,19.066
14.384,107.96,6,526,3.64,31.3,21.2,5.6,35.5,33.2,25.3,21.85,4.86,88.25,17.25,12,-2.89,-4.84,-6.32,-5.44,-0.87,0.44,3.51,0.03,8.25,9.58,1.25,-2.71,Coffee,Clay Loam,0.308,0.244,23.07,10,0.415,3.035.158,18.431
14.388,107.818,6,590,3.64,30.3,19.6,5.7,36.7,32.9,24.9,21.85,4.86,88.25,17.25,12,-2.89,-4.84,-6.32,-5.44,-0.87,0.44,3.51,0.03,8.25,9.58,1.25,-2.71,Coffee,Clay Loam,0.308,0.24,23.07,10,0.415,2.818.361,18.015
14.389,107.712,5,827,3.64,28.1,34.3,5.5,37.5,34.3,49.9,23.46,3.98,85.67,17.25,12,-3.38,-4.28,-4.61,-3.17,1.38,2.6,6.7,1.94,6.46,2.84,-2.5,-3.93,Coffee,Clay Loam,0.414,0.274,21.87,7,0.306,3.251.955,18.085
14.389,107.908,6,568,3.64,33.2,17.7,5.8,35.7,31.2,26.6,21.85,4.86,88.25,17.25,12,-2.89,-4.84,-6.32,-5.44,-0.87,0.44,3.51,0.03,8.25,9.58,1.25,-2.71,Coffee,Clay Loam,0.308,0.245,23.07,10,0.415,2.601.564,18.158
14.39,107.927,6,522,3.64,30.7,19.2,5.8,35.7,33.6,27.9,21.85,4.86,88.25,17.25,12,-2.89,-4.84,-6.32,-5.44,-0.87,0.44,3.51,0.03,8.25,9.58,1.25,-2.71,Coffee,Clay Loam,0.308,0.247,23.07,10,0.415,2.601.564,18.457
14.39,108.231,6,1284,3.64,31.3,36.5,5.3,33.7,35.1,61.3,21.85,4.86,88.25,16.21,12,-2.89,-4.84,-6.32,-5.44,-0.87,0.44,3.51,0.03,8.25,9.58,1.25,-2.71,Coffee,Clay Loam,0.308,0.298,23.07,10,0.415,3.685.549,13.504
14.39,108.269,5,1257,3.64,34.5,33.4,5.4,32.2,33.3,44.6,21.85,4.86,88.25,16.21,12,-2.89,-4.84,-6.32,-5.44,-0.87,0.44,3.51,0.03,8.25,9.58,1.25,-2.71,Coffee,Clay Loam,0.308,0.278,23.07,10,0.415,3.468.752,13.68
14.392,108.362,6,1429,3.64,35,48.1,5.5,33.2,31.9,64.2,21.85,4.86,88.25,16.21,12,-2.89,-4.84,-6.32,-5.44,-0.87,0.44,3.51,0.03,8.25,9.58,1.25,-2.71,Coffee,Clay Loam,0.308,0.304,23.07,10,0.415,3.251.955,12.562
14.396,107.832,5,576,3.64,28.7,18.8,5.8,34.9,36.4,23.7,21.85,4.86,88.25,17.25,12,-2.89,-4.84,-6.32,-5.44,-0.87,0.44,3.51,0.03,8.25,9.58,1.25,-2.71,Coffee,Clay Loam,0.308,0.243,23.07,10,0.415,2.601.564,18.106
14.4,108.107,5,605,3.64,35.4,22.3,5.8,32.3,32.3,26.8,21.85,4.86,88.25,16.21,12,-2.89,-4.84,-6.32,-5.44,-0.87,0.44,3.51,0.03,8.25,9.58,1.25,-2.71,Coffee,Clay Loam,0.308,0.253,23.07,10,0.415,2.601.564,17.918
14.402,107.892,6,611,3.64,33,23.8,5.8,35.1,31.9,28.9,21.85,4.86,88.25,17.25,12,-2.89,-4.84,-6.32,-5.44,-0.87,0.44,3.51,0.03,8.25,9.58,1.25,-2.71,Coffee,Clay Loam,0.308,0.25,23.07,10,0.415,2.601.564,17.879
14.404,108.432,6,1046,3.64,34.2,33.4,5.5,36.3,29.5,47.1,21.85,4.86,88.25,16.21,12,-2.89,-4.84,-6.32,-5.44,-0.87,0.44,3.51,0.03,8.25,9.58,1.25,-2.71,Coffee,Clay Loam,0.308,0.272,23.07,10,0.415,3.251.955,15.051
14.408,108.294,5,1377,3.64,35.5,38.8,5.3,33.3,31.2,53.9,21.85,4.86,88.25,16.21,12,-2.89,-4.84,-6.32,-5.44,-0.87,0.44,3.51,0.03,8.25,9.58,1.25,-2.71,Coffee,Clay Loam,0.308,0.289,23.07,10,0.415,3.685.549,12.9
14.408,108.302,6,1223,3.64,34.6,36.2,5.3,33.7,31.7,52.9,21.85,4.86,88.25,16.21,12,-2.89,-4.84,-6.32,-5.44,-0.87,0.44,3.51,0.03,8.25,9.58,1.25,-2.71,Coffee,Clay Loam,0.308,0.287,23.07,10,0.415,3.685.549,13.901
14.413,107.619,6,411,3.64,30.6,38.1,5.6,35.5,33.9,42,23.46,3.98,85.67,17.25,12,-3.38,-4.28,-4.61,-3.17,1.38,2.6,6.7,1.94,6.46,2.84,-2.5,-3.93,Coffee,Clay Loam,0.414,0.267,21.87,7,0.306,3.035.158,20.788
14.413,108.335,6,799,3.64,33.4,26.6,5.6,33.6,33,37.8,21.85,4.86,88.25,16.21,12,-2.89,-4.84,-6.32,-5.44,-0.87,0.44,3.51,0.03,8.25,9.58,1.25,-2.71,Coffee,Clay Loam,0.308,0.266,23.07,10,0.415,3.035.158,16.656
14.413,108.398,5,1036,3.64,33,38.7,5.4,35.9,31,48.3,21.85,4.86,88.25,16.21,12,-2.89,-4.84,-6.32,-5.44,-0.87,0.44,3.51,0.03,8.25,9.58,1.25,-2.71,Coffee,Clay Loam,0.308,0.275,23.07,10,0.415,3.468.752,15.116
14.414,107.957,5,538,3.64,34.2,19.8,5.8,34.3,31.5,24.4,21.85,4.86,88.25,17.25,12,-2.89,-4.84,-6.32,-5.44,-0.87,0.44,3.51,0.03,8.25,9.58,1.25,-2.71,Coffee,Clay Loam,0.308,0.245,23.07,10,0.415,2.601.564,18.353
14.416,108.406,6,1072,3.64,34.4,36.5,5.4,36.1,29.4,47.8,21.85,4.86,88.25,16.21,12,-2.89,-4.84,-6.32,-5.44,-0.87,0.44,3.51,0.03,8.25,9.58,1.25,-2.71,Coffee,Clay Loam,0.308,0.274,23.07,10,0.415,3.468.752,14.882
14.422,108.005,6,594,3.64,33,24.1,5.8,33.8,33.1,30.7,21.85,4.86,88.25,16.21,12,-2.89,-4.84,-6.32,-5.44,-0.87,0.44,3.51,0.03,8.25,9.58,1.25,-2.71,Coffee,Clay Loam,0.308,0.255,23.07,10,0.415,2.601.564,17.989
14.427,107.765,6,735,3.64,28.7,31.6,5.4,38.1,33.2,40.6,23.46,3.98,85.67,17.25,12,-3.38,-4.28,-4.61,-3.17,1.38,2.6,6.7,1.94,6.46,2.84,-2.5,-3.93,Coffee,Clay Loam,0.414,0.259,21.87,7,0.306,3.468.752,18.682
14.428,107.759,5,747,3.64,27.6,32,5.5,38.1,34.3,39.8,23.46,3.98,85.67,17.25,12,-3.38,-4.28,-4.61,-3.17,1.38,2.6,6.7,1.94,6.46,2.84,-2.5,-3.93,Coffee,Clay Loam,0.414,0.258,21.87,7,0.306,3.251.955,18.604
14.434,108.075,6,814,3.64,31.5,32.7,5.6,34.7,33.7,39.7,21.85,4.86,88.25,16.21,12,-2.89,-4.84,-6.32,-5.44,-0.87,0.44,3.51,0.03,8.25,9.58,1.25,-2.71,Coffee,Clay Loam,0.308,0.266,23.07,10,0.415,3.035.158,16.559
14.438,107.749,5,1013,3.64,27.7,51,5.5,37.5,34.8,48.7,23.46,3.98,85.67,17.25,12,-3.38,-4.28,-4.61,-3.17,1.38,2.6,6.7,1.94,6.46,2.84,-2.5,-3.93,Coffee,Clay Loam,0.414,0.272,21.87,7,0.306,3.251.955,16.876
14.438,107.945,5,549,3.64,32,19.6,5.8,34.3,33.7,22.2,21.85,4.86,88.25,17.25,12,-2.89,-4.84,-6.32,-5.44,-0.87,0.44,3.51,0.03,8.25,9.58,1.25,-2.71,Coffee,Clay Loam,0.308,0.242,23.07,10,0.415,2.601.564,18.282
14.44,108.248,6,1348,3.64,35.6,38.7,5.3,30.9,33.5,52.2,21.85,4.86,88.25,16.21,12,-2.89,-4.84,-6.32,-5.44,-0.87,0.44,3.51,0.03,8.25,9.58,1.25,-2.71,Coffee,Clay Loam,0.308,0.292,23.07,10,0.415,3.685.549,13.088
14.447,107.54,5,322,3.64,28.5,30.9,5.5,34.6,36.9,38.1,23.46,3.98,85.67,17.25,12,-3.38,-4.28,-4.61,-3.17,1.38,2.6,6.7,1.94,6.46,2.84,-2.5,-3.93,Coffee,Clay Loam,0.414,0.264,21.87,7,0.306,3.251.955,21.367
14.447,108.03,5,638,3.64,32.5,23.1,5.6,33.1,34.4,27.2,21.85,4.86,88.25,16.21,12,-2.89,-4.84,-6.32,-5.44,-0.87,0.44,3.51,0.03,8.25,9.58,1.25,-2.71,Coffee,Clay Loam,0.308,0.252,23.07,10,0.415,3.035.158,17.703
14.448,107.765,5,898,3.64,27.6,40.1,5.4,38.2,34.3,50.6,23.46,3.98,85.67,17.25,12,-3.38,-4.28,-4.61,-3.17,1.38,2.6,6.7,1.94,6.46,2.84,-2.5,-3.93,Coffee,Clay Loam,0.414,0.273,21.87,7,0.306,3.468.752,17.623
14.448,108.327,6,782,3.64,35.1,39.7,5.6,34.5,30.4,48.8,21.85,4.86,88.25,16.21,12,-2.89,-4.84,-6.32,-5.44,-0.87,0.44,3.51,0.03,8.25,9.58,1.25,-2.71,Coffee,Clay Loam,0.308,0.279,23.07,10,0.415,3.035.158,16.767
14.45,108.14,5,866,3.64,32.8,35.7,5.5,32.8,34.4,40.5,21.85,4.86,88.25,16.21,12,-2.89,-4.84,-6.32,-5.44,-0.87,0.44,3.51,0.03,8.25,9.58,1.25,-2.71,Coffee,Clay Loam,0.308,0.271,23.07,10,0.415,3.251.955,16.221
14.451,108.195,6,619,3.64,30,22.8,5.8,34.6,35.4,30.4,21.85,4.86,88.25,16.21,12,-2.89,-4.84,-6.32,-5.44,-0.87,0.44,3.51,0.03,8.25,9.58,1.25,-2.71,Coffee,Clay Loam,0.308,0.253,23.07,10,0.415,2.601.564,17.827
14.453,108.045,5,624,3.64,31.5,21.8,5.7,33.8,34.7,26.5,21.85,4.86,88.25,16.21,12,-2.89,-4.84,-6.32,-5.44,-0.87,0.44,3.51,0.03,8.25,9.58,1.25,-2.71,Coffee,Clay Loam,0.308,0.249,23.07,10,0.415,2.818.361,17.794
14.454,108.04,5,646,3.64,32.2,23.1,5.7,35.1,32.7,26.7,21.85,4.86,88.25,16.21,12,-2.89,-4.84,-6.32,-5.44,-0.87,0.44,3.51,0.03,8.25,9.58,1.25,-2.71,Coffee,Clay Loam,0.308,0.247,23.07,10,0.415,2.818.361,17.651
14.457,107.687,5,848,3.64,30.3,49.7,5.5,35.5,34.2,50.7,23.46,3.98,85.67,17.25,12,-3.38,-4.28,-4.61,-3.17,1.38,2.6,6.7,1.94,6.46,2.84,-2.5,-3.93,Coffee,Clay Loam,0.414,0.279,21.87,7,0.306,3.251.955,17.948
14.458,108.416,5,1032,3.64,34.2,35.3,5.4,35.7,30.1,44.2,21.85,4.86,88.25,16.21,12,-2.89,-4.84,-6.32,-5.44,-0.87,0.44,3.51,0.03,8.25,9.58,1.25,-2.71,Coffee,Clay Loam,0.308,0.27,23.07,10,0.415,3.468.752,15.142
14.46,107.617,6,323,3.64,30.8,31.8,5.7,35.1,34.1,35,23.46,3.98,85.67,17.25,12,-3.38,-4.28,-4.61,-3.17,1.38,2.6,6.7,1.94,6.46,2.84,-2.5,-3.93,Coffee,Clay Loam,0.414,0.258,21.87,7,0.306,2.818.361,21.36
14.461,107.674,6,692,3.64,28.5,45.6,5.6,36.5,35.1,51.6,23.46,3.98,85.67,17.25,12,-3.38,-4.28,-4.61,-3.17,1.38,2.6,6.7,1.94,6.46,2.84,-2.5,-3.93,Coffee,Clay Loam,0.414,0.278,21.87,7,0.306,3.035.158,18.962
14.462,108.386,6,1130,3.64,36.1,34.7,5.4,34,29.9,51.4,21.85,4.86,88.25,16.21,12,-2.89,-4.84,-6.32,-5.44,-0.87,0.44,3.51,0.03,8.25,9.58,1.25,-2.71,Coffee,Clay Loam,0.308,0.284,23.07,10,0.415,3.468.752,14.505
14.466,108.011,5,791,3.64,35,28,5.7,33,32,37.2,21.85,4.86,88.25,16.21,12,-2.89,-4.84,-6.32,-5.44,-0.87,0.44,3.51,0.03,8.25,9.58,1.25,-2.71,Coffee,Clay Loam,0.308,0.266,23.07,10,0.415,2.818.361,16.708
14.466,108.446,6,1029,3.64,35.7,37.5,5.4,35.9,28.3,47.5,24.17,5.49,87.16,16.21,12,-2.38,-4.67,-7.06,-6.45,-2.54,-0.81,2.81,-2.36,8.45,10.99,5.33,-1.29,Coffee,Clay Loam,0.387,0.274,27.56,10,0.398,3.468.752,17.482
14.467,108.453,5,1090,3.64,35.6,37.3,5.5,35.9,28.5,46.6,24.17,5.49,87.16,16.21,12,-2.38,-4.67,-7.06,-6.45,-2.54,-0.81,2.81,-2.36,8.45,10.99,5.33,-1.29,Coffee,Clay Loam,0.387,0.273,27.56,10,0.398,3.251.955,17.085
14.468,107.912,6,608,3.64,32.5,21.3,5.7,36,31.5,31,21.85,4.86,88.25,17.25,12,-2.89,-4.84,-6.32,-5.44,-0.87,0.44,3.51,0.03,8.25,9.58,1.25,-2.71,Coffee,Clay Loam,0.308,0.251,23.07,10,0.415,2.818.361,17.898
14.469,108.256,5,906,3.64,32.1,37.6,5.5,32.7,35.3,44.7,21.85,4.86,88.25,16.21,12,-2.89,-4.84,-6.32,-5.44,-0.87,0.44,3.51,0.03,8.25,9.58,1.25,-2.71,Coffee,Clay Loam,0.308,0.277,23.07,10,0.415,3.251.955,15.961
14.47,107.796,5,609,3.64,30.3,22.4,5.6,36,33.7,32.9,23.46,3.98,85.67,17.25,12,-3.38,-4.28,-4.61,-3.17,1.38,2.6,6.7,1.94,6.46,2.84,-2.5,-3.93,Coffee,Clay Loam,0.414,0.253,21.87,7,0.306,3.035.158,19.502
14.47,107.987,6,611,3.64,30.5,24.2,5.9,34.9,34.7,27.7,21.85,4.86,88.25,17.25,12,-2.89,-4.84,-6.32,-5.44,-0.87,0.44,3.51,0.03,8.25,9.58,1.25,-2.71,Coffee,Clay Loam,0.308,0.249,23.07,10,0.415,2.384.767,17.879
14.474,107.719,5,926,3.64,25.5,37.3,5.4,38.5,36,49.2,23.46,3.98,85.67,17.25,12,-3.38,-4.28,-4.61,-3.17,1.38,2.6,6.7,1.94,6.46,2.84,-2.5,-3.93,Coffee,Loam,0.414,0.27,21.87,7,0.306,3.468.752,17.441
14.474,108.18,5,606,3.64,29.7,21.8,6,34.4,35.9,31.8,21.85,4.86,88.25,16.21,12,-2.89,-4.84,-6.32,-5.44,-0.87,0.44,3.51,0.03,8.25,9.58,1.25,-2.71,Coffee,Clay Loam,0.308,0.255,23.07,10,0.415,2167.97,17.911
14.475,107.842,6,615,3.64,30.1,24.7,5.9,33.1,36.8,30.1,21.85,4.86,88.25,17.25,12,-2.89,-4.84,-6.32,-5.44,-0.87,0.44,3.51,0.03,8.25,9.58,1.25,-2.71,Coffee,Clay Loam,0.308,0.256,23.07,10,0.415,2.384.767,17.853
14.475,108.484,6,1041,3.64,33.6,33.5,5.4,37.3,29.1,54,24.17,5.49,87.16,16.21,12,-2.38,-4.67,-7.06,-6.45,-2.54,-0.81,2.81,-2.36,8.45,10.99,5.33,-1.29,Coffee,Clay Loam,0.387,0.28,27.56,10,0.398,3.468.752,17.404
14.476,107.781,5,598,3.64,30.7,20.2,5.8,36.9,32.4,27.5,23.46,3.98,85.67,17.25,12,-3.38,-4.28,-4.61,-3.17,1.38,2.6,6.7,1.94,6.46,2.84,-2.5,-3.93,Coffee,Clay Loam,0.414,0.244,21.87,7,0.306,2.601.564,19.573
14.476,108.05,6,713,3.64,33.5,23.6,5.6,35.3,31.2,31.4,21.85,4.86,88.25,16.21,12,-2.89,-4.84,-6.32,-5.44,-0.87,0.44,3.51,0.03,8.25,9.58,1.25,-2.71,Coffee,Clay Loam,0.308,0.253,23.07,10,0.415,3.035.158,17.216
14.479,107.573,5,537,3.64,29.5,35.4,5.5,37.6,33,41.9,23.46,3.98,85.67,17.25,12,-3.38,-4.28,-4.61,-3.17,1.38,2.6,6.7,1.94,6.46,2.84,-2.5,-3.93,Coffee,Clay Loam,0.414,0.262,21.87,7,0.306,3.251.955,19.97
14.479,107.699,5,1416,3.64,26.2,55.1,5.4,35.2,38.7,57.9,23.46,3.98,85.67,17.25,12,-3.38,-4.28,-4.61,-3.17,1.38,2.6,6.7,1.94,6.46,2.84,-2.5,-3.93,Coffee,Loam,0.414,0.29,21.87,7,0.306,3.468.752,14.256
14.481,108.083,6,1272,3.64,34.4,43.5,5.4,34.3,31.3,58,21.85,4.86,88.25,16.21,12,-2.89,-4.84,-6.32,-5.44,-0.87,0.44,3.51,0.03,8.25,9.58,1.25,-2.71,Coffee,Clay Loam,0.308,0.292,23.07,10,0.415,3.468.752,13.582
14.486,108.037,5,619,3.64,31.3,20.1,5.7,33.8,34.9,30.5,21.85,4.86,88.25,16.21,12,-2.89,-4.84,-6.32,-5.44,-0.87,0.44,3.51,0.03,8.25,9.58,1.25,-2.71,Coffee,Clay Loam,0.308,0.255,23.07,10,0.415,2.818.361,17.827
14.487,107.624,5,342,3.64,28.2,30.9,5.7,36.2,35.5,40.2,23.46,3.98,85.67,17.25,12,-3.38,-4.28,-4.61,-3.17,1.38,2.6,6.7,1.94,6.46,2.84,-2.5,-3.93,Coffee,Clay Loam,0.414,0.263,21.87,7,0.306,2.818.361,21.237
14.489,107.944,5,586,3.64,28.1,18.1,5.8,34.1,37.8,22.1,21.85,4.86,88.25,17.25,12,-2.89,-4.84,-6.32,-5.44,-0.87,0.44,3.51,0.03,8.25,9.58,1.25,-2.71,Coffee,Clay Loam,0.308,0.243,23.07,10,0.415,2.601.564,18.041
14.492,108.191,6,601,3.64,34.2,24,5.9,33.4,32.5,32.2,21.85,4.86,88.25,16.21,12,-2.89,-4.84,-6.32,-5.44,-0.87,0.44,3.51,0.03,8.25,9.58,1.25,-2.71,Coffee,Clay Loam,0.308,0.258,23.07,10,0.415,2.384.767,17.944
14.497,107.952,5,598,3.64,29.3,18.8,5.7,34.9,35.9,23.1,21.85,4.86,88.25,17.25,12,-2.89,-4.84,-6.32,-5.44,-0.87,0.44,3.51,0.03,8.25,9.58,1.25,-2.71,Coffee,Clay Loam,0.308,0.242,23.07,10,0.415,2.818.361,17.963
14.498,107.916,5,610,3.64,32.2,20.2,5.7,34.8,33,24.5,21.85,4.86,88.25,17.25,12,-2.89,-4.84,-6.32,-5.44,-0.87,0.44,3.51,0.03,8.25,9.58,1.25,-2.71,Coffee,Clay Loam,0.308,0.244,23.07,10,0.415,2.818.361,17.885
14.499,108.277,6,838,3.64,35,37.3,5.6,33.6,31.4,42.3,21.85,4.86,88.25,16.21,12,-2.89,-4.84,-6.32,-5.44,-0.87,0.44,3.51,0.03,8.25,9.58,1.25,-2.71,Coffee,Clay Loam,0.308,0.272,23.07,10,0.415,3.035.158,16.403
14.501,107.586,5,424,3.64,29.3,42.7,5.7,36.4,34.2,41.7,23.46,3.98,85.67,17.25,12,-3.38,-4.28,-4.61,-3.17,1.38,2.6,6.7,1.94,6.46,2.84,-2.5,-3.93,Coffee,Clay Loam,0.414,0.265,21.87,7,0.306,2.818.361,20.704
14.501,108.293,6,1045,3.64,35.9,44.2,5.4,31.1,33,49.6,21.85,4.86,88.25,16.21,12,-2.89,-4.84,-6.32,-5.44,-0.87,0.44,3.51,0.03,8.25,9.58,1.25,-2.71,Coffee,Clay Loam,0.308,0.288,23.07,10,0.415,3.468.752,15.058
14.508,107.825,5,672,3.64,29.2,24.1,5.7,34.7,36.1,26.3,21.85,4.86,88.25,17.25,12,-2.89,-4.84,-6.32,-5.44,-0.87,0.44,3.51,0.03,8.25,9.58,1.25,-2.71,Coffee,Clay Loam,0.308,0.247,23.07,10,0.415,2.818.361,17.482
14.512,108.09,5,766,3.64,30.9,30.1,5.5,34.9,34.3,33.6,21.85,4.86,88.25,16.21,12,-2.89,-4.84,-6.32,-5.44,-0.87,0.44,3.51,0.03,8.25,9.58,1.25,-2.71,Coffee,Clay Loam,0.308,0.257,23.07,10,0.415,3.251.955,16.871
14.514,108.265,5,629,3.64,38.5,23.9,5.7,33.4,28.1,31.2,21.85,4.86,88.25,16.21,12,-2.89,-4.84,-6.32,-5.44,-0.87,0.44,3.51,0.03,8.25,9.58,1.25,-2.71,Coffee,Clay Loam,0.308,0.257,23.07,10,0.415,2.818.361,17.762
14.524,107.642,5,389,3.64,29.7,33.5,5.6,35.4,34.8,40.9,23.46,3.98,85.67,17.25,12,-3.38,-4.28,-4.61,-3.17,1.38,2.6,6.7,1.94,6.46,2.84,-2.5,-3.93,Coffee,Clay Loam,0.414,0.266,21.87,7,0.306,3.035.158,20.932
14.524,107.821,6,644,3.64,31.6,21.5,5.7,33.4,35,29.7,21.85,4.86,88.25,17.25,12,-2.89,-4.84,-6.32,-5.44,-0.87,0.44,3.51,0.03,8.25,9.58,1.25,-2.71,Coffee,Clay Loam,0.308,0.255,23.07,10,0.415,2.818.361,17.664
14.525,107.595,5,551,3.64,26.2,35.1,5.6,40.6,33.2,43.5,23.46,3.98,85.67,17.25,12,-3.38,-4.28,-4.61,-3.17,1.38,2.6,6.7,1.94,6.46,2.84,-2.5,-3.93,Coffee,Loam,0.414,0.258,21.87,7,0.306,3.035.158,19.879
14.526,107.711,5,660,3.64,26.8,32.4,5.6,37.4,35.8,39,23.46,3.98,85.67,17.25,12,-3.38,-4.28,-4.61,-3.17,1.38,2.6,6.7,1.94,6.46,2.84,-2.5,-3.93,Coffee,Loam,0.414,0.259,21.87,7,0.306,3.035.158,19.17
14.526,108.085,5,910,3.64,32.4,31.6,5.4,34.4,33.2,45.8,21.85,4.86,88.25,16.21,12,-2.89,-4.84,-6.32,-5.44,-0.87,0.44,3.51,0.03,8.25,9.58,1.25,-2.71,Coffee,Clay Loam,0.308,0.275,23.07,10,0.415,3.468.752,15.935
14.527,107.89,5,584,3.64,30.8,22.9,5.7,36,33.2,26,21.85,4.86,88.25,17.25,12,-2.89,-4.84,-6.32,-5.44,-0.87,0.44,3.51,0.03,8.25,9.58,1.25,-2.71,Coffee,Clay Loam,0.308,0.244,23.07,10,0.415,2.818.361,18.054
14.528,107.705,6,675,3.64,27.5,39.3,5.5,37.8,34.7,38.9,23.46,3.98,85.67,17.25,12,-3.38,-4.28,-4.61,-3.17,1.38,2.6,6.7,1.94,6.46,2.84,-2.5,-3.93,Coffee,Clay Loam,0.414,0.258,21.87,7,0.306,3.251.955,19.072
14.528,107.879,6,594,3.64,30.4,20.8,5.7,35.9,33.7,23.5,21.85,4.86,88.25,17.25,12,-2.89,-4.84,-6.32,-5.44,-0.87,0.44,3.51,0.03,8.25,9.58,1.25,-2.71,Coffee,Clay Loam,0.308,0.24,23.07,10,0.415,2.818.361,17.989
14.528,108.489,6,1036,3.64,35.2,36.8,5.5,37.2,27.5,59.1,24.17,5.49,87.16,16.21,12,-2.38,-4.67,-7.06,-6.45,-2.54,-0.81,2.81,-2.36,8.45,10.99,5.33,-1.29,Coffee,Clay Loam,0.387,0.287,27.56,10,0.398,3.251.955,17.436
14.53,108.337,6,909,3.64,35.5,39.3,5.5,33.6,31,48,21.85,4.86,88.25,16.21,12,-2.89,-4.84,-6.32,-5.44,-0.87,0.44,3.51,0.03,8.25,9.58,1.25,-2.71,Coffee,Clay Loam,0.308,0.28,23.07,10,0.415,3.251.955,15.942
14.53,108.419,5,1220,3.64,34.3,36.5,5.5,34.3,31.4,51.8,21.85,4.86,88.25,16.21,12,-2.89,-4.84,-6.32,-5.44,-0.87,0.44,3.51,0.03,8.25,9.58,1.25,-2.71,Coffee,Clay Loam,0.308,0.284,23.07,10,0.415,3.251.955,13.92
14.535,108.132,6,1076,3.64,29.2,39.5,5.5,37,33.8,55.1,21.85,4.86,88.25,16.21,12,-2.89,-4.84,-6.32,-5.44,-0.87,0.44,3.51,0.03,8.25,9.58,1.25,-2.71,Coffee,Clay Loam,0.308,0.282,23.07,10,0.415,3.251.955,14.856
14.536,108.001,5,660,3.64,31.4,19.7,5.9,34.1,34.5,28.2,21.85,4.86,88.25,16.21,12,-2.89,-4.84,-6.32,-5.44,-0.87,0.44,3.51,0.03,8.25,9.58,1.25,-2.71,Coffee,Clay Loam,0.308,0.251,23.07,10,0.415,2.384.767,17.56
14.536,108.186,6,686,3.64,32.7,30,5.7,33,34.3,43.4,21.85,4.86,88.25,16.21,12,-2.89,-4.84,-6.32,-5.44,-0.87,0.44,3.51,0.03,8.25,9.58,1.25,-2.71,Coffee,Clay Loam,0.308,0.275,23.07,10,0.415,2.818.361,17.391
14.538,108.026,6,722,3.64,30.2,21.6,5.6,33,36.8,31.5,21.85,4.86,88.25,16.21,12,-2.89,-4.84,-6.32,-5.44,-0.87,0.44,3.51,0.03,8.25,9.58,1.25,-2.71,Coffee,Clay Loam,0.308,0.258,23.07,10,0.415,3.035.158,17.157
14.539,107.618,5,941,3.64,26.7,37.2,5.4,35.5,37.8,54.2,23.46,3.98,85.67,17.25,12,-3.38,-4.28,-4.61,-3.17,1.38,2.6,6.7,1.94,6.46,2.84,-2.5,-3.93,Coffee,Loam,0.414,0.284,21.87,7,0.306,3.468.752,17.344
14.539,107.648,6,375,3.64,29.2,33,5.7,36,34.8,41.7,23.46,3.98,85.67,17.25,12,-3.38,-4.28,-4.61,-3.17,1.38,2.6,6.7,1.94,6.46,2.84,-2.5,-3.93,Coffee,Clay Loam,0.414,0.266,21.87,7,0.306,2.818.361,21.022
14.539,107.741,5,635,3.64,31.5,18.9,5.8,33.6,34.9,24.5,23.46,3.98,85.67,17.25,12,-3.38,-4.28,-4.61,-3.17,1.38,2.6,6.7,1.94,6.46,2.84,-2.5,-3.93,Coffee,Clay Loam,0.414,0.247,21.87,7,0.306,2.601.564,19.333
14.541,107.998,6,669,3.64,32,23.6,5.7,34.4,33.6,28.8,21.85,4.86,88.25,17.25,12,-2.89,-4.84,-6.32,-5.44,-0.87,0.44,3.51,0.03,8.25,9.58,1.25,-2.71,Coffee,Clay Loam,0.308,0.251,23.07,10,0.415,2.818.361,17.502
14.542,107.888,6,605,3.64,30.3,25.8,5.5,35.9,33.8,33.9,21.85,4.86,88.25,17.25,12,-2.89,-4.84,-6.32,-5.44,-0.87,0.44,3.51,0.03,8.25,9.58,1.25,-2.71,Coffee,Clay Loam,0.308,0.255,23.07,10,0.415,3.251.955,17.918
14.544,108.207,6,889,3.64,31.7,33.4,5.5,33.7,34.6,42.5,21.85,4.86,88.25,16.21,12,-2.89,-4.84,-6.32,-5.44,-0.87,0.44,3.51,0.03,8.25,9.58,1.25,-2.71,Coffee,Clay Loam,0.308,0.272,23.07,10,0.415,3.251.955,16.072
14.545,107.669,6,476,3.64,28.7,36.3,5.5,35.5,35.8,40.4,23.46,3.98,85.67,17.25,12,-3.38,-4.28,-4.61,-3.17,1.38,2.6,6.7,1.94,6.46,2.84,-2.5,-3.93,Coffee,Clay Loam,0.414,0.265,21.87,7,0.306,3.251.955,20.366
14.55,107.522,6,655,3.64,25.7,32.2,5.5,37.4,36.9,43.6,23.46,3.98,85.67,17.25,12,-3.38,-4.28,-4.61,-3.17,1.38,2.6,6.7,1.94,6.46,2.84,-2.5,-3.93,Coffee,Loam,0.414,0.265,21.87,7,0.306,3.251.955,19.202
14.55,107.688,5,545,3.64,28.1,40.4,5.6,36,35.9,37.9,23.46,3.98,85.67,17.25,12,-3.38,-4.28,-4.61,-3.17,1.38,2.6,6.7,1.94,6.46,2.84,-2.5,-3.93,Coffee,Clay Loam,0.414,0.26,21.87,7,0.306,3.035.158,19.918
14.551,108.28,5,1040,3.64,34.4,36.6,5.5,31.9,33.7,44.3,21.85,4.86,88.25,16.21,12,-2.89,-4.84,-6.32,-5.44,-0.87,0.44,3.51,0.03,8.25,9.58,1.25,-2.71,Coffee,Clay Loam,0.308,0.279,23.07,10,0.415,3.251.955,15.09
14.552,108.393,6,1260,3.64,34.1,37.9,5.4,34.3,31.6,47.4,21.85,4.86,88.25,16.21,12,-2.89,-4.84,-6.32,-5.44,-0.87,0.44,3.51,0.03,8.25,9.58,1.25,-2.71,Coffee,Clay Loam,0.308,0.277,23.07,10,0.415,3.468.752,13.66
14.553,108.474,5,1234,3.64,36.6,47.8,5.4,34.5,29,67.3,24.17,5.49,87.16,16.21,12,-2.38,-4.67,-7.06,-6.45,-2.54,-0.81,2.81,-2.36,8.45,10.99,5.33,-1.29,Coffee,Clay Loam,0.387,0.305,27.56,10,0.398,3.468.752,16.149
14.556,108.178,6,703,3.64,33.2,28.7,5.6,31.2,35.6,33.8,21.85,4.86,88.25,16.21,12,-2.89,-4.84,-6.32,-5.44,-0.87,0.44,3.51,0.03,8.25,9.58,1.25,-2.71,Coffee,Clay Loam,0.308,0.266,23.07,10,0.415,3.035.158,17.281
14.557,108.073,6,1089,3.64,29.7,32.4,5.3,35,35.2,44.9,21.85,4.86,88.25,16.21,12,-2.89,-4.84,-6.32,-5.44,-0.87,0.44,3.51,0.03,8.25,9.58,1.25,-2.71,Coffee,Clay Loam,0.308,0.272,23.07,10,0.415,3.685.549,14.772
14.558,107.612,6,790,3.64,27.9,25.2,5.6,35.7,36.4,29.6,23.46,3.98,85.67,17.25,12,-3.38,-4.28,-4.61,-3.17,1.38,2.6,6.7,1.94,6.46,2.84,-2.5,-3.93,Coffee,Clay Loam,0.414,0.249,21.87,7,0.306,3.035.158,18.325
14.56,108.127,5,858,3.64,31.8,33.5,5.4,33.8,34.5,40.1,21.85,4.86,88.25,16.21,12,-2.89,-4.84,-6.32,-5.44,-0.87,0.44,3.51,0.03,8.25,9.58,1.25,-2.71,Coffee,Clay Loam,0.308,0.268,23.07,10,0.415,3.468.752,16.273
14.56,108.149,6,757,3.64,33.7,29.6,5.6,31.8,34.5,35.8,21.85,4.86,88.25,16.21,12,-2.89,-4.84,-6.32,-5.44,-0.87,0.44,3.51,0.03,8.25,9.58,1.25,-2.71,Coffee,Clay Loam,0.308,0.267,23.07,10,0.415,3.035.158,16.93
14.562,108.491,5,1144,3.64,38.7,50.6,5.5,34.5,26.8,70.5,24.17,5.49,87.16,16.21,12,-2.38,-4.67,-7.06,-6.45,-2.54,-0.81,2.81,-2.36,8.45,10.99,5.33,-1.29,Coffee,Clay Loam,0.387,0.309,27.56,10,0.398,3.251.955,16.734
14.564,108.188,5,950,3.64,29.8,36.9,5.4,34.5,35.7,47.6,21.85,4.86,88.25,16.21,12,-2.89,-4.84,-6.32,-5.44,-0.87,0.44,3.51,0.03,8.25,9.58,1.25,-2.71,Coffee,Clay Loam,0.308,0.277,23.07,10,0.415,3.468.752,15.675
14.569,107.706,5,652,3.64,27.1,28.5,5.6,36.1,36.9,39.2,23.46,3.98,85.67,17.25,12,-3.38,-4.28,-4.61,-3.17,1.38,2.6,6.7,1.94,6.46,2.84,-2.5,-3.93,Coffee,Clay Loam,0.414,0.262,21.87,7,0.306,3.035.158,19.222
14.573,107.959,5,751,3.64,31,28.1,5.4,34.3,34.7,36.7,21.85,4.86,88.25,17.25,12,-2.89,-4.84,-6.32,-5.44,-0.87,0.44,3.51,0.03,8.25,9.58,1.25,-2.71,Coffee,Clay Loam,0.308,0.262,23.07,10,0.415,3.468.752,16.969
14.574,107.579,6,864,3.64,27.5,33.3,5.5,35.5,37,43.6,23.46,3.98,85.67,17.25,12,-3.38,-4.28,-4.61,-3.17,1.38,2.6,6.7,1.94,6.46,2.84,-2.5,-3.93,Coffee,Clay Loam,0.414,0.269,21.87,7,0.306,3.251.955,17.844
14.574,108.152,6,653,3.64,32.6,27.5,5.6,31.8,35.6,32.8,21.85,4.86,88.25,16.21,12,-2.89,-4.84,-6.32,-5.44,-0.87,0.44,3.51,0.03,8.25,9.58,1.25,-2.71,Coffee,Clay Loam,0.308,0.263,23.07,10,0.415,3.035.158,17.606
14.575,108.375,6,1239,3.64,33.4,38.9,5.4,33.5,33.1,60.2,21.85,4.86,88.25,16.21,12,-2.89,-4.84,-6.32,-5.44,-0.87,0.44,3.51,0.03,8.25,9.58,1.25,-2.71,Coffee,Clay Loam,0.308,0.297,23.07,10,0.415,3.468.752,13.797
14.58,107.5,5,668,3.64,25.4,27.7,5.5,37.5,37.1,33,23.46,3.98,85.67,17.25,12,-3.38,-4.28,-4.61,-3.17,1.38,2.6,6.7,1.94,6.46,2.84,-2.5,-3.93,Coffee,Loam,0.414,0.25,21.87,7,0.306,3.251.955,19.118
14.58,107.864,6,600,3.64,33.7,20.3,5.8,33.3,33,30.7,21.85,4.86,88.25,17.25,12,-2.89,-4.84,-6.32,-5.44,-0.87,0.44,3.51,0.03,8.25,9.58,1.25,-2.71,Coffee,Clay Loam,0.308,0.256,23.07,10,0.415,2.601.564,17.95
14.581,107.915,6,672,3.64,29.5,25.5,5.5,37,33.6,33.3,21.85,4.86,88.25,17.25,12,-2.89,-4.84,-6.32,-5.44,-0.87,0.44,3.51,0.03,8.25,9.58,1.25,-2.71,Coffee,Clay Loam,0.308,0.252,23.07,10,0.415,3.251.955,17.482
14.582,107.727,6,643,3.64,31.1,26.3,5.7,34.2,34.7,29.2,23.46,3.98,85.67,17.25,12,-3.38,-4.28,-4.61,-3.17,1.38,2.6,6.7,1.94,6.46,2.84,-2.5,-3.93,Coffee,Clay Loam,0.414,0.252,21.87,7,0.306,2.818.361,19.28
14.586,107.785,6,801,3.64,33.5,28.5,5.5,33.4,33.1,35.4,23.46,3.98,85.67,17.25,12,-3.38,-4.28,-4.61,-3.17,1.38,2.6,6.7,1.94,6.46,2.84,-2.5,-3.93,Coffee,Clay Loam,0.414,0.263,21.87,7,0.306,3.251.955,18.254
14.587,108.009,5,744,3.64,33.3,25.3,5.6,32.6,34.1,30.3,21.85,4.86,88.25,16.21,12,-2.89,-4.84,-6.32,-5.44,-0.87,0.44,3.51,0.03,8.25,9.58,1.25,-2.71,Coffee,Clay Loam,0.308,0.257,23.07,10,0.415,3.035.158,17.014
14.587,108.242,5,1108,3.64,33.2,32.4,5.5,33.2,33.6,41.7,21.85,4.86,88.25,16.21,12,-2.89,-4.84,-6.32,-5.44,-0.87,0.44,3.51,0.03,8.25,9.58,1.25,-2.71,Coffee,Clay Loam,0.308,0.272,23.07,10,0.415,3.251.955,14.648
14.587,108.26,5,1155,3.64,32.1,37.7,5.4,33.1,34.8,48.8,21.85,4.86,88.25,16.21,12,-2.89,-4.84,-6.32,-5.44,-0.87,0.44,3.51,0.03,8.25,9.58,1.25,-2.71,Coffee,Clay Loam,0.308,0.282,23.07,10,0.415,3.468.752,14.343
14.589,108.145,5,908,3.64,30.9,33.4,5.5,33.1,36,47.1,21.85,4.86,88.25,16.21,12,-2.89,-4.84,-6.32,-5.44,-0.87,0.44,3.51,0.03,8.25,9.58,1.25,-2.71,Coffee,Clay Loam,0.308,0.28,23.07,10,0.415,3.251.955,15.948
14.598,108.001,5,792,3.64,33.4,26.3,5.6,33.2,33.4,34.7,21.85,4.86,88.25,16.21,12,-2.89,-4.84,-6.32,-5.44,-0.87,0.44,3.51,0.03,8.25,9.58,1.25,-2.71,Coffee,Clay Loam,0.308,0.262,23.07,10,0.415,3.035.158,16.702
14.599,108.051,6,950,3.64,33.8,35,5.3,32.9,33.3,41,21.85,4.86,88.25,16.21,12,-2.89,-4.84,-6.32,-5.44,-0.87,0.44,3.51,0.03,8.25,9.58,1.25,-2.71,Coffee,Clay Loam,0.308,0.272,23.07,10,0.415,3.685.549,15.675
14.599,108.365,5,1272,3.64,35.5,42.3,5.4,34.5,30,58.6,21.85,4.86,88.25,16.21,12,-2.89,-4.84,-6.32,-5.44,-0.87,0.44,3.51,0.03,8.25,9.58,1.25,-2.71,Coffee,Clay Loam,0.308,0.293,23.07,10,0.415,3.468.752,13.582
14.603,108.085,6,1039,3.64,31.9,32.7,5.4,33.6,34.5,45.4,21.85,4.86,88.25,16.21,12,-2.89,-4.84,-6.32,-5.44,-0.87,0.44,3.51,0.03,8.25,9.58,1.25,-2.71,Coffee,Clay Loam,0.308,0.276,23.07,10,0.415,3.468.752,15.097
14.605,108.491,5,879,3.64,34.4,45.9,5.7,38.6,27,56.2,24.17,5.49,87.16,16.21,12,-2.38,-4.67,-7.06,-6.45,-2.54,-0.81,2.81,-2.36,8.45,10.99,5.33,-1.29,Coffee,Clay Loam,0.387,0.28,27.56,10,0.398,2.818.361,18.457
14.606,108.004,5,803,3.64,34.5,29.1,5.6,31.8,33.7,36.4,21.85,4.86,88.25,16.21,12,-2.89,-4.84,-6.32,-5.44,-0.87,0.44,3.51,0.03,8.25,9.58,1.25,-2.71,Coffee,Clay Loam,0.308,0.268,23.07,10,0.415,3.035.158,16.63
14.611,108.148,5,669,3.64,33.7,27.5,5.7,32,34.2,37.6,21.85,4.86,88.25,16.21,12,-2.89,-4.84,-6.32,-5.44,-0.87,0.44,3.51,0.03,8.25,9.58,1.25,-2.71,Coffee,Clay Loam,0.308,0.269,23.07,10,0.415,2.818.361,17.502
14.612,107.695,6,737,3.64,32.9,24.3,5.6,33.5,33.5,28,23.46,3.98,85.67,17.25,12,-3.38,-4.28,-4.61,-3.17,1.38,2.6,6.7,1.94,6.46,2.84,-2.5,-3.93,Coffee,Clay Loam,0.414,0.252,21.87,7,0.306,3.035.158,18.67
14.612,108.181,5,1202,3.64,33.1,36.5,5.3,33.1,33.7,46.2,21.85,4.86,88.25,16.21,12,-2.89,-4.84,-6.32,-5.44,-0.87,0.44,3.51,0.03,8.25,9.58,1.25,-2.71,Coffee,Clay Loam,0.308,0.279,23.07,10,0.415,3.685.549,14.037
14.614,108.144,5,755,3.64,32.9,31.6,5.6,33.1,34.1,43.3,21.85,4.86,88.25,16.21,12,-2.89,-4.84,-6.32,-5.44,-0.87,0.44,3.51,0.03,8.25,9.58,1.25,-2.71,Coffee,Clay Loam,0.308,0.274,23.07,10,0.415,3.035.158,16.943
14.614,108.229,6,1229,3.64,33.8,39.1,5.3,32.6,33.6,51.7,21.85,4.86,88.25,16.21,12,-2.89,-4.84,-6.32,-5.44,-0.87,0.44,3.51,0.03,8.25,9.58,1.25,-2.71,Coffee,Clay Loam,0.308,0.287,23.07,10,0.415,3.685.549,13.862
14.616,108.234,5,1168,3.64,33.9,39.2,5.4,33.7,32.3,49.3,21.85,4.86,88.25,16.21,12,-2.89,-4.84,-6.32,-5.44,-0.87,0.44,3.51,0.03,8.25,9.58,1.25,-2.71,Coffee,Clay Loam,0.308,0.282,23.07,10,0.415,3.468.752,14.258
14.618,107.677,5,666,3.64,31.5,24,5.6,33.9,34.6,33.8,23.46,3.98,85.67,17.25,12,-3.38,-4.28,-4.61,-3.17,1.38,2.6,6.7,1.94,6.46,2.84,-2.5,-3.93,Coffee,Clay Loam,0.414,0.259,21.87,7,0.306,3.035.158,19.131
14.619,108.339,5,1133,3.64,34.6,36.2,5.5,34.8,30.6,42.4,21.85,4.86,88.25,16.21,12,-2.89,-4.84,-6.32,-5.44,-0.87,0.44,3.51,0.03,8.25,9.58,1.25,-2.71,Coffee,Clay Loam,0.308,0.269,23.07,10,0.415,3.251.955,14.486
14.62,108.222,6,1412,3.64,31.3,41.9,5.4,33.9,34.8,52.6,21.85,4.86,88.25,16.21,12,-2.89,-4.84,-6.32,-5.44,-0.87,0.44,3.51,0.03,8.25,9.58,1.25,-2.71,Coffee,Clay Loam,0.308,0.286,23.07,10,0.415,3.468.752,12.672
14.621,108.063,5,1210,3.64,34.6,35.6,5.4,32.8,32.7,43.3,21.85,4.86,88.25,16.21,12,-2.89,-4.84,-6.32,-5.44,-0.87,0.44,3.51,0.03,8.25,9.58,1.25,-2.71,Coffee,Clay Loam,0.308,0.275,23.07,10,0.415,3.468.752,13.985
14.622,107.539,6,887,3.64,25.3,36.9,5.5,38.9,35.8,48.8,23.46,3.98,85.67,17.25,12,-3.38,-4.28,-4.61,-3.17,1.38,2.6,6.7,1.94,6.46,2.84,-2.5,-3.93,Coffee,Loam,0.414,0.269,21.87,7,0.306,3.251.955,17.694
14.623,107.992,5,790,3.64,32.2,32.6,5.5,33.2,34.5,33.8,21.85,4.86,88.25,17.25,12,-2.89,-4.84,-6.32,-5.44,-0.87,0.44,3.51,0.03,8.25,9.58,1.25,-2.71,Coffee,Clay Loam,0.308,0.261,23.07,10,0.415,3.251.955,16.715
14.624,107.679,5,709,3.64,31.8,21.8,5.7,33.4,34.8,30.9,23.46,3.98,85.67,17.25,12,-3.38,-4.28,-4.61,-3.17,1.38,2.6,6.7,1.94,6.46,2.84,-2.5,-3.93,Coffee,Clay Loam,0.414,0.256,21.87,7,0.306,2.818.361,18.852
14.624,108.343,6,1117,3.64,33.7,37.5,5.5,36.7,29.6,44.7,21.85,4.86,88.25,16.21,12,-2.89,-4.84,-6.32,-5.44,-0.87,0.44,3.51,0.03,8.25,9.58,1.25,-2.71,Coffee,Clay Loam,0.308,0.268,23.07,10,0.415,3.251.955,14.59
14.629,108.438,6,1190,3.64,37.7,42.3,5.4,33.3,29,64.4,24.17,5.49,87.16,16.21,12,-2.38,-4.67,-7.06,-6.45,-2.54,-0.81,2.81,-2.36,8.45,10.99,5.33,-1.29,Coffee,Clay Loam,0.387,0.304,27.56,10,0.398,3.468.752,16.435
14.63,108.413,5,1196,3.64,35.7,46.8,5.5,35.5,28.8,60.5,21.85,4.86,88.25,16.21,12,-2.89,-4.84,-6.32,-5.44,-0.87,0.44,3.51,0.03,8.25,9.58,1.25,-2.71,Coffee,Clay Loam,0.308,0.293,23.07,10,0.415,3.251.955,14.076
14.631,108.029,6,1060,3.64,35.8,34,5.3,32,32.2,44.3,21.85,4.86,88.25,16.21,12,-2.89,-4.84,-6.32,-5.44,-0.87,0.44,3.51,0.03,8.25,9.58,1.25,-2.71,Coffee,Clay Loam,0.308,0.278,23.07,10,0.415,3.685.549,14.96
14.633,107.704,6,689,3.64,30.9,21.8,5.6,35,34.1,27.1,23.46,3.98,85.67,17.25,12,-3.38,-4.28,-4.61,-3.17,1.38,2.6,6.7,1.94,6.46,2.84,-2.5,-3.93,Coffee,Clay Loam,0.414,0.247,21.87,7,0.306,3.035.158,18.982
14.634,108.026,5,957,3.64,32.4,33.1,5.4,34.1,33.5,37.5,21.85,4.86,88.25,16.21,12,-2.89,-4.84,-6.32,-5.44,-0.87,0.44,3.51,0.03,8.25,9.58,1.25,-2.71,Coffee,Clay Loam,0.308,0.264,23.07,10,0.415,3.468.752,15.63
14.634,108.267,5,1264,3.64,34.3,39.7,5.3,34,31.7,45.1,21.85,4.86,88.25,16.21,12,-2.89,-4.84,-6.32,-5.44,-0.87,0.44,3.51,0.03,8.25,9.58,1.25,-2.71,Coffee,Clay Loam,0.308,0.275,23.07,10,0.415,3.685.549,13.634
14.634,108.474,6,1203,3.64,38.1,45.1,5.4,35.4,26.5,61.7,24.17,5.49,87.16,16.21,12,-2.38,-4.67,-7.06,-6.45,-2.54,-0.81,2.81,-2.36,8.45,10.99,5.33,-1.29,Coffee,Clay Loam,0.387,0.295,27.56,10,0.398,3.468.752,16.351
14.635,107.929,6,608,3.64,30.8,24.5,5.7,34.7,34.5,31,21.85,4.86,88.25,17.25,12,-2.89,-4.84,-6.32,-5.44,-0.87,0.44,3.51,0.03,8.25,9.58,1.25,-2.71,Coffee,Clay Loam,0.308,0.254,23.07,10,0.415,2.818.361,17.898
14.639,107.553,5,858,3.64,28,35.8,5.5,36.5,35.5,38.7,23.46,3.98,85.67,17.25,12,-3.38,-4.28,-4.61,-3.17,1.38,2.6,6.7,1.94,6.46,2.84,-2.5,-3.93,Coffee,Clay Loam,0.414,0.26,21.87,7,0.306,3.251.955,17.883
14.639,107.869,5,630,3.64,34.7,25.5,5.7,33.1,32.2,35,21.85,4.86,88.25,17.25,12,-2.89,-4.84,-6.32,-5.44,-0.87,0.44,3.51,0.03,8.25,9.58,1.25,-2.71,Coffee,Clay Loam,0.308,0.263,23.07,10,0.415,2.818.361,17.755
14.645,108.041,6,1135,3.64,32.4,34.3,5.4,33.7,33.9,37.8,21.85,4.86,88.25,16.21,12,-2.89,-4.84,-6.32,-5.44,-0.87,0.44,3.51,0.03,8.25,9.58,1.25,-2.71,Coffee,Clay Loam,0.308,0.265,23.07,10,0.415,3.468.752,14.473
14.646,107.591,5,767,3.64,29.8,26.9,5.8,37.5,32.7,32.4,23.46,3.98,85.67,17.25,12,-3.38,-4.28,-4.61,-3.17,1.38,2.6,6.7,1.94,6.46,2.84,-2.5,-3.93,Coffee,Clay Loam,0.414,0.249,21.87,7,0.306,2.601.564,18.474
14.647,107.911,5,607,3.64,31.7,21,5.7,31.8,36.5,27.8,21.85,4.86,88.25,17.25,12,-2.89,-4.84,-6.32,-5.44,-0.87,0.44,3.51,0.03,8.25,9.58,1.25,-2.71,Coffee,Clay Loam,0.308,0.256,23.07,10,0.415,2.818.361,17.905
14.65,107.862,5,640,3.64,35.4,26.1,5.7,33.2,31.4,34.8,21.85,4.86,88.25,17.25,12,-2.89,-4.84,-6.32,-5.44,-0.87,0.44,3.51,0.03,8.25,9.58,1.25,-2.71,Coffee,Clay Loam,0.308,0.262,23.07,10,0.415,2.818.361,17.69
14.651,108.013,6,916,3.64,30.9,30.9,5.4,34.4,34.6,41.1,21.85,4.86,88.25,16.21,12,-2.89,-4.84,-6.32,-5.44,-0.87,0.44,3.51,0.03,8.25,9.58,1.25,-2.71,Coffee,Clay Loam,0.308,0.268,23.07,10,0.415,3.468.752,15.896
14.652,108.397,6,1173,3.64,35,36.4,5.6,37,28,54.9,21.85,4.86,88.25,16.21,12,-2.89,-4.84,-6.32,-5.44,-0.87,0.44,3.51,0.03,8.25,9.58,1.25,-2.71,Coffee,Clay Loam,0.308,0.282,23.07,10,0.415,3.035.158,14.226
14.66,108.152,5,853,3.64,32.8,35.4,5.6,34.3,33,42.4,21.85,4.86,88.25,16.21,12,-2.89,-4.84,-6.32,-5.44,-0.87,0.44,3.51,0.03,8.25,9.58,1.25,-2.71,Coffee,Clay Loam,0.308,0.27,23.07,10,0.415,3.035.158,16.306
14.663,108.253,5,1340,3.64,34.3,41.2,5.4,33.2,32.5,52.7,21.85,4.86,88.25,16.21,12,-2.89,-4.84,-6.32,-5.44,-0.87,0.44,3.51,0.03,8.25,9.58,1.25,-2.71,Coffee,Clay Loam,0.308,0.287,23.07,10,0.415,3.468.752,13.14
14.666,107.902,6,616,3.64,32.1,43.8,5.5,33.2,34.7,36,21.85,4.86,88.25,17.25,12,-2.89,-4.84,-6.32,-5.44,-0.87,0.44,3.51,0.03,8.25,9.58,1.25,-2.71,Coffee,Clay Loam,0.308,0.264,23.07,10,0.415,3.251.955,17.846
14.667,107.548,6,835,3.64,28.1,28.9,5.5,36.3,35.7,48.3,23.46,3.98,85.67,17.25,12,-3.38,-4.28,-4.61,-3.17,1.38,2.6,6.7,1.94,6.46,2.84,-2.5,-3.93,Coffee,Clay Loam,0.414,0.274,21.87,7,0.306,3.251.955,18.033
14.667,108.043,5,1164,3.64,32.2,40,5.4,32.6,35.2,46.6,21.85,4.86,88.25,16.21,12,-2.89,-4.84,-6.32,-5.44,-0.87,0.44,3.51,0.03,8.25,9.58,1.25,-2.71,Coffee,Clay Loam,0.308,0.28,23.07,10,0.415,3.468.752,14.284
14.669,108.475,5,993,3.64,34.7,43.5,5.4,36.2,29.2,51.5,24.17,5.49,87.16,16.21,12,-2.38,-4.67,-7.06,-6.45,-2.54,-0.81,2.81,-2.36,8.45,10.99,5.33,-1.29,Coffee,Clay Loam,0.387,0.279,27.56,10,0.398,3.468.752,17.716
14.67,107.556,6,801,3.64,28.9,30.1,5.5,36.9,34.2,31.3,23.46,3.98,85.67,17.25,12,-3.38,-4.28,-4.61,-3.17,1.38,2.6,6.7,1.94,6.46,2.84,-2.5,-3.93,Coffee,Clay Loam,0.414,0.249,21.87,7,0.306,3.251.955,18.254
14.671,108.094,5,1170,3.64,33.7,34.2,5.4,32.6,33.7,50.1,21.85,4.86,88.25,16.21,12,-2.89,-4.84,-6.32,-5.44,-0.87,0.44,3.51,0.03,8.25,9.58,1.25,-2.71,Coffee,Clay Loam,0.308,0.285,23.07,10,0.415,3.468.752,14.245
14.677,108.207,6,1377,3.64,35.1,41.3,5.4,32.7,32.1,49.8,21.85,4.86,88.25,16.21,12,-2.89,-4.84,-6.32,-5.44,-0.87,0.44,3.51,0.03,8.25,9.58,1.25,-2.71,Coffee,Clay Loam,0.308,0.285,23.07,10,0.415,3.468.752,12.9
14.678,107.629,5,669,3.64,28.7,22.7,5.6,35.5,35.8,30.6,23.46,3.98,85.67,17.25,12,-3.38,-4.28,-4.61,-3.17,1.38,2.6,6.7,1.94,6.46,2.84,-2.5,-3.93,Coffee,Clay Loam,0.414,0.251,21.87,7,0.306,3.035.158,19.112
14.68,107.761,6,645,3.64,32.5,23.2,5.8,34.4,33.2,32.4,23.46,3.98,85.67,17.25,12,-3.38,-4.28,-4.61,-3.17,1.38,2.6,6.7,1.94,6.46,2.84,-2.5,-3.93,Coffee,Clay Loam,0.414,0.256,21.87,7,0.306,2.601.564,19.268
14.68,107.895,5,752,3.64,31.9,43.8,5.6,33.6,34.4,36.2,21.85,4.86,88.25,17.25,12,-2.89,-4.84,-6.32,-5.44,-0.87,0.44,3.51,0.03,8.25,9.58,1.25,-2.71,Coffee,Clay Loam,0.308,0.263,23.07,10,0.415,3.035.158,16.962
14.686,108.173,6,1210,3.64,34.2,34.1,5.4,33.7,32.1,49.4,21.85,4.86,88.25,16.21,12,-2.89,-4.84,-6.32,-5.44,-0.87,0.44,3.51,0.03,8.25,9.58,1.25,-2.71,Coffee,Clay Loam,0.308,0.282,23.07,10,0.415,3.468.752,13.985
14.691,108.04,6,1382,3.64,36.2,56.9,5.3,31.8,32,50.8,21.85,4.86,88.25,16.21,12,-2.89,-4.84,-6.32,-5.44,-0.87,0.44,3.51,0.03,8.25,9.58,1.25,-2.71,Coffee,Clay Loam,0.308,0.288,23.07,10,0.415,3.685.549,12.867
14.693,108.415,6,1201,3.64,38.2,45.8,5.4,34.4,27.4,63.7,21.85,4.86,88.25,16.21,12,-2.89,-4.84,-6.32,-5.44,-0.87,0.44,3.51,0.03,8.25,9.58,1.25,-2.71,Coffee,Clay Loam,0.308,0.3,23.07,10,0.415,3.468.752,14.044
14.695,107.988,6,722,3.64,32.7,32.2,5.5,33.5,33.8,39.1,21.85,4.86,88.25,17.25,12,-2.89,-4.84,-6.32,-5.44,-0.87,0.44,3.51,0.03,8.25,9.58,1.25,-2.71,Coffee,Clay Loam,0.308,0.268,23.07,10,0.415,3.251.955,17.157
14.695,108.273,6,1229,3.64,35.5,39.7,5.4,33.6,30.9,52.3,21.85,4.86,88.25,16.21,12,-2.89,-4.84,-6.32,-5.44,-0.87,0.44,3.51,0.03,8.25,9.58,1.25,-2.71,Coffee,Clay Loam,0.308,0.286,23.07,10,0.415,3.468.752,13.862
14.698,108.415,6,1136,3.64,36.1,43.9,5.4,35,28.9,57.1,21.85,4.86,88.25,16.21,12,-2.89,-4.84,-6.32,-5.44,-0.87,0.44,3.51,0.03,8.25,9.58,1.25,-2.71,Coffee,Clay Loam,0.308,0.289,23.07,10,0.415,3.468.752,14.466
14.707,108.281,6,1306,3.64,34.8,39.9,5.4,34.3,30.9,52.6,21.85,4.86,88.25,16.21,12,-2.89,-4.84,-6.32,-5.44,-0.87,0.44,3.51,0.03,8.25,9.58,1.25,-2.71,Coffee,Clay Loam,0.308,0.285,23.07,10,0.415,3.468.752,13.361
14.71,107.563,5,812,3.64,26.6,35.4,5.5,37.7,35.7,38.5,23.46,3.98,85.67,17.25,12,-3.38,-4.28,-4.61,-3.17,1.38,2.6,6.7,1.94,6.46,2.84,-2.5,-3.93,Coffee,Loam,0.414,0.257,21.87,7,0.306,3.251.955,18.182
14.711,108.466,5,1157,3.64,35.5,44.4,5.5,36.4,28.1,64.6,24.17,5.49,87.16,16.21,12,-2.38,-4.67,-7.06,-6.45,-2.54,-0.81,2.81,-2.36,8.45,10.99,5.33,-1.29,Coffee,Clay Loam,0.387,0.297,27.56,10,0.398,3.251.955,16.65
14.713,107.568,6,906,3.64,28.1,30.4,5.6,37.7,34.2,30.3,23.46,3.98,85.67,17.25,12,-3.38,-4.28,-4.61,-3.17,1.38,2.6,6.7,1.94,6.46,2.84,-2.5,-3.93,Coffee,Clay Loam,0.414,0.246,21.87,7,0.306,3.035.158,17.571
14.713,108.235,5,1118,3.64,33.1,37.6,5.3,35.9,31,56.3,21.85,4.86,88.25,16.21,12,-2.89,-4.84,-6.32,-5.44,-0.87,0.44,3.51,0.03,8.25,9.58,1.25,-2.71,Coffee,Clay Loam,0.308,0.286,23.07,10,0.415,3.685.549,14.583
14.715,107.887,5,819,3.64,32.3,25.2,5.6,34.2,33.4,35.2,21.85,4.86,88.25,17.25,12,-2.89,-4.84,-6.32,-5.44,-0.87,0.44,3.51,0.03,8.25,9.58,1.25,-2.71,Coffee,Clay Loam,0.308,0.261,23.07,10,0.415,3.035.158,16.527
14.717,107.557,5,962,3.64,27.1,35.9,5.4,38.1,34.7,48.4,23.46,3.98,85.67,17.25,12,-3.38,-4.28,-4.61,-3.17,1.38,2.6,6.7,1.94,6.46,2.84,-2.5,-3.93,Coffee,Clay Loam,0.414,0.27,21.87,7,0.306,3.468.752,17.207
14.718,108.049,5,1056,3.64,32.3,33.1,5.5,33.6,34.1,41.9,21.85,4.86,88.25,16.21,12,-2.89,-4.84,-6.32,-5.44,-0.87,0.44,3.51,0.03,8.25,9.58,1.25,-2.71,Coffee,Clay Loam,0.308,0.271,23.07,10,0.415,3.251.955,14.986
14.722,107.671,5,756,3.64,31.5,33.7,5.5,36.2,32.3,45,23.46,3.98,85.67,17.25,12,-3.38,-4.28,-4.61,-3.17,1.38,2.6,6.7,1.94,6.46,2.84,-2.5,-3.93,Coffee,Clay Loam,0.414,0.27,21.87,7,0.306,3.251.955,18.546
14.724,108.313,6,1038,3.64,36.2,43.5,5.4,34.6,29.2,54.4,21.85,4.86,88.25,16.21,12,-2.89,-4.84,-6.32,-5.44,-0.87,0.44,3.51,0.03,8.25,9.58,1.25,-2.71,Coffee,Clay Loam,0.308,0.287,23.07,10,0.415,3.468.752,15.103
14.726,107.693,5,644,3.64,29.8,23.3,5.8,33.6,36.6,21.5,23.46,3.98,85.67,17.25,12,-3.38,-4.28,-4.61,-3.17,1.38,2.6,6.7,1.94,6.46,2.84,-2.5,-3.93,Coffee,Clay Loam,0.414,0.243,21.87,7,0.306,2.601.564,19.274
14.727,107.628,5,604,3.64,28.8,23.7,5.8,34.4,36.9,23.6,23.46,3.98,85.67,17.25,12,-3.38,-4.28,-4.61,-3.17,1.38,2.6,6.7,1.94,6.46,2.84,-2.5,-3.93,Coffee,Clay Loam,0.414,0.244,21.87,7,0.306,2.601.564,19.534
14.729,108.27,6,1318,3.64,34.9,40.8,5.3,33.9,31.2,54.2,21.85,4.86,88.25,16.21,12,-2.89,-4.84,-6.32,-5.44,-0.87,0.44,3.51,0.03,8.25,9.58,1.25,-2.71,Coffee,Clay Loam,0.308,0.288,23.07,10,0.415,3.685.549,13.283
14.73,108.438,6,891,3.64,33.7,47.7,5.6,36.8,29.5,51.1,24.17,5.49,87.16,16.21,12,-2.38,-4.67,-7.06,-6.45,-2.54,-0.81,2.81,-2.36,8.45,10.99,5.33,-1.29,Coffee,Clay Loam,0.387,0.277,27.56,10,0.398,3.035.158,18.379
14.733,107.525,5,650,3.64,27.7,39,5.6,38.4,34,39.4,23.46,3.98,85.67,17.25,12,-3.38,-4.28,-4.61,-3.17,1.38,2.6,6.7,1.94,6.46,2.84,-2.5,-3.93,Coffee,Clay Loam,0.414,0.257,21.87,7,0.306,3.035.158,19.235
14.733,108.378,5,402,3.64,35.2,48,5.8,32.4,32.3,60.3,21.85,4.86,88.25,16.21,12,-2.89,-4.84,-6.32,-5.44,-0.87,0.44,3.51,0.03,8.25,9.58,1.25,-2.71,Coffee,Clay Loam,0.308,0.3,23.07,10,0.415,2.601.564,19.237
14.735,108.135,6,1385,3.64,34,41.7,5.3,33.7,32.3,54.3,21.85,4.86,88.25,16.21,12,-2.89,-4.84,-6.32,-5.44,-0.87,0.44,3.51,0.03,8.25,9.58,1.25,-2.71,Coffee,Clay Loam,0.308,0.289,23.07,10,0.415,3.685.549,12.848
14.736,107.661,6,798,3.64,30,30.5,5.6,35,35,33.4,23.46,3.98,85.67,17.25,12,-3.38,-4.28,-4.61,-3.17,1.38,2.6,6.7,1.94,6.46,2.84,-2.5,-3.93,Coffee,Clay Loam,0.414,0.256,21.87,7,0.306,3.035.158,18.273
14.736,107.89,5,895,3.64,34.6,34.5,5.5,34.2,31.2,34.6,21.85,4.86,88.25,17.25,12,-2.89,-4.84,-6.32,-5.44,-0.87,0.44,3.51,0.03,8.25,9.58,1.25,-2.71,Coffee,Clay Loam,0.308,0.26,23.07,10,0.415,3.251.955,16.033
14.737,107.89,6,880,3.64,34.5,34,5.4,34.4,31.1,35.9,21.85,4.86,88.25,17.25,12,-2.89,-4.84,-6.32,-5.44,-0.87,0.44,3.51,0.03,8.25,9.58,1.25,-2.71,Coffee,Clay Loam,0.308,0.261,23.07,10,0.415,3.468.752,16.13
14.737,108.234,6,1232,3.64,34.4,36.9,5.4,33.8,31.7,48.3,21.85,4.86,88.25,16.21,12,-2.89,-4.84,-6.32,-5.44,-0.87,0.44,3.51,0.03,8.25,9.58,1.25,-2.71,Coffee,Clay Loam,0.308,0.28,23.07,10,0.415,3.468.752,13.842
14.737,108.267,5,1289,3.64,36,42.1,5.3,31.1,32.9,56.2,21.85,4.86,88.25,16.21,12,-2.89,-4.84,-6.32,-5.44,-0.87,0.44,3.51,0.03,8.25,9.58,1.25,-2.71,Coffee,Clay Loam,0.308,0.297,23.07,10,0.415,3.685.549,13.472
14.741,107.693,5,637,3.64,28.8,24.4,5.8,33.9,37.3,24.1,23.46,3.98,85.67,17.25,12,-3.38,-4.28,-4.61,-3.17,1.38,2.6,6.7,1.94,6.46,2.84,-2.5,-3.93,Coffee,Clay Loam,0.414,0.246,21.87,7,0.306,2.601.564,19.32
14.743,108.398,6,496,3.64,34.9,52.5,5.7,31.3,33.8,61.7,21.85,4.86,88.25,16.21,12,-2.89,-4.84,-6.32,-5.44,-0.87,0.44,3.51,0.03,8.25,9.58,1.25,-2.71,Coffee,Clay Loam,0.308,0.304,23.07,10,0.415,2.818.361,18.626
14.744,108.437,6,693,3.64,30.8,54.4,5.6,39.1,30.1,52.1,21.85,4.86,88.25,16.21,12,-2.89,-4.84,-6.32,-5.44,-0.87,0.44,3.51,0.03,8.25,9.58,1.25,-2.71,Coffee,Clay Loam,0.308,0.273,23.07,10,0.415,3.035.158,17.346
14.746,108.019,5,1104,3.64,35.3,60.3,5.3,30.5,34.2,52.5,21.85,4.86,88.25,16.21,12,-2.89,-4.84,-6.32,-5.44,-0.87,0.44,3.51,0.03,8.25,9.58,1.25,-2.71,Coffee,Clay Loam,0.308,0.293,23.07,10,0.415,3.685.549,14.674
14.75,108.115,6,1654,3.64,30.4,59.2,5.3,34.4,35.1,62.9,21.85,4.86,88.25,16.21,12,-2.89,-4.84,-6.32,-5.44,-0.87,0.44,3.51,0.03,8.25,9.58,1.25,-2.71,Coffee,Clay Loam,0.308,0.299,23.07,10,0.415,3.685.549,11.099
14.752,107.599,6,557,3.64,29.2,31,5.5,36.3,34.5,33.9,22.38,3.4,85.43,17.25,12,-2.44,-3.48,-4.33,-2.88,-0.4,0.18,2.16,-0.16,5.83,7.11,0.4,-2.03,Coffee,Clay Loam,0.394,0.254,15.72,10,0.453,3.251.955,18.76
14.753,108.067,5,1052,3.64,32.7,37.4,5.4,34.7,32.7,48.4,21.92,6.65,88.47,16.21,12,-2.37,-4.83,-7.48,-6.64,-3.47,-2.32,-0.47,-2.52,7.66,16.85,5.94,-0.38,Coffee,Clay Loam,0.303,0.278,30.48,10,0.553,3.468.752,15.082
14.754,108.36,5,863,3.64,36.6,48.7,5.5,34.9,28.5,49.1,21.92,6.65,88.47,16.21,12,-2.37,-4.83,-7.48,-6.64,-3.47,-2.32,-0.47,-2.52,7.66,16.85,5.94,-0.38,Coffee,Clay Loam,0.303,0.278,30.48,10,0.553,3.251.955,16.311
14.755,108.481,5,1053,3.64,33.7,45.3,5.6,37.5,28.8,53.2,25.35,8.4,86.26,16.21,12,-2.03,-5.34,-9.74,-9.16,-5.8,-2.91,0.2,-5.39,8.55,19.02,11.28,1.31,Coffee,Clay Loam,0.444,0.278,40.37,10,0.471,3.035.158,18.506
14.759,108.14,6,1591,3.64,33.8,53.8,5.3,34.7,31.5,66.6,21.92,6.65,88.47,16.21,12,-2.37,-4.83,-7.48,-6.64,-3.47,-2.32,-0.47,-2.52,7.66,16.85,5.94,-0.38,Coffee,Clay Loam,0.303,0.303,30.48,10,0.553,3.685.549,11.579
14.761,107.853,5,772,3.64,28.4,21.2,5.7,34.2,37.3,31.3,21.92,6.65,88.47,17.25,12,-2.37,-4.83,-7.48,-6.64,-3.47,-2.32,-0.47,-2.52,7.66,16.85,5.94,-0.38,Coffee,Clay Loam,0.303,0.255,30.48,10,0.553,2.818.361,16.902
14.769,108.463,5,1031,3.64,33.4,45.4,5.6,36.7,29.8,60,25.35,8.4,86.26,16.21,12,-2.03,-5.34,-9.74,-9.16,-5.8,-2.91,0.2,-5.39,8.55,19.02,11.28,1.31,Coffee,Clay Loam,0.444,0.29,40.37,10,0.471,3.035.158,18.649
14.77,108.092,6,1240,3.64,34,41.1,5.3,34.1,31.9,44,21.92,6.65,88.47,16.21,12,-2.37,-4.83,-7.48,-6.64,-3.47,-2.32,-0.47,-2.52,7.66,16.85,5.94,-0.38,Coffee,Clay Loam,0.303,0.273,30.48,10,0.553,3.685.549,13.86
14.775,107.671,5,725,3.64,30.6,30.9,5.5,33.6,35.8,39.9,22.38,3.4,85.43,17.25,12,-2.44,-3.48,-4.33,-2.88,-0.4,0.18,2.16,-0.16,5.83,7.11,0.4,-2.03,Coffee,Clay Loam,0.394,0.269,15.72,10,0.453,3.251.955,17.668
14.775,107.975,5,1135,3.64,34.8,44,5.5,32,33.1,45,21.92,6.65,88.47,17.25,12,-2.37,-4.83,-7.48,-6.64,-3.47,-2.32,-0.47,-2.52,7.66,16.85,5.94,-0.38,Coffee,Clay Loam,0.303,0.279,30.48,10,0.553,3.251.955,14.543
14.777,108.231,6,1273,3.64,33.8,41.1,5.5,35.4,30.9,53.3,21.92,6.65,88.47,16.21,12,-2.37,-4.83,-7.48,-6.64,-3.47,-2.32,-0.47,-2.52,7.66,16.85,5.94,-0.38,Coffee,Clay Loam,0.303,0.283,30.48,10,0.553,3.251.955,13.646
14.781,108.017,5,1101,3.64,30.5,41,5.4,34.8,34.7,52.3,21.92,6.65,88.47,16.21,12,-2.37,-4.83,-7.48,-6.64,-3.47,-2.32,-0.47,-2.52,7.66,16.85,5.94,-0.38,Coffee,Clay Loam,0.303,0.283,30.48,10,0.553,3.468.752,14.764
14.786,108.487,6,1002,3.64,34.3,44.9,5.5,36.9,28.8,56,25.35,8.4,86.26,16.21,12,-2.03,-5.34,-9.74,-9.16,-5.8,-2.91,0.2,-5.39,8.55,19.02,11.28,1.31,Coffee,Clay Loam,0.444,0.284,40.37,10,0.471,3.251.955,18.837
14.789,107.647,6,963,3.64,29.7,45.6,5.5,38,32.2,51.9,22.38,3.4,85.43,17.25,12,-2.44,-3.48,-4.33,-2.88,-0.4,0.18,2.16,-0.16,5.83,7.11,0.4,-2.03,Coffee,Clay Loam,0.394,0.275,15.72,10,0.453,3.251.955,16.12
14.791,107.795,5,1595,3.64,29.9,58.3,5.3,35.5,34.6,64.2,22.38,3.4,85.43,17.25,12,-2.44,-3.48,-4.33,-2.88,-0.4,0.18,2.16,-0.16,5.83,7.11,0.4,-2.03,Coffee,Clay Loam,0.394,0.298,15.72,10,0.453,3.685.549,12.012
14.792,108.033,6,1341,3.64,32.7,44.4,5.3,35.9,31.4,54.3,21.92,6.65,88.47,16.21,12,-2.37,-4.83,-7.48,-6.64,-3.47,-2.32,-0.47,-2.52,7.66,16.85,5.94,-0.38,Coffee,Clay Loam,0.303,0.283,30.48,10,0.553,3.685.549,13.204
14.794,108.051,6,1139,3.64,35,37.4,5.3,33,32,44.6,21.92,6.65,88.47,16.21,12,-2.37,-4.83,-7.48,-6.64,-3.47,-2.32,-0.47,-2.52,7.66,16.85,5.94,-0.38,Coffee,Clay Loam,0.303,0.277,30.48,10,0.553,3.685.549,14.517
14.797,108.089,6,1331,3.64,33.7,41.5,5.3,34.8,31.5,45,21.92,6.65,88.47,16.21,12,-2.37,-4.83,-7.48,-6.64,-3.47,-2.32,-0.47,-2.52,7.66,16.85,5.94,-0.38,Coffee,Clay Loam,0.303,0.273,30.48,10,0.553,3.685.549,13.269
14.797,108.345,5,685,3.64,33.6,52.4,5.5,35.9,30.5,57.8,21.92,6.65,88.47,16.21,12,-2.37,-4.83,-7.48,-6.64,-3.47,-2.32,-0.47,-2.52,7.66,16.85,5.94,-0.38,Coffee,Clay Loam,0.303,0.288,30.48,10,0.553,3.251.955,17.468
14.798,108.09,5,1324,3.64,34.4,39.5,5.3,33.7,31.8,45.6,21.92,6.65,88.47,16.21,12,-2.37,-4.83,-7.48,-6.64,-3.47,-2.32,-0.47,-2.52,7.66,16.85,5.94,-0.38,Coffee,Clay Loam,0.303,0.276,30.48,10,0.553,3.685.549,13.314
14.799,107.726,5,978,3.64,32.3,48.6,5.3,35.3,32.4,49.6,22.38,3.4,85.43,17.25,12,-2.44,-3.48,-4.33,-2.88,-0.4,0.18,2.16,-0.16,5.83,7.11,0.4,-2.03,Coffee,Clay Loam,0.394,0.278,15.72,10,0.453,3.685.549,16.023
14.8,107.766,6,1494,3.64,30.3,42.9,5.3,36.4,33.3,56.3,22.38,3.4,85.43,17.25,12,-2.44,-3.48,-4.33,-2.88,-0.4,0.18,2.16,-0.16,5.83,7.11,0.4,-2.03,Coffee,Clay Loam,0.394,0.285,15.72,10,0.453,3.685.549,12.669
14.81,107.685,5,678,3.64,28.5,27.3,5.8,34.4,37.1,28.7,22.38,3.4,85.43,17.25,12,-2.44,-3.48,-4.33,-2.88,-0.4,0.18,2.16,-0.16,5.83,7.11,0.4,-2.03,Coffee,Clay Loam,0.394,0.251,15.72,10,0.453,2.601.564,17.973
14.811,107.567,5,676,3.64,29.2,37.1,5.6,37,33.7,48.2,22.38,3.4,85.43,17.25,12,-2.44,-3.48,-4.33,-2.88,-0.4,0.18,2.16,-0.16,5.83,7.11,0.4,-2.03,Coffee,Clay Loam,0.394,0.272,15.72,10,0.453,3.035.158,17.986
14.815,107.65,5,784,3.64,30.2,29.7,5.7,36.4,33.3,35.7,22.38,3.4,85.43,17.25,12,-2.44,-3.48,-4.33,-2.88,-0.4,0.18,2.16,-0.16,5.83,7.11,0.4,-2.03,Coffee,Clay Loam,0.394,0.256,15.72,10,0.453,2.818.361,17.284
14.816,107.973,6,1350,3.64,34.8,55.6,5.2,33.1,32.2,51.2,21.92,6.65,88.47,17.25,12,-2.37,-4.83,-7.48,-6.64,-3.47,-2.32,-0.47,-2.52,7.66,16.85,5.94,-0.38,Coffee,Clay Loam,0.303,0.286,30.48,10,0.553,3.902.346,13.145
14.818,107.69,5,657,3.64,29.8,29.7,5.7,32.8,37.4,28,22.38,3.4,85.43,17.25,12,-2.44,-3.48,-4.33,-2.88,-0.4,0.18,2.16,-0.16,5.83,7.11,0.4,-2.03,Coffee,Clay Loam,0.394,0.254,15.72,10,0.453,2.818.361,18.109
14.819,107.868,6,829,3.64,31.1,22.4,5.6,33,35.9,30.5,21.92,6.65,88.47,17.25,12,-2.37,-4.83,-7.48,-6.64,-3.47,-2.32,-0.47,-2.52,7.66,16.85,5.94,-0.38,Coffee,Clay Loam,0.303,0.257,30.48,10,0.553,3.035.158,16.532
14.819,108.476,5,892,3.64,32.4,49.8,5.5,35.6,32.1,56.5,25.35,8.4,86.26,16.21,12,-2.03,-5.34,-9.74,-9.16,-5.8,-2.91,0.2,-5.39,8.55,19.02,11.28,1.31,Coffee,Clay Loam,0.444,0.287,40.37,10,0.471,3.251.955,19.552
14.82,108.268,6,1290,3.64,33.6,44.2,5.4,34.7,31.7,58.9,21.92,6.65,88.47,16.21,12,-2.37,-4.83,-7.48,-6.64,-3.47,-2.32,-0.47,-2.52,7.66,16.85,5.94,-0.38,Coffee,Clay Loam,0.303,0.293,30.48,10,0.553,3.468.752,13.535
14.832,107.842,6,1051,3.64,35.1,37.9,5.5,32.8,32,41.2,21.92,6.65,88.47,17.25,12,-2.37,-4.83,-7.48,-6.64,-3.47,-2.32,-0.47,-2.52,7.66,16.85,5.94,-0.38,Coffee,Clay Loam,0.303,0.272,30.48,10,0.553,3.251.955,15.089
14.836,107.708,5,628,3.64,28.2,28.6,5.8,35.6,36.3,29.2,22.38,3.4,85.43,17.25,12,-2.44,-3.48,-4.33,-2.88,-0.4,0.18,2.16,-0.16,5.83,7.11,0.4,-2.03,Coffee,Clay Loam,0.394,0.249,15.72,10,0.453,2.601.564,18.298
14.836,107.737,6,939,3.64,28.6,35.4,5.5,36.4,35,42.4,22.38,3.4,85.43,17.25,12,-2.44,-3.48,-4.33,-2.88,-0.4,0.18,2.16,-0.16,5.83,7.11,0.4,-2.03,Coffee,Clay Loam,0.394,0.266,15.72,10,0.453,3.251.955,16.276
14.839,107.964,6,1387,3.64,35.9,47.1,5.3,32.9,31.3,45.3,21.92,6.65,88.47,17.25,12,-2.37,-4.83,-7.48,-6.64,-3.47,-2.32,-0.47,-2.52,7.66,16.85,5.94,-0.38,Coffee,Clay Loam,0.303,0.278,30.48,10,0.553,3.685.549,12.905
14.839,108.279,6,1470,3.64,34.9,51.3,5.3,33.4,31.7,67.3,21.92,6.65,88.47,16.21,12,-2.37,-4.83,-7.48,-6.64,-3.47,-2.32,-0.47,-2.52,7.66,16.85,5.94,-0.38,Coffee,Clay Loam,0.303,0.307,30.48,10,0.553,3.685.549,12.365
14.841,107.548,6,600,3.64,29.7,44.5,5.6,37.7,32.6,45.8,22.38,3.4,85.43,17.25,12,-2.44,-3.48,-4.33,-2.88,-0.4,0.18,2.16,-0.16,5.83,7.11,0.4,-2.03,Coffee,Clay Loam,0.394,0.267,15.72,10,0.453,3.035.158,18.48
14.841,107.887,5,906,3.64,34.8,32.1,5.6,31.9,33.3,37.4,21.92,6.65,88.47,17.25,12,-2.37,-4.83,-7.48,-6.64,-3.47,-2.32,-0.47,-2.52,7.66,16.85,5.94,-0.38,Coffee,Clay Loam,0.303,0.269,30.48,10,0.553,3.035.158,16.031
14.842,107.76,5,950,3.64,30.9,41.3,5.5,35.4,33.7,44,22.38,3.4,85.43,17.25,12,-2.44,-3.48,-4.33,-2.88,-0.4,0.18,2.16,-0.16,5.83,7.11,0.4,-2.03,Coffee,Clay Loam,0.394,0.27,15.72,10,0.453,3.251.955,16.205
14.846,108.285,6,1483,3.64,35,58.6,5.3,34.5,30.5,70.7,21.92,6.65,88.47,16.21,12,-2.37,-4.83,-7.48,-6.64,-3.47,-2.32,-0.47,-2.52,7.66,16.85,5.94,-0.38,Coffee,Clay Loam,0.303,0.31,30.48,10,0.553,3.685.549,12.281
14.846,108.323,6,949,3.64,34.5,49.4,5.4,36.5,28.9,61.4,21.92,6.65,88.47,16.21,12,-2.37,-4.83,-7.48,-6.64,-3.47,-2.32,-0.47,-2.52,7.66,16.85,5.94,-0.38,Coffee,Clay Loam,0.303,0.292,30.48,10,0.553,3.468.752,15.752
14.846,108.494,5,526,3.64,37.5,55.2,5.9,32.1,30.4,77.1,25.35,8.4,86.26,16.21,12,-2.03,-5.34,-9.74,-9.16,-5.8,-2.91,0.2,-5.39,8.55,19.02,11.28,1.31,Coffee,Clay Loam,0.444,0.324,40.37,10,0.471,2.384.767,21.931
14.847,107.526,6,519,3.64,30.4,39.8,5.6,38.4,31.2,46.9,22.38,3.4,85.43,17.25,12,-2.44,-3.48,-4.33,-2.88,-0.4,0.18,2.16,-0.16,5.83,7.11,0.4,-2.03,Coffee,Clay Loam,0.394,0.267,15.72,10,0.453,3.035.158,19.006
14.849,107.682,5,662,3.64,31.1,26.9,5.8,33.4,35.5,29.5,22.38,3.4,85.43,17.25,12,-2.44,-3.48,-4.33,-2.88,-0.4,0.18,2.16,-0.16,5.83,7.11,0.4,-2.03,Coffee,Clay Loam,0.394,0.254,15.72,10,0.453,2.601.564,18.077
14.85,107.573,6,774,3.64,31.1,44.5,5.6,37.1,31.9,47.9,22.38,3.4,85.43,17.25,12,-2.44,-3.48,-4.33,-2.88,-0.4,0.18,2.16,-0.16,5.83,7.11,0.4,-2.03,Coffee,Clay Loam,0.394,0.272,15.72,10,0.453,3.035.158,17.349
14.851,108.356,6,926,3.64,35.5,45.2,5.6,35.1,29.4,63.4,21.92,6.65,88.47,16.21,12,-2.37,-4.83,-7.48,-6.64,-3.47,-2.32,-0.47,-2.52,7.66,16.85,5.94,-0.38,Coffee,Clay Loam,0.303,0.298,30.48,10,0.553,3.035.158,15.901
14.852,108.026,6,968,3.64,31.8,35.4,5.4,35.6,32.6,40.5,21.92,6.65,88.47,16.21,12,-2.37,-4.83,-7.48,-6.64,-3.47,-2.32,-0.47,-2.52,7.66,16.85,5.94,-0.38,Coffee,Clay Loam,0.303,0.265,30.48,10,0.553,3.468.752,15.628
14.853,108.076,5,1282,3.64,34.2,33,5.4,34.4,31.4,44.5,21.92,6.65,88.47,16.21,12,-2.37,-4.83,-7.48,-6.64,-3.47,-2.32,-0.47,-2.52,7.66,16.85,5.94,-0.38,Coffee,Clay Loam,0.303,0.273,30.48,10,0.553,3.468.752,13.587
14.853,108.466,5,623,3.64,37.4,56.3,5.6,32.2,30.4,68.3,25.35,8.4,86.26,16.21,12,-2.03,-5.34,-9.74,-9.16,-5.8,-2.91,0.2,-5.39,8.55,19.02,11.28,1.31,Coffee,Clay Loam,0.444,0.312,40.37,10,0.471,3.035.158,21.3
14.854,107.566,6,577,3.64,29.8,40.8,5.6,37.4,32.8,42.1,22.38,3.4,85.43,17.25,12,-2.44,-3.48,-4.33,-2.88,-0.4,0.18,2.16,-0.16,5.83,7.11,0.4,-2.03,Coffee,Clay Loam,0.394,0.263,15.72,10,0.453,3.035.158,18.63
14.854,108.244,6,913,3.64,34.5,43.4,5.5,36.6,29,49.5,21.92,6.65,88.47,16.21,12,-2.37,-4.83,-7.48,-6.64,-3.47,-2.32,-0.47,-2.52,7.66,16.85,5.94,-0.38,Coffee,Clay Loam,0.303,0.275,30.48,10,0.553,3.251.955,15.986
14.861,107.888,5,987,3.64,37.5,36,5.5,31.8,30.7,35.8,21.92,6.65,88.47,17.25,12,-2.37,-4.83,-7.48,-6.64,-3.47,-2.32,-0.47,-2.52,7.66,16.85,5.94,-0.38,Coffee,Clay Loam,0.303,0.267,30.48,10,0.553,3.251.955,15.505
14.861,108.376,5,593,3.64,31.7,52,5.6,34.8,33.5,66.5,21.92,6.65,88.47,16.21,12,-2.37,-4.83,-7.48,-6.64,-3.47,-2.32,-0.47,-2.52,7.66,16.85,5.94,-0.38,Coffee,Clay Loam,0.303,0.303,30.48,10,0.553,3.035.158,18.066
14.864,107.955,5,1581,3.64,34,56.8,5.3,32.7,33.4,49.6,21.92,6.65,88.47,17.25,12,-2.37,-4.83,-7.48,-6.64,-3.47,-2.32,-0.47,-2.52,7.66,16.85,5.94,-0.38,Coffee,Clay Loam,0.303,0.284,30.48,10,0.553,3.685.549,11.644
14.865,107.921,5,1259,3.64,35.2,34.8,5.4,33,31.8,42.8,21.92,6.65,88.47,17.25,12,-2.37,-4.83,-7.48,-6.64,-3.47,-2.32,-0.47,-2.52,7.66,16.85,5.94,-0.38,Coffee,Clay Loam,0.303,0.274,30.48,10,0.553,3.468.752,13.737
14.865,108.369,5,538,3.64,33.4,46.6,5.7,34.6,32,66.2,21.92,6.65,88.47,16.21,12,-2.37,-4.83,-7.48,-6.64,-3.47,-2.32,-0.47,-2.52,7.66,16.85,5.94,-0.38,Coffee,Clay Loam,0.303,0.303,30.48,10,0.553,2.818.361,18.423
14.866,107.514,5,632,3.64,28.6,40.7,5.6,37.5,33.9,43,22.38,3.4,85.43,17.25,12,-2.44,-3.48,-4.33,-2.88,-0.4,0.18,2.16,-0.16,5.83,7.11,0.4,-2.03,Coffee,Clay Loam,0.394,0.264,15.72,10,0.453,3.035.158,18.272
14.866,107.525,5,699,3.64,28.7,37.6,5.6,38.1,33.2,44.2,22.38,3.4,85.43,17.25,12,-2.44,-3.48,-4.33,-2.88,-0.4,0.18,2.16,-0.16,5.83,7.11,0.4,-2.03,Coffee,Clay Loam,0.394,0.264,15.72,10,0.453,3.035.158,17.836
14.871,108.383,5,1077,3.64,35.5,52.5,5.6,34.1,30.4,59.2,21.92,6.65,88.47,16.21,12,-2.37,-4.83,-7.48,-6.64,-3.47,-2.32,-0.47,-2.52,7.66,16.85,5.94,-0.38,Coffee,Clay Loam,0.303,0.294,30.48,10,0.553,3.035.158,14.92
14.872,108.494,6,663,3.64,34.8,53.8,5.8,33.4,31.8,75,25.35,8.4,86.26,16.21,12,-2.03,-5.34,-9.74,-9.16,-5.8,-2.91,0.2,-5.39,8.55,19.02,11.28,1.31,Coffee,Clay Loam,0.444,0.318,40.37,10,0.471,2.601.564,21.04
14.876,107.524,5,672,3.64,27.6,42.3,5.5,38,34.3,44.9,22.38,3.4,85.43,17.25,12,-2.44,-3.48,-4.33,-2.88,-0.4,0.18,2.16,-0.16,5.83,7.11,0.4,-2.03,Coffee,Clay Loam,0.394,0.265,15.72,10,0.453,3.251.955,18.012
14.878,108.479,6,204,3.64,35.3,51.8,6,33,31.6,62.6,25.35,8.4,86.26,16.21,12,-2.03,-5.34,-9.74,-9.16,-5.8,-2.91,0.2,-5.39,8.55,19.02,11.28,1.31,Coffee,Clay Loam,0.444,0.302,40.37,10,0.471,2167.97,24.024
14.88,108.111,6,1486,3.64,34.5,50.4,5.3,33.7,31.8,53.9,21.92,6.65,88.47,16.21,12,-2.37,-4.83,-7.48,-6.64,-3.47,-2.32,-0.47,-2.52,7.66,16.85,5.94,-0.38,Coffee,Clay Loam,0.303,0.288,30.48,10,0.553,3.685.549,12.261
14.881,108.34,6,709,3.64,31.4,47.7,5.6,36.9,31.7,56.5,21.92,6.65,88.47,16.21,12,-2.37,-4.83,-7.48,-6.64,-3.47,-2.32,-0.47,-2.52,7.66,16.85,5.94,-0.38,Coffee,Clay Loam,0.303,0.284,30.48,10,0.553,3.035.158,17.312
14.883,107.724,5,763,3.64,30.9,33.3,5.6,33.1,36,41.1,22.38,3.4,85.43,17.25,12,-2.44,-3.48,-4.33,-2.88,-0.4,0.18,2.16,-0.16,5.83,7.11,0.4,-2.03,Coffee,Clay Loam,0.394,0.271,15.72,10,0.453,3.035.158,17.42
14.885,107.83,6,1110,3.64,32.4,38.6,5.3,34.7,32.9,45,21.92,6.65,88.47,17.25,12,-2.37,-4.83,-7.48,-6.64,-3.47,-2.32,-0.47,-2.52,7.66,16.85,5.94,-0.38,Coffee,Clay Loam,0.303,0.273,30.48,10,0.553,3.685.549,14.705
14.886,108.152,6,1496,3.64,33.7,48.8,5.3,33.8,32.5,61.3,21.92,6.65,88.47,16.21,12,-2.37,-4.83,-7.48,-6.64,-3.47,-2.32,-0.47,-2.52,7.66,16.85,5.94,-0.38,Coffee,Clay Loam,0.303,0.298,30.48,10,0.553,3.685.549,12.196
14.891,107.753,5,1085,3.64,31.6,41.5,5.4,36.3,32.1,48.4,22.38,3.4,85.43,17.25,12,-2.44,-3.48,-4.33,-2.88,-0.4,0.18,2.16,-0.16,5.83,7.11,0.4,-2.03,Coffee,Clay Loam,0.394,0.274,15.72,10,0.453,3.468.752,15.328
14.894,108.379,5,967,3.64,35.2,61,5.6,36.7,28.1,78.2,21.92,6.65,88.47,16.21,12,-2.37,-4.83,-7.48,-6.64,-3.47,-2.32,-0.47,-2.52,7.66,16.85,5.94,-0.38,Coffee,Clay Loam,0.303,0.315,30.48,10,0.553,3.035.158,15.635
14.9,108.167,5,1269,3.64,31.6,43.5,5.3,35.8,32.6,57.8,21.92,6.65,88.47,16.21,12,-2.37,-4.83,-7.48,-6.64,-3.47,-2.32,-0.47,-2.52,7.66,16.85,5.94,-0.38,Coffee,Clay Loam,0.303,0.289,30.48,10,0.553,3.685.549,13.672
14.901,107.566,5,1220,3.64,30.4,39.5,5.4,39,30.6,54.3,22.38,3.4,85.43,17.25,12,-2.44,-3.48,-4.33,-2.88,-0.4,0.18,2.16,-0.16,5.83,7.11,0.4,-2.03,Coffee,Clay Loam,0.394,0.276,15.72,10,0.453,3.468.752,14.45
14.903,108.366,5,1064,3.64,30.5,61.5,5.6,39.1,30.4,75.2,21.92,6.65,88.47,16.21,12,-2.37,-4.83,-7.48,-6.64,-3.47,-2.32,-0.47,-2.52,7.66,16.85,5.94,-0.38,Coffee,Clay Loam,0.303,0.305,30.48,10,0.553,3.035.158,15.004
14.904,107.565,5,1131,3.64,29.5,50.6,5.4,38.6,31.9,50.3,22.38,3.4,85.43,17.25,12,-2.44,-3.48,-4.33,-2.88,-0.4,0.18,2.16,-0.16,5.83,7.11,0.4,-2.03,Coffee,Clay Loam,0.394,0.272,15.72,10,0.453,3.468.752,15.028
14.904,107.826,6,856,3.64,32.8,28.6,5.6,34.3,33,35.5,21.92,6.65,88.47,17.25,12,-2.37,-4.83,-7.48,-6.64,-3.47,-2.32,-0.47,-2.52,7.66,16.85,5.94,-0.38,Coffee,Clay Loam,0.303,0.261,30.48,10,0.553,3.035.158,16.356
14.911,108.097,5,1581,3.64,36.4,53.1,5.3,33.9,29.7,55.4,21.92,6.65,88.47,16.21,12,-2.37,-4.83,-7.48,-6.64,-3.47,-2.32,-0.47,-2.52,7.66,16.85,5.94,-0.38,Coffee,Clay Loam,0.303,0.29,30.48,10,0.553,3.685.549,11.644
14.913,107.867,5,1210,3.64,32.3,42.1,5.4,34.8,32.9,47.9,21.92,6.65,88.47,17.25,12,-2.37,-4.83,-7.48,-6.64,-3.47,-2.32,-0.47,-2.52,7.66,16.85,5.94,-0.38,Coffee,Clay Loam,0.303,0.277,30.48,10,0.553,3.468.752,14.055
14.913,108.399,5,1124,3.64,34.3,60.5,5.5,35.8,29.9,84,21.92,6.65,88.47,16.21,12,-2.37,-4.83,-7.48,-6.64,-3.47,-2.32,-0.47,-2.52,7.66,16.85,5.94,-0.38,Coffee,Clay Loam,0.303,0.325,30.48,10,0.553,3.251.955,14.614
14.917,108.194,5,1230,3.64,35.3,46.4,5.3,35.5,29.2,60.9,21.92,6.65,88.47,16.21,12,-2.37,-4.83,-7.48,-6.64,-3.47,-2.32,-0.47,-2.52,7.66,16.85,5.94,-0.38,Coffee,Clay Loam,0.303,0.294,30.48,10,0.553,3.685.549,13.925
14.92,108.239,6,765,3.64,36,49.7,5.6,34,30,53.1,21.92,6.65,88.47,16.21,12,-2.37,-4.83,-7.48,-6.64,-3.47,-2.32,-0.47,-2.52,7.66,16.85,5.94,-0.38,Coffee,Clay Loam,0.303,0.286,30.48,10,0.553,3.035.158,16.948
14.922,108.1,6,1520,3.64,33.7,51.2,5.3,35.4,30.9,59.6,21.92,6.65,88.47,16.21,12,-2.37,-4.83,-7.48,-6.64,-3.47,-2.32,-0.47,-2.52,7.66,16.85,5.94,-0.38,Coffee,Clay Loam,0.303,0.292,30.48,10,0.553,3.685.549,12.04
14.929,107.818,6,816,3.64,30.6,30.4,5.7,34.3,35.1,33.9,21.92,6.65,88.47,17.25,12,-2.37,-4.83,-7.48,-6.64,-3.47,-2.32,-0.47,-2.52,7.66,16.85,5.94,-0.38,Coffee,Clay Loam,0.303,0.259,30.48,10,0.553,2.818.361,16.616
14.929,108.264,5,475,3.64,36.5,49.1,5.8,33.3,30.2,50.2,21.92,6.65,88.47,16.21,12,-2.37,-4.83,-7.48,-6.64,-3.47,-2.32,-0.47,-2.52,7.66,16.85,5.94,-0.38,Coffee,Clay Loam,0.303,0.284,30.48,10,0.553,2.601.564,18.833
14.931,107.506,6,1474,3.64,28.9,45.2,5.4,37.2,33.9,58.9,22.38,3.4,85.43,17.25,12,-2.44,-3.48,-4.33,-2.88,-0.4,0.18,2.16,-0.16,5.83,7.11,0.4,-2.03,Coffee,Clay Loam,0.394,0.287,15.72,10,0.453,3.468.752,12.799
14.931,107.828,6,860,3.64,34,31.6,5.5,34.3,31.7,35.1,21.92,6.65,88.47,17.25,12,-2.37,-4.83,-7.48,-6.64,-3.47,-2.32,-0.47,-2.52,7.66,16.85,5.94,-0.38,Coffee,Clay Loam,0.303,0.26,30.48,10,0.553,3.251.955,16.33
14.933,108.43,5,305,3.64,31.6,49.3,5.8,35.6,32.8,54.6,21.92,6.65,88.47,16.21,12,-2.37,-4.83,-7.48,-6.64,-3.47,-2.32,-0.47,-2.52,7.66,16.85,5.94,-0.38,Coffee,Clay Loam,0.303,0.285,30.48,10,0.553,2.601.564,19.938
14.936,108.359,6,876,3.64,30.9,54.1,5.7,37.8,31.3,73.6,21.92,6.65,88.47,16.21,12,-2.37,-4.83,-7.48,-6.64,-3.47,-2.32,-0.47,-2.52,7.66,16.85,5.94,-0.38,Coffee,Clay Loam,0.303,0.306,30.48,10,0.553,2.818.361,16.226
14.941,107.934,5,1274,3.64,34.2,35.3,5.5,33.3,32.5,50,21.92,6.65,88.47,17.25,12,-2.37,-4.83,-7.48,-6.64,-3.47,-2.32,-0.47,-2.52,7.66,16.85,5.94,-0.38,Coffee,Clay Loam,0.303,0.283,30.48,10,0.553,3.251.955,13.639
14.942,107.696,6,818,3.64,33.4,35.4,5.6,33.5,33.1,37.6,22.38,3.4,85.43,17.25,12,-2.44,-3.48,-4.33,-2.88,-0.4,0.18,2.16,-0.16,5.83,7.11,0.4,-2.03,Coffee,Clay Loam,0.394,0.266,15.72,10,0.453,3.035.158,17.063
14.942,107.829,6,1060,3.64,34.9,36,5.5,33.7,31.4,41,21.92,6.65,88.47,17.25,12,-2.37,-4.83,-7.48,-6.64,-3.47,-2.32,-0.47,-2.52,7.66,16.85,5.94,-0.38,Coffee,Clay Loam,0.303,0.27,30.48,10,0.553,3.251.955,15.03
14.945,107.664,5,1008,3.64,30.8,34.7,5.4,37.2,32,45.9,22.38,3.4,85.43,17.25,12,-2.44,-3.48,-4.33,-2.88,-0.4,0.18,2.16,-0.16,5.83,7.11,0.4,-2.03,Coffee,Clay Loam,0.394,0.269,15.72,10,0.453,3.468.752,15.828
14.946,108.256,5,958,3.64,36.1,49.5,5.6,35.4,28.5,59.8,21.92,6.65,88.47,16.21,12,-2.37,-4.83,-7.48,-6.64,-3.47,-2.32,-0.47,-2.52,7.66,16.85,5.94,-0.38,Coffee,Clay Loam,0.303,0.292,30.48,10,0.553,3.035.158,15.693
14.951,108.472,6,125,3.64,35.7,48,6,29.4,34.9,65.2,25.35,8.4,86.26,16.21,12,-2.03,-5.34,-9.74,-9.16,-5.8,-2.91,0.2,-5.39,8.55,19.02,11.28,1.31,Coffee,Clay Loam,0.444,0.314,40.37,10,0.471,2167.97,24.538
14.953,108.276,6,616,3.64,33.1,49.6,5.7,33.3,33.6,72.2,21.92,6.65,88.47,16.21,12,-2.37,-4.83,-7.48,-6.64,-3.47,-2.32,-0.47,-2.52,7.66,16.85,5.94,-0.38,Coffee,Clay Loam,0.303,0.314,30.48,10,0.553,2.818.361,17.916
14.959,107.69,6,887,3.64,32.3,34.8,5.4,36.2,31.5,41.7,22.38,3.4,85.43,17.25,12,-2.44,-3.48,-4.33,-2.88,-0.4,0.18,2.16,-0.16,5.83,7.11,0.4,-2.03,Coffee,Clay Loam,0.394,0.265,15.72,10,0.453,3.468.752,16.614
14.962,107.597,5,128,3.64,32.3,55.3,5.4,36.4,31.3,49.8,22.38,3.4,85.43,17.25,12,-2.44,-3.48,-4.33,-2.88,-0.4,0.18,2.16,-0.16,5.83,7.11,0.4,-2.03,Coffee,Clay Loam,0.394,0.276,15.72,10,0.453,3.468.752,21.548
14.967,108.387,6,790,3.64,32.6,54.1,5.6,33.8,33.7,81.9,21.92,6.65,88.47,16.21,12,-2.37,-4.83,-7.48,-6.64,-3.47,-2.32,-0.47,-2.52,7.66,16.85,5.94,-0.38,Coffee,Clay Loam,0.303,0.327,30.48,10,0.553,3.035.158,16.785
14.969,108.105,5,1367,3.64,31.7,53.5,5.3,35.2,33.1,63.5,21.92,6.65,88.47,16.21,12,-2.37,-4.83,-7.48,-6.64,-3.47,-2.32,-0.47,-2.52,7.66,16.85,5.94,-0.38,Coffee,Clay Loam,0.303,0.298,30.48,10,0.553,3.685.549,13.035
14.974,108.427,5,511,3.64,33.2,45.8,5.8,35.1,31.7,73.6,21.92,6.65,88.47,16.21,12,-2.37,-4.83,-7.48,-6.64,-3.47,-2.32,-0.47,-2.52,7.66,16.85,5.94,-0.38,Coffee,Clay Loam,0.303,0.312,30.48,10,0.553,2.601.564,18.598
14.975,108.326,5,640,3.64,33.8,45.6,5.7,35.4,30.8,63.5,21.92,6.65,88.47,16.21,12,-2.37,-4.83,-7.48,-6.64,-3.47,-2.32,-0.47,-2.52,7.66,16.85,5.94,-0.38,Coffee,Clay Loam,0.303,0.297,30.48,10,0.553,2.818.361,17.76
14.976,107.9,5,1879,3.64,30.1,73.8,5.3,37.3,32.6,60.1,21.92,6.65,88.47,17.25,12,-2.37,-4.83,-7.48,-6.64,-3.47,-2.32,-0.47,-2.52,7.66,16.85,5.94,-0.38,Coffee,Clay Loam,0.303,0.288,30.48,10,0.553,3.685.549,9.707
14.976,108.177,6,1578,3.64,35.4,55.3,5.3,33.7,30.9,67.5,21.92,6.65,88.47,16.21,12,-2.37,-4.83,-7.48,-6.64,-3.47,-2.32,-0.47,-2.52,7.66,16.85,5.94,-0.38,Coffee,Clay Loam,0.303,0.307,30.48,10,0.553,3.685.549,11.663
14.979,107.932,6,1713,3.64,30.4,52.4,5.5,36.7,32.9,49.1,21.92,6.65,88.47,17.25,12,-2.37,-4.83,-7.48,-6.64,-3.47,-2.32,-0.47,-2.52,7.66,16.85,5.94,-0.38,Coffee,Clay Loam,0.303,0.274,30.48,10,0.553,3.251.955,10.786
14.979,108.137,6,877,3.64,33,48,5.5,32.7,34.2,51.5,21.92,6.65,88.47,16.21,12,-2.37,-4.83,-7.48,-6.64,-3.47,-2.32,-0.47,-2.52,7.66,16.85,5.94,-0.38,Coffee,Clay Loam,0.303,0.287,30.48,10,0.553,3.251.955,16.22
14.981,107.509,6,1043,3.64,31.4,36.4,5.6,36,32.6,39.4,22.38,3.4,85.43,17.25,12,-2.44,-3.48,-4.33,-2.88,-0.4,0.18,2.16,-0.16,5.83,7.11,0.4,-2.03,Coffee,Clay Loam,0.394,0.262,15.72,10,0.453,3.035.158,15.6
14.984,107.983,6,1515,3.64,32.2,52.3,5.5,35.1,32.8,49.4,21.92,6.65,88.47,17.25,12,-2.37,-4.83,-7.48,-6.64,-3.47,-2.32,-0.47,-2.52,7.66,16.85,5.94,-0.38,Coffee,Clay Loam,0.303,0.278,30.48,10,0.553,3.251.955,12.073
14.987,107.744,6,996,3.64,31.5,42.6,5.4,34.8,33.7,49.7,22.38,3.4,85.43,17.25,12,-2.44,-3.48,-4.33,-2.88,-0.4,0.18,2.16,-0.16,5.83,7.11,0.4,-2.03,Coffee,Clay Loam,0.394,0.28,15.72,10,0.453,3.468.752,15.906
14.989,107.923,5,1609,3.64,31.2,57.3,5.4,35.2,33.6,52.8,21.92,6.65,88.47,17.25,12,-2.37,-4.83,-7.48,-6.64,-3.47,-2.32,-0.47,-2.52,7.66,16.85,5.94,-0.38,Coffee,Clay Loam,0.303,0.283,30.48,10,0.553,3.468.752,11.462
14.99,108.293,6,791,3.64,31.9,52.7,5.8,33.8,34.4,62.2,21.92,6.65,88.47,16.21,12,-2.37,-4.83,-7.48,-6.64,-3.47,-2.32,-0.47,-2.52,7.66,16.85,5.94,-0.38,Coffee,Clay Loam,0.303,0.299,30.48,10,0.553,2.601.564,16.778
14.992,107.553,5,1372,3.64,30.4,58.4,5.3,35.7,33.9,54.1,22.38,3.4,85.43,17.25,12,-2.44,-3.48,-4.33,-2.88,-0.4,0.18,2.16,-0.16,5.83,7.11,0.4,-2.03,Coffee,Clay Loam,0.394,0.284,15.72,10,0.453,3.685.549,13.462
14.993,108.452,5,139,3.64,34.6,46.9,5.9,32.8,32.5,57.2,25.35,8.4,86.26,16.21,12,-2.03,-5.34,-9.74,-9.16,-5.8,-2.91,0.2,-5.39,8.55,19.02,11.28,1.31,Coffee,Clay Loam,0.444,0.295,40.37,10,0.471,2.384.767,24.446
14.993,108.482,5,133,3.64,33,42.1,5.9,34.3,32.7,42.6,25.35,8.4,86.26,16.21,12,-2.03,-5.34,-9.74,-9.16,-5.8,-2.91,0.2,-5.39,8.55,19.02,11.28,1.31,Coffee,Clay Loam,0.444,0.271,40.37,10,0.471,2.384.767,24.486
14.998,108.289,6,682,3.64,34.4,47.7,5.6,34.7,31,67.9,21.92,6.65,88.47,16.21,12,-2.37,-4.83,-7.48,-6.64,-3.47,-2.32,-0.47,-2.52,7.66,16.85,5.94,-0.38,Coffee,Clay Loam,0.303,0.305,30.48,10,0.553,3.035.158,17.487
14.999,108.484,6,59,3.64,31.6,40.9,5.9,34,34.4,40.2,25.35,8.4,86.26,16.21,12,-2.03,-5.34,-9.74,-9.16,-5.8,-2.91,0.2,-5.39,8.55,19.02,11.28,1.31,Coffee,Clay Loam,0.444,0.268,40.37,10,0.471,2.384.767,24.966
8.623,105.015,6,2,3.64,34.9,61.1,5.5,35.2,29.9,56.9,28.14,3.97,81.31,17.99,12,-3.92,-4.92,-5.23,-3.15,-0.59,0.53,5.39,0.83,6.79,2.56,4.54,-2.86,Durian,Clay Loam,0.712,0.289,20.67,9,0.329,3.251.955,28.127
8.655,104.908,6,0,3.64,38.7,55.3,5.4,34.7,26.6,56.4,28.14,3.97,81.31,17.74,12,-3.92,-4.92,-5.23,-3.15,-0.59,0.53,5.39,0.83,6.79,2.56,4.54,-2.86,Durian,Clay Loam,0.712,0.289,20.67,9,0.329,3.468.752,28.14
8.665,105.067,5,4,3.64,36.8,42.1,5.6,33.5,29.7,43,28.14,3.97,81.31,17.99,12,-3.92,-4.92,-5.23,-3.15,-0.59,0.53,5.39,0.83,6.79,2.56,4.54,-2.86,Durian,Clay Loam,0.712,0.273,20.67,9,0.329,3.035.158,28.114
8.671,104.84,6,3,3.64,41.5,51.2,5.5,30.3,28.3,56.7,28.14,3.97,81.31,17.74,12,-3.92,-4.92,-5.23,-3.15,-0.59,0.53,5.39,0.83,6.79,2.56,4.54,-2.86,Durian,Clay,0.712,0.3,20.67,9,0.329,3.251.955,28.12
8.707,104.795,6,11,3.64,37.9,44.6,5.6,31,31.1,78.1,28.14,3.97,81.31,17.74,12,-3.92,-4.92,-5.23,-3.15,-0.59,0.53,5.39,0.83,6.79,2.56,4.54,-2.86,Durian,Clay Loam,0.712,0.328,20.67,9,0.329,3.035.158,28.068
8.735,104.963,6,2,3.64,38.8,52.6,5.3,33.5,27.6,47.7,28.14,3.97,81.31,17.74,12,-3.92,-4.92,-5.23,-3.15,-0.59,0.53,5.39,0.83,6.79,2.56,4.54,-2.86,Durian,Clay Loam,0.712,0.28,20.67,9,0.329,3.685.549,28.127
8.752,105.036,6,2,3.64,34.3,52.5,5.4,31.9,33.8,51.1,28.04,4.45,80.82,17.99,12,-4.45,-5.29,-5.62,-3.24,-0.63,1.27,6.71,0.39,7.95,3.73,3.01,-3.78,Durian,Clay Loam,0.727,0.288,23.01,9,0.345,3.468.752,28.027
8.799,105.089,5,2,3.64,33.5,44.9,5.4,33.7,32.8,54,28.04,4.45,80.82,17.99,12,-4.45,-5.29,-5.62,-3.24,-0.63,1.27,6.71,0.39,7.95,3.73,3.01,-3.78,Durian,Clay Loam,0.727,0.288,23.01,9,0.345,3.468.752,28.027
8.803,105.136,5,4,3.64,36.7,40.9,5.7,34.7,28.6,50.3,28.04,4.45,80.82,17.99,12,-4.45,-5.29,-5.62,-3.24,-0.63,1.27,6.71,0.39,7.95,3.73,3.01,-3.78,Durian,Clay Loam,0.727,0.281,23.01,9,0.345,2.818.361,28.014
8.812,104.875,6,1,3.64,39.9,54.3,5.4,32.3,27.8,55.5,28.04,4.45,80.82,17.74,12,-4.45,-5.29,-5.62,-3.24,-0.63,1.27,6.71,0.39,7.95,3.73,3.01,-3.78,Durian,Clay Loam,0.727,0.293,23.01,9,0.345,3.468.752,28.034
8.823,104.955,5,2,3.64,35,54.5,5.4,32,33,56.3,28.04,4.45,80.82,17.74,12,-4.45,-5.29,-5.62,-3.24,-0.63,1.27,6.71,0.39,7.95,3.73,3.01,-3.78,Durian,Clay Loam,0.727,0.295,23.01,9,0.345,3.468.752,28.027
8.827,105.079,6,1,3.64,40.3,49,5.5,29.6,30.1,46.7,28.04,4.45,80.82,17.99,12,-4.45,-5.29,-5.62,-3.24,-0.63,1.27,6.71,0.39,7.95,3.73,3.01,-3.78,Durian,Clay,0.727,0.287,23.01,9,0.345,3.251.955,28.034
8.902,104.809,5,1,3.64,38.9,53,5.2,31.1,30,53.2,28.04,4.45,80.82,17.74,12,-4.45,-5.29,-5.62,-3.24,-0.63,1.27,6.71,0.39,7.95,3.73,3.01,-3.78,Durian,Clay Loam,0.727,0.293,23.01,9,0.345,3.902.346,28.034
8.905,105.078,5,2,3.64,38.8,51.4,5.4,30.2,31,47.7,28.04,4.45,80.82,17.99,12,-4.45,-5.29,-5.62,-3.24,-0.63,1.27,6.71,0.39,7.95,3.73,3.01,-3.78,Durian,Clay Loam,0.727,0.287,23.01,9,0.345,3.468.752,28.027
8.921,104.936,6,2,3.64,37.4,44,5.5,34.2,28.4,43.9,28.04,4.45,80.82,17.74,12,-4.45,-5.29,-5.62,-3.24,-0.63,1.27,6.71,0.39,7.95,3.73,3.01,-3.78,Durian,Clay Loam,0.727,0.273,23.01,9,0.345,3.251.955,28.027
8.931,104.906,6,1,3.64,41.9,56.5,5.6,31.2,26.9,52.2,28.04,4.45,80.82,17.74,12,-4.45,-5.29,-5.62,-3.24,-0.63,1.27,6.71,0.39,7.95,3.73,3.01,-3.78,Durian,Clay,0.727,0.291,23.01,9,0.345,3.035.158,28.034
9,105.149,5,2,3.64,38.4,45.7,5.3,30.3,31.2,52.6,28.04,4.45,80.82,17.03,12,-4.45,-5.29,-5.62,-3.24,-0.63,1.27,6.71,0.39,7.95,3.73,3.01,-3.78,Durian,Clay Loam,0.727,0.294,23.01,9,0.345,3.685.549,28.027
9.003,104.809,5,3,3.64,42.6,43.8,5.8,31.3,26.1,49.6,28.04,4.45,80.82,18.06,12,-4.45,-5.29,-5.62,-3.24,-0.63,1.27,6.71,0.39,7.95,3.73,3.01,-3.78,Durian,Clay,0.727,0.287,23.01,9,0.345,2.601.564,28.02
9.016,105.379,6,3,3.64,35.6,38.6,5.4,31.3,33.1,46.3,27.84,5.34,82.89,17.03,12,-5.21,-5.96,-6.44,-3.2,-0.3,0.5,9.1,0.95,8.41,6.51,1.07,-5.45,Durian,Clay Loam,0.641,0.283,26.56,7,0.343,3.468.752,27.82
9.033,105.337,5,3,3.64,34.4,39,5.4,31.5,34,48.4,27.84,5.34,82.89,17.03,12,-5.21,-5.96,-6.44,-3.2,-0.3,0.5,9.1,0.95,8.41,6.51,1.07,-5.45,Durian,Clay Loam,0.641,0.285,26.56,7,0.343,3.468.752,27.82
9.04,104.912,6,2,3.64,38.7,53.8,5.5,31.5,29.7,47.1,28.04,4.45,80.82,18.06,12,-4.45,-5.29,-5.62,-3.24,-0.63,1.27,6.71,0.39,7.95,3.73,3.01,-3.78,Durian,Clay Loam,0.727,0.283,23.01,9,0.345,3.251.955,28.027
9.045,104.982,6,0,3.64,39.5,48.6,5.3,29.4,31.1,53.7,28.04,4.45,80.82,18.06,12,-4.45,-5.29,-5.62,-3.24,-0.63,1.27,6.71,0.39,7.95,3.73,3.01,-3.78,Durian,Clay Loam,0.727,0.298,23.01,9,0.345,3.685.549,28.04
9.047,105.376,6,1,3.64,40.1,44.5,5.6,32,27.9,42.4,27.84,5.34,82.89,17.03,12,-5.21,-5.96,-6.44,-3.2,-0.3,0.5,9.1,0.95,8.41,6.51,1.07,-5.45,Durian,Clay,0.641,0.276,26.56,7,0.343,3.035.158,27.834
9.056,105.367,6,2,3.64,39.6,35.6,5.6,32.3,28.1,42.9,27.84,5.34,82.89,17.03,12,-5.21,-5.96,-6.44,-3.2,-0.3,0.5,9.1,0.95,8.41,6.51,1.07,-5.45,Durian,Clay Loam,0.641,0.276,26.56,7,0.343,3.035.158,27.827
9.071,105.315,6,2,3.64,38.6,36.2,5.3,31.5,29.9,42.4,27.84,5.34,82.89,17.03,12,-5.21,-5.96,-6.44,-3.2,-0.3,0.5,9.1,0.95,8.41,6.51,1.07,-5.45,Durian,Clay Loam,0.641,0.277,26.56,7,0.343,3.685.549,27.827
9.114,104.992,5,3,3.64,39,45.7,5.7,32.5,28.4,48.4,28.04,4.45,80.82,18.06,12,-4.45,-5.29,-5.62,-3.24,-0.63,1.27,6.71,0.39,7.95,3.73,3.01,-3.78,Durian,Clay Loam,0.727,0.283,23.01,9,0.345,2.818.361,28.02
9.132,105.384,6,3,3.64,39.2,39.1,5.3,31.8,29,33.8,27.84,5.34,82.89,17.03,12,-5.21,-5.96,-6.44,-3.2,-0.3,0.5,9.1,0.95,8.41,6.51,1.07,-5.45,Durian,Clay Loam,0.641,0.264,26.56,7,0.343,3.685.549,27.82
9.137,104.862,6,3,3.64,38.4,42.1,5.7,32.4,29.2,60.8,28.04,4.45,80.82,18.06,12,-4.45,-5.29,-5.62,-3.24,-0.63,1.27,6.71,0.39,7.95,3.73,3.01,-3.78,Durian,Clay Loam,0.727,0.301,23.01,9,0.345,2.818.361,28.02
9.143,105.354,6,2,3.64,38.3,44.3,5.4,32.9,28.9,42.2,27.84,5.34,82.89,17.03,12,-5.21,-5.96,-6.44,-3.2,-0.3,0.5,9.1,0.95,8.41,6.51,1.07,-5.45,Durian,Clay Loam,0.641,0.273,26.56,7,0.343,3.468.752,27.827
9.169,105.59,5,2,3.64,37.3,39,5.5,33.9,28.8,36.7,27.84,5.34,82.89,17.03,12,-5.21,-5.96,-6.44,-3.2,-0.3,0.5,9.1,0.95,8.41,6.51,1.07,-5.45,Durian,Clay Loam,0.641,0.263,26.56,7,0.343,3.251.955,27.827
9.171,105.073,5,1,3.64,38.8,43.6,5.5,33.4,27.8,39.1,28.04,4.45,80.82,17.03,12,-4.45,-5.29,-5.62,-3.24,-0.63,1.27,6.71,0.39,7.95,3.73,3.01,-3.78,Durian,Clay Loam,0.727,0.268,23.01,9,0.345,3.251.955,28.034
9.18,105.245,6,1,3.64,39.2,39,5.4,30.8,30.1,48.1,28.04,4.45,80.82,17.03,12,-4.45,-5.29,-5.62,-3.24,-0.63,1.27,6.71,0.39,7.95,3.73,3.01,-3.78,Durian,Clay Loam,0.727,0.286,23.01,9,0.345,3.468.752,28.034
9.229,105.749,5,2,3.64,36.2,35,5.4,31.7,32.1,34.2,27.84,5.34,82.89,17.03,12,-5.21,-5.96,-6.44,-3.2,-0.3,0.5,9.1,0.95,8.41,6.51,1.07,-5.45,Durian,Clay Loam,0.641,0.265,26.56,7,0.343,3.468.752,27.827
9.243,104.823,6,5,3.64,40.5,46.7,5.6,31.1,28.3,68.5,28.04,4.45,80.82,18.06,12,-4.45,-5.29,-5.62,-3.24,-0.63,1.27,6.71,0.39,7.95,3.73,3.01,-3.78,Durian,Clay,0.727,0.314,23.01,9,0.345,3.035.158,28.008
9.243,104.911,5,4,3.64,36.8,44.4,5.5,34.5,28.7,67.9,28.04,4.45,80.82,18.06,12,-4.45,-5.29,-5.62,-3.24,-0.63,1.27,6.71,0.39,7.95,3.73,3.01,-3.78,Durian,Clay Loam,0.727,0.306,23.01,9,0.345,3.251.955,28.014
9.244,105.118,5,1,3.64,42.1,37.7,5.4,29.5,28.5,47.4,28.04,4.45,80.82,17.03,12,-4.45,-5.29,-5.62,-3.24,-0.63,1.27,6.71,0.39,7.95,3.73,3.01,-3.78,Durian,Clay,0.727,0.289,23.01,9,0.345,3.468.752,28.034
9.244,105.197,5,2,3.64,42.7,31.3,5.4,28.8,28.5,47.3,28.04,4.45,80.82,17.03,12,-4.45,-5.29,-5.62,-3.24,-0.63,1.27,6.71,0.39,7.95,3.73,3.01,-3.78,Durian,Clay,0.727,0.29,23.01,9,0.345,3.468.752,28.027
9.264,105.711,6,3,3.64,43.3,32.8,5.6,29.4,27.3,43.4,27.58,5.68,82.83,17.03,12,-5.15,-6.22,-6.61,-3.85,-0.17,0.76,10.43,0.35,9.34,6.06,0.59,-5.48,Durian,Clay,0.633,0.283,27.48,7,0.379,3.035.158,27.56
9.272,105.621,5,3,3.64,42,41.6,5.4,30.5,27.5,43.5,27.58,5.68,82.83,17.03,12,-5.15,-6.22,-6.61,-3.85,-0.17,0.76,10.43,0.35,9.34,6.06,0.59,-5.48,Durian,Clay,0.633,0.281,27.48,7,0.379,3.468.752,27.56
9.277,105.915,5,1,3.64,36.7,37.5,5.6,30.2,33.1,43.7,27.58,5.68,82.83,17.03,12,-5.15,-6.22,-6.61,-3.85,-0.17,0.76,10.43,0.35,9.34,6.06,0.59,-5.48,Durian,Clay Loam,0.633,0.282,27.48,7,0.379,3.035.158,27.574
9.283,105.124,6,1,3.64,40.5,40,5.5,30.1,29.4,53.9,27.97,4.72,81.28,17.03,12,-4.59,-5.52,-5.78,-3.25,-0.54,1.6,7.82,0.24,8.31,4.06,1.94,-4.24,Durian,Clay,0.706,0.296,23.92,9,0.347,3.251.955,27.964
9.289,105.012,6,1,3.64,40,32,5.7,31.2,28.8,45.8,27.97,4.72,81.28,17.03,12,-4.59,-5.52,-5.78,-3.25,-0.54,1.6,7.82,0.24,8.31,4.06,1.94,-4.24,Durian,Clay,0.706,0.282,23.92,9,0.347,2.818.361,27.964
9.321,105.165,5,1,3.64,41.7,40.1,5.5,29.8,28.5,54.6,27.97,4.72,81.28,17.03,12,-4.59,-5.52,-5.78,-3.25,-0.54,1.6,7.82,0.24,8.31,4.06,1.94,-4.24,Durian,Clay,0.706,0.298,23.92,9,0.347,3.251.955,27.964
9.327,105.4,6,1,3.64,44,37.1,5.4,28.5,27.5,40.7,27.58,5.68,82.83,17.03,12,-5.15,-6.22,-6.61,-3.85,-0.17,0.76,10.43,0.35,9.34,6.06,0.59,-5.48,Durian,Clay,0.633,0.281,27.48,7,0.379,3.468.752,27.574
9.34,104.837,5,1,3.64,41.2,49.7,5.6,30.2,28.5,45.4,27.97,4.72,81.28,18.06,12,-4.59,-5.52,-5.78,-3.25,-0.54,1.6,7.82,0.24,8.31,4.06,1.94,-4.24,Durian,Clay,0.706,0.284,23.92,9,0.347,3.035.158,27.964
9.38,105.933,6,2,3.64,40.9,36.8,5.7,30.7,28.4,49.5,27.58,5.68,82.83,17.03,12,-5.15,-6.22,-6.61,-3.85,-0.17,0.76,10.43,0.35,9.34,6.06,0.59,-5.48,Durian,Clay,0.633,0.289,27.48,7,0.379,2.818.361,27.567
9.389,104.836,6,0,3.64,42.3,38.2,5.3,28.3,29.4,43.4,27.97,4.72,81.28,18.06,12,-4.59,-5.52,-5.78,-3.25,-0.54,1.6,7.82,0.24,8.31,4.06,1.94,-4.24,Durian,Clay,0.706,0.286,23.92,9,0.347,3.685.549,27.97
9.395,105.183,5,1,3.64,41.9,36.7,5.8,26.7,31.4,53.9,27.97,4.72,81.28,17.03,12,-4.59,-5.52,-5.78,-3.25,-0.54,1.6,7.82,0.24,8.31,4.06,1.94,-4.24,Durian,Clay,0.706,0.304,23.92,9,0.347,2.601.564,27.964
9.396,105.904,6,2,3.64,38.4,39.1,5.6,31.1,30.4,42.9,27.58,5.68,82.83,17.03,12,-5.15,-6.22,-6.61,-3.85,-0.17,0.76,10.43,0.35,9.34,6.06,0.59,-5.48,Durian,Clay Loam,0.633,0.279,27.48,7,0.379,3.035.158,27.567
9.403,105.503,5,2,3.64,39.7,41.4,5.7,34.7,25.7,47.7,27.58,5.68,82.83,17.03,12,-5.15,-6.22,-6.61,-3.85,-0.17,0.76,10.43,0.35,9.34,6.06,0.59,-5.48,Durian,Clay Loam,0.633,0.277,27.48,7,0.379,2.818.361,27.567
9.405,105.517,6,1,3.64,40.2,44.2,5.7,33.2,26.6,47.9,27.58,5.68,82.83,17.03,12,-5.15,-6.22,-6.61,-3.85,-0.17,0.76,10.43,0.35,9.34,6.06,0.59,-5.48,Durian,Clay,0.633,0.281,27.48,7,0.379,2.818.361,27.574
9.405,105.734,6,1,3.64,39.9,46.6,5.7,29.5,30.6,48,27.58,5.68,82.83,17.03,12,-5.15,-6.22,-6.61,-3.85,-0.17,0.76,10.43,0.35,9.34,6.06,0.59,-5.48,Durian,Clay Loam,0.633,0.289,27.48,7,0.379,2.818.361,27.574
9.411,105.17,6,1,3.64,42.2,32.3,5.6,27.7,30.1,42.9,27.97,4.72,81.28,17.03,12,-4.59,-5.52,-5.78,-3.25,-0.54,1.6,7.82,0.24,8.31,4.06,1.94,-4.24,Durian,Clay,0.706,0.286,23.92,9,0.347,3.035.158,27.964
9.418,105.517,6,2,3.64,43.3,39.5,5.8,31.8,24.9,45.7,27.58,5.68,82.83,17.03,12,-5.15,-6.22,-6.61,-3.85,-0.17,0.76,10.43,0.35,9.34,6.06,0.59,-5.48,Durian,Clay,0.633,0.281,27.48,7,0.379,2.601.564,27.567
9.424,104.836,5,1,3.64,40.1,37,5.5,29.8,30.1,47,27.97,4.72,81.28,18.06,12,-4.59,-5.52,-5.78,-3.25,-0.54,1.6,7.82,0.24,8.31,4.06,1.94,-4.24,Durian,Clay,0.706,0.287,23.92,9,0.347,3.251.955,27.964
9.431,105.019,5,8,3.64,37,28.9,5.6,30.2,32.8,66.1,27.97,4.72,81.28,17.03,12,-4.59,-5.52,-5.78,-3.25,-0.54,1.6,7.82,0.24,8.31,4.06,1.94,-4.24,Durian,Clay Loam,0.706,0.313,23.92,9,0.347,3.035.158,27.918
9.431,105.064,5,2,3.64,42.3,25.9,5.4,30.9,26.8,34.9,27.97,4.72,81.28,17.03,12,-4.59,-5.52,-5.78,-3.25,-0.54,1.6,7.82,0.24,8.31,4.06,1.94,-4.24,Durian,Clay,0.706,0.268,23.92,9,0.347,3.468.752,27.957
9.435,105.485,5,1,3.64,42.1,44.5,5.3,29.2,28.7,39.9,27.58,5.68,82.83,17.03,12,-5.15,-6.22,-6.61,-3.85,-0.17,0.76,10.43,0.35,9.34,6.06,0.59,-5.48,Durian,Clay,0.633,0.279,27.48,7,0.379,3.685.549,27.574
9.438,105.135,6,3,3.64,41.1,37,5.5,27.8,31.1,39.3,27.97,4.72,81.28,17.03,12,-4.59,-5.52,-5.78,-3.25,-0.54,1.6,7.82,0.24,8.31,4.06,1.94,-4.24,Durian,Clay,0.706,0.281,23.92,9,0.347,3.251.955,27.95
9.44,105.163,5,2,3.64,40.4,50.4,5.4,29,30.6,57.2,27.97,4.72,81.28,17.03,12,-4.59,-5.52,-5.78,-3.25,-0.54,1.6,7.82,0.24,8.31,4.06,1.94,-4.24,Durian,Clay,0.706,0.303,23.92,9,0.347,3.468.752,27.957
9.45,105.418,6,3,3.64,40.9,37.8,5.5,33.1,26,37.3,27.58,5.68,82.83,17.03,12,-5.15,-6.22,-6.61,-3.85,-0.17,0.76,10.43,0.35,9.34,6.06,0.59,-5.48,Durian,Clay,0.633,0.266,27.48,7,0.379,3.251.955,27.56
9.463,104.902,5,3,3.64,36.4,24.9,5.5,26.3,37.3,47.8,27.97,4.72,81.28,18.06,12,-4.59,-5.52,-5.78,-3.25,-0.54,1.6,7.82,0.24,8.31,4.06,1.94,-4.24,Durian,Clay Loam,0.706,0.296,23.92,9,0.347,3.251.955,27.95
9.473,105.196,6,2,3.64,36,38.6,5.3,26.8,37.2,43.6,27.97,4.72,81.28,17.03,12,-4.59,-5.52,-5.78,-3.25,-0.54,1.6,7.82,0.24,8.31,4.06,1.94,-4.24,Durian,Clay Loam,0.706,0.289,23.92,9,0.347,3.685.549,27.957
9.478,105.405,5,1,3.64,35.7,42.7,5.6,26.6,37.7,48.2,27.58,5.68,82.83,17.03,12,-5.15,-6.22,-6.61,-3.85,-0.17,0.76,10.43,0.35,9.34,6.06,0.59,-5.48,Durian,Clay Loam,0.633,0.296,27.48,7,0.379,3.035.158,27.574
9.49,105.859,5,2,3.64,34.5,45.6,5.4,29.3,36.2,38.4,27.58,5.68,82.83,17.03,12,-5.15,-6.22,-6.61,-3.85,-0.17,0.76,10.43,0.35,9.34,6.06,0.59,-5.48,Durian,Clay Loam,0.633,0.276,27.48,7,0.379,3.468.752,27.567
9.496,104.891,5,10,3.64,37.4,31.5,5.6,26,36.6,62.8,27.97,4.72,81.28,18.06,12,-4.59,-5.52,-5.78,-3.25,-0.54,1.6,7.82,0.24,8.31,4.06,1.94,-4.24,Durian,Clay Loam,0.706,0.318,23.92,9,0.347,3.035.158,27.905
9.497,105.725,5,1,3.64,34.8,48.2,5.6,26.3,38.9,45.1,27.58,5.68,82.83,17.03,12,-5.15,-6.22,-6.61,-3.85,-0.17,0.76,10.43,0.35,9.34,6.06,0.59,-5.48,Durian,Clay Loam,0.633,0.293,27.48,7,0.379,3.035.158,27.574
9.499,105.95,5,2,3.64,39.2,33.4,5.5,26,34.8,32.5,27.77,5.28,82.72,17.03,12,-4.89,-5.87,-6.07,-3.73,0.31,0.66,9.99,0.82,8.06,5.64,0.34,-5.29,Durian,Clay Loam,0.644,0.276,25.85,7,0.387,3.251.955,27.757
9.527,104.993,6,1,3.64,35.4,33.6,5.6,26.3,38.3,52.1,27.97,4.72,81.28,18.06,12,-4.59,-5.52,-5.78,-3.25,-0.54,1.6,7.82,0.24,8.31,4.06,1.94,-4.24,Durian,Clay Loam,0.706,0.302,23.92,9,0.347,3.035.158,27.964
9.529,105.306,5,1,3.64,40,42.2,5.3,25,35.1,42.8,27.97,4.72,81.28,17.03,12,-4.59,-5.52,-5.78,-3.25,-0.54,1.6,7.82,0.24,8.31,4.06,1.94,-4.24,Durian,Clay,0.706,0.292,23.92,9,0.347,3.685.549,27.964
9.543,104.865,6,0,3.64,36.8,34.6,5.4,26.3,36.8,47.2,27.97,4.72,81.28,18.06,12,-4.59,-5.52,-5.78,-3.25,-0.54,1.6,7.82,0.24,8.31,4.06,1.94,-4.24,Durian,Clay Loam,0.706,0.296,23.92,9,0.347,3.468.752,27.97
9.548,105.195,5,1,3.64,36.7,40.4,5.7,28.9,34.4,40,27.97,4.72,81.28,17.03,12,-4.59,-5.52,-5.78,-3.25,-0.54,1.6,7.82,0.24,8.31,4.06,1.94,-4.24,Durian,Clay Loam,0.706,0.28,23.92,9,0.347,2.818.361,27.964
9.551,105.793,5,2,3.64,36.6,44.6,5.8,26.6,36.8,44.6,27.58,5.68,82.83,17.03,12,-5.15,-6.22,-6.61,-3.85,-0.17,0.76,10.43,0.35,9.34,6.06,0.59,-5.48,Durian,Clay Loam,0.633,0.291,27.48,7,0.379,2.601.564,27.567
9.559,106.379,6,3,3.64,36.6,35.9,6.2,27.7,35.7,32.2,27.77,5.28,82.72,18.77,12,-4.89,-5.87,-6.07,-3.73,0.31,0.66,9.99,0.82,8.06,5.64,0.34,-5.29,Durian,Clay Loam,0.644,0.271,25.85,7,0.387,1.734.376,27.75
9.572,105.216,5,1,3.64,36,37.5,5.2,27.1,37,35.4,27.97,4.72,81.28,17.03,12,-4.59,-5.52,-5.78,-3.25,-0.54,1.6,7.82,0.24,8.31,4.06,1.94,-4.24,Durian,Clay Loam,0.706,0.277,23.92,9,0.347,3.902.346,27.964
9.576,106.504,6,2,3.64,40.9,34.6,6.1,25.4,33.7,39.9,27.77,5.28,82.72,18.77,12,-4.89,-5.87,-6.07,-3.73,0.31,0.66,9.99,0.82,8.06,5.64,0.34,-5.29,Durian,Clay,0.644,0.287,25.85,7,0.387,1.951.173,27.757
9.579,105.156,5,2,3.64,38.1,38.5,5.4,28.5,33.4,39.4,27.97,4.72,81.28,17.03,12,-4.59,-5.52,-5.78,-3.25,-0.54,1.6,7.82,0.24,8.31,4.06,1.94,-4.24,Durian,Clay Loam,0.706,0.28,23.92,9,0.347,3.468.752,27.957
9.595,105.72,6,2,3.64,35.5,32.3,5.9,27,37.5,41.1,27.58,5.68,82.83,17.03,12,-5.15,-6.22,-6.61,-3.85,-0.17,0.76,10.43,0.35,9.34,6.06,0.59,-5.48,Durian,Clay Loam,0.633,0.285,27.48,7,0.379,2.384.767,27.567
9.6,105.763,5,1,3.64,36.9,33.9,5.9,25.7,37.3,43.5,27.58,5.68,82.83,17.03,12,-5.15,-6.22,-6.61,-3.85,-0.17,0.76,10.43,0.35,9.34,6.06,0.59,-5.48,Durian,Clay Loam,0.633,0.292,27.48,7,0.379,2.384.767,27.574
9.6,105.912,6,5,3.64,40.4,34.6,5.8,26.6,33.1,34.2,27.58,5.68,82.83,17.03,12,-5.15,-6.22,-6.61,-3.85,-0.17,0.76,10.43,0.35,9.34,6.06,0.59,-5.48,Durian,Clay,0.633,0.277,27.48,7,0.379,2.601.564,27.548
9.612,105.392,6,1,3.64,38.1,33.5,5.7,25.6,36.3,43,27.58,5.68,82.83,17.03,12,-5.15,-6.22,-6.61,-3.85,-0.17,0.76,10.43,0.35,9.34,6.06,0.59,-5.48,Durian,Clay Loam,0.633,0.291,27.48,7,0.379,2.818.361,27.574
9.616,105.428,5,1,3.64,39.4,36.9,5.7,25.5,35.1,41.6,27.58,5.68,82.83,17.03,12,-5.15,-6.22,-6.61,-3.85,-0.17,0.76,10.43,0.35,9.34,6.06,0.59,-5.48,Durian,Clay Loam,0.633,0.29,27.48,7,0.379,2.818.361,27.574
9.618,105.262,6,1,3.64,35,37.5,5.4,26.8,38.2,35,27.97,4.72,81.28,17.03,12,-4.59,-5.52,-5.78,-3.25,-0.54,1.6,7.82,0.24,8.31,4.06,1.94,-4.24,Durian,Clay Loam,0.706,0.277,23.92,9,0.347,3.468.752,27.964
9.625,104.966,6,2,3.64,38.4,34.8,5.4,25.2,36.4,50.6,27.97,4.72,81.28,18.06,12,-4.59,-5.52,-5.78,-3.25,-0.54,1.6,7.82,0.24,8.31,4.06,1.94,-4.24,Durian,Clay Loam,0.706,0.303,23.92,9,0.347,3.468.752,27.957
9.631,105.977,5,2,3.64,40.5,42.3,6,25.4,34.1,66,27.77,5.28,82.72,17.03,12,-4.89,-5.87,-6.07,-3.73,0.31,0.66,9.99,0.82,8.06,5.64,0.34,-5.29,Durian,Clay,0.644,0.324,25.85,7,0.387,2167.97,27.757
9.634,106.203,5,3,3.64,36.4,34.6,6.2,28.9,34.6,43.4,27.77,5.28,82.72,18.77,12,-4.89,-5.87,-6.07,-3.73,0.31,0.66,9.99,0.82,8.06,5.64,0.34,-5.29,Durian,Clay Loam,0.644,0.284,25.85,7,0.387,1.734.376,27.75
9.637,105.718,5,1,3.64,39.1,36,5.9,25.7,35.2,68,27.58,5.68,82.83,17.03,12,-5.15,-6.22,-6.61,-3.85,-0.17,0.76,10.43,0.35,9.34,6.06,0.59,-5.48,Durian,Clay Loam,0.633,0.326,27.48,7,0.379,2.384.767,27.574
9.648,105.931,6,4,3.64,36.9,32.3,5.7,26.3,36.8,30.7,27.58,5.68,82.83,17.03,12,-5.15,-6.22,-6.61,-3.85,-0.17,0.76,10.43,0.35,9.34,6.06,0.59,-5.48,Durian,Clay Loam,0.633,0.272,27.48,7,0.379,2.818.361,27.554
9.654,106.345,6,3,3.64,41.9,44.9,6.1,26.2,31.9,51.5,27.77,5.28,82.72,18.77,12,-4.89,-5.87,-6.07,-3.73,0.31,0.66,9.99,0.82,8.06,5.64,0.34,-5.29,Durian,Clay,0.644,0.302,25.85,7,0.387,1.951.173,27.75
9.657,105.727,5,2,3.64,35.5,36.1,5.9,26.3,38.1,49.5,27.58,5.68,82.83,17.03,12,-5.15,-6.22,-6.61,-3.85,-0.17,0.76,10.43,0.35,9.34,6.06,0.59,-5.48,Durian,Clay Loam,0.633,0.299,27.48,7,0.379,2.384.767,27.567
9.663,105.845,6,3,3.64,39.3,30.9,6,25.2,35.5,68.4,27.58,5.68,82.83,17.03,12,-5.15,-6.22,-6.61,-3.85,-0.17,0.76,10.43,0.35,9.34,6.06,0.59,-5.48,Durian,Clay Loam,0.633,0.328,27.48,7,0.379,2167.97,27.56
9.67,105.975,5,2,3.64,42.6,36,5.9,23.3,34.1,47.4,27.77,5.28,82.72,17.03,12,-4.89,-5.87,-6.07,-3.73,0.31,0.66,9.99,0.82,8.06,5.64,0.34,-5.29,Durian,Clay,0.644,0.303,25.85,7,0.387,2.384.767,27.757
9.673,106.365,5,2,3.64,44.4,38.9,6,25.9,29.7,38.7,27.77,5.28,82.72,18.77,12,-4.89,-5.87,-6.07,-3.73,0.31,0.66,9.99,0.82,8.06,5.64,0.34,-5.29,Durian,Clay,0.644,0.285,25.85,7,0.387,2167.97,27.757
9.697,106.507,5,2,3.64,40.5,32.5,6.2,25.1,34.4,36.3,27.77,5.28,82.72,18.77,12,-4.89,-5.87,-6.07,-3.73,0.31,0.66,9.99,0.82,8.06,5.64,0.34,-5.29,Durian,Clay,0.644,0.283,25.85,7,0.387,1.734.376,27.757
9.7,106.318,5,2,3.64,39.2,37.8,6.1,27.1,33.7,37.6,27.77,5.28,82.72,18.77,12,-4.89,-5.87,-6.07,-3.73,0.31,0.66,9.99,0.82,8.06,5.64,0.34,-5.29,Durian,Clay Loam,0.644,0.28,25.85,7,0.387,1.951.173,27.757
9.706,105.088,5,1,3.64,38.8,37.3,5.3,24.1,37.1,48,27.97,4.72,81.28,17.03,12,-4.59,-5.52,-5.78,-3.25,-0.54,1.6,7.82,0.24,8.31,4.06,1.94,-4.24,Durian,Clay Loam,0.706,0.302,23.92,9,0.347,3.685.549,27.964
9.709,105.101,6,2,3.64,39,39.1,5.3,25.2,35.8,39.5,27.97,4.72,81.28,17.03,12,-4.59,-5.52,-5.78,-3.25,-0.54,1.6,7.82,0.24,8.31,4.06,1.94,-4.24,Durian,Clay Loam,0.706,0.287,23.92,9,0.347,3.685.549,27.957
9.715,105.926,6,2,3.64,43,34.1,6.2,20.8,36.2,42,27.58,5.68,82.83,17.03,12,-5.15,-6.22,-6.61,-3.85,-0.17,0.76,10.43,0.35,9.34,6.06,0.59,-5.48,Durian,Clay,0.633,0.301,27.48,7,0.379,1.734.376,27.567
9.716,105.805,5,2,3.64,35,27.4,5.9,25.3,39.6,41.1,27.58,5.68,82.83,17.03,12,-5.15,-6.22,-6.61,-3.85,-0.17,0.76,10.43,0.35,9.34,6.06,0.59,-5.48,Durian,Clay Loam,0.633,0.289,27.48,7,0.379,2.384.767,27.567
9.729,106.017,6,5,3.64,34.1,37,5.9,28.3,37.6,51.3,27.77,5.28,82.72,18.77,12,-4.89,-5.87,-6.07,-3.73,0.31,0.66,9.99,0.82,8.06,5.64,0.34,-5.29,Durian,Clay Loam,0.644,0.297,25.85,7,0.387,2.384.767,27.738
9.738,105.762,5,4,3.64,35,33.8,5.8,28,36.9,62.2,27.58,5.68,82.83,17.03,12,-5.15,-6.22,-6.61,-3.85,-0.17,0.76,10.43,0.35,9.34,6.06,0.59,-5.48,Durian,Clay Loam,0.633,0.313,27.48,7,0.379,2.601.564,27.554
9.741,105.557,6,2,3.64,40.4,27.4,5.7,25.2,34.5,38.4,27.58,5.68,82.83,17.03,12,-5.15,-6.22,-6.61,-3.85,-0.17,0.76,10.43,0.35,9.34,6.06,0.59,-5.48,Durian,Clay,0.633,0.286,27.48,7,0.379,2.818.361,27.567
9.741,106.14,5,7,3.64,38.2,25.2,6.1,28.3,33.5,33.2,27.77,5.28,82.72,18.77,12,-4.89,-5.87,-6.07,-3.73,0.31,0.66,9.99,0.82,8.06,5.64,0.34,-5.29,Durian,Clay Loam,0.644,0.271,25.85,7,0.387,1.951.173,27.724
9.742,106.404,5,3,3.64,40.8,33.6,6.1,25.3,33.9,43.5,27.77,5.28,82.72,18.77,12,-4.89,-5.87,-6.07,-3.73,0.31,0.66,9.99,0.82,8.06,5.64,0.34,-5.29,Durian,Clay,0.644,0.293,25.85,7,0.387,1.951.173,27.75
9.752,106.264,5,2,3.64,37.4,29.6,6.1,26.4,36.2,41.9,27.61,5.05,82.34,18.77,12,-4.58,-5.54,-5.71,-4.16,0.46,1.64,10.07,-0.1,7.61,4.57,0.32,-4.63,Durian,Clay Loam,0.653,0.288,24.72,7,0.408,1.951.173,27.597
9.759,105.198,5,1,3.64,35,45,5.4,25.1,40,40.7,27.96,4.89,80.82,17.03,12,-4.26,-5.51,-5.79,-3.48,-0.34,0.99,7.3,-0.09,10.14,4.07,1.2,-4.25,Durian,Clay Loam,0.723,0.289,23.72,9,0.428,3.468.752,27.954
9.76,105.49,6,1,3.64,39.9,30.5,5.9,24.6,35.5,41,27.52,5.44,82.42,17.03,12,-4.68,-6.01,-6.26,-4.19,0.2,1.23,10.03,-0.2,9.39,5.07,0.41,-4.97,Durian,Clay Loam,0.646,0.291,26.31,7,0.381,2.384.767,27.514
9.771,105.506,6,4,3.64,37.9,34.8,5.6,25.1,37,39,27.52,5.44,82.42,17.03,12,-4.68,-6.01,-6.26,-4.19,0.2,1.23,10.03,-0.2,9.39,5.07,0.41,-4.97,Durian,Clay Loam,0.646,0.287,26.31,7,0.381,3.035.158,27.494
9.777,106.274,5,2,3.64,36.5,31.4,6.2,26.4,37.1,46.2,27.61,5.05,82.34,18.77,12,-4.58,-5.54,-5.71,-4.16,0.46,1.64,10.07,-0.1,7.61,4.57,0.32,-4.63,Durian,Clay Loam,0.653,0.294,24.72,7,0.408,1.734.376,27.597
9.779,105.941,5,6,3.64,38,32,6.1,25.8,36.2,47.7,27.61,5.05,82.34,17.03,12,-4.58,-5.54,-5.71,-4.16,0.46,1.64,10.07,-0.1,7.61,4.57,0.32,-4.63,Durian,Clay Loam,0.653,0.297,24.72,7,0.408,1.951.173,27.571
9.788,105.368,6,1,3.64,39.4,31.9,5.6,24,36.6,38.7,27.52,5.44,82.42,17.03,12,-4.68,-6.01,-6.26,-4.19,0.2,1.23,10.03,-0.2,9.39,5.07,0.41,-4.97,Durian,Clay Loam,0.646,0.289,26.31,7,0.381,3.035.158,27.514
9.789,105.749,6,2,3.64,36.1,44.5,6.1,28.2,35.7,63.7,27.52,5.44,82.42,17.03,12,-4.68,-6.01,-6.26,-4.19,0.2,1.23,10.03,-0.2,9.39,5.07,0.41,-4.97,Durian,Clay Loam,0.646,0.314,26.31,7,0.381,1.951.173,27.507
9.79,104.889,6,1,3.64,36.4,35,5.4,26.8,36.8,44.8,27.96,4.89,80.82,18.06,12,-4.26,-5.51,-5.79,-3.48,-0.34,0.99,7.3,-0.09,10.14,4.07,1.2,-4.25,Durian,Clay Loam,0.723,0.291,23.72,9,0.428,3.468.752,27.954
9.79,104.963,6,1,3.64,38.3,41.2,5.5,26.7,35,61.2,27.96,4.89,80.82,18.06,12,-4.26,-5.51,-5.79,-3.48,-0.34,0.99,7.3,-0.09,10.14,4.07,1.2,-4.25,Durian,Clay Loam,0.723,0.314,23.72,9,0.428,3.251.955,27.954
9.806,105.272,6,2,3.64,36.8,31,5.8,27.5,35.8,39.5,27.96,4.89,80.82,17.03,12,-4.26,-5.51,-5.79,-3.48,-0.34,0.99,7.3,-0.09,10.14,4.07,1.2,-4.25,Durian,Clay Loam,0.723,0.282,23.72,9,0.428,2.601.564,27.947
9.807,106.212,6,2,3.64,34.7,25.6,6.1,27.9,37.4,41.4,27.61,5.05,82.34,18.77,12,-4.58,-5.54,-5.71,-4.16,0.46,1.64,10.07,-0.1,7.61,4.57,0.32,-4.63,Durian,Clay Loam,0.653,0.284,24.72,7,0.408,1.951.173,27.597
9.82,105.224,5,5,3.64,34.2,27.7,5.5,28.3,37.5,32.3,27.96,4.89,80.82,17.03,12,-4.26,-5.51,-5.79,-3.48,-0.34,0.99,7.3,-0.09,10.14,4.07,1.2,-4.25,Durian,Clay Loam,0.723,0.27,23.72,9,0.428,3.251.955,27.928
9.821,105.709,5,4,3.64,36.9,32.7,6,25.9,37.2,38.8,27.52,5.44,82.42,17.03,12,-4.68,-6.01,-6.26,-4.19,0.2,1.23,10.03,-0.2,9.39,5.07,0.41,-4.97,Durian,Clay Loam,0.646,0.285,26.31,7,0.381,2167.97,27.494
9.824,105.547,5,4,3.64,36.2,30.1,5.8,28.2,35.6,36,27.52,5.44,82.42,17.03,12,-4.68,-6.01,-6.26,-4.19,0.2,1.23,10.03,-0.2,9.39,5.07,0.41,-4.97,Durian,Clay Loam,0.646,0.276,26.31,7,0.381,2.601.564,27.494
9.824,106.305,5,2,3.64,37.1,34.7,6.2,27.2,35.7,48.9,27.61,5.05,82.34,18.77,12,-4.58,-5.54,-5.71,-4.16,0.46,1.64,10.07,-0.1,7.61,4.57,0.32,-4.63,Durian,Clay Loam,0.653,0.296,24.72,7,0.408,1.734.376,27.597
9.824,106.363,6,2,3.64,40.8,33.1,6.3,24.8,34.5,35,27.61,5.05,82.34,18.77,12,-4.58,-5.54,-5.71,-4.16,0.46,1.64,10.07,-0.1,7.61,4.57,0.32,-4.63,Durian,Clay,0.653,0.282,24.72,7,0.408,1.517.579,27.597
9.827,105.243,6,1,3.64,35,35.6,5.5,27.1,37.8,46.1,27.96,4.89,80.82,17.03,12,-4.26,-5.51,-5.79,-3.48,-0.34,0.99,7.3,-0.09,10.14,4.07,1.2,-4.25,Durian,Clay Loam,0.723,0.292,23.72,9,0.428,3.251.955,27.954
9.83,106.376,6,2,3.64,37.2,35.1,6.2,24.4,38.4,32,27.61,5.05,82.34,18.77,12,-4.58,-5.54,-5.71,-4.16,0.46,1.64,10.07,-0.1,7.61,4.57,0.32,-4.63,Durian,Clay Loam,0.653,0.279,24.72,7,0.408,1.734.376,27.597
9.831,105.121,5,2,3.64,36.3,43.6,5.5,25.7,38,50.6,27.96,4.89,80.82,17.03,12,-4.26,-5.51,-5.79,-3.48,-0.34,0.99,7.3,-0.09,10.14,4.07,1.2,-4.25,Durian,Clay Loam,0.723,0.302,23.72,9,0.428,3.251.955,27.947
9.831,105.807,5,3,3.64,37.2,32.4,6.1,27.9,34.9,46.9,27.52,5.44,82.42,17.03,12,-4.68,-6.01,-6.26,-4.19,0.2,1.23,10.03,-0.2,9.39,5.07,0.41,-4.97,Durian,Clay Loam,0.646,0.291,26.31,7,0.381,1.951.173,27.5
9.842,105.906,5,6,3.64,32,35.1,6.1,28.2,39.8,46.6,27.52,5.44,82.42,17.03,12,-4.68,-6.01,-6.26,-4.19,0.2,1.23,10.03,-0.2,9.39,5.07,0.41,-4.97,Durian,Clay Loam,0.646,0.29,26.31,7,0.381,1.951.173,27.481
9.847,105.901,5,3,3.64,32.7,33.7,6.1,28,39.4,56.5,27.52,5.44,82.42,17.03,12,-4.68,-6.01,-6.26,-4.19,0.2,1.23,10.03,-0.2,9.39,5.07,0.41,-4.97,Durian,Clay Loam,0.646,0.305,26.31,7,0.381,1.951.173,27.5
9.861,105.537,6,2,3.64,35.3,35.5,5.7,22,42.6,41.1,27.52,5.44,82.42,17.03,12,-4.68,-6.01,-6.26,-4.19,0.2,1.23,10.03,-0.2,9.39,5.07,0.41,-4.97,Durian,Clay Loam,0.646,0.297,26.31,7,0.381,2.818.361,27.507
9.867,104.988,5,2,3.64,35.9,44.6,5.2,26,38.1,44.6,27.96,4.89,80.82,18.06,12,-4.26,-5.51,-5.79,-3.48,-0.34,0.99,7.3,-0.09,10.14,4.07,1.2,-4.25,Durian,Clay Loam,0.723,0.293,23.72,9,0.428,3.902.346,27.947
9.875,105.254,6,1,3.64,36.4,26.4,5.6,27.1,36.5,33,27.96,4.89,80.82,17.03,12,-4.26,-5.51,-5.79,-3.48,-0.34,0.99,7.3,-0.09,10.14,4.07,1.2,-4.25,Durian,Clay Loam,0.723,0.274,23.72,9,0.428,3.035.158,27.954
9.876,105.668,5,2,3.64,39.4,34,5.8,24.4,36.2,42,27.52,5.44,82.42,17.03,12,-4.68,-6.01,-6.26,-4.19,0.2,1.23,10.03,-0.2,9.39,5.07,0.41,-4.97,Durian,Clay Loam,0.646,0.293,26.31,7,0.381,2.601.564,27.507
9.88,105.696,6,2,3.64,39.6,32.4,5.9,24.7,35.7,43.7,27.52,5.44,82.42,17.03,12,-4.68,-6.01,-6.26,-4.19,0.2,1.23,10.03,-0.2,9.39,5.07,0.41,-4.97,Durian,Clay Loam,0.646,0.294,26.31,7,0.381,2.384.767,27.507
9.885,105.748,5,5,3.64,38.2,27.9,5.8,25.5,36.2,41.1,27.52,5.44,82.42,17.03,12,-4.68,-6.01,-6.26,-4.19,0.2,1.23,10.03,-0.2,9.39,5.07,0.41,-4.97,Durian,Clay Loam,0.646,0.289,26.31,7,0.381,2.601.564,27.488
9.891,105.733,5,3,3.64,37.9,33.1,6,24.6,37.5,52.6,27.52,5.44,82.42,17.03,12,-4.68,-6.01,-6.26,-4.19,0.2,1.23,10.03,-0.2,9.39,5.07,0.41,-4.97,Durian,Clay Loam,0.646,0.307,26.31,7,0.381,2167.97,27.5
9.896,105.188,5,3,3.64,34.8,28.2,5.5,25.5,39.7,37.1,27.96,4.89,80.82,17.03,12,-4.26,-5.51,-5.79,-3.48,-0.34,0.99,7.3,-0.09,10.14,4.07,1.2,-4.25,Durian,Clay Loam,0.723,0.283,23.72,9,0.428,3.251.955,27.94
9.898,106.282,6,2,3.64,39.1,36.4,6.2,26.6,34.3,38.1,27.61,5.05,82.34,18.77,12,-4.58,-5.54,-5.71,-4.16,0.46,1.64,10.07,-0.1,7.61,4.57,0.32,-4.63,Durian,Clay Loam,0.653,0.282,24.72,7,0.408,1.734.376,27.597
9.898,106.562,6,2,3.64,36.3,40.5,6.2,22.7,41,38.2,27.61,5.05,82.34,18.77,12,-4.58,-5.54,-5.71,-4.16,0.46,1.64,10.07,-0.1,7.61,4.57,0.32,-4.63,Durian,Clay Loam,0.653,0.291,24.72,7,0.408,1.734.376,27.597
9.902,106.366,5,3,3.64,36.8,35.7,6.1,25.5,37.7,35.2,27.61,5.05,82.34,18.77,12,-4.58,-5.54,-5.71,-4.16,0.46,1.64,10.07,-0.1,7.61,4.57,0.32,-4.63,Durian,Clay Loam,0.653,0.281,24.72,7,0.408,1.951.173,27.59
9.904,106.077,6,8,3.64,38.3,27.5,6.2,24.8,37,30.1,27.61,5.05,82.34,18.77,12,-4.58,-5.54,-5.71,-4.16,0.46,1.64,10.07,-0.1,7.61,4.57,0.32,-4.63,Durian,Clay Loam,0.653,0.275,24.72,7,0.408,1.734.376,27.558
9.907,105.406,5,2,3.64,37.5,32.3,5.7,26.8,35.7,38.2,27.52,5.44,82.42,17.03,12,-4.68,-6.01,-6.26,-4.19,0.2,1.23,10.03,-0.2,9.39,5.07,0.41,-4.97,Durian,Clay Loam,0.646,0.282,26.31,7,0.381,2.818.361,27.507
9.91,106.164,6,4,3.64,37.1,30.9,6.2,23.7,39.2,34.5,27.61,5.05,82.34,18.77,12,-4.58,-5.54,-5.71,-4.16,0.46,1.64,10.07,-0.1,7.61,4.57,0.32,-4.63,Durian,Clay Loam,0.653,0.284,24.72,7,0.408,1.734.376,27.584
9.912,106.397,6,2,3.64,39.7,35.9,6.1,27.3,33,37.7,27.61,5.05,82.34,18.77,12,-4.58,-5.54,-5.71,-4.16,0.46,1.64,10.07,-0.1,7.61,4.57,0.32,-4.63,Durian,Clay Loam,0.653,0.28,24.72,7,0.408,1.951.173,27.597
9.916,105.42,5,2,3.64,39.9,34.6,5.6,24.6,35.6,38,27.52,5.44,82.42,17.03,12,-4.68,-6.01,-6.26,-4.19,0.2,1.23,10.03,-0.2,9.39,5.07,0.41,-4.97,Durian,Clay Loam,0.646,0.287,26.31,7,0.381,3.035.158,27.507
9.918,105.783,5,3,3.64,37.8,37.3,6.1,25.3,36.8,46.7,27.52,5.44,82.42,17.03,12,-4.68,-6.01,-6.26,-4.19,0.2,1.23,10.03,-0.2,9.39,5.07,0.41,-4.97,Durian,Clay Loam,0.646,0.297,26.31,7,0.381,1.951.173,27.5
9.92,105.747,6,3,3.64,39,31.4,5.8,23.8,37.2,46.5,27.52,5.44,82.42,17.03,12,-4.68,-6.01,-6.26,-4.19,0.2,1.23,10.03,-0.2,9.39,5.07,0.41,-4.97,Durian,Clay Loam,0.646,0.3,26.31,7,0.381,2.601.564,27.5
9.92,105.789,6,3,3.64,38.6,35.2,6.2,25.3,36.1,46.8,27.52,5.44,82.42,17.03,12,-4.68,-6.01,-6.26,-4.19,0.2,1.23,10.03,-0.2,9.39,5.07,0.41,-4.97,Durian,Clay Loam,0.646,0.297,26.31,7,0.381,1.734.376,27.5
9.922,106.114,5,3,3.64,34.3,32.7,6.3,23.9,41.9,39.8,27.61,5.05,82.34,18.77,12,-4.58,-5.54,-5.71,-4.16,0.46,1.64,10.07,-0.1,7.61,4.57,0.32,-4.63,Durian,Clay Loam,0.653,0.291,24.72,7,0.408,1.517.579,27.59
9.925,105.802,5,3,3.64,37.9,44.6,6,25.7,36.4,65.2,27.52,5.44,82.42,17.03,12,-4.68,-6.01,-6.26,-4.19,0.2,1.23,10.03,-0.2,9.39,5.07,0.41,-4.97,Durian,Clay Loam,0.646,0.322,26.31,7,0.381,2167.97,27.5
9.928,105.755,6,2,3.64,38,38.4,6.1,25.4,36.6,47.1,27.52,5.44,82.42,17.03,12,-4.68,-6.01,-6.26,-4.19,0.2,1.23,10.03,-0.2,9.39,5.07,0.41,-4.97,Durian,Clay Loam,0.646,0.298,26.31,7,0.381,1.951.173,27.507
9.931,106.029,6,6,3.64,32.5,39.1,6.1,25.2,42.2,45.3,27.61,5.05,82.34,18.77,12,-4.58,-5.54,-5.71,-4.16,0.46,1.64,10.07,-0.1,7.61,4.57,0.32,-4.63,Durian,Clay Loam,0.653,0.295,24.72,7,0.408,1.951.173,27.571
9.932,105.616,6,4,3.64,36,37.1,6.1,24.3,39.7,44,27.52,5.44,82.42,17.03,12,-4.68,-6.01,-6.26,-4.19,0.2,1.23,10.03,-0.2,9.39,5.07,0.41,-4.97,Durian,Clay Loam,0.646,0.296,26.31,7,0.381,1.951.173,27.494
9.934,106.547,6,3,3.64,33.1,41.9,6.2,23.4,43.5,37.2,27.61,5.05,82.34,18.77,12,-4.58,-5.54,-5.71,-4.16,0.46,1.64,10.07,-0.1,7.61,4.57,0.32,-4.63,Durian,Clay Loam,0.653,0.288,24.72,7,0.408,1.734.376,27.59
9.938,106.433,5,4,3.64,33.4,37.8,6.1,21.3,45.3,39.7,27.61,5.05,82.34,18.77,12,-4.58,-5.54,-5.71,-4.16,0.46,1.64,10.07,-0.1,7.61,4.57,0.32,-4.63,Durian,Clay Loam,0.653,0.297,24.72,7,0.408,1.951.173,27.584
9.939,105.36,6,1,3.64,38.5,35.3,5.6,26.7,34.8,37.6,27.52,5.44,82.42,17.03,12,-4.68,-6.01,-6.26,-4.19,0.2,1.23,10.03,-0.2,9.39,5.07,0.41,-4.97,Durian,Clay Loam,0.646,0.281,26.31,7,0.381,3.035.158,27.514
9.96,105.165,5,3,3.64,37.9,26.4,5.5,26.7,35.4,34.1,27.96,4.89,80.82,17.03,12,-4.26,-5.51,-5.79,-3.48,-0.34,0.99,7.3,-0.09,10.14,4.07,1.2,-4.25,Durian,Clay Loam,0.723,0.276,23.72,9,0.428,3.251.955,27.94
9.962,106.02,5,1,3.64,36,32.3,6.1,22.7,41.3,45.1,27.61,5.05,82.34,18.77,12,-4.58,-5.54,-5.71,-4.16,0.46,1.64,10.07,-0.1,7.61,4.57,0.32,-4.63,Durian,Clay Loam,0.653,0.301,24.72,7,0.408,1.951.173,27.604
9.967,105.214,6,1,3.64,35.2,29.5,5.6,27.6,37.2,35.6,27.96,4.89,80.82,17.03,12,-4.26,-5.51,-5.79,-3.48,-0.34,0.99,7.3,-0.09,10.14,4.07,1.2,-4.25,Durian,Clay Loam,0.723,0.276,23.72,9,0.428,3.035.158,27.954
9.972,106.475,6,7,3.64,38.2,32.8,6.2,23.3,38.6,39.6,27.61,5.05,82.34,18.77,12,-4.58,-5.54,-5.71,-4.16,0.46,1.64,10.07,-0.1,7.61,4.57,0.32,-4.63,Durian,Clay Loam,0.653,0.292,24.72,7,0.408,1.734.376,27.564
9.973,106.196,5,3,3.64,36.1,27.8,6.2,24,39.9,33.7,27.61,5.05,82.34,18.77,12,-4.58,-5.54,-5.71,-4.16,0.46,1.64,10.07,-0.1,7.61,4.57,0.32,-4.63,Durian,Clay Loam,0.653,0.282,24.72,7,0.408,1.734.376,27.59
9.974,105.303,6,1,3.64,36.7,33.1,5.7,28.2,35.2,34.9,27.96,4.89,80.82,17.03,12,-4.26,-5.51,-5.79,-3.48,-0.34,0.99,7.3,-0.09,10.14,4.07,1.2,-4.25,Durian,Clay Loam,0.723,0.274,23.72,9,0.428,2.818.361,27.954
9.974,105.916,5,2,3.64,39.4,30.8,6.1,22.6,38,42.8,27.52,5.44,82.42,17.03,12,-4.68,-6.01,-6.26,-4.19,0.2,1.23,10.03,-0.2,9.39,5.07,0.41,-4.97,Durian,Clay Loam,0.646,0.298,26.31,7,0.381,1.951.173,27.507
9.977,106.255,6,2,3.64,32.8,34.6,6.1,24.3,43,42.3,27.61,5.05,82.34,18.77,12,-4.58,-5.54,-5.71,-4.16,0.46,1.64,10.07,-0.1,7.61,4.57,0.32,-4.63,Durian,Clay Loam,0.653,0.293,24.72,7,0.408,1.951.173,27.597
9.98,105.131,5,2,3.64,33.8,26.7,5.6,27.5,38.6,39.4,27.96,4.89,80.82,17.03,12,-4.26,-5.51,-5.79,-3.48,-0.34,0.99,7.3,-0.09,10.14,4.07,1.2,-4.25,Durian,Clay Loam,0.723,0.282,23.72,9,0.428,3.035.158,27.947
9.985,105.112,6,1,3.64,32.4,23.3,5.5,31.9,35.7,32.5,27.96,4.89,80.82,17.03,12,-4.26,-5.51,-5.79,-3.48,-0.34,0.99,7.3,-0.09,10.14,4.07,1.2,-4.25,Durian,Clay Loam,0.723,0.262,23.72,9,0.428,3.251.955,27.954
9.986,105.626,6,5,3.64,37.2,29.6,5.7,22.7,40.1,39.1,27.52,5.44,82.42,17.03,12,-4.68,-6.01,-6.26,-4.19,0.2,1.23,10.03,-0.2,9.39,5.07,0.41,-4.97,Durian,Clay Loam,0.646,0.293,26.31,7,0.381,2.818.361,27.488
9.986,106.339,5,2,3.64,37.6,30.7,6.3,23.4,39,34.5,27.61,5.05,82.34,18.77,12,-4.58,-5.54,-5.71,-4.16,0.46,1.64,10.07,-0.1,7.61,4.57,0.32,-4.63,Durian,Clay Loam,0.653,0.284,24.72,7,0.408,1.517.579,27.597
9.994,105.421,5,2,3.64,32.9,34.5,5.6,26.5,40.6,36.4,27.52,5.44,82.42,17.03,12,-4.68,-6.01,-6.26,-4.19,0.2,1.23,10.03,-0.2,9.39,5.07,0.41,-4.97,Durian,Clay Loam,0.646,0.28,26.31,7,0.381,3.035.158,27.507
9.997,105.278,6,1,3.64,37.4,36.5,5.6,28.1,34.4,39.5,27.96,4.89,80.82,17.03,12,-4.26,-5.51,-5.79,-3.48,-0.34,0.99,7.3,-0.09,10.14,4.07,1.2,-4.25,Durian,Clay Loam,0.723,0.281,23.72,9,0.428,3.035.158,27.954
10.012,105.483,5,2,3.64,35.3,33.6,5.7,26.3,38.4,35.8,27.52,5.44,82.42,17.9,12,-4.68,-6.01,-6.26,-4.19,0.2,1.23,10.03,-0.2,9.39,5.07,0.41,-4.97,Durian,Clay Loam,0.646,0.28,26.31,7,0.381,2.818.361,27.507
10.034,105.435,6,2,3.64,32.8,28.9,5.6,24.2,43,30.3,27.52,5.44,82.42,17.9,12,-4.68,-6.01,-6.26,-4.19,0.2,1.23,10.03,-0.2,9.39,5.07,0.41,-4.97,Durian,Clay Loam,0.646,0.277,26.31,7,0.381,3.035.158,27.507
10.044,106.445,5,4,3.64,38,31.8,6.3,22.5,39.5,35.7,27.61,5.05,82.34,18.06,12,-4.58,-5.54,-5.71,-4.16,0.46,1.64,10.07,-0.1,7.61,4.57,0.32,-4.63,Durian,Clay Loam,0.653,0.288,24.72,7,0.408,1.517.579,27.584
10.046,105.738,6,4,3.64,36.3,41.3,5.7,27.4,36.3,43.4,27.52,5.44,82.42,17.9,12,-4.68,-6.01,-6.26,-4.19,0.2,1.23,10.03,-0.2,9.39,5.07,0.41,-4.97,Durian,Clay Loam,0.646,0.288,26.31,7,0.381,2.818.361,27.494
10.057,105.327,5,2,3.64,41.2,33.5,5.6,22.5,36.3,35.1,27.52,5.44,82.42,17.9,12,-4.68,-6.01,-6.26,-4.19,0.2,1.23,10.03,-0.2,9.39,5.07,0.41,-4.97,Durian,Clay,0.646,0.287,26.31,7,0.381,3.035.158,27.507
10.057,105.626,5,2,3.64,33.6,34.6,6.1,23.1,43.4,45.9,27.52,5.44,82.42,17.9,12,-4.68,-6.01,-6.26,-4.19,0.2,1.23,10.03,-0.2,9.39,5.07,0.41,-4.97,Durian,Clay Loam,0.646,0.301,26.31,7,0.381,1.951.173,27.507
10.071,105.861,5,3,3.64,33.6,34.7,6.1,24.4,42,36.1,27.52,5.44,82.42,17.9,12,-4.68,-6.01,-6.26,-4.19,0.2,1.23,10.03,-0.2,9.39,5.07,0.41,-4.97,Durian,Clay Loam,0.646,0.284,26.31,7,0.381,1.951.173,27.5
10.074,105.699,5,2,3.64,33.2,45.6,5.9,24.7,42.1,54.4,27.52,5.44,82.42,17.9,12,-4.68,-6.01,-6.26,-4.19,0.2,1.23,10.03,-0.2,9.39,5.07,0.41,-4.97,Durian,Clay Loam,0.646,0.309,26.31,7,0.381,2.384.767,27.507
10.075,106.047,6,2,3.64,33.8,33.9,6.2,25.2,41,38.4,27.61,5.05,82.34,18.06,12,-4.58,-5.54,-5.71,-4.16,0.46,1.64,10.07,-0.1,7.61,4.57,0.32,-4.63,Durian,Clay Loam,0.653,0.286,24.72,7,0.408,1.734.376,27.597
10.079,106.267,5,6,3.64,37.1,30.2,6,19.2,43.7,45.2,27.61,5.05,82.34,18.06,12,-4.58,-5.54,-5.71,-4.16,0.46,1.64,10.07,-0.1,7.61,4.57,0.32,-4.63,Durian,Clay Loam,0.653,0.309,24.72,7,0.408,2167.97,27.571
10.101,105.063,5,1,3.64,37.5,29.6,5.5,26.4,36,38.2,27.96,4.89,80.82,17.9,12,-4.26,-5.51,-5.79,-3.48,-0.34,0.99,7.3,-0.09,10.14,4.07,1.2,-4.25,Durian,Clay Loam,0.723,0.283,23.72,9,0.428,3.251.955,27.954
10.111,106.343,5,5,3.64,37.8,31.1,6.2,17.9,44.3,37.6,27.61,5.05,82.34,18.06,12,-4.58,-5.54,-5.71,-4.16,0.46,1.64,10.07,-0.1,7.61,4.57,0.32,-4.63,Durian,Clay Loam,0.653,0.301,24.72,7,0.408,1.734.376,27.578
10.112,105.663,6,6,3.64,35,33.5,5.6,26.2,38.8,44,27.52,5.44,82.42,17.9,12,-4.68,-6.01,-6.26,-4.19,0.2,1.23,10.03,-0.2,9.39,5.07,0.41,-4.97,Durian,Clay Loam,0.646,0.291,26.31,7,0.381,3.035.158,27.481
10.113,106.447,5,5,3.64,37.4,32.8,6.3,20.5,42.1,50.3,27.61,5.05,82.34,18.06,12,-4.58,-5.54,-5.71,-4.16,0.46,1.64,10.07,-0.1,7.61,4.57,0.32,-4.63,Durian,Clay Loam,0.653,0.313,24.72,7,0.408,1.517.579,27.578
10.121,105.464,6,2,3.64,33.4,36.4,5.6,24.4,42.2,33.4,27.52,5.44,82.42,17.9,12,-4.68,-6.01,-6.26,-4.19,0.2,1.23,10.03,-0.2,9.39,5.07,0.41,-4.97,Durian,Clay Loam,0.646,0.281,26.31,7,0.381,3.035.158,27.507
10.127,105.254,5,2,3.64,39.7,30.3,5.6,22.3,38,37.5,27.96,4.89,80.82,17.9,12,-4.26,-5.51,-5.79,-3.48,-0.34,0.99,7.3,-0.09,10.14,4.07,1.2,-4.25,Durian,Clay Loam,0.723,0.291,23.72,9,0.428,3.035.158,27.947
10.132,106.271,5,5,3.64,32.5,31.3,6.2,21.2,46.3,42.7,27.61,5.05,82.34,18.06,12,-4.58,-5.54,-5.71,-4.16,0.46,1.64,10.07,-0.1,7.61,4.57,0.32,-4.63,Durian,Clay Loam,0.653,0.301,24.72,7,0.408,1.734.376,27.578
10.136,106.347,6,5,3.64,33.5,32.1,6.2,21.3,45.2,39.6,27.61,5.05,82.34,18.06,12,-4.58,-5.54,-5.71,-4.16,0.46,1.64,10.07,-0.1,7.61,4.57,0.32,-4.63,Durian,Clay Loam,0.653,0.296,24.72,7,0.408,1.734.376,27.578
10.138,106.699,5,2,3.64,40.2,35.2,6.1,20.7,39.1,36.6,27.9,4.57,82.8,18.06,12,-4.11,-5.15,-5.27,-3.9,0.42,1.5,8.42,0.47,7.6,3.69,0.73,-4.35,Durian,Clay,0.646,0.294,22.78,7,0.369,1.951.173,27.887
10.14,106.142,5,5,3.64,38.8,26,6.3,21.9,39.3,37.6,27.61,5.05,82.34,18.06,12,-4.58,-5.54,-5.71,-4.16,0.46,1.64,10.07,-0.1,7.61,4.57,0.32,-4.63,Durian,Clay Loam,0.653,0.292,24.72,7,0.408,1.517.579,27.578
10.144,105.352,6,2,3.64,38.1,26.8,5.6,26.8,35.1,32.3,27.52,5.44,82.42,17.9,12,-4.68,-6.01,-6.26,-4.19,0.2,1.23,10.03,-0.2,9.39,5.07,0.41,-4.97,Durian,Clay Loam,0.646,0.274,26.31,7,0.381,3.035.158,27.507
10.145,106.655,5,5,3.64,44.3,31.7,6.2,19.7,36.1,31,27.9,4.57,82.8,18.06,12,-4.11,-5.15,-5.27,-3.9,0.42,1.5,8.42,0.47,7.6,3.69,0.73,-4.35,Durian,Clay,0.646,0.288,22.78,7,0.369,1.734.376,27.868
10.147,105.407,6,2,3.64,38.7,28.9,5.6,24.5,36.8,37.6,27.52,5.44,82.42,17.9,12,-4.68,-6.01,-6.26,-4.19,0.2,1.23,10.03,-0.2,9.39,5.07,0.41,-4.97,Durian,Clay Loam,0.646,0.286,26.31,7,0.381,3.035.158,27.507
10.147,106.513,6,4,3.64,36.4,35.9,6.3,21.6,42,37.8,27.61,5.05,82.34,18.06,12,-4.58,-5.54,-5.71,-4.16,0.46,1.64,10.07,-0.1,7.61,4.57,0.32,-4.63,Durian,Clay Loam,0.653,0.293,24.72,7,0.408,1.517.579,27.584
10.167,106.405,5,6,3.64,38.9,29.6,6.2,19.6,41.5,43.4,27.61,5.05,82.34,18.06,12,-4.58,-5.54,-5.71,-4.16,0.46,1.64,10.07,-0.1,7.61,4.57,0.32,-4.63,Durian,Clay Loam,0.653,0.306,24.72,7,0.408,1.734.376,27.571
10.168,106.009,6,2,3.64,38.7,27.8,6.2,23.5,37.8,37.1,27.61,5.05,82.34,18.06,12,-4.58,-5.54,-5.71,-4.16,0.46,1.64,10.07,-0.1,7.61,4.57,0.32,-4.63,Durian,Clay Loam,0.653,0.288,24.72,7,0.408,1.734.376,27.597
10.175,106.167,5,5,3.64,39.9,33.1,6.3,18.7,41.4,45.1,27.61,5.05,82.34,18.06,12,-4.58,-5.54,-5.71,-4.16,0.46,1.64,10.07,-0.1,7.61,4.57,0.32,-4.63,Durian,Clay Loam,0.653,0.31,24.72,7,0.408,1.517.579,27.578
10.175,106.601,6,3,3.64,41.2,33.8,6.3,21.3,37.5,36.3,27.9,4.57,82.8,18.06,12,-4.11,-5.15,-5.27,-3.9,0.42,1.5,8.42,0.47,7.6,3.69,0.73,-4.35,Durian,Clay,0.646,0.292,22.78,7,0.369,1.517.579,27.88
10.176,105.524,6,2,3.64,32.6,29.3,6.1,22.4,44.9,39.7,27.52,5.44,82.42,17.9,12,-4.68,-6.01,-6.26,-4.19,0.2,1.23,10.03,-0.2,9.39,5.07,0.41,-4.97,Durian,Clay Loam,0.646,0.294,26.31,7,0.381,1.951.173,27.507
10.177,104.852,6,1,3.64,37.8,41,5.8,24.8,37.4,40.4,27.96,4.89,80.82,18.24,12,-4.26,-5.51,-5.79,-3.48,-0.34,0.99,7.3,-0.09,10.14,4.07,1.2,-4.25,Durian,Clay Loam,0.723,0.29,23.72,9,0.428,2.601.564,27.954
10.18,104.924,6,4,3.64,37.4,26.8,5.6,23.6,39,47,27.96,4.89,80.82,18.24,12,-4.26,-5.51,-5.79,-3.48,-0.34,0.99,7.3,-0.09,10.14,4.07,1.2,-4.25,Durian,Clay Loam,0.723,0.302,23.72,9,0.428,3.035.158,27.934
10.182,105.694,5,3,3.64,33.3,26.7,6,21.7,44.9,27.4,27.52,5.44,82.42,17.9,12,-4.68,-6.01,-6.26,-4.19,0.2,1.23,10.03,-0.2,9.39,5.07,0.41,-4.97,Durian,Clay Loam,0.646,0.278,26.31,7,0.381,2167.97,27.5
10.184,105.915,5,2,3.64,40.2,33.9,6.3,21.6,38.3,40.6,27.52,5.44,82.42,17.9,12,-4.68,-6.01,-6.26,-4.19,0.2,1.23,10.03,-0.2,9.39,5.07,0.41,-4.97,Durian,Clay,0.646,0.297,26.31,7,0.381,1.517.579,27.507
10.188,105.946,6,3,3.64,36.7,35,6.2,22.7,40.6,44.3,27.61,5.05,82.34,17.9,12,-4.58,-5.54,-5.71,-4.16,0.46,1.64,10.07,-0.1,7.61,4.57,0.32,-4.63,Durian,Clay Loam,0.653,0.3,24.72,7,0.408,1.734.376,27.59
10.189,105.307,6,2,3.64,39.1,33.6,5.6,22.8,38.2,45.8,27.96,4.89,80.82,17.9,12,-4.26,-5.51,-5.79,-3.48,-0.34,0.99,7.3,-0.09,10.14,4.07,1.2,-4.25,Durian,Clay Loam,0.723,0.302,23.72,9,0.428,3.035.158,27.947
10.189,106.525,5,7,3.64,40.2,33,6.1,21.8,38,60.1,27.61,5.05,82.34,18.06,12,-4.58,-5.54,-5.71,-4.16,0.46,1.64,10.07,-0.1,7.61,4.57,0.32,-4.63,Durian,Clay,0.653,0.324,24.72,7,0.408,1.951.173,27.564
10.193,105.105,6,1,3.64,40.9,35.3,5.8,22.5,36.6,43.5,27.96,4.89,80.82,17.9,12,-4.26,-5.51,-5.79,-3.48,-0.34,0.99,7.3,-0.09,10.14,4.07,1.2,-4.25,Durian,Clay,0.723,0.299,23.72,9,0.428,2.601.564,27.954
10.193,106.083,5,2,3.64,38.4,32.6,6.2,20.7,40.8,39.4,27.61,5.05,82.34,18.06,12,-4.58,-5.54,-5.71,-4.16,0.46,1.64,10.07,-0.1,7.61,4.57,0.32,-4.63,Durian,Clay Loam,0.653,0.298,24.72,7,0.408,1.734.376,27.597
10.196,105.796,6,2,3.64,37.4,33.6,6.4,19.9,42.8,37.7,27.52,5.44,82.42,17.9,12,-4.68,-6.01,-6.26,-4.19,0.2,1.23,10.03,-0.2,9.39,5.07,0.41,-4.97,Durian,Clay Loam,0.646,0.297,26.31,7,0.381,1.300.782,27.507
10.198,106.671,5,2,3.64,37.9,41.4,6.3,19.1,43,45.5,27.9,4.57,82.8,18.06,12,-4.11,-5.15,-5.27,-3.9,0.42,1.5,8.42,0.47,7.6,3.69,0.73,-4.35,Durian,Clay Loam,0.646,0.31,22.78,7,0.369,1.517.579,27.887
10.205,104.95,6,4,3.64,38.8,32.9,5.6,23.2,38.1,45.1,27.96,4.89,80.82,18.24,12,-4.26,-5.51,-5.79,-3.48,-0.34,0.99,7.3,-0.09,10.14,4.07,1.2,-4.25,Durian,Clay Loam,0.723,0.3,23.72,9,0.428,3.035.158,27.934
10.215,106.096,6,2,3.64,39.3,30.7,6.5,19.1,41.6,47.2,27.61,5.05,82.34,18.06,12,-4.58,-5.54,-5.71,-4.16,0.46,1.64,10.07,-0.1,7.61,4.57,0.32,-4.63,Durian,Clay Loam,0.653,0.312,24.72,7,0.408,1.083.985,27.597
10.22,104.988,5,2,3.64,39.5,34.5,5.6,26.2,34.3,35.4,27.96,4.89,80.82,18.24,12,-4.26,-5.51,-5.79,-3.48,-0.34,0.99,7.3,-0.09,10.14,4.07,1.2,-4.25,Durian,Clay Loam,0.723,0.279,23.72,9,0.428,3.035.158,27.947
10.22,106.054,6,3,3.64,38.9,33.8,6.3,20.2,40.9,35.9,27.61,5.05,82.34,18.06,12,-4.58,-5.54,-5.71,-4.16,0.46,1.64,10.07,-0.1,7.61,4.57,0.32,-4.63,Durian,Clay Loam,0.653,0.294,24.72,7,0.408,1.517.579,27.59
10.227,105.392,5,2,3.64,38.3,26.4,6,22.2,39.5,34.7,27.52,5.44,82.42,17.9,12,-4.68,-6.01,-6.26,-4.19,0.2,1.23,10.03,-0.2,9.39,5.07,0.41,-4.97,Durian,Clay Loam,0.646,0.288,26.31,7,0.381,2167.97,27.507
10.227,106.406,5,9,3.64,36,35.4,6.1,19.6,44.4,41.9,27.61,5.05,82.34,18.06,12,-4.58,-5.54,-5.71,-4.16,0.46,1.64,10.07,-0.1,7.61,4.57,0.32,-4.63,Durian,Clay Loam,0.653,0.304,24.72,7,0.408,1.951.173,27.552
10.228,105.551,6,3,3.64,36.7,33.4,6.1,21.4,41.9,39,27.52,5.44,82.42,17.9,12,-4.68,-6.01,-6.26,-4.19,0.2,1.23,10.03,-0.2,9.39,5.07,0.41,-4.97,Durian,Clay Loam,0.646,0.295,26.31,7,0.381,1.951.173,27.5
10.229,105.617,5,4,3.64,40.6,33,5.7,22.2,37.3,48.5,27.52,5.44,82.42,17.9,12,-4.68,-6.01,-6.26,-4.19,0.2,1.23,10.03,-0.2,9.39,5.07,0.41,-4.97,Durian,Clay,0.646,0.307,26.31,7,0.381,2.818.361,27.494
10.24,105.314,5,2,3.64,41.4,30.8,5.5,21.9,36.7,35.5,27.52,5.44,82.42,17.9,12,-4.68,-6.01,-6.26,-4.19,0.2,1.23,10.03,-0.2,9.39,5.07,0.41,-4.97,Durian,Clay,0.646,0.289,26.31,7,0.381,3.251.955,27.507
10.244,104.948,5,2,3.64,38.3,22.3,5.6,24.8,36.9,37.3,27.96,4.89,80.82,18.24,12,-4.26,-5.51,-5.79,-3.48,-0.34,0.99,7.3,-0.09,10.14,4.07,1.2,-4.25,Durian,Clay Loam,0.723,0.285,23.72,9,0.428,3.035.158,27.947
10.25,105.036,6,2,3.64,37.8,33.5,5.5,24.9,37.3,36.3,27.91,4.77,79.76,17.9,12,-3.85,-5.17,-5.46,-3.66,-0.22,0.5,5.61,-0.26,10.88,4.65,0.87,-3.94,Durian,Clay Loam,0.761,0.284,22.56,9,0.483,3.251.955,27.897
10.256,105.593,5,7,3.64,36.2,31.6,5.7,22.6,41.2,42.2,27.74,4.64,80.6,17.9,12,-4.02,-5.17,-5.35,-3.98,0.31,1.52,7.43,-0.41,8.29,5.16,0.33,-4.15,Durian,Clay Loam,0.722,0.297,23.08,9,0.36,2.818.361,27.694
10.257,105.616,5,5,3.64,37.1,33.5,5.9,24.1,38.8,52.1,27.74,4.64,80.6,17.9,12,-4.02,-5.17,-5.35,-3.98,0.31,1.52,7.43,-0.41,8.29,5.16,0.33,-4.15,Durian,Clay Loam,0.722,0.308,23.08,9,0.36,2.384.767,27.708
10.261,105.233,6,5,3.64,42.9,27.5,5.7,21.3,35.8,36.4,27.91,4.77,79.76,17.9,12,-3.85,-5.17,-5.46,-3.66,-0.22,0.5,5.61,-0.26,10.88,4.65,0.87,-3.94,Durian,Clay,0.761,0.292,22.56,9,0.483,2.818.361,27.878
10.28,105.281,5,2,3.64,42.2,34.1,5.5,22.6,35.3,38.6,27.91,4.77,79.76,17.9,12,-3.85,-5.17,-5.46,-3.66,-0.22,0.5,5.61,-0.26,10.88,4.65,0.87,-3.94,Durian,Clay,0.761,0.292,22.56,9,0.483,3.251.955,27.897
10.28,105.686,5,2,3.64,37.8,26,6.1,20.1,42.1,38.1,27.74,4.64,80.6,17.9,12,-4.02,-5.17,-5.35,-3.98,0.31,1.52,7.43,-0.41,8.29,5.16,0.33,-4.15,Durian,Clay Loam,0.722,0.297,23.08,9,0.36,1.951.173,27.727
10.281,105.495,5,5,3.64,33.5,27,5.7,21.6,44.9,34,27.74,4.64,80.6,17.9,12,-4.02,-5.17,-5.35,-3.98,0.31,1.52,7.43,-0.41,8.29,5.16,0.33,-4.15,Durian,Clay Loam,0.722,0.288,23.08,9,0.36,2.818.361,27.708
10.286,106.223,5,3,3.64,37.3,35.9,6.2,24.1,38.6,44.3,27.91,4.33,79.72,18.06,12,-4.03,-4.78,-4.88,-4,0.35,2.61,7.9,-0.29,6.54,4.36,0.01,-3.83,Durian,Clay Loam,0.763,0.297,21.81,7,0.363,1.734.376,27.89
10.288,105.438,5,2,3.64,35.6,30.1,5.7,20.2,44.2,37.3,27.74,4.64,80.6,17.9,12,-4.02,-5.17,-5.35,-3.98,0.31,1.52,7.43,-0.41,8.29,5.16,0.33,-4.15,Durian,Clay Loam,0.722,0.296,23.08,9,0.36,2.818.361,27.727
10.29,105.913,5,5,3.64,39.2,31.1,6.2,24.3,36.5,43.6,27.74,4.64,80.6,17.9,12,-4.02,-5.17,-5.35,-3.98,0.31,1.52,7.43,-0.41,8.29,5.16,0.33,-4.15,Durian,Clay Loam,0.722,0.295,23.08,9,0.36,1.734.376,27.708
10.296,105.467,6,6,3.64,39.5,26,5.6,25.6,34.9,34.6,27.74,4.64,80.6,17.9,12,-4.02,-5.17,-5.35,-3.98,0.31,1.52,7.43,-0.41,8.29,5.16,0.33,-4.15,Durian,Clay Loam,0.722,0.28,23.08,9,0.36,3.035.158,27.701
10.301,105.742,6,3,3.64,37.5,39,5.9,24.2,38.2,40.4,27.74,4.64,80.6,17.9,12,-4.02,-5.17,-5.35,-3.98,0.31,1.52,7.43,-0.41,8.29,5.16,0.33,-4.15,Durian,Clay Loam,0.722,0.291,23.08,9,0.36,2.384.767,27.72
10.302,105.634,5,5,3.64,42,26,5.8,17.9,40.1,32.4,27.74,4.64,80.6,17.9,12,-4.02,-5.17,-5.35,-3.98,0.31,1.52,7.43,-0.41,8.29,5.16,0.33,-4.15,Durian,Clay,0.722,0.294,23.08,9,0.36,2.601.564,27.708
10.307,105.679,5,2,3.64,37.7,27.6,5.7,18.4,44,34.8,27.74,4.64,80.6,17.9,12,-4.02,-5.17,-5.35,-3.98,0.31,1.52,7.43,-0.41,8.29,5.16,0.33,-4.15,Durian,Clay Loam,0.722,0.296,23.08,9,0.36,2.818.361,27.727
10.313,104.832,6,2,3.64,31.6,33.2,5.5,24.4,44,41.1,27.91,4.77,79.76,18.24,12,-3.85,-5.17,-5.46,-3.66,-0.22,0.5,5.61,-0.26,10.88,4.65,0.87,-3.94,Durian,Clay Loam,0.761,0.291,22.56,9,0.483,3.251.955,27.897
10.314,105.177,5,2,3.64,37.2,34.7,5.6,23.7,39.1,41.4,27.91,4.77,79.76,17.9,12,-3.85,-5.17,-5.46,-3.66,-0.22,0.5,5.61,-0.26,10.88,4.65,0.87,-3.94,Durian,Clay Loam,0.761,0.293,22.56,9,0.483,3.035.158,27.897
10.315,105.724,5,2,3.64,34,27.8,5.8,18.6,47.4,31.8,27.74,4.64,80.6,17.9,12,-4.02,-5.17,-5.35,-3.98,0.31,1.52,7.43,-0.41,8.29,5.16,0.33,-4.15,Durian,Clay Loam,0.722,0.292,23.08,9,0.36,2.601.564,27.727
10.318,105.942,5,4,3.64,37.1,34.8,6,23.5,39.4,40.2,27.91,4.33,79.72,17.9,12,-4.03,-4.78,-4.88,-4,0.35,2.61,7.9,-0.29,6.54,4.36,0.01,-3.83,Durian,Clay Loam,0.763,0.292,21.81,7,0.363,2167.97,27.884
10.318,106.083,5,2,3.64,39.3,30.7,6.2,21.6,39.1,42,27.91,4.33,79.72,18.06,12,-4.03,-4.78,-4.88,-4,0.35,2.61,7.9,-0.29,6.54,4.36,0.01,-3.83,Durian,Clay Loam,0.763,0.299,21.81,7,0.363,1.734.376,27.897
10.321,105.446,5,2,3.64,35.3,25.9,5.6,20.8,44,31.5,27.74,4.64,80.6,17.9,12,-4.02,-5.17,-5.35,-3.98,0.31,1.52,7.43,-0.41,8.29,5.16,0.33,-4.15,Durian,Clay Loam,0.722,0.286,23.08,9,0.36,3.035.158,27.727
10.322,105.679,6,2,3.64,35.8,31.9,5.6,17.5,46.7,43.1,27.74,4.64,80.6,17.9,12,-4.02,-5.17,-5.35,-3.98,0.31,1.52,7.43,-0.41,8.29,5.16,0.33,-4.15,Durian,Clay Loam,0.722,0.31,23.08,9,0.36,3.035.158,27.727
10.33,106.698,6,2,3.64,43.5,33,6.4,16.8,39.7,32.8,27.76,4.07,80.84,18.06,12,-3.8,-4.52,-4.6,-4.04,0.25,3.53,7.47,0.45,6.09,2.91,-0.2,-3.56,Durian,Clay,0.714,0.297,20.72,7,0.361,1.300.782,27.747
10.335,104.627,5,2,3.64,35.8,58.3,5.6,24.3,39.9,62.8,28.02,4.28,79.32,18.24,12,-3.59,-4.73,-4.96,-3.39,-0.31,0.74,4.69,-0.22,9.83,4.01,1.31,-3.42,Durian,Clay Loam,0.783,0.322,20.62,9,0.478,3.035.158,28.007
10.337,105.236,5,2,3.64,37.3,33.2,5.9,24,38.6,42.4,27.91,4.77,79.76,17.9,12,-3.85,-5.17,-5.46,-3.66,-0.22,0.5,5.61,-0.26,10.88,4.65,0.87,-3.94,Durian,Clay Loam,0.761,0.294,22.56,9,0.483,2.384.767,27.897
10.347,104.859,6,2,3.64,32.1,34.5,5.6,26,41.9,37.1,27.91,4.77,79.76,18.24,12,-3.85,-5.17,-5.46,-3.66,-0.22,0.5,5.61,-0.26,10.88,4.65,0.87,-3.94,Durian,Clay Loam,0.761,0.282,22.56,9,0.483,3.035.158,27.897
10.348,104.777,6,2,3.64,32.1,40.7,5.6,29.7,38.2,37.8,27.91,4.77,79.76,18.24,12,-3.85,-5.17,-5.46,-3.66,-0.22,0.5,5.61,-0.26,10.88,4.65,0.87,-3.94,Durian,Clay Loam,0.761,0.275,22.56,9,0.483,3.035.158,27.897
10.351,106.592,5,2,3.64,41.1,36.6,6.4,18.6,40.2,42.9,27.76,4.07,80.84,18.06,12,-3.8,-4.52,-4.6,-4.04,0.25,3.53,7.47,0.45,6.09,2.91,-0.2,-3.56,Durian,Clay,0.714,0.307,20.72,7,0.361,1.300.782,27.747
10.357,104.738,5,2,3.64,30.7,37.8,5.9,26.5,42.8,67.6,27.91,4.77,79.76,18.24,12,-3.85,-5.17,-5.46,-3.66,-0.22,0.5,5.61,-0.26,10.88,4.65,0.87,-3.94,Durian,Clay Loam,0.761,0.324,22.56,9,0.483,2.384.767,27.897
10.357,106.599,6,3,3.64,39.5,34.1,6.4,20,40.5,35.5,27.76,4.07,80.84,18.06,12,-3.8,-4.52,-4.6,-4.04,0.25,3.53,7.47,0.45,6.09,2.91,-0.2,-3.56,Durian,Clay Loam,0.714,0.294,20.72,7,0.361,1.300.782,27.74
10.358,105.68,5,2,3.64,38.1,25.5,5.7,17,44.9,27.4,27.74,4.64,80.6,17.9,12,-4.02,-5.17,-5.35,-3.98,0.31,1.52,7.43,-0.41,8.29,5.16,0.33,-4.15,Durian,Clay Loam,0.722,0.289,23.08,9,0.36,2.818.361,27.727
10.376,106.471,5,2,3.64,38.2,35.9,6.4,20.2,41.6,37.6,27.91,4.33,79.72,18.06,12,-4.03,-4.78,-4.88,-4,0.35,2.61,7.9,-0.29,6.54,4.36,0.01,-3.83,Durian,Clay Loam,0.763,0.296,21.81,7,0.363,1.300.782,27.897
10.38,105.331,5,2,3.64,39.7,35.4,5.6,19.3,41,33.5,27.74,4.64,80.6,17.9,12,-4.02,-5.17,-5.35,-3.98,0.31,1.52,7.43,-0.41,8.29,5.16,0.33,-4.15,Durian,Clay Loam,0.722,0.293,23.08,9,0.36,3.035.158,27.727
10.381,106.567,5,4,3.64,39,25.7,6.4,20.7,40.3,30.9,27.76,4.07,80.84,18.06,12,-3.8,-4.52,-4.6,-4.04,0.25,3.53,7.47,0.45,6.09,2.91,-0.2,-3.56,Durian,Clay Loam,0.714,0.286,20.72,7,0.361,1.300.782,27.734
10.383,104.955,6,12,3.64,29.5,28.5,5.6,32.5,38.1,37.4,27.91,4.77,79.76,18.24,12,-3.85,-5.17,-5.46,-3.66,-0.22,0.5,5.61,-0.26,10.88,4.65,0.87,-3.94,Durian,Clay Loam,0.761,0.268,22.56,9,0.483,3.035.158,27.832
10.386,106.332,5,5,3.64,41.1,28.9,6.2,20.2,38.7,30.2,27.91,4.33,79.72,18.06,12,-4.03,-4.78,-4.88,-4,0.35,2.61,7.9,-0.29,6.54,4.36,0.01,-3.83,Durian,Clay,0.763,0.286,21.81,7,0.363,1.734.376,27.878
10.387,106.315,6,3,3.64,37,33.1,6.2,20,43,35.4,27.91,4.33,79.72,18.06,12,-4.03,-4.78,-4.88,-4,0.35,2.61,7.9,-0.29,6.54,4.36,0.01,-3.83,Durian,Clay Loam,0.763,0.294,21.81,7,0.363,1.734.376,27.89
10.388,105.151,6,2,3.64,35.5,32.4,5.5,23.4,41.1,32.9,27.91,4.77,79.76,17.9,12,-3.85,-5.17,-5.46,-3.66,-0.22,0.5,5.61,-0.26,10.88,4.65,0.87,-3.94,Durian,Clay Loam,0.761,0.282,22.56,9,0.483,3.251.955,27.897
10.395,106.067,6,3,3.64,43.1,30.4,6.3,17.9,39,33.4,27.91,4.33,79.72,18.06,12,-4.03,-4.78,-4.88,-4,0.35,2.61,7.9,-0.29,6.54,4.36,0.01,-3.83,Durian,Clay,0.763,0.296,21.81,7,0.363,1.517.579,27.89
10.396,105.027,6,2,3.64,36.3,34.7,5.5,33,30.8,39.7,27.91,4.77,79.76,17.9,12,-3.85,-5.17,-5.46,-3.66,-0.22,0.5,5.61,-0.26,10.88,4.65,0.87,-3.94,Durian,Clay Loam,0.761,0.27,22.56,9,0.483,3.251.955,27.897
10.398,105.319,6,2,3.64,40.7,33.8,5.5,20.6,38.7,32.7,27.74,4.64,80.6,17.9,12,-4.02,-5.17,-5.35,-3.98,0.31,1.52,7.43,-0.41,8.29,5.16,0.33,-4.15,Durian,Clay,0.722,0.288,23.08,9,0.36,3.251.955,27.727
10.398,106.594,6,3,3.64,39.8,28,6.4,18.7,41.6,35,27.76,4.07,80.84,18.06,12,-3.8,-4.52,-4.6,-4.04,0.25,3.53,7.47,0.45,6.09,2.91,-0.2,-3.56,Durian,Clay Loam,0.714,0.296,20.72,7,0.361,1.300.782,27.74
10.4,106.361,5,5,3.64,38.4,31.9,6.2,19.5,42.1,37,27.91,4.33,79.72,18.06,12,-4.03,-4.78,-4.88,-4,0.35,2.61,7.9,-0.29,6.54,4.36,0.01,-3.83,Durian,Clay Loam,0.763,0.297,21.81,7,0.363,1.734.376,27.878
10.4,106.597,6,2,3.64,39.6,29.3,6.3,18.5,41.9,34.9,27.76,4.07,80.84,18.06,12,-3.8,-4.52,-4.6,-4.04,0.25,3.53,7.47,0.45,6.09,2.91,-0.2,-3.56,Durian,Clay Loam,0.714,0.296,20.72,7,0.361,1.517.579,27.747
10.406,106.475,5,3,3.64,42.7,35.1,6.3,17.8,39.5,37.7,27.91,4.33,79.72,18.06,12,-4.03,-4.78,-4.88,-4,0.35,2.61,7.9,-0.29,6.54,4.36,0.01,-3.83,Durian,Clay,0.763,0.302,21.81,7,0.363,1.517.579,27.89
10.416,106.478,5,2,3.64,40.4,31.9,6.4,18.1,41.5,33.5,27.91,4.33,79.72,18.06,12,-4.03,-4.78,-4.88,-4,0.35,2.61,7.9,-0.29,6.54,4.36,0.01,-3.83,Durian,Clay,0.763,0.295,21.81,7,0.363,1.300.782,27.897
10.417,105.171,5,2,3.64,39.5,37.1,5.5,19.3,41.3,39.1,27.91,4.77,79.76,17.9,12,-3.85,-5.17,-5.46,-3.66,-0.22,0.5,5.61,-0.26,10.88,4.65,0.87,-3.94,Durian,Clay Loam,0.761,0.3,22.56,9,0.483,3.251.955,27.897
10.419,106.406,5,4,3.64,38.8,34.1,6.3,18,43.2,37.6,27.91,4.33,79.72,18.06,12,-4.03,-4.78,-4.88,-4,0.35,2.61,7.9,-0.29,6.54,4.36,0.01,-3.83,Durian,Clay Loam,0.763,0.301,21.81,7,0.363,1.517.579,27.884
10.433,105.01,6,3,3.64,36.5,41,5.6,32.4,31.1,46.7,27.91,4.77,79.76,17.9,12,-3.85,-5.17,-5.46,-3.66,-0.22,0.5,5.61,-0.26,10.88,4.65,0.87,-3.94,Durian,Clay Loam,0.761,0.281,22.56,9,0.483,3.035.158,27.89
10.434,106.446,5,3,3.64,40.3,36.2,6.2,16,43.7,40,27.91,4.33,79.72,18.06,12,-4.03,-4.78,-4.88,-4,0.35,2.61,7.9,-0.29,6.54,4.36,0.01,-3.83,Durian,Clay,0.763,0.309,21.81,7,0.363,1.734.376,27.89
10.441,105,6,17,3.64,32.4,34,5.7,36.6,31,40.7,27.91,4.77,79.76,17.9,12,-3.85,-5.17,-5.46,-3.66,-0.22,0.5,5.61,-0.26,10.88,4.65,0.87,-3.94,Durian,Clay Loam,0.761,0.263,22.56,9,0.483,2.818.361,27.8
10.451,104.722,6,2,3.64,31.6,52.8,5.4,28.7,39.7,52.2,27.91,4.77,79.76,18.24,12,-3.85,-5.17,-5.46,-3.66,-0.22,0.5,5.61,-0.26,10.88,4.65,0.87,-3.94,Durian,Clay Loam,0.761,0.297,22.56,9,0.483,3.468.752,27.897
10.452,106.317,6,2,3.64,38.9,30.3,6.4,18.5,42.6,39.5,27.91,4.33,79.72,18.06,12,-4.03,-4.78,-4.88,-4,0.35,2.61,7.9,-0.29,6.54,4.36,0.01,-3.83,Durian,Clay Loam,0.763,0.303,21.81,7,0.363,1.300.782,27.897
10.455,105.408,6,2,3.64,39.4,25,5.6,19,41.6,32.8,27.74,4.64,80.6,17.9,12,-4.02,-5.17,-5.35,-3.98,0.31,1.52,7.43,-0.41,8.29,5.16,0.33,-4.15,Durian,Clay Loam,0.722,0.292,23.08,9,0.36,3.035.158,27.727
10.458,104.873,5,2,3.64,33.4,45.3,5.6,29,37.6,42.6,27.91,4.77,79.76,18.24,12,-3.85,-5.17,-5.46,-3.66,-0.22,0.5,5.61,-0.26,10.88,4.65,0.87,-3.94,Durian,Clay Loam,0.761,0.283,22.56,9,0.483,3.035.158,27.897
10.465,104.98,5,14,3.64,31.6,30.8,5.7,37.6,30.9,33,27.91,4.77,79.76,18.24,12,-3.85,-5.17,-5.46,-3.66,-0.22,0.5,5.61,-0.26,10.88,4.65,0.87,-3.94,Durian,Clay Loam,0.761,0.25,22.56,9,0.483,2.818.361,27.819
10.472,105.747,6,2,3.64,34.4,27.1,6.1,19.8,45.8,32.8,27.74,4.64,80.6,17.9,12,-4.02,-5.17,-5.35,-3.98,0.31,1.52,7.43,-0.41,8.29,5.16,0.33,-4.15,Durian,Clay Loam,0.722,0.29,23.08,9,0.36,1.951.173,27.727
10.474,104.996,6,319,3.64,32.9,41.5,5.6,39.6,27.6,57.1,27.91,4.77,79.76,18.24,12,-3.85,-5.17,-5.46,-3.66,-0.22,0.5,5.61,-0.26,10.88,4.65,0.87,-3.94,Durian,Clay Loam,0.761,0.279,22.56,9,0.483,3.035.158,25.836
10.475,106.186,5,4,3.64,41.5,22.9,6.4,20,38.5,25.4,27.91,4.33,79.72,18.06,12,-4.03,-4.78,-4.88,-4,0.35,2.61,7.9,-0.29,6.54,4.36,0.01,-3.83,Durian,Clay,0.763,0.28,21.81,7,0.363,1.300.782,27.884
10.489,105.188,6,2,3.64,36,28.2,5.8,18.5,45.5,33.3,27.91,4.77,79.76,17.9,12,-3.85,-5.17,-5.46,-3.66,-0.22,0.5,5.61,-0.26,10.88,4.65,0.87,-3.94,Durian,Clay Loam,0.761,0.294,22.56,9,0.483,2.601.564,27.897
10.509,104.98,6,480,3.64,33,33.4,5.4,40.2,26.8,51.9,27.91,4.77,79.76,18.24,12,-3.85,-5.17,-5.46,-3.66,-0.22,0.5,5.61,-0.26,10.88,4.65,0.87,-3.94,Durian,Clay Loam,0.761,0.27,22.56,9,0.483,3.468.752,24.79
10.518,104.803,5,4,3.64,33,48.8,5.4,27.2,39.8,36.5,27.91,4.77,79.76,18.24,12,-3.85,-5.17,-5.46,-3.66,-0.22,0.5,5.61,-0.26,10.88,4.65,0.87,-3.94,Durian,Clay Loam,0.761,0.279,22.56,9,0.483,3.468.752,27.884
10.521,106.307,5,2,3.64,39.4,28.2,6.3,17.8,42.8,37,27.91,4.33,79.72,18.06,12,-4.03,-4.78,-4.88,-4,0.35,2.61,7.9,-0.29,6.54,4.36,0.01,-3.83,Durian,Clay Loam,0.763,0.301,21.81,7,0.363,1.517.579,27.897
10.529,104.83,5,4,3.64,35.7,35.9,5.6,32.2,32.1,31.9,27.91,4.77,79.76,18.24,12,-3.85,-5.17,-5.46,-3.66,-0.22,0.5,5.61,-0.26,10.88,4.65,0.87,-3.94,Durian,Clay Loam,0.761,0.261,22.56,9,0.483,3.035.158,27.884
10.534,106.618,5,2,3.64,43.6,34,6.2,25.2,31.2,34.1,27.76,4.07,80.84,18.06,12,-3.8,-4.52,-4.6,-4.04,0.25,3.53,7.47,0.45,6.09,2.91,-0.2,-3.56,Durian,Clay,0.714,0.28,20.72,7,0.361,1.734.376,27.747
10.554,105.028,5,4,3.64,30.6,31.2,5.5,37.6,31.8,40.8,27.91,4.77,79.76,17.9,12,-3.85,-5.17,-5.46,-3.66,-0.22,0.5,5.61,-0.26,10.88,4.65,0.87,-3.94,Durian,Clay Loam,0.761,0.261,22.56,9,0.483,3.251.955,27.884
10.554,106.534,5,2,3.64,36.6,31.7,6.2,24.6,38.9,40.3,27.91,4.33,79.72,18.06,12,-4.03,-4.78,-4.88,-4,0.35,2.61,7.9,-0.29,6.54,4.36,0.01,-3.83,Durian,Clay Loam,0.763,0.29,21.81,7,0.363,1.734.376,27.897
10.557,105.644,6,4,3.64,38.6,27.5,5.9,19.3,42.1,37.5,27.74,4.64,80.6,17.9,12,-4.02,-5.17,-5.35,-3.98,0.31,1.52,7.43,-0.41,8.29,5.16,0.33,-4.15,Durian,Clay Loam,0.722,0.298,23.08,9,0.36,2.384.767,27.714
10.563,105.908,6,2,3.64,41.6,29.1,6.1,18.3,40,39.2,27.74,4.64,80.6,17.9,12,-4.02,-5.17,-5.35,-3.98,0.31,1.52,7.43,-0.41,8.29,5.16,0.33,-4.15,Durian,Clay,0.722,0.303,23.08,9,0.36,1.951.173,27.727
10.563,106.353,5,2,3.64,39.6,33.2,6.2,17.2,43.2,29.9,27.91,4.33,79.72,18.06,12,-4.03,-4.78,-4.88,-4,0.35,2.61,7.9,-0.29,6.54,4.36,0.01,-3.83,Durian,Clay Loam,0.763,0.292,21.81,7,0.363,1.734.376,27.897
10.573,106.246,5,2,3.64,35.9,32.5,6.2,19,45.1,28.6,27.91,4.33,79.72,18.06,12,-4.03,-4.78,-4.88,-4,0.35,2.61,7.9,-0.29,6.54,4.36,0.01,-3.83,Durian,Clay Loam,0.763,0.286,21.81,7,0.363,1.734.376,27.897
10.574,106.692,5,4,3.64,34.6,40.1,6.2,20.7,44.7,33.5,27.76,4.07,80.84,18.06,12,-3.8,-4.52,-4.6,-4.04,0.25,3.53,7.47,0.45,6.09,2.91,-0.2,-3.56,Durian,Clay Loam,0.714,0.289,20.72,7,0.361,1.734.376,27.734
10.582,105.89,5,2,3.64,38.7,34.9,6.2,19.4,42,39.1,27.74,4.64,80.6,17.9,12,-4.02,-5.17,-5.35,-3.98,0.31,1.52,7.43,-0.41,8.29,5.16,0.33,-4.15,Durian,Clay Loam,0.722,0.3,23.08,9,0.36,1.734.376,27.727
10.584,105.943,5,2,3.64,42.1,28.5,6.1,18.3,39.6,34.8,27.91,4.33,79.72,17.9,12,-4.03,-4.78,-4.88,-4,0.35,2.61,7.9,-0.29,6.54,4.36,0.01,-3.83,Durian,Clay,0.763,0.297,21.81,7,0.363,1.951.173,27.897
10.586,105.293,5,2,3.64,37.7,34.2,6.1,20.3,42.1,46.5,27.91,4.77,79.76,17.9,12,-3.85,-5.17,-5.46,-3.66,-0.22,0.5,5.61,-0.26,10.88,4.65,0.87,-3.94,Durian,Clay Loam,0.761,0.308,22.56,9,0.483,1.951.173,27.897
10.591,106.353,5,2,3.64,41,34.1,6.1,16.2,42.9,34.2,27.91,4.33,79.72,18.06,12,-4.03,-4.78,-4.88,-4,0.35,2.61,7.9,-0.29,6.54,4.36,0.01,-3.83,Durian,Clay,0.763,0.301,21.81,7,0.363,1.951.173,27.897
10.599,105.777,5,128,3.64,37.8,27.7,6,20.6,41.6,37.2,27.74,4.64,80.6,17.9,12,-4.02,-5.17,-5.35,-3.98,0.31,1.52,7.43,-0.41,8.29,5.16,0.33,-4.15,Durian,Clay Loam,0.722,0.295,23.08,9,0.36,2167.97,26.908
10.601,105.41,6,3,3.64,37.8,26.1,5.5,20.9,41.4,40.5,27.74,4.64,80.6,17.9,12,-4.02,-5.17,-5.35,-3.98,0.31,1.52,7.43,-0.41,8.29,5.16,0.33,-4.15,Durian,Clay Loam,0.722,0.299,23.08,9,0.36,3.251.955,27.72
10.605,105.862,5,2,3.64,40.6,32.1,5.6,17.1,42.3,32.2,27.74,4.64,80.6,17.9,12,-4.02,-5.17,-5.35,-3.98,0.31,1.52,7.43,-0.41,8.29,5.16,0.33,-4.15,Durian,Clay,0.722,0.296,23.08,9,0.36,3.035.158,27.727
10.606,104.966,5,24,3.64,26.7,27.8,5.9,45.4,27.9,39.3,27.91,4.77,79.76,18.24,12,-3.85,-5.17,-5.46,-3.66,-0.22,0.5,5.61,-0.26,10.88,4.65,0.87,-3.94,Durian,Loam,0.761,0.241,22.56,9,0.483,2.384.767,27.754
10.607,105.104,5,2,3.64,41,36.2,6.1,19.3,39.7,46.2,27.91,4.77,79.76,17.9,12,-3.85,-5.17,-5.46,-3.66,-0.22,0.5,5.61,-0.26,10.88,4.65,0.87,-3.94,Durian,Clay,0.761,0.31,22.56,9,0.483,1.951.173,27.897
10.608,106.516,5,2,3.64,44.5,35,6.1,23.7,31.8,31.4,27.91,4.33,79.72,18.06,12,-4.03,-4.78,-4.88,-4,0.35,2.61,7.9,-0.29,6.54,4.36,0.01,-3.83,Durian,Clay,0.763,0.279,21.81,7,0.363,1.951.173,27.897
10.609,106.31,6,2,3.64,47.1,32.5,5.9,13.4,39.6,26.7,27.91,4.33,79.72,18.06,12,-4.03,-4.78,-4.88,-4,0.35,2.61,7.9,-0.29,6.54,4.36,0.01,-3.83,Durian,Clay,0.763,0.297,21.81,7,0.363,2.384.767,27.897
10.609,106.689,6,3,3.64,32,35.4,6,24.5,43.5,33.2,27.76,4.07,80.84,18.06,12,-3.8,-4.52,-4.6,-4.04,0.25,3.53,7.47,0.45,6.09,2.91,-0.2,-3.56,Durian,Clay Loam,0.714,0.28,20.72,7,0.361,2167.97,27.74
10.615,104.821,6,35,3.64,29.9,32.5,5.8,41.9,28.2,41.4,27.91,4.77,79.76,18.24,12,-3.85,-5.17,-5.46,-3.66,-0.22,0.5,5.61,-0.26,10.88,4.65,0.87,-3.94,Durian,Clay Loam,0.761,0.252,22.56,9,0.483,2.601.564,27.682
10.616,105.539,6,2,3.64,34.7,31.3,5.4,21.4,43.9,37,27.74,4.64,80.6,17.9,12,-4.02,-5.17,-5.35,-3.98,0.31,1.52,7.43,-0.41,8.29,5.16,0.33,-4.15,Durian,Clay Loam,0.722,0.293,23.08,9,0.36,3.468.752,27.727
10.617,104.995,5,57,3.64,26.8,27.3,5.8,45.2,28,38.1,27.91,4.77,79.76,18.24,12,-3.85,-5.17,-5.46,-3.66,-0.22,0.5,5.61,-0.26,10.88,4.65,0.87,-3.94,Durian,Loam,0.761,0.239,22.56,9,0.483,2.601.564,27.54
10.618,104.942,5,2,3.64,32,41.7,5.6,27.3,40.7,46.7,27.91,4.77,79.76,18.24,12,-3.85,-5.17,-5.46,-3.66,-0.22,0.5,5.61,-0.26,10.88,4.65,0.87,-3.94,Durian,Clay Loam,0.761,0.293,22.56,9,0.483,3.035.158,27.897
10.62,105.747,5,2,3.64,39.9,27.4,6.1,18.9,41.2,36.9,27.74,4.64,80.6,17.9,12,-4.02,-5.17,-5.35,-3.98,0.31,1.52,7.43,-0.41,8.29,5.16,0.33,-4.15,Durian,Clay Loam,0.722,0.298,23.08,9,0.36,1.951.173,27.727
10.644,104.613,6,4,3.64,30.9,41.4,5.4,27.6,41.5,36.1,28.02,4.28,79.32,18.24,12,-3.59,-4.73,-4.96,-3.39,-0.31,0.74,4.69,-0.22,9.83,4.01,1.31,-3.42,Durian,Clay Loam,0.783,0.277,20.62,9,0.478,3.468.752,27.994
10.665,106.496,5,2,3.64,42.2,28.8,5.9,24.2,33.6,31,27.91,4.33,79.72,18.06,12,-4.03,-4.78,-4.88,-4,0.35,2.61,7.9,-0.29,6.54,4.36,0.01,-3.83,Durian,Clay,0.763,0.278,21.81,7,0.363,2.384.767,27.897
10.675,106.28,5,2,3.64,41.6,33.8,6,15.6,42.8,25.6,27.91,4.33,79.72,18.06,12,-4.03,-4.78,-4.88,-4,0.35,2.61,7.9,-0.29,6.54,4.36,0.01,-3.83,Durian,Clay,0.763,0.29,21.81,7,0.363,2167.97,27.897
10.677,105.028,5,2,3.64,37,37,5.9,23.9,39.2,52.6,27.91,4.77,79.76,17.9,12,-3.85,-5.17,-5.46,-3.66,-0.22,0.5,5.61,-0.26,10.88,4.65,0.87,-3.94,Durian,Clay Loam,0.761,0.309,22.56,9,0.483,2.384.767,27.897
10.679,105.32,6,3,3.64,36.4,27.3,6,22.3,41.3,33.6,27.74,4.64,80.6,17.9,12,-4.02,-5.17,-5.35,-3.98,0.31,1.52,7.43,-0.41,8.29,5.16,0.33,-4.15,Durian,Clay Loam,0.722,0.286,23.08,9,0.36,2167.97,27.72
10.685,105.792,5,2,3.64,36.4,28.3,5.8,21.8,41.9,30.6,27.74,4.64,80.6,17.9,12,-4.02,-5.17,-5.35,-3.98,0.31,1.52,7.43,-0.41,8.29,5.16,0.33,-4.15,Durian,Clay Loam,0.722,0.283,23.08,9,0.36,2.601.564,27.727
10.688,106.54,6,2,3.64,36.7,25.8,6.1,26.8,36.4,26.7,27.91,4.33,79.72,18.06,12,-4.03,-4.78,-4.88,-4,0.35,2.61,7.9,-0.29,6.54,4.36,0.01,-3.83,Durian,Clay Loam,0.763,0.266,21.81,7,0.363,1.951.173,27.897
10.692,106.118,6,4,3.64,40.3,26.3,5.5,19.1,40.6,33.1,27.91,4.33,79.72,18.06,12,-4.03,-4.78,-4.88,-4,0.35,2.61,7.9,-0.29,6.54,4.36,0.01,-3.83,Durian,Clay,0.763,0.292,21.81,7,0.363,3.251.955,27.884
10.694,106.531,5,2,3.64,40,29.7,6.2,25.2,34.8,25,27.91,4.33,79.72,18.06,12,-4.03,-4.78,-4.88,-4,0.35,2.61,7.9,-0.29,6.54,4.36,0.01,-3.83,Durian,Clay,0.763,0.267,21.81,7,0.363,1.734.376,27.897
10.716,105.078,6,2,3.64,33.4,33.1,5.3,26.4,40.2,31,27.91,4.77,79.76,17.9,12,-3.85,-5.17,-5.46,-3.66,-0.22,0.5,5.61,-0.26,10.88,4.65,0.87,-3.94,Durian,Clay Loam,0.761,0.273,22.56,9,0.483,3.685.549,27.897
10.716,105.836,6,2,3.64,40.5,34.8,5.9,19.4,40.1,38.1,27.74,4.64,80.6,17.9,12,-4.02,-5.17,-5.35,-3.98,0.31,1.52,7.43,-0.41,8.29,5.16,0.33,-4.15,Durian,Clay,0.722,0.299,23.08,9,0.36,2.384.767,27.727
10.72,106.421,6,3,3.64,40.6,25.3,5.9,21.5,37.9,27.4,27.91,4.33,79.72,18.06,12,-4.03,-4.78,-4.88,-4,0.35,2.61,7.9,-0.29,6.54,4.36,0.01,-3.83,Durian,Clay,0.763,0.279,21.81,7,0.363,2.384.767,27.89
10.728,105.269,5,4,3.64,35.7,25.6,5.5,20.9,43.3,33.2,27.91,4.77,79.76,17.9,12,-3.85,-5.17,-5.46,-3.66,-0.22,0.5,5.61,-0.26,10.88,4.65,0.87,-3.94,Durian,Clay Loam,0.761,0.288,22.56,9,0.483,3.251.955,27.884
10.73,104.988,6,2,3.64,30.2,29.8,5.1,35.5,34.2,26.8,27.91,4.77,79.76,18.24,12,-3.85,-5.17,-5.46,-3.66,-0.22,0.5,5.61,-0.26,10.88,4.65,0.87,-3.94,Durian,Clay Loam,0.761,0.246,22.56,9,0.483,4.119.143,27.897
10.735,104.849,6,5,3.64,30,43.3,5.2,30.1,39.9,35.2,27.91,4.77,79.76,18.24,12,-3.85,-5.17,-5.46,-3.66,-0.22,0.5,5.61,-0.26,10.88,4.65,0.87,-3.94,Durian,Clay Loam,0.761,0.27,22.56,9,0.483,3.902.346,27.878
10.736,105.808,5,2,3.64,36,27.7,5.4,21.2,42.8,34.6,27.74,4.64,80.6,17.9,12,-4.02,-5.17,-5.35,-3.98,0.31,1.52,7.43,-0.41,8.29,5.16,0.33,-4.15,Durian,Clay Loam,0.722,0.29,23.08,9,0.36,3.468.752,27.727
10.739,106.537,5,3,3.64,39.2,30.8,5.8,25.4,35.4,29,27.91,4.33,79.72,18.06,12,-4.03,-4.78,-4.88,-4,0.35,2.61,7.9,-0.29,6.54,4.36,0.01,-3.83,Durian,Clay Loam,0.763,0.272,21.81,7,0.363,2.601.564,27.89
10.743,104.79,5,5,3.64,29.2,30.1,5.4,33.7,37.1,33.6,27.91,4.77,79.76,18.24,12,-3.85,-5.17,-5.46,-3.66,-0.22,0.5,5.61,-0.26,10.88,4.65,0.87,-3.94,Durian,Clay Loam,0.761,0.26,22.56,9,0.483,3.468.752,27.878
10.743,105.55,5,2,3.64,35,26.6,5.7,21.6,43.4,37.8,27.74,4.64,80.6,17.9,12,-4.02,-5.17,-5.35,-3.98,0.31,1.52,7.43,-0.41,8.29,5.16,0.33,-4.15,Durian,Clay Loam,0.722,0.293,23.08,9,0.36,2.818.361,27.727
10.748,105.395,5,3,3.64,34.8,28.9,5.5,24.3,40.9,29.3,27.74,4.64,80.6,17.9,12,-4.02,-5.17,-5.35,-3.98,0.31,1.52,7.43,-0.41,8.29,5.16,0.33,-4.15,Durian,Clay Loam,0.722,0.275,23.08,9,0.36,3.251.955,27.72
10.75,105.832,6,2,3.64,40.9,34.9,6,21.8,37.3,44.2,27.74,4.64,80.6,17.9,12,-4.02,-5.17,-5.35,-3.98,0.31,1.52,7.43,-0.41,8.29,5.16,0.33,-4.15,Durian,Clay,0.722,0.302,23.08,9,0.36,2167.97,27.727
10.756,104.794,6,8,3.64,27.4,34,5.5,37.6,35,35.1,28.16,3.9,76.87,18.24,12,-3.21,-4.25,-4.47,-3.37,-0.26,0.68,3.27,0.33,8.7,4.94,0.85,-3.21,Durian,Clay Loam,0.882,0.253,18.77,9,0.464,3.251.955,28.108
10.758,106.457,5,3,3.64,36.5,35.9,5.8,22.4,41.1,27.6,28.08,3.71,77.7,18.06,12,-3.56,-4.08,-4.13,-3.62,0.1,2.86,5.77,0.03,5.64,4.65,-0.35,-3.28,Durian,Clay Loam,0.847,0.277,19.02,7,0.303,2.601.564,28.06
10.766,104.624,5,60,3.64,26,32.7,5.7,39.2,34.7,37.2,27.55,3.96,77.95,18.24,12,-3.27,-4.22,-4.47,-3.28,-0.5,0.58,2.73,0.29,9.27,4.9,1.1,-3.13,Durian,Loam,0.812,0.252,18.87,9,0.491,2.818.361,27.16
10.776,104.662,6,20,3.64,30,51.4,5.8,36.6,33.4,66.2,27.55,3.96,77.95,18.24,12,-3.27,-4.22,-4.47,-3.28,-0.5,0.58,2.73,0.29,9.27,4.9,1.1,-3.13,Durian,Clay Loam,0.812,0.298,18.87,9,0.491,2.601.564,27.42
10.777,105.164,6,4,3.64,37.6,26,5.6,23,39.4,31.8,28.16,3.9,76.87,17.9,12,-3.21,-4.25,-4.47,-3.37,-0.26,0.68,3.27,0.33,8.7,4.94,0.85,-3.21,Durian,Clay Loam,0.882,0.282,18.77,9,0.464,3.035.158,28.134
10.789,106.173,6,2,3.64,45.5,31.7,6,15.6,38.9,25.1,28.08,3.71,77.7,18.06,12,-3.56,-4.08,-4.13,-3.62,0.1,2.86,5.77,0.03,5.64,4.65,-0.35,-3.28,Durian,Clay,0.847,0.289,19.02,7,0.303,2167.97,28.067
10.79,105.472,5,2,3.64,38.5,30.9,5.4,19.7,41.8,40.3,28.1,3.74,77.56,17.9,12,-3.37,-4.2,-4.32,-3.49,0.06,1.63,4.58,-0.12,6.51,5.58,0.4,-3.31,Durian,Clay Loam,0.853,0.301,18.81,9,0.347,3.468.752,28.087
10.793,106.249,6,6,3.64,42.7,26.7,6,16.9,40.5,34.6,28.08,3.71,77.7,18.06,12,-3.56,-4.08,-4.13,-3.62,0.1,2.86,5.77,0.03,5.64,4.65,-0.35,-3.28,Durian,Clay,0.847,0.3,19.02,7,0.303,2167.97,28.041
10.805,105.423,5,2,3.64,37.3,25.8,5.8,23.8,38.8,34.7,28.1,3.74,77.56,17.9,12,-3.37,-4.2,-4.32,-3.49,0.06,1.63,4.58,-0.12,6.51,5.58,0.4,-3.31,Durian,Clay Loam,0.853,0.284,18.81,9,0.347,2.601.564,28.087
10.816,105.897,6,2,3.64,33.5,23.4,5.6,24.5,42.1,33.1,28.1,3.74,77.56,17.9,12,-3.37,-4.2,-4.32,-3.49,0.06,1.63,4.58,-0.12,6.51,5.58,0.4,-3.31,Durian,Clay Loam,0.853,0.28,18.81,9,0.347,3.035.158,28.087
10.825,106.391,5,2,3.64,37.8,31.1,6,23.9,38.4,37.1,28.08,3.71,77.7,18.06,12,-3.56,-4.08,-4.13,-3.62,0.1,2.86,5.77,0.03,5.64,4.65,-0.35,-3.28,Durian,Clay Loam,0.847,0.287,19.02,7,0.303,2167.97,28.067
10.826,105.134,6,3,3.64,33.7,26.6,5.5,24.6,41.6,36.9,28.16,3.9,76.87,17.9,12,-3.21,-4.25,-4.47,-3.37,-0.26,0.68,3.27,0.33,8.7,4.94,0.85,-3.21,Durian,Clay Loam,0.882,0.285,18.77,9,0.464,3.251.955,28.14
10.826,105.881,6,2,3.64,33.4,22,5.5,25.4,41.2,29.1,28.1,3.74,77.56,17.9,12,-3.37,-4.2,-4.32,-3.49,0.06,1.63,4.58,-0.12,6.51,5.58,0.4,-3.31,Durian,Clay Loam,0.853,0.272,18.81,9,0.347,3.251.955,28.087
10.834,104.653,6,8,3.64,26.1,30.5,5.5,37.1,36.8,35.4,27.55,3.96,77.95,18.24,12,-3.27,-4.22,-4.47,-3.28,-0.5,0.58,2.73,0.29,9.27,4.9,1.1,-3.13,Durian,Loam,0.812,0.254,18.87,9,0.491,3.251.955,27.498
10.834,105.147,6,3,3.64,33.7,29.9,5.9,24.7,41.6,30.9,28.16,3.9,76.87,17.9,12,-3.21,-4.25,-4.47,-3.37,-0.26,0.68,3.27,0.33,8.7,4.94,0.85,-3.21,Durian,Clay Loam,0.882,0.276,18.77,9,0.464,2.384.767,28.14
10.845,105.889,6,3,3.64,33.3,21.4,5.4,24.4,42.3,26.6,28.1,3.74,77.56,17.9,12,-3.37,-4.2,-4.32,-3.49,0.06,1.63,4.58,-0.12,6.51,5.58,0.4,-3.31,Durian,Clay Loam,0.853,0.271,18.81,9,0.347,3.468.752,28.08
10.851,106.078,5,2,3.64,36.4,29.6,5.2,20.6,43,30.6,28.08,3.71,77.7,18.06,12,-3.56,-4.08,-4.13,-3.62,0.1,2.86,5.77,0.03,5.64,4.65,-0.35,-3.28,Durian,Clay Loam,0.847,0.285,19.02,7,0.303,3.902.346,28.067
10.855,105.95,6,6,3.64,33.4,29.9,5.3,27.1,39.5,25.1,28.08,3.71,77.7,17.9,12,-3.56,-4.08,-4.13,-3.62,0.1,2.86,5.77,0.03,5.64,4.65,-0.35,-3.28,Durian,Clay Loam,0.847,0.263,19.02,7,0.303,3.685.549,28.041
10.857,105.608,6,4,3.64,37,28.4,5.9,22,41,42.3,28.1,3.74,77.56,17.9,12,-3.37,-4.2,-4.32,-3.49,0.06,1.63,4.58,-0.12,6.51,5.58,0.4,-3.31,Durian,Clay Loam,0.853,0.299,18.81,9,0.347,2.384.767,28.074
10.861,104.685,5,6,3.64,28.2,32.8,5.4,39.1,32.7,29,27.55,3.96,77.95,18.24,12,-3.27,-4.22,-4.47,-3.28,-0.5,0.58,2.73,0.29,9.27,4.9,1.1,-3.13,Durian,Clay Loam,0.812,0.241,18.87,9,0.491,3.468.752,27.511
10.879,105.041,6,3,3.64,37.1,26.3,5.9,24.3,38.6,36.1,28.16,3.9,76.87,17.9,12,-3.21,-4.25,-4.47,-3.37,-0.26,0.68,3.27,0.33,8.7,4.94,0.85,-3.21,Durian,Clay Loam,0.882,0.285,18.77,9,0.464,2.384.767,28.14
10.879,105.156,5,3,3.64,35.9,32,5.4,23.3,40.8,40,28.16,3.9,76.87,17.9,12,-3.21,-4.25,-4.47,-3.37,-0.26,0.68,3.27,0.33,8.7,4.94,0.85,-3.21,Durian,Clay Loam,0.882,0.292,18.77,9,0.464,3.468.752,28.14
10.896,105.436,5,4,3.64,35.7,26,5.5,21.5,42.8,32.3,28.1,3.74,77.56,17.9,12,-3.37,-4.2,-4.32,-3.49,0.06,1.63,4.58,-0.12,6.51,5.58,0.4,-3.31,Durian,Clay Loam,0.853,0.286,18.81,9,0.347,3.251.955,28.074
10.899,105.992,5,4,3.64,30.1,28.9,5.2,25.1,44.8,24.4,28.08,3.71,77.7,17.9,12,-3.56,-4.08,-4.13,-3.62,0.1,2.86,5.77,0.03,5.64,4.65,-0.35,-3.28,Durian,Clay Loam,0.847,0.266,19.02,7,0.303,3.902.346,28.054
11.505,108.318,5,592,3.64,32.2,41.7,5.4,36.3,31.5,48.9,23.2,3.85,84.54,18.81,12,-3.06,-4.21,-4.3,-4.18,1.21,3.58,6.86,1.88,6.08,0.96,-1.99,-2.85,Maize,Clay Loam,0.44,0.275,20.59,7,0.333,3.468.752,19.352
11.506,108.403,5,599,3.64,30.9,36.2,5.7,38.8,30.2,44.4,23.2,3.85,84.54,18.81,12,-3.06,-4.21,-4.3,-4.18,1.21,3.58,6.86,1.88,6.08,0.96,-1.99,-2.85,Maize,Clay Loam,0.44,0.263,20.59,7,0.333,2.818.361,19.306
11.51,107.677,5,799,3.64,33.4,47.8,5.1,35.4,31.3,55.4,25.44,4.33,82.47,17.7,12,-3.98,-4.45,-4.47,-4.24,0.37,4.29,8.47,1.81,5.78,2.43,-2.37,-3.66,Maize,Clay Loam,0.57,0.286,23.17,7,0.366,4.119.143,20.246
11.545,108.247,5,919,3.64,33.5,28.9,5.5,33.4,33.1,41.4,23.2,3.85,84.54,18.81,12,-3.06,-4.21,-4.3,-4.18,1.21,3.58,6.86,1.88,6.08,0.96,-1.99,-2.85,Maize,Clay Loam,0.44,0.271,20.59,7,0.333,3.251.955,17.226
11.55,108.116,5,1030,3.64,35.3,41,5.3,32.5,32.2,45.8,23.2,3.85,84.54,18.81,12,-3.06,-4.21,-4.3,-4.18,1.21,3.58,6.86,1.88,6.08,0.96,-1.99,-2.85,Maize,Clay Loam,0.44,0.279,20.59,7,0.333,3.685.549,16.505
11.556,108.462,5,920,3.64,34.2,28.1,5.8,36.6,29.2,30.2,25,3.49,86.23,18.81,12,-1.46,-4.5,-4.81,-4.72,1.46,2.41,4.04,0.52,6.9,1.52,0.58,-1.9,Maize,Clay Loam,0.436,0.248,17.39,9,0.396,2.601.564,19.02
11.559,107.922,5,778,3.64,35.1,34.8,5.4,30.5,34.5,37.2,23.2,3.85,84.54,17.7,12,-3.06,-4.21,-4.3,-4.18,1.21,3.58,6.86,1.88,6.08,0.96,-1.99,-2.85,Maize,Clay Loam,0.44,0.272,20.59,7,0.333,3.468.752,18.143
11.573,108.393,5,927,3.64,31.4,25.7,5.8,35.5,33.1,28.5,23.2,3.85,84.54,18.81,12,-3.06,-4.21,-4.3,-4.18,1.21,3.58,6.86,1.88,6.08,0.96,-1.99,-2.85,Maize,Clay Loam,0.44,0.248,20.59,7,0.333,2.601.564,17.174
11.582,107.779,5,835,3.64,37.2,35.1,5.2,34.6,28.3,38.2,25.44,4.33,82.47,17.7,12,-3.98,-4.45,-4.47,-4.24,0.37,4.29,8.47,1.81,5.78,2.43,-2.37,-3.66,Maize,Clay Loam,0.57,0.264,23.17,7,0.366,3.902.346,20.013
11.588,108.022,5,969,3.64,34.1,26.2,5.3,32.6,33.2,34.7,23.2,3.85,84.54,18.81,12,-3.06,-4.21,-4.3,-4.18,1.21,3.58,6.86,1.88,6.08,0.96,-1.99,-2.85,Maize,Clay Loam,0.44,0.264,20.59,7,0.333,3.685.549,16.902
11.598,108.313,5,885,3.64,33.9,27.1,5.7,37.4,28.7,30.2,23.2,3.85,84.54,18.81,12,-3.06,-4.21,-4.3,-4.18,1.21,3.58,6.86,1.88,6.08,0.96,-1.99,-2.85,Maize,Clay Loam,0.44,0.246,20.59,7,0.333,2.818.361,17.447
11.601,108.32,5,877,3.64,32.8,27.4,5.7,36.4,30.8,28.4,23.2,3.85,84.54,18.81,12,-3.06,-4.21,-4.3,-4.18,1.21,3.58,6.86,1.88,6.08,0.96,-1.99,-2.85,Maize,Clay Loam,0.44,0.246,20.59,7,0.333,2.818.361,17.499
11.602,108.121,5,963,3.64,31.1,25.3,5.5,35.9,33,31.8,23.2,3.85,84.54,18.81,12,-3.06,-4.21,-4.3,-4.18,1.21,3.58,6.86,1.88,6.08,0.96,-1.99,-2.85,Maize,Clay Loam,0.44,0.252,20.59,7,0.333,3.251.955,16.94
11.636,107.628,5,270,3.64,38.5,34.5,5.2,29.5,32,35,25.44,4.33,82.47,17.7,12,-3.98,-4.45,-4.47,-4.24,0.37,4.29,8.47,1.81,5.78,2.43,-2.37,-3.66,Maize,Clay Loam,0.57,0.271,23.17,7,0.366,3.902.346,23.685
11.637,108.275,5,903,3.64,34.7,25.8,5.5,35.9,29.4,32.2,23.2,3.85,84.54,18.81,12,-3.06,-4.21,-4.3,-4.18,1.21,3.58,6.86,1.88,6.08,0.96,-1.99,-2.85,Maize,Clay Loam,0.44,0.253,20.59,7,0.333,3.251.955,17.33
11.641,107.761,5,851,3.64,33.3,35.6,5.3,36.8,29.8,33.4,25.44,4.33,82.47,17.7,12,-3.98,-4.45,-4.47,-4.24,0.37,4.29,8.47,1.81,5.78,2.43,-2.37,-3.66,Maize,Clay Loam,0.57,0.252,23.17,7,0.366,3.685.549,19.909
11.641,107.91,5,886,3.64,36.9,38.9,5.2,34.9,28.2,39,23.2,3.85,84.54,17.7,12,-3.06,-4.21,-4.3,-4.18,1.21,3.58,6.86,1.88,6.08,0.96,-1.99,-2.85,Maize,Clay Loam,0.44,0.264,20.59,7,0.333,3.902.346,17.441
11.646,107.864,5,862,3.64,34.4,36,5.4,33.9,31.6,31.7,23.2,3.85,84.54,17.7,12,-3.06,-4.21,-4.3,-4.18,1.21,3.58,6.86,1.88,6.08,0.96,-1.99,-2.85,Maize,Clay Loam,0.44,0.256,20.59,7,0.333,3.468.752,17.597
11.656,107.889,5,859,3.64,35,36.6,5.4,35.2,29.8,35,23.2,3.85,84.54,17.7,12,-3.06,-4.21,-4.3,-4.18,1.21,3.58,6.86,1.88,6.08,0.96,-1.99,-2.85,Maize,Clay Loam,0.44,0.258,20.59,7,0.333,3.468.752,17.616
11.659,107.954,5,967,3.64,37.1,36.9,5.4,33.6,29.2,41.2,23.2,3.85,84.54,17.7,12,-3.06,-4.21,-4.3,-4.18,1.21,3.58,6.86,1.88,6.08,0.96,-1.99,-2.85,Maize,Clay Loam,0.44,0.27,20.59,7,0.333,3.468.752,16.914
11.668,108.316,5,867,3.64,35.6,28.5,5.6,36.9,27.4,25.9,23.2,3.85,84.54,18.81,12,-3.06,-4.21,-4.3,-4.18,1.21,3.58,6.86,1.88,6.08,0.96,-1.99,-2.85,Maize,Clay Loam,0.44,0.241,20.59,7,0.333,3.035.158,17.564
11.675,108.458,5,1116,3.64,32,40,5.5,36.6,31.3,46.4,25,3.49,86.23,18.81,12,-1.46,-4.5,-4.81,-4.72,1.46,2.41,4.04,0.52,6.9,1.52,0.58,-1.9,Maize,Clay Loam,0.436,0.271,17.39,9,0.396,3.251.955,17.746
11.682,108.347,5,877,3.64,32.8,30.1,5.8,38.4,28.9,34,23.2,3.85,84.54,18.81,12,-3.06,-4.21,-4.3,-4.18,1.21,3.58,6.86,1.88,6.08,0.96,-1.99,-2.85,Maize,Clay Loam,0.44,0.249,20.59,7,0.333,2.601.564,17.499
11.683,107.527,5,605,3.64,30.4,37.6,5.3,36.2,33.3,32.9,25.44,4.33,82.47,17.7,12,-3.98,-4.45,-4.47,-4.24,0.37,4.29,8.47,1.81,5.78,2.43,-2.37,-3.66,Maize,Clay Loam,0.57,0.253,23.17,7,0.366,3.685.549,21.508
11.688,107.82,5,850,3.64,32.4,34.9,5.2,37.2,30.5,36.5,23.2,3.85,84.54,17.7,12,-3.06,-4.21,-4.3,-4.18,1.21,3.58,6.86,1.88,6.08,0.96,-1.99,-2.85,Maize,Clay Loam,0.44,0.256,20.59,7,0.333,3.902.346,17.675
11.69,107.884,5,875,3.64,34.3,32,5.4,34.4,31.4,36.8,23.2,3.85,84.54,17.7,12,-3.06,-4.21,-4.3,-4.18,1.21,3.58,6.86,1.88,6.08,0.96,-1.99,-2.85,Maize,Clay Loam,0.44,0.262,20.59,7,0.333,3.468.752,17.512
11.695,108.257,5,836,3.64,33.2,33,5.7,35.7,31.1,33.2,23.2,3.85,84.54,18.81,12,-3.06,-4.21,-4.3,-4.18,1.21,3.58,6.86,1.88,6.08,0.96,-1.99,-2.85,Maize,Clay Loam,0.44,0.254,20.59,7,0.333,2.818.361,17.766
11.704,108.112,5,935,3.64,34.8,33.9,5.5,36.9,28.3,35.9,23.2,3.85,84.54,18.81,12,-3.06,-4.21,-4.3,-4.18,1.21,3.58,6.86,1.88,6.08,0.96,-1.99,-2.85,Maize,Clay Loam,0.44,0.255,20.59,7,0.333,3.251.955,17.122
11.711,107.831,5,842,3.64,34.3,35.2,5.3,35.8,29.9,36.3,23.2,3.85,84.54,17.7,12,-3.06,-4.21,-4.3,-4.18,1.21,3.58,6.86,1.88,6.08,0.96,-1.99,-2.85,Maize,Clay Loam,0.44,0.258,20.59,7,0.333,3.685.549,17.727
11.714,107.621,5,741,3.64,33.5,40.6,5.4,33.6,32.9,42.3,25.44,4.33,82.47,17.7,12,-3.98,-4.45,-4.47,-4.24,0.37,4.29,8.47,1.81,5.78,2.43,-2.37,-3.66,Maize,Clay Loam,0.57,0.272,23.17,7,0.366,3.468.752,20.624
11.717,108.063,5,762,3.64,30.8,33.9,5.4,35,34.2,39.9,23.2,3.85,84.54,18.81,12,-3.06,-4.21,-4.3,-4.18,1.21,3.58,6.86,1.88,6.08,0.96,-1.99,-2.85,Maize,Clay Loam,0.44,0.265,20.59,7,0.333,3.468.752,18.247
11.726,108.262,5,830,3.64,34,28.3,5.6,35.7,30.2,26.2,23.2,3.85,84.54,18.81,12,-3.06,-4.21,-4.3,-4.18,1.21,3.58,6.86,1.88,6.08,0.96,-1.99,-2.85,Maize,Clay Loam,0.44,0.245,20.59,7,0.333,3.035.158,17.805
11.735,108.034,5,645,3.64,34.3,29.6,5.4,34.3,31.5,33.3,23.2,3.85,84.54,18.81,12,-3.06,-4.21,-4.3,-4.18,1.21,3.58,6.86,1.88,6.08,0.96,-1.99,-2.85,Maize,Clay Loam,0.44,0.258,20.59,7,0.333,3.468.752,19.008
11.751,107.586,5,549,3.64,31.1,35.6,5.1,32.3,36.5,35.4,24.09,6.14,82.81,17.7,12,-5.22,-5.74,-5.76,-5.53,1.01,4.33,14.19,3.44,7.41,0.73,-3.78,-5.08,Maize,Clay Loam,0.516,0.265,31.11,7,0.456,4.119.143,20.522
11.767,108.187,5,987,3.64,35.9,24.9,5.5,36.2,27.9,30.6,22.01,4.8,86.45,18.81,12,-3.64,-4.95,-5.06,-4.94,2.06,2.54,10.12,2.23,7.25,0.26,-2.31,-3.54,Maize,Clay Loam,0.358,0.25,24.44,7,0.414,3.251.955,15.595
11.771,107.712,5,1051,3.64,33.2,41.8,5.1,34.4,32.4,46.5,24.09,6.14,82.81,17.7,12,-5.22,-5.74,-5.76,-5.53,1.01,4.33,14.19,3.44,7.41,0.73,-3.78,-5.08,Maize,Clay Loam,0.516,0.276,31.11,7,0.456,4.119.143,17.258
11.773,107.708,5,859,3.64,33.6,43.2,5.1,35,31.4,51.9,24.09,6.14,82.81,17.7,12,-5.22,-5.74,-5.76,-5.53,1.01,4.33,14.19,3.44,7.41,0.73,-3.78,-5.08,Maize,Clay Loam,0.516,0.282,31.11,7,0.456,4.119.143,18.506
11.802,107.863,5,676,3.64,31.8,43.4,5.1,32.1,36.1,51.2,22.01,4.8,86.45,17.7,12,-3.64,-4.95,-5.06,-4.94,2.06,2.54,10.12,2.23,7.25,0.26,-2.31,-3.54,Maize,Clay Loam,0.358,0.288,24.44,7,0.414,4.119.143,17.616
11.807,107.724,5,1051,3.64,32,39.3,5.1,36.7,31.3,55.1,24.09,6.14,82.81,17.7,12,-5.22,-5.74,-5.76,-5.53,1.01,4.33,14.19,3.44,7.41,0.73,-3.78,-5.08,Maize,Clay Loam,0.516,0.283,31.11,7,0.456,4.119.143,17.258
11.862,108.351,5,968,3.64,38.8,26.8,5.5,32.6,28.6,38.6,22.01,4.8,86.45,18.81,12,-3.64,-4.95,-5.06,-4.94,2.06,2.54,10.12,2.23,7.25,0.26,-2.31,-3.54,Maize,Clay Loam,0.358,0.269,24.44,7,0.414,3.251.955,15.718
11.876,107.564,5,591,3.64,37.7,28.6,5.4,34.9,27.4,36.7,24.09,6.14,82.81,17.7,12,-5.22,-5.74,-5.76,-5.53,1.01,4.33,14.19,3.44,7.41,0.73,-3.78,-5.08,Maize,Clay Loam,0.516,0.261,31.11,7,0.456,3.468.752,20.248
11.876,108.301,5,1091,3.64,37.3,26.8,5.7,34.2,28.5,30.9,22.01,4.8,86.45,18.81,12,-3.64,-4.95,-5.06,-4.94,2.06,2.54,10.12,2.23,7.25,0.26,-2.31,-3.54,Maize,Clay Loam,0.358,0.255,24.44,7,0.414,2.818.361,14.919
11.885,108.12,5,964,3.64,39.7,30.3,5.4,32.2,28.1,30.1,22.01,4.8,86.45,18.81,12,-3.64,-4.95,-5.06,-4.94,2.06,2.54,10.12,2.23,7.25,0.26,-2.31,-3.54,Maize,Clay Loam,0.358,0.258,24.44,7,0.414,3.468.752,15.744
11.889,107.673,5,409,3.64,32.1,32.5,5.5,33.7,34.2,37.3,24.09,6.14,82.81,17.7,12,-5.22,-5.74,-5.76,-5.53,1.01,4.33,14.19,3.44,7.41,0.73,-3.78,-5.08,Maize,Clay Loam,0.516,0.265,31.11,7,0.456,3.251.955,21.432
11.895,107.94,5,833,3.64,32.6,32.9,5.4,33.6,33.8,34.3,22.01,4.8,86.45,17.7,12,-3.64,-4.95,-5.06,-4.94,2.06,2.54,10.12,2.23,7.25,0.26,-2.31,-3.54,Maize,Clay Loam,0.358,0.261,24.44,7,0.414,3.468.752,16.596
11.896,107.902,5,727,3.64,30.2,31.2,5.4,33.2,36.6,36,22.01,4.8,86.45,17.7,12,-3.64,-4.95,-5.06,-4.94,2.06,2.54,10.12,2.23,7.25,0.26,-2.31,-3.54,Maize,Clay Loam,0.358,0.264,24.44,7,0.414,3.468.752,17.284
11.897,107.904,5,725,3.64,30.2,31.2,5.4,33.2,36.6,36,22.01,4.8,86.45,17.7,12,-3.64,-4.95,-5.06,-4.94,2.06,2.54,10.12,2.23,7.25,0.26,-2.31,-3.54,Maize,Clay Loam,0.358,0.264,24.44,7,0.414,3.468.752,17.298
11.899,108.121,5,963,3.64,38.3,30.9,5.6,31.5,30.3,31.9,22.01,4.8,86.45,18.81,12,-3.64,-4.95,-5.06,-4.94,2.06,2.54,10.12,2.23,7.25,0.26,-2.31,-3.54,Maize,Clay Loam,0.358,0.262,24.44,7,0.414,3.035.158,15.751
11.901,108.118,5,992,3.64,37.5,32.4,5.6,32.8,29.7,37.2,22.01,4.8,86.45,18.81,12,-3.64,-4.95,-5.06,-4.94,2.06,2.54,10.12,2.23,7.25,0.26,-2.31,-3.54,Maize,Clay Loam,0.358,0.267,24.44,7,0.414,3.035.158,15.562
11.902,107.938,5,811,3.64,31.3,33.1,5.4,34.5,34.1,36.3,22.01,4.8,86.45,17.7,12,-3.64,-4.95,-5.06,-4.94,2.06,2.54,10.12,2.23,7.25,0.26,-2.31,-3.54,Maize,Clay Loam,0.358,0.261,24.44,7,0.414,3.468.752,16.739
11.915,107.67,5,504,3.64,34.9,29.9,5.5,30.6,34.5,34.8,24.09,6.14,82.81,17.7,12,-5.22,-5.74,-5.76,-5.53,1.01,4.33,14.19,3.44,7.41,0.73,-3.78,-5.08,Maize,Clay Loam,0.516,0.268,31.11,7,0.456,3.251.955,20.814
11.915,108.243,5,1270,3.64,35.2,36.4,5.4,33.8,30.9,40.5,22.01,4.8,86.45,18.81,12,-3.64,-4.95,-5.06,-4.94,2.06,2.54,10.12,2.23,7.25,0.26,-2.31,-3.54,Maize,Clay Loam,0.358,0.269,24.44,7,0.414,3.468.752,13.755
11.92,108.49,5,1323,3.64,33.2,32.7,5.4,35.4,31.3,43,23.08,3.4,87.81,18.81,12,-1.41,-4.39,-4.86,-4.79,1.72,1.3,4.06,0.14,6.53,2.15,0.83,-1.27,Maize,Clay Loam,0.344,0.269,16.72,9,0.39,3.468.752,14.48
11.934,107.823,5,591,3.64,32,36,5.4,31.2,36.8,35.7,22.01,4.8,86.45,17.7,12,-3.64,-4.95,-5.06,-4.94,2.06,2.54,10.12,2.23,7.25,0.26,-2.31,-3.54,Maize,Clay Loam,0.358,0.268,24.44,7,0.414,3.468.752,18.168
11.935,108.391,5,1491,3.64,34.4,41.5,5.3,33.1,32.5,44.5,22.01,4.8,86.45,18.81,12,-3.64,-4.95,-5.06,-4.94,2.06,2.54,10.12,2.23,7.25,0.26,-2.31,-3.54,Maize,Clay Loam,0.358,0.276,24.44,7,0.414,3.685.549,12.319
11.94,107.713,5,636,3.64,36.1,26.9,5.3,36.6,27.3,35,24.09,6.14,82.81,17.7,12,-5.22,-5.74,-5.76,-5.53,1.01,4.33,14.19,3.44,7.41,0.73,-3.78,-5.08,Maize,Clay Loam,0.516,0.255,31.11,7,0.456,3.685.549,19.956
11.96,107.87,5,726,3.64,30.1,35.9,5.3,31.5,38.5,35.9,22.01,4.8,86.45,17.7,12,-3.64,-4.95,-5.06,-4.94,2.06,2.54,10.12,2.23,7.25,0.26,-2.31,-3.54,Maize,Clay Loam,0.358,0.268,24.44,7,0.414,3.685.549,17.291
11.962,108.14,5,1014,3.64,36.8,24.8,5.3,31.3,31.9,37.5,22.01,4.8,86.45,18.81,12,-3.64,-4.95,-5.06,-4.94,2.06,2.54,10.12,2.23,7.25,0.26,-2.31,-3.54,Maize,Clay Loam,0.358,0.271,24.44,7,0.414,3.685.549,15.419
11.966,108.122,5,991,3.64,34.6,27.4,5.5,33.9,31.5,29.7,22.01,4.8,86.45,18.81,12,-3.64,-4.95,-5.06,-4.94,2.06,2.54,10.12,2.23,7.25,0.26,-2.31,-3.54,Maize,Clay Loam,0.358,0.254,24.44,7,0.414,3.251.955,15.569
11.97,107.627,5,648,3.64,34.1,27.3,5.3,35.1,30.8,36.5,24.09,6.14,82.81,17.7,12,-5.22,-5.74,-5.76,-5.53,1.01,4.33,14.19,3.44,7.41,0.73,-3.78,-5.08,Maize,Clay Loam,0.516,0.26,31.11,7,0.456,3.685.549,19.878
11.971,108.169,5,1039,3.64,36.3,33.8,5.2,32.6,31.1,43.9,22.01,4.8,86.45,18.81,12,-3.64,-4.95,-5.06,-4.94,2.06,2.54,10.12,2.23,7.25,0.26,-2.31,-3.54,Maize,Clay Loam,0.358,0.276,24.44,7,0.414,3.902.346,15.257
11.992,107.901,5,615,3.64,33.3,33.4,5.3,31.3,35.5,35.6,22.01,4.8,86.45,17.7,12,-3.64,-4.95,-5.06,-4.94,2.06,2.54,10.12,2.23,7.25,0.26,-2.31,-3.54,Maize,Clay Loam,0.358,0.268,24.44,7,0.414,3.685.549,18.013
12.002,108.188,5,999,3.64,35.8,38.1,5.2,33.2,31,46,22.01,4.8,86.45,16.64,12,-3.64,-4.95,-5.06,-4.94,2.06,2.54,10.12,2.23,7.25,0.26,-2.31,-3.54,Maize,Clay Loam,0.358,0.278,24.44,7,0.414,3.902.346,15.516
12.003,108.493,5,1504,3.64,34.8,30.5,5.5,34.5,30.6,36.3,23.08,3.4,87.81,16.64,12,-1.41,-4.39,-4.86,-4.79,1.72,1.3,4.06,0.14,6.53,2.15,0.83,-1.27,Maize,Clay Loam,0.344,0.261,16.72,9,0.39,3.251.955,13.304
12.007,108.04,5,667,3.64,31.9,33.7,5.3,35.1,33,39.9,22.01,4.8,86.45,16.64,12,-3.64,-4.95,-5.06,-4.94,2.06,2.54,10.12,2.23,7.25,0.26,-2.31,-3.54,Maize,Clay Loam,0.358,0.265,24.44,7,0.414,3.685.549,17.675
12.011,108.081,5,815,3.64,30.8,39.9,5.2,33.7,35.5,45,22.01,4.8,86.45,16.64,12,-3.64,-4.95,-5.06,-4.94,2.06,2.54,10.12,2.23,7.25,0.26,-2.31,-3.54,Maize,Clay Loam,0.358,0.275,24.44,7,0.414,3.902.346,16.713
12.013,107.929,5,593,3.64,33.8,33.7,5.4,33.9,32.3,33.6,22.01,4.8,86.45,17.53,12,-3.64,-4.95,-5.06,-4.94,2.06,2.54,10.12,2.23,7.25,0.26,-2.31,-3.54,Maize,Clay Loam,0.358,0.259,24.44,7,0.414,3.468.752,18.156
12.017,108.275,5,1525,3.64,35.1,39.7,5.2,29.6,35.3,63,22.01,4.8,86.45,16.64,12,-3.64,-4.95,-5.06,-4.94,2.06,2.54,10.12,2.23,7.25,0.26,-2.31,-3.54,Maize,Clay Loam,0.358,0.31,24.44,7,0.414,3.902.346,12.098
12.037,108.282,5,1573,3.64,36.2,40.7,5.3,29.9,33.9,57.8,22.01,4.8,86.45,16.64,12,-3.64,-4.95,-5.06,-4.94,2.06,2.54,10.12,2.23,7.25,0.26,-2.31,-3.54,Maize,Clay Loam,0.358,0.302,24.44,7,0.414,3.685.549,11.786
12.038,107.89,5,611,3.64,33.7,32.7,5.6,31.9,34.4,40.2,22.01,4.8,86.45,17.53,12,-3.64,-4.95,-5.06,-4.94,2.06,2.54,10.12,2.23,7.25,0.26,-2.31,-3.54,Maize,Clay Loam,0.358,0.273,24.44,7,0.414,3.035.158,18.039
12.038,108.168,5,727,3.64,32.1,34.2,5.4,34.1,33.9,42.8,22.01,4.8,86.45,16.64,12,-3.64,-4.95,-5.06,-4.94,2.06,2.54,10.12,2.23,7.25,0.26,-2.31,-3.54,Maize,Clay Loam,0.358,0.271,24.44,7,0.414,3.468.752,17.284
12.043,108.149,5,553,3.64,35.2,30.9,5.5,34.8,30,28.2,22.01,4.8,86.45,16.64,12,-3.64,-4.95,-5.06,-4.94,2.06,2.54,10.12,2.23,7.25,0.26,-2.31,-3.54,Maize,Clay Loam,0.358,0.249,24.44,7,0.414,3.251.955,18.416
12.043,108.352,5,1505,3.64,37.5,39.3,5.3,32.7,29.8,46,22.01,4.8,86.45,16.64,12,-3.64,-4.95,-5.06,-4.94,2.06,2.54,10.12,2.23,7.25,0.26,-2.31,-3.54,Maize,Clay Loam,0.358,0.279,24.44,7,0.414,3.685.549,12.228
12.048,108.072,5,739,3.64,31.2,34.5,5.3,32.7,36.1,39.5,22.01,4.8,86.45,16.64,12,-3.64,-4.95,-5.06,-4.94,2.06,2.54,10.12,2.23,7.25,0.26,-2.31,-3.54,Maize,Clay Loam,0.358,0.27,24.44,7,0.414,3.685.549,17.207
12.058,107.906,5,707,3.64,30.3,30.8,5.4,32.8,36.9,31,22.01,4.8,86.45,17.53,12,-3.64,-4.95,-5.06,-4.94,2.06,2.54,10.12,2.23,7.25,0.26,-2.31,-3.54,Maize,Clay Loam,0.358,0.258,24.44,7,0.414,3.468.752,17.415
12.06,107.94,5,606,3.64,34.7,32.8,5.6,31.3,34,33.6,22.01,4.8,86.45,17.53,12,-3.64,-4.95,-5.06,-4.94,2.06,2.54,10.12,2.23,7.25,0.26,-2.31,-3.54,Maize,Clay Loam,0.358,0.265,24.44,7,0.414,3.035.158,18.071
12.067,107.542,5,713,3.64,34.8,27.7,5.5,35.1,30.1,31.6,24.09,6.14,82.81,17.53,12,-5.22,-5.74,-5.76,-5.53,1.01,4.33,14.19,3.44,7.41,0.73,-3.78,-5.08,Maize,Clay Loam,0.516,0.254,31.11,7,0.456,3.251.955,19.456
12.083,108.346,5,1555,3.64,33.7,39.2,5.2,31.5,34.8,49.8,22.01,4.8,86.45,16.64,12,-3.64,-4.95,-5.06,-4.94,2.06,2.54,10.12,2.23,7.25,0.26,-2.31,-3.54,Maize,Clay Loam,0.358,0.287,24.44,7,0.414,3.902.346,11.903
12.084,107.646,5,708,3.64,35.1,32.6,5.5,33.2,31.7,35.4,24.09,6.14,82.81,17.53,12,-5.22,-5.74,-5.76,-5.53,1.01,4.33,14.19,3.44,7.41,0.73,-3.78,-5.08,Maize,Clay Loam,0.516,0.263,31.11,7,0.456,3.251.955,19.488
12.084,108.263,5,1296,3.64,36.7,32.9,5.3,30.1,33.2,50.2,22.01,4.8,86.45,16.64,12,-3.64,-4.95,-5.06,-4.94,2.06,2.54,10.12,2.23,7.25,0.26,-2.31,-3.54,Maize,Clay Loam,0.358,0.291,24.44,7,0.414,3.685.549,13.586
12.097,108.413,5,1648,3.64,36.5,39.3,5.3,34.5,29,53.4,22.01,4.8,86.45,16.64,12,-3.64,-4.95,-5.06,-4.94,2.06,2.54,10.12,2.23,7.25,0.26,-2.31,-3.54,Maize,Clay Loam,0.358,0.285,24.44,7,0.414,3.685.549,11.298
12.135,107.968,5,740,3.64,33.1,34.6,5.3,31.9,34.9,37.6,22.01,4.8,86.45,17.53,12,-3.64,-4.95,-5.06,-4.94,2.06,2.54,10.12,2.23,7.25,0.26,-2.31,-3.54,Maize,Clay Loam,0.358,0.269,24.44,7,0.414,3.685.549,17.2
12.153,108.151,5,616,3.64,34.6,32.2,5.4,32.9,32.6,41.1,22.01,4.8,86.45,16.64,12,-3.64,-4.95,-5.06,-4.94,2.06,2.54,10.12,2.23,7.25,0.26,-2.31,-3.54,Maize,Clay Loam,0.358,0.272,24.44,7,0.414,3.468.752,18.006
12.155,107.689,5,813,3.64,34.3,35.4,5.5,34.1,31.7,32.4,24.09,6.14,82.81,17.53,12,-5.22,-5.74,-5.76,-5.53,1.01,4.33,14.19,3.44,7.41,0.73,-3.78,-5.08,Maize,Clay Loam,0.516,0.257,31.11,7,0.456,3.251.955,18.806
12.164,107.702,5,769,3.64,31.2,31.6,5.3,32.5,36.3,32.6,24.09,6.14,82.81,17.53,12,-5.22,-5.74,-5.76,-5.53,1.01,4.33,14.19,3.44,7.41,0.73,-3.78,-5.08,Maize,Clay Loam,0.516,0.261,31.11,7,0.456,3.685.549,19.092
12.164,108.206,5,630,3.64,35.8,32.1,5.6,33.2,31,34,22.01,4.8,86.45,16.64,12,-3.64,-4.95,-5.06,-4.94,2.06,2.54,10.12,2.23,7.25,0.26,-2.31,-3.54,Maize,Clay Loam,0.358,0.261,24.44,7,0.414,3.035.158,17.915
12.171,107.837,5,845,3.64,31.5,30.1,5.4,31,37.5,34.4,22.01,4.8,86.45,17.53,12,-3.64,-4.95,-5.06,-4.94,2.06,2.54,10.12,2.23,7.25,0.26,-2.31,-3.54,Maize,Clay Loam,0.358,0.267,24.44,7,0.414,3.468.752,16.518
12.186,107.909,5,794,3.64,33.4,24.5,5.5,34.6,32,26.4,22.01,4.8,86.45,17.53,12,-3.64,-4.95,-5.06,-4.94,2.06,2.54,10.12,2.23,7.25,0.26,-2.31,-3.54,Maize,Clay Loam,0.358,0.247,24.44,7,0.414,3.251.955,16.849
12.193,107.566,5,789,3.64,34.5,25.6,5.5,38,27.5,29.5,24.09,6.14,82.81,17.53,12,-5.22,-5.74,-5.76,-5.53,1.01,4.33,14.19,3.44,7.41,0.73,-3.78,-5.08,Maize,Clay Loam,0.516,0.244,31.11,7,0.456,3.251.955,18.962
12.197,107.764,5,874,3.64,30.7,27,5.2,33.4,35.9,31.2,24.09,6.14,82.81,17.53,12,-5.22,-5.74,-5.76,-5.53,1.01,4.33,14.19,3.44,7.41,0.73,-3.78,-5.08,Maize,Clay Loam,0.516,0.257,31.11,7,0.456,3.902.346,18.409
12.204,108.03,5,583,3.64,32.2,34.5,5.3,34.9,32.9,38,22.01,4.8,86.45,16.64,12,-3.64,-4.95,-5.06,-4.94,2.06,2.54,10.12,2.23,7.25,0.26,-2.31,-3.54,Maize,Clay Loam,0.358,0.263,24.44,7,0.414,3.685.549,18.22
12.208,108.294,5,537,3.64,34.8,32.6,5.6,34,31.2,29.9,22.01,4.8,86.45,16.64,12,-3.64,-4.95,-5.06,-4.94,2.06,2.54,10.12,2.23,7.25,0.26,-2.31,-3.54,Maize,Clay Loam,0.358,0.254,24.44,7,0.414,3.035.158,18.52
12.223,108.072,5,518,3.64,35.2,34.4,5.7,32.2,32.6,39,22.01,4.8,86.45,16.64,12,-3.64,-4.95,-5.06,-4.94,2.06,2.54,10.12,2.23,7.25,0.26,-2.31,-3.54,Maize,Clay Loam,0.358,0.271,24.44,7,0.414,2.818.361,18.643
12.224,107.934,5,743,3.64,33.3,31.9,5.4,35.1,31.6,36.8,22.01,4.8,86.45,17.53,12,-3.64,-4.95,-5.06,-4.94,2.06,2.54,10.12,2.23,7.25,0.26,-2.31,-3.54,Maize,Clay Loam,0.358,0.261,24.44,7,0.414,3.468.752,17.181
12.224,108.136,5,507,3.64,37.4,28.3,5.8,31.9,30.7,27.8,22.01,4.8,86.45,16.64,12,-3.64,-4.95,-5.06,-4.94,2.06,2.54,10.12,2.23,7.25,0.26,-2.31,-3.54,Maize,Clay Loam,0.358,0.256,24.44,7,0.414,2.601.564,18.714
12.233,108.129,5,527,3.64,37.9,27.8,5.8,32.1,30,31.2,22.01,4.8,86.45,16.64,12,-3.64,-4.95,-5.06,-4.94,2.06,2.54,10.12,2.23,7.25,0.26,-2.31,-3.54,Maize,Clay Loam,0.358,0.26,24.44,7,0.414,2.601.564,18.585
12.234,108.158,5,691,3.64,38.2,33.1,5.5,33.5,28.4,40.4,22.01,4.8,86.45,16.64,12,-3.64,-4.95,-5.06,-4.94,2.06,2.54,10.12,2.23,7.25,0.26,-2.31,-3.54,Maize,Clay Loam,0.358,0.27,24.44,7,0.414,3.251.955,17.519
12.239,108.181,5,633,3.64,33.4,28.8,5.6,34,32.5,37.2,22.01,4.8,86.45,16.64,12,-3.64,-4.95,-5.06,-4.94,2.06,2.54,10.12,2.23,7.25,0.26,-2.31,-3.54,Maize,Clay Loam,0.358,0.264,24.44,7,0.414,3.035.158,17.896
12.257,107.93,5,528,3.64,33.1,36.5,5.3,34.9,32,40,23.41,5.24,85.72,17.53,12,-3.95,-5.3,-5.47,-5.3,2.67,1.83,10.91,2.04,8.44,0.71,-2.42,-4.14,Maize,Clay Loam,0.411,0.266,26.58,7,0.41,3.685.549,19.978
12.291,107.943,5,545,3.64,32.6,28.7,5.5,33.4,34,31.9,23.41,5.24,85.72,17.53,12,-3.95,-5.3,-5.47,-5.3,2.67,1.83,10.91,2.04,8.44,0.71,-2.42,-4.14,Maize,Clay Loam,0.411,0.258,26.58,7,0.41,3.251.955,19.868
12.291,108.066,5,1121,3.64,32.9,45.5,5.2,31,36.1,50.8,23.41,5.24,85.72,16.64,12,-3.95,-5.3,-5.47,-5.3,2.67,1.83,10.91,2.04,8.44,0.71,-2.42,-4.14,Maize,Clay Loam,0.411,0.29,26.58,7,0.41,3.902.346,16.124
12.296,107.998,5,439,3.64,32.5,27.2,5.6,32.6,34.9,30.8,23.41,5.24,85.72,17.53,12,-3.95,-5.3,-5.47,-5.3,2.67,1.83,10.91,2.04,8.44,0.71,-2.42,-4.14,Maize,Clay Loam,0.411,0.258,26.58,7,0.41,3.035.158,20.556
12.299,108.424,5,833,3.64,36.3,36.7,5.4,32.9,30.8,47,23.41,5.24,85.72,16.64,12,-3.95,-5.3,-5.47,-5.3,2.67,1.83,10.91,2.04,8.44,0.71,-2.42,-4.14,Maize,Clay Loam,0.411,0.28,26.58,7,0.41,3.468.752,17.996
12.314,107.848,5,516,3.64,31.2,27.9,5.4,33.5,35.3,34.7,23.41,5.24,85.72,17.53,12,-3.95,-5.3,-5.47,-5.3,2.67,1.83,10.91,2.04,8.44,0.71,-2.42,-4.14,Maize,Clay Loam,0.411,0.262,26.58,7,0.41,3.468.752,20.056
12.318,107.755,5,659,3.64,34.2,30.4,5.3,32.9,32.8,44.4,23.78,8.07,84.94,17.53,12,-6.53,-7.12,-7.14,-6.8,1.78,5.04,19.69,5.03,8.76,-0.75,-5.38,-6.63,Maize,Clay Loam,0.443,0.276,40.35,7,0.489,3.685.549,19.496
12.33,108.47,5,965,3.64,38.7,37.4,5.5,35.9,25.4,40.8,23.46,3.64,87.08,16.64,12,-1.76,-4.32,-5.02,-4.88,1.67,-0.01,3.68,-0.7,7.04,3.99,1.88,-1.6,Maize,Clay Loam,0.373,0.265,18.29,9,0.386,3.251.955,17.188
12.336,108.107,5,551,3.64,31.7,32.7,5.5,32.6,35.7,38.1,23.41,5.24,85.72,16.64,12,-3.95,-5.3,-5.47,-5.3,2.67,1.83,10.91,2.04,8.44,0.71,-2.42,-4.14,Maize,Clay Loam,0.411,0.268,26.58,7,0.41,3.251.955,19.828
12.34,108.369,5,1065,3.64,35.8,31,5.3,33.5,30.7,39.8,23.41,5.24,85.72,16.64,12,-3.95,-5.3,-5.47,-5.3,2.67,1.83,10.91,2.04,8.44,0.71,-2.42,-4.14,Maize,Clay Loam,0.411,0.269,26.58,7,0.41,3.685.549,16.488
12.343,108.098,5,514,3.64,32.8,32.6,5.6,30.8,36.4,42,23.41,5.24,85.72,16.64,12,-3.95,-5.3,-5.47,-5.3,2.67,1.83,10.91,2.04,8.44,0.71,-2.42,-4.14,Maize,Clay Loam,0.411,0.278,26.58,7,0.41,3.035.158,20.069
12.35,108.359,5,1319,3.64,38.3,36.3,5.3,33.2,28.5,49.7,23.41,5.24,85.72,16.64,12,-3.95,-5.3,-5.47,-5.3,2.67,1.83,10.91,2.04,8.44,0.71,-2.42,-4.14,Maize,Clay Loam,0.411,0.283,26.58,7,0.41,3.685.549,14.836
12.358,107.749,5,594,3.64,35,42.3,5.6,31.3,33.7,53.2,23.78,8.07,84.94,17.53,12,-6.53,-7.12,-7.14,-6.8,1.78,5.04,19.69,5.03,8.76,-0.75,-5.38,-6.63,Maize,Clay Loam,0.443,0.292,40.35,7,0.489,3.035.158,19.919
12.366,108.254,5,723,3.64,34,37.7,5.5,31.7,34.3,49.4,23.41,5.24,85.72,16.64,12,-3.95,-5.3,-5.47,-5.3,2.67,1.83,10.91,2.04,8.44,0.71,-2.42,-4.14,Maize,Clay Loam,0.411,0.286,26.58,7,0.41,3.251.955,18.71
12.371,107.763,5,566,3.64,36.1,34.3,5.7,31.8,32.1,38.4,23.78,8.07,84.94,17.53,12,-6.53,-7.12,-7.14,-6.8,1.78,5.04,19.69,5.03,8.76,-0.75,-5.38,-6.63,Maize,Clay Loam,0.443,0.271,40.35,7,0.489,2.818.361,20.101
12.374,107.572,5,814,3.64,30.5,25.2,5.4,35.2,34.2,39.7,23.78,8.07,84.94,17.53,12,-6.53,-7.12,-7.14,-6.8,1.78,5.04,19.69,5.03,8.76,-0.75,-5.38,-6.63,Maize,Clay Loam,0.443,0.265,40.35,7,0.489,3.468.752,18.489
12.401,107.907,5,517,3.64,34.8,21.4,5.7,29.3,35.9,37.4,23.41,5.24,85.72,17.53,12,-3.95,-5.3,-5.47,-5.3,2.67,1.83,10.91,2.04,8.44,0.71,-2.42,-4.14,Maize,Clay Loam,0.411,0.275,26.58,7,0.41,2.818.361,20.05
12.403,107.628,5,743,3.64,30.9,22.2,5.5,35.7,33.3,35.2,23.78,8.07,84.94,17.53,12,-6.53,-7.12,-7.14,-6.8,1.78,5.04,19.69,5.03,8.76,-0.75,-5.38,-6.63,Maize,Clay Loam,0.443,0.257,40.35,7,0.489,3.251.955,18.95
12.419,107.913,5,420,3.64,35.5,18.2,5.8,29.4,35,27.5,23.41,5.24,85.72,17.53,12,-3.95,-5.3,-5.47,-5.3,2.67,1.83,10.91,2.04,8.44,0.71,-2.42,-4.14,Maize,Clay Loam,0.411,0.261,26.58,7,0.41,2.601.564,20.68
12.42,107.784,5,537,3.64,34.4,25.2,5.6,30.6,35,30.6,23.78,8.07,84.94,17.53,12,-6.53,-7.12,-7.14,-6.8,1.78,5.04,19.69,5.03,8.76,-0.75,-5.38,-6.63,Maize,Clay Loam,0.443,0.262,40.35,7,0.489,3.035.158,20.29
12.42,108.159,5,420,3.64,35,18.5,5.9,35.4,29.7,40.7,23.41,5.24,85.72,16.64,12,-3.95,-5.3,-5.47,-5.3,2.67,1.83,10.91,2.04,8.44,0.71,-2.42,-4.14,Maize,Clay Loam,0.411,0.266,26.58,7,0.41,2.384.767,20.68
12.424,108.122,5,418,3.64,36.7,22.6,6,34.8,28.6,21.2,23.41,5.24,85.72,16.64,12,-3.95,-5.3,-5.47,-5.3,2.67,1.83,10.91,2.04,8.44,0.71,-2.42,-4.14,Maize,Clay Loam,0.411,0.24,26.58,7,0.41,2167.97,20.693
12.438,108.104,5,477,3.64,35.6,20.4,5.6,33.1,31.3,31.2,23.41,5.24,85.72,16.64,12,-3.95,-5.3,-5.47,-5.3,2.67,1.83,10.91,2.04,8.44,0.71,-2.42,-4.14,Maize,Clay Loam,0.411,0.258,26.58,7,0.41,3.035.158,20.31
12.441,107.999,5,416,3.64,35.2,19.5,5.7,33.2,31.6,22.7,23.41,5.24,85.72,17.53,12,-3.95,-5.3,-5.47,-5.3,2.67,1.83,10.91,2.04,8.44,0.71,-2.42,-4.14,Maize,Clay Loam,0.411,0.245,26.58,7,0.41,2.818.361,20.706
12.441,108.122,5,536,3.64,33.1,25.3,5.6,35.4,31.6,41.8,23.41,5.24,85.72,16.64,12,-3.95,-5.3,-5.47,-5.3,2.67,1.83,10.91,2.04,8.44,0.71,-2.42,-4.14,Maize,Clay Loam,0.411,0.267,26.58,7,0.41,3.035.158,19.926
12.459,107.614,5,704,3.64,33.6,23.5,5.5,36.1,30.3,37.3,23.78,8.07,84.94,17.53,12,-6.53,-7.12,-7.14,-6.8,1.78,5.04,19.69,5.03,8.76,-0.75,-5.38,-6.63,Maize,Clay Loam,0.443,0.259,40.35,7,0.489,3.251.955,19.204
12.459,107.824,5,418,3.64,31.4,25,5.7,33.2,35.4,25.2,23.41,5.24,85.72,17.53,12,-3.95,-5.3,-5.47,-5.3,2.67,1.83,10.91,2.04,8.44,0.71,-2.42,-4.14,Maize,Clay Loam,0.411,0.249,26.58,7,0.41,2.818.361,20.693
12.468,107.763,5,522,3.64,35.7,22.1,5.6,33,31.3,28.7,23.78,8.07,84.94,17.53,12,-6.53,-7.12,-7.14,-6.8,1.78,5.04,19.69,5.03,8.76,-0.75,-5.38,-6.63,Maize,Clay Loam,0.443,0.254,40.35,7,0.489,3.035.158,20.387
12.487,107.922,5,432,3.64,33.1,23.6,5.7,34.2,32.6,31.4,23.41,5.24,85.72,17.53,12,-3.95,-5.3,-5.47,-5.3,2.67,1.83,10.91,2.04,8.44,0.71,-2.42,-4.14,Maize,Clay Loam,0.411,0.255,26.58,7,0.41,2.818.361,20.602
12.495,108.08,5,475,3.64,33.5,21.9,5.7,36.6,29.8,27.9,23.41,5.24,85.72,16.64,12,-3.95,-5.3,-5.47,-5.3,2.67,1.83,10.91,2.04,8.44,0.71,-2.42,-4.14,Maize,Clay Loam,0.411,0.245,26.58,7,0.41,2.818.361,20.322
12.496,107.818,5,406,3.64,31.3,22.7,5.7,36.8,31.9,25.7,23.41,5.24,85.72,17.53,12,-3.95,-5.3,-5.47,-5.3,2.67,1.83,10.91,2.04,8.44,0.71,-2.42,-4.14,Maize,Clay Loam,0.411,0.241,26.58,7,0.41,2.818.361,20.771
12.496,107.918,5,424,3.64,33.9,21.6,5.6,32.2,33.9,31.1,23.41,5.24,85.72,17.53,12,-3.95,-5.3,-5.47,-5.3,2.67,1.83,10.91,2.04,8.44,0.71,-2.42,-4.14,Maize,Clay Loam,0.411,0.259,26.58,7,0.41,3.035.158,20.654
12.496,108.245,5,443,3.64,32.7,18.9,6,34.6,32.7,24.4,23.41,5.24,85.72,16.64,12,-3.95,-5.3,-5.47,-5.3,2.67,1.83,10.91,2.04,8.44,0.71,-2.42,-4.14,Maize,Clay Loam,0.411,0.245,26.58,7,0.41,2167.97,20.53
12.506,107.518,5,723,3.64,31.8,37.5,5.2,35.9,32.3,50,23.78,8.07,84.94,17.53,12,-6.53,-7.12,-7.14,-6.8,1.78,5.04,19.69,5.03,8.76,-0.75,-5.38,-6.63,Maize,Clay Loam,0.443,0.277,40.35,7,0.489,3.902.346,19.08
12.508,107.878,5,436,3.64,35.6,24.1,5.7,34,30.4,32.5,23.41,5.24,85.72,17.53,12,-3.95,-5.3,-5.47,-5.3,2.67,1.83,10.91,2.04,8.44,0.71,-2.42,-4.14,Maize,Clay Loam,0.411,0.257,26.58,7,0.41,2.818.361,20.576
12.516,107.892,5,382,3.64,33.6,24.3,5.6,32.9,33.5,31.5,23.41,5.24,85.72,17.53,12,-3.95,-5.3,-5.47,-5.3,2.67,1.83,10.91,2.04,8.44,0.71,-2.42,-4.14,Maize,Clay Loam,0.411,0.258,26.58,7,0.41,3.035.158,20.927
12.518,108.413,5,453,3.64,36.2,32.6,5.9,37,26.8,31.6,23.41,5.24,85.72,16.64,12,-3.95,-5.3,-5.47,-5.3,2.67,1.83,10.91,2.04,8.44,0.71,-2.42,-4.14,Maize,Clay Loam,0.411,0.249,26.58,7,0.41,2.384.767,20.466
12.523,107.865,5,369,3.64,35.1,23.5,5.8,36.9,28,25.5,23.41,5.24,85.72,17.53,12,-3.95,-5.3,-5.47,-5.3,2.67,1.83,10.91,2.04,8.44,0.71,-2.42,-4.14,Maize,Clay Loam,0.411,0.241,26.58,7,0.41,2.601.564,21.012
12.542,108.015,5,550,3.64,34.1,25,5.9,36.1,29.8,26,23.41,5.24,85.72,16.64,12,-3.95,-5.3,-5.47,-5.3,2.67,1.83,10.91,2.04,8.44,0.71,-2.42,-4.14,Maize,Clay Loam,0.411,0.243,26.58,7,0.41,2.384.767,19.835
12.592,108.482,5,548,3.64,35.7,25.6,5.9,38.6,25.6,38.1,23.46,3.64,87.08,16.64,12,-1.76,-4.32,-5.02,-4.88,1.67,-0.01,3.68,-0.7,7.04,3.99,1.88,-1.6,Maize,Clay Loam,0.373,0.255,18.29,9,0.386,2.384.767,19.898
12.598,107.528,5,381,3.64,33.7,21.2,5.6,33.8,32.6,29.8,23.78,8.07,84.94,17.53,12,-6.53,-7.12,-7.14,-6.8,1.78,5.04,19.69,5.03,8.76,-0.75,-5.38,-6.63,Maize,Clay Loam,0.443,0.254,40.35,7,0.489,3.035.158,21.304
12.609,107.882,5,329,3.64,34.2,23.3,5.8,35.3,30.5,26,23.41,5.24,85.72,17.53,12,-3.95,-5.3,-5.47,-5.3,2.67,1.83,10.91,2.04,8.44,0.71,-2.42,-4.14,Maize,Clay Loam,0.411,0.245,26.58,7,0.41,2.601.564,21.272
12.641,107.916,5,304,3.64,30.4,25.6,5.9,36.2,33.4,21.8,23.41,5.24,85.72,17.53,12,-3.95,-5.3,-5.47,-5.3,2.67,1.83,10.91,2.04,8.44,0.71,-2.42,-4.14,Maize,Clay Loam,0.411,0.237,26.58,7,0.41,2.384.767,21.434
12.642,108.362,5,446,3.64,32.2,20.6,5.9,39.1,28.8,20.6,23.41,5.24,85.72,16.64,12,-3.95,-5.3,-5.47,-5.3,2.67,1.83,10.91,2.04,8.44,0.71,-2.42,-4.14,Maize,Clay Loam,0.411,0.229,26.58,7,0.41,2.384.767,20.511
12.651,107.912,5,305,3.64,29.8,21.5,5.8,37.1,33.2,19.9,23.41,5.24,85.72,17.53,12,-3.95,-5.3,-5.47,-5.3,2.67,1.83,10.91,2.04,8.44,0.71,-2.42,-4.14,Maize,Clay Loam,0.411,0.233,26.58,7,0.41,2.601.564,21.428
12.651,108.054,5,515,3.64,34.3,25.2,5.6,31.7,34,34.4,23.41,5.24,85.72,16.64,12,-3.95,-5.3,-5.47,-5.3,2.67,1.83,10.91,2.04,8.44,0.71,-2.42,-4.14,Maize,Clay Loam,0.411,0.265,26.58,7,0.41,3.035.158,20.062
12.656,107.866,5,349,3.64,32.8,20.8,5.7,37.2,30.1,19,23.41,5.24,85.72,17.53,12,-3.95,-5.3,-5.47,-5.3,2.67,1.83,10.91,2.04,8.44,0.71,-2.42,-4.14,Maize,Clay Loam,0.411,0.231,26.58,7,0.41,2.818.361,21.142
12.662,108.264,5,533,3.64,29.8,21.7,5.9,39.8,30.4,25.4,23.41,5.24,85.72,16.64,12,-3.95,-5.3,-5.47,-5.3,2.67,1.83,10.91,2.04,8.44,0.71,-2.42,-4.14,Maize,Clay Loam,0.411,0.234,26.58,7,0.41,2.384.767,19.946
12.665,107.749,5,378,3.64,32.6,26.5,5.4,35.2,32.2,33.5,23.78,8.07,84.94,17.53,12,-6.53,-7.12,-7.14,-6.8,1.78,5.04,19.69,5.03,8.76,-0.75,-5.38,-6.63,Maize,Clay Loam,0.443,0.256,40.35,7,0.489,3.468.752,21.323
12.666,107.916,5,306,3.64,29.9,20.1,5.8,35.5,34.6,18.1,23.41,5.24,85.72,17.53,12,-3.95,-5.3,-5.47,-5.3,2.67,1.83,10.91,2.04,8.44,0.71,-2.42,-4.14,Maize,Clay Loam,0.411,0.234,26.58,7,0.41,2.601.564,21.421
12.679,108.148,5,552,3.64,34.2,20.8,5.5,33.8,32,33.1,23.41,5.24,85.72,16.64,12,-3.95,-5.3,-5.47,-5.3,2.67,1.83,10.91,2.04,8.44,0.71,-2.42,-4.14,Maize,Clay Loam,0.411,0.259,26.58,7,0.41,3.251.955,19.822
12.686,107.917,5,300,3.64,31.8,22,5.8,37.4,30.8,21.4,23.41,5.24,85.72,17.53,12,-3.95,-5.3,-5.47,-5.3,2.67,1.83,10.91,2.04,8.44,0.71,-2.42,-4.14,Maize,Clay Loam,0.411,0.234,26.58,7,0.41,2.601.564,21.46
12.691,108.254,5,555,3.64,32.8,19.5,5.7,34.9,32.3,26.7,23.41,5.24,85.72,16.64,12,-3.95,-5.3,-5.47,-5.3,2.67,1.83,10.91,2.04,8.44,0.71,-2.42,-4.14,Maize,Clay Loam,0.411,0.247,26.58,7,0.41,2.818.361,19.803
12.709,108.15,5,581,3.64,34.2,21.4,5.5,34.1,31.7,35.4,23.41,5.24,85.72,16.64,12,-3.95,-5.3,-5.47,-5.3,2.67,1.83,10.91,2.04,8.44,0.71,-2.42,-4.14,Maize,Clay Loam,0.411,0.261,26.58,7,0.41,3.251.955,19.634
12.709,108.486,5,452,3.64,33.1,21.4,6,38.2,28.7,20.8,23.46,3.64,87.08,16.64,12,-1.76,-4.32,-5.02,-4.88,1.67,-0.01,3.68,-0.7,7.04,3.99,1.88,-1.6,Maize,Clay Loam,0.373,0.231,18.29,9,0.386,2167.97,20.522
12.724,107.994,5,326,3.64,31.8,22.9,5.8,37.2,31,24,23.41,5.24,85.72,17.53,12,-3.95,-5.3,-5.47,-5.3,2.67,1.83,10.91,2.04,8.44,0.71,-2.42,-4.14,Maize,Clay Loam,0.411,0.238,26.58,7,0.41,2.601.564,21.291
12.729,107.791,5,302,3.64,32.7,20.1,5.8,31.9,35.5,23.6,23.78,8.07,84.94,17.53,12,-6.53,-7.12,-7.14,-6.8,1.78,5.04,19.69,5.03,8.76,-0.75,-5.38,-6.63,Maize,Clay Loam,0.443,0.25,40.35,7,0.489,2.601.564,21.817
12.737,108.262,5,603,3.64,35.1,20.2,5.7,35.4,29.5,49.5,23.41,5.24,85.72,16.64,12,-3.95,-5.3,-5.47,-5.3,2.67,1.83,10.91,2.04,8.44,0.71,-2.42,-4.14,Maize,Clay Loam,0.411,0.278,26.58,7,0.41,2.818.361,19.49
12.746,108.052,5,456,3.64,32.7,27.1,5.6,35.9,31.5,26.8,23.41,5.24,85.72,16.64,12,-3.95,-5.3,-5.47,-5.3,2.67,1.83,10.91,2.04,8.44,0.71,-2.42,-4.14,Maize,Clay Loam,0.411,0.245,26.58,7,0.41,3.035.158,20.446
12.747,108.268,5,598,3.64,32.6,20.3,5.9,38.5,29,49.9,23.41,5.24,85.72,16.64,12,-3.95,-5.3,-5.47,-5.3,2.67,1.83,10.91,2.04,8.44,0.71,-2.42,-4.14,Maize,Clay Loam,0.411,0.271,26.58,7,0.41,2.384.767,19.523
12.764,107.627,5,234,3.64,33.8,27.4,5.7,32.5,33.6,29.9,25.86,8.09,82.95,17.53,12,-6.57,-7.33,-7.36,-6.7,2.7,5.61,18.96,4.97,9.12,-0.51,-5.8,-7.04,Maize,Clay Loam,0.568,0.257,41.31,7,0.458,2.818.361,24.339
12.764,108.298,5,536,3.64,28.4,19.7,5.8,40.1,31.5,25.2,24.75,5.04,84.49,16.64,12,-3.85,-5.19,-5.49,-5.13,2.87,2.02,9.17,1.47,8.91,1.97,-2.38,-4.35,Maize,Clay Loam,0.484,0.233,26.39,7,0.347,2.601.564,21.266
12.769,108.365,5,478,3.64,32.1,21.7,5.9,38.4,29.5,18,24.75,5.04,84.49,16.64,12,-3.85,-5.19,-5.49,-5.13,2.87,2.02,9.17,1.47,8.91,1.97,-2.38,-4.35,Maize,Clay Loam,0.484,0.227,26.39,7,0.347,2.384.767,21.643
12.778,108.21,5,688,3.64,32.9,20.8,5.7,36.2,31,27.9,24.75,5.04,84.49,16.64,12,-3.85,-5.19,-5.49,-5.13,2.87,2.02,9.17,1.47,8.91,1.97,-2.38,-4.35,Maize,Clay Loam,0.484,0.246,26.39,7,0.347,2.818.361,20.278
12.787,108.027,5,399,3.64,32.6,19.6,5.6,36.6,30.8,29.8,24.75,5.04,84.49,16.64,12,-3.85,-5.19,-5.49,-5.13,2.87,2.02,9.17,1.47,8.91,1.97,-2.38,-4.35,Maize,Clay Loam,0.484,0.248,26.39,7,0.347,3.035.158,22.156
12.794,107.597,5,254,3.64,30.6,24.8,5.7,34.8,34.6,28.7,25.86,8.09,82.95,17.53,12,-6.57,-7.33,-7.36,-6.7,2.7,5.61,18.96,4.97,9.12,-0.51,-5.8,-7.04,Maize,Clay Loam,0.568,0.25,41.31,7,0.458,2.818.361,24.209
12.794,107.917,5,296,3.64,28.9,21.3,5.8,38,33.2,24,24.75,5.04,84.49,17.53,12,-3.85,-5.19,-5.49,-5.13,2.87,2.02,9.17,1.47,8.91,1.97,-2.38,-4.35,Maize,Clay Loam,0.484,0.236,26.39,7,0.347,2.601.564,22.826
12.802,108.119,5,530,3.64,29.3,23,5.6,37.5,33.3,31.4,24.75,5.04,84.49,16.64,12,-3.85,-5.19,-5.49,-5.13,2.87,2.02,9.17,1.47,8.91,1.97,-2.38,-4.35,Maize,Clay Loam,0.484,0.248,26.39,7,0.347,3.035.158,21.305
12.802,108.43,5,498,3.64,29.2,24.5,6,41.2,29.6,23.7,24.75,5.04,84.49,16.64,12,-3.85,-5.19,-5.49,-5.13,2.87,2.02,9.17,1.47,8.91,1.97,-2.38,-4.35,Maize,Clay Loam,0.484,0.228,26.39,7,0.347,2167.97,21.513
12.803,107.921,5,290,3.64,30.9,22.8,5.9,36.6,32.4,22.2,24.75,5.04,84.49,17.53,12,-3.85,-5.19,-5.49,-5.13,2.87,2.02,9.17,1.47,8.91,1.97,-2.38,-4.35,Maize,Clay Loam,0.484,0.237,26.39,7,0.347,2.384.767,22.865
12.806,108.09,5,436,3.64,28.3,22,5.5,38,33.7,28.1,24.75,5.04,84.49,16.64,12,-3.85,-5.19,-5.49,-5.13,2.87,2.02,9.17,1.47,8.91,1.97,-2.38,-4.35,Maize,Clay Loam,0.484,0.242,26.39,7,0.347,3.251.955,21.916
12.844,108.06,5,448,3.64,31,24,5.5,36,33,33.2,24.75,5.04,84.49,16.64,12,-3.85,-5.19,-5.49,-5.13,2.87,2.02,9.17,1.47,8.91,1.97,-2.38,-4.35,Maize,Clay Loam,0.484,0.254,26.39,7,0.347,3.251.955,21.838
12.865,108.095,5,537,3.64,34.7,20.2,5.5,34.5,30.9,29.1,24.75,5.04,84.49,16.64,12,-3.85,-5.19,-5.49,-5.13,2.87,2.02,9.17,1.47,8.91,1.97,-2.38,-4.35,Maize,Clay Loam,0.484,0.251,26.39,7,0.347,3.251.955,21.26
12.866,108.268,5,626,3.64,29.2,17.5,5.8,38.5,32.3,25.5,24.75,5.04,84.49,16.64,12,-3.85,-5.19,-5.49,-5.13,2.87,2.02,9.17,1.47,8.91,1.97,-2.38,-4.35,Maize,Clay Loam,0.484,0.237,26.39,7,0.347,2.601.564,20.681
12.871,108.372,5,579,3.64,31.2,27.7,5.7,39.1,29.7,35,24.75,5.04,84.49,16.64,12,-3.85,-5.19,-5.49,-5.13,2.87,2.02,9.17,1.47,8.91,1.97,-2.38,-4.35,Maize,Clay Loam,0.484,0.249,26.39,7,0.347,2.818.361,20.986
12.88,107.673,5,216,3.64,35.4,22.6,5.9,34.4,30.2,26.1,25.86,8.09,82.95,17.53,12,-6.57,-7.33,-7.36,-6.7,2.7,5.61,18.96,4.97,9.12,-0.51,-5.8,-7.04,Maize,Clay Loam,0.568,0.247,41.31,7,0.458,2.384.767,24.456
12.883,107.721,5,193,3.64,34.6,22.5,5.8,34.8,30.6,24.1,25.86,8.09,82.95,17.53,12,-6.57,-7.33,-7.36,-6.7,2.7,5.61,18.96,4.97,9.12,-0.51,-5.8,-7.04,Maize,Clay Loam,0.568,0.244,41.31,7,0.458,2.601.564,24.606
12.885,107.929,5,249,3.64,26.9,20.8,5.9,37.8,35.4,24.7,24.75,5.04,84.49,17.53,12,-3.85,-5.19,-5.49,-5.13,2.87,2.02,9.17,1.47,8.91,1.97,-2.38,-4.35,Maize,Loam,0.484,0.238,26.39,7,0.347,2.384.767,23.132
12.887,108.201,5,698,3.64,31.9,21.2,5.5,35.5,32.5,30.8,24.75,5.04,84.49,16.64,12,-3.85,-5.19,-5.49,-5.13,2.87,2.02,9.17,1.47,8.91,1.97,-2.38,-4.35,Maize,Clay Loam,0.484,0.251,26.39,7,0.347,3.251.955,20.213
12.907,108.043,5,444,3.64,32.2,24.8,5.7,35.1,32.7,29.8,24.75,5.04,84.49,16.64,12,-3.85,-5.19,-5.49,-5.13,2.87,2.02,9.17,1.47,8.91,1.97,-2.38,-4.35,Maize,Clay Loam,0.484,0.251,26.39,7,0.347,2.818.361,21.864
12.913,108.227,5,737,3.64,32.7,26.9,5.5,34.4,32.9,38.8,24.75,5.04,84.49,16.64,12,-3.85,-5.19,-5.49,-5.13,2.87,2.02,9.17,1.47,8.91,1.97,-2.38,-4.35,Maize,Clay Loam,0.484,0.265,26.39,7,0.347,3.251.955,19.96
12.914,108.122,5,611,3.64,33.9,21.6,5.5,35.6,30.5,32.2,24.75,5.04,84.49,16.64,12,-3.85,-5.19,-5.49,-5.13,2.87,2.02,9.17,1.47,8.91,1.97,-2.38,-4.35,Maize,Clay Loam,0.484,0.253,26.39,7,0.347,3.251.955,20.778
12.92,108.445,5,580,3.64,32,20.1,6.1,38.1,29.9,25,24.28,4.01,86.9,16.64,12,-2.28,-4.3,-5.22,-4.96,1.43,-0.34,3.67,-1.16,7.2,6.13,2.22,-2.39,Maize,Clay Loam,0.398,0.237,20.65,9,0.349,1.951.173,20.51
12.925,107.952,5,340,3.64,29.6,22.8,5.9,36,34.4,25.8,24.75,5.04,84.49,17.53,12,-3.85,-5.19,-5.49,-5.13,2.87,2.02,9.17,1.47,8.91,1.97,-2.38,-4.35,Maize,Clay Loam,0.484,0.243,26.39,7,0.347,2.384.767,22.54
12.927,108.412,5,576,3.64,27.3,19.6,6,38.5,34.3,21.7,24.75,5.04,84.49,16.64,12,-3.85,-5.19,-5.49,-5.13,2.87,2.02,9.17,1.47,8.91,1.97,-2.38,-4.35,Maize,Clay Loam,0.484,0.232,26.39,7,0.347,2167.97,21.006
12.945,108.146,5,615,3.64,31.8,20.4,5.6,35.9,32.3,34,24.75,5.04,84.49,16.64,12,-3.85,-5.19,-5.49,-5.13,2.87,2.02,9.17,1.47,8.91,1.97,-2.38,-4.35,Maize,Clay Loam,0.484,0.255,26.39,7,0.347,3.035.158,20.752
12.947,107.927,5,277,3.64,31.8,20.5,6,35.1,33.1,24.1,24.75,5.04,84.49,17.53,12,-3.85,-5.19,-5.49,-5.13,2.87,2.02,9.17,1.47,8.91,1.97,-2.38,-4.35,Maize,Clay Loam,0.484,0.243,26.39,7,0.347,2167.97,22.95
12.947,108.402,5,630,3.64,33.3,20.2,6.1,37,29.7,25.2,24.75,5.04,84.49,16.64,12,-3.85,-5.19,-5.49,-5.13,2.87,2.02,9.17,1.47,8.91,1.97,-2.38,-4.35,Maize,Clay Loam,0.484,0.24,26.39,7,0.347,1.951.173,20.655
12.948,108.042,5,456,3.64,33.2,22.7,5.8,34.2,32.6,25.9,24.75,5.04,84.49,16.64,12,-3.85,-5.19,-5.49,-5.13,2.87,2.02,9.17,1.47,8.91,1.97,-2.38,-4.35,Maize,Clay Loam,0.484,0.248,26.39,7,0.347,2.601.564,21.786
12.951,107.571,5,176,3.64,35.7,20.7,5.7,33.3,31,21.9,25.86,8.09,82.95,17.53,12,-6.57,-7.33,-7.36,-6.7,2.7,5.61,18.96,4.97,9.12,-0.51,-5.8,-7.04,Maize,Clay Loam,0.568,0.244,41.31,7,0.458,2.818.361,24.716
12.962,108.004,5,358,3.64,29.5,23.2,5.8,35.7,34.9,25.5,24.75,5.04,84.49,16.64,12,-3.85,-5.19,-5.49,-5.13,2.87,2.02,9.17,1.47,8.91,1.97,-2.38,-4.35,Maize,Clay Loam,0.484,0.244,26.39,7,0.347,2.601.564,22.423
12.963,108.208,5,660,3.64,33.7,23.3,5.5,35.3,31.1,33.4,24.75,5.04,84.49,16.64,12,-3.85,-5.19,-5.49,-5.13,2.87,2.02,9.17,1.47,8.91,1.97,-2.38,-4.35,Maize,Clay Loam,0.484,0.256,26.39,7,0.347,3.251.955,20.46
12.965,108.398,5,696,3.64,33.7,28.7,5.8,36.9,29.4,36.6,24.75,5.04,84.49,16.64,12,-3.85,-5.19,-5.49,-5.13,2.87,2.02,9.17,1.47,8.91,1.97,-2.38,-4.35,Maize,Clay Loam,0.484,0.256,26.39,7,0.347,2.601.564,20.226
12.966,108.189,5,723,3.64,35.5,19,5.6,34.1,30.4,28.6,24.75,5.04,84.49,16.64,12,-3.85,-5.19,-5.49,-5.13,2.87,2.02,9.17,1.47,8.91,1.97,-2.38,-4.35,Maize,Clay Loam,0.484,0.252,26.39,7,0.347,3.035.158,20.05
12.974,107.69,5,197,3.64,33.5,23.7,5.8,37,29.4,26.7,25.86,8.09,82.95,17.53,12,-6.57,-7.33,-7.36,-6.7,2.7,5.61,18.96,4.97,9.12,-0.51,-5.8,-7.04,Maize,Clay Loam,0.568,0.242,41.31,7,0.458,2.601.564,24.58
12.99,108.285,5,710,3.64,33.6,21.9,5.6,33.9,32.5,30.3,24.75,5.04,84.49,16.64,12,-3.85,-5.19,-5.49,-5.13,2.87,2.02,9.17,1.47,8.91,1.97,-2.38,-4.35,Maize,Clay Loam,0.484,0.254,26.39,7,0.347,3.035.158,20.135
12.996,107.514,5,182,3.64,37.3,17.6,5.9,33.1,29.7,27.5,25.86,8.09,82.95,17.53,12,-6.57,-7.33,-7.36,-6.7,2.7,5.61,18.96,4.97,9.12,-0.51,-5.8,-7.04,Maize,Clay Loam,0.568,0.252,41.31,7,0.458,2.384.767,24.677
13.001,108.255,5,736,3.64,35.3,24.4,5.6,34.1,30.6,38.8,24.75,5.04,84.49,16.78,12,-3.85,-5.19,-5.49,-5.13,2.87,2.02,9.17,1.47,8.91,1.97,-2.38,-4.35,Maize,Clay Loam,0.484,0.266,26.39,7,0.347,3.035.158,19.966
13.003,107.882,5,231,3.64,32.9,20,5.9,34.9,32.2,20.9,24.75,5.04,84.49,17.67,12,-3.85,-5.19,-5.49,-5.13,2.87,2.02,9.17,1.47,8.91,1.97,-2.38,-4.35,Maize,Clay Loam,0.484,0.239,26.39,7,0.347,2.384.767,23.248
13.004,108.076,5,475,3.64,27.7,25,5.8,33.9,38.4,23.8,24.75,5.04,84.49,16.78,12,-3.85,-5.19,-5.49,-5.13,2.87,2.02,9.17,1.47,8.91,1.97,-2.38,-4.35,Maize,Clay Loam,0.484,0.245,26.39,7,0.347,2.601.564,21.662
13.006,108.263,5,692,3.64,34,19.8,5.8,34,32,30.6,24.75,5.04,84.49,16.78,12,-3.85,-5.19,-5.49,-5.13,2.87,2.02,9.17,1.47,8.91,1.97,-2.38,-4.35,Maize,Clay Loam,0.484,0.255,26.39,7,0.347,2.601.564,20.252
13.01,108.171,5,634,3.64,35,26.9,5.7,35.6,29.4,31.1,24.75,5.04,84.49,16.78,12,-3.85,-5.19,-5.49,-5.13,2.87,2.02,9.17,1.47,8.91,1.97,-2.38,-4.35,Maize,Clay Loam,0.484,0.252,26.39,7,0.347,2.818.361,20.629
13.027,108.319,5,744,3.64,35.3,22.3,5.6,33.9,30.8,35.7,24.75,5.04,84.49,16.78,12,-3.85,-5.19,-5.49,-5.13,2.87,2.02,9.17,1.47,8.91,1.97,-2.38,-4.35,Maize,Clay Loam,0.484,0.262,26.39,7,0.347,3.035.158,19.914
13.044,107.967,5,214,3.64,32.2,22.8,5.7,34.9,32.9,23.9,24.75,5.04,84.49,17.67,12,-3.85,-5.19,-5.49,-5.13,2.87,2.02,9.17,1.47,8.91,1.97,-2.38,-4.35,Maize,Clay Loam,0.484,0.243,26.39,7,0.347,2.818.361,23.359
13.054,108.005,5,240,3.64,35.4,20.4,5.8,34.2,30.4,22.9,24.75,5.04,84.49,16.78,12,-3.85,-5.19,-5.49,-5.13,2.87,2.02,9.17,1.47,8.91,1.97,-2.38,-4.35,Maize,Clay Loam,0.484,0.243,26.39,7,0.347,2.601.564,23.19
13.054,108.095,5,453,3.64,30.3,23.4,5.9,33.6,36.1,24.4,24.75,5.04,84.49,16.78,12,-3.85,-5.19,-5.49,-5.13,2.87,2.02,9.17,1.47,8.91,1.97,-2.38,-4.35,Maize,Clay Loam,0.484,0.247,26.39,7,0.347,2.384.767,21.806
13.075,107.849,5,188,3.64,36.5,23.6,5.9,34.2,29.3,22.2,24.75,5.04,84.49,17.67,12,-3.85,-5.19,-5.49,-5.13,2.87,2.02,9.17,1.47,8.91,1.97,-2.38,-4.35,Maize,Clay Loam,0.484,0.242,26.39,7,0.347,2.384.767,23.528
13.087,108.308,5,768,3.64,35.9,26.1,5.7,34.5,29.5,48.6,24.75,5.04,84.49,16.78,12,-3.85,-5.19,-5.49,-5.13,2.87,2.02,9.17,1.47,8.91,1.97,-2.38,-4.35,Maize,Clay Loam,0.484,0.279,26.39,7,0.347,2.818.361,19.758
13.092,108.295,5,798,3.64,36.3,25.9,5.7,33.7,30,36.4,24.75,5.04,84.49,16.78,12,-3.85,-5.19,-5.49,-5.13,2.87,2.02,9.17,1.47,8.91,1.97,-2.38,-4.35,Maize,Clay Loam,0.484,0.263,26.39,7,0.347,2.818.361,19.563
13.1,108.043,5,357,3.64,32.6,21.3,5.8,34,33.4,21.6,24.75,5.04,84.49,16.78,12,-3.85,-5.19,-5.49,-5.13,2.87,2.02,9.17,1.47,8.91,1.97,-2.38,-4.35,Maize,Clay Loam,0.484,0.242,26.39,7,0.347,2.601.564,22.43
13.11,108.027,5,355,3.64,35.7,22.4,5.6,33.7,30.6,28.6,24.75,5.04,84.49,16.78,12,-3.85,-5.19,-5.49,-5.13,2.87,2.02,9.17,1.47,8.91,1.97,-2.38,-4.35,Maize,Clay Loam,0.484,0.253,26.39,7,0.347,3.035.158,22.442
13.135,107.623,5,175,3.64,36.1,17.4,5.9,32.5,31.3,27.2,25.86,8.09,82.95,17.67,12,-6.57,-7.33,-7.36,-6.7,2.7,5.61,18.96,4.97,9.12,-0.51,-5.8,-7.04,Maize,Clay Loam,0.568,0.253,41.31,7,0.458,2.384.767,24.722
13.137,107.601,5,174,3.64,36.6,18.6,6,32.7,30.7,24.1,25.86,8.09,82.95,17.67,12,-6.57,-7.33,-7.36,-6.7,2.7,5.61,18.96,4.97,9.12,-0.51,-5.8,-7.04,Maize,Clay Loam,0.568,0.249,41.31,7,0.458,2167.97,24.729
13.139,107.953,5,211,3.64,31.8,22.2,5.9,36.8,31.4,24.5,24.75,5.04,84.49,17.67,12,-3.85,-5.19,-5.49,-5.13,2.87,2.02,9.17,1.47,8.91,1.97,-2.38,-4.35,Maize,Clay Loam,0.484,0.24,26.39,7,0.347,2.384.767,23.378
13.146,108.49,5,851,3.64,35.2,38.8,5.5,34.8,29.9,53.3,24.28,4.01,86.9,16.78,12,-2.28,-4.3,-5.22,-4.96,1.43,-0.34,3.67,-1.16,7.2,6.13,2.22,-2.39,Maize,Clay Loam,0.398,0.285,20.65,9,0.349,3.251.955,18.748
13.161,108.333,5,814,3.64,34.5,20.2,5.8,35.5,29.9,31.6,24.75,5.04,84.49,16.78,12,-3.85,-5.19,-5.49,-5.13,2.87,2.02,9.17,1.47,8.91,1.97,-2.38,-4.35,Maize,Clay Loam,0.484,0.253,26.39,7,0.347,2.601.564,19.459
13.162,107.729,5,172,3.64,37.5,21.9,5.9,31,31.5,22.5,25.86,8.09,82.95,17.67,12,-6.57,-7.33,-7.36,-6.7,2.7,5.61,18.96,4.97,9.12,-0.51,-5.8,-7.04,Maize,Clay Loam,0.568,0.25,41.31,7,0.458,2.384.767,24.742
13.194,108.058,5,413,3.64,32,23.6,5.8,35.4,32.6,29,24.75,5.04,84.49,16.78,12,-3.85,-5.19,-5.49,-5.13,2.87,2.02,9.17,1.47,8.91,1.97,-2.38,-4.35,Maize,Clay Loam,0.484,0.249,26.39,7,0.347,2.601.564,22.066
13.204,108.023,5,374,3.64,37.2,24.9,6,32.6,30.1,30.9,24.75,5.04,84.49,16.78,12,-3.85,-5.19,-5.49,-5.13,2.87,2.02,9.17,1.47,8.91,1.97,-2.38,-4.35,Maize,Clay Loam,0.484,0.258,26.39,7,0.347,2167.97,22.319
13.212,107.6,5,166,3.64,35.5,18.2,6,33.9,30.6,21.6,25.86,8.09,82.95,17.67,12,-6.57,-7.33,-7.36,-6.7,2.7,5.61,18.96,4.97,9.12,-0.51,-5.8,-7.04,Maize,Clay Loam,0.568,0.242,41.31,7,0.458,2167.97,24.781
13.218,108.452,5,1065,3.64,34.1,41.1,5.3,31.1,34.7,56.4,24.28,4.01,86.9,16.78,12,-2.28,-4.3,-5.22,-4.96,1.43,-0.34,3.67,-1.16,7.2,6.13,2.22,-2.39,Maize,Clay Loam,0.398,0.297,20.65,9,0.349,3.685.549,17.358
13.223,108.246,5,632,3.64,31.8,25,5.9,35.8,32.5,29.2,24.75,5.04,84.49,16.78,12,-3.85,-5.19,-5.49,-5.13,2.87,2.02,9.17,1.47,8.91,1.97,-2.38,-4.35,Maize,Clay Loam,0.484,0.249,26.39,7,0.347,2.384.767,20.642
13.226,108.097,5,461,3.64,30.2,27.9,5.8,34.8,35,27.9,24.75,5.04,84.49,16.78,12,-3.85,-5.19,-5.49,-5.13,2.87,2.02,9.17,1.47,8.91,1.97,-2.38,-4.35,Maize,Clay Loam,0.484,0.249,26.39,7,0.347,2.601.564,21.754
13.234,107.815,5,175,3.64,33,19.2,5.9,35.1,32,20.7,24.75,5.04,84.49,17.67,12,-3.85,-5.19,-5.49,-5.13,2.87,2.02,9.17,1.47,8.91,1.97,-2.38,-4.35,Maize,Clay Loam,0.484,0.238,26.39,7,0.347,2.384.767,23.612
13.24,107.664,5,156,3.64,35.9,22.9,6,32.7,31.4,19.9,25.86,8.09,82.95,17.67,12,-6.57,-7.33,-7.36,-6.7,2.7,5.61,18.96,4.97,9.12,-0.51,-5.8,-7.04,Maize,Clay Loam,0.568,0.243,41.31,7,0.458,2167.97,24.846
13.241,107.845,5,185,3.64,33.7,19.5,5.8,34.8,31.5,30.3,24.75,5.04,84.49,17.67,12,-3.85,-5.19,-5.49,-5.13,2.87,2.02,9.17,1.47,8.91,1.97,-2.38,-4.35,Maize,Clay Loam,0.484,0.252,26.39,7,0.347,2.601.564,23.548
13.247,107.654,5,165,3.64,36.7,21.7,6.1,32.8,30.6,22.4,25.86,8.09,82.95,17.67,12,-6.57,-7.33,-7.36,-6.7,2.7,5.61,18.96,4.97,9.12,-0.51,-5.8,-7.04,Maize,Clay Loam,0.568,0.246,41.31,7,0.458,1.951.173,24.787
13.247,108.425,5,535,3.64,34.3,28.1,5.8,33.1,32.6,33.9,24.75,5.04,84.49,16.78,12,-3.85,-5.19,-5.49,-5.13,2.87,2.02,9.17,1.47,8.91,1.97,-2.38,-4.35,Maize,Clay Loam,0.484,0.261,26.39,7,0.347,2.601.564,21.272
13.253,107.811,5,193,3.64,36.7,18.4,5.9,33.8,29.6,21.6,26.03,6.93,82.59,17.67,12,-5.74,-6.67,-6.72,-5.6,3.27,5.56,14.57,4.05,8.95,0.25,-5.41,-6.56,Maize,Clay Loam,0.586,0.242,36.7,7,0.398,2.384.767,24.776
13.261,108.406,5,498,3.64,32.1,30.4,5.7,35.9,32,33,24.64,4.92,84.79,16.78,12,-3.74,-5.15,-5.62,-5,2.51,2.76,7.89,1.25,8.92,3.13,-2.41,-4.49,Maize,Clay Loam,0.472,0.254,26.41,9,0.337,2.818.361,21.403
13.273,108.367,5,766,3.64,32.2,27.3,5.7,35.7,32,35.7,24.64,4.92,84.79,16.78,12,-3.74,-5.15,-5.62,-5,2.51,2.76,7.89,1.25,8.92,3.13,-2.41,-4.49,Maize,Clay Loam,0.472,0.258,26.41,9,0.337,2.818.361,19.661
13.29,108.368,5,762,3.64,32.2,23.9,5.6,34.5,33.3,38.6,24.64,4.92,84.79,16.78,12,-3.74,-5.15,-5.62,-5,2.51,2.76,7.89,1.25,8.92,3.13,-2.41,-4.49,Maize,Clay Loam,0.472,0.265,26.41,9,0.337,3.035.158,19.687
13.297,108.453,5,246,3.64,33,25.4,5.8,37.3,29.6,32.5,24.61,4.18,86.41,16.78,12,-2.54,-4.25,-5.39,-5.02,0.71,-0.08,3.92,-1.15,7.21,7,2.28,-2.68,Maize,Clay Loam,0.421,0.25,21.11,9,0.341,2.601.564,23.011
13.299,107.729,5,178,3.64,37.5,20.2,5.8,32.4,30.1,25.2,26.03,6.93,82.59,17.67,12,-5.74,-6.67,-6.72,-5.6,3.27,5.56,14.57,4.05,8.95,0.25,-5.41,-6.56,Maize,Clay Loam,0.586,0.251,36.7,7,0.398,2.601.564,24.873
13.326,107.903,5,216,3.64,36.2,23.8,5.7,33.9,29.9,27.8,24.64,4.92,84.79,17.67,12,-3.74,-5.15,-5.62,-5,2.51,2.76,7.89,1.25,8.92,3.13,-2.41,-4.49,Maize,Clay Loam,0.472,0.251,26.41,9,0.337,2.818.361,23.236
13.326,108.437,5,355,3.64,33.6,28,5.7,38.5,27.9,35.2,24.64,4.92,84.79,16.78,12,-3.74,-5.15,-5.62,-5,2.51,2.76,7.89,1.25,8.92,3.13,-2.41,-4.49,Maize,Clay Loam,0.472,0.251,26.41,9,0.337,2.818.361,22.332
13.336,107.854,5,225,3.64,32.7,22.1,5.8,37.9,29.4,24.9,24.64,4.92,84.79,17.67,12,-3.74,-5.15,-5.62,-5,2.51,2.76,7.89,1.25,8.92,3.13,-2.41,-4.49,Maize,Clay Loam,0.472,0.238,26.41,9,0.337,2.601.564,23.178
13.339,108.157,5,344,3.64,33.5,25,6,34.9,31.6,25.3,24.64,4.92,84.79,16.78,12,-3.74,-5.15,-5.62,-5,2.51,2.76,7.89,1.25,8.92,3.13,-2.41,-4.49,Maize,Clay Loam,0.472,0.245,26.41,9,0.337,2167.97,22.404
13.343,107.849,5,237,3.64,29.8,22.7,5.8,40.2,30,21.1,24.64,4.92,84.79,17.67,12,-3.74,-5.15,-5.62,-5,2.51,2.76,7.89,1.25,8.92,3.13,-2.41,-4.49,Maize,Clay Loam,0.472,0.227,26.41,9,0.337,2.601.564,23.1
13.367,107.903,5,225,3.64,33.7,27,5.6,36.7,29.6,30.6,24.64,4.92,84.79,17.67,12,-3.74,-5.15,-5.62,-5,2.51,2.76,7.89,1.25,8.92,3.13,-2.41,-4.49,Maize,Clay Loam,0.472,0.248,26.41,9,0.337,3.035.158,23.178
13.368,107.836,5,235,3.64,32.2,20.8,5.6,38.7,29.1,23.9,24.64,4.92,84.79,17.67,12,-3.74,-5.15,-5.62,-5,2.51,2.76,7.89,1.25,8.92,3.13,-2.41,-4.49,Maize,Clay Loam,0.472,0.234,26.41,9,0.337,3.035.158,23.112
13.391,108.34,5,354,3.64,38.5,23.3,6.1,35.5,25.9,27.8,24.64,4.92,84.79,16.78,12,-3.74,-5.15,-5.62,-5,2.51,2.76,7.89,1.25,8.92,3.13,-2.41,-4.49,Maize,Clay Loam,0.472,0.247,26.41,9,0.337,1.951.173,22.339
13.392,108.466,5,156,3.64,32.8,16.9,6.3,36.5,30.7,21.4,24.61,4.18,86.41,16.78,12,-2.54,-4.25,-5.39,-5.02,0.71,-0.08,3.92,-1.15,7.21,7,2.28,-2.68,Maize,Clay Loam,0.421,0.236,21.11,9,0.341,1.517.579,23.596
13.418,108.191,5,355,3.64,33.9,26.4,6,36,30.1,25.7,24.64,4.92,84.79,16.78,12,-3.74,-5.15,-5.62,-5,2.51,2.76,7.89,1.25,8.92,3.13,-2.41,-4.49,Maize,Clay Loam,0.472,0.243,26.41,9,0.337,2167.97,22.332
13.437,107.85,5,188,3.64,36.1,20,5.8,34.7,29.2,24.6,24.64,4.92,84.79,17.67,12,-3.74,-5.15,-5.62,-5,2.51,2.76,7.89,1.25,8.92,3.13,-2.41,-4.49,Maize,Clay Loam,0.472,0.245,26.41,9,0.337,2.601.564,23.418
13.469,107.597,5,356,3.64,28.7,27.1,5.6,37.8,33.5,31.7,26.03,6.93,82.59,17.67,12,-5.74,-6.67,-6.72,-5.6,3.27,5.56,14.57,4.05,8.95,0.25,-5.41,-6.56,Maize,Clay Loam,0.586,0.247,36.7,7,0.398,3.035.158,23.716
13.469,107.794,5,195,3.64,33.3,20.4,5.8,37.8,28.9,23.3,26.03,6.93,82.59,17.67,12,-5.74,-6.67,-6.72,-5.6,3.27,5.56,14.57,4.05,8.95,0.25,-5.41,-6.56,Maize,Clay Loam,0.586,0.236,36.7,7,0.398,2.601.564,24.763
13.469,108.176,5,349,3.64,36.1,24.3,5.8,33.3,30.6,25.1,24.64,4.92,84.79,16.78,12,-3.74,-5.15,-5.62,-5,2.51,2.76,7.89,1.25,8.92,3.13,-2.41,-4.49,Maize,Clay Loam,0.472,0.249,26.41,9,0.337,2.601.564,22.372
13.469,108.239,5,277,3.64,37.4,23.4,5.9,33.1,29.6,32,24.64,4.92,84.79,16.78,12,-3.74,-5.15,-5.62,-5,2.51,2.76,7.89,1.25,8.92,3.13,-2.41,-4.49,Maize,Clay Loam,0.472,0.259,26.41,9,0.337,2.384.767,22.84
13.491,107.577,5,182,3.64,31.8,19.6,5.9,34.5,33.7,26.6,26.03,6.93,82.59,17.67,12,-5.74,-6.67,-6.72,-5.6,3.27,5.56,14.57,4.05,8.95,0.25,-5.41,-6.56,Maize,Clay Loam,0.586,0.248,36.7,7,0.398,2.384.767,24.847
13.491,107.823,5,204,3.64,34,20.2,5.9,34.1,31.9,26.7,24.64,4.92,84.79,17.67,12,-3.74,-5.15,-5.62,-5,2.51,2.76,7.89,1.25,8.92,3.13,-2.41,-4.49,Maize,Clay Loam,0.472,0.249,26.41,9,0.337,2.384.767,23.314
13.491,108.244,5,215,3.64,37.7,24.8,6.1,34,28.4,42.7,24.64,4.92,84.79,16.78,12,-3.74,-5.15,-5.62,-5,2.51,2.76,7.89,1.25,8.92,3.13,-2.41,-4.49,Maize,Clay Loam,0.472,0.272,26.41,9,0.337,1.951.173,23.242
13.5,107.804,5,190,3.64,36.6,24,6,32.4,31.1,25,26.03,6.93,82.59,17.67,12,-5.74,-6.67,-6.72,-5.6,3.27,5.56,14.57,4.05,8.95,0.25,-5.41,-6.56,Maize,Clay Loam,0.586,0.25,36.7,7,0.398,2167.97,24.795
13.506,107.8,5,191,3.64,36.5,21.6,6,33,30.5,20.6,26.03,6.93,82.59,17.67,12,-5.74,-6.67,-6.72,-5.6,3.27,5.56,14.57,4.05,8.95,0.25,-5.41,-6.56,Maize,Clay Loam,0.586,0.243,36.7,7,0.398,2167.97,24.789
13.507,107.656,5,483,3.64,30.1,33.9,5.6,35.7,34.2,36.2,26.03,6.93,82.59,17.67,12,-5.74,-6.67,-6.72,-5.6,3.27,5.56,14.57,4.05,8.95,0.25,-5.41,-6.56,Maize,Clay Loam,0.586,0.259,36.7,7,0.398,3.035.158,22.891
13.523,107.716,5,188,3.64,30.9,20.6,5.9,36.2,32.9,24.4,26.03,6.93,82.59,17.67,12,-5.74,-6.67,-6.72,-5.6,3.27,5.56,14.57,4.05,8.95,0.25,-5.41,-6.56,Maize,Clay Loam,0.586,0.241,36.7,7,0.398,2.384.767,24.808
13.526,108.449,5,198,3.64,31,21.2,6,36.6,32.3,25.4,24.61,4.18,86.41,16.78,12,-2.54,-4.25,-5.39,-5.02,0.71,-0.08,3.92,-1.15,7.21,7,2.28,-2.68,Maize,Clay Loam,0.421,0.241,21.11,9,0.341,2167.97,23.323
13.55,108.479,5,176,3.64,32.8,27.7,6.1,36.4,30.8,27.7,24.61,4.18,86.41,16.78,12,-2.54,-4.25,-5.39,-5.02,0.71,-0.08,3.92,-1.15,7.21,7,2.28,-2.68,Maize,Clay Loam,0.421,0.245,21.11,9,0.341,1.951.173,23.466
13.572,107.572,5,196,3.64,31.4,24.2,5.7,36.2,32.5,29.4,26.03,6.93,82.59,17.67,12,-5.74,-6.67,-6.72,-5.6,3.27,5.56,14.57,4.05,8.95,0.25,-5.41,-6.56,Maize,Clay Loam,0.586,0.248,36.7,7,0.398,2.818.361,24.756
13.573,108.344,5,180,3.64,37.7,26.8,6,30.7,31.6,36.9,24.64,4.92,84.79,16.78,12,-3.74,-5.15,-5.62,-5,2.51,2.76,7.89,1.25,8.92,3.13,-2.41,-4.49,Maize,Clay Loam,0.472,0.271,26.41,9,0.337,2167.97,23.47
13.582,108.273,5,218,3.64,37.8,21.6,5.9,33.9,28.3,27.2,24.64,4.92,84.79,16.78,12,-3.74,-5.15,-5.62,-5,2.51,2.76,7.89,1.25,8.92,3.13,-2.41,-4.49,Maize,Clay Loam,0.472,0.25,26.41,9,0.337,2.384.767,23.223
13.59,107.969,5,368,3.64,32.4,20,5.9,35.5,32.1,25,24.64,4.92,84.79,17.67,12,-3.74,-5.15,-5.62,-5,2.51,2.76,7.89,1.25,8.92,3.13,-2.41,-4.49,Maize,Clay Loam,0.472,0.243,26.41,9,0.337,2.384.767,22.248
13.595,108.237,5,346,3.64,36.2,25.1,6.1,33.2,30.6,45.3,24.64,4.92,84.79,16.78,12,-3.74,-5.15,-5.62,-5,2.51,2.76,7.89,1.25,8.92,3.13,-2.41,-4.49,Maize,Clay Loam,0.472,0.277,26.41,9,0.337,1.951.173,22.391
13.615,107.595,5,189,3.64,32.1,28.8,5.6,33.5,34.4,34.2,26.03,6.93,82.59,17.67,12,-5.74,-6.67,-6.72,-5.6,3.27,5.56,14.57,4.05,8.95,0.25,-5.41,-6.56,Maize,Clay Loam,0.586,0.261,36.7,7,0.398,3.035.158,24.802
13.616,107.746,5,235,3.64,30.4,23.5,5.7,35.8,33.8,27.4,26.03,6.93,82.59,17.67,12,-5.74,-6.67,-6.72,-5.6,3.27,5.56,14.57,4.05,8.95,0.25,-5.41,-6.56,Maize,Clay Loam,0.586,0.246,36.7,7,0.398,2.818.361,24.502
13.619,107.678,5,235,3.64,32.1,16.9,6,33.4,34.5,21.5,26.03,6.93,82.59,17.67,12,-5.74,-6.67,-6.72,-5.6,3.27,5.56,14.57,4.05,8.95,0.25,-5.41,-6.56,Maize,Clay Loam,0.586,0.243,36.7,7,0.398,2167.97,24.502
13.63,107.688,5,229,3.64,33.1,16.8,6.1,33.5,33.4,21.2,26.03,6.93,82.59,17.67,12,-5.74,-6.67,-6.72,-5.6,3.27,5.56,14.57,4.05,8.95,0.25,-5.41,-6.56,Maize,Clay Loam,0.586,0.243,36.7,7,0.398,1.951.173,24.542
13.631,108.41,5,187,3.64,32.1,25.6,6.1,37.1,30.8,24.1,24.64,4.92,84.79,16.78,12,-3.74,-5.15,-5.62,-5,2.51,2.76,7.89,1.25,8.92,3.13,-2.41,-4.49,Maize,Clay Loam,0.472,0.238,26.41,9,0.337,1.951.173,23.425
13.632,108,5,458,3.64,30,27.8,5.9,36.3,33.7,35.5,24.64,4.92,84.79,16.78,12,-3.74,-5.15,-5.62,-5,2.51,2.76,7.89,1.25,8.92,3.13,-2.41,-4.49,Maize,Clay Loam,0.472,0.256,26.41,9,0.337,2.384.767,21.663
13.644,107.524,5,192,3.64,29.7,19.4,5.8,35.2,35,24.3,26.03,6.93,82.59,17.67,12,-5.74,-6.67,-6.72,-5.6,3.27,5.56,14.57,4.05,8.95,0.25,-5.41,-6.56,Maize,Clay Loam,0.586,0.243,36.7,7,0.398,2.601.564,24.782
13.651,108.007,5,491,3.64,33.6,23.8,5.8,36.3,30.1,27.8,24.64,4.92,84.79,16.78,12,-3.74,-5.15,-5.62,-5,2.51,2.76,7.89,1.25,8.92,3.13,-2.41,-4.49,Maize,Clay Loam,0.472,0.245,26.41,9,0.337,2.601.564,21.448
13.659,107.932,5,424,3.64,27.2,20,5.8,37.7,35.2,25.1,24.64,4.92,84.79,17.67,12,-3.74,-5.15,-5.62,-5,2.51,2.76,7.89,1.25,8.92,3.13,-2.41,-4.49,Maize,Clay Loam,0.472,0.238,26.41,9,0.337,2.601.564,21.884
13.665,108.279,5,339,3.64,36.4,23.9,5.9,32.8,30.8,31.6,24.64,4.92,84.79,16.78,12,-3.74,-5.15,-5.62,-5,2.51,2.76,7.89,1.25,8.92,3.13,-2.41,-4.49,Maize,Clay Loam,0.472,0.259,26.41,9,0.337,2.384.767,22.437
13.672,108.345,5,219,3.64,33.8,23.9,6.1,34.4,31.8,29.1,24.64,4.92,84.79,16.78,12,-3.74,-5.15,-5.62,-5,2.51,2.76,7.89,1.25,8.92,3.13,-2.41,-4.49,Maize,Clay Loam,0.472,0.252,26.41,9,0.337,1.951.173,23.216
13.676,108.08,5,499,3.64,31.3,21,5.7,35.1,33.6,26.2,24.64,4.92,84.79,16.78,12,-3.74,-5.15,-5.62,-5,2.51,2.76,7.89,1.25,8.92,3.13,-2.41,-4.49,Maize,Clay Loam,0.472,0.246,26.41,9,0.337,2.818.361,21.396
13.681,107.911,5,444,3.64,27.3,20.3,5.9,36.8,35.9,27.1,24.64,4.92,84.79,17.67,12,-3.74,-5.15,-5.62,-5,2.51,2.76,7.89,1.25,8.92,3.13,-2.41,-4.49,Maize,Clay Loam,0.472,0.243,26.41,9,0.337,2.384.767,21.754
13.696,107.968,5,478,3.64,28,18.8,5.8,36.3,35.8,28.5,24.64,4.92,84.79,17.67,12,-3.74,-5.15,-5.62,-5,2.51,2.76,7.89,1.25,8.92,3.13,-2.41,-4.49,Maize,Clay Loam,0.472,0.246,26.41,9,0.337,2.601.564,21.533
13.698,108.29,5,358,3.64,39.4,21.5,6,31.9,28.7,29.6,24.64,4.92,84.79,16.78,12,-3.74,-5.15,-5.62,-5,2.51,2.76,7.89,1.25,8.92,3.13,-2.41,-4.49,Maize,Clay Loam,0.472,0.258,26.41,9,0.337,2167.97,22.313
13.704,108.097,5,507,3.64,33.2,19.3,5.8,35.2,31.6,24.6,24.64,4.92,84.79,16.78,12,-3.74,-5.15,-5.62,-5,2.51,2.76,7.89,1.25,8.92,3.13,-2.41,-4.49,Maize,Clay Loam,0.472,0.243,26.41,9,0.337,2.601.564,21.344
13.728,107.859,5,439,3.64,28.6,22.3,5.7,36.7,34.7,24.5,24.64,4.92,84.79,17.67,12,-3.74,-5.15,-5.62,-5,2.51,2.76,7.89,1.25,8.92,3.13,-2.41,-4.49,Maize,Clay Loam,0.472,0.24,26.41,9,0.337,2.818.361,21.786
13.741,108.335,5,470,3.64,38.2,26.9,5.8,31.5,30.4,32.4,24.64,4.92,84.79,16.78,12,-3.74,-5.15,-5.62,-5,2.51,2.76,7.89,1.25,8.92,3.13,-2.41,-4.49,Maize,Clay Loam,0.472,0.263,26.41,9,0.337,2.601.564,21.585
13.742,107.633,5,299,3.64,29.5,18.6,6,36.5,34,23.9,26.03,6.93,82.59,17.67,12,-5.74,-6.67,-6.72,-5.6,3.27,5.56,14.57,4.05,8.95,0.25,-5.41,-6.56,Maize,Clay Loam,0.586,0.24,36.7,7,0.398,2167.97,24.086
13.753,108.178,5,304,3.64,35.4,32.1,5.8,33.4,31.2,34.2,23.37,4.74,85.96,16.78,12,-3.49,-5.08,-5.82,-5.01,1.27,2.46,6.48,1.14,8.68,5.17,-1.63,-4.16,Maize,Clay Loam,0.403,0.261,25.19,9,0.344,2.601.564,21.394
13.761,107.664,5,349,3.64,29.1,23.1,5.9,36.9,34.1,25.9,25.32,5.63,82.4,17.67,12,-4.7,-5.63,-5.75,-4.35,2.73,4.7,10.96,3.35,7.89,0.86,-4.51,-5.56,Maize,Clay Loam,0.568,0.241,30.5,7,0.359,2.384.767,23.052
13.763,108.058,5,595,3.64,26.2,26.4,5.6,36.4,37.4,30.6,23.37,4.74,85.96,16.78,12,-3.49,-5.08,-5.82,-5.01,1.27,2.46,6.48,1.14,8.68,5.17,-1.63,-4.16,Maize,Loam,0.403,0.249,25.19,9,0.344,3.035.158,19.502
13.772,108.034,5,654,3.64,27.4,24.4,5.6,36.3,36.3,27.8,23.37,4.74,85.96,16.78,12,-3.49,-5.08,-5.82,-5.01,1.27,2.46,6.48,1.14,8.68,5.17,-1.63,-4.16,Maize,Clay Loam,0.403,0.245,25.19,9,0.344,3.035.158,19.119
13.78,108.391,5,457,3.64,31.8,24.2,5.8,35.8,32.4,31.5,23.37,4.74,85.96,16.78,12,-3.49,-5.08,-5.82,-5.01,1.27,2.46,6.48,1.14,8.68,5.17,-1.63,-4.16,Maize,Clay Loam,0.403,0.252,25.19,9,0.344,2.601.564,20.4
13.796,107.543,5,183,3.64,29.8,26.3,5.9,36.3,33.9,29.8,25.32,5.63,82.4,17.67,12,-4.7,-5.63,-5.75,-4.35,2.73,4.7,10.96,3.35,7.89,0.86,-4.51,-5.56,Maize,Clay Loam,0.568,0.248,30.5,7,0.359,2.384.767,24.13
13.8,108.14,5,653,3.64,32.1,21.3,5.8,33.5,34.5,30.1,23.37,4.74,85.96,16.78,12,-3.49,-5.08,-5.82,-5.01,1.27,2.46,6.48,1.14,8.68,5.17,-1.63,-4.16,Maize,Clay Loam,0.403,0.255,25.19,9,0.344,2.601.564,19.126
13.83,107.52,5,297,3.64,32.5,29.7,5.8,36.3,31.2,37.2,25.32,5.63,82.4,17.67,12,-4.7,-5.63,-5.75,-4.35,2.73,4.7,10.96,3.35,7.89,0.86,-4.51,-5.56,Maize,Clay Loam,0.568,0.259,30.5,7,0.359,2.601.564,23.39
13.835,107.728,5,430,3.64,28.8,20.7,6,36.1,35.2,27.1,25.32,5.63,82.4,17.67,12,-4.7,-5.63,-5.75,-4.35,2.73,4.7,10.96,3.35,7.89,0.86,-4.51,-5.56,Maize,Clay Loam,0.568,0.245,30.5,7,0.359,2167.97,22.525
13.836,107.636,5,507,3.64,25.4,23.6,5.8,36.9,37.7,33.1,25.32,5.63,82.4,17.67,12,-4.7,-5.63,-5.75,-4.35,2.73,4.7,10.96,3.35,7.89,0.86,-4.51,-5.56,Maize,Loam,0.568,0.251,30.5,7,0.359,2.601.564,22.024
13.836,108.439,5,427,3.64,35.1,25.9,5.8,37.2,27.7,32.2,24.18,4.49,86.94,16.78,12,-2.61,-4.36,-5.8,-5.3,-0.41,-0.02,4.01,-1.26,7.79,7.85,2.68,-2.56,Maize,Clay Loam,0.394,0.25,22.32,10,0.352,2.601.564,21.404
13.841,107.975,5,728,3.64,30.9,22.1,5.8,34.5,34.6,26.1,23.37,4.74,85.96,17.67,12,-3.49,-5.08,-5.82,-5.01,1.27,2.46,6.48,1.14,8.68,5.17,-1.63,-4.16,Maize,Clay Loam,0.403,0.247,25.19,9,0.344,2.601.564,18.638
13.866,108.45,5,384,3.64,35.4,22.1,6.1,36,28.6,29,24.18,4.49,86.94,16.78,12,-2.61,-4.36,-5.8,-5.3,-0.41,-0.02,4.01,-1.26,7.79,7.85,2.68,-2.56,Maize,Clay Loam,0.394,0.248,22.32,10,0.352,1.951.173,21.684
13.88,108.237,5,617,3.64,31.4,31.4,5.8,34.3,34.2,36.6,23.37,4.74,85.96,16.78,12,-3.49,-5.08,-5.82,-5.01,1.27,2.46,6.48,1.14,8.68,5.17,-1.63,-4.16,Maize,Clay Loam,0.403,0.262,25.19,9,0.344,2.601.564,19.36
13.889,108.307,5,1003,3.64,33.4,28.9,5.5,35.3,31.3,39.1,23.37,4.74,85.96,16.78,12,-3.49,-5.08,-5.82,-5.01,1.27,2.46,6.48,1.14,8.68,5.17,-1.63,-4.16,Maize,Clay Loam,0.403,0.264,25.19,9,0.344,3.251.955,16.85
13.917,108.448,5,431,3.64,32.5,27.1,5.8,36.3,31.2,33.4,24.18,4.49,86.94,16.78,12,-2.61,-4.36,-5.8,-5.3,-0.41,-0.02,4.01,-1.26,7.79,7.85,2.68,-2.56,Maize,Clay Loam,0.394,0.253,22.32,10,0.352,2.601.564,21.378
13.922,107.837,5,529,3.64,28.3,21.3,5.9,35.1,36.6,32.1,23.37,4.74,85.96,17.67,12,-3.49,-5.08,-5.82,-5.01,1.27,2.46,6.48,1.14,8.68,5.17,-1.63,-4.16,Maize,Clay Loam,0.403,0.254,25.19,9,0.344,2.384.767,19.932
13.939,107.735,5,419,3.64,29.9,18.9,5.8,37.1,33,21.5,25.32,5.63,82.4,17.67,12,-4.7,-5.63,-5.75,-4.35,2.73,4.7,10.96,3.35,7.89,0.86,-4.51,-5.56,Maize,Clay Loam,0.568,0.235,30.5,7,0.359,2.601.564,22.596
13.939,107.878,5,596,3.64,31.8,28.3,5.8,36.6,31.6,33.5,23.37,4.74,85.96,17.67,12,-3.49,-5.08,-5.82,-5.01,1.27,2.46,6.48,1.14,8.68,5.17,-1.63,-4.16,Maize,Clay Loam,0.403,0.253,25.19,9,0.344,2.601.564,19.496
13.95,107.772,5,399,3.64,28.3,19.8,5.8,36.1,35.7,28.1,25.32,5.63,82.4,17.67,12,-4.7,-5.63,-5.75,-4.35,2.73,4.7,10.96,3.35,7.89,0.86,-4.51,-5.56,Maize,Clay Loam,0.568,0.246,30.5,7,0.359,2.601.564,22.726
13.951,107.699,5,307,3.64,29.7,20,5.8,37.5,32.8,24.6,25.32,5.63,82.4,17.67,12,-4.7,-5.63,-5.75,-4.35,2.73,4.7,10.96,3.35,7.89,0.86,-4.51,-5.56,Maize,Clay Loam,0.568,0.238,30.5,7,0.359,2.601.564,23.324
13.957,107.846,5,577,3.64,29.4,19.8,5.8,35.5,35.1,29.6,23.37,4.74,85.96,17.67,12,-3.49,-5.08,-5.82,-5.01,1.27,2.46,6.48,1.14,8.68,5.17,-1.63,-4.16,Maize,Clay Loam,0.403,0.25,25.19,9,0.344,2.601.564,19.62
13.962,107.501,5,219,3.64,28.4,22.7,6,33.5,38.1,27.3,25.32,5.63,82.4,17.67,12,-4.7,-5.63,-5.75,-4.35,2.73,4.7,10.96,3.35,7.89,0.86,-4.51,-5.56,Maize,Clay Loam,0.568,0.251,30.5,7,0.359,2167.97,23.896
13.974,107.834,5,558,3.64,28.8,17.7,5.8,33.8,37.4,24.5,23.37,4.74,85.96,17.67,12,-3.49,-5.08,-5.82,-5.01,1.27,2.46,6.48,1.14,8.68,5.17,-1.63,-4.16,Maize,Clay Loam,0.403,0.247,25.19,9,0.344,2.601.564,19.743
13.979,108.191,5,683,3.64,33.1,18.3,5.7,36,30.9,24.9,23.37,4.74,85.96,16.78,12,-3.49,-5.08,-5.82,-5.01,1.27,2.46,6.48,1.14,8.68,5.17,-1.63,-4.16,Maize,Clay Loam,0.403,0.242,25.19,9,0.344,2.818.361,18.931
13.989,107.535,5,212,3.64,29.6,20.5,5.9,36.5,33.9,24.3,25.32,5.63,82.4,17.67,12,-4.7,-5.63,-5.75,-4.35,2.73,4.7,10.96,3.35,7.89,0.86,-4.51,-5.56,Maize,Clay Loam,0.568,0.24,30.5,7,0.359,2.384.767,23.942
13.989,107.934,5,729,3.64,26.8,24.6,5.8,38.9,34.3,28.2,23.37,4.74,85.96,17.67,12,-3.49,-5.08,-5.82,-5.01,1.27,2.46,6.48,1.14,8.68,5.17,-1.63,-4.16,Maize,Loam,0.403,0.24,25.19,9,0.344,2.601.564,18.632
13.996,107.94,5,764,3.64,27.4,24.6,5.8,37.1,35.5,24.4,23.37,4.74,85.96,17.67,12,-3.49,-5.08,-5.82,-5.01,1.27,2.46,6.48,1.14,8.68,5.17,-1.63,-4.16,Maize,Clay Loam,0.403,0.239,25.19,9,0.344,2.601.564,18.404
14.001,108.087,5,714,3.64,30,19.1,5.7,38.5,31.5,23.7,23.37,4.74,85.96,16.21,12,-3.49,-5.08,-5.82,-5.01,1.27,2.46,6.48,1.14,8.68,5.17,-1.63,-4.16,Maize,Clay Loam,0.403,0.235,25.19,9,0.344,2.818.361,18.729
14.018,108.22,5,742,3.64,34.6,19.6,6,36.5,28.9,27.9,23.37,4.74,85.96,16.21,12,-3.49,-5.08,-5.82,-5.01,1.27,2.46,6.48,1.14,8.68,5.17,-1.63,-4.16,Maize,Clay Loam,0.403,0.245,25.19,9,0.344,2167.97,18.547
14.023,108.373,5,727,3.64,31.4,26.1,5.6,32.6,36,32.6,23.37,4.74,85.96,16.21,12,-3.49,-5.08,-5.82,-5.01,1.27,2.46,6.48,1.14,8.68,5.17,-1.63,-4.16,Maize,Clay Loam,0.403,0.261,25.19,9,0.344,3.035.158,18.644
14.033,108.288,5,743,3.64,31.5,18.9,5.8,33.9,34.6,25.9,23.37,4.74,85.96,16.21,12,-3.49,-5.08,-5.82,-5.01,1.27,2.46,6.48,1.14,8.68,5.17,-1.63,-4.16,Maize,Clay Loam,0.403,0.248,25.19,9,0.344,2.601.564,18.54
14.038,108.5,5,614,3.64,37,27.2,5.8,36.4,26.6,36.4,24.18,4.49,86.94,16.21,12,-2.61,-4.36,-5.8,-5.3,-0.41,-0.02,4.01,-1.26,7.79,7.85,2.68,-2.56,Maize,Clay Loam,0.394,0.257,22.32,10,0.352,2.601.564,20.189
14.041,108.199,5,790,3.64,31.9,22.1,5.9,37.6,30.5,24.6,23.37,4.74,85.96,16.21,12,-3.49,-5.08,-5.82,-5.01,1.27,2.46,6.48,1.14,8.68,5.17,-1.63,-4.16,Maize,Clay Loam,0.403,0.238,25.19,9,0.344,2.384.767,18.235
14.056,108.158,5,743,3.64,32.6,20.6,5.9,35,32.4,26.3,23.37,4.74,85.96,16.21,12,-3.49,-5.08,-5.82,-5.01,1.27,2.46,6.48,1.14,8.68,5.17,-1.63,-4.16,Maize,Clay Loam,0.403,0.246,25.19,9,0.344,2.384.767,18.54
14.06,108.225,5,767,3.64,32.9,20.6,5.7,35.7,31.4,28.8,23.37,4.74,85.96,16.21,12,-3.49,-5.08,-5.82,-5.01,1.27,2.46,6.48,1.14,8.68,5.17,-1.63,-4.16,Maize,Clay Loam,0.403,0.248,25.19,9,0.344,2.818.361,18.385
14.065,107.608,5,213,3.64,29.6,21,5.9,36.6,33.8,30.7,25.32,5.63,82.4,17.25,12,-4.7,-5.63,-5.75,-4.35,2.73,4.7,10.96,3.35,7.89,0.86,-4.51,-5.56,Maize,Clay Loam,0.568,0.249,30.5,7,0.359,2.384.767,23.936
14.074,107.985,5,738,3.64,32.2,19.8,5.8,38.1,29.7,26.5,23.37,4.74,85.96,17.25,12,-3.49,-5.08,-5.82,-5.01,1.27,2.46,6.48,1.14,8.68,5.17,-1.63,-4.16,Maize,Clay Loam,0.403,0.239,25.19,9,0.344,2.601.564,18.573
14.083,107.662,5,255,3.64,30.1,20.9,5.9,34.2,35.7,30.5,25.32,5.63,82.4,17.25,12,-4.7,-5.63,-5.75,-4.35,2.73,4.7,10.96,3.35,7.89,0.86,-4.51,-5.56,Maize,Clay Loam,0.568,0.254,30.5,7,0.359,2.384.767,23.662
14.096,107.885,5,634,3.64,27.8,17.4,5.7,37.5,34.7,25,23.37,4.74,85.96,17.25,12,-3.49,-5.08,-5.82,-5.01,1.27,2.46,6.48,1.14,8.68,5.17,-1.63,-4.16,Maize,Clay Loam,0.403,0.239,25.19,9,0.344,2.818.361,19.249
14.114,108.264,5,849,3.64,30.7,28.6,5.6,34.3,35,40.2,23.37,4.74,85.96,16.21,12,-3.49,-5.08,-5.82,-5.01,1.27,2.46,6.48,1.14,8.68,5.17,-1.63,-4.16,Maize,Clay Loam,0.403,0.267,25.19,9,0.344,3.035.158,17.852
14.118,108.18,5,814,3.64,35,29.2,5.5,32.8,32.2,40.1,23.37,4.74,85.96,16.21,12,-3.49,-5.08,-5.82,-5.01,1.27,2.46,6.48,1.14,8.68,5.17,-1.63,-4.16,Maize,Clay Loam,0.403,0.271,25.19,9,0.344,3.251.955,18.079
14.12,108.375,5,906,3.64,32.1,32.1,5.6,32.8,35.1,44,23.37,4.74,85.96,16.21,12,-3.49,-5.08,-5.82,-5.01,1.27,2.46,6.48,1.14,8.68,5.17,-1.63,-4.16,Maize,Clay Loam,0.403,0.276,25.19,9,0.344,3.035.158,17.481
14.124,108.29,5,758,3.64,32.1,17.8,5.8,32.3,35.5,24.1,23.37,4.74,85.96,16.21,12,-3.49,-5.08,-5.82,-5.01,1.27,2.46,6.48,1.14,8.68,5.17,-1.63,-4.16,Maize,Clay Loam,0.403,0.249,25.19,9,0.344,2.601.564,18.443
14.127,108.361,5,1072,3.64,33,31.4,5.4,33.7,33.3,43.2,23.37,4.74,85.96,16.21,12,-3.49,-5.08,-5.82,-5.01,1.27,2.46,6.48,1.14,8.68,5.17,-1.63,-4.16,Maize,Clay Loam,0.403,0.273,25.19,9,0.344,3.468.752,16.402
14.136,107.775,5,1039,3.64,26.8,36.4,5.4,36.2,37,57.8,25.32,5.63,82.4,17.25,12,-4.7,-5.63,-5.75,-4.35,2.73,4.7,10.96,3.35,7.89,0.86,-4.51,-5.56,Maize,Loam,0.568,0.288,30.5,7,0.359,3.468.752,18.566
14.145,108.054,5,815,3.64,31.8,20.6,5.7,36,32.2,32.1,23.37,4.74,85.96,16.21,12,-3.49,-5.08,-5.82,-5.01,1.27,2.46,6.48,1.14,8.68,5.17,-1.63,-4.16,Maize,Clay Loam,0.403,0.252,25.19,9,0.344,2.818.361,18.072
14.149,107.995,5,1006,3.64,27.8,34.6,5.6,37.7,34.5,36.3,23.37,4.74,85.96,17.25,12,-3.49,-5.08,-5.82,-5.01,1.27,2.46,6.48,1.14,8.68,5.17,-1.63,-4.16,Maize,Clay Loam,0.403,0.254,25.19,9,0.344,3.035.158,16.831
14.152,107.849,5,592,3.64,28.1,17.6,5.8,37.7,34.2,22.9,23.37,4.74,85.96,17.25,12,-3.49,-5.08,-5.82,-5.01,1.27,2.46,6.48,1.14,8.68,5.17,-1.63,-4.16,Maize,Clay Loam,0.403,0.235,25.19,9,0.344,2.601.564,19.522
14.156,107.514,5,868,3.64,28.7,41.2,5.5,39.3,31.9,47.2,25.32,5.63,82.4,17.25,12,-4.7,-5.63,-5.75,-4.35,2.73,4.7,10.96,3.35,7.89,0.86,-4.51,-5.56,Maize,Clay Loam,0.568,0.266,30.5,7,0.359,3.251.955,19.678
14.166,108.143,5,692,3.64,27.4,22.3,5.7,36.7,35.9,28.6,23.37,4.74,85.96,16.21,12,-3.49,-5.08,-5.82,-5.01,1.27,2.46,6.48,1.14,8.68,5.17,-1.63,-4.16,Maize,Clay Loam,0.403,0.246,25.19,9,0.344,2.818.361,18.872
14.171,107.761,5,792,3.64,26.3,41.2,5.4,38.3,35.4,54,25.32,5.63,82.4,17.25,12,-4.7,-5.63,-5.75,-4.35,2.73,4.7,10.96,3.35,7.89,0.86,-4.51,-5.56,Maize,Loam,0.568,0.278,30.5,7,0.359,3.468.752,20.172
14.183,107.852,5,629,3.64,28,18.2,5.7,39.1,32.9,21.2,23.37,4.74,85.96,17.25,12,-3.49,-5.08,-5.82,-5.01,1.27,2.46,6.48,1.14,8.68,5.17,-1.63,-4.16,Maize,Clay Loam,0.403,0.23,25.19,9,0.344,2.818.361,19.282
14.188,107.669,5,364,3.64,28.2,31.1,5.6,37,34.9,32.7,25.32,5.63,82.4,17.25,12,-4.7,-5.63,-5.75,-4.35,2.73,4.7,10.96,3.35,7.89,0.86,-4.51,-5.56,Maize,Clay Loam,0.568,0.251,30.5,7,0.359,3.035.158,22.954
14.191,107.741,5,683,3.64,27.6,28.1,5.5,39.6,32.8,40.2,25.32,5.63,82.4,17.25,12,-4.7,-5.63,-5.75,-4.35,2.73,4.7,10.96,3.35,7.89,0.86,-4.51,-5.56,Maize,Clay Loam,0.568,0.255,30.5,7,0.359,3.251.955,20.88
14.194,107.739,5,693,3.64,28.2,25.8,5.5,39.9,31.9,37.1,25.32,5.63,82.4,17.25,12,-4.7,-5.63,-5.75,-4.35,2.73,4.7,10.96,3.35,7.89,0.86,-4.51,-5.56,Maize,Clay Loam,0.568,0.25,30.5,7,0.359,3.251.955,20.816
14.202,108.01,5,635,3.64,30.5,22,5.9,36.2,33.3,29.1,23.37,4.74,85.96,16.21,12,-3.49,-5.08,-5.82,-5.01,1.27,2.46,6.48,1.14,8.68,5.17,-1.63,-4.16,Maize,Clay Loam,0.403,0.247,25.19,9,0.344,2.384.767,19.242
14.212,108.151,5,641,3.64,30.6,22.2,5.7,35.7,33.7,27.7,23.37,4.74,85.96,16.21,12,-3.49,-5.08,-5.82,-5.01,1.27,2.46,6.48,1.14,8.68,5.17,-1.63,-4.16,Maize,Clay Loam,0.403,0.247,25.19,9,0.344,2.818.361,19.204
14.216,107.538,5,969,3.64,24.6,46.7,5.5,40,35.4,56.5,25.32,5.63,82.4,17.25,12,-4.7,-5.63,-5.75,-4.35,2.73,4.7,10.96,3.35,7.89,0.86,-4.51,-5.56,Maize,Loam,0.568,0.277,30.5,7,0.359,3.251.955,19.022
14.226,107.693,5,242,3.64,29.8,26.6,5.7,35,35.2,38.4,25.32,5.63,82.4,17.25,12,-4.7,-5.63,-5.75,-4.35,2.73,4.7,10.96,3.35,7.89,0.86,-4.51,-5.56,Maize,Clay Loam,0.568,0.263,30.5,7,0.359,2.818.361,23.747
14.229,108.318,5,1256,3.64,31.8,34,5.4,34.2,34.1,46.7,23.37,4.74,85.96,16.21,12,-3.49,-5.08,-5.82,-5.01,1.27,2.46,6.48,1.14,8.68,5.17,-1.63,-4.16,Maize,Clay Loam,0.403,0.277,25.19,9,0.344,3.468.752,15.206
14.231,108.322,5,1373,3.64,34,42.5,5.2,33.8,32.2,49.3,23.37,4.74,85.96,16.21,12,-3.49,-5.08,-5.82,-5.01,1.27,2.46,6.48,1.14,8.68,5.17,-1.63,-4.16,Maize,Clay Loam,0.403,0.281,25.19,9,0.344,3.902.346,14.446
14.232,108.24,5,960,3.64,28.9,28.9,5.4,33.3,37.8,39.9,23.37,4.74,85.96,16.21,12,-3.49,-5.08,-5.82,-5.01,1.27,2.46,6.48,1.14,8.68,5.17,-1.63,-4.16,Maize,Clay Loam,0.403,0.269,25.19,9,0.344,3.468.752,17.13
14.249,107.64,5,1149,3.64,26.4,45.9,5.6,37.3,36.4,59.8,25.32,5.63,82.4,17.25,12,-4.7,-5.63,-5.75,-4.35,2.73,4.7,10.96,3.35,7.89,0.86,-4.51,-5.56,Maize,Loam,0.568,0.288,30.5,7,0.359,3.035.158,17.852
14.253,107.688,5,322,3.64,29.2,32.5,5.6,33.9,36.8,39.7,23.46,3.98,85.67,17.25,12,-3.38,-4.28,-4.61,-3.17,1.38,2.6,6.7,1.94,6.46,2.84,-2.5,-3.93,Maize,Clay Loam,0.414,0.268,21.87,7,0.306,3.035.158,21.367
14.263,108.463,5,763,3.64,33.7,35.4,5.6,33.4,32.9,38.5,24.17,5.49,87.16,16.21,12,-2.38,-4.67,-7.06,-6.45,-2.54,-0.81,2.81,-2.36,8.45,10.99,5.33,-1.29,Maize,Clay Loam,0.387,0.267,27.56,10,0.398,3.035.158,19.211
14.271,108.165,5,700,3.64,29.4,29.4,5.5,35.7,34.9,37.6,21.85,4.86,88.25,16.21,12,-2.89,-4.84,-6.32,-5.44,-0.87,0.44,3.51,0.03,8.25,9.58,1.25,-2.71,Maize,Clay Loam,0.308,0.261,23.07,10,0.415,3.251.955,17.3
14.277,107.509,5,506,3.64,27.3,40.2,5.7,38.7,34,39.5,23.46,3.98,85.67,17.25,12,-3.38,-4.28,-4.61,-3.17,1.38,2.6,6.7,1.94,6.46,2.84,-2.5,-3.93,Maize,Clay Loam,0.414,0.256,21.87,7,0.306,2.818.361,20.171
14.282,108.266,5,983,3.64,31.5,32.2,5.4,32.3,36.2,37,21.85,4.86,88.25,16.21,12,-2.89,-4.84,-6.32,-5.44,-0.87,0.44,3.51,0.03,8.25,9.58,1.25,-2.71,Maize,Clay Loam,0.308,0.268,23.07,10,0.415,3.468.752,15.461
14.285,107.509,5,527,3.64,26.4,40.5,5.6,38.8,34.8,42.3,23.46,3.98,85.67,17.25,12,-3.38,-4.28,-4.61,-3.17,1.38,2.6,6.7,1.94,6.46,2.84,-2.5,-3.93,Maize,Loam,0.414,0.26,21.87,7,0.306,3.035.158,20.034
14.291,108.345,5,1155,3.64,33.1,30.7,5.4,33.4,33.5,47.1,21.85,4.86,88.25,16.21,12,-2.89,-4.84,-6.32,-5.44,-0.87,0.44,3.51,0.03,8.25,9.58,1.25,-2.71,Maize,Clay Loam,0.308,0.279,23.07,10,0.415,3.468.752,14.343
14.292,108.229,5,797,3.64,30.2,31.8,5.5,34.5,35.3,39.1,21.85,4.86,88.25,16.21,12,-2.89,-4.84,-6.32,-5.44,-0.87,0.44,3.51,0.03,8.25,9.58,1.25,-2.71,Maize,Clay Loam,0.308,0.265,23.07,10,0.415,3.251.955,16.67
14.307,107.784,5,631,3.64,28,25.4,5.6,39.1,32.9,30.4,23.46,3.98,85.67,17.25,12,-3.38,-4.28,-4.61,-3.17,1.38,2.6,6.7,1.94,6.46,2.84,-2.5,-3.93,Maize,Clay Loam,0.414,0.243,21.87,7,0.306,3.035.158,19.358
14.314,107.91,5,628,3.64,30.1,27.8,5.6,37.8,32.1,33.4,21.85,4.86,88.25,17.25,12,-2.89,-4.84,-6.32,-5.44,-0.87,0.44,3.51,0.03,8.25,9.58,1.25,-2.71,Maize,Clay Loam,0.308,0.25,23.07,10,0.415,3.035.158,17.768
14.317,108.397,5,1697,3.64,32.1,59.1,5.3,34.6,33.3,68.3,21.85,4.86,88.25,16.21,12,-2.89,-4.84,-6.32,-5.44,-0.87,0.44,3.51,0.03,8.25,9.58,1.25,-2.71,Maize,Clay Loam,0.308,0.306,23.07,10,0.415,3.685.549,10.82
14.32,107.63,5,703,3.64,27.8,43.9,5.6,39.2,33,39.6,23.46,3.98,85.67,17.25,12,-3.38,-4.28,-4.61,-3.17,1.38,2.6,6.7,1.94,6.46,2.84,-2.5,-3.93,Maize,Clay Loam,0.414,0.255,21.87,7,0.306,3.035.158,18.891
14.332,108.169,5,947,3.64,30,31.5,5.4,34.2,35.7,46,21.85,4.86,88.25,16.21,12,-2.89,-4.84,-6.32,-5.44,-0.87,0.44,3.51,0.03,8.25,9.58,1.25,-2.71,Maize,Clay Loam,0.308,0.276,23.07,10,0.415,3.468.752,15.695
14.35,107.874,5,534,3.64,33.9,18.8,5.8,32.7,33.3,27.6,21.85,4.86,88.25,17.25,12,-2.89,-4.84,-6.32,-5.44,-0.87,0.44,3.51,0.03,8.25,9.58,1.25,-2.71,Maize,Clay Loam,0.308,0.253,23.07,10,0.415,2.601.564,18.379
14.372,108.095,5,597,3.64,32.8,21.3,5.8,32.5,34.7,24.1,21.85,4.86,88.25,16.21,12,-2.89,-4.84,-6.32,-5.44,-0.87,0.44,3.51,0.03,8.25,9.58,1.25,-2.71,Maize,Clay Loam,0.308,0.249,23.07,10,0.415,2.601.564,17.97
14.374,107.917,5,538,3.64,35.2,18.1,5.8,33,31.7,23.2,21.85,4.86,88.25,17.25,12,-2.89,-4.84,-6.32,-5.44,-0.87,0.44,3.51,0.03,8.25,9.58,1.25,-2.71,Maize,Clay Loam,0.308,0.247,23.07,10,0.415,2.601.564,18.353
14.388,108.404,5,978,3.64,31.7,37.3,5.4,34.2,34.1,52.8,21.85,4.86,88.25,16.21,12,-2.89,-4.84,-6.32,-5.44,-0.87,0.44,3.51,0.03,8.25,9.58,1.25,-2.71,Maize,Clay Loam,0.308,0.285,23.07,10,0.415,3.468.752,15.493
14.389,108.235,5,1335,3.64,29.2,39.6,5.4,35.2,35.7,64.3,21.85,4.86,88.25,16.21,12,-2.89,-4.84,-6.32,-5.44,-0.87,0.44,3.51,0.03,8.25,9.58,1.25,-2.71,Maize,Clay Loam,0.308,0.299,23.07,10,0.415,3.468.752,13.173
14.409,107.564,5,369,3.64,29.5,35.9,5.6,36.6,33.9,44.7,23.46,3.98,85.67,17.25,12,-3.38,-4.28,-4.61,-3.17,1.38,2.6,6.7,1.94,6.46,2.84,-2.5,-3.93,Maize,Clay Loam,0.414,0.268,21.87,7,0.306,3.035.158,21.062
14.419,107.641,5,345,3.64,30.5,39.6,5.7,36.9,32.6,39.7,23.46,3.98,85.67,17.25,12,-3.38,-4.28,-4.61,-3.17,1.38,2.6,6.7,1.94,6.46,2.84,-2.5,-3.93,Maize,Clay Loam,0.414,0.261,21.87,7,0.306,2.818.361,21.218
14.419,107.749,5,633,3.64,28.1,26.1,5.7,36.6,35.4,29.1,23.46,3.98,85.67,17.25,12,-3.38,-4.28,-4.61,-3.17,1.38,2.6,6.7,1.94,6.46,2.84,-2.5,-3.93,Maize,Clay Loam,0.414,0.247,21.87,7,0.306,2.818.361,19.346
14.428,107.524,5,286,3.64,28.5,33.7,5.6,36,35.5,39.6,23.46,3.98,85.67,17.25,12,-3.38,-4.28,-4.61,-3.17,1.38,2.6,6.7,1.94,6.46,2.84,-2.5,-3.93,Maize,Clay Loam,0.414,0.263,21.87,7,0.306,3.035.158,21.601
14.453,107.74,5,1429,3.64,28.7,64.3,5.4,36.8,34.6,61,23.46,3.98,85.67,17.25,12,-3.38,-4.28,-4.61,-3.17,1.38,2.6,6.7,1.94,6.46,2.84,-2.5,-3.93,Maize,Clay Loam,0.414,0.291,21.87,7,0.306,3.468.752,14.172
14.457,108.491,5,1069,3.64,36,37,5.5,34.8,29.1,56.6,24.17,5.49,87.16,16.21,12,-2.38,-4.67,-7.06,-6.45,-2.54,-0.81,2.81,-2.36,8.45,10.99,5.33,-1.29,Maize,Clay Loam,0.387,0.289,27.56,10,0.398,3.251.955,17.222
14.462,107.601,5,307,3.64,28.9,29.6,5.8,35.7,35.4,34.5,23.46,3.98,85.67,17.25,12,-3.38,-4.28,-4.61,-3.17,1.38,2.6,6.7,1.94,6.46,2.84,-2.5,-3.93,Maize,Clay Loam,0.414,0.256,21.87,7,0.306,2.601.564,21.464
14.463,108.076,5,926,3.64,28.7,32.5,5.4,36.3,34.9,46.2,21.85,4.86,88.25,16.21,12,-2.89,-4.84,-6.32,-5.44,-0.87,0.44,3.51,0.03,8.25,9.58,1.25,-2.71,Maize,Clay Loam,0.308,0.271,23.07,10,0.415,3.468.752,15.831
14.471,107.522,5,430,3.64,25.5,34.4,5.6,39.6,34.9,40.4,23.46,3.98,85.67,17.25,12,-3.38,-4.28,-4.61,-3.17,1.38,2.6,6.7,1.94,6.46,2.84,-2.5,-3.93,Maize,Loam,0.414,0.255,21.87,7,0.306,3.035.158,20.665
14.476,108.45,5,1127,3.64,35.9,39.7,5.5,34.4,29.7,48.6,24.17,5.49,87.16,16.21,12,-2.38,-4.67,-7.06,-6.45,-2.54,-0.81,2.81,-2.36,8.45,10.99,5.33,-1.29,Maize,Clay Loam,0.387,0.279,27.56,10,0.398,3.251.955,16.845
14.477,107.728,5,1068,3.64,26,52.8,5.4,37,37,46.6,23.46,3.98,85.67,17.25,12,-3.38,-4.28,-4.61,-3.17,1.38,2.6,6.7,1.94,6.46,2.84,-2.5,-3.93,Maize,Loam,0.414,0.27,21.87,7,0.306,3.468.752,16.518
14.486,107.604,5,343,3.64,29.6,32.7,5.6,34.6,35.9,39.7,23.46,3.98,85.67,17.25,12,-3.38,-4.28,-4.61,-3.17,1.38,2.6,6.7,1.94,6.46,2.84,-2.5,-3.93,Maize,Clay Loam,0.414,0.266,21.87,7,0.306,3.035.158,21.23
14.486,108.445,5,1079,3.64,35.5,37.2,5.5,34.5,30,51,24.17,5.49,87.16,16.21,12,-2.38,-4.67,-7.06,-6.45,-2.54,-0.81,2.81,-2.36,8.45,10.99,5.33,-1.29,Maize,Clay Loam,0.387,0.282,27.56,10,0.398,3.251.955,17.156
14.488,107.521,5,800,3.64,27.2,34.7,5.6,39.4,33.4,45.9,23.46,3.98,85.67,17.25,12,-3.38,-4.28,-4.61,-3.17,1.38,2.6,6.7,1.94,6.46,2.84,-2.5,-3.93,Maize,Clay Loam,0.414,0.264,21.87,7,0.306,3.035.158,18.26
14.488,107.766,5,616,3.64,26.1,22,5.8,36.1,37.8,32.2,23.46,3.98,85.67,17.25,12,-3.38,-4.28,-4.61,-3.17,1.38,2.6,6.7,1.94,6.46,2.84,-2.5,-3.93,Maize,Loam,0.414,0.252,21.87,7,0.306,2.601.564,19.456
14.499,107.858,5,589,3.64,32.1,21.5,5.8,33.1,34.8,27.8,21.85,4.86,88.25,17.25,12,-2.89,-4.84,-6.32,-5.44,-0.87,0.44,3.51,0.03,8.25,9.58,1.25,-2.71,Maize,Clay Loam,0.308,0.253,23.07,10,0.415,2.601.564,18.022
14.5,107.764,5,587,3.64,28.2,25.3,5.7,36,35.9,24.6,23.46,3.98,85.67,17.25,12,-3.38,-4.28,-4.61,-3.17,1.38,2.6,6.7,1.94,6.46,2.84,-2.5,-3.93,Maize,Clay Loam,0.414,0.242,21.87,7,0.306,2.818.361,19.644
14.535,107.522,5,641,3.64,24.6,30.5,5.6,38,37.4,44.6,23.46,3.98,85.67,17.25,12,-3.38,-4.28,-4.61,-3.17,1.38,2.6,6.7,1.94,6.46,2.84,-2.5,-3.93,Maize,Loam,0.414,0.265,21.87,7,0.306,3.035.158,19.294
14.543,108.241,5,942,3.64,35.3,33.1,5.4,32,32.7,45.4,21.85,4.86,88.25,16.21,12,-2.89,-4.84,-6.32,-5.44,-0.87,0.44,3.51,0.03,8.25,9.58,1.25,-2.71,Maize,Clay Loam,0.308,0.28,23.07,10,0.415,3.468.752,15.727
14.545,108.044,5,1083,3.64,31.9,33.2,5.3,35.1,32.9,43.7,21.85,4.86,88.25,16.21,12,-2.89,-4.84,-6.32,-5.44,-0.87,0.44,3.51,0.03,8.25,9.58,1.25,-2.71,Maize,Clay Loam,0.308,0.27,23.07,10,0.415,3.685.549,14.811
14.552,107.897,5,620,3.64,31.8,22.8,5.7,34.6,33.6,29,21.85,4.86,88.25,17.25,12,-2.89,-4.84,-6.32,-5.44,-0.87,0.44,3.51,0.03,8.25,9.58,1.25,-2.71,Maize,Clay Loam,0.308,0.251,23.07,10,0.415,2.818.361,17.82
14.554,108.105,5,1038,3.64,29.5,31.5,5.4,36.4,34.2,39.3,21.85,4.86,88.25,16.21,12,-2.89,-4.84,-6.32,-5.44,-0.87,0.44,3.51,0.03,8.25,9.58,1.25,-2.71,Maize,Clay Loam,0.308,0.261,23.07,10,0.415,3.468.752,15.103
14.558,107.905,5,642,3.64,30.1,27.2,5.5,36.3,33.5,33,21.85,4.86,88.25,17.25,12,-2.89,-4.84,-6.32,-5.44,-0.87,0.44,3.51,0.03,8.25,9.58,1.25,-2.71,Maize,Clay Loam,0.308,0.253,23.07,10,0.415,3.251.955,17.677
14.589,108.101,5,957,3.64,30.3,32.7,5.4,33.2,36.6,43.3,21.85,4.86,88.25,16.21,12,-2.89,-4.84,-6.32,-5.44,-0.87,0.44,3.51,0.03,8.25,9.58,1.25,-2.71,Maize,Clay Loam,0.308,0.274,23.07,10,0.415,3.468.752,15.63
14.593,108.188,5,1232,3.64,33.9,33.4,5.3,32.1,34,46.3,21.85,4.86,88.25,16.21,12,-2.89,-4.84,-6.32,-5.44,-0.87,0.44,3.51,0.03,8.25,9.58,1.25,-2.71,Maize,Clay Loam,0.308,0.281,23.07,10,0.415,3.685.549,13.842
14.609,107.83,5,591,3.64,32.1,21.9,5.8,32.4,35.5,24.7,21.85,4.86,88.25,17.25,12,-2.89,-4.84,-6.32,-5.44,-0.87,0.44,3.51,0.03,8.25,9.58,1.25,-2.71,Maize,Clay Loam,0.308,0.25,23.07,10,0.415,2.601.564,18.008
14.612,107.58,5,786,3.64,26,30.9,5.4,35.7,38.3,39.6,23.46,3.98,85.67,17.25,12,-3.38,-4.28,-4.61,-3.17,1.38,2.6,6.7,1.94,6.46,2.84,-2.5,-3.93,Maize,Loam,0.414,0.263,21.87,7,0.306,3.468.752,18.351
14.612,108.427,5,1232,3.64,36.8,51,5.5,35.3,27.9,57.9,21.85,4.86,88.25,16.21,12,-2.89,-4.84,-6.32,-5.44,-0.87,0.44,3.51,0.03,8.25,9.58,1.25,-2.71,Maize,Clay Loam,0.308,0.29,23.07,10,0.415,3.251.955,13.842
14.615,107.698,5,668,3.64,31.4,22.9,5.6,34.7,33.8,25.1,23.46,3.98,85.67,17.25,12,-3.38,-4.28,-4.61,-3.17,1.38,2.6,6.7,1.94,6.46,2.84,-2.5,-3.93,Maize,Clay Loam,0.414,0.245,21.87,7,0.306,3.035.158,19.118
14.621,107.526,5,708,3.64,25.2,36.8,5.5,39,35.8,38.4,23.46,3.98,85.67,17.25,12,-3.38,-4.28,-4.61,-3.17,1.38,2.6,6.7,1.94,6.46,2.84,-2.5,-3.93,Maize,Loam,0.414,0.254,21.87,7,0.306,3.251.955,18.858
14.631,107.82,5,589,3.64,33.1,21.7,5.9,32,34.9,28.2,21.85,4.86,88.25,17.25,12,-2.89,-4.84,-6.32,-5.44,-0.87,0.44,3.51,0.03,8.25,9.58,1.25,-2.71,Maize,Clay Loam,0.308,0.256,23.07,10,0.415,2.384.767,18.022
14.638,108.007,5,945,3.64,33.1,35.2,5.4,33,34,41.5,21.85,4.86,88.25,16.21,12,-2.89,-4.84,-6.32,-5.44,-0.87,0.44,3.51,0.03,8.25,9.58,1.25,-2.71,Maize,Clay Loam,0.308,0.272,23.07,10,0.415,3.468.752,15.708
14.639,108.448,5,1216,3.64,37.3,53.1,5.3,32.9,29.8,70.6,24.17,5.49,87.16,16.21,12,-2.38,-4.67,-7.06,-6.45,-2.54,-0.81,2.81,-2.36,8.45,10.99,5.33,-1.29,Maize,Clay Loam,0.387,0.313,27.56,10,0.398,3.685.549,16.266
14.64,107.887,5,801,3.64,33.6,34.1,5.6,33.8,32.7,39.7,21.85,4.86,88.25,17.25,12,-2.89,-4.84,-6.32,-5.44,-0.87,0.44,3.51,0.03,8.25,9.58,1.25,-2.71,Maize,Clay Loam,0.308,0.268,23.07,10,0.415,3.035.158,16.644
14.646,108.43,5,1223,3.64,38.3,44.4,5.4,35.8,25.9,56.3,21.85,4.86,88.25,16.21,12,-2.89,-4.84,-6.32,-5.44,-0.87,0.44,3.51,0.03,8.25,9.58,1.25,-2.71,Maize,Clay Loam,0.308,0.286,23.07,10,0.415,3.468.752,13.901
14.649,108.018,5,933,3.64,31.8,33.9,5.4,34.5,33.7,41.8,21.85,4.86,88.25,16.21,12,-2.89,-4.84,-6.32,-5.44,-0.87,0.44,3.51,0.03,8.25,9.58,1.25,-2.71,Maize,Clay Loam,0.308,0.269,23.07,10,0.415,3.468.752,15.786
14.681,108.135,5,1401,3.64,33.5,46,5.3,33.5,33,49.8,21.85,4.86,88.25,16.21,12,-2.89,-4.84,-6.32,-5.44,-0.87,0.44,3.51,0.03,8.25,9.58,1.25,-2.71,Maize,Clay Loam,0.308,0.283,23.07,10,0.415,3.685.549,12.744
14.693,107.934,5,811,3.64,34.3,34.9,5.5,34.1,31.6,39.1,21.85,4.86,88.25,17.25,12,-2.89,-4.84,-6.32,-5.44,-0.87,0.44,3.51,0.03,8.25,9.58,1.25,-2.71,Maize,Clay Loam,0.308,0.266,23.07,10,0.415,3.251.955,16.578
14.707,108.089,5,980,3.64,33.4,38.6,5.5,34.4,32.2,45.7,21.85,4.86,88.25,16.21,12,-2.89,-4.84,-6.32,-5.44,-0.87,0.44,3.51,0.03,8.25,9.58,1.25,-2.71,Maize,Clay Loam,0.308,0.275,23.07,10,0.415,3.251.955,15.48
14.71,107.602,5,680,3.64,32.7,26.2,5.7,34,33.2,32.6,23.46,3.98,85.67,17.25,12,-3.38,-4.28,-4.61,-3.17,1.38,2.6,6.7,1.94,6.46,2.84,-2.5,-3.93,Maize,Clay Loam,0.414,0.257,21.87,7,0.306,2.818.361,19.04
14.715,108.259,5,1526,3.64,37,57.9,5.3,31.2,31.8,65.6,21.85,4.86,88.25,16.21,12,-2.89,-4.84,-6.32,-5.44,-0.87,0.44,3.51,0.03,8.25,9.58,1.25,-2.71,Maize,Clay Loam,0.308,0.31,23.07,10,0.415,3.685.549,11.931
14.717,108.284,5,1427,3.64,34.4,45.6,5.3,34.7,30.9,60.5,21.85,4.86,88.25,16.21,12,-2.89,-4.84,-6.32,-5.44,-0.87,0.44,3.51,0.03,8.25,9.58,1.25,-2.71,Maize,Clay Loam,0.308,0.295,23.07,10,0.415,3.685.549,12.575
14.727,108.141,5,1489,3.64,32.6,55.4,5.3,35.3,32.1,57.1,21.85,4.86,88.25,16.21,12,-2.89,-4.84,-6.32,-5.44,-0.87,0.44,3.51,0.03,8.25,9.58,1.25,-2.71,Maize,Clay Loam,0.308,0.289,23.07,10,0.415,3.685.549,12.172
14.737,108.023,5,1059,3.64,34.2,46.1,5.3,31.2,34.6,55.5,21.85,4.86,88.25,16.21,12,-2.89,-4.84,-6.32,-5.44,-0.87,0.44,3.51,0.03,8.25,9.58,1.25,-2.71,Maize,Clay Loam,0.308,0.296,23.07,10,0.415,3.685.549,14.967
14.742,107.627,5,575,3.64,29.4,29.7,5.6,36.7,33.9,31.2,23.46,3.98,85.67,17.25,12,-3.38,-4.28,-4.61,-3.17,1.38,2.6,6.7,1.94,6.46,2.84,-2.5,-3.93,Maize,Clay Loam,0.414,0.249,21.87,7,0.306,3.035.158,19.722
14.744,107.766,5,823,3.64,38.8,29.8,5.7,31.3,30,33.5,23.46,3.98,85.67,17.25,12,-3.38,-4.28,-4.61,-3.17,1.38,2.6,6.7,1.94,6.46,2.84,-2.5,-3.93,Maize,Clay Loam,0.414,0.265,21.87,7,0.306,2.818.361,18.11
14.751,107.989,5,686,3.64,30.1,28.6,5.5,34.2,35.7,35.6,21.92,6.65,88.47,17.25,12,-2.37,-4.83,-7.48,-6.64,-3.47,-2.32,-0.47,-2.52,7.66,16.85,5.94,-0.38,Maize,Clay Loam,0.303,0.261,30.48,10,0.553,3.251.955,17.461
14.755,107.725,5,684,3.64,30.5,28.4,5.7,33.8,35.8,34.6,22.38,3.4,85.43,17.25,12,-2.44,-3.48,-4.33,-2.88,-0.4,0.18,2.16,-0.16,5.83,7.11,0.4,-2.03,Maize,Clay Loam,0.394,0.261,15.72,10,0.453,2.818.361,17.934
14.755,107.766,5,880,3.64,33.1,30,5.6,33.4,33.5,37.7,22.38,3.4,85.43,17.25,12,-2.44,-3.48,-4.33,-2.88,-0.4,0.18,2.16,-0.16,5.83,7.11,0.4,-2.03,Maize,Clay Loam,0.394,0.266,15.72,10,0.453,3.035.158,16.66
14.776,108.118,5,1646,3.64,33.1,63.1,5.2,34.2,32.7,57.5,21.92,6.65,88.47,16.21,12,-2.37,-4.83,-7.48,-6.64,-3.47,-2.32,-0.47,-2.52,7.66,16.85,5.94,-0.38,Maize,Clay Loam,0.303,0.292,30.48,10,0.553,3.902.346,11.221
14.778,107.891,5,970,3.64,36.5,41.1,5.5,32.8,30.7,37.2,21.92,6.65,88.47,17.25,12,-2.37,-4.83,-7.48,-6.64,-3.47,-2.32,-0.47,-2.52,7.66,16.85,5.94,-0.38,Maize,Clay Loam,0.303,0.267,30.48,10,0.553,3.251.955,15.615
14.8,107.819,5,1329,3.64,29.3,44.5,5.3,34.8,35.9,49.6,21.92,6.65,88.47,17.25,12,-2.37,-4.83,-7.48,-6.64,-3.47,-2.32,-0.47,-2.52,7.66,16.85,5.94,-0.38,Maize,Clay Loam,0.303,0.279,30.48,10,0.553,3.685.549,13.282
14.802,108.358,5,1085,3.64,34,52.1,5.6,35.7,30.3,50,21.92,6.65,88.47,16.21,12,-2.37,-4.83,-7.48,-6.64,-3.47,-2.32,-0.47,-2.52,7.66,16.85,5.94,-0.38,Maize,Clay Loam,0.303,0.278,30.48,10,0.553,3.035.158,14.868
14.822,107.94,5,1201,3.64,34.4,32.2,5.4,31.5,34,37.7,21.92,6.65,88.47,17.25,12,-2.37,-4.83,-7.48,-6.64,-3.47,-2.32,-0.47,-2.52,7.66,16.85,5.94,-0.38,Maize,Clay Loam,0.303,0.27,30.48,10,0.553,3.468.752,14.114
14.826,108.395,5,236,3.64,35,51.8,5.9,33.1,31.8,60.7,21.92,6.65,88.47,16.21,12,-2.37,-4.83,-7.48,-6.64,-3.47,-2.32,-0.47,-2.52,7.66,16.85,5.94,-0.38,Maize,Clay Loam,0.303,0.299,30.48,10,0.553,2.384.767,20.386
14.837,107.7,5,631,3.64,27.5,24.5,5.8,33.7,38.8,26.7,22.38,3.4,85.43,17.25,12,-2.44,-3.48,-4.33,-2.88,-0.4,0.18,2.16,-0.16,5.83,7.11,0.4,-2.03,Maize,Clay Loam,0.394,0.25,15.72,10,0.453,2.601.564,18.278
14.839,107.899,5,931,3.64,33.1,35.5,5.5,33.9,33,40.2,21.92,6.65,88.47,17.25,12,-2.37,-4.83,-7.48,-6.64,-3.47,-2.32,-0.47,-2.52,7.66,16.85,5.94,-0.38,Maize,Clay Loam,0.303,0.268,30.48,10,0.553,3.251.955,15.869
14.842,108.157,5,1263,3.64,32.9,39.2,5.4,34.9,32.2,47.4,21.92,6.65,88.47,16.21,12,-2.37,-4.83,-7.48,-6.64,-3.47,-2.32,-0.47,-2.52,7.66,16.85,5.94,-0.38,Maize,Clay Loam,0.303,0.276,30.48,10,0.553,3.468.752,13.711
14.845,108.1,5,1648,3.64,34.2,50.8,5.3,34.7,31.2,66.6,21.92,6.65,88.47,16.21,12,-2.37,-4.83,-7.48,-6.64,-3.47,-2.32,-0.47,-2.52,7.66,16.85,5.94,-0.38,Maize,Clay Loam,0.303,0.303,30.48,10,0.553,3.685.549,11.208
14.85,107.576,5,827,3.64,30.7,45.6,5.5,37.3,32,48.5,22.38,3.4,85.43,17.25,12,-2.44,-3.48,-4.33,-2.88,-0.4,0.18,2.16,-0.16,5.83,7.11,0.4,-2.03,Maize,Clay Loam,0.394,0.272,15.72,10,0.453,3.251.955,17.004
14.851,107.758,5,1001,3.64,31,41,5.4,35.9,33.1,40,22.38,3.4,85.43,17.25,12,-2.44,-3.48,-4.33,-2.88,-0.4,0.18,2.16,-0.16,5.83,7.11,0.4,-2.03,Maize,Clay Loam,0.394,0.263,15.72,10,0.453,3.468.752,15.874
14.853,108.2,5,1205,3.64,33.8,40.5,5.5,35.8,30.5,47.2,21.92,6.65,88.47,16.21,12,-2.37,-4.83,-7.48,-6.64,-3.47,-2.32,-0.47,-2.52,7.66,16.85,5.94,-0.38,Maize,Clay Loam,0.303,0.274,30.48,10,0.553,3.251.955,14.088
14.853,108.43,5,344,3.64,36,45.7,5.8,32.9,31.1,64.6,21.92,6.65,88.47,16.21,12,-2.37,-4.83,-7.48,-6.64,-3.47,-2.32,-0.47,-2.52,7.66,16.85,5.94,-0.38,Maize,Clay Loam,0.303,0.305,30.48,10,0.553,2.601.564,19.684
14.857,107.688,5,821,3.64,33.9,33.5,5.6,34.4,31.7,34.9,22.38,3.4,85.43,17.25,12,-2.44,-3.48,-4.33,-2.88,-0.4,0.18,2.16,-0.16,5.83,7.11,0.4,-2.03,Maize,Clay Loam,0.394,0.26,15.72,10,0.453,3.035.158,17.043
14.864,108.449,5,128,3.64,35.8,43.2,5.9,31.7,32.5,63.8,25.35,8.4,86.26,16.21,12,-2.03,-5.34,-9.74,-9.16,-5.8,-2.91,0.2,-5.39,8.55,19.02,11.28,1.31,Maize,Clay Loam,0.444,0.306,40.37,10,0.471,2.384.767,24.518
14.87,108.269,5,1121,3.64,33.2,45.6,5.4,36.7,30.2,62.7,21.92,6.65,88.47,16.21,12,-2.37,-4.83,-7.48,-6.64,-3.47,-2.32,-0.47,-2.52,7.66,16.85,5.94,-0.38,Maize,Clay Loam,0.303,0.293,30.48,10,0.553,3.468.752,14.634
14.884,108.303,5,1028,3.64,35.3,47.8,5.4,34.2,30.5,66.9,21.92,6.65,88.47,16.21,12,-2.37,-4.83,-7.48,-6.64,-3.47,-2.32,-0.47,-2.52,7.66,16.85,5.94,-0.38,Maize,Clay Loam,0.303,0.305,30.48,10,0.553,3.468.752,15.238
14.891,108.47,5,84,3.64,34.1,48.8,6,32.8,33.1,56.2,25.35,8.4,86.26,16.21,12,-2.03,-5.34,-9.74,-9.16,-5.8,-2.91,0.2,-5.39,8.55,19.02,11.28,1.31,Maize,Clay Loam,0.444,0.293,40.37,10,0.471,2167.97,24.804
14.894,107.931,5,1548,3.64,32.6,44.2,5.4,36.5,30.9,44.7,21.92,6.65,88.47,17.25,12,-2.37,-4.83,-7.48,-6.64,-3.47,-2.32,-0.47,-2.52,7.66,16.85,5.94,-0.38,Maize,Clay Loam,0.303,0.269,30.48,10,0.553,3.468.752,11.858
14.916,107.729,5,755,3.64,31,28.6,5.6,33.3,35.7,38.2,22.38,3.4,85.43,17.25,12,-2.44,-3.48,-4.33,-2.88,-0.4,0.18,2.16,-0.16,5.83,7.11,0.4,-2.03,Maize,Clay Loam,0.394,0.267,15.72,10,0.453,3.035.158,17.472
14.92,108.11,5,1432,3.64,35.7,51.6,5.3,33.9,30.4,45.8,21.92,6.65,88.47,16.21,12,-2.37,-4.83,-7.48,-6.64,-3.47,-2.32,-0.47,-2.52,7.66,16.85,5.94,-0.38,Maize,Clay Loam,0.303,0.276,30.48,10,0.553,3.685.549,12.612
14.926,108.479,5,186,3.64,30,48.9,5.9,34.9,35,65.3,25.35,8.4,86.26,16.21,12,-2.03,-5.34,-9.74,-9.16,-5.8,-2.91,0.2,-5.39,8.55,19.02,11.28,1.31,Maize,Clay Loam,0.444,0.301,40.37,10,0.471,2.384.767,24.141
14.936,108.013,5,1216,3.64,34.6,43.9,5.4,35,30.5,53,21.92,6.65,88.47,16.21,12,-2.37,-4.83,-7.48,-6.64,-3.47,-2.32,-0.47,-2.52,7.66,16.85,5.94,-0.38,Maize,Clay Loam,0.303,0.284,30.48,10,0.553,3.468.752,14.016
14.94,108.025,5,1337,3.64,33.7,50.3,5.3,35.7,30.7,54.4,21.92,6.65,88.47,16.21,12,-2.37,-4.83,-7.48,-6.64,-3.47,-2.32,-0.47,-2.52,7.66,16.85,5.94,-0.38,Maize,Clay Loam,0.303,0.284,30.48,10,0.553,3.685.549,13.23
14.945,108.216,5,1211,3.64,35.5,53.8,5.4,34.8,29.7,67.2,21.92,6.65,88.47,16.21,12,-2.37,-4.83,-7.48,-6.64,-3.47,-2.32,-0.47,-2.52,7.66,16.85,5.94,-0.38,Maize,Clay Loam,0.303,0.304,30.48,10,0.553,3.468.752,14.049
14.949,107.884,5,1984,3.64,30.6,106.1,5.2,34.8,34.6,75.1,21.92,6.65,88.47,17.25,12,-2.37,-4.83,-7.48,-6.64,-3.47,-2.32,-0.47,-2.52,7.66,16.85,5.94,-0.38,Maize,Clay Loam,0.303,0.315,30.48,10,0.553,3.902.346,9.024
14.95,108.23,5,943,3.64,34.3,51.9,5.3,35.5,30.2,63.3,21.92,6.65,88.47,16.21,12,-2.37,-4.83,-7.48,-6.64,-3.47,-2.32,-0.47,-2.52,7.66,16.85,5.94,-0.38,Maize,Clay Loam,0.303,0.297,30.48,10,0.553,3.685.549,15.791
14.962,107.786,5,867,3.64,32,29.7,5.7,34.7,33.3,45.7,22.38,3.4,85.43,17.25,12,-2.44,-3.48,-4.33,-2.88,-0.4,0.18,2.16,-0.16,5.83,7.11,0.4,-2.03,Maize,Clay Loam,0.394,0.274,15.72,10,0.453,2.818.361,16.744
14.974,107.792,5,853,3.64,32.6,35.8,5.6,34.3,33.2,42.8,22.38,3.4,85.43,17.25,12,-2.44,-3.48,-4.33,-2.88,-0.4,0.18,2.16,-0.16,5.83,7.11,0.4,-2.03,Maize,Clay Loam,0.394,0.271,15.72,10,0.453,3.035.158,16.836
20.004,105.768,9,4,3.64,32.9,23.2,5.9,31.5,35.6,30.6,24.21,3.5,83.74,14.41,12,-3.17,-3.04,-3.17,-2.47,-1.36,1.99,1.29,2.72,8.21,4.04,-2.02,-3.04,Maize,Clay Loam,0.491,0.26,18.27,9,0.45,2.384.767,24.184
20.005,105.857,9,42,3.64,34.6,23.3,5.9,29.7,35.6,28.8,24.21,3.5,83.74,14.41,12,-3.17,-3.04,-3.17,-2.47,-1.36,1.99,1.29,2.72,8.21,4.04,-2.02,-3.04,Maize,Clay Loam,0.491,0.262,18.27,9,0.45,2.384.767,23.937
20.011,106.139,9,2,3.64,30.1,33.1,5.8,33,36.8,32.1,24.89,4.18,84.24,14.17,12,-3.87,-3.88,-4.3,-3.56,-1.35,2.53,2.04,3.07,7.68,7.12,-1.86,-3.62,Maize,Clay Loam,0.496,0.259,22.44,9,0.342,2.601.564,24.877
20.015,105.757,9,83,3.64,33.3,23.7,5.9,32.2,34.5,32.2,24.21,3.5,83.74,14.41,12,-3.17,-3.04,-3.17,-2.47,-1.36,1.99,1.29,2.72,8.21,4.04,-2.02,-3.04,Maize,Clay Loam,0.491,0.261,18.27,9,0.45,2.384.767,23.67
20.015,106.209,9,2,3.64,37.6,29.4,6,31.1,31.3,59,24.89,4.18,84.24,14.17,12,-3.87,-3.88,-4.3,-3.56,-1.35,2.53,2.04,3.07,7.68,7.12,-1.86,-3.62,Maize,Clay Loam,0.496,0.301,22.44,9,0.342,2167.97,24.877
20.017,106.155,9,2,3.64,30,34.1,5.9,30.9,39,27.9,24.89,4.18,84.24,14.17,12,-3.87,-3.88,-4.3,-3.56,-1.35,2.53,2.04,3.07,7.68,7.12,-1.86,-3.62,Maize,Clay Loam,0.496,0.258,22.44,9,0.342,2.384.767,24.877
20.018,106.137,9,1,3.64,30.7,30.8,5.8,31.6,37.6,26.3,24.89,4.18,84.24,14.17,12,-3.87,-3.88,-4.3,-3.56,-1.35,2.53,2.04,3.07,7.68,7.12,-1.86,-3.62,Maize,Clay Loam,0.496,0.254,22.44,9,0.342,2.601.564,24.884
20.019,105.504,9,10,3.64,32.2,17.5,5.8,28.5,39.2,22.1,24.21,3.5,83.74,14.41,12,-3.17,-3.04,-3.17,-2.47,-1.36,1.99,1.29,2.72,8.21,4.04,-2.02,-3.04,Maize,Clay Loam,0.491,0.255,18.27,9,0.45,2.601.564,24.145
20.033,105.959,9,2,3.64,35.4,29.5,5.8,28.7,36,31.1,24.89,4.18,84.24,14.41,12,-3.87,-3.88,-4.3,-3.56,-1.35,2.53,2.04,3.07,7.68,7.12,-1.86,-3.62,Maize,Clay Loam,0.496,0.268,22.44,9,0.342,2.601.564,24.877
20.035,105.709,9,219,3.64,27.4,22.9,5.7,31,41.7,46.1,24.21,3.5,83.74,14.41,12,-3.17,-3.04,-3.17,-2.47,-1.36,1.99,1.29,2.72,8.21,4.04,-2.02,-3.04,Maize,Clay Loam,0.491,0.283,18.27,9,0.45,2.818.361,22.786
20.035,106.13,9,3,3.64,32.5,31.8,5.9,30.9,36.7,27.6,24.89,4.18,84.24,14.17,12,-3.87,-3.88,-4.3,-3.56,-1.35,2.53,2.04,3.07,7.68,7.12,-1.86,-3.62,Maize,Clay Loam,0.496,0.258,22.44,9,0.342,2.384.767,24.87
20.038,105.905,9,2,3.64,34.2,24.8,5.7,26.4,39.5,25.5,24.21,3.5,83.74,14.41,12,-3.17,-3.04,-3.17,-2.47,-1.36,1.99,1.29,2.72,8.21,4.04,-2.02,-3.04,Maize,Clay Loam,0.491,0.265,18.27,9,0.45,2.818.361,24.197
20.04,105.622,9,12,3.64,30.9,17.4,6,27.7,41.4,25.8,24.21,3.5,83.74,14.41,12,-3.17,-3.04,-3.17,-2.47,-1.36,1.99,1.29,2.72,8.21,4.04,-2.02,-3.04,Maize,Clay Loam,0.491,0.262,18.27,9,0.45,2167.97,24.132
20.043,106.213,9,1,3.64,32.9,28.5,6,33.1,34,26.5,24.89,4.18,84.24,14.17,12,-3.87,-3.88,-4.3,-3.56,-1.35,2.53,2.04,3.07,7.68,7.12,-1.86,-3.62,Maize,Clay Loam,0.496,0.251,22.44,9,0.342,2167.97,24.884
20.045,105.688,9,47,3.64,32.1,22.9,5.8,32.2,35.8,24.2,24.21,3.5,83.74,14.41,12,-3.17,-3.04,-3.17,-2.47,-1.36,1.99,1.29,2.72,8.21,4.04,-2.02,-3.04,Maize,Clay Loam,0.491,0.25,18.27,9,0.45,2.601.564,23.905
20.046,106.114,9,2,3.64,31.7,34.4,5.8,29.9,38.4,44.2,24.89,4.18,84.24,14.17,12,-3.87,-3.88,-4.3,-3.56,-1.35,2.53,2.04,3.07,7.68,7.12,-1.86,-3.62,Maize,Clay Loam,0.496,0.283,22.44,9,0.342,2.601.564,24.877
20.047,106.043,9,24,3.64,33.6,33,5.9,30.3,36,35.9,24.89,4.18,84.24,14.17,12,-3.87,-3.88,-4.3,-3.56,-1.35,2.53,2.04,3.07,7.68,7.12,-1.86,-3.62,Maize,Clay Loam,0.496,0.271,22.44,9,0.342,2.384.767,24.734
20.048,106.184,9,2,3.64,31.5,37.7,6,31.4,37.1,35.2,24.89,4.18,84.24,14.17,12,-3.87,-3.88,-4.3,-3.56,-1.35,2.53,2.04,3.07,7.68,7.12,-1.86,-3.62,Maize,Clay Loam,0.496,0.267,22.44,9,0.342,2167.97,24.877
20.051,105.532,9,13,3.64,31.7,16.6,5.7,30.6,37.8,22.2,24.21,3.5,83.74,14.41,12,-3.17,-3.04,-3.17,-2.47,-1.36,1.99,1.29,2.72,8.21,4.04,-2.02,-3.04,Maize,Clay Loam,0.491,0.251,18.27,9,0.45,2.818.361,24.126
20.055,105.609,9,14,3.64,30.3,16.1,5.9,28.5,41.1,31.3,24.21,3.5,83.74,14.41,12,-3.17,-3.04,-3.17,-2.47,-1.36,1.99,1.29,2.72,8.21,4.04,-2.02,-3.04,Maize,Clay Loam,0.491,0.268,18.27,9,0.45,2.384.767,24.119
20.061,105.519,9,25,3.64,32,17.4,5.7,27,41,36.9,24.21,3.5,83.74,14.41,12,-3.17,-3.04,-3.17,-2.47,-1.36,1.99,1.29,2.72,8.21,4.04,-2.02,-3.04,Maize,Clay Loam,0.491,0.28,18.27,9,0.45,2.818.361,24.048
20.061,105.896,9,7,3.64,35.3,25.6,6,29.5,35.2,32,24.21,3.5,83.74,14.41,12,-3.17,-3.04,-3.17,-2.47,-1.36,1.99,1.29,2.72,8.21,4.04,-2.02,-3.04,Maize,Clay Loam,0.491,0.267,18.27,9,0.45,2167.97,24.164
20.072,105.511,9,46,3.64,29.9,17.9,5.9,30.2,39.9,28.3,24.21,3.5,83.74,14.41,12,-3.17,-3.04,-3.17,-2.47,-1.36,1.99,1.29,2.72,8.21,4.04,-2.02,-3.04,Maize,Clay Loam,0.491,0.26,18.27,9,0.45,2.384.767,23.911
20.072,105.896,9,22,3.64,34.2,26,5.9,31.9,33.8,30.6,24.21,3.5,83.74,14.41,12,-3.17,-3.04,-3.17,-2.47,-1.36,1.99,1.29,2.72,8.21,4.04,-2.02,-3.04,Maize,Clay Loam,0.491,0.259,18.27,9,0.45,2.384.767,24.067
20.074,106.167,9,2,3.64,33.4,35.4,5.9,30.5,36.1,31.1,24.89,4.18,84.24,14.17,12,-3.87,-3.88,-4.3,-3.56,-1.35,2.53,2.04,3.07,7.68,7.12,-1.86,-3.62,Maize,Clay Loam,0.496,0.263,22.44,9,0.342,2.384.767,24.877
20.075,105.656,9,13,3.64,33.3,19.2,6,30.6,36.1,29.8,24.21,3.5,83.74,14.41,12,-3.17,-3.04,-3.17,-2.47,-1.36,1.99,1.29,2.72,8.21,4.04,-2.02,-3.04,Maize,Clay Loam,0.491,0.261,18.27,9,0.45,2167.97,24.126
20.078,106.092,9,2,3.64,33.8,43.4,5.7,29.9,36.3,30.7,24.89,4.18,84.24,14.17,12,-3.87,-3.88,-4.3,-3.56,-1.35,2.53,2.04,3.07,7.68,7.12,-1.86,-3.62,Maize,Clay Loam,0.496,0.264,22.44,9,0.342,2.818.361,24.877
20.08,106.179,9,1,3.64,32.6,35.1,5.9,28.5,38.9,29.6,24.89,4.18,84.24,14.17,12,-3.87,-3.88,-4.3,-3.56,-1.35,2.53,2.04,3.07,7.68,7.12,-1.86,-3.62,Maize,Clay Loam,0.496,0.266,22.44,9,0.342,2.384.767,24.884
20.081,106.123,9,2,3.64,31.7,38.1,5.9,31.4,36.8,27.9,24.89,4.18,84.24,14.17,12,-3.87,-3.88,-4.3,-3.56,-1.35,2.53,2.04,3.07,7.68,7.12,-1.86,-3.62,Maize,Clay Loam,0.496,0.257,22.44,9,0.342,2.384.767,24.877
20.089,105.594,9,11,3.64,30.9,16.6,6,27.8,41.4,20.9,24.21,3.5,83.74,14.41,12,-3.17,-3.04,-3.17,-2.47,-1.36,1.99,1.29,2.72,8.21,4.04,-2.02,-3.04,Maize,Clay Loam,0.491,0.255,18.27,9,0.45,2167.97,24.138
20.089,106.166,9,1,3.64,33.2,36.2,5.9,28.1,38.7,31.8,24.89,4.18,84.24,14.17,12,-3.87,-3.88,-4.3,-3.56,-1.35,2.53,2.04,3.07,7.68,7.12,-1.86,-3.62,Maize,Clay Loam,0.496,0.27,22.44,9,0.342,2.384.767,24.884
20.091,105.572,9,15,3.64,31.1,18.5,5.8,28.5,40.3,22.8,24.21,3.5,83.74,14.41,12,-3.17,-3.04,-3.17,-2.47,-1.36,1.99,1.29,2.72,8.21,4.04,-2.02,-3.04,Maize,Clay Loam,0.491,0.256,18.27,9,0.45,2.601.564,24.112
20.091,106.157,9,1,3.64,33.1,28.3,5.8,30.9,36,22.7,24.89,4.18,84.24,14.17,12,-3.87,-3.88,-4.3,-3.56,-1.35,2.53,2.04,3.07,7.68,7.12,-1.86,-3.62,Maize,Clay Loam,0.496,0.251,22.44,9,0.342,2.601.564,24.884
20.092,106.035,9,2,3.64,33,36.8,5.9,30.2,36.8,35.6,24.89,4.18,84.24,14.17,12,-3.87,-3.88,-4.3,-3.56,-1.35,2.53,2.04,3.07,7.68,7.12,-1.86,-3.62,Maize,Clay Loam,0.496,0.27,22.44,9,0.342,2.384.767,24.877
20.101,105.636,9,6,3.64,31.9,21.4,6,27.9,40.2,28.7,24.21,3.5,83.74,14.41,12,-3.17,-3.04,-3.17,-2.47,-1.36,1.99,1.29,2.72,8.21,4.04,-2.02,-3.04,Maize,Clay Loam,0.491,0.266,18.27,9,0.45,2167.97,24.171
20.106,106.086,9,3,3.64,34.8,34.8,5.8,31.2,34,26.9,24.89,4.18,84.24,14.17,12,-3.87,-3.88,-4.3,-3.56,-1.35,2.53,2.04,3.07,7.68,7.12,-1.86,-3.62,Maize,Clay Loam,0.496,0.256,22.44,9,0.342,2.601.564,24.87
20.106,106.154,9,3,3.64,35.9,31.7,5.8,28.7,35.5,44.5,24.89,4.18,84.24,14.17,12,-3.87,-3.88,-4.3,-3.56,-1.35,2.53,2.04,3.07,7.68,7.12,-1.86,-3.62,Maize,Clay Loam,0.496,0.286,22.44,9,0.342,2.601.564,24.87
20.107,105.926,9,83,3.64,35.5,28.6,5.5,32.2,32.3,39.7,24.21,3.5,83.74,14.41,12,-3.17,-3.04,-3.17,-2.47,-1.36,1.99,1.29,2.72,8.21,4.04,-2.02,-3.04,Maize,Clay Loam,0.491,0.272,18.27,9,0.45,3.251.955,23.67
20.111,105.622,9,12,3.64,31.5,17.8,6,29,39.5,23.7,24.21,3.5,83.74,14.41,12,-3.17,-3.04,-3.17,-2.47,-1.36,1.99,1.29,2.72,8.21,4.04,-2.02,-3.04,Maize,Clay Loam,0.491,0.256,18.27,9,0.45,2167.97,24.132
20.111,105.74,9,52,3.64,31.9,20.7,5.9,33.5,34.6,28.4,24.21,3.5,83.74,14.41,12,-3.17,-3.04,-3.17,-2.47,-1.36,1.99,1.29,2.72,8.21,4.04,-2.02,-3.04,Maize,Clay Loam,0.491,0.253,18.27,9,0.45,2.384.767,23.872
20.113,105.832,9,25,3.64,33,25.3,5.9,32.6,34.5,27.2,24.21,3.5,83.74,14.41,12,-3.17,-3.04,-3.17,-2.47,-1.36,1.99,1.29,2.72,8.21,4.04,-2.02,-3.04,Maize,Clay Loam,0.491,0.253,18.27,9,0.45,2.384.767,24.048
20.113,105.861,9,42,3.64,34.6,24.1,5.8,31.4,33.9,23,24.21,3.5,83.74,14.41,12,-3.17,-3.04,-3.17,-2.47,-1.36,1.99,1.29,2.72,8.21,4.04,-2.02,-3.04,Maize,Clay Loam,0.491,0.25,18.27,9,0.45,2.601.564,23.937
20.114,105.717,9,79,3.64,30.8,18.9,5.8,33,36.2,25.9,24.21,3.5,83.74,14.41,12,-3.17,-3.04,-3.17,-2.47,-1.36,1.99,1.29,2.72,8.21,4.04,-2.02,-3.04,Maize,Clay Loam,0.491,0.25,18.27,9,0.45,2.601.564,23.696
20.114,105.881,9,72,3.64,30.5,27.3,5.7,32.8,36.7,30,24.21,3.5,83.74,14.41,12,-3.17,-3.04,-3.17,-2.47,-1.36,1.99,1.29,2.72,8.21,4.04,-2.02,-3.04,Maize,Clay Loam,0.491,0.257,18.27,9,0.45,2.818.361,23.742
20.115,105.701,9,11,3.64,31.4,22.6,5.8,29,39.5,26.9,24.21,3.5,83.74,14.41,12,-3.17,-3.04,-3.17,-2.47,-1.36,1.99,1.29,2.72,8.21,4.04,-2.02,-3.04,Maize,Clay Loam,0.491,0.261,18.27,9,0.45,2.601.564,24.138
20.117,105.646,9,37,3.64,31.7,24.3,5.8,29.1,39.2,27.1,24.21,3.5,83.74,14.41,12,-3.17,-3.04,-3.17,-2.47,-1.36,1.99,1.29,2.72,8.21,4.04,-2.02,-3.04,Maize,Clay Loam,0.491,0.261,18.27,9,0.45,2.601.564,23.97
20.117,105.722,9,30,3.64,33.7,17.4,5.9,31.5,34.8,26.3,24.21,3.5,83.74,14.41,12,-3.17,-3.04,-3.17,-2.47,-1.36,1.99,1.29,2.72,8.21,4.04,-2.02,-3.04,Maize,Clay Loam,0.491,0.254,18.27,9,0.45,2.384.767,24.015
20.117,105.96,9,2,3.64,30.5,27,6.1,29.9,39.6,27.1,24.89,4.18,84.24,14.41,12,-3.87,-3.88,-4.3,-3.56,-1.35,2.53,2.04,3.07,7.68,7.12,-1.86,-3.62,Maize,Clay Loam,0.496,0.259,22.44,9,0.342,1.951.173,24.877
20.118,105.541,9,15,3.64,28.7,16.6,5.9,27.3,44,21.6,24.21,3.5,83.74,14.41,12,-3.17,-3.04,-3.17,-2.47,-1.36,1.99,1.29,2.72,8.21,4.04,-2.02,-3.04,Maize,Clay Loam,0.491,0.257,18.27,9,0.45,2.384.767,24.112
20.121,105.541,9,26,3.64,28.8,16,5.9,28.9,42.2,25.9,24.21,3.5,83.74,14.41,12,-3.17,-3.04,-3.17,-2.47,-1.36,1.99,1.29,2.72,8.21,4.04,-2.02,-3.04,Maize,Clay Loam,0.491,0.26,18.27,9,0.45,2.384.767,24.041
20.124,105.739,9,29,3.64,34.8,21.8,5.8,31.2,34,24.6,24.21,3.5,83.74,14.41,12,-3.17,-3.04,-3.17,-2.47,-1.36,1.99,1.29,2.72,8.21,4.04,-2.02,-3.04,Maize,Clay Loam,0.491,0.253,18.27,9,0.45,2.601.564,24.022
20.126,106.224,9,2,3.64,35.1,31.7,6.1,28.6,36.3,29.6,24.89,4.18,84.24,14.17,12,-3.87,-3.88,-4.3,-3.56,-1.35,2.53,2.04,3.07,7.68,7.12,-1.86,-3.62,Maize,Clay Loam,0.496,0.266,22.44,9,0.342,1.951.173,24.877
20.127,106.118,9,3,3.64,33.7,35.6,5.8,30.5,35.8,31.2,24.89,4.18,84.24,14.17,12,-3.87,-3.88,-4.3,-3.56,-1.35,2.53,2.04,3.07,7.68,7.12,-1.86,-3.62,Maize,Clay Loam,0.496,0.264,22.44,9,0.342,2.601.564,24.87
20.128,106.069,9,4,3.64,34,29.2,5.8,29.9,36.1,22.9,24.89,4.18,84.24,14.17,12,-3.87,-3.88,-4.3,-3.56,-1.35,2.53,2.04,3.07,7.68,7.12,-1.86,-3.62,Maize,Clay Loam,0.496,0.253,22.44,9,0.342,2.601.564,24.864
20.131,105.549,9,18,3.64,28.1,15.7,5.9,28.8,43,23.2,24.21,3.5,83.74,14.41,12,-3.17,-3.04,-3.17,-2.47,-1.36,1.99,1.29,2.72,8.21,4.04,-2.02,-3.04,Maize,Clay Loam,0.491,0.256,18.27,9,0.45,2.384.767,24.093
20.131,106.09,9,2,3.64,33.9,39,5.8,29,37.1,29.2,24.89,4.18,84.24,14.17,12,-3.87,-3.88,-4.3,-3.56,-1.35,2.53,2.04,3.07,7.68,7.12,-1.86,-3.62,Maize,Clay Loam,0.496,0.264,22.44,9,0.342,2.601.564,24.877
20.133,106.014,9,2,3.64,33.1,26,6.1,30.6,36.4,31.4,24.89,4.18,84.24,14.17,12,-3.87,-3.88,-4.3,-3.56,-1.35,2.53,2.04,3.07,7.68,7.12,-1.86,-3.62,Maize,Clay Loam,0.496,0.264,22.44,9,0.342,1.951.173,24.877
20.135,105.755,9,26,3.64,30.4,21.8,5.9,32.3,37.3,22.7,24.21,3.5,83.74,14.41,12,-3.17,-3.04,-3.17,-2.47,-1.36,1.99,1.29,2.72,8.21,4.04,-2.02,-3.04,Maize,Clay Loam,0.491,0.247,18.27,9,0.45,2.384.767,24.041
20.135,106.137,9,3,3.64,34.5,36.7,5.8,27,38.5,31,24.89,4.18,84.24,14.17,12,-3.87,-3.88,-4.3,-3.56,-1.35,2.53,2.04,3.07,7.68,7.12,-1.86,-3.62,Maize,Clay Loam,0.496,0.271,22.44,9,0.342,2.601.564,24.87
20.136,106.265,9,2,3.64,34.7,27.5,6,29.6,35.7,27.5,24.89,4.18,84.24,14.17,12,-3.87,-3.88,-4.3,-3.56,-1.35,2.53,2.04,3.07,7.68,7.12,-1.86,-3.62,Maize,Clay Loam,0.496,0.26,22.44,9,0.342,2167.97,24.877
20.136,106.279,9,1,3.64,34.9,30.6,5.8,30.7,34.4,34.4,24.89,4.18,84.24,14.17,12,-3.87,-3.88,-4.3,-3.56,-1.35,2.53,2.04,3.07,7.68,7.12,-1.86,-3.62,Maize,Clay Loam,0.496,0.268,22.44,9,0.342,2.601.564,24.884
20.137,106.216,9,2,3.64,32.8,33.1,6,28.4,38.8,34.3,24.89,4.18,84.24,14.17,12,-3.87,-3.88,-4.3,-3.56,-1.35,2.53,2.04,3.07,7.68,7.12,-1.86,-3.62,Maize,Clay Loam,0.496,0.273,22.44,9,0.342,2167.97,24.877
20.138,105.848,9,128,3.64,35.8,30.1,5.6,30.9,33.2,34.5,24.21,3.5,83.74,14.41,12,-3.17,-3.04,-3.17,-2.47,-1.36,1.99,1.29,2.72,8.21,4.04,-2.02,-3.04,Maize,Clay Loam,0.491,0.267,18.27,9,0.45,3.035.158,23.378
20.139,105.511,9,25,3.64,30.6,16.2,5.9,30.7,38.6,38.2,24.21,3.5,83.74,14.41,12,-3.17,-3.04,-3.17,-2.47,-1.36,1.99,1.29,2.72,8.21,4.04,-2.02,-3.04,Maize,Clay Loam,0.491,0.273,18.27,9,0.45,2.384.767,24.048
20.142,106.023,9,3,3.64,34.7,34.5,5.9,29.6,35.7,32.1,24.89,4.18,84.24,14.17,12,-3.87,-3.88,-4.3,-3.56,-1.35,2.53,2.04,3.07,7.68,7.12,-1.86,-3.62,Maize,Clay Loam,0.496,0.267,22.44,9,0.342,2.384.767,24.87
20.144,105.704,9,78,3.64,33.7,28,5.7,30.3,36.1,35.1,24.21,3.5,83.74,14.41,12,-3.17,-3.04,-3.17,-2.47,-1.36,1.99,1.29,2.72,8.21,4.04,-2.02,-3.04,Maize,Clay Loam,0.491,0.269,18.27,9,0.45,2.818.361,23.703
20.144,105.953,9,2,3.64,32.8,23.4,5.8,27.8,39.3,29.6,24.89,4.18,84.24,14.41,12,-3.87,-3.88,-4.3,-3.56,-1.35,2.53,2.04,3.07,7.68,7.12,-1.86,-3.62,Maize,Clay Loam,0.496,0.267,22.44,9,0.342,2.601.564,24.877
20.146,106.136,9,3,3.64,33.2,30.5,5.9,29.4,37.4,25.2,24.89,4.18,84.24,14.17,12,-3.87,-3.88,-4.3,-3.56,-1.35,2.53,2.04,3.07,7.68,7.12,-1.86,-3.62,Maize,Clay Loam,0.496,0.258,22.44,9,0.342,2.384.767,24.87
20.146,106.284,9,2,3.64,35,35.5,6.1,31.6,33.5,29.6,24.89,4.18,84.24,14.17,12,-3.87,-3.88,-4.3,-3.56,-1.35,2.53,2.04,3.07,7.68,7.12,-1.86,-3.62,Maize,Clay Loam,0.496,0.259,22.44,9,0.342,1.951.173,24.877
20.148,105.741,9,36,3.64,31.9,24.3,5.7,31.9,36.3,34.5,24.21,3.5,83.74,14.41,12,-3.17,-3.04,-3.17,-2.47,-1.36,1.99,1.29,2.72,8.21,4.04,-2.02,-3.04,Maize,Clay Loam,0.491,0.265,18.27,9,0.45,2.818.361,23.976
20.149,105.526,9,69,3.64,31,17.7,5.9,31.9,37.1,27.3,24.21,3.5,83.74,14.41,12,-3.17,-3.04,-3.17,-2.47,-1.36,1.99,1.29,2.72,8.21,4.04,-2.02,-3.04,Maize,Clay Loam,0.491,0.255,18.27,9,0.45,2.384.767,23.762
20.15,105.665,9,11,3.64,31.1,19.4,6,28.3,40.5,22,24.21,3.5,83.74,14.41,12,-3.17,-3.04,-3.17,-2.47,-1.36,1.99,1.29,2.72,8.21,4.04,-2.02,-3.04,Maize,Clay Loam,0.491,0.256,18.27,9,0.45,2167.97,24.138
20.151,106.079,9,2,3.64,35.5,38.2,6,26.4,38.1,31.9,24.89,4.18,84.24,14.17,12,-3.87,-3.88,-4.3,-3.56,-1.35,2.53,2.04,3.07,7.68,7.12,-1.86,-3.62,Maize,Clay Loam,0.496,0.274,22.44,9,0.342,2167.97,24.877
20.154,105.768,9,154,3.64,30.7,21.9,5.7,32.4,36.9,31.6,24.21,3.5,83.74,14.41,12,-3.17,-3.04,-3.17,-2.47,-1.36,1.99,1.29,2.72,8.21,4.04,-2.02,-3.04,Maize,Clay Loam,0.491,0.26,18.27,9,0.45,2.818.361,23.209
20.161,105.974,9,2,3.64,30.7,34.4,5.9,25.5,43.8,38.9,24.89,4.18,84.24,14.41,12,-3.87,-3.88,-4.3,-3.56,-1.35,2.53,2.04,3.07,7.68,7.12,-1.86,-3.62,Maize,Clay Loam,0.496,0.286,22.44,9,0.342,2.384.767,24.877
20.162,105.951,9,2,3.64,33.7,28,5.8,27.2,39.1,28,24.89,4.18,84.24,14.41,12,-3.87,-3.88,-4.3,-3.56,-1.35,2.53,2.04,3.07,7.68,7.12,-1.86,-3.62,Maize,Clay Loam,0.496,0.267,22.44,9,0.342,2.601.564,24.877
20.168,105.934,9,2,3.64,30.7,26.3,5.9,27.5,41.7,30.6,24.21,3.5,83.74,14.41,12,-3.17,-3.04,-3.17,-2.47,-1.36,1.99,1.29,2.72,8.21,4.04,-2.02,-3.04,Maize,Clay Loam,0.491,0.27,18.27,9,0.45,2.384.767,24.197
20.171,105.686,9,13,3.64,30.5,19,5.9,30.6,38.9,23.4,24.21,3.5,83.74,14.41,12,-3.17,-3.04,-3.17,-2.47,-1.36,1.99,1.29,2.72,8.21,4.04,-2.02,-3.04,Maize,Clay Loam,0.491,0.252,18.27,9,0.45,2.384.767,24.126
20.171,106.036,9,2,3.64,34,33,5.8,29.7,36.3,33.4,24.89,4.18,84.24,14.17,12,-3.87,-3.88,-4.3,-3.56,-1.35,2.53,2.04,3.07,7.68,7.12,-1.86,-3.62,Maize,Clay Loam,0.496,0.268,22.44,9,0.342,2.601.564,24.877
20.172,105.805,9,128,3.64,28.9,27.3,5.6,30.7,40.4,30.2,24.21,3.5,83.74,14.41,12,-3.17,-3.04,-3.17,-2.47,-1.36,1.99,1.29,2.72,8.21,4.04,-2.02,-3.04,Maize,Clay Loam,0.491,0.262,18.27,9,0.45,3.035.158,23.378
20.172,105.887,9,60,3.64,35.1,24.8,5.9,31.2,33.7,28.2,24.21,3.5,83.74,14.41,12,-3.17,-3.04,-3.17,-2.47,-1.36,1.99,1.29,2.72,8.21,4.04,-2.02,-3.04,Maize,Clay Loam,0.491,0.258,18.27,9,0.45,2.384.767,23.82
20.173,106.034,9,2,3.64,34.7,26.7,5.8,29.9,35.4,30.4,24.89,4.18,84.24,14.17,12,-3.87,-3.88,-4.3,-3.56,-1.35,2.53,2.04,3.07,7.68,7.12,-1.86,-3.62,Maize,Clay Loam,0.496,0.264,22.44,9,0.342,2.601.564,24.877
20.176,106.327,9,1,3.64,32,33.5,6,30.2,37.9,33.6,24.89,4.18,84.24,14.17,12,-3.87,-3.88,-4.3,-3.56,-1.35,2.53,2.04,3.07,7.68,7.12,-1.86,-3.62,Maize,Clay Loam,0.496,0.268,22.44,9,0.342,2167.97,24.884
20.179,106.059,9,6,3.64,34.3,31.3,6,29.8,35.9,25,24.89,4.18,84.24,14.17,12,-3.87,-3.88,-4.3,-3.56,-1.35,2.53,2.04,3.07,7.68,7.12,-1.86,-3.62,Maize,Clay Loam,0.496,0.256,22.44,9,0.342,2167.97,24.851
20.18,105.519,9,22,3.64,30.8,19.2,5.9,27.9,41.2,23,24.21,3.5,83.74,14.41,12,-3.17,-3.04,-3.17,-2.47,-1.36,1.99,1.29,2.72,8.21,4.04,-2.02,-3.04,Maize,Clay Loam,0.491,0.258,18.27,9,0.45,2.384.767,24.067
20.18,106.032,9,3,3.64,33.2,31.6,5.9,30.2,36.7,29.8,24.89,4.18,84.24,14.17,12,-3.87,-3.88,-4.3,-3.56,-1.35,2.53,2.04,3.07,7.68,7.12,-1.86,-3.62,Maize,Clay Loam,0.496,0.262,22.44,9,0.342,2.384.767,24.87
20.182,106.295,9,1,3.64,34.1,32.5,5.9,29.9,36,35.9,24.89,4.18,84.24,14.17,12,-3.87,-3.88,-4.3,-3.56,-1.35,2.53,2.04,3.07,7.68,7.12,-1.86,-3.62,Maize,Clay Loam,0.496,0.271,22.44,9,0.342,2.384.767,24.884
20.183,105.709,9,93,3.64,31.2,24.5,5.8,31.4,37.3,31.8,24.21,3.5,83.74,14.41,12,-3.17,-3.04,-3.17,-2.47,-1.36,1.99,1.29,2.72,8.21,4.04,-2.02,-3.04,Maize,Clay Loam,0.491,0.262,18.27,9,0.45,2.601.564,23.606
20.185,106.003,9,1,3.64,33.4,30.8,5.8,28.7,37.9,30,24.89,4.18,84.24,14.17,12,-3.87,-3.88,-4.3,-3.56,-1.35,2.53,2.04,3.07,7.68,7.12,-1.86,-3.62,Maize,Clay Loam,0.496,0.266,22.44,9,0.342,2.601.564,24.884
20.188,106.334,9,2,3.64,33.3,28.3,5.8,29.6,37.1,28.9,24.89,4.18,84.24,14.17,12,-3.87,-3.88,-4.3,-3.56,-1.35,2.53,2.04,3.07,7.68,7.12,-1.86,-3.62,Maize,Clay Loam,0.496,0.262,22.44,9,0.342,2.601.564,24.877
20.191,105.793,9,160,3.64,31.4,23,5.6,30.5,38.1,32.8,24.21,3.5,83.74,14.41,12,-3.17,-3.04,-3.17,-2.47,-1.36,1.99,1.29,2.72,8.21,4.04,-2.02,-3.04,Maize,Clay Loam,0.491,0.266,18.27,9,0.45,3.035.158,23.17
20.193,105.885,9,3,3.64,35,23.7,5.9,29.4,35.6,31.4,24.21,3.5,83.74,14.41,12,-3.17,-3.04,-3.17,-2.47,-1.36,1.99,1.29,2.72,8.21,4.04,-2.02,-3.04,Maize,Clay Loam,0.491,0.266,18.27,9,0.45,2.384.767,24.19
20.196,105.75,9,143,3.64,29.8,22.6,5.7,30.6,39.6,24.8,24.21,3.5,83.74,14.41,12,-3.17,-3.04,-3.17,-2.47,-1.36,1.99,1.29,2.72,8.21,4.04,-2.02,-3.04,Maize,Clay Loam,0.491,0.254,18.27,9,0.45,2.818.361,23.28
20.198,105.968,9,2,3.64,31.4,29.6,6,25.7,42.8,25.3,24.89,4.18,84.24,14.41,12,-3.87,-3.88,-4.3,-3.56,-1.35,2.53,2.04,3.07,7.68,7.12,-1.86,-3.62,Maize,Clay Loam,0.496,0.266,22.44,9,0.342,2167.97,24.877
20.198,105.984,9,2,3.64,34.5,26,5.9,30.9,34.5,24.5,24.89,4.18,84.24,14.41,12,-3.87,-3.88,-4.3,-3.56,-1.35,2.53,2.04,3.07,7.68,7.12,-1.86,-3.62,Maize,Clay Loam,0.496,0.253,22.44,9,0.342,2.384.767,24.877
20.205,106.4,9,1,3.64,35.2,25.2,5.9,30.7,34.1,29.4,24.89,4.18,84.24,14.17,12,-3.87,-3.88,-4.3,-3.56,-1.35,2.53,2.04,3.07,7.68,7.12,-1.86,-3.62,Maize,Clay Loam,0.496,0.261,22.44,9,0.342,2.384.767,24.884
20.206,105.743,9,143,3.64,30.1,21.5,5.7,30.9,39,23.7,24.21,3.5,83.74,14.41,12,-3.17,-3.04,-3.17,-2.47,-1.36,1.99,1.29,2.72,8.21,4.04,-2.02,-3.04,Maize,Clay Loam,0.491,0.252,18.27,9,0.45,2.818.361,23.28
20.207,105.825,9,101,3.64,31.5,25.8,5.7,30,38.6,36.7,24.21,3.5,83.74,14.41,12,-3.17,-3.04,-3.17,-2.47,-1.36,1.99,1.29,2.72,8.21,4.04,-2.02,-3.04,Maize,Clay Loam,0.491,0.272,18.27,9,0.45,2.818.361,23.554
20.208,106.078,9,3,3.64,35.7,29.2,5.9,28.4,35.9,27.3,24.89,4.18,84.24,14.17,12,-3.87,-3.88,-4.3,-3.56,-1.35,2.53,2.04,3.07,7.68,7.12,-1.86,-3.62,Maize,Clay Loam,0.496,0.263,22.44,9,0.342,2.384.767,24.87
20.208,106.275,9,2,3.64,34.3,33.8,6,32.2,33.5,29.4,24.89,4.18,84.24,14.17,12,-3.87,-3.88,-4.3,-3.56,-1.35,2.53,2.04,3.07,7.68,7.12,-1.86,-3.62,Maize,Clay Loam,0.496,0.257,22.44,9,0.342,2167.97,24.877
20.21,105.912,9,4,3.64,33.4,24.2,5.9,28,38.6,29.6,24.21,3.5,83.74,14.41,12,-3.17,-3.04,-3.17,-2.47,-1.36,1.99,1.29,2.72,8.21,4.04,-2.02,-3.04,Maize,Clay Loam,0.491,0.267,18.27,9,0.45,2.384.767,24.184
20.213,105.782,9,73,3.64,28.4,23.3,6,32.5,39.1,27.1,24.21,3.5,83.74,14.41,12,-3.17,-3.04,-3.17,-2.47,-1.36,1.99,1.29,2.72,8.21,4.04,-2.02,-3.04,Maize,Clay Loam,0.491,0.253,18.27,9,0.45,2167.97,23.736
20.213,106.177,9,2,3.64,32.7,29.8,6,28.8,38.5,26.1,24.89,4.18,84.24,14.17,12,-3.87,-3.88,-4.3,-3.56,-1.35,2.53,2.04,3.07,7.68,7.12,-1.86,-3.62,Maize,Clay Loam,0.496,0.26,22.44,9,0.342,2167.97,24.877
20.214,105.958,9,2,3.64,33,25.7,6,26.2,40.7,28.7,24.89,4.18,84.24,14.41,12,-3.87,-3.88,-4.3,-3.56,-1.35,2.53,2.04,3.07,7.68,7.12,-1.86,-3.62,Maize,Clay Loam,0.496,0.27,22.44,9,0.342,2167.97,24.877
20.215,105.738,9,169,3.64,30.7,24.8,5.7,30.8,38.5,34.2,24.21,3.5,83.74,14.41,12,-3.17,-3.04,-3.17,-2.47,-1.36,1.99,1.29,2.72,8.21,4.04,-2.02,-3.04,Maize,Clay Loam,0.491,0.267,18.27,9,0.45,2.818.361,23.112
20.215,106.204,9,2,3.64,32,32.7,6,30,38,32.1,24.89,4.18,84.24,14.17,12,-3.87,-3.88,-4.3,-3.56,-1.35,2.53,2.04,3.07,7.68,7.12,-1.86,-3.62,Maize,Clay Loam,0.496,0.266,22.44,9,0.342,2167.97,24.877
20.218,105.634,9,29,3.64,28.2,21.5,5.8,30.9,41,22.1,24.21,3.5,83.74,14.41,12,-3.17,-3.04,-3.17,-2.47,-1.36,1.99,1.29,2.72,8.21,4.04,-2.02,-3.04,Maize,Clay Loam,0.491,0.25,18.27,9,0.45,2.601.564,24.022
20.219,105.83,9,45,3.64,32.3,29.1,5.8,29.2,38.5,32,24.21,3.5,83.74,14.41,12,-3.17,-3.04,-3.17,-2.47,-1.36,1.99,1.29,2.72,8.21,4.04,-2.02,-3.04,Maize,Clay Loam,0.491,0.268,18.27,9,0.45,2.601.564,23.918
20.219,106.156,9,4,3.64,32.6,27.1,5.8,29.7,37.7,27,24.89,4.18,84.24,14.17,12,-3.87,-3.88,-4.3,-3.56,-1.35,2.53,2.04,3.07,7.68,7.12,-1.86,-3.62,Maize,Clay Loam,0.496,0.259,22.44,9,0.342,2.601.564,24.864
20.22,106.369,9,2,3.64,34.2,24.3,5.9,31.2,34.5,25.2,24.89,4.18,84.24,14.17,12,-3.87,-3.88,-4.3,-3.56,-1.35,2.53,2.04,3.07,7.68,7.12,-1.86,-3.62,Maize,Clay Loam,0.496,0.254,22.44,9,0.342,2.384.767,24.877
20.22,106.433,9,0,3.64,34.6,32.3,6,29.3,36.2,27.2,24.89,4.18,84.24,14.17,12,-3.87,-3.88,-4.3,-3.56,-1.35,2.53,2.04,3.07,7.68,7.12,-1.86,-3.62,Maize,Clay Loam,0.496,0.261,22.44,9,0.342,2167.97,24.89
20.221,106.371,9,2,3.64,34.2,24.3,5.9,31.2,34.5,25.2,24.89,4.18,84.24,14.17,12,-3.87,-3.88,-4.3,-3.56,-1.35,2.53,2.04,3.07,7.68,7.12,-1.86,-3.62,Maize,Clay Loam,0.496,0.254,22.44,9,0.342,2.384.767,24.877
20.222,105.958,9,2,3.64,33.9,28.1,6,26.5,39.6,27.5,24.89,4.18,84.24,14.41,12,-3.87,-3.88,-4.3,-3.56,-1.35,2.53,2.04,3.07,7.68,7.12,-1.86,-3.62,Maize,Clay Loam,0.496,0.268,22.44,9,0.342,2167.97,24.877
20.223,105.946,9,2,3.64,32.1,20.3,5.9,30.2,37.7,26.2,24.89,4.18,84.24,14.41,12,-3.87,-3.88,-4.3,-3.56,-1.35,2.53,2.04,3.07,7.68,7.12,-1.86,-3.62,Maize,Clay Loam,0.496,0.257,22.44,9,0.342,2.384.767,24.877
20.226,106.001,9,7,3.64,36.1,27.5,6.1,30.6,33.3,25.5,24.89,4.18,84.24,14.17,12,-3.87,-3.88,-4.3,-3.56,-1.35,2.53,2.04,3.07,7.68,7.12,-1.86,-3.62,Maize,Clay Loam,0.496,0.255,22.44,9,0.342,1.951.173,24.844
20.226,106.185,9,2,3.64,31.5,34.9,5.9,28.3,40.2,30.3,24.89,4.18,84.24,14.17,12,-3.87,-3.88,-4.3,-3.56,-1.35,2.53,2.04,3.07,7.68,7.12,-1.86,-3.62,Maize,Clay Loam,0.496,0.267,22.44,9,0.342,2.384.767,24.877
20.226,106.461,9,1,3.64,35.2,25.6,5.9,29.8,35,29.2,24.89,4.18,84.24,14.17,12,-3.87,-3.88,-4.3,-3.56,-1.35,2.53,2.04,3.07,7.68,7.12,-1.86,-3.62,Maize,Clay Loam,0.496,0.262,22.44,9,0.342,2.384.767,24.884
20.227,105.674,9,125,3.64,30.8,22.6,5.8,29.5,39.7,30.1,24.21,3.5,83.74,14.41,12,-3.17,-3.04,-3.17,-2.47,-1.36,1.99,1.29,2.72,8.21,4.04,-2.02,-3.04,Maize,Clay Loam,0.491,0.264,18.27,9,0.45,2.601.564,23.398
20.227,105.68,9,129,3.64,30.1,24.6,5.8,30.1,39.8,39.1,24.21,3.5,83.74,14.41,12,-3.17,-3.04,-3.17,-2.47,-1.36,1.99,1.29,2.72,8.21,4.04,-2.02,-3.04,Maize,Clay Loam,0.491,0.276,18.27,9,0.45,2.601.564,23.372
20.227,105.907,9,32,3.64,33.3,26.3,5.6,30.8,35.9,36.8,24.21,3.5,83.74,14.41,12,-3.17,-3.04,-3.17,-2.47,-1.36,1.99,1.29,2.72,8.21,4.04,-2.02,-3.04,Maize,Clay Loam,0.491,0.271,18.27,9,0.45,3.035.158,24.002
20.229,105.661,9,74,3.64,31.6,23.5,5.8,29.9,38.5,31.5,24.21,3.5,83.74,14.41,12,-3.17,-3.04,-3.17,-2.47,-1.36,1.99,1.29,2.72,8.21,4.04,-2.02,-3.04,Maize,Clay Loam,0.491,0.265,18.27,9,0.45,2.601.564,23.729
20.232,106.462,9,1,3.64,35.6,33.2,5.9,29,35.4,33.2,24.89,4.18,84.24,14.17,12,-3.87,-3.88,-4.3,-3.56,-1.35,2.53,2.04,3.07,7.68,7.12,-1.86,-3.62,Maize,Clay Loam,0.496,0.27,22.44,9,0.342,2.384.767,24.884
20.233,105.596,9,16,3.64,31.4,24,5.9,27.6,41,20.2,24.21,3.5,83.74,14.41,12,-3.17,-3.04,-3.17,-2.47,-1.36,1.99,1.29,2.72,8.21,4.04,-2.02,-3.04,Maize,Clay Loam,0.491,0.255,18.27,9,0.45,2.384.767,24.106
20.235,106.374,9,1,3.64,31.5,29.8,6,30.1,38.4,30.7,24.89,4.18,84.24,14.17,12,-3.87,-3.88,-4.3,-3.56,-1.35,2.53,2.04,3.07,7.68,7.12,-1.86,-3.62,Maize,Clay Loam,0.496,0.264,22.44,9,0.342,2167.97,24.884
20.235,106.414,9,1,3.64,35.9,36.1,6.3,30.5,33.6,40.5,24.89,4.18,84.24,14.17,12,-3.87,-3.88,-4.3,-3.56,-1.35,2.53,2.04,3.07,7.68,7.12,-1.86,-3.62,Maize,Clay Loam,0.496,0.277,22.44,9,0.342,1.517.579,24.884
20.237,106.503,9,1,3.64,36.5,29.8,6.1,29.3,34.2,49.9,24.89,4.18,84.24,14.17,12,-3.87,-3.88,-4.3,-3.56,-1.35,2.53,2.04,3.07,7.68,7.12,-1.86,-3.62,Maize,Clay Loam,0.496,0.292,22.44,9,0.342,1.951.173,24.884
20.239,105.729,9,140,3.64,32,20.3,5.8,30.2,37.8,25.5,24.21,3.5,83.74,14.41,12,-3.17,-3.04,-3.17,-2.47,-1.36,1.99,1.29,2.72,8.21,4.04,-2.02,-3.04,Maize,Clay Loam,0.491,0.256,18.27,9,0.45,2.601.564,23.3
20.239,105.792,9,5,3.64,28.5,22.6,6,32.4,39,26.3,24.21,3.5,83.74,14.41,12,-3.17,-3.04,-3.17,-2.47,-1.36,1.99,1.29,2.72,8.21,4.04,-2.02,-3.04,Maize,Clay Loam,0.491,0.252,18.27,9,0.45,2167.97,24.178
20.24,105.816,9,4,3.64,28.7,23.8,6,30.6,40.6,27.1,24.21,3.5,83.74,14.41,12,-3.17,-3.04,-3.17,-2.47,-1.36,1.99,1.29,2.72,8.21,4.04,-2.02,-3.04,Maize,Clay Loam,0.491,0.258,18.27,9,0.45,2167.97,24.184
20.24,105.861,9,14,3.64,31.7,29.5,5.7,30.2,38.1,27.8,24.21,3.5,83.74,14.41,12,-3.17,-3.04,-3.17,-2.47,-1.36,1.99,1.29,2.72,8.21,4.04,-2.02,-3.04,Maize,Clay Loam,0.491,0.259,18.27,9,0.45,2.818.361,24.119
20.24,106.453,9,1,3.64,35.2,35.6,6.1,29.5,35.3,34.7,24.89,4.18,84.24,14.17,12,-3.87,-3.88,-4.3,-3.56,-1.35,2.53,2.04,3.07,7.68,7.12,-1.86,-3.62,Maize,Clay Loam,0.496,0.271,22.44,9,0.342,1.951.173,24.884
20.241,106.195,9,2,3.64,30.5,41.3,6.1,28.5,40.9,37.6,24.89,4.18,84.24,14.17,12,-3.87,-3.88,-4.3,-3.56,-1.35,2.53,2.04,3.07,7.68,7.12,-1.86,-3.62,Maize,Clay Loam,0.496,0.277,22.44,9,0.342,1.951.173,24.877
20.242,106.341,9,1,3.64,31.5,30.5,6,29.6,38.8,27.7,24.89,4.18,84.24,14.17,12,-3.87,-3.88,-4.3,-3.56,-1.35,2.53,2.04,3.07,7.68,7.12,-1.86,-3.62,Maize,Clay Loam,0.496,0.261,22.44,9,0.342,2167.97,24.884
20.242,106.428,9,1,3.64,34.2,33.7,6.1,29.4,36.4,31.5,24.89,4.18,84.24,14.17,12,-3.87,-3.88,-4.3,-3.56,-1.35,2.53,2.04,3.07,7.68,7.12,-1.86,-3.62,Maize,Clay Loam,0.496,0.266,22.44,9,0.342,1.951.173,24.884
20.244,105.904,9,145,3.64,31.5,23.6,5.5,31.3,37.2,35.4,24.21,3.5,83.74,14.41,12,-3.17,-3.04,-3.17,-2.47,-1.36,1.99,1.29,2.72,8.21,4.04,-2.02,-3.04,Maize,Clay Loam,0.491,0.268,18.27,9,0.45,3.251.955,23.268
20.246,105.78,9,3,3.64,29,25.1,5.9,29.8,41.2,26.7,24.21,3.5,83.74,14.41,12,-3.17,-3.04,-3.17,-2.47,-1.36,1.99,1.29,2.72,8.21,4.04,-2.02,-3.04,Maize,Clay Loam,0.491,0.259,18.27,9,0.45,2.384.767,24.19
20.246,106.222,9,1,3.64,34.5,37.4,6.1,28.3,37.2,33,24.89,4.18,84.24,14.17,12,-3.87,-3.88,-4.3,-3.56,-1.35,2.53,2.04,3.07,7.68,7.12,-1.86,-3.62,Maize,Clay Loam,0.496,0.271,22.44,9,0.342,1.951.173,24.884
20.247,106.507,9,1,3.64,36.3,32.6,6.1,30.2,33.5,29.5,24.89,4.18,84.24,14.17,12,-3.87,-3.88,-4.3,-3.56,-1.35,2.53,2.04,3.07,7.68,7.12,-1.86,-3.62,Maize,Clay Loam,0.496,0.262,22.44,9,0.342,1.951.173,24.884
20.249,105.573,9,16,3.64,31.7,22.3,5.9,29.7,38.7,18.8,24.21,3.5,83.74,14.41,12,-3.17,-3.04,-3.17,-2.47,-1.36,1.99,1.29,2.72,8.21,4.04,-2.02,-3.04,Maize,Clay Loam,0.491,0.248,18.27,9,0.45,2.384.767,24.106
20.251,106.448,9,1,3.64,34.2,36.8,6,30.1,35.7,36.6,24.42,4.15,83.73,14.17,12,-3.54,-3.28,-3.86,-2.76,-1.25,4.9,0.24,4.95,8.6,3.24,-3.34,-3.95,Maize,Clay Loam,0.498,0.272,21.98,9,0.392,2167.97,24.414
20.252,105.555,9,16,3.64,33.3,23.2,6.1,27.3,39.4,22.5,23.6,3.61,83.74,14.41,12,-3.31,-2.87,-3.1,-2.21,-1.23,4,0.43,4.46,7.45,2.88,-3.09,-3.44,Maize,Clay Loam,0.474,0.259,19.25,9,0.388,1.951.173,23.496
20.252,105.701,9,169,3.64,34.1,27.1,5.5,28.4,37.5,41.1,23.6,3.61,83.74,14.41,12,-3.31,-2.87,-3.1,-2.21,-1.23,4,0.43,4.46,7.45,2.88,-3.09,-3.44,Maize,Clay Loam,0.474,0.282,19.25,9,0.388,3.251.955,22.502
20.252,105.717,9,141,3.64,32.7,24,5.6,28.2,39.1,38.2,23.6,3.61,83.74,14.41,12,-3.31,-2.87,-3.1,-2.21,-1.23,4,0.43,4.46,7.45,2.88,-3.09,-3.44,Maize,Clay Loam,0.474,0.279,19.25,9,0.388,3.035.158,22.684
20.256,106.522,9,1,3.64,36.4,32,6.1,30.2,33.4,31.5,24.42,4.15,83.73,14.17,12,-3.54,-3.28,-3.86,-2.76,-1.25,4.9,0.24,4.95,8.6,3.24,-3.34,-3.95,Maize,Clay Loam,0.498,0.265,21.98,9,0.392,1.951.173,24.414
20.257,105.689,9,302,3.64,36.6,27.8,5.5,28.2,35.2,41.5,23.6,3.61,83.74,14.41,12,-3.31,-2.87,-3.1,-2.21,-1.23,4,0.43,4.46,7.45,2.88,-3.09,-3.44,Maize,Clay Loam,0.474,0.283,19.25,9,0.388,3.251.955,21.637
20.258,105.815,9,2,3.64,31.4,29,5.9,28.2,40.4,29.6,23.6,3.61,83.74,14.41,12,-3.31,-2.87,-3.1,-2.21,-1.23,4,0.43,4.46,7.45,2.88,-3.09,-3.44,Maize,Clay Loam,0.474,0.267,19.25,9,0.388,2.384.767,23.587
20.26,105.506,9,143,3.64,33.6,23.7,5.9,28.1,38.3,26,23.6,3.61,83.74,14.41,12,-3.31,-2.87,-3.1,-2.21,-1.23,4,0.43,4.46,7.45,2.88,-3.09,-3.44,Maize,Clay Loam,0.474,0.262,19.25,9,0.388,2.384.767,22.67
20.26,106.194,9,3,3.64,32.1,29.7,6,31.2,36.7,34.9,24.42,4.15,83.73,14.17,12,-3.54,-3.28,-3.86,-2.76,-1.25,4.9,0.24,4.95,8.6,3.24,-3.34,-3.95,Maize,Clay Loam,0.498,0.267,21.98,9,0.392,2167.97,24.4
20.263,106.34,9,1,3.64,34.7,29.7,6.1,29.5,35.8,28.1,24.42,4.15,83.73,14.17,12,-3.54,-3.28,-3.86,-2.76,-1.25,4.9,0.24,4.95,8.6,3.24,-3.34,-3.95,Maize,Clay Loam,0.498,0.261,21.98,9,0.392,1.951.173,24.414
20.264,105.647,9,142,3.64,34.1,26.3,5.5,28.8,37.1,43.8,23.6,3.61,83.74,14.41,12,-3.31,-2.87,-3.1,-2.21,-1.23,4,0.43,4.46,7.45,2.88,-3.09,-3.44,Maize,Clay Loam,0.474,0.285,19.25,9,0.388,3.251.955,22.677
20.264,106.013,9,2,3.64,34,26.3,5.8,27.3,38.8,28.8,24.42,4.15,83.73,14.17,12,-3.54,-3.28,-3.86,-2.76,-1.25,4.9,0.24,4.95,8.6,3.24,-3.34,-3.95,Maize,Clay Loam,0.498,0.268,21.98,9,0.392,2.601.564,24.407
20.265,106.506,9,1,3.64,36.1,37.4,6,29.4,34.5,40.7,24.42,4.15,83.73,14.17,12,-3.54,-3.28,-3.86,-2.76,-1.25,4.9,0.24,4.95,8.6,3.24,-3.34,-3.95,Maize,Clay Loam,0.498,0.279,21.98,9,0.392,2167.97,24.414
20.265,106.535,9,1,3.64,37.3,31.9,6,29.6,33,37.8,24.42,4.15,83.73,14.17,12,-3.54,-3.28,-3.86,-2.76,-1.25,4.9,0.24,4.95,8.6,3.24,-3.34,-3.95,Maize,Clay Loam,0.498,0.275,21.98,9,0.392,2167.97,24.414
20.268,106.515,9,1,3.64,35.4,29.3,5.9,29.6,35,32.3,24.42,4.15,83.73,14.17,12,-3.54,-3.28,-3.86,-2.76,-1.25,4.9,0.24,4.95,8.6,3.24,-3.34,-3.95,Maize,Clay Loam,0.498,0.267,21.98,9,0.392,2.384.767,24.414
20.269,106.226,9,2,3.64,33.3,31.3,6,30.5,36.2,35.4,24.42,4.15,83.73,14.17,12,-3.54,-3.28,-3.86,-2.76,-1.25,4.9,0.24,4.95,8.6,3.24,-3.34,-3.95,Maize,Clay Loam,0.498,0.269,21.98,9,0.392,2167.97,24.407
20.27,105.596,9,157,3.64,31.1,22.5,5.7,28,40.9,30.6,23.6,3.61,83.74,14.41,12,-3.31,-2.87,-3.1,-2.21,-1.23,4,0.43,4.46,7.45,2.88,-3.09,-3.44,Maize,Clay Loam,0.474,0.268,19.25,9,0.388,2.818.361,22.58
20.27,106.371,9,1,3.64,32.1,31.8,6.1,27.8,40,32.6,24.42,4.15,83.73,14.17,12,-3.54,-3.28,-3.86,-2.76,-1.25,4.9,0.24,4.95,8.6,3.24,-3.34,-3.95,Maize,Clay Loam,0.498,0.272,21.98,9,0.392,1.951.173,24.414
20.271,105.921,9,41,3.64,32.1,25.9,5.8,29.5,38.3,32,23.6,3.61,83.74,14.41,12,-3.31,-2.87,-3.1,-2.21,-1.23,4,0.43,4.46,7.45,2.88,-3.09,-3.44,Maize,Clay Loam,0.474,0.267,19.25,9,0.388,2.601.564,23.334
20.272,106.191,9,2,3.64,33.5,34,5.9,29.5,37,40.7,24.42,4.15,83.73,14.17,12,-3.54,-3.28,-3.86,-2.76,-1.25,4.9,0.24,4.95,8.6,3.24,-3.34,-3.95,Maize,Clay Loam,0.498,0.279,21.98,9,0.392,2.384.767,24.407
20.272,106.521,9,1,3.64,35.6,33,6.1,29.7,34.7,38.9,24.42,4.15,83.73,14.17,12,-3.54,-3.28,-3.86,-2.76,-1.25,4.9,0.24,4.95,8.6,3.24,-3.34,-3.95,Maize,Clay Loam,0.498,0.276,21.98,9,0.392,1.951.173,24.414
20.273,106.381,9,2,3.64,33,37.9,6.2,29.6,37.4,36.6,24.42,4.15,83.73,14.17,12,-3.54,-3.28,-3.86,-2.76,-1.25,4.9,0.24,4.95,8.6,3.24,-3.34,-3.95,Maize,Clay Loam,0.498,0.273,21.98,9,0.392,1.734.376,24.407
20.274,106.069,9,3,3.64,36.2,26,6,30,33.9,25.1,24.42,4.15,83.73,14.17,12,-3.54,-3.28,-3.86,-2.76,-1.25,4.9,0.24,4.95,8.6,3.24,-3.34,-3.95,Maize,Clay Loam,0.498,0.256,21.98,9,0.392,2167.97,24.4
20.277,105.667,9,327,3.64,35.1,27.7,5.5,28.1,36.7,46.9,23.6,3.61,83.74,14.41,12,-3.31,-2.87,-3.1,-2.21,-1.23,4,0.43,4.46,7.45,2.88,-3.09,-3.44,Maize,Clay Loam,0.474,0.291,19.25,9,0.388,3.251.955,21.475
20.277,106.078,9,2,3.64,36.6,27.7,6,29.5,33.9,26.1,24.42,4.15,83.73,14.17,12,-3.54,-3.28,-3.86,-2.76,-1.25,4.9,0.24,4.95,8.6,3.24,-3.34,-3.95,Maize,Clay Loam,0.498,0.259,21.98,9,0.392,2167.97,24.407
20.277,106.181,9,2,3.64,30.8,38.3,5.9,27.3,41.9,43.4,24.42,4.15,83.73,14.17,12,-3.54,-3.28,-3.86,-2.76,-1.25,4.9,0.24,4.95,8.6,3.24,-3.34,-3.95,Maize,Clay Loam,0.498,0.288,21.98,9,0.392,2.384.767,24.407
20.279,106.417,9,1,3.64,32.5,30.8,6.1,28.6,38.9,38.3,24.42,4.15,83.73,14.17,12,-3.54,-3.28,-3.86,-2.76,-1.25,4.9,0.24,4.95,8.6,3.24,-3.34,-3.95,Maize,Clay Loam,0.498,0.278,21.98,9,0.392,1.951.173,24.414
20.28,106.245,9,2,3.64,34.5,30.3,5.9,29.6,35.9,24.5,24.42,4.15,83.73,14.17,12,-3.54,-3.28,-3.86,-2.76,-1.25,4.9,0.24,4.95,8.6,3.24,-3.34,-3.95,Maize,Clay Loam,0.498,0.256,21.98,9,0.392,2.384.767,24.407
20.284,106.503,9,2,3.64,35,29.6,6,27.7,37.3,31.3,24.42,4.15,83.73,14.17,12,-3.54,-3.28,-3.86,-2.76,-1.25,4.9,0.24,4.95,8.6,3.24,-3.34,-3.95,Maize,Clay Loam,0.498,0.27,21.98,9,0.392,2167.97,24.407
20.285,105.993,9,4,3.64,34.6,25.8,5.9,26.3,39.1,24.9,24.42,4.15,83.73,14.41,12,-3.54,-3.28,-3.86,-2.76,-1.25,4.9,0.24,4.95,8.6,3.24,-3.34,-3.95,Maize,Clay Loam,0.498,0.264,21.98,9,0.392,2.384.767,24.394
20.287,105.727,9,128,3.64,31.4,25.1,5.9,30.8,37.9,23.8,23.6,3.61,83.74,14.41,12,-3.31,-2.87,-3.1,-2.21,-1.23,4,0.43,4.46,7.45,2.88,-3.09,-3.44,Maize,Clay Loam,0.474,0.252,19.25,9,0.388,2.384.767,22.768
20.288,105.747,9,6,3.64,30.6,23.6,5.9,29.5,39.9,23.5,23.6,3.61,83.74,14.41,12,-3.31,-2.87,-3.1,-2.21,-1.23,4,0.43,4.46,7.45,2.88,-3.09,-3.44,Maize,Clay Loam,0.474,0.255,19.25,9,0.388,2.384.767,23.561
20.289,105.671,9,302,3.64,37,30.7,5.5,26.6,36.3,44.4,23.6,3.61,83.74,14.41,12,-3.31,-2.87,-3.1,-2.21,-1.23,4,0.43,4.46,7.45,2.88,-3.09,-3.44,Maize,Clay Loam,0.474,0.291,19.25,9,0.388,3.251.955,21.637
20.289,105.691,9,306,3.64,32,28.9,5.6,30.1,37.9,39.7,23.6,3.61,83.74,14.41,12,-3.31,-2.87,-3.1,-2.21,-1.23,4,0.43,4.46,7.45,2.88,-3.09,-3.44,Maize,Clay Loam,0.474,0.276,19.25,9,0.388,3.035.158,21.611
20.289,106.578,9,1,3.64,36.4,31,6.2,28.1,35.5,29.9,25.01,5.24,82.62,14.17,12,-4,-4.2,-4.82,-4.01,-1.04,10.84,0.69,5.18,8.3,1.8,-3.8,-4.9,Maize,Clay Loam,0.551,0.267,26.77,6,0.404,1.734.376,25.004
20.291,106.199,9,2,3.64,30.7,31.8,6,26.6,42.8,29.3,24.42,4.15,83.73,14.17,12,-3.54,-3.28,-3.86,-2.76,-1.25,4.9,0.24,4.95,8.6,3.24,-3.34,-3.95,Maize,Clay Loam,0.498,0.27,21.98,9,0.392,2167.97,24.407
20.293,105.655,9,300,3.64,34.4,27.1,5.6,27.2,38.3,45.8,23.6,3.61,83.74,14.41,12,-3.31,-2.87,-3.1,-2.21,-1.23,4,0.43,4.46,7.45,2.88,-3.09,-3.44,Maize,Clay Loam,0.474,0.292,19.25,9,0.388,3.035.158,21.65
20.293,105.87,9,2,3.64,35.5,26.2,5.9,26.7,37.8,26.8,23.6,3.61,83.74,14.41,12,-3.31,-2.87,-3.1,-2.21,-1.23,4,0.43,4.46,7.45,2.88,-3.09,-3.44,Maize,Clay Loam,0.474,0.266,19.25,9,0.388,2.384.767,23.587
20.294,105.887,9,2,3.64,33.5,22.5,5.9,26.2,40.2,31.8,23.6,3.61,83.74,14.41,12,-3.31,-2.87,-3.1,-2.21,-1.23,4,0.43,4.46,7.45,2.88,-3.09,-3.44,Maize,Clay Loam,0.474,0.274,19.25,9,0.388,2.384.767,23.587
20.296,106.009,9,3,3.64,33.8,27.6,6.1,28.6,37.5,27.7,24.42,4.15,83.73,14.17,12,-3.54,-3.28,-3.86,-2.76,-1.25,4.9,0.24,4.95,8.6,3.24,-3.34,-3.95,Maize,Clay Loam,0.498,0.263,21.98,9,0.392,1.951.173,24.4
20.297,106.565,9,3,3.64,37.1,30.1,6,27.5,35.4,29.5,25.01,5.24,82.62,14.17,12,-4,-4.2,-4.82,-4.01,-1.04,10.84,0.69,5.18,8.3,1.8,-3.8,-4.9,Maize,Clay Loam,0.551,0.268,26.77,6,0.404,2167.97,24.99
20.299,105.912,9,2,3.64,31.2,20.1,5.9,27.1,41.7,28.3,23.6,3.61,83.74,14.41,12,-3.31,-2.87,-3.1,-2.21,-1.23,4,0.43,4.46,7.45,2.88,-3.09,-3.44,Maize,Clay Loam,0.474,0.267,19.25,9,0.388,2.384.767,23.587
20.301,106.573,9,2,3.64,36.1,27.5,6,26.8,37.1,33.9,25.01,5.24,82.62,14.17,12,-4,-4.2,-4.82,-4.01,-1.04,10.84,0.69,5.18,8.3,1.8,-3.8,-4.9,Maize,Clay Loam,0.551,0.276,26.77,6,0.404,2167.97,24.997
20.302,106.294,9,3,3.64,33.3,35.1,6,26.4,40.4,30.4,24.42,4.15,83.73,14.17,12,-3.54,-3.28,-3.86,-2.76,-1.25,4.9,0.24,4.95,8.6,3.24,-3.34,-3.95,Maize,Clay Loam,0.498,0.272,21.98,9,0.392,2167.97,24.4
20.306,106.086,9,3,3.64,37.2,30.3,6,27.6,35.2,29.3,24.42,4.15,83.73,14.17,12,-3.54,-3.28,-3.86,-2.76,-1.25,4.9,0.24,4.95,8.6,3.24,-3.34,-3.95,Maize,Clay Loam,0.498,0.268,21.98,9,0.392,2167.97,24.4
20.306,106.207,9,2,3.64,30.7,33.4,6,28.4,40.9,34.2,24.42,4.15,83.73,14.17,12,-3.54,-3.28,-3.86,-2.76,-1.25,4.9,0.24,4.95,8.6,3.24,-3.34,-3.95,Maize,Clay Loam,0.498,0.273,21.98,9,0.392,2167.97,24.407
20.309,106.247,9,2,3.64,35,34.7,6,27.8,37.1,33.1,24.42,4.15,83.73,14.17,12,-3.54,-3.28,-3.86,-2.76,-1.25,4.9,0.24,4.95,8.6,3.24,-3.34,-3.95,Maize,Clay Loam,0.498,0.272,21.98,9,0.392,2167.97,24.407
20.311,105.965,9,3,3.64,32.9,29,5.9,27.3,39.8,40.8,24.42,4.15,83.73,14.41,12,-3.54,-3.28,-3.86,-2.76,-1.25,4.9,0.24,4.95,8.6,3.24,-3.34,-3.95,Maize,Clay Loam,0.498,0.284,21.98,9,0.392,2.384.767,24.4
20.312,106.118,9,2,3.64,31.3,28.5,6,27.7,41.1,24.7,24.42,4.15,83.73,14.17,12,-3.54,-3.28,-3.86,-2.76,-1.25,4.9,0.24,4.95,8.6,3.24,-3.34,-3.95,Maize,Clay Loam,0.498,0.261,21.98,9,0.392,2167.97,24.407
20.313,106.045,9,4,3.64,33.1,28.8,6.1,28.3,38.6,27,24.42,4.15,83.73,14.17,12,-3.54,-3.28,-3.86,-2.76,-1.25,4.9,0.24,4.95,8.6,3.24,-3.34,-3.95,Maize,Clay Loam,0.498,0.263,21.98,9,0.392,1.951.173,24.394
20.316,106.191,9,3,3.64,30.6,27.9,5.9,32.2,37.2,30.5,24.42,4.15,83.73,14.17,12,-3.54,-3.28,-3.86,-2.76,-1.25,4.9,0.24,4.95,8.6,3.24,-3.34,-3.95,Maize,Clay Loam,0.498,0.259,21.98,9,0.392,2.384.767,24.4
20.318,105.549,9,110,3.64,33.7,30.2,5.6,29.2,37,43.5,23.6,3.61,83.74,14.41,12,-3.31,-2.87,-3.1,-2.21,-1.23,4,0.43,4.46,7.45,2.88,-3.09,-3.44,Maize,Clay Loam,0.474,0.284,19.25,9,0.388,3.035.158,22.885
20.319,106.461,9,3,3.64,36.6,26.7,6,28.8,34.7,30.2,24.42,4.15,83.73,14.17,12,-3.54,-3.28,-3.86,-2.76,-1.25,4.9,0.24,4.95,8.6,3.24,-3.34,-3.95,Maize,Clay Loam,0.498,0.266,21.98,9,0.392,2167.97,24.4
20.32,105.988,9,2,3.64,33.9,24.7,6.1,26.8,39.3,23.8,24.42,4.15,83.73,14.41,12,-3.54,-3.28,-3.86,-2.76,-1.25,4.9,0.24,4.95,8.6,3.24,-3.34,-3.95,Maize,Clay Loam,0.498,0.262,21.98,9,0.392,1.951.173,24.407
20.321,105.56,9,199,3.64,32.8,27,5.6,28.6,38.6,45.7,23.6,3.61,83.74,14.41,12,-3.31,-2.87,-3.1,-2.21,-1.23,4,0.43,4.46,7.45,2.88,-3.09,-3.44,Maize,Clay Loam,0.474,0.288,19.25,9,0.388,3.035.158,22.306
20.323,106.013,9,4,3.64,32.6,24.6,6.1,27.1,40.3,27,24.42,4.15,83.73,14.17,12,-3.54,-3.28,-3.86,-2.76,-1.25,4.9,0.24,4.95,8.6,3.24,-3.34,-3.95,Maize,Clay Loam,0.498,0.265,21.98,9,0.392,1.951.173,24.394
20.325,105.625,9,317,3.64,35.7,26.1,5.5,27,37.3,39.8,23.6,3.61,83.74,14.41,12,-3.31,-2.87,-3.1,-2.21,-1.23,4,0.43,4.46,7.45,2.88,-3.09,-3.44,Maize,Clay Loam,0.474,0.284,19.25,9,0.388,3.251.955,21.54
20.325,106.211,9,2,3.64,33,28.6,6,29.5,37.6,31.1,24.42,4.15,83.73,14.17,12,-3.54,-3.28,-3.86,-2.76,-1.25,4.9,0.24,4.95,8.6,3.24,-3.34,-3.95,Maize,Clay Loam,0.498,0.266,21.98,9,0.392,2167.97,24.407
20.327,106.311,9,1,3.64,33.7,26.9,5.9,30.1,36.2,31.4,24.42,4.15,83.73,14.17,12,-3.54,-3.28,-3.86,-2.76,-1.25,4.9,0.24,4.95,8.6,3.24,-3.34,-3.95,Maize,Clay Loam,0.498,0.265,21.98,9,0.392,2.384.767,24.414
20.329,105.545,9,199,3.64,32,28.7,5.6,27.7,40.3,40.1,23.6,3.61,83.74,14.41,12,-3.31,-2.87,-3.1,-2.21,-1.23,4,0.43,4.46,7.45,2.88,-3.09,-3.44,Maize,Clay Loam,0.474,0.282,19.25,9,0.388,3.035.158,22.306
20.329,105.615,9,324,3.64,35.2,30.1,5.5,29,35.8,42.4,23.6,3.61,83.74,14.41,12,-3.31,-2.87,-3.1,-2.21,-1.23,4,0.43,4.46,7.45,2.88,-3.09,-3.44,Maize,Clay Loam,0.474,0.283,19.25,9,0.388,3.251.955,21.494
20.329,105.809,9,2,3.64,34.4,24.2,5.9,26.7,38.9,28,23.6,3.61,83.74,14.41,12,-3.31,-2.87,-3.1,-2.21,-1.23,4,0.43,4.46,7.45,2.88,-3.09,-3.44,Maize,Clay Loam,0.474,0.268,19.25,9,0.388,2.384.767,23.587
20.336,106.088,9,3,3.64,31.3,24.1,6.1,27.4,41.3,22.9,24.42,4.15,83.73,14.17,12,-3.54,-3.28,-3.86,-2.76,-1.25,4.9,0.24,4.95,8.6,3.24,-3.34,-3.95,Maize,Clay Loam,0.498,0.259,21.98,9,0.392,1.951.173,24.4
20.336,106.232,9,4,3.64,34.2,25.1,5.9,28.6,37.2,27,24.42,4.15,83.73,14.17,12,-3.54,-3.28,-3.86,-2.76,-1.25,4.9,0.24,4.95,8.6,3.24,-3.34,-3.95,Maize,Clay Loam,0.498,0.262,21.98,9,0.392,2.384.767,24.394
20.337,105.57,9,468,3.64,32.6,31.7,5.5,28.6,38.8,36.3,23.6,3.61,83.74,14.41,12,-3.31,-2.87,-3.1,-2.21,-1.23,4,0.43,4.46,7.45,2.88,-3.09,-3.44,Maize,Clay Loam,0.474,0.275,19.25,9,0.388,3.251.955,20.558
20.338,105.716,9,11,3.64,30.4,21.9,6.1,28.2,41.5,21.4,23.6,3.61,83.74,14.41,12,-3.31,-2.87,-3.1,-2.21,-1.23,4,0.43,4.46,7.45,2.88,-3.09,-3.44,Maize,Clay Loam,0.474,0.255,19.25,9,0.388,1.951.173,23.528
20.339,106.096,9,4,3.64,32.3,28.2,6.1,26.8,41,32.6,24.42,4.15,83.73,14.17,12,-3.54,-3.28,-3.86,-2.76,-1.25,4.9,0.24,4.95,8.6,3.24,-3.34,-3.95,Maize,Clay Loam,0.498,0.274,21.98,9,0.392,1.951.173,24.394
20.339,106.289,9,3,3.64,33,24,6,31.1,35.9,40,24.42,4.15,83.73,14.17,12,-3.54,-3.28,-3.86,-2.76,-1.25,4.9,0.24,4.95,8.6,3.24,-3.34,-3.95,Maize,Clay Loam,0.498,0.274,21.98,9,0.392,2167.97,24.4
20.343,105.941,9,3,3.64,27.9,28.3,6.1,29.2,42.9,26.6,24.42,4.15,83.73,14.41,12,-3.54,-3.28,-3.86,-2.76,-1.25,4.9,0.24,4.95,8.6,3.24,-3.34,-3.95,Maize,Clay Loam,0.498,0.26,21.98,9,0.392,1.951.173,24.4
20.344,106.106,9,3,3.64,32.3,28.3,5.9,28.1,39.6,36.6,24.42,4.15,83.73,14.17,12,-3.54,-3.28,-3.86,-2.76,-1.25,4.9,0.24,4.95,8.6,3.24,-3.34,-3.95,Maize,Clay Loam,0.498,0.277,21.98,9,0.392,2.384.767,24.4
20.345,106.338,9,2,3.64,31.9,27.9,6.1,30.6,37.5,30.2,24.42,4.15,83.73,14.17,12,-3.54,-3.28,-3.86,-2.76,-1.25,4.9,0.24,4.95,8.6,3.24,-3.34,-3.95,Maize,Clay Loam,0.498,0.262,21.98,9,0.392,1.951.173,24.407
20.346,105.942,9,2,3.64,27.4,30.4,6.1,28.7,43.9,25,24.42,4.15,83.73,14.41,12,-3.54,-3.28,-3.86,-2.76,-1.25,4.9,0.24,4.95,8.6,3.24,-3.34,-3.95,Maize,Clay Loam,0.498,0.259,21.98,9,0.392,1.951.173,24.407
20.348,106.323,9,3,3.64,33.8,29.5,6.1,29.9,36.2,29.5,24.42,4.15,83.73,14.17,12,-3.54,-3.28,-3.86,-2.76,-1.25,4.9,0.24,4.95,8.6,3.24,-3.34,-3.95,Maize,Clay Loam,0.498,0.263,21.98,9,0.392,1.951.173,24.4
20.35,105.602,9,454,3.64,37.3,31.3,5.5,26.5,36.2,40.5,23.6,3.61,83.74,14.41,12,-3.31,-2.87,-3.1,-2.21,-1.23,4,0.43,4.46,7.45,2.88,-3.09,-3.44,Maize,Clay Loam,0.474,0.286,19.25,9,0.388,3.251.955,20.649
20.351,106.466,9,1,3.64,36.5,33.9,6.1,26.6,36.9,39,24.42,4.15,83.73,14.17,12,-3.54,-3.28,-3.86,-2.76,-1.25,4.9,0.24,4.95,8.6,3.24,-3.34,-3.95,Maize,Clay Loam,0.498,0.283,21.98,9,0.392,1.951.173,24.414
20.353,106.114,9,4,3.64,31.9,28,6,28.7,39.5,29.9,24.42,4.15,83.73,14.17,12,-3.54,-3.28,-3.86,-2.76,-1.25,4.9,0.24,4.95,8.6,3.24,-3.34,-3.95,Maize,Clay Loam,0.498,0.266,21.98,9,0.392,2167.97,24.394
20.355,105.825,9,2,3.64,35.9,26.8,6.1,26.1,38,30.9,23.6,3.61,83.74,14.41,12,-3.31,-2.87,-3.1,-2.21,-1.23,4,0.43,4.46,7.45,2.88,-3.09,-3.44,Maize,Clay Loam,0.474,0.273,19.25,9,0.388,1.951.173,23.587
20.359,105.928,9,3,3.64,32.2,26.5,5.9,27,40.8,34.1,23.6,3.61,83.74,14.41,12,-3.31,-2.87,-3.1,-2.21,-1.23,4,0.43,4.46,7.45,2.88,-3.09,-3.44,Maize,Clay Loam,0.474,0.276,19.25,9,0.388,2.384.767,23.58
20.361,105.763,9,4,3.64,34.3,22.9,6.1,27,38.7,24.2,23.6,3.61,83.74,14.41,12,-3.31,-2.87,-3.1,-2.21,-1.23,4,0.43,4.46,7.45,2.88,-3.09,-3.44,Maize,Clay Loam,0.474,0.262,19.25,9,0.388,1.951.173,23.574
20.361,105.855,9,2,3.64,34.1,23.8,6,26.4,39.4,31.2,23.6,3.61,83.74,14.41,12,-3.31,-2.87,-3.1,-2.21,-1.23,4,0.43,4.46,7.45,2.88,-3.09,-3.44,Maize,Clay Loam,0.474,0.273,19.25,9,0.388,2167.97,23.587
20.362,106.399,9,3,3.64,33.7,31.4,6,28.8,37.6,29.8,24.42,4.15,83.73,14.17,12,-3.54,-3.28,-3.86,-2.76,-1.25,4.9,0.24,4.95,8.6,3.24,-3.34,-3.95,Maize,Clay Loam,0.498,0.265,21.98,9,0.392,2167.97,24.4
20.363,106.116,9,2,3.64,34,25.5,5.9,28.5,37.5,34.8,24.42,4.15,83.73,14.17,12,-3.54,-3.28,-3.86,-2.76,-1.25,4.9,0.24,4.95,8.6,3.24,-3.34,-3.95,Maize,Clay Loam,0.498,0.273,21.98,9,0.392,2.384.767,24.407
20.364,106.436,9,2,3.64,36.2,28.1,6,29.8,34,31.7,24.42,4.15,83.73,14.17,12,-3.54,-3.28,-3.86,-2.76,-1.25,4.9,0.24,4.95,8.6,3.24,-3.34,-3.95,Maize,Clay Loam,0.498,0.266,21.98,9,0.392,2167.97,24.407
20.365,105.667,9,23,3.64,32.1,22.8,5.9,27.1,40.8,21,23.6,3.61,83.74,14.41,12,-3.31,-2.87,-3.1,-2.21,-1.23,4,0.43,4.46,7.45,2.88,-3.09,-3.44,Maize,Clay Loam,0.474,0.257,19.25,9,0.388,2.384.767,23.45
20.365,105.805,9,5,3.64,32.8,25.6,5.9,27.6,39.6,26.9,23.6,3.61,83.74,14.41,12,-3.31,-2.87,-3.1,-2.21,-1.23,4,0.43,4.46,7.45,2.88,-3.09,-3.44,Maize,Clay Loam,0.474,0.264,19.25,9,0.388,2.384.767,23.568
20.367,106.272,9,4,3.64,34.2,34.3,5.9,29.3,36.6,48.7,24.42,4.15,83.73,14.17,12,-3.54,-3.28,-3.86,-2.76,-1.25,4.9,0.24,4.95,8.6,3.24,-3.34,-3.95,Maize,Clay Loam,0.498,0.291,21.98,9,0.392,2.384.767,24.394
20.367,106.299,9,2,3.64,33,33.8,6.1,28.8,38.2,37.8,24.42,4.15,83.73,14.17,12,-3.54,-3.28,-3.86,-2.76,-1.25,4.9,0.24,4.95,8.6,3.24,-3.34,-3.95,Maize,Clay Loam,0.498,0.277,21.98,9,0.392,1.951.173,24.407
20.369,105.632,9,326,3.64,32.6,30,5.5,24.6,42.8,39.4,23.6,3.61,83.74,14.41,12,-3.31,-2.87,-3.1,-2.21,-1.23,4,0.43,4.46,7.45,2.88,-3.09,-3.44,Maize,Clay Loam,0.474,0.289,19.25,9,0.388,3.251.955,21.481
20.372,105.984,9,3,3.64,31.8,26.5,6.1,24.5,43.7,28.7,24.42,4.15,83.73,14.41,12,-3.54,-3.28,-3.86,-2.76,-1.25,4.9,0.24,4.95,8.6,3.24,-3.34,-3.95,Maize,Clay Loam,0.498,0.274,21.98,9,0.392,1.951.173,24.4
20.373,105.991,9,5,3.64,33.5,22.5,6,25.6,40.9,26.1,24.42,4.15,83.73,14.41,12,-3.54,-3.28,-3.86,-2.76,-1.25,4.9,0.24,4.95,8.6,3.24,-3.34,-3.95,Maize,Clay Loam,0.498,0.268,21.98,9,0.392,2167.97,24.388
20.373,106.418,9,3,3.64,35.2,28.6,6.1,28.7,36,27.3,24.42,4.15,83.73,14.17,12,-3.54,-3.28,-3.86,-2.76,-1.25,4.9,0.24,4.95,8.6,3.24,-3.34,-3.95,Maize,Clay Loam,0.498,0.262,21.98,9,0.392,1.951.173,24.4
20.375,106.546,9,1,3.64,34.9,36.2,6.2,27.4,37.8,36.1,24.42,4.15,83.73,14.17,12,-3.54,-3.28,-3.86,-2.76,-1.25,4.9,0.24,4.95,8.6,3.24,-3.34,-3.95,Maize,Clay Loam,0.498,0.278,21.98,9,0.392,1.734.376,24.414
20.376,106.063,9,3,3.64,33.7,24.1,6,27,39.3,25.6,24.42,4.15,83.73,14.17,12,-3.54,-3.28,-3.86,-2.76,-1.25,4.9,0.24,4.95,8.6,3.24,-3.34,-3.95,Maize,Clay Loam,0.498,0.264,21.98,9,0.392,2167.97,24.4
20.378,105.902,9,3,3.64,30.5,19.6,5.9,27.6,42,32.3,23.6,3.61,83.74,14.41,12,-3.31,-2.87,-3.1,-2.21,-1.23,4,0.43,4.46,7.45,2.88,-3.09,-3.44,Maize,Clay Loam,0.474,0.272,19.25,9,0.388,2.384.767,23.58
20.379,106.099,9,2,3.64,33.3,30,5.9,28.4,38.3,30.9,24.42,4.15,83.73,14.17,12,-3.54,-3.28,-3.86,-2.76,-1.25,4.9,0.24,4.95,8.6,3.24,-3.34,-3.95,Maize,Clay Loam,0.498,0.268,21.98,9,0.392,2.384.767,24.407
20.382,105.589,9,362,3.64,34.6,30,5.6,26.5,38.8,44.4,23.6,3.61,83.74,14.41,12,-3.31,-2.87,-3.1,-2.21,-1.23,4,0.43,4.46,7.45,2.88,-3.09,-3.44,Maize,Clay Loam,0.474,0.291,19.25,9,0.388,3.035.158,21.247
20.382,106.557,9,3,3.64,34.4,33.5,5.9,27.9,37.7,33.1,24.42,4.15,83.73,14.17,12,-3.54,-3.28,-3.86,-2.76,-1.25,4.9,0.24,4.95,8.6,3.24,-3.34,-3.95,Maize,Clay Loam,0.498,0.272,21.98,9,0.392,2.384.767,24.4
20.383,105.544,9,287,3.64,33.3,28.7,5.5,26.9,39.7,38.1,23.6,3.61,83.74,14.41,12,-3.31,-2.87,-3.1,-2.21,-1.23,4,0.43,4.46,7.45,2.88,-3.09,-3.44,Maize,Clay Loam,0.474,0.281,19.25,9,0.388,3.251.955,21.734
20.384,106.056,9,2,3.64,34,26.7,6,26.3,39.6,30.1,24.42,4.15,83.73,14.17,12,-3.54,-3.28,-3.86,-2.76,-1.25,4.9,0.24,4.95,8.6,3.24,-3.34,-3.95,Maize,Clay Loam,0.498,0.272,21.98,9,0.392,2167.97,24.407
20.386,106.325,9,2,3.64,34,32.1,6,29.7,36.4,31.5,24.42,4.15,83.73,14.17,12,-3.54,-3.28,-3.86,-2.76,-1.25,4.9,0.24,4.95,8.6,3.24,-3.34,-3.95,Maize,Clay Loam,0.498,0.266,21.98,9,0.392,2167.97,24.407
20.387,105.606,9,53,3.64,33.5,24.7,5.8,26,40.5,33.5,23.6,3.61,83.74,14.41,12,-3.31,-2.87,-3.1,-2.21,-1.23,4,0.43,4.46,7.45,2.88,-3.09,-3.44,Maize,Clay Loam,0.474,0.277,19.25,9,0.388,2.601.564,23.256
20.387,105.963,9,3,3.64,32.1,24.5,6,26.3,41.5,30.1,24.42,4.15,83.73,14.41,12,-3.54,-3.28,-3.86,-2.76,-1.25,4.9,0.24,4.95,8.6,3.24,-3.34,-3.95,Maize,Clay Loam,0.498,0.272,21.98,9,0.392,2167.97,24.4
20.387,106.107,9,5,3.64,33.8,27,6.1,29.2,37,29.7,24.42,4.15,83.73,14.17,12,-3.54,-3.28,-3.86,-2.76,-1.25,4.9,0.24,4.95,8.6,3.24,-3.34,-3.95,Maize,Clay Loam,0.498,0.264,21.98,9,0.392,1.951.173,24.388
20.39,105.547,9,134,3.64,33.7,27.8,5.6,26.7,39.7,40.6,23.6,3.61,83.74,14.41,12,-3.31,-2.87,-3.1,-2.21,-1.23,4,0.43,4.46,7.45,2.88,-3.09,-3.44,Maize,Clay Loam,0.474,0.285,19.25,9,0.388,3.035.158,22.729
20.39,106.183,9,4,3.64,32.2,29.5,6,28.6,39.2,35.2,24.42,4.15,83.73,14.17,12,-3.54,-3.28,-3.86,-2.76,-1.25,4.9,0.24,4.95,8.6,3.24,-3.34,-3.95,Maize,Clay Loam,0.498,0.273,21.98,9,0.392,2167.97,24.394
20.391,106.46,9,2,3.64,35,34.5,6,27.6,37.4,34,24.42,4.15,83.73,14.17,12,-3.54,-3.28,-3.86,-2.76,-1.25,4.9,0.24,4.95,8.6,3.24,-3.34,-3.95,Maize,Clay Loam,0.498,0.274,21.98,9,0.392,2167.97,24.407
20.392,105.642,9,39,3.64,30.7,21,5.9,27.4,41.9,20.6,23.6,3.61,83.74,14.41,12,-3.31,-2.87,-3.1,-2.21,-1.23,4,0.43,4.46,7.45,2.88,-3.09,-3.44,Maize,Clay Loam,0.474,0.256,19.25,9,0.388,2.384.767,23.347
20.393,105.631,9,44,3.64,31.4,20.1,5.9,26.8,41.8,18.5,23.6,3.61,83.74,14.41,12,-3.31,-2.87,-3.1,-2.21,-1.23,4,0.43,4.46,7.45,2.88,-3.09,-3.44,Maize,Clay Loam,0.474,0.254,19.25,9,0.388,2.384.767,23.314
20.393,106.371,9,2,3.64,34.5,32,5.9,29.6,35.9,36.3,24.42,4.15,83.73,14.17,12,-3.54,-3.28,-3.86,-2.76,-1.25,4.9,0.24,4.95,8.6,3.24,-3.34,-3.95,Maize,Clay Loam,0.498,0.273,21.98,9,0.392,2.384.767,24.407
20.394,106.002,9,2,3.64,32.6,24.3,6.1,26.9,40.5,29.5,24.42,4.15,83.73,14.17,12,-3.54,-3.28,-3.86,-2.76,-1.25,4.9,0.24,4.95,8.6,3.24,-3.34,-3.95,Maize,Clay Loam,0.498,0.269,21.98,9,0.392,1.951.173,24.407
20.395,105.95,9,3,3.64,30.5,27.3,6,26.1,43.3,28.2,24.42,4.15,83.73,14.41,12,-3.54,-3.28,-3.86,-2.76,-1.25,4.9,0.24,4.95,8.6,3.24,-3.34,-3.95,Maize,Clay Loam,0.498,0.269,21.98,9,0.392,2167.97,24.4
20.397,106.434,9,3,3.64,34.6,35.2,6,28.8,36.6,31.4,24.42,4.15,83.73,14.17,12,-3.54,-3.28,-3.86,-2.76,-1.25,4.9,0.24,4.95,8.6,3.24,-3.34,-3.95,Maize,Clay Loam,0.498,0.268,21.98,9,0.392,2167.97,24.4
20.398,106.319,9,3,3.64,35,30.5,5.9,28.4,36.5,34.7,24.42,4.15,83.73,14.17,12,-3.54,-3.28,-3.86,-2.76,-1.25,4.9,0.24,4.95,8.6,3.24,-3.34,-3.95,Maize,Clay Loam,0.498,0.273,21.98,9,0.392,2.384.767,24.4
20.399,106.44,9,5,3.64,34.4,35.2,6.1,28.6,37,29.8,24.42,4.15,83.73,14.17,12,-3.54,-3.28,-3.86,-2.76,-1.25,4.9,0.24,4.95,8.6,3.24,-3.34,-3.95,Maize,Clay Loam,0.498,0.266,21.98,9,0.392,1.951.173,24.388
20.4,105.61,9,50,3.64,33.5,20.2,5.8,26.6,39.8,24.4,23.6,3.61,83.74,14.41,12,-3.31,-2.87,-3.1,-2.21,-1.23,4,0.43,4.46,7.45,2.88,-3.09,-3.44,Maize,Clay Loam,0.474,0.263,19.25,9,0.388,2.601.564,23.275
20.402,105.938,9,2,3.64,30.9,27.3,6.1,25.8,43.3,31.3,24.42,4.15,83.73,14.41,12,-3.54,-3.28,-3.86,-2.76,-1.25,4.9,0.24,4.95,8.6,3.24,-3.34,-3.95,Maize,Clay Loam,0.498,0.274,21.98,9,0.392,1.951.173,24.407
20.402,106.512,9,3,3.64,34,26,6,27.9,38.1,28.2,24.42,4.15,83.73,14.17,12,-3.54,-3.28,-3.86,-2.76,-1.25,4.9,0.24,4.95,8.6,3.24,-3.34,-3.95,Maize,Clay Loam,0.498,0.265,21.98,9,0.392,2167.97,24.4
20.403,105.915,9,3,3.64,32.3,21,5.9,25.4,42.2,31,23.6,3.61,83.74,14.41,12,-3.31,-2.87,-3.1,-2.21,-1.23,4,0.43,4.46,7.45,2.88,-3.09,-3.44,Maize,Clay Loam,0.474,0.275,19.25,9,0.388,2.384.767,23.58
20.406,106.158,9,4,3.64,32.4,27.9,5.9,30.9,36.7,29.1,24.42,4.15,83.73,14.17,12,-3.54,-3.28,-3.86,-2.76,-1.25,4.9,0.24,4.95,8.6,3.24,-3.34,-3.95,Maize,Clay Loam,0.498,0.26,21.98,9,0.392,2.384.767,24.394
20.406,106.56,9,1,3.64,36.2,32.1,6,27.8,35.9,34.2,24.42,4.15,83.73,14.17,12,-3.54,-3.28,-3.86,-2.76,-1.25,4.9,0.24,4.95,8.6,3.24,-3.34,-3.95,Maize,Clay Loam,0.498,0.274,21.98,9,0.392,2167.97,24.414
20.407,105.89,9,47,3.64,33.5,21.8,6,25.8,40.7,29.9,23.6,3.61,83.74,14.41,12,-3.31,-2.87,-3.1,-2.21,-1.23,4,0.43,4.46,7.45,2.88,-3.09,-3.44,Maize,Clay Loam,0.474,0.273,19.25,9,0.388,2167.97,23.295
20.408,106.489,9,2,3.64,35,36.4,6.1,28.4,36.5,29,24.42,4.15,83.73,14.17,12,-3.54,-3.28,-3.86,-2.76,-1.25,4.9,0.24,4.95,8.6,3.24,-3.34,-3.95,Maize,Clay Loam,0.498,0.265,21.98,9,0.392,1.951.173,24.407
20.411,105.722,9,14,3.64,31.2,22.6,5.7,28.1,40.7,26.9,23.6,3.61,83.74,14.41,12,-3.31,-2.87,-3.1,-2.21,-1.23,4,0.43,4.46,7.45,2.88,-3.09,-3.44,Maize,Clay Loam,0.474,0.263,19.25,9,0.388,2.818.361,23.509
20.411,105.754,9,29,3.64,34.7,25.3,5.7,27.5,37.8,42.6,23.6,3.61,83.74,14.41,12,-3.31,-2.87,-3.1,-2.21,-1.23,4,0.43,4.46,7.45,2.88,-3.09,-3.44,Maize,Clay Loam,0.474,0.286,19.25,9,0.388,2.818.361,23.412
20.414,105.686,9,25,3.64,32,24.7,5.7,28.2,39.8,31.6,23.6,3.61,83.74,14.41,12,-3.31,-2.87,-3.1,-2.21,-1.23,4,0.43,4.46,7.45,2.88,-3.09,-3.44,Maize,Clay Loam,0.474,0.269,19.25,9,0.388,2.818.361,23.438
20.416,106.49,9,1,3.64,35.7,38,6.1,27.7,36.6,38.6,24.42,4.15,83.73,14.17,12,-3.54,-3.28,-3.86,-2.76,-1.25,4.9,0.24,4.95,8.6,3.24,-3.34,-3.95,Maize,Clay Loam,0.498,0.28,21.98,9,0.392,1.951.173,24.414
20.417,105.866,9,120,3.64,32.5,23.6,5.8,29.2,38.3,43.3,23.6,3.61,83.74,14.41,12,-3.31,-2.87,-3.1,-2.21,-1.23,4,0.43,4.46,7.45,2.88,-3.09,-3.44,Maize,Clay Loam,0.474,0.283,19.25,9,0.388,2.601.564,22.82
20.417,106.127,9,5,3.64,32.7,26.4,6,29.9,37.4,25.5,24.42,4.15,83.73,14.17,12,-3.54,-3.28,-3.86,-2.76,-1.25,4.9,0.24,4.95,8.6,3.24,-3.34,-3.95,Maize,Clay Loam,0.498,0.257,21.98,9,0.392,2167.97,24.388
20.417,106.494,9,2,3.64,36.3,34.5,6,27.6,36.1,35.8,24.42,4.15,83.73,14.17,12,-3.54,-3.28,-3.86,-2.76,-1.25,4.9,0.24,4.95,8.6,3.24,-3.34,-3.95,Maize,Clay Loam,0.498,0.277,21.98,9,0.392,2167.97,24.407
20.419,105.627,9,86,3.64,32.2,22.2,6,26.9,40.9,25,23.6,3.61,83.74,14.41,12,-3.31,-2.87,-3.1,-2.21,-1.23,4,0.43,4.46,7.45,2.88,-3.09,-3.44,Maize,Clay Loam,0.474,0.263,19.25,9,0.388,2167.97,23.041
20.421,105.704,9,169,3.64,34.1,28.9,5.6,28.7,37.2,38,23.6,3.61,83.74,14.41,12,-3.31,-2.87,-3.1,-2.21,-1.23,4,0.43,4.46,7.45,2.88,-3.09,-3.44,Maize,Clay Loam,0.474,0.277,19.25,9,0.388,3.035.158,22.502
20.421,106.527,9,2,3.64,35.3,32.4,6.1,27.8,36.9,30.9,24.42,4.15,83.73,14.17,12,-3.54,-3.28,-3.86,-2.76,-1.25,4.9,0.24,4.95,8.6,3.24,-3.34,-3.95,Maize,Clay Loam,0.498,0.269,21.98,9,0.392,1.951.173,24.407
20.422,106.054,9,2,3.64,34.1,27.6,6.1,26.9,39,34.2,24.42,4.15,83.73,14.17,12,-3.54,-3.28,-3.86,-2.76,-1.25,4.9,0.24,4.95,8.6,3.24,-3.34,-3.95,Maize,Clay Loam,0.498,0.276,21.98,9,0.392,1.951.173,24.407
20.422,106.501,9,1,3.64,35.2,37.4,6,27.8,37,38,24.42,4.15,83.73,14.17,12,-3.54,-3.28,-3.86,-2.76,-1.25,4.9,0.24,4.95,8.6,3.24,-3.34,-3.95,Maize,Clay Loam,0.498,0.279,21.98,9,0.392,2167.97,24.414
20.423,105.861,9,56,3.64,33.9,25,5.7,28.5,37.6,35.6,23.6,3.61,83.74,14.41,12,-3.31,-2.87,-3.1,-2.21,-1.23,4,0.43,4.46,7.45,2.88,-3.09,-3.44,Maize,Clay Loam,0.474,0.274,19.25,9,0.388,2.818.361,23.236
20.424,106.074,9,2,3.64,34.9,25.2,6,26.6,38.5,35.3,24.42,4.15,83.73,14.17,12,-3.54,-3.28,-3.86,-2.76,-1.25,4.9,0.24,4.95,8.6,3.24,-3.34,-3.95,Maize,Clay Loam,0.498,0.278,21.98,9,0.392,2167.97,24.407
20.425,106.57,9,1,3.64,35.4,34,6.1,26.9,37.7,36.9,25.01,5.24,82.62,14.17,12,-4,-4.2,-4.82,-4.01,-1.04,10.84,0.69,5.18,8.3,1.8,-3.8,-4.9,Maize,Clay Loam,0.551,0.28,26.77,6,0.404,1.951.173,25.004
20.427,106.085,9,5,3.64,35.1,27.2,6,27.7,37.3,31.6,24.42,4.15,83.73,14.17,12,-3.54,-3.28,-3.86,-2.76,-1.25,4.9,0.24,4.95,8.6,3.24,-3.34,-3.95,Maize,Clay Loam,0.498,0.271,21.98,9,0.392,2167.97,24.388
20.428,106.221,9,6,3.64,33,31.8,5.8,31.9,35.1,38.8,24.42,4.15,83.73,14.17,12,-3.54,-3.28,-3.86,-2.76,-1.25,4.9,0.24,4.95,8.6,3.24,-3.34,-3.95,Maize,Clay Loam,0.498,0.271,21.98,9,0.392,2.601.564,24.381
20.428,106.445,9,2,3.64,34.4,39.2,6,27.8,37.8,32.6,24.42,4.15,83.73,14.17,12,-3.54,-3.28,-3.86,-2.76,-1.25,4.9,0.24,4.95,8.6,3.24,-3.34,-3.95,Maize,Clay Loam,0.498,0.272,21.98,9,0.392,2167.97,24.407
20.429,106.47,9,2,3.64,35.1,44.1,6,27.7,37.2,38,24.42,4.15,83.73,14.17,12,-3.54,-3.28,-3.86,-2.76,-1.25,4.9,0.24,4.95,8.6,3.24,-3.34,-3.95,Maize,Clay Loam,0.498,0.279,21.98,9,0.392,2167.97,24.407
20.43,105.901,9,16,3.64,32.2,21.4,6,26.4,41.5,61.6,23.6,3.61,83.74,14.41,12,-3.31,-2.87,-3.1,-2.21,-1.23,4,0.43,4.46,7.45,2.88,-3.09,-3.44,Maize,Clay Loam,0.474,0.316,19.25,9,0.388,2167.97,23.496
20.431,106.068,9,2,3.64,33.3,29.4,6,26.3,40.4,28.8,24.42,4.15,83.73,14.17,12,-3.54,-3.28,-3.86,-2.76,-1.25,4.9,0.24,4.95,8.6,3.24,-3.34,-3.95,Maize,Clay Loam,0.498,0.27,21.98,9,0.392,2167.97,24.407
20.434,106.578,9,3,3.64,35.9,33,6,26.4,37.7,29.4,25.01,5.24,82.62,14.17,12,-4,-4.2,-4.82,-4.01,-1.04,10.84,0.69,5.18,8.3,1.8,-3.8,-4.9,Maize,Clay Loam,0.551,0.27,26.77,6,0.404,2167.97,24.99
20.436,105.522,9,71,3.64,31.7,23.7,5.6,26.4,41.9,30.6,23.6,3.61,83.74,14.41,12,-3.31,-2.87,-3.1,-2.21,-1.23,4,0.43,4.46,7.45,2.88,-3.09,-3.44,Maize,Clay Loam,0.474,0.272,19.25,9,0.388,3.035.158,23.138
20.436,106.352,9,3,3.64,34.5,32.7,6.1,28,37.5,33.3,24.42,4.15,83.73,14.17,12,-3.54,-3.28,-3.86,-2.76,-1.25,4.9,0.24,4.95,8.6,3.24,-3.34,-3.95,Maize,Clay Loam,0.498,0.272,21.98,9,0.392,1.951.173,24.4
20.439,105.81,9,37,3.64,33,23,5.7,27.6,39.5,35.1,23.6,3.61,83.74,14.41,12,-3.31,-2.87,-3.1,-2.21,-1.23,4,0.43,4.46,7.45,2.88,-3.09,-3.44,Maize,Clay Loam,0.474,0.276,19.25,9,0.388,2.818.361,23.36
20.44,106.267,9,2,3.64,34.2,29.2,6,26.8,39,34.6,24.42,4.15,83.73,14.17,12,-3.54,-3.28,-3.86,-2.76,-1.25,4.9,0.24,4.95,8.6,3.24,-3.34,-3.95,Maize,Clay Loam,0.498,0.277,21.98,9,0.392,2167.97,24.407
20.442,105.691,9,72,3.64,32.5,23.7,5.7,27.9,39.6,34.6,23.6,3.61,83.74,14.41,12,-3.31,-2.87,-3.1,-2.21,-1.23,4,0.43,4.46,7.45,2.88,-3.09,-3.44,Maize,Clay Loam,0.474,0.274,19.25,9,0.388,2.818.361,23.132
20.443,105.835,9,103,3.64,31.6,22.2,5.8,27,41.5,39.2,23.6,3.61,83.74,14.41,12,-3.31,-2.87,-3.1,-2.21,-1.23,4,0.43,4.46,7.45,2.88,-3.09,-3.44,Maize,Clay Loam,0.474,0.283,19.25,9,0.388,2.601.564,22.931
20.444,105.658,9,48,3.64,33.3,24.9,5.7,28,38.8,38.6,23.6,3.61,83.74,14.41,12,-3.31,-2.87,-3.1,-2.21,-1.23,4,0.43,4.46,7.45,2.88,-3.09,-3.44,Maize,Clay Loam,0.474,0.28,19.25,9,0.388,2.818.361,23.288
20.444,105.881,9,122,3.64,33.1,22.4,5.9,28.1,38.8,30.1,23.6,3.61,83.74,14.41,12,-3.31,-2.87,-3.1,-2.21,-1.23,4,0.43,4.46,7.45,2.88,-3.09,-3.44,Maize,Clay Loam,0.474,0.268,19.25,9,0.388,2.384.767,22.807
20.445,105.669,9,76,3.64,33,23.3,5.8,27.9,39.1,35.1,23.6,3.61,83.74,14.41,12,-3.31,-2.87,-3.1,-2.21,-1.23,4,0.43,4.46,7.45,2.88,-3.09,-3.44,Maize,Clay Loam,0.474,0.275,19.25,9,0.388,2.601.564,23.106
20.445,106.091,9,6,3.64,35.9,27.1,6.1,28.2,35.9,30.3,24.42,4.15,83.73,14.17,12,-3.54,-3.28,-3.86,-2.76,-1.25,4.9,0.24,4.95,8.6,3.24,-3.34,-3.95,Maize,Clay Loam,0.498,0.268,21.98,9,0.392,1.951.173,24.381
20.445,106.372,9,2,3.64,34.7,39.7,6,27.9,37.4,38.2,24.42,4.15,83.73,14.17,12,-3.54,-3.28,-3.86,-2.76,-1.25,4.9,0.24,4.95,8.6,3.24,-3.34,-3.95,Maize,Clay Loam,0.498,0.279,21.98,9,0.392,2167.97,24.407
20.447,106.259,9,2,3.64,35.7,33.9,6,27.2,37.1,32.5,24.42,4.15,83.73,14.17,12,-3.54,-3.28,-3.86,-2.76,-1.25,4.9,0.24,4.95,8.6,3.24,-3.34,-3.95,Maize,Clay Loam,0.498,0.273,21.98,9,0.392,2167.97,24.407
20.448,106.161,9,4,3.64,31.6,28.3,5.9,28.8,39.6,29.5,24.42,4.15,83.73,14.17,12,-3.54,-3.28,-3.86,-2.76,-1.25,4.9,0.24,4.95,8.6,3.24,-3.34,-3.95,Maize,Clay Loam,0.498,0.265,21.98,9,0.392,2.384.767,24.394
20.452,105.922,9,4,3.64,32.5,25.5,5.9,24.5,43,31.9,23.6,3.61,83.74,14.41,12,-3.31,-2.87,-3.1,-2.21,-1.23,4,0.43,4.46,7.45,2.88,-3.09,-3.44,Maize,Clay Loam,0.474,0.278,19.25,9,0.388,2.384.767,23.574
20.453,105.892,9,4,3.64,37.5,21.5,5.9,25.1,37.4,41.1,23.6,3.61,83.74,14.41,12,-3.31,-2.87,-3.1,-2.21,-1.23,4,0.43,4.46,7.45,2.88,-3.09,-3.44,Maize,Clay Loam,0.474,0.29,19.25,9,0.388,2.384.767,23.574
20.453,106.257,9,2,3.64,35.4,33.2,5.9,27.4,37.3,29.4,24.42,4.15,83.73,14.17,12,-3.54,-3.28,-3.86,-2.76,-1.25,4.9,0.24,4.95,8.6,3.24,-3.34,-3.95,Maize,Clay Loam,0.498,0.268,21.98,9,0.392,2.384.767,24.407
20.454,106.03,9,2,3.64,33.9,28.9,6.1,26.6,39.5,27.3,24.42,4.15,83.73,14.17,12,-3.54,-3.28,-3.86,-2.76,-1.25,4.9,0.24,4.95,8.6,3.24,-3.34,-3.95,Maize,Clay Loam,0.498,0.267,21.98,9,0.392,1.951.173,24.407
20.456,105.727,9,25,3.64,34,26.2,5.6,25.2,40.8,27.9,23.6,3.61,83.74,14.41,12,-3.31,-2.87,-3.1,-2.21,-1.23,4,0.43,4.46,7.45,2.88,-3.09,-3.44,Maize,Clay Loam,0.474,0.271,19.25,9,0.388,3.035.158,23.438
20.457,105.962,9,3,3.64,31.4,22.2,6,23.1,45.6,29.3,24.42,4.15,83.73,14.41,12,-3.54,-3.28,-3.86,-2.76,-1.25,4.9,0.24,4.95,8.6,3.24,-3.34,-3.95,Maize,Clay Loam,0.498,0.278,21.98,9,0.392,2167.97,24.4
20.457,106.283,9,3,3.64,36,26.2,6,28,36,25.8,24.42,4.15,83.73,14.17,12,-3.54,-3.28,-3.86,-2.76,-1.25,4.9,0.24,4.95,8.6,3.24,-3.34,-3.95,Maize,Clay Loam,0.498,0.262,21.98,9,0.392,2167.97,24.4
20.458,106.072,9,3,3.64,36.2,28.2,6.1,24.6,39.2,28.6,24.42,4.15,83.73,14.17,12,-3.54,-3.28,-3.86,-2.76,-1.25,4.9,0.24,4.95,8.6,3.24,-3.34,-3.95,Maize,Clay Loam,0.498,0.273,21.98,9,0.392,1.951.173,24.4
20.459,106.137,9,2,3.64,29.7,30.6,6,28.3,42,31.5,24.42,4.15,83.73,14.17,12,-3.54,-3.28,-3.86,-2.76,-1.25,4.9,0.24,4.95,8.6,3.24,-3.34,-3.95,Maize,Clay Loam,0.498,0.269,21.98,9,0.392,2167.97,24.407
20.46,106.365,9,0,3.64,33.5,34.1,6,27.9,38.5,46.9,24.42,4.15,83.73,14.17,12,-3.54,-3.28,-3.86,-2.76,-1.25,4.9,0.24,4.95,8.6,3.24,-3.34,-3.95,Maize,Clay Loam,0.498,0.291,21.98,9,0.392,2167.97,24.42
20.46,106.479,9,2,3.64,32.3,33.7,6.1,24.8,42.9,31.3,24.42,4.15,83.73,14.17,12,-3.54,-3.28,-3.86,-2.76,-1.25,4.9,0.24,4.95,8.6,3.24,-3.34,-3.95,Maize,Clay Loam,0.498,0.277,21.98,9,0.392,1.951.173,24.407
20.461,105.585,9,97,3.64,35.3,21.2,5.8,24.9,39.8,27.6,23.6,3.61,83.74,14.41,12,-3.31,-2.87,-3.1,-2.21,-1.23,4,0.43,4.46,7.45,2.88,-3.09,-3.44,Maize,Clay Loam,0.474,0.271,19.25,9,0.388,2.601.564,22.97
20.461,105.597,9,168,3.64,32.6,26.4,5.6,25.5,41.9,31.8,23.6,3.61,83.74,14.41,12,-3.31,-2.87,-3.1,-2.21,-1.23,4,0.43,4.46,7.45,2.88,-3.09,-3.44,Maize,Clay Loam,0.474,0.276,19.25,9,0.388,3.035.158,22.508
20.464,106.051,9,3,3.64,34.8,29.4,6.1,26.1,39.1,26.3,24.42,4.15,83.73,14.17,12,-3.54,-3.28,-3.86,-2.76,-1.25,4.9,0.24,4.95,8.6,3.24,-3.34,-3.95,Maize,Clay Loam,0.498,0.267,21.98,9,0.392,1.951.173,24.4
20.464,106.359,9,3,3.64,34.8,31.4,6.1,29.4,35.7,29.9,24.42,4.15,83.73,14.17,12,-3.54,-3.28,-3.86,-2.76,-1.25,4.9,0.24,4.95,8.6,3.24,-3.34,-3.95,Maize,Clay Loam,0.498,0.264,21.98,9,0.392,1.951.173,24.4
20.466,106.158,9,3,3.64,30.1,26.5,6,29,40.9,27.3,24.42,4.15,83.73,14.17,12,-3.54,-3.28,-3.86,-2.76,-1.25,4.9,0.24,4.95,8.6,3.24,-3.34,-3.95,Maize,Clay Loam,0.498,0.262,21.98,9,0.392,2167.97,24.4
20.467,106.009,9,2,3.64,33.7,28.5,6,26.4,40,35.8,24.42,4.15,83.73,14.17,12,-3.54,-3.28,-3.86,-2.76,-1.25,4.9,0.24,4.95,8.6,3.24,-3.34,-3.95,Maize,Clay Loam,0.498,0.279,21.98,9,0.392,2167.97,24.407
20.468,106.174,9,4,3.64,31.4,25.6,6,29.5,39.1,28.8,24.42,4.15,83.73,14.17,12,-3.54,-3.28,-3.86,-2.76,-1.25,4.9,0.24,4.95,8.6,3.24,-3.34,-3.95,Maize,Clay Loam,0.498,0.262,21.98,9,0.392,2167.97,24.394
20.469,106.085,9,3,3.64,32.7,26.7,6,27.5,39.8,29.1,24.42,4.15,83.73,14.17,12,-3.54,-3.28,-3.86,-2.76,-1.25,4.9,0.24,4.95,8.6,3.24,-3.34,-3.95,Maize,Clay Loam,0.498,0.267,21.98,9,0.392,2167.97,24.4
20.472,105.624,9,70,3.64,32.3,21.3,5.7,25.3,42.4,26.5,23.6,3.61,83.74,14.41,12,-3.31,-2.87,-3.1,-2.21,-1.23,4,0.43,4.46,7.45,2.88,-3.09,-3.44,Maize,Clay Loam,0.474,0.269,19.25,9,0.388,2.818.361,23.145
20.474,106.06,9,3,3.64,36.5,27.7,6.1,26.1,37.4,26.4,24.42,4.15,83.73,14.17,12,-3.54,-3.28,-3.86,-2.76,-1.25,4.9,0.24,4.95,8.6,3.24,-3.34,-3.95,Maize,Clay Loam,0.498,0.267,21.98,9,0.392,1.951.173,24.4
20.477,106.527,9,1,3.64,38.8,34.9,6.2,25.5,35.6,43,24.42,4.15,83.73,14.17,12,-3.54,-3.28,-3.86,-2.76,-1.25,4.9,0.24,4.95,8.6,3.24,-3.34,-3.95,Maize,Clay Loam,0.498,0.292,21.98,9,0.392,1.734.376,24.414
20.478,106.131,9,5,3.64,33.6,23.1,6,28.6,37.8,32.4,24.42,4.15,83.73,14.17,12,-3.54,-3.28,-3.86,-2.76,-1.25,4.9,0.24,4.95,8.6,3.24,-3.34,-3.95,Maize,Clay Loam,0.498,0.27,21.98,9,0.392,2167.97,24.388
20.479,106.246,9,3,3.64,33.8,27,6,27.8,38.5,31.7,24.42,4.15,83.73,14.17,12,-3.54,-3.28,-3.86,-2.76,-1.25,4.9,0.24,4.95,8.6,3.24,-3.34,-3.95,Maize,Clay Loam,0.498,0.27,21.98,9,0.392,2167.97,24.4
20.48,106.436,9,2,3.64,34.2,33.5,5.9,29.7,36.1,33.1,24.42,4.15,83.73,14.17,12,-3.54,-3.28,-3.86,-2.76,-1.25,4.9,0.24,4.95,8.6,3.24,-3.34,-3.95,Maize,Clay Loam,0.498,0.268,21.98,9,0.392,2.384.767,24.407
20.482,105.889,9,4,3.64,35.9,20.1,5.9,23.1,41.1,27.5,23.6,3.61,83.74,14.41,12,-3.31,-2.87,-3.1,-2.21,-1.23,4,0.43,4.46,7.45,2.88,-3.09,-3.44,Maize,Clay Loam,0.474,0.275,19.25,9,0.388,2.384.767,23.574
20.482,106.168,9,3,3.64,32.2,26.2,6.1,30.3,37.5,28.8,24.42,4.15,83.73,14.17,12,-3.54,-3.28,-3.86,-2.76,-1.25,4.9,0.24,4.95,8.6,3.24,-3.34,-3.95,Maize,Clay Loam,0.498,0.261,21.98,9,0.392,1.951.173,24.4
20.483,106.411,9,0,3.64,33,33.4,5.8,29,38,34.6,24.42,4.15,83.73,14.17,12,-3.54,-3.28,-3.86,-2.76,-1.25,4.9,0.24,4.95,8.6,3.24,-3.34,-3.95,Maize,Clay Loam,0.498,0.272,21.98,9,0.392,2.601.564,24.42
20.484,106.465,9,2,3.64,34.1,35.9,6.1,26.1,39.8,33.9,24.42,4.15,83.73,14.17,12,-3.54,-3.28,-3.86,-2.76,-1.25,4.9,0.24,4.95,8.6,3.24,-3.34,-3.95,Maize,Clay Loam,0.498,0.277,21.98,9,0.392,1.951.173,24.407
20.486,106.168,9,3,3.64,32.5,25.5,6,30.1,37.4,27.8,24.42,4.15,83.73,14.17,12,-3.54,-3.28,-3.86,-2.76,-1.25,4.9,0.24,4.95,8.6,3.24,-3.34,-3.95,Maize,Clay Loam,0.498,0.26,21.98,9,0.392,2167.97,24.4
20.488,106.257,9,2,3.64,33.5,29.9,6,27.7,38.8,32.8,24.42,4.15,83.73,14.17,12,-3.54,-3.28,-3.86,-2.76,-1.25,4.9,0.24,4.95,8.6,3.24,-3.34,-3.95,Maize,Clay Loam,0.498,0.272,21.98,9,0.392,2167.97,24.407
20.49,105.74,9,319,3.64,33.3,30.1,5.7,28.1,38.6,43,23.6,3.61,83.74,14.41,12,-3.31,-2.87,-3.1,-2.21,-1.23,4,0.43,4.46,7.45,2.88,-3.09,-3.44,Maize,Clay Loam,0.474,0.286,19.25,9,0.388,2.818.361,21.527
20.49,106.281,9,2,3.64,34,37.1,5.9,27.9,38.2,45.5,24.42,4.15,83.73,14.17,12,-3.54,-3.28,-3.86,-2.76,-1.25,4.9,0.24,4.95,8.6,3.24,-3.34,-3.95,Maize,Clay Loam,0.498,0.29,21.98,9,0.392,2.384.767,24.407
20.49,106.403,9,4,3.64,35.6,26.6,6.2,28,36.4,29,24.42,4.15,83.73,14.17,12,-3.54,-3.28,-3.86,-2.76,-1.25,4.9,0.24,4.95,8.6,3.24,-3.34,-3.95,Maize,Clay Loam,0.498,0.266,21.98,9,0.392,1.734.376,24.394
20.491,106.479,9,0,3.64,35.4,37.3,6,26.9,37.7,48.9,24.42,4.15,83.73,14.17,12,-3.54,-3.28,-3.86,-2.76,-1.25,4.9,0.24,4.95,8.6,3.24,-3.34,-3.95,Maize,Clay Loam,0.498,0.297,21.98,9,0.392,2167.97,24.42
20.492,105.813,9,75,3.64,32.1,29.5,5.9,28.4,39.5,37,23.6,3.61,83.74,14.41,12,-3.31,-2.87,-3.1,-2.21,-1.23,4,0.43,4.46,7.45,2.88,-3.09,-3.44,Maize,Clay Loam,0.474,0.276,19.25,9,0.388,2.384.767,23.112
20.493,106.164,9,3,3.64,33.8,27.3,5.8,29.4,36.8,33.5,24.42,4.15,83.73,14.17,12,-3.54,-3.28,-3.86,-2.76,-1.25,4.9,0.24,4.95,8.6,3.24,-3.34,-3.95,Maize,Clay Loam,0.498,0.269,21.98,9,0.392,2.601.564,24.4
20.495,105.917,9,3,3.64,37.2,25.6,6.1,24.5,38.2,31.4,23.6,3.61,83.74,14.41,12,-3.31,-2.87,-3.1,-2.21,-1.23,4,0.43,4.46,7.45,2.88,-3.09,-3.44,Maize,Clay Loam,0.474,0.278,19.25,9,0.388,1.951.173,23.58
20.497,106.32,9,2,3.64,33,35.7,6.1,27.4,39.6,30.6,24.42,4.15,83.73,14.17,12,-3.54,-3.28,-3.86,-2.76,-1.25,4.9,0.24,4.95,8.6,3.24,-3.34,-3.95,Maize,Clay Loam,0.498,0.27,21.98,9,0.392,1.951.173,24.407
20.499,106.055,9,3,3.64,32.8,29.6,6,25,42.2,29.5,24.42,4.15,83.73,14.17,12,-3.54,-3.28,-3.86,-2.76,-1.25,4.9,0.24,4.95,8.6,3.24,-3.34,-3.95,Maize,Clay Loam,0.498,0.274,21.98,9,0.392,2167.97,24.4
20.501,106.542,9,5,3.64,38.7,30.2,6.1,26.6,34.7,36.8,24.42,4.15,83.73,14.17,12,-3.54,-3.28,-3.86,-2.76,-1.25,4.9,0.24,4.95,8.6,3.24,-3.34,-3.95,Maize,Clay Loam,0.498,0.28,21.98,9,0.392,1.951.173,24.388
20.501,106.565,9,3,3.64,39.3,33.7,6.2,25.5,35.2,29.9,25.01,5.24,82.62,14.17,12,-4,-4.2,-4.82,-4.01,-1.04,10.84,0.69,5.18,8.3,1.8,-3.8,-4.9,Maize,Clay Loam,0.551,0.273,26.77,6,0.404,1.734.376,24.99
20.503,105.6,9,245,3.64,32.8,27.9,5.5,26.5,40.7,39,23.6,3.61,83.74,14.41,12,-3.31,-2.87,-3.1,-2.21,-1.23,4,0.43,4.46,7.45,2.88,-3.09,-3.44,Maize,Clay Loam,0.474,0.284,19.25,9,0.388,3.251.955,22.008
20.504,106.292,9,2,3.64,33.9,34.4,6,28.3,37.8,42.3,24.42,4.15,83.73,14.17,12,-3.54,-3.28,-3.86,-2.76,-1.25,4.9,0.24,4.95,8.6,3.24,-3.34,-3.95,Maize,Clay Loam,0.498,0.284,21.98,9,0.392,2167.97,24.407
20.506,106.232,9,2,3.64,32.8,27.9,5.9,28.2,39,33.8,24.42,4.15,83.73,14.17,12,-3.54,-3.28,-3.86,-2.76,-1.25,4.9,0.24,4.95,8.6,3.24,-3.34,-3.95,Maize,Clay Loam,0.498,0.272,21.98,9,0.392,2.384.767,24.407
20.509,105.919,9,3,3.64,35.8,22.9,6.1,23.4,40.8,31.2,23.6,3.61,83.74,14.41,12,-3.31,-2.87,-3.1,-2.21,-1.23,4,0.43,4.46,7.45,2.88,-3.09,-3.44,Maize,Clay Loam,0.474,0.28,19.25,9,0.388,1.951.173,23.58
20.51,106.283,9,2,3.64,31.3,34.4,6.1,26,42.7,33.1,24.42,4.15,83.73,14.17,12,-3.54,-3.28,-3.86,-2.76,-1.25,4.9,0.24,4.95,8.6,3.24,-3.34,-3.95,Maize,Clay Loam,0.498,0.277,21.98,9,0.392,1.951.173,24.407
20.511,106.39,9,2,3.64,35.8,39.5,6.3,27.7,36.5,35.9,24.42,4.15,83.73,14.17,12,-3.54,-3.28,-3.86,-2.76,-1.25,4.9,0.24,4.95,8.6,3.24,-3.34,-3.95,Maize,Clay Loam,0.498,0.277,21.98,9,0.392,1.517.579,24.407
20.513,105.549,9,213,3.64,32.6,27.6,5.8,25.6,41.8,41.2,23.6,3.61,83.74,14.41,12,-3.31,-2.87,-3.1,-2.21,-1.23,4,0.43,4.46,7.45,2.88,-3.09,-3.44,Maize,Clay Loam,0.474,0.289,19.25,9,0.388,2.601.564,22.216
20.513,106.491,9,1,3.64,35,37.4,6.1,27.1,38,35.3,24.42,4.15,83.73,14.17,12,-3.54,-3.28,-3.86,-2.76,-1.25,4.9,0.24,4.95,8.6,3.24,-3.34,-3.95,Maize,Clay Loam,0.498,0.277,21.98,9,0.392,1.951.173,24.414
20.514,105.897,9,5,3.64,37.3,23.1,5.9,24.9,37.8,27.9,23.6,3.61,83.74,14.41,12,-3.31,-2.87,-3.1,-2.21,-1.23,4,0.43,4.46,7.45,2.88,-3.09,-3.44,Maize,Clay Loam,0.474,0.272,19.25,9,0.388,2.384.767,23.568
20.515,105.61,9,217,3.64,31.6,26.2,5.6,26.1,42.3,38.8,23.6,3.61,83.74,14.41,12,-3.31,-2.87,-3.1,-2.21,-1.23,4,0.43,4.46,7.45,2.88,-3.09,-3.44,Maize,Clay Loam,0.474,0.284,19.25,9,0.388,3.035.158,22.19
20.517,106.357,9,2,3.64,34.8,32.8,6.1,28,37.2,38.4,24.42,4.15,83.73,14.17,12,-3.54,-3.28,-3.86,-2.76,-1.25,4.9,0.24,4.95,8.6,3.24,-3.34,-3.95,Maize,Clay Loam,0.498,0.279,21.98,9,0.392,1.951.173,24.407
20.519,106.112,9,3,3.64,34.2,29,5.9,26.6,39.2,29.4,24.42,4.15,83.73,14.17,12,-3.54,-3.28,-3.86,-2.76,-1.25,4.9,0.24,4.95,8.6,3.24,-3.34,-3.95,Maize,Clay Loam,0.498,0.27,21.98,9,0.392,2.384.767,24.4
20.519,106.378,9,3,3.64,33.4,33.5,6.2,28,38.6,38.3,24.42,4.15,83.73,14.17,12,-3.54,-3.28,-3.86,-2.76,-1.25,4.9,0.24,4.95,8.6,3.24,-3.34,-3.95,Maize,Clay Loam,0.498,0.279,21.98,9,0.392,1.734.376,24.4
20.52,106.235,9,4,3.64,32.9,31.4,6.2,27.6,39.4,31.8,24.42,4.15,83.73,14.17,12,-3.54,-3.28,-3.86,-2.76,-1.25,4.9,0.24,4.95,8.6,3.24,-3.34,-3.95,Maize,Clay Loam,0.498,0.271,21.98,9,0.392,1.734.376,24.394
20.52,106.576,9,5,3.64,37.5,33.1,5.9,27.4,35.1,53.7,25.01,5.24,82.62,14.17,12,-4,-4.2,-4.82,-4.01,-1.04,10.84,0.69,5.18,8.3,1.8,-3.8,-4.9,Maize,Clay Loam,0.551,0.302,26.77,6,0.404,2.384.767,24.978
20.521,106.443,9,2,3.64,34.8,34.3,6,27.7,37.5,32.9,24.42,4.15,83.73,14.17,12,-3.54,-3.28,-3.86,-2.76,-1.25,4.9,0.24,4.95,8.6,3.24,-3.34,-3.95,Maize,Clay Loam,0.498,0.272,21.98,9,0.392,2167.97,24.407
20.522,106.082,9,3,3.64,34.6,26.9,6,26.1,39.3,23.9,24.42,4.15,83.73,14.17,12,-3.54,-3.28,-3.86,-2.76,-1.25,4.9,0.24,4.95,8.6,3.24,-3.34,-3.95,Maize,Clay Loam,0.498,0.263,21.98,9,0.392,2167.97,24.4
20.522,106.44,9,2,3.64,34.6,35.7,6,27.6,37.8,33.9,24.42,4.15,83.73,14.17,12,-3.54,-3.28,-3.86,-2.76,-1.25,4.9,0.24,4.95,8.6,3.24,-3.34,-3.95,Maize,Clay Loam,0.498,0.274,21.98,9,0.392,2167.97,24.407
20.523,106.541,9,2,3.64,38.7,34.3,6.2,26.8,34.5,34.7,24.42,4.15,83.73,14.17,12,-3.54,-3.28,-3.86,-2.76,-1.25,4.9,0.24,4.95,8.6,3.24,-3.34,-3.95,Maize,Clay Loam,0.498,0.277,21.98,9,0.392,1.734.376,24.407
20.524,105.719,9,27,3.64,33.7,28.2,5.7,27.1,39.2,36.7,23.6,3.61,83.74,14.41,12,-3.31,-2.87,-3.1,-2.21,-1.23,4,0.43,4.46,7.45,2.88,-3.09,-3.44,Maize,Clay Loam,0.474,0.279,19.25,9,0.388,2.818.361,23.425
20.526,105.677,9,73,3.64,32.5,24.8,5.9,26.2,41.3,32.1,23.6,3.61,83.74,14.41,12,-3.31,-2.87,-3.1,-2.21,-1.23,4,0.43,4.46,7.45,2.88,-3.09,-3.44,Maize,Clay Loam,0.474,0.275,19.25,9,0.388,2.384.767,23.126
20.526,106.47,9,2,3.64,35.9,37.8,6,27.1,37,35.5,24.42,4.15,83.73,14.17,12,-3.54,-3.28,-3.86,-2.76,-1.25,4.9,0.24,4.95,8.6,3.24,-3.34,-3.95,Maize,Clay Loam,0.498,0.277,21.98,9,0.392,2167.97,24.407
20.528,106.578,9,3,3.64,38.6,39.6,6.1,26.5,34.9,67,25.01,5.24,82.62,14.17,12,-4,-4.2,-4.82,-4.01,-1.04,10.84,0.69,5.18,8.3,1.8,-3.8,-4.9,Maize,Clay Loam,0.551,0.323,26.77,6,0.404,1.951.173,24.99
20.53,105.652,9,21,3.64,31.8,21.8,5.9,25.9,42.3,26.1,23.6,3.61,83.74,14.41,12,-3.31,-2.87,-3.1,-2.21,-1.23,4,0.43,4.46,7.45,2.88,-3.09,-3.44,Maize,Clay Loam,0.474,0.267,19.25,9,0.388,2.384.767,23.464
20.53,105.975,9,5,3.64,35.3,27.4,6,24.1,40.6,25.1,24.42,4.15,83.73,14.41,12,-3.54,-3.28,-3.86,-2.76,-1.25,4.9,0.24,4.95,8.6,3.24,-3.34,-3.95,Maize,Clay Loam,0.498,0.27,21.98,9,0.392,2167.97,24.388
20.532,105.822,9,117,3.64,33.2,23.6,5.9,25.2,41.6,31.2,23.6,3.61,83.74,14.41,12,-3.31,-2.87,-3.1,-2.21,-1.23,4,0.43,4.46,7.45,2.88,-3.09,-3.44,Maize,Clay Loam,0.474,0.276,19.25,9,0.388,2.384.767,22.84
20.534,105.525,9,158,3.64,32.4,28,5.6,26.9,40.7,37.3,23.6,3.61,83.74,14.41,12,-3.31,-2.87,-3.1,-2.21,-1.23,4,0.43,4.46,7.45,2.88,-3.09,-3.44,Maize,Clay Loam,0.474,0.28,19.25,9,0.388,3.035.158,22.573
20.534,105.793,9,132,3.64,31.8,21.5,6,25.1,43.1,28.2,23.6,3.61,83.74,14.41,12,-3.31,-2.87,-3.1,-2.21,-1.23,4,0.43,4.46,7.45,2.88,-3.09,-3.44,Maize,Clay Loam,0.474,0.272,19.25,9,0.388,2167.97,22.742
20.536,106.041,9,7,3.64,34.8,26.4,6.1,27.6,37.6,28.9,24.42,4.15,83.73,14.17,12,-3.54,-3.28,-3.86,-2.76,-1.25,4.9,0.24,4.95,8.6,3.24,-3.34,-3.95,Maize,Clay Loam,0.498,0.267,21.98,9,0.392,1.951.173,24.374
20.538,105.988,9,3,3.64,37.3,29.9,6.1,26.1,36.6,23.1,24.42,4.15,83.73,14.41,12,-3.54,-3.28,-3.86,-2.76,-1.25,4.9,0.24,4.95,8.6,3.24,-3.34,-3.95,Maize,Clay Loam,0.498,0.262,21.98,9,0.392,1.951.173,24.4
20.538,106.196,9,3,3.64,32.1,33.1,6.1,26.2,41.6,37.2,24.42,4.15,83.73,14.17,12,-3.54,-3.28,-3.86,-2.76,-1.25,4.9,0.24,4.95,8.6,3.24,-3.34,-3.95,Maize,Clay Loam,0.498,0.282,21.98,9,0.392,1.951.173,24.4
20.539,106.583,9,4,3.64,36.2,35.4,6.1,26.7,37.1,57.1,25.01,5.24,82.62,14.17,12,-4,-4.2,-4.82,-4.01,-1.04,10.84,0.69,5.18,8.3,1.8,-3.8,-4.9,Maize,Clay Loam,0.551,0.309,26.77,6,0.404,1.951.173,24.984
20.54,106.073,9,6,3.64,33.6,30.2,6,27.5,39,23.8,24.42,4.15,83.73,14.17,12,-3.54,-3.28,-3.86,-2.76,-1.25,4.9,0.24,4.95,8.6,3.24,-3.34,-3.95,Maize,Clay Loam,0.498,0.26,21.98,9,0.392,2167.97,24.381
20.54,106.47,9,2,3.64,35.7,38.7,6,26.8,37.5,38.5,24.42,4.15,83.73,14.17,12,-3.54,-3.28,-3.86,-2.76,-1.25,4.9,0.24,4.95,8.6,3.24,-3.34,-3.95,Maize,Clay Loam,0.498,0.282,21.98,9,0.392,2167.97,24.407
20.542,106.192,9,2,3.64,32,25.2,6,25.3,42.7,32.7,24.42,4.15,83.73,14.17,12,-3.54,-3.28,-3.86,-2.76,-1.25,4.9,0.24,4.95,8.6,3.24,-3.34,-3.95,Maize,Clay Loam,0.498,0.278,21.98,9,0.392,2167.97,24.407
20.542,106.236,9,3,3.64,33.8,30.4,6,27.6,38.7,29,24.42,4.15,83.73,14.17,12,-3.54,-3.28,-3.86,-2.76,-1.25,4.9,0.24,4.95,8.6,3.24,-3.34,-3.95,Maize,Clay Loam,0.498,0.267,21.98,9,0.392,2167.97,24.4
20.542,106.386,9,2,3.64,34.3,29.6,6,27.9,37.8,23.8,24.42,4.15,83.73,14.17,12,-3.54,-3.28,-3.86,-2.76,-1.25,4.9,0.24,4.95,8.6,3.24,-3.34,-3.95,Maize,Clay Loam,0.498,0.259,21.98,9,0.392,2167.97,24.407
20.543,106.052,9,3,3.64,35.4,26.7,6.1,28.6,36,27.7,24.42,4.15,83.73,14.17,12,-3.54,-3.28,-3.86,-2.76,-1.25,4.9,0.24,4.95,8.6,3.24,-3.34,-3.95,Maize,Clay Loam,0.498,0.263,21.98,9,0.392,1.951.173,24.4
20.543,106.517,9,2,3.64,35.7,36.7,6,27.5,36.8,35,24.42,4.15,83.73,14.17,12,-3.54,-3.28,-3.86,-2.76,-1.25,4.9,0.24,4.95,8.6,3.24,-3.34,-3.95,Maize,Clay Loam,0.498,0.276,21.98,9,0.392,2167.97,24.407
20.545,105.979,9,5,3.64,34.1,25,6.1,26.3,39.6,24.6,24.42,4.15,83.73,14.41,12,-3.54,-3.28,-3.86,-2.76,-1.25,4.9,0.24,4.95,8.6,3.24,-3.34,-3.95,Maize,Clay Loam,0.498,0.264,21.98,9,0.392,1.951.173,24.388
20.546,105.899,9,9,3.64,36.7,27.1,6,25.5,37.7,27.9,23.6,3.61,83.74,14.41,12,-3.31,-2.87,-3.1,-2.21,-1.23,4,0.43,4.46,7.45,2.88,-3.09,-3.44,Maize,Clay Loam,0.474,0.27,19.25,9,0.388,2167.97,23.542
20.55,106.409,9,2,3.64,35.7,29.3,6,27.9,36.4,30.9,24.42,4.15,83.73,14.17,12,-3.54,-3.28,-3.86,-2.76,-1.25,4.9,0.24,4.95,8.6,3.24,-3.34,-3.95,Maize,Clay Loam,0.498,0.269,21.98,9,0.392,2167.97,24.407
20.552,105.611,9,146,3.64,34.2,25.7,5.7,25.2,40.7,35.9,23.6,3.61,83.74,14.41,12,-3.31,-2.87,-3.1,-2.21,-1.23,4,0.43,4.46,7.45,2.88,-3.09,-3.44,Maize,Clay Loam,0.474,0.282,19.25,9,0.388,2.818.361,22.651
20.554,105.719,9,132,3.64,32.7,25.3,5.8,26.5,40.9,35,23.6,3.61,83.74,14.41,12,-3.31,-2.87,-3.1,-2.21,-1.23,4,0.43,4.46,7.45,2.88,-3.09,-3.44,Maize,Clay Loam,0.474,0.278,19.25,9,0.388,2.601.564,22.742
20.556,105.851,9,4,3.64,29.7,23.8,6.1,27.4,42.8,32.4,23.6,3.61,83.74,14.41,12,-3.31,-2.87,-3.1,-2.21,-1.23,4,0.43,4.46,7.45,2.88,-3.09,-3.44,Maize,Clay Loam,0.474,0.272,19.25,9,0.388,1.951.173,23.574
20.557,106.211,9,2,3.64,31.3,35.1,6,26.5,42.2,32,24.42,4.15,83.73,14.17,12,-3.54,-3.28,-3.86,-2.76,-1.25,4.9,0.24,4.95,8.6,3.24,-3.34,-3.95,Maize,Clay Loam,0.498,0.274,21.98,9,0.392,2167.97,24.407
20.56,105.683,9,335,3.64,36.7,26.5,5.6,25.4,37.9,39.3,23.6,3.61,83.74,14.41,12,-3.31,-2.87,-3.1,-2.21,-1.23,4,0.43,4.46,7.45,2.88,-3.09,-3.44,Maize,Clay Loam,0.474,0.287,19.25,9,0.388,3.035.158,21.423
20.564,106.022,9,4,3.64,32.6,25.6,6.1,29.1,38.3,25.1,24.42,4.15,83.73,14.17,12,-3.54,-3.28,-3.86,-2.76,-1.25,4.9,0.24,4.95,8.6,3.24,-3.34,-3.95,Maize,Clay Loam,0.498,0.258,21.98,9,0.392,1.951.173,24.394
20.566,106.41,9,2,3.64,35.5,35.4,6,26.1,38.4,34,24.42,4.15,83.73,14.17,12,-3.54,-3.28,-3.86,-2.76,-1.25,4.9,0.24,4.95,8.6,3.24,-3.34,-3.95,Maize,Clay Loam,0.498,0.278,21.98,9,0.392,2167.97,24.407
20.568,106.444,9,2,3.64,36.1,37.6,6.2,27.5,36.4,34.1,24.42,4.15,83.73,14.17,12,-3.54,-3.28,-3.86,-2.76,-1.25,4.9,0.24,4.95,8.6,3.24,-3.34,-3.95,Maize,Clay Loam,0.498,0.274,21.98,9,0.392,1.734.376,24.407
20.569,106.537,9,2,3.64,38.5,37,6.1,27.9,33.7,34.1,24.42,4.15,83.73,14.17,12,-3.54,-3.28,-3.86,-2.76,-1.25,4.9,0.24,4.95,8.6,3.24,-3.34,-3.95,Maize,Clay Loam,0.498,0.274,21.98,9,0.392,1.951.173,24.407
20.572,106.267,9,2,3.64,30.3,31.2,6.1,28.6,41.1,32.2,24.42,4.15,83.73,14.17,12,-3.54,-3.28,-3.86,-2.76,-1.25,4.9,0.24,4.95,8.6,3.24,-3.34,-3.95,Maize,Clay Loam,0.498,0.269,21.98,9,0.392,1.951.173,24.407
20.573,106.166,9,5,3.64,33.5,26.7,5.8,27.6,38.9,34.3,24.42,4.15,83.73,14.17,12,-3.54,-3.28,-3.86,-2.76,-1.25,4.9,0.24,4.95,8.6,3.24,-3.34,-3.95,Maize,Clay Loam,0.498,0.275,21.98,9,0.392,2.601.564,24.388
20.574,106.114,9,3,3.64,32.9,27,5.9,26,41.1,30.8,24.42,4.15,83.73,14.17,12,-3.54,-3.28,-3.86,-2.76,-1.25,4.9,0.24,4.95,8.6,3.24,-3.34,-3.95,Maize,Clay Loam,0.498,0.273,21.98,9,0.392,2.384.767,24.4
20.575,106.012,9,9,3.64,36.1,27.3,6,28.4,35.4,26.8,24.42,4.15,83.73,14.17,12,-3.54,-3.28,-3.86,-2.76,-1.25,4.9,0.24,4.95,8.6,3.24,-3.34,-3.95,Maize,Clay Loam,0.498,0.262,21.98,9,0.392,2167.97,24.362
20.575,106.453,9,1,3.64,38.7,37.8,6.1,26.4,34.9,39.9,24.42,4.15,83.73,14.17,12,-3.54,-3.28,-3.86,-2.76,-1.25,4.9,0.24,4.95,8.6,3.24,-3.34,-3.95,Maize,Clay Loam,0.498,0.285,21.98,9,0.392,1.951.173,24.414
20.576,106.002,9,2,3.64,33.4,26.8,5.8,30,36.6,32.4,24.42,4.15,83.73,14.17,12,-3.54,-3.28,-3.86,-2.76,-1.25,4.9,0.24,4.95,8.6,3.24,-3.34,-3.95,Maize,Clay Loam,0.498,0.266,21.98,9,0.392,2.601.564,24.407
20.578,106.384,9,2,3.64,32.3,33.6,6,27,40.7,35.4,24.42,4.15,83.73,14.17,12,-3.54,-3.28,-3.86,-2.76,-1.25,4.9,0.24,4.95,8.6,3.24,-3.34,-3.95,Maize,Clay Loam,0.498,0.277,21.98,9,0.392,2167.97,24.407
20.579,106.43,9,0,3.64,35.1,40,6.1,27.1,37.8,34.5,24.42,4.15,83.73,14.17,12,-3.54,-3.28,-3.86,-2.76,-1.25,4.9,0.24,4.95,8.6,3.24,-3.34,-3.95,Maize,Clay Loam,0.498,0.276,21.98,9,0.392,1.951.173,24.42
20.582,105.988,9,7,3.64,36.5,25.1,6,27,36.6,26.1,24.42,4.15,83.73,14.41,12,-3.54,-3.28,-3.86,-2.76,-1.25,4.9,0.24,4.95,8.6,3.24,-3.34,-3.95,Maize,Clay Loam,0.498,0.264,21.98,9,0.392,2167.97,24.374
20.583,106.363,9,2,3.64,31.9,36.2,5.9,26.3,41.8,35.6,24.42,4.15,83.73,14.17,12,-3.54,-3.28,-3.86,-2.76,-1.25,4.9,0.24,4.95,8.6,3.24,-3.34,-3.95,Maize,Clay Loam,0.498,0.279,21.98,9,0.392,2.384.767,24.407
20.584,106.377,9,2,3.64,32.5,32.7,5.9,26.7,40.7,28.7,24.42,4.15,83.73,14.17,12,-3.54,-3.28,-3.86,-2.76,-1.25,4.9,0.24,4.95,8.6,3.24,-3.34,-3.95,Maize,Clay Loam,0.498,0.269,21.98,9,0.392,2.384.767,24.407
20.585,105.786,9,17,3.64,32,25.9,5.7,25.3,42.7,30.4,23.6,3.61,83.74,14.41,12,-3.31,-2.87,-3.1,-2.21,-1.23,4,0.43,4.46,7.45,2.88,-3.09,-3.44,Maize,Clay Loam,0.474,0.274,19.25,9,0.388,2.818.361,23.49
20.589,106.095,9,3,3.64,35.2,27.6,6.1,25.4,39.4,29.7,24.42,4.15,83.73,14.17,12,-3.54,-3.28,-3.86,-2.76,-1.25,4.9,0.24,4.95,8.6,3.24,-3.34,-3.95,Maize,Clay Loam,0.498,0.273,21.98,9,0.392,1.951.173,24.4
20.589,106.213,9,2,3.64,30,30.3,5.9,25.3,44.6,30.5,24.42,4.15,83.73,14.17,12,-3.54,-3.28,-3.86,-2.76,-1.25,4.9,0.24,4.95,8.6,3.24,-3.34,-3.95,Maize,Clay Loam,0.498,0.275,21.98,9,0.392,2.384.767,24.407
20.59,105.958,9,3,3.64,32.9,27.4,6,25.9,41.1,25.6,24.42,4.15,83.73,14.41,12,-3.54,-3.28,-3.86,-2.76,-1.25,4.9,0.24,4.95,8.6,3.24,-3.34,-3.95,Maize,Clay Loam,0.498,0.266,21.98,9,0.392,2167.97,24.4
20.59,105.975,9,4,3.64,32.5,22,5.9,26.9,40.6,25.9,24.42,4.15,83.73,14.41,12,-3.54,-3.28,-3.86,-2.76,-1.25,4.9,0.24,4.95,8.6,3.24,-3.34,-3.95,Maize,Clay Loam,0.498,0.264,21.98,9,0.392,2.384.767,24.394
20.592,105.99,9,5,3.64,35.1,26.5,6,26.8,38.1,26.5,24.42,4.15,83.73,14.41,12,-3.54,-3.28,-3.86,-2.76,-1.25,4.9,0.24,4.95,8.6,3.24,-3.34,-3.95,Maize,Clay Loam,0.498,0.265,21.98,9,0.392,2167.97,24.388
20.592,106.601,9,2,3.64,38,31.9,6,27.2,34.8,32.8,25.01,5.24,82.62,14.17,12,-4,-4.2,-4.82,-4.01,-1.04,10.84,0.69,5.18,8.3,1.8,-3.8,-4.9,Maize,Clay Loam,0.551,0.273,26.77,6,0.404,2167.97,24.997
20.593,105.549,9,104,3.64,33.6,26.8,5.9,24.1,42.3,33,23.6,3.61,83.74,14.41,12,-3.31,-2.87,-3.1,-2.21,-1.23,4,0.43,4.46,7.45,2.88,-3.09,-3.44,Maize,Clay Loam,0.474,0.281,19.25,9,0.388,2.384.767,22.924
20.593,105.625,9,60,3.64,31.9,29,5.5,27.7,40.4,39,23.6,3.61,83.74,14.41,12,-3.31,-2.87,-3.1,-2.21,-1.23,4,0.43,4.46,7.45,2.88,-3.09,-3.44,Maize,Clay Loam,0.474,0.281,19.25,9,0.388,3.251.955,23.21
20.594,105.884,9,3,3.64,36.1,26.4,5.9,24.5,39.4,28.8,23.6,3.61,83.74,14.41,12,-3.31,-2.87,-3.1,-2.21,-1.23,4,0.43,4.46,7.45,2.88,-3.09,-3.44,Maize,Clay Loam,0.474,0.274,19.25,9,0.388,2.384.767,23.58
20.594,105.998,9,4,3.64,35.3,28.4,5.9,29.1,35.6,33.4,24.42,4.15,83.73,14.41,12,-3.54,-3.28,-3.86,-2.76,-1.25,4.9,0.24,4.95,8.6,3.24,-3.34,-3.95,Maize,Clay Loam,0.498,0.27,21.98,9,0.392,2.384.767,24.394
20.598,106.327,9,2,3.64,32.8,30.8,6.1,26.4,40.8,31.1,24.42,4.15,83.73,14.17,12,-3.54,-3.28,-3.86,-2.76,-1.25,4.9,0.24,4.95,8.6,3.24,-3.34,-3.95,Maize,Clay Loam,0.498,0.273,21.98,9,0.392,1.951.173,24.407
20.601,106.524,9,2,3.64,35.9,32.2,5.9,26.8,37.3,29.5,24.42,4.15,83.73,14.17,12,-3.54,-3.28,-3.86,-2.76,-1.25,4.9,0.24,4.95,8.6,3.24,-3.34,-3.95,Maize,Clay Loam,0.498,0.27,21.98,9,0.392,2.384.767,24.407
20.602,105.785,9,4,3.64,35.8,23.8,5.9,23.7,40.6,27,23.6,3.61,83.74,14.41,12,-3.31,-2.87,-3.1,-2.21,-1.23,4,0.43,4.46,7.45,2.88,-3.09,-3.44,Maize,Clay Loam,0.474,0.273,19.25,9,0.388,2.384.767,23.574
20.602,106.21,9,2,3.64,31.5,31.4,5.9,23.9,44.6,34,24.42,4.15,83.73,14.17,12,-3.54,-3.28,-3.86,-2.76,-1.25,4.9,0.24,4.95,8.6,3.24,-3.34,-3.95,Maize,Clay Loam,0.498,0.283,21.98,9,0.392,2.384.767,24.407
20.604,105.536,9,389,3.64,33.8,29.7,5.7,25.7,40.5,42.5,23.6,3.61,83.74,14.41,12,-3.31,-2.87,-3.1,-2.21,-1.23,4,0.43,4.46,7.45,2.88,-3.09,-3.44,Maize,Clay Loam,0.474,0.29,19.25,9,0.388,2.818.361,21.072
20.604,105.767,9,9,3.64,34.9,27.6,5.8,20.3,44.8,32.3,23.6,3.61,83.74,14.41,12,-3.31,-2.87,-3.1,-2.21,-1.23,4,0.43,4.46,7.45,2.88,-3.09,-3.44,Maize,Clay Loam,0.474,0.289,19.25,9,0.388,2.601.564,23.542
20.606,106.108,9,5,3.64,34.5,24.8,6,26.4,39.1,23,24.42,4.15,83.73,14.17,12,-3.54,-3.28,-3.86,-2.76,-1.25,4.9,0.24,4.95,8.6,3.24,-3.34,-3.95,Maize,Clay Loam,0.498,0.261,21.98,9,0.392,2167.97,24.388
20.607,105.986,9,4,3.64,35.9,25.3,6.1,29,35,30.1,24.42,4.15,83.73,14.41,12,-3.54,-3.28,-3.86,-2.76,-1.25,4.9,0.24,4.95,8.6,3.24,-3.34,-3.95,Maize,Clay Loam,0.498,0.265,21.98,9,0.392,1.951.173,24.394
20.607,106.449,9,2,3.64,34.5,37.3,6.2,27.8,37.7,37.6,24.42,4.15,83.73,14.17,12,-3.54,-3.28,-3.86,-2.76,-1.25,4.9,0.24,4.95,8.6,3.24,-3.34,-3.95,Maize,Clay Loam,0.498,0.279,21.98,9,0.392,1.734.376,24.407
20.612,105.884,9,4,3.64,32.8,24.9,6,24.7,42.4,25,23.6,3.61,83.74,14.41,12,-3.31,-2.87,-3.1,-2.21,-1.23,4,0.43,4.46,7.45,2.88,-3.09,-3.44,Maize,Clay Loam,0.474,0.268,19.25,9,0.388,2167.97,23.574
20.612,106.263,9,2,3.64,29.9,36.9,6.1,25.6,44.5,34.4,24.42,4.15,83.73,14.17,12,-3.54,-3.28,-3.86,-2.76,-1.25,4.9,0.24,4.95,8.6,3.24,-3.34,-3.95,Maize,Clay Loam,0.498,0.279,21.98,9,0.392,1.951.173,24.407
20.614,105.723,9,110,3.64,34,28.4,5.6,25.4,40.6,43.9,23.6,3.61,83.74,14.41,12,-3.31,-2.87,-3.1,-2.21,-1.23,4,0.43,4.46,7.45,2.88,-3.09,-3.44,Maize,Clay Loam,0.474,0.293,19.25,9,0.388,3.035.158,22.885
20.614,106.235,9,3,3.64,32.6,27.5,6,27.8,39.6,28,24.42,4.15,83.73,14.17,12,-3.54,-3.28,-3.86,-2.76,-1.25,4.9,0.24,4.95,8.6,3.24,-3.34,-3.95,Maize,Clay Loam,0.498,0.265,21.98,9,0.392,2167.97,24.4
20.614,106.316,9,2,3.64,28.8,36.4,5.9,27.3,43.9,30.2,24.42,4.15,83.73,14.17,12,-3.54,-3.28,-3.86,-2.76,-1.25,4.9,0.24,4.95,8.6,3.24,-3.34,-3.95,Maize,Clay Loam,0.498,0.269,21.98,9,0.392,2.384.767,24.407
20.617,105.578,9,39,3.64,33.9,23.5,6.1,26.8,39.3,22.9,23.6,3.61,83.74,14.41,12,-3.31,-2.87,-3.1,-2.21,-1.23,4,0.43,4.46,7.45,2.88,-3.09,-3.44,Maize,Clay Loam,0.474,0.26,19.25,9,0.388,1.951.173,23.347
20.617,105.744,9,131,3.64,34.4,26.2,5.8,23.9,41.8,35.3,23.6,3.61,83.74,14.41,12,-3.31,-2.87,-3.1,-2.21,-1.23,4,0.43,4.46,7.45,2.88,-3.09,-3.44,Maize,Clay Loam,0.474,0.284,19.25,9,0.388,2.601.564,22.748
20.617,106.545,9,2,3.64,33.4,36.2,6.1,26.5,40.1,30.2,24.42,4.15,83.73,14.17,12,-3.54,-3.28,-3.86,-2.76,-1.25,4.9,0.24,4.95,8.6,3.24,-3.34,-3.95,Maize,Clay Loam,0.498,0.271,21.98,9,0.392,1.951.173,24.407
20.619,106.346,9,4,3.64,33.6,39.7,5.8,25.9,40.5,32.1,24.42,4.15,83.73,14.17,12,-3.54,-3.28,-3.86,-2.76,-1.25,4.9,0.24,4.95,8.6,3.24,-3.34,-3.95,Maize,Clay Loam,0.498,0.275,21.98,9,0.392,2.601.564,24.394
20.62,105.829,9,4,3.64,33.6,23.4,5.9,24.1,42.3,30.6,23.6,3.61,83.74,14.41,12,-3.31,-2.87,-3.1,-2.21,-1.23,4,0.43,4.46,7.45,2.88,-3.09,-3.44,Maize,Clay Loam,0.474,0.277,19.25,9,0.388,2.384.767,23.574
20.625,106.171,9,3,3.64,33.6,34.9,6,26.4,40.1,36.3,24.42,4.15,83.73,14.17,12,-3.54,-3.28,-3.86,-2.76,-1.25,4.9,0.24,4.95,8.6,3.24,-3.34,-3.95,Maize,Clay Loam,0.498,0.28,21.98,9,0.392,2167.97,24.4
20.626,105.857,9,4,3.64,32,26,6,23,45,26.3,23.6,3.61,83.74,14.41,12,-3.31,-2.87,-3.1,-2.21,-1.23,4,0.43,4.46,7.45,2.88,-3.09,-3.44,Maize,Clay Loam,0.474,0.274,19.25,9,0.388,2167.97,23.574
20.628,106.267,9,3,3.64,32.2,32.5,5.9,28.1,39.7,31,24.42,4.15,83.73,14.17,12,-3.54,-3.28,-3.86,-2.76,-1.25,4.9,0.24,4.95,8.6,3.24,-3.34,-3.95,Maize,Clay Loam,0.498,0.269,21.98,9,0.392,2.384.767,24.4
20.631,106.358,9,2,3.64,33.1,37,6,26.9,40,28.5,24.42,4.15,83.73,14.17,12,-3.54,-3.28,-3.86,-2.76,-1.25,4.9,0.24,4.95,8.6,3.24,-3.34,-3.95,Maize,Clay Loam,0.498,0.268,21.98,9,0.392,2167.97,24.407
20.634,105.997,9,5,3.64,34.4,26.9,5.8,27.4,38.2,30.8,24.42,4.15,83.73,14.41,12,-3.54,-3.28,-3.86,-2.76,-1.25,4.9,0.24,4.95,8.6,3.24,-3.34,-3.95,Maize,Clay Loam,0.498,0.27,21.98,9,0.392,2.601.564,24.388
20.636,105.913,9,6,3.64,32.1,24.4,6,25.6,42.3,26.3,23.6,3.61,83.74,14.41,12,-3.31,-2.87,-3.1,-2.21,-1.23,4,0.43,4.46,7.45,2.88,-3.09,-3.44,Maize,Clay Loam,0.474,0.268,19.25,9,0.388,2167.97,23.561
20.64,106.216,9,7,3.64,32.4,26.5,6,28.9,38.6,30.4,24.42,4.15,83.73,14.17,12,-3.54,-3.28,-3.86,-2.76,-1.25,4.9,0.24,4.95,8.6,3.24,-3.34,-3.95,Maize,Clay Loam,0.498,0.266,21.98,9,0.392,2167.97,24.374
20.642,106.197,9,5,3.64,33.4,27.4,5.9,25.7,40.8,42.1,24.42,4.15,83.73,14.17,12,-3.54,-3.28,-3.86,-2.76,-1.25,4.9,0.24,4.95,8.6,3.24,-3.34,-3.95,Maize,Clay Loam,0.498,0.29,21.98,9,0.392,2.384.767,24.388
20.644,105.817,9,5,3.64,34.9,25,6.1,21.7,43.4,28.3,23.6,3.61,83.74,14.41,12,-3.31,-2.87,-3.1,-2.21,-1.23,4,0.43,4.46,7.45,2.88,-3.09,-3.44,Maize,Clay Loam,0.474,0.28,19.25,9,0.388,1.951.173,23.568
20.644,105.985,9,7,3.64,34.4,25.7,6,27.1,38.5,25.4,24.42,4.15,83.73,14.41,12,-3.54,-3.28,-3.86,-2.76,-1.25,4.9,0.24,4.95,8.6,3.24,-3.34,-3.95,Maize,Clay Loam,0.498,0.263,21.98,9,0.392,2167.97,24.374
20.646,106.18,9,4,3.64,32.9,30.3,5.9,27.2,40,29.2,24.42,4.15,83.73,14.17,12,-3.54,-3.28,-3.86,-2.76,-1.25,4.9,0.24,4.95,8.6,3.24,-3.34,-3.95,Maize,Clay Loam,0.498,0.268,21.98,9,0.392,2.384.767,24.394
20.65,105.807,9,5,3.64,35.2,25.8,6,22.5,42.3,28.9,23.6,3.61,83.74,14.41,12,-3.31,-2.87,-3.1,-2.21,-1.23,4,0.43,4.46,7.45,2.88,-3.09,-3.44,Maize,Clay Loam,0.474,0.279,19.25,9,0.388,2167.97,23.568
20.65,106.345,9,3,3.64,31.8,35.3,5.9,26.7,41.5,33.5,24.42,4.15,83.73,14.17,12,-3.54,-3.28,-3.86,-2.76,-1.25,4.9,0.24,4.95,8.6,3.24,-3.34,-3.95,Maize,Clay Loam,0.498,0.275,21.98,9,0.392,2.384.767,24.4
20.651,105.586,9,374,3.64,36.4,30.4,5.7,25.5,38.1,43.3,23.6,3.61,83.74,14.41,12,-3.31,-2.87,-3.1,-2.21,-1.23,4,0.43,4.46,7.45,2.88,-3.09,-3.44,Maize,Clay Loam,0.474,0.292,19.25,9,0.388,2.818.361,21.169
20.652,105.614,9,328,3.64,35.7,25.7,5.6,25.3,39.1,38.1,23.6,3.61,83.74,14.41,12,-3.31,-2.87,-3.1,-2.21,-1.23,4,0.43,4.46,7.45,2.88,-3.09,-3.44,Maize,Clay Loam,0.474,0.285,19.25,9,0.388,3.035.158,21.468
20.653,105.909,9,4,3.64,34,26.2,6.1,24.4,41.5,30,23.6,3.61,83.74,14.41,12,-3.31,-2.87,-3.1,-2.21,-1.23,4,0.43,4.46,7.45,2.88,-3.09,-3.44,Maize,Clay Loam,0.474,0.276,19.25,9,0.388,1.951.173,23.574
20.653,106.039,9,8,3.64,35.4,25.5,5.9,27,37.6,39.1,24.42,4.15,83.73,14.17,12,-3.54,-3.28,-3.86,-2.76,-1.25,4.9,0.24,4.95,8.6,3.24,-3.34,-3.95,Maize,Clay Loam,0.498,0.283,21.98,9,0.392,2.384.767,24.368
20.653,106.168,9,5,3.64,32.3,26.2,5.8,27.5,40.1,25.6,24.42,4.15,83.73,14.17,12,-3.54,-3.28,-3.86,-2.76,-1.25,4.9,0.24,4.95,8.6,3.24,-3.34,-3.95,Maize,Clay Loam,0.498,0.263,21.98,9,0.392,2.601.564,24.388
20.656,105.547,9,49,3.64,31.8,22.3,5.9,26.5,41.6,27.1,23.6,3.61,83.74,14.41,12,-3.31,-2.87,-3.1,-2.21,-1.23,4,0.43,4.46,7.45,2.88,-3.09,-3.44,Maize,Clay Loam,0.474,0.267,19.25,9,0.388,2.384.767,23.282
20.656,105.711,9,10,3.64,34.5,23.1,5.9,20.6,44.8,24.1,23.6,3.61,83.74,14.41,12,-3.31,-2.87,-3.1,-2.21,-1.23,4,0.43,4.46,7.45,2.88,-3.09,-3.44,Maize,Clay Loam,0.474,0.276,19.25,9,0.388,2.384.767,23.535
20.657,105.766,9,5,3.64,36.1,26.3,5.9,20.2,43.7,29.6,23.6,3.61,83.74,14.41,12,-3.31,-2.87,-3.1,-2.21,-1.23,4,0.43,4.46,7.45,2.88,-3.09,-3.44,Maize,Clay Loam,0.474,0.285,19.25,9,0.388,2.384.767,23.568
20.659,106.016,9,5,3.64,34.6,25.8,5.9,26.3,39.1,29.1,24.42,4.15,83.73,14.17,12,-3.54,-3.28,-3.86,-2.76,-1.25,4.9,0.24,4.95,8.6,3.24,-3.34,-3.95,Maize,Clay Loam,0.498,0.27,21.98,9,0.392,2.384.767,24.388
20.661,105.929,9,16,3.64,32.4,23.6,5.8,22.2,45.4,27.3,23.6,3.61,83.74,14.41,12,-3.31,-2.87,-3.1,-2.21,-1.23,4,0.43,4.46,7.45,2.88,-3.09,-3.44,Maize,Clay Loam,0.474,0.277,19.25,9,0.388,2.601.564,23.496
20.663,105.667,9,6,3.64,32.3,23.2,5.9,22.7,44.9,27.9,23.6,3.61,83.74,14.41,12,-3.31,-2.87,-3.1,-2.21,-1.23,4,0.43,4.46,7.45,2.88,-3.09,-3.44,Maize,Clay Loam,0.474,0.277,19.25,9,0.388,2.384.767,23.561
20.663,106.547,9,2,3.64,33.5,35.1,6.3,28.7,37.8,32.2,24.42,4.15,83.73,14.17,12,-3.54,-3.28,-3.86,-2.76,-1.25,4.9,0.24,4.95,8.6,3.24,-3.34,-3.95,Maize,Clay Loam,0.498,0.269,21.98,9,0.392,1.517.579,24.407
20.664,105.775,9,8,3.64,33.7,27.1,6,21.6,44.7,30.1,23.6,3.61,83.74,14.41,12,-3.31,-2.87,-3.1,-2.21,-1.23,4,0.43,4.46,7.45,2.88,-3.09,-3.44,Maize,Clay Loam,0.474,0.282,19.25,9,0.388,2167.97,23.548
20.664,106.072,9,6,3.64,30.9,29.9,6,25.8,43.4,25.3,24.42,4.15,83.73,14.17,12,-3.54,-3.28,-3.86,-2.76,-1.25,4.9,0.24,4.95,8.6,3.24,-3.34,-3.95,Maize,Clay Loam,0.498,0.266,21.98,9,0.392,2167.97,24.381
20.667,105.696,9,4,3.64,32.5,23.7,6,21.6,45.9,23.9,23.6,3.61,83.74,14.41,12,-3.31,-2.87,-3.1,-2.21,-1.23,4,0.43,4.46,7.45,2.88,-3.09,-3.44,Maize,Clay Loam,0.474,0.274,19.25,9,0.388,2167.97,23.574
20.667,106.426,9,3,3.64,35.8,33.4,6,28,36.2,29.9,24.42,4.15,83.73,14.17,12,-3.54,-3.28,-3.86,-2.76,-1.25,4.9,0.24,4.95,8.6,3.24,-3.34,-3.95,Maize,Clay Loam,0.498,0.267,21.98,9,0.392,2167.97,24.4
20.668,105.868,9,4,3.64,31.2,24.4,5.9,24.2,44.6,24.8,23.6,3.61,83.74,14.41,12,-3.31,-2.87,-3.1,-2.21,-1.23,4,0.43,4.46,7.45,2.88,-3.09,-3.44,Maize,Clay Loam,0.474,0.269,19.25,9,0.388,2.384.767,23.574
20.668,105.991,9,4,3.64,34.9,31.2,6.1,25.7,39.3,27.6,24.42,4.15,83.73,14.41,12,-3.54,-3.28,-3.86,-2.76,-1.25,4.9,0.24,4.95,8.6,3.24,-3.34,-3.95,Maize,Clay Loam,0.498,0.27,21.98,9,0.392,1.951.173,24.394
20.668,106.216,9,3,3.64,29.4,30.7,5.9,27.5,43,39.3,24.42,4.15,83.73,14.17,12,-3.54,-3.28,-3.86,-2.76,-1.25,4.9,0.24,4.95,8.6,3.24,-3.34,-3.95,Maize,Clay Loam,0.498,0.282,21.98,9,0.392,2.384.767,24.4
20.67,106.271,9,3,3.64,34.5,29.3,5.9,28.4,37,34,24.42,4.15,83.73,14.17,12,-3.54,-3.28,-3.86,-2.76,-1.25,4.9,0.24,4.95,8.6,3.24,-3.34,-3.95,Maize,Clay Loam,0.498,0.272,21.98,9,0.392,2.384.767,24.4
20.671,105.879,9,3,3.64,31.4,25.6,5.8,24.3,44.3,26.3,23.6,3.61,83.74,14.41,12,-3.31,-2.87,-3.1,-2.21,-1.23,4,0.43,4.46,7.45,2.88,-3.09,-3.44,Maize,Clay Loam,0.474,0.271,19.25,9,0.388,2.601.564,23.58
20.672,105.726,9,5,3.64,35.2,25.1,5.9,20.4,44.4,23.2,23.6,3.61,83.74,14.41,12,-3.31,-2.87,-3.1,-2.21,-1.23,4,0.43,4.46,7.45,2.88,-3.09,-3.44,Maize,Clay Loam,0.474,0.276,19.25,9,0.388,2.384.767,23.568
20.672,105.821,9,4,3.64,33.9,24.7,5.9,20.9,45.2,30.4,23.6,3.61,83.74,14.41,12,-3.31,-2.87,-3.1,-2.21,-1.23,4,0.43,4.46,7.45,2.88,-3.09,-3.44,Maize,Clay Loam,0.474,0.284,19.25,9,0.388,2.384.767,23.574
20.673,106.422,9,3,3.64,33.9,33.9,5.9,27.6,38.5,33.5,24.42,4.15,83.73,14.17,12,-3.54,-3.28,-3.86,-2.76,-1.25,4.9,0.24,4.95,8.6,3.24,-3.34,-3.95,Maize,Clay Loam,0.498,0.273,21.98,9,0.392,2.384.767,24.4
20.674,106.236,9,3,3.64,30.9,28.3,5.9,27.9,41.2,31.8,24.42,4.15,83.73,14.17,12,-3.54,-3.28,-3.86,-2.76,-1.25,4.9,0.24,4.95,8.6,3.24,-3.34,-3.95,Maize,Clay Loam,0.498,0.27,21.98,9,0.392,2.384.767,24.4
20.675,105.712,9,4,3.64,33.1,27.3,6,21.5,45.4,27,23.6,3.61,83.74,14.41,12,-3.31,-2.87,-3.1,-2.21,-1.23,4,0.43,4.46,7.45,2.88,-3.09,-3.44,Maize,Clay Loam,0.474,0.278,19.25,9,0.388,2167.97,23.574
20.675,106.424,9,2,3.64,33.9,31.8,6.1,27.3,38.8,29.5,24.42,4.15,83.73,14.17,12,-3.54,-3.28,-3.86,-2.76,-1.25,4.9,0.24,4.95,8.6,3.24,-3.34,-3.95,Maize,Clay Loam,0.498,0.269,21.98,9,0.392,1.951.173,24.407
20.677,105.603,9,218,3.64,35.4,27.1,5.8,26.5,38.1,39.2,23.6,3.61,83.74,14.41,12,-3.31,-2.87,-3.1,-2.21,-1.23,4,0.43,4.46,7.45,2.88,-3.09,-3.44,Maize,Clay Loam,0.474,0.284,19.25,9,0.388,2.601.564,22.183
20.677,106.228,9,4,3.64,31.9,29.6,5.9,27.9,40.2,35.9,24.42,4.15,83.73,14.17,12,-3.54,-3.28,-3.86,-2.76,-1.25,4.9,0.24,4.95,8.6,3.24,-3.34,-3.95,Maize,Clay Loam,0.498,0.276,21.98,9,0.392,2.384.767,24.394
20.679,105.819,9,4,3.64,32.4,27.6,5.9,21,46.5,27.5,23.6,3.61,83.74,14.41,12,-3.31,-2.87,-3.1,-2.21,-1.23,4,0.43,4.46,7.45,2.88,-3.09,-3.44,Maize,Clay Loam,0.474,0.28,19.25,9,0.388,2.384.767,23.574
20.679,106.378,9,3,3.64,31.8,31.1,6.1,28.6,39.6,32.4,24.42,4.15,83.73,14.17,12,-3.54,-3.28,-3.86,-2.76,-1.25,4.9,0.24,4.95,8.6,3.24,-3.34,-3.95,Maize,Clay Loam,0.498,0.27,21.98,9,0.392,1.951.173,24.4
20.68,105.841,9,4,3.64,31.3,25.7,5.9,24.4,44.3,25.3,23.6,3.61,83.74,14.41,12,-3.31,-2.87,-3.1,-2.21,-1.23,4,0.43,4.46,7.45,2.88,-3.09,-3.44,Maize,Clay Loam,0.474,0.269,19.25,9,0.388,2.384.767,23.574
20.68,106.169,9,4,3.64,32.1,29.4,6,28.1,39.8,29.7,24.42,4.15,83.73,14.17,12,-3.54,-3.28,-3.86,-2.76,-1.25,4.9,0.24,4.95,8.6,3.24,-3.34,-3.95,Maize,Clay Loam,0.498,0.267,21.98,9,0.392,2167.97,24.394
20.681,105.696,9,4,3.64,31.6,25.8,6.1,23,45.5,28.6,23.6,3.61,83.74,14.41,12,-3.31,-2.87,-3.1,-2.21,-1.23,4,0.43,4.46,7.45,2.88,-3.09,-3.44,Maize,Clay Loam,0.474,0.277,19.25,9,0.388,1.951.173,23.574
20.681,105.807,9,4,3.64,31.9,25.6,5.9,22.4,45.7,25.8,23.6,3.61,83.74,14.41,12,-3.31,-2.87,-3.1,-2.21,-1.23,4,0.43,4.46,7.45,2.88,-3.09,-3.44,Maize,Clay Loam,0.474,0.275,19.25,9,0.388,2.384.767,23.574
20.681,106.197,9,4,3.64,31,29.4,6.1,27.4,41.7,29.2,24.42,4.15,83.73,14.17,12,-3.54,-3.28,-3.86,-2.76,-1.25,4.9,0.24,4.95,8.6,3.24,-3.34,-3.95,Maize,Clay Loam,0.498,0.268,21.98,9,0.392,1.951.173,24.394
20.682,105.823,9,4,3.64,32.3,26.6,5.7,22.7,45,25.7,23.6,3.61,83.74,14.41,12,-3.31,-2.87,-3.1,-2.21,-1.23,4,0.43,4.46,7.45,2.88,-3.09,-3.44,Maize,Clay Loam,0.474,0.274,19.25,9,0.388,2.818.361,23.574
20.683,105.859,9,3,3.64,33.7,26.1,5.8,23.7,42.6,28.2,23.6,3.61,83.74,14.41,12,-3.31,-2.87,-3.1,-2.21,-1.23,4,0.43,4.46,7.45,2.88,-3.09,-3.44,Maize,Clay Loam,0.474,0.275,19.25,9,0.388,2.601.564,23.58
20.686,106.276,9,3,3.64,34.5,29.8,6,29.2,36.3,26.6,24.42,4.15,83.73,14.17,12,-3.54,-3.28,-3.86,-2.76,-1.25,4.9,0.24,4.95,8.6,3.24,-3.34,-3.95,Maize,Clay Loam,0.498,0.26,21.98,9,0.392,2167.97,24.4
20.688,105.869,9,4,3.64,32.4,27,5.9,24.3,43.3,26.6,23.6,3.61,83.74,14.41,12,-3.31,-2.87,-3.1,-2.21,-1.23,4,0.43,4.46,7.45,2.88,-3.09,-3.44,Maize,Clay Loam,0.474,0.271,19.25,9,0.388,2.384.767,23.574
20.688,106.605,9,2,3.64,34,32.9,6.1,29.5,36.5,31.8,25.01,5.24,82.62,14.17,12,-4,-4.2,-4.82,-4.01,-1.04,10.84,0.69,5.18,8.3,1.8,-3.8,-4.9,Maize,Clay Loam,0.551,0.267,26.77,6,0.404,1.951.173,24.997
20.689,106.099,9,5,3.64,31.8,27,6.2,27.7,40.4,22.5,24.42,4.15,83.73,14.17,12,-3.54,-3.28,-3.86,-2.76,-1.25,4.9,0.24,4.95,8.6,3.24,-3.34,-3.95,Maize,Clay Loam,0.498,0.258,21.98,9,0.392,1.734.376,24.388
20.692,105.711,9,5,3.64,30.9,25.2,6.1,22.2,46.9,25.9,23.6,3.61,83.74,14.41,12,-3.31,-2.87,-3.1,-2.21,-1.23,4,0.43,4.46,7.45,2.88,-3.09,-3.44,Maize,Clay Loam,0.474,0.275,19.25,9,0.388,1.951.173,23.568
20.692,106.002,9,7,3.64,34.5,25.5,5.9,29.1,36.4,23.4,24.42,4.15,83.73,14.17,12,-3.54,-3.28,-3.86,-2.76,-1.25,4.9,0.24,4.95,8.6,3.24,-3.34,-3.95,Maize,Clay Loam,0.498,0.256,21.98,9,0.392,2.384.767,24.374
20.692,106.542,9,2,3.64,34.1,30.6,6,29.1,36.8,29.5,24.42,4.15,83.73,14.17,12,-3.54,-3.28,-3.86,-2.76,-1.25,4.9,0.24,4.95,8.6,3.24,-3.34,-3.95,Maize,Clay Loam,0.498,0.264,21.98,9,0.392,2167.97,24.407
20.693,105.938,9,5,3.64,35.8,28,5.9,23.3,40.9,31.5,24.42,4.15,83.73,14.41,12,-3.54,-3.28,-3.86,-2.76,-1.25,4.9,0.24,4.95,8.6,3.24,-3.34,-3.95,Maize,Clay Loam,0.498,0.281,21.98,9,0.392,2.384.767,24.388
20.694,106.122,9,3,3.64,32.2,31,6.1,27.2,40.6,23.5,24.42,4.15,83.73,14.17,12,-3.54,-3.28,-3.86,-2.76,-1.25,4.9,0.24,4.95,8.6,3.24,-3.34,-3.95,Maize,Clay Loam,0.498,0.26,21.98,9,0.392,1.951.173,24.4
20.696,106.042,9,10,3.64,34.5,27.9,5.8,26.4,39.1,28.9,24.42,4.15,83.73,14.17,12,-3.54,-3.28,-3.86,-2.76,-1.25,4.9,0.24,4.95,8.6,3.24,-3.34,-3.95,Maize,Clay Loam,0.498,0.27,21.98,9,0.392,2.601.564,24.355
20.696,106.326,9,3,3.64,33.4,27.8,6.1,28.9,37.7,25.6,24.42,4.15,83.73,14.17,12,-3.54,-3.28,-3.86,-2.76,-1.25,4.9,0.24,4.95,8.6,3.24,-3.34,-3.95,Maize,Clay Loam,0.498,0.259,21.98,9,0.392,1.951.173,24.4
20.696,106.636,9,2,3.64,31.2,31.4,6.1,30.4,38.3,30.7,25.01,5.24,82.62,14.17,12,-4,-4.2,-4.82,-4.01,-1.04,10.84,0.69,5.18,8.3,1.8,-3.8,-4.9,Maize,Clay Loam,0.551,0.263,26.77,6,0.404,1.951.173,24.997
20.698,105.536,9,140,3.64,29.9,26.1,5.6,25.3,44.7,35.4,23.6,3.61,83.74,14.41,12,-3.31,-2.87,-3.1,-2.21,-1.23,4,0.43,4.46,7.45,2.88,-3.09,-3.44,Maize,Clay Loam,0.474,0.281,19.25,9,0.388,3.035.158,22.69
20.699,106.583,9,2,3.64,35.5,33.8,6.1,28.2,36.3,42.6,25.01,5.24,82.62,14.17,12,-4,-4.2,-4.82,-4.01,-1.04,10.84,0.69,5.18,8.3,1.8,-3.8,-4.9,Maize,Clay Loam,0.551,0.285,26.77,6,0.404,1.951.173,24.997
20.699,106.591,9,2,3.64,34.9,34.8,6.1,30.3,34.8,35.7,25.01,5.24,82.62,14.17,12,-4,-4.2,-4.82,-4.01,-1.04,10.84,0.69,5.18,8.3,1.8,-3.8,-4.9,Maize,Clay Loam,0.551,0.27,26.77,6,0.404,1.951.173,24.997
20.7,105.57,9,230,3.64,33.9,31.1,5.8,25.5,40.6,39.4,23.6,3.61,83.74,14.41,12,-3.31,-2.87,-3.1,-2.21,-1.23,4,0.43,4.46,7.45,2.88,-3.09,-3.44,Maize,Clay Loam,0.474,0.287,19.25,9,0.388,2.601.564,22.105
20.7,105.804,9,3,3.64,36.2,26.3,5.8,19.5,44.3,25.3,23.6,3.61,83.74,14.41,12,-3.31,-2.87,-3.1,-2.21,-1.23,4,0.43,4.46,7.45,2.88,-3.09,-3.44,Maize,Clay Loam,0.474,0.281,19.25,9,0.388,2.601.564,23.58
20.701,106.299,9,2,3.64,34.6,27.6,6.2,28.4,37,25.8,24.42,4.15,83.73,14.17,12,-3.54,-3.28,-3.86,-2.76,-1.25,4.9,0.24,4.95,8.6,3.24,-3.34,-3.95,Maize,Clay Loam,0.498,0.261,21.98,9,0.392,1.734.376,24.407
20.701,106.544,9,2,3.64,35.9,32.6,6.1,29.2,34.8,29.8,24.42,4.15,83.73,14.17,12,-3.54,-3.28,-3.86,-2.76,-1.25,4.9,0.24,4.95,8.6,3.24,-3.34,-3.95,Maize,Clay Loam,0.498,0.265,21.98,9,0.392,1.951.173,24.407
20.701,106.549,9,4,3.64,36.5,36.7,6.1,29,34.6,32.5,24.42,4.15,83.73,14.17,12,-3.54,-3.28,-3.86,-2.76,-1.25,4.9,0.24,4.95,8.6,3.24,-3.34,-3.95,Maize,Clay Loam,0.498,0.269,21.98,9,0.392,1.951.173,24.394
20.702,105.525,9,73,3.64,30.7,22.2,5.9,27.5,41.9,31.7,23.6,3.61,83.74,14.41,12,-3.31,-2.87,-3.1,-2.21,-1.23,4,0.43,4.46,7.45,2.88,-3.09,-3.44,Maize,Clay Loam,0.474,0.271,19.25,9,0.388,2.384.767,23.126
20.702,106.666,9,2,3.64,32.5,32.2,6.1,30.6,36.9,26.7,25.01,5.24,82.62,14.17,12,-4,-4.2,-4.82,-4.01,-1.04,10.84,0.69,5.18,8.3,1.8,-3.8,-4.9,Maize,Clay Loam,0.551,0.257,26.77,6,0.404,1.951.173,24.997
20.706,105.511,9,84,3.64,31.2,20.5,5.9,26.8,42,26.3,23.6,3.61,83.74,14.41,12,-3.31,-2.87,-3.1,-2.21,-1.23,4,0.43,4.46,7.45,2.88,-3.09,-3.44,Maize,Clay Loam,0.474,0.265,19.25,9,0.388,2.384.767,23.054
20.706,105.958,9,5,3.64,33.7,26.3,5.9,26.9,39.4,25,24.42,4.15,83.73,14.41,12,-3.54,-3.28,-3.86,-2.76,-1.25,4.9,0.24,4.95,8.6,3.24,-3.34,-3.95,Maize,Clay Loam,0.498,0.263,21.98,9,0.392,2.384.767,24.388
20.707,105.727,9,5,3.64,35.2,24.3,6,20.6,44.2,22.7,23.6,3.61,83.74,14.41,12,-3.31,-2.87,-3.1,-2.21,-1.23,4,0.43,4.46,7.45,2.88,-3.09,-3.44,Maize,Clay Loam,0.474,0.274,19.25,9,0.388,2167.97,23.568
20.708,105.742,9,5,3.64,32.2,25.5,6.1,22.9,44.9,24.8,23.6,3.61,83.74,14.41,12,-3.31,-2.87,-3.1,-2.21,-1.23,4,0.43,4.46,7.45,2.88,-3.09,-3.44,Maize,Clay Loam,0.474,0.272,19.25,9,0.388,1.951.173,23.568
20.709,105.657,9,54,3.64,31.7,21.2,6,24.2,44.2,20.9,23.6,3.61,83.74,14.41,12,-3.31,-2.87,-3.1,-2.21,-1.23,4,0.43,4.46,7.45,2.88,-3.09,-3.44,Maize,Clay Loam,0.474,0.264,19.25,9,0.388,2167.97,23.249
20.71,105.549,9,306,3.64,32,36.2,5.8,27.1,40.9,40.7,23.6,3.61,83.74,14.41,12,-3.31,-2.87,-3.1,-2.21,-1.23,4,0.43,4.46,7.45,2.88,-3.09,-3.44,Maize,Clay Loam,0.474,0.285,19.25,9,0.388,2.601.564,21.611
20.712,105.929,9,6,3.64,32,24.5,5.7,28.1,39.9,28.3,23.6,3.61,83.74,14.41,12,-3.31,-2.87,-3.1,-2.21,-1.23,4,0.43,4.46,7.45,2.88,-3.09,-3.44,Maize,Clay Loam,0.474,0.265,19.25,9,0.388,2.818.361,23.561
20.713,106.208,9,4,3.64,34,28,6.1,27.3,38.8,28.9,24.42,4.15,83.73,14.17,12,-3.54,-3.28,-3.86,-2.76,-1.25,4.9,0.24,4.95,8.6,3.24,-3.34,-3.95,Maize,Clay Loam,0.498,0.268,21.98,9,0.392,1.951.173,24.394
20.714,106.005,9,9,3.64,35.4,24.9,6.1,29.5,35.1,24.8,24.42,4.15,83.73,14.17,12,-3.54,-3.28,-3.86,-2.76,-1.25,4.9,0.24,4.95,8.6,3.24,-3.34,-3.95,Maize,Clay Loam,0.498,0.257,21.98,9,0.392,1.951.173,24.362
20.714,106.044,9,6,3.64,36.2,25.1,6.1,29,34.7,24.3,24.42,4.15,83.73,14.17,12,-3.54,-3.28,-3.86,-2.76,-1.25,4.9,0.24,4.95,8.6,3.24,-3.34,-3.95,Maize,Clay Loam,0.498,0.257,21.98,9,0.392,1.951.173,24.381
20.714,106.409,9,1,3.64,34.3,29,6,26.9,38.8,28.5,24.42,4.15,83.73,14.17,12,-3.54,-3.28,-3.86,-2.76,-1.25,4.9,0.24,4.95,8.6,3.24,-3.34,-3.95,Maize,Clay Loam,0.498,0.268,21.98,9,0.392,2167.97,24.414
20.718,105.602,9,148,3.64,34.6,25,5.9,22.5,42.9,34.5,23.6,3.61,83.74,14.41,12,-3.31,-2.87,-3.1,-2.21,-1.23,4,0.43,4.46,7.45,2.88,-3.09,-3.44,Maize,Clay Loam,0.474,0.287,19.25,9,0.388,2.384.767,22.638
20.718,106.404,9,2,3.64,33.9,27.2,6,28.2,37.9,26.8,24.42,4.15,83.73,14.17,12,-3.54,-3.28,-3.86,-2.76,-1.25,4.9,0.24,4.95,8.6,3.24,-3.34,-3.95,Maize,Clay Loam,0.498,0.263,21.98,9,0.392,2167.97,24.407
20.72,105.602,9,192,3.64,33.5,24.5,5.9,22.6,43.8,33.7,23.6,3.61,83.74,14.41,12,-3.31,-2.87,-3.1,-2.21,-1.23,4,0.43,4.46,7.45,2.88,-3.09,-3.44,Maize,Clay Loam,0.474,0.285,19.25,9,0.388,2.384.767,22.352
20.722,105.529,9,154,3.64,33.8,34.7,5.5,26.5,39.7,38.9,23.6,3.61,83.74,14.41,12,-3.31,-2.87,-3.1,-2.21,-1.23,4,0.43,4.46,7.45,2.88,-3.09,-3.44,Maize,Clay Loam,0.474,0.284,19.25,9,0.388,3.251.955,22.599
20.724,105.967,9,11,3.64,34.5,22.5,5.9,29.7,35.8,40.3,24.42,4.15,83.73,14.41,12,-3.54,-3.28,-3.86,-2.76,-1.25,4.9,0.24,4.95,8.6,3.24,-3.34,-3.95,Maize,Clay Loam,0.498,0.278,21.98,9,0.392,2.384.767,24.348
20.725,106.321,9,3,3.64,34.1,28.6,6.1,26.2,39.7,27.3,24.42,4.15,83.73,14.17,12,-3.54,-3.28,-3.86,-2.76,-1.25,4.9,0.24,4.95,8.6,3.24,-3.34,-3.95,Maize,Clay Loam,0.498,0.268,21.98,9,0.392,1.951.173,24.4
20.728,105.842,9,3,3.64,30.2,27.5,5.7,25.1,44.7,30.3,23.6,3.61,83.74,14.41,12,-3.31,-2.87,-3.1,-2.21,-1.23,4,0.43,4.46,7.45,2.88,-3.09,-3.44,Maize,Clay Loam,0.474,0.275,19.25,9,0.388,2.818.361,23.58
20.728,106.176,9,5,3.64,37.4,27.2,6,24.8,37.8,23.7,24.42,4.15,83.73,14.17,12,-3.54,-3.28,-3.86,-2.76,-1.25,4.9,0.24,4.95,8.6,3.24,-3.34,-3.95,Maize,Clay Loam,0.498,0.266,21.98,9,0.392,2167.97,24.388
20.73,105.664,9,7,3.64,31.7,32,5.7,23.7,44.7,38.1,23.6,3.61,83.74,14.41,12,-3.31,-2.87,-3.1,-2.21,-1.23,4,0.43,4.46,7.45,2.88,-3.09,-3.44,Maize,Clay Loam,0.474,0.289,19.25,9,0.388,2.818.361,23.554
20.731,105.869,9,3,3.64,31.7,25.7,5.7,24.1,44.1,31.9,23.6,3.61,83.74,14.41,12,-3.31,-2.87,-3.1,-2.21,-1.23,4,0.43,4.46,7.45,2.88,-3.09,-3.44,Maize,Clay Loam,0.474,0.279,19.25,9,0.388,2.818.361,23.58
20.732,106.486,9,3,3.64,34.5,30,5.9,27.7,37.8,29,24.42,4.15,83.73,14.17,12,-3.54,-3.28,-3.86,-2.76,-1.25,4.9,0.24,4.95,8.6,3.24,-3.34,-3.95,Maize,Clay Loam,0.498,0.267,21.98,9,0.392,2.384.767,24.4
20.733,106.087,9,4,3.64,34.1,28.4,5.9,25.1,40.9,27.6,24.42,4.15,83.73,14.17,12,-3.54,-3.28,-3.86,-2.76,-1.25,4.9,0.24,4.95,8.6,3.24,-3.34,-3.95,Maize,Clay Loam,0.498,0.271,21.98,9,0.392,2.384.767,24.394
20.734,105.896,9,4,3.64,32.6,26.1,5.8,25.9,41.5,29.4,23.6,3.61,83.74,14.41,12,-3.31,-2.87,-3.1,-2.21,-1.23,4,0.43,4.46,7.45,2.88,-3.09,-3.44,Maize,Clay Loam,0.474,0.272,19.25,9,0.388,2.601.564,23.574
20.737,105.788,9,4,3.64,35.1,25.6,5.8,21,44,27.5,23.6,3.61,83.74,14.41,12,-3.31,-2.87,-3.1,-2.21,-1.23,4,0.43,4.46,7.45,2.88,-3.09,-3.44,Maize,Clay Loam,0.474,0.28,19.25,9,0.388,2.601.564,23.574
20.739,105.71,9,9,3.64,33.7,24.5,6,24.3,42,25.4,23.6,3.61,83.74,14.41,12,-3.31,-2.87,-3.1,-2.21,-1.23,4,0.43,4.46,7.45,2.88,-3.09,-3.44,Maize,Clay Loam,0.474,0.27,19.25,9,0.388,2167.97,23.542
20.742,106.075,9,7,3.64,35.2,29.4,5.9,28.5,36.4,24.7,24.42,4.15,83.73,14.17,12,-3.54,-3.28,-3.86,-2.76,-1.25,4.9,0.24,4.95,8.6,3.24,-3.34,-3.95,Maize,Clay Loam,0.498,0.259,21.98,9,0.392,2.384.767,24.374
20.742,106.248,9,3,3.64,35,28.6,6,26.2,38.8,31.9,24.42,4.15,83.73,14.17,12,-3.54,-3.28,-3.86,-2.76,-1.25,4.9,0.24,4.95,8.6,3.24,-3.34,-3.95,Maize,Clay Loam,0.498,0.274,21.98,9,0.392,2167.97,24.4
20.744,105.824,9,4,3.64,30.1,30.6,6.1,24.5,45.4,23.5,23.6,3.61,83.74,14.41,12,-3.31,-2.87,-3.1,-2.21,-1.23,4,0.43,4.46,7.45,2.88,-3.09,-3.44,Maize,Clay Loam,0.474,0.267,19.25,9,0.388,1.951.173,23.574
20.744,105.949,9,3,3.64,32.9,25.2,5.8,28.1,39,26.2,24.42,4.15,83.73,14.41,12,-3.54,-3.28,-3.86,-2.76,-1.25,4.9,0.24,4.95,8.6,3.24,-3.34,-3.95,Maize,Clay Loam,0.498,0.262,21.98,9,0.392,2.601.564,24.4
20.745,106.094,9,6,3.64,35.5,25.8,6,28.1,36.4,22.8,24.42,4.15,83.73,14.17,12,-3.54,-3.28,-3.86,-2.76,-1.25,4.9,0.24,4.95,8.6,3.24,-3.34,-3.95,Maize,Clay Loam,0.498,0.257,21.98,9,0.392,2167.97,24.381
20.747,105.685,9,9,3.64,31.6,25.2,6,23.3,45.1,25.9,23.6,3.61,83.74,14.41,12,-3.31,-2.87,-3.1,-2.21,-1.23,4,0.43,4.46,7.45,2.88,-3.09,-3.44,Maize,Clay Loam,0.474,0.273,19.25,9,0.388,2167.97,23.542
20.747,106.154,9,3,3.64,35.5,25,5.9,29.5,35,22.5,24.42,4.15,83.73,14.17,12,-3.54,-3.28,-3.86,-2.76,-1.25,4.9,0.24,4.95,8.6,3.24,-3.34,-3.95,Maize,Clay Loam,0.498,0.254,21.98,9,0.392,2.384.767,24.4
20.747,106.616,9,2,3.64,36.1,30,6,29.8,34.1,33.5,25.01,5.24,82.62,14.17,12,-4,-4.2,-4.82,-4.01,-1.04,10.84,0.69,5.18,8.3,1.8,-3.8,-4.9,Maize,Clay Loam,0.551,0.268,26.77,6,0.404,2167.97,24.997
20.748,106.125,9,6,3.64,35.1,28.7,6,29.7,35.2,25.4,24.42,4.15,83.73,14.17,12,-3.54,-3.28,-3.86,-2.76,-1.25,4.9,0.24,4.95,8.6,3.24,-3.34,-3.95,Maize,Clay Loam,0.498,0.257,21.98,9,0.392,2167.97,24.381
20.749,106.285,9,5,3.64,35.8,27.8,6,27,37.2,31.5,24.42,4.15,83.73,14.17,12,-3.54,-3.28,-3.86,-2.76,-1.25,4.9,0.24,4.95,8.6,3.24,-3.34,-3.95,Maize,Clay Loam,0.498,0.272,21.98,9,0.392,2167.97,24.388
20.75,106.438,9,2,3.64,34.4,31.5,5.8,29.1,36.6,26.2,24.42,4.15,83.73,14.17,12,-3.54,-3.28,-3.86,-2.76,-1.25,4.9,0.24,4.95,8.6,3.24,-3.34,-3.95,Maize,Clay Loam,0.498,0.26,21.98,9,0.392,2.601.564,24.407
20.751,105.822,9,4,3.64,31.8,25.3,6,22.1,46,27.4,23.88,3.84,82.73,14.41,12,-3.62,-2.57,-3.27,-2.24,-0.69,5.8,0.34,6.86,5.89,0.57,-3.41,-3.66,Maize,Clay Loam,0.512,0.278,19.46,8,0.353,2167.97,23.854
20.752,106.601,9,2,3.64,36.5,29.7,5.9,29.1,34.4,40.4,23.76,5.06,83.5,14.17,12,-3.61,-3.18,-3.97,-3.01,-1.53,10.61,0.28,6.3,8.2,-1.85,-3.74,-4.52,Maize,Clay Loam,0.485,0.28,25.41,6,0.418,2.384.767,23.747
20.754,105.924,9,6,3.64,35.2,24.4,5.9,27.3,37.6,23.6,23.88,3.84,82.73,14.41,12,-3.62,-2.57,-3.27,-2.24,-0.69,5.8,0.34,6.86,5.89,0.57,-3.41,-3.66,Maize,Clay Loam,0.512,0.26,19.46,8,0.353,2.384.767,23.841
20.754,106.434,9,2,3.64,31.6,31.7,5.8,27.5,40.9,28.6,24.18,4.13,82.51,14.17,12,-3.45,-2.61,-3.49,-2.27,-1.12,6.4,-0.14,6.45,7.56,0.06,-3.6,-3.84,Maize,Clay Loam,0.528,0.267,20.52,9,0.369,2.601.564,24.167
20.754,106.494,9,3,3.64,35.5,28.4,6,28.4,36.1,32.5,24.18,4.13,82.51,14.17,12,-3.45,-2.61,-3.49,-2.27,-1.12,6.4,-0.14,6.45,7.56,0.06,-3.6,-3.84,Maize,Clay Loam,0.528,0.27,20.52,9,0.369,2167.97,24.16
20.755,106.377,9,5,3.64,34.6,34.4,6,26.1,39.3,36,24.18,4.13,82.51,14.17,12,-3.45,-2.61,-3.49,-2.27,-1.12,6.4,-0.14,6.45,7.56,0.06,-3.6,-3.84,Maize,Clay Loam,0.528,0.28,20.52,9,0.369,2167.97,24.148
20.761,106.473,9,2,3.64,36.9,26.6,6.1,28.5,34.6,27.8,24.18,4.13,82.51,14.17,12,-3.45,-2.61,-3.49,-2.27,-1.12,6.4,-0.14,6.45,7.56,0.06,-3.6,-3.84,Maize,Clay Loam,0.528,0.263,20.52,9,0.369,1.951.173,24.167
20.761,106.584,9,3,3.64,35.8,29.5,6,30.5,33.7,36.2,23.76,5.06,83.5,14.17,12,-3.61,-3.18,-3.97,-3.01,-1.53,10.61,0.28,6.3,8.2,-1.85,-3.74,-4.52,Maize,Clay Loam,0.485,0.271,25.41,6,0.418,2167.97,23.74
20.764,106.152,9,3,3.64,37,30.3,6.2,29.2,33.7,30.7,24.18,4.13,82.51,14.17,12,-3.45,-2.61,-3.49,-2.27,-1.12,6.4,-0.14,6.45,7.56,0.06,-3.6,-3.84,Maize,Clay Loam,0.528,0.266,20.52,9,0.369,1.734.376,24.16
20.764,106.393,9,2,3.64,34.3,26,5.9,27.5,38.1,22.9,24.18,4.13,82.51,14.17,12,-3.45,-2.61,-3.49,-2.27,-1.12,6.4,-0.14,6.45,7.56,0.06,-3.6,-3.84,Maize,Clay Loam,0.528,0.259,20.52,9,0.369,2.384.767,24.167
20.765,105.786,9,4,3.64,34,24.4,6,20.3,45.8,24.1,23.88,3.84,82.73,14.41,12,-3.62,-2.57,-3.27,-2.24,-0.69,5.8,0.34,6.86,5.89,0.57,-3.41,-3.66,Maize,Clay Loam,0.512,0.277,19.46,8,0.353,2167.97,23.854
20.765,105.792,9,4,3.64,33,25.9,6,19.9,47.1,26.3,23.88,3.84,82.73,14.41,12,-3.62,-2.57,-3.27,-2.24,-0.69,5.8,0.34,6.86,5.89,0.57,-3.41,-3.66,Maize,Clay Loam,0.512,0.281,19.46,8,0.353,2167.97,23.854
20.765,105.928,9,5,3.64,33.4,24.9,5.9,27,39.5,24.9,23.88,3.84,82.73,14.41,12,-3.62,-2.57,-3.27,-2.24,-0.69,5.8,0.34,6.86,5.89,0.57,-3.41,-3.66,Maize,Clay Loam,0.512,0.263,19.46,8,0.353,2.384.767,23.848
20.765,106.637,9,4,3.64,37.4,29.7,6.1,30.7,31.9,32.6,23.76,5.06,83.5,14.17,12,-3.61,-3.18,-3.97,-3.01,-1.53,10.61,0.28,6.3,8.2,-1.85,-3.74,-4.52,Maize,Clay Loam,0.485,0.265,25.41,6,0.418,1.951.173,23.734
20.766,105.892,9,4,3.64,32.8,25.2,5.9,25.3,41.9,26.2,23.88,3.84,82.73,14.41,12,-3.62,-2.57,-3.27,-2.24,-0.69,5.8,0.34,6.86,5.89,0.57,-3.41,-3.66,Maize,Clay Loam,0.512,0.268,19.46,8,0.353,2.384.767,23.854
20.768,105.922,9,5,3.64,34.3,26.6,5.9,27.8,37.9,29.9,23.88,3.84,82.73,14.41,12,-3.62,-2.57,-3.27,-2.24,-0.69,5.8,0.34,6.86,5.89,0.57,-3.41,-3.66,Maize,Clay Loam,0.512,0.268,19.46,8,0.353,2.384.767,23.848
20.769,105.811,9,4,3.64,31.2,26.6,6.1,24.8,44,23.9,23.88,3.84,82.73,14.41,12,-3.62,-2.57,-3.27,-2.24,-0.69,5.8,0.34,6.86,5.89,0.57,-3.41,-3.66,Maize,Clay Loam,0.512,0.266,19.46,8,0.353,1.951.173,23.854
20.769,106.068,9,3,3.64,34.5,25.6,5.9,27.8,37.7,26.1,24.18,4.13,82.51,14.17,12,-3.45,-2.61,-3.49,-2.27,-1.12,6.4,-0.14,6.45,7.56,0.06,-3.6,-3.84,Maize,Clay Loam,0.528,0.263,20.52,9,0.369,2.384.767,24.16
20.769,106.144,9,6,3.64,34.8,27.1,6.1,29.1,36.1,28.7,24.18,4.13,82.51,14.17,12,-3.45,-2.61,-3.49,-2.27,-1.12,6.4,-0.14,6.45,7.56,0.06,-3.6,-3.84,Maize,Clay Loam,0.528,0.263,20.52,9,0.369,1.951.173,24.141
20.771,105.782,9,4,3.64,34.4,24.7,6.2,23.4,42.2,27.1,23.88,3.84,82.73,14.41,12,-3.62,-2.57,-3.27,-2.24,-0.69,5.8,0.34,6.86,5.89,0.57,-3.41,-3.66,Maize,Clay Loam,0.512,0.274,19.46,8,0.353,1.734.376,23.854
20.771,106.5,9,2,3.64,34.6,30.9,6.1,30.3,35.1,29.5,24.18,4.13,82.51,14.17,12,-3.45,-2.61,-3.49,-2.27,-1.12,6.4,-0.14,6.45,7.56,0.06,-3.6,-3.84,Maize,Clay Loam,0.528,0.262,20.52,9,0.369,1.951.173,24.167
20.772,106.111,9,5,3.64,36.4,25.2,5.9,26,37.6,27,24.18,4.13,82.51,14.17,12,-3.45,-2.61,-3.49,-2.27,-1.12,6.4,-0.14,6.45,7.56,0.06,-3.6,-3.84,Maize,Clay Loam,0.528,0.268,20.52,9,0.369,2.384.767,24.148
20.773,106.342,9,2,3.64,33.6,28.6,6.1,28.2,38.1,29.3,24.18,4.13,82.51,14.17,12,-3.45,-2.61,-3.49,-2.27,-1.12,6.4,-0.14,6.45,7.56,0.06,-3.6,-3.84,Maize,Clay Loam,0.528,0.266,20.52,9,0.369,1.951.173,24.167
20.774,105.653,9,106,3.64,33.9,21.5,5.8,23.9,42.2,32.4,23.88,3.84,82.73,14.41,12,-3.62,-2.57,-3.27,-2.24,-0.69,5.8,0.34,6.86,5.89,0.57,-3.41,-3.66,Maize,Clay Loam,0.512,0.28,19.46,8,0.353,2.601.564,23.191
20.775,105.508,9,115,3.64,32,22.9,5.9,23.5,44.6,30.7,23.88,3.84,82.73,14.41,12,-3.62,-2.57,-3.27,-2.24,-0.69,5.8,0.34,6.86,5.89,0.57,-3.41,-3.66,Maize,Clay Loam,0.512,0.279,19.46,8,0.353,2.384.767,23.132
20.775,106.433,9,2,3.64,33.2,29.8,6,29.5,37.3,21.6,24.18,4.13,82.51,14.17,12,-3.45,-2.61,-3.49,-2.27,-1.12,6.4,-0.14,6.45,7.56,0.06,-3.6,-3.84,Maize,Clay Loam,0.528,0.252,20.52,9,0.369,2167.97,24.167
20.776,105.525,9,135,3.64,33.3,32,5.6,27.7,39.1,43.8,23.88,3.84,82.73,14.41,12,-3.62,-2.57,-3.27,-2.24,-0.69,5.8,0.34,6.86,5.89,0.57,-3.41,-3.66,Maize,Clay Loam,0.512,0.288,19.46,8,0.353,3.035.158,23.002
20.776,106.472,9,2,3.64,35.7,33.4,6.1,29.1,35.1,28.5,24.18,4.13,82.51,14.17,12,-3.45,-2.61,-3.49,-2.27,-1.12,6.4,-0.14,6.45,7.56,0.06,-3.6,-3.84,Maize,Clay Loam,0.528,0.263,20.52,9,0.369,1.951.173,24.167
20.78,105.681,9,8,3.64,28.9,24.1,6.1,27.9,43.2,30.1,23.88,3.84,82.73,14.41,12,-3.62,-2.57,-3.27,-2.24,-0.69,5.8,0.34,6.86,5.89,0.57,-3.41,-3.66,Maize,Clay Loam,0.512,0.268,19.46,8,0.353,1.951.173,23.828
20.784,105.765,9,4,3.64,34,24.4,5.9,22.3,43.6,30.3,23.88,3.84,82.73,14.41,12,-3.62,-2.57,-3.27,-2.24,-0.69,5.8,0.34,6.86,5.89,0.57,-3.41,-3.66,Maize,Clay Loam,0.512,0.281,19.46,8,0.353,2.384.767,23.854
20.786,105.807,9,4,3.64,31.6,26.2,5.8,23.3,45.1,29.3,23.88,3.84,82.73,14.41,12,-3.62,-2.57,-3.27,-2.24,-0.69,5.8,0.34,6.86,5.89,0.57,-3.41,-3.66,Maize,Clay Loam,0.512,0.277,19.46,8,0.353,2.601.564,23.854
20.787,106.027,9,4,3.64,41,25.7,5.8,21.2,37.8,27.8,24.18,4.13,82.51,14.17,12,-3.45,-2.61,-3.49,-2.27,-1.12,6.4,-0.14,6.45,7.56,0.06,-3.6,-3.84,Maize,Clay,0.528,0.28,20.52,9,0.369,2.601.564,24.154
20.788,106.031,9,4,3.64,37.6,26.3,5.9,24.9,37.4,25.3,24.18,4.13,82.51,14.17,12,-3.45,-2.61,-3.49,-2.27,-1.12,6.4,-0.14,6.45,7.56,0.06,-3.6,-3.84,Maize,Clay Loam,0.528,0.268,20.52,9,0.369,2.384.767,24.154
20.789,105.661,9,12,3.64,31.3,26,6.1,25.2,43.4,40.4,23.88,3.84,82.73,14.41,12,-3.62,-2.57,-3.27,-2.24,-0.69,5.8,0.34,6.86,5.89,0.57,-3.41,-3.66,Maize,Clay Loam,0.512,0.289,19.46,8,0.353,1.951.173,23.802
20.789,106.098,9,4,3.64,35.3,25.6,5.9,26.2,38.6,32.5,24.18,4.13,82.51,14.17,12,-3.45,-2.61,-3.49,-2.27,-1.12,6.4,-0.14,6.45,7.56,0.06,-3.6,-3.84,Maize,Clay Loam,0.528,0.275,20.52,9,0.369,2.384.767,24.154
20.789,106.29,9,5,3.64,37,24.5,6.1,26.8,36.1,23.8,24.18,4.13,82.51,14.17,12,-3.45,-2.61,-3.49,-2.27,-1.12,6.4,-0.14,6.45,7.56,0.06,-3.6,-3.84,Maize,Clay Loam,0.528,0.262,20.52,9,0.369,1.951.173,24.148
20.789,106.396,9,2,3.64,34.8,28.8,5.9,30.1,35.1,25.5,24.18,4.13,82.51,14.17,12,-3.45,-2.61,-3.49,-2.27,-1.12,6.4,-0.14,6.45,7.56,0.06,-3.6,-3.84,Maize,Clay Loam,0.528,0.256,20.52,9,0.369,2.384.767,24.167
20.795,106.069,9,4,3.64,38.1,24.6,6.1,27.1,34.8,24.5,24.18,4.13,82.51,14.17,12,-3.45,-2.61,-3.49,-2.27,-1.12,6.4,-0.14,6.45,7.56,0.06,-3.6,-3.84,Maize,Clay Loam,0.528,0.262,20.52,9,0.369,1.951.173,24.154
20.798,106.521,9,2,3.64,35.3,33.5,5.8,28.4,36.2,31.8,24.18,4.13,82.51,14.17,12,-3.45,-2.61,-3.49,-2.27,-1.12,6.4,-0.14,6.45,7.56,0.06,-3.6,-3.84,Maize,Clay Loam,0.528,0.269,20.52,9,0.369,2.601.564,24.167
20.799,106.498,9,2,3.64,37.4,29.7,6,30,32.6,33,24.18,4.13,82.51,14.17,12,-3.45,-2.61,-3.49,-2.27,-1.12,6.4,-0.14,6.45,7.56,0.06,-3.6,-3.84,Maize,Clay Loam,0.528,0.267,20.52,9,0.369,2167.97,24.167
20.8,106.325,9,2,3.64,36,24.9,6,28.7,35.2,24.7,24.18,4.13,82.51,14.17,12,-3.45,-2.61,-3.49,-2.27,-1.12,6.4,-0.14,6.45,7.56,0.06,-3.6,-3.84,Maize,Clay Loam,0.528,0.259,20.52,9,0.369,2167.97,24.167
20.801,105.737,9,5,3.64,30.1,25,6,24.5,45.4,28,23.88,3.84,82.73,14.41,12,-3.62,-2.57,-3.27,-2.24,-0.69,5.8,0.34,6.86,5.89,0.57,-3.41,-3.66,Maize,Clay Loam,0.512,0.273,19.46,8,0.353,2167.97,23.848
20.801,106.383,9,2,3.64,34.7,31.4,5.9,29,36.3,29.6,24.18,4.13,82.51,14.17,12,-3.45,-2.61,-3.49,-2.27,-1.12,6.4,-0.14,6.45,7.56,0.06,-3.6,-3.84,Maize,Clay Loam,0.528,0.265,20.52,9,0.369,2.384.767,24.167
20.802,106.222,9,3,3.64,37.3,26.8,6.2,26.7,36,26.6,24.18,4.13,82.51,14.17,12,-3.45,-2.61,-3.49,-2.27,-1.12,6.4,-0.14,6.45,7.56,0.06,-3.6,-3.84,Maize,Clay Loam,0.528,0.266,20.52,9,0.369,1.734.376,24.16
20.806,106.275,9,3,3.64,39.1,27.4,6.1,26.7,34.2,22.2,24.18,4.13,82.51,14.17,12,-3.45,-2.61,-3.49,-2.27,-1.12,6.4,-0.14,6.45,7.56,0.06,-3.6,-3.84,Maize,Clay Loam,0.528,0.26,20.52,9,0.369,1.951.173,24.16
20.808,105.947,9,7,3.64,34.6,26.7,5.9,29.7,35.6,26.2,24.18,4.13,82.51,14.41,12,-3.45,-2.61,-3.49,-2.27,-1.12,6.4,-0.14,6.45,7.56,0.06,-3.6,-3.84,Maize,Clay Loam,0.528,0.258,20.52,9,0.369,2.384.767,24.134
20.808,106.68,9,2,3.64,35.2,36.3,6,30.6,34.2,36.1,23.76,5.06,83.5,14.17,12,-3.61,-3.18,-3.97,-3.01,-1.53,10.61,0.28,6.3,8.2,-1.85,-3.74,-4.52,Maize,Clay Loam,0.485,0.27,25.41,6,0.418,2167.97,23.747
20.81,105.623,9,165,3.64,32.3,24.5,5.7,25.5,42.3,33.2,23.88,3.84,82.73,14.41,12,-3.62,-2.57,-3.27,-2.24,-0.69,5.8,0.34,6.86,5.89,0.57,-3.41,-3.66,Maize,Clay Loam,0.512,0.278,19.46,8,0.353,2.818.361,22.807
20.813,105.671,9,11,3.64,28.2,24.8,6.1,27.8,44,27.9,23.88,3.84,82.73,14.41,12,-3.62,-2.57,-3.27,-2.24,-0.69,5.8,0.34,6.86,5.89,0.57,-3.41,-3.66,Maize,Clay Loam,0.512,0.265,19.46,8,0.353,1.951.173,23.808
20.813,106.183,9,5,3.64,34.7,24.2,6.1,25,40.3,27.1,24.18,4.13,82.51,14.17,12,-3.45,-2.61,-3.49,-2.27,-1.12,6.4,-0.14,6.45,7.56,0.06,-3.6,-3.84,Maize,Clay Loam,0.528,0.27,20.52,9,0.369,1.951.173,24.148
20.813,106.691,9,2,3.64,33.9,28.8,6.1,31.9,34.2,26.7,23.76,5.06,83.5,14.17,12,-3.61,-3.18,-3.97,-3.01,-1.53,10.61,0.28,6.3,8.2,-1.85,-3.74,-4.52,Maize,Clay Loam,0.485,0.254,25.41,6,0.418,1.951.173,23.747
20.814,106.562,9,5,3.64,35.7,28.6,6,30.6,33.7,33.2,24.18,4.13,82.51,14.17,12,-3.45,-2.61,-3.49,-2.27,-1.12,6.4,-0.14,6.45,7.56,0.06,-3.6,-3.84,Maize,Clay Loam,0.528,0.266,20.52,9,0.369,2167.97,24.148
20.815,105.648,9,18,3.64,30.8,23.2,6.1,27.1,42.1,26.6,23.88,3.84,82.73,14.41,12,-3.62,-2.57,-3.27,-2.24,-0.69,5.8,0.34,6.86,5.89,0.57,-3.41,-3.66,Maize,Clay Loam,0.512,0.265,19.46,8,0.353,1.951.173,23.763
20.815,106.582,9,7,3.64,32.2,23.9,5.8,32.4,35.4,33.4,23.76,5.06,83.5,14.17,12,-3.61,-3.18,-3.97,-3.01,-1.53,10.61,0.28,6.3,8.2,-1.85,-3.74,-4.52,Maize,Clay Loam,0.485,0.262,25.41,6,0.418,2.601.564,23.714
20.816,106.026,9,4,3.64,34.7,26.4,5.9,26.4,39,22.7,24.18,4.13,82.51,14.17,12,-3.45,-2.61,-3.49,-2.27,-1.12,6.4,-0.14,6.45,7.56,0.06,-3.6,-3.84,Maize,Clay Loam,0.528,0.261,20.52,9,0.369,2.384.767,24.154
20.817,105.818,9,4,3.64,30.4,25.7,5.8,22.6,47,28.3,23.88,3.84,82.73,14.41,12,-3.62,-2.57,-3.27,-2.24,-0.69,5.8,0.34,6.86,5.89,0.57,-3.41,-3.66,Maize,Clay Loam,0.512,0.278,19.46,8,0.353,2.601.564,23.854
20.817,106.024,9,6,3.64,35.4,27.1,6,25.9,38.7,23.2,24.18,4.13,82.51,14.17,12,-3.45,-2.61,-3.49,-2.27,-1.12,6.4,-0.14,6.45,7.56,0.06,-3.6,-3.84,Maize,Clay Loam,0.528,0.263,20.52,9,0.369,2167.97,24.141
20.818,105.582,9,326,3.64,34,31.4,5.7,24.3,41.7,37,23.88,3.84,82.73,14.41,12,-3.62,-2.57,-3.27,-2.24,-0.69,5.8,0.34,6.86,5.89,0.57,-3.41,-3.66,Maize,Clay Loam,0.512,0.286,19.46,8,0.353,2.818.361,21.761
20.819,105.701,9,6,3.64,30.8,29.5,6,26.2,43,30.5,23.88,3.84,82.73,14.41,12,-3.62,-2.57,-3.27,-2.24,-0.69,5.8,0.34,6.86,5.89,0.57,-3.41,-3.66,Maize,Clay Loam,0.512,0.272,19.46,8,0.353,2167.97,23.841
20.82,105.666,9,15,3.64,27.7,23.6,6,26,46.3,29.2,23.88,3.84,82.73,14.41,12,-3.62,-2.57,-3.27,-2.24,-0.69,5.8,0.34,6.86,5.89,0.57,-3.41,-3.66,Maize,Clay Loam,0.512,0.271,19.46,8,0.353,2167.97,23.782
20.821,105.522,9,287,3.64,35,28.4,5.7,25.2,39.7,32.7,23.88,3.84,82.73,14.41,12,-3.62,-2.57,-3.27,-2.24,-0.69,5.8,0.34,6.86,5.89,0.57,-3.41,-3.66,Maize,Clay Loam,0.512,0.278,19.46,8,0.353,2.818.361,22.014
20.822,105.855,9,5,3.64,27.8,27.8,6,26.9,45.3,27.2,23.88,3.84,82.73,14.41,12,-3.62,-2.57,-3.27,-2.24,-0.69,5.8,0.34,6.86,5.89,0.57,-3.41,-3.66,Maize,Clay Loam,0.512,0.266,19.46,8,0.353,2167.97,23.848
20.822,106.681,9,2,3.64,34.7,29.2,6,33,32.3,33,23.76,5.06,83.5,14.17,12,-3.61,-3.18,-3.97,-3.01,-1.53,10.61,0.28,6.3,8.2,-1.85,-3.74,-4.52,Maize,Clay Loam,0.485,0.26,25.41,6,0.418,2167.97,23.747
20.825,106.358,9,4,3.64,35.9,25,6.1,29.1,35,22.7,24.18,4.13,82.51,14.17,12,-3.45,-2.61,-3.49,-2.27,-1.12,6.4,-0.14,6.45,7.56,0.06,-3.6,-3.84,Maize,Clay Loam,0.528,0.255,20.52,9,0.369,1.951.173,24.154
20.828,105.592,9,55,3.64,31.7,22.4,5.9,23.9,44.4,29.6,23.88,3.84,82.73,14.41,12,-3.62,-2.57,-3.27,-2.24,-0.69,5.8,0.34,6.86,5.89,0.57,-3.41,-3.66,Maize,Clay Loam,0.512,0.276,19.46,8,0.353,2.384.767,23.522
20.829,105.778,9,5,3.64,29.4,28.4,6,26.4,44.3,27.8,23.88,3.84,82.73,14.41,12,-3.62,-2.57,-3.27,-2.24,-0.69,5.8,0.34,6.86,5.89,0.57,-3.41,-3.66,Maize,Clay Loam,0.512,0.268,19.46,8,0.353,2167.97,23.848
20.829,106.551,9,2,3.64,34.9,25.6,5.9,30.9,34.2,31,24.18,4.13,82.51,14.17,12,-3.45,-2.61,-3.49,-2.27,-1.12,6.4,-0.14,6.45,7.56,0.06,-3.6,-3.84,Maize,Clay Loam,0.528,0.262,20.52,9,0.369,2.384.767,24.167
20.833,105.659,9,10,3.64,27.7,24.3,6.1,28.7,43.6,26.1,23.88,3.84,82.73,14.41,12,-3.62,-2.57,-3.27,-2.24,-0.69,5.8,0.34,6.86,5.89,0.57,-3.41,-3.66,Maize,Clay Loam,0.512,0.261,19.46,8,0.353,1.951.173,23.815
20.835,106.082,9,3,3.64,36.4,25.4,6,24.9,38.8,26.8,24.18,4.13,82.51,14.17,12,-3.45,-2.61,-3.49,-2.27,-1.12,6.4,-0.14,6.45,7.56,0.06,-3.6,-3.84,Maize,Clay Loam,0.528,0.27,20.52,9,0.369,2167.97,24.16
20.837,105.678,9,7,3.64,31.8,27.4,6,27,41.2,27.9,23.88,3.84,82.73,14.41,12,-3.62,-2.57,-3.27,-2.24,-0.69,5.8,0.34,6.86,5.89,0.57,-3.41,-3.66,Maize,Clay Loam,0.512,0.267,19.46,8,0.353,2167.97,23.834
20.838,105.561,9,58,3.64,30.7,22,5.8,24,45.3,28.5,23.88,3.84,82.73,14.41,12,-3.62,-2.57,-3.27,-2.24,-0.69,5.8,0.34,6.86,5.89,0.57,-3.41,-3.66,Maize,Clay Loam,0.512,0.275,19.46,8,0.353,2.601.564,23.503
20.842,106.519,9,3,3.64,35.5,31.1,5.9,30.8,33.7,41.7,24.18,4.13,82.51,14.17,12,-3.45,-2.61,-3.49,-2.27,-1.12,6.4,-0.14,6.45,7.56,0.06,-3.6,-3.84,Maize,Clay Loam,0.528,0.278,20.52,9,0.369,2.384.767,24.16
20.843,105.589,9,40,3.64,30.2,20.1,6.1,25.6,44.3,23.2,23.88,3.84,82.73,14.41,12,-3.62,-2.57,-3.27,-2.24,-0.69,5.8,0.34,6.86,5.89,0.57,-3.41,-3.66,Maize,Clay Loam,0.512,0.264,19.46,8,0.353,1.951.173,23.62
20.844,105.749,9,11,3.64,27,22.8,5.8,26.6,46.4,23.2,23.88,3.84,82.73,14.41,12,-3.62,-2.57,-3.27,-2.24,-0.69,5.8,0.34,6.86,5.89,0.57,-3.41,-3.66,Maize,Clay Loam,0.512,0.261,19.46,8,0.353,2.601.564,23.808
20.846,105.811,9,4,3.64,33.4,26.1,6,25.4,41.2,24.7,23.88,3.84,82.73,14.41,12,-3.62,-2.57,-3.27,-2.24,-0.69,5.8,0.34,6.86,5.89,0.57,-3.41,-3.66,Maize,Clay Loam,0.512,0.266,19.46,8,0.353,2167.97,23.854
20.846,106.215,9,3,3.64,36.4,28.5,6,28.5,35.1,24.7,24.18,4.13,82.51,14.17,12,-3.45,-2.61,-3.49,-2.27,-1.12,6.4,-0.14,6.45,7.56,0.06,-3.6,-3.84,Maize,Clay Loam,0.528,0.259,20.52,9,0.369,2167.97,24.16
20.847,105.585,9,63,3.64,33.6,22.4,6,25.3,41,27.6,23.88,3.84,82.73,14.41,12,-3.62,-2.57,-3.27,-2.24,-0.69,5.8,0.34,6.86,5.89,0.57,-3.41,-3.66,Maize,Clay Loam,0.512,0.27,19.46,8,0.353,2167.97,23.47
20.847,106.3,9,3,3.64,35.9,27.2,6.2,26.8,37.3,28.9,24.18,4.13,82.51,14.17,12,-3.45,-2.61,-3.49,-2.27,-1.12,6.4,-0.14,6.45,7.56,0.06,-3.6,-3.84,Maize,Clay Loam,0.528,0.269,20.52,9,0.369,1.734.376,24.16
20.847,106.528,9,2,3.64,34.8,29.6,6,31.9,33.4,34.1,24.18,4.13,82.51,14.17,12,-3.45,-2.61,-3.49,-2.27,-1.12,6.4,-0.14,6.45,7.56,0.06,-3.6,-3.84,Maize,Clay Loam,0.528,0.264,20.52,9,0.369,2167.97,24.167
20.848,105.828,9,4,3.64,32.1,29.5,6,25.1,42.8,40.4,23.88,3.84,82.73,14.41,12,-3.62,-2.57,-3.27,-2.24,-0.69,5.8,0.34,6.86,5.89,0.57,-3.41,-3.66,Maize,Clay Loam,0.512,0.289,19.46,8,0.353,2167.97,23.854
20.849,106.096,9,4,3.64,36.5,22.6,6.1,27.6,35.9,24.4,24.18,4.13,82.51,14.17,12,-3.45,-2.61,-3.49,-2.27,-1.12,6.4,-0.14,6.45,7.56,0.06,-3.6,-3.84,Maize,Clay Loam,0.528,0.261,20.52,9,0.369,1.951.173,24.154
20.851,106.039,9,4,3.64,35.1,25,6.1,24.9,40,23.4,24.18,4.13,82.51,14.17,12,-3.45,-2.61,-3.49,-2.27,-1.12,6.4,-0.14,6.45,7.56,0.06,-3.6,-3.84,Maize,Clay Loam,0.528,0.265,20.52,9,0.369,1.951.173,24.154
20.854,105.867,9,5,3.64,32.4,29.5,6.1,27.5,40.2,27.7,23.88,3.84,82.73,14.41,12,-3.62,-2.57,-3.27,-2.24,-0.69,5.8,0.34,6.86,5.89,0.57,-3.41,-3.66,Maize,Clay Loam,0.512,0.266,19.46,8,0.353,1.951.173,23.848
20.856,106.301,9,3,3.64,35.4,25.5,6.2,27,37.5,28.2,24.18,4.13,82.51,14.17,12,-3.45,-2.61,-3.49,-2.27,-1.12,6.4,-0.14,6.45,7.56,0.06,-3.6,-3.84,Maize,Clay Loam,0.528,0.267,20.52,9,0.369,1.734.376,24.16
20.856,106.546,9,6,3.64,33.8,30.6,5.9,30.9,35.3,34.6,24.18,4.13,82.51,14.17,12,-3.45,-2.61,-3.49,-2.27,-1.12,6.4,-0.14,6.45,7.56,0.06,-3.6,-3.84,Maize,Clay Loam,0.528,0.267,20.52,9,0.369,2.384.767,24.141
20.857,105.83,9,9,3.64,29.7,23.1,5.8,28.8,41.5,22.9,23.88,3.84,82.73,14.41,12,-3.62,-2.57,-3.27,-2.24,-0.69,5.8,0.34,6.86,5.89,0.57,-3.41,-3.66,Maize,Clay Loam,0.512,0.256,19.46,8,0.353,2.601.564,23.822
20.857,106.162,9,4,3.64,35.2,24.2,6.1,25.5,39.3,23.7,24.18,4.13,82.51,14.17,12,-3.45,-2.61,-3.49,-2.27,-1.12,6.4,-0.14,6.45,7.56,0.06,-3.6,-3.84,Maize,Clay Loam,0.528,0.265,20.52,9,0.369,1.951.173,24.154
20.858,106.025,9,3,3.64,35.1,20.9,6,24.1,40.8,24.2,24.18,4.13,82.51,14.17,12,-3.45,-2.61,-3.49,-2.27,-1.12,6.4,-0.14,6.45,7.56,0.06,-3.6,-3.84,Maize,Clay Loam,0.528,0.268,20.52,9,0.369,2167.97,24.16
20.858,106.572,9,2,3.64,35.9,29.4,5.9,30.1,34,29.5,23.76,5.06,83.5,14.17,12,-3.61,-3.18,-3.97,-3.01,-1.53,10.61,0.28,6.3,8.2,-1.85,-3.74,-4.52,Maize,Clay Loam,0.485,0.262,25.41,6,0.418,2.384.767,23.747
20.864,105.951,9,7,3.64,34.2,21.5,6,28.1,37.7,30.5,24.18,4.13,82.51,14.41,12,-3.45,-2.61,-3.49,-2.27,-1.12,6.4,-0.14,6.45,7.56,0.06,-3.6,-3.84,Maize,Clay Loam,0.528,0.268,20.52,9,0.369,2167.97,24.134
20.865,105.594,9,52,3.64,30.9,32.8,5.8,27.2,41.9,41.1,23.88,3.84,82.73,14.41,12,-3.62,-2.57,-3.27,-2.24,-0.69,5.8,0.34,6.86,5.89,0.57,-3.41,-3.66,Maize,Clay Loam,0.512,0.285,19.46,8,0.353,2.601.564,23.542
20.867,106.193,9,6,3.64,36,24.7,6.1,27.6,36.4,22.5,24.18,4.13,82.51,14.17,12,-3.45,-2.61,-3.49,-2.27,-1.12,6.4,-0.14,6.45,7.56,0.06,-3.6,-3.84,Maize,Clay Loam,0.528,0.258,20.52,9,0.369,1.951.173,24.141
20.867,106.232,9,3,3.64,34.4,28.1,6,30.2,35.4,28.6,24.18,4.13,82.51,14.17,12,-3.45,-2.61,-3.49,-2.27,-1.12,6.4,-0.14,6.45,7.56,0.06,-3.6,-3.84,Maize,Clay Loam,0.528,0.261,20.52,9,0.369,2167.97,24.16
20.871,105.928,9,3,3.64,31.2,22.3,5.9,30.8,38.1,47.6,23.88,3.84,82.73,14.41,12,-3.62,-2.57,-3.27,-2.24,-0.69,5.8,0.34,6.86,5.89,0.57,-3.41,-3.66,Maize,Clay Loam,0.512,0.286,19.46,8,0.353,2.384.767,23.86
20.874,106.643,9,4,3.64,32.6,25.1,6.1,31.8,35.6,29.1,23.76,5.06,83.5,14.17,12,-3.61,-3.18,-3.97,-3.01,-1.53,10.61,0.28,6.3,8.2,-1.85,-3.74,-4.52,Maize,Clay Loam,0.485,0.258,25.41,6,0.418,1.951.173,23.734
20.875,105.703,9,9,3.64,30.5,24.7,5.9,24.1,45.4,27,23.88,3.84,82.73,14.41,12,-3.62,-2.57,-3.27,-2.24,-0.69,5.8,0.34,6.86,5.89,0.57,-3.41,-3.66,Maize,Clay Loam,0.512,0.272,19.46,8,0.353,2.384.767,23.822
20.876,105.744,9,7,3.64,30,26.7,5.8,28.4,41.6,30.3,23.88,3.84,82.73,14.41,12,-3.62,-2.57,-3.27,-2.24,-0.69,5.8,0.34,6.86,5.89,0.57,-3.41,-3.66,Maize,Clay Loam,0.512,0.267,19.46,8,0.353,2.601.564,23.834
20.877,105.649,9,8,3.64,29.3,21.5,5.9,26,44.7,26.6,23.88,3.84,82.73,14.41,12,-3.62,-2.57,-3.27,-2.24,-0.69,5.8,0.34,6.86,5.89,0.57,-3.41,-3.66,Maize,Clay Loam,0.512,0.267,19.46,8,0.353,2.384.767,23.828
20.877,105.704,9,7,3.64,30.5,24.7,5.9,24.1,45.4,27,23.88,3.84,82.73,14.41,12,-3.62,-2.57,-3.27,-2.24,-0.69,5.8,0.34,6.86,5.89,0.57,-3.41,-3.66,Maize,Clay Loam,0.512,0.272,19.46,8,0.353,2.384.767,23.834
20.878,105.593,9,13,3.64,29.5,24.4,6,24.9,45.6,26,23.88,3.84,82.73,14.41,12,-3.62,-2.57,-3.27,-2.24,-0.69,5.8,0.34,6.86,5.89,0.57,-3.41,-3.66,Maize,Clay Loam,0.512,0.269,19.46,8,0.353,2167.97,23.796
20.878,106.59,9,5,3.64,31.9,28.4,6.1,32.7,35.3,29.6,23.76,5.06,83.5,14.17,12,-3.61,-3.18,-3.97,-3.01,-1.53,10.61,0.28,6.3,8.2,-1.85,-3.74,-4.52,Maize,Clay Loam,0.485,0.256,25.41,6,0.418,1.951.173,23.728
20.883,106.088,9,4,3.64,34.7,23.9,6,25.4,39.8,23.1,24.18,4.13,82.51,14.17,12,-3.45,-2.61,-3.49,-2.27,-1.12,6.4,-0.14,6.45,7.56,0.06,-3.6,-3.84,Maize,Clay Loam,0.528,0.264,20.52,9,0.369,2167.97,24.154
20.888,106.332,9,5,3.64,36.7,28.3,6,27.5,35.7,31.7,24.18,4.13,82.51,14.17,12,-3.45,-2.61,-3.49,-2.27,-1.12,6.4,-0.14,6.45,7.56,0.06,-3.6,-3.84,Maize,Clay Loam,0.528,0.271,20.52,9,0.369,2167.97,24.148
20.889,106.34,9,3,3.64,36.4,27.5,6,28.1,35.5,27.7,24.18,4.13,82.51,14.17,12,-3.45,-2.61,-3.49,-2.27,-1.12,6.4,-0.14,6.45,7.56,0.06,-3.6,-3.84,Maize,Clay Loam,0.528,0.264,20.52,9,0.369,2167.97,24.16
20.89,106.207,9,3,3.64,38.2,23.7,6.2,28.7,33.1,32.4,24.18,4.13,82.51,14.17,12,-3.45,-2.61,-3.49,-2.27,-1.12,6.4,-0.14,6.45,7.56,0.06,-3.6,-3.84,Maize,Clay Loam,0.528,0.269,20.52,9,0.369,1.734.376,24.16
20.891,106.027,9,4,3.64,35.4,22.3,6.2,26,38.6,23.1,24.18,4.13,82.51,14.17,12,-3.45,-2.61,-3.49,-2.27,-1.12,6.4,-0.14,6.45,7.56,0.06,-3.6,-3.84,Maize,Clay Loam,0.528,0.263,20.52,9,0.369,1.734.376,24.154
20.891,106.629,9,5,3.64,31.3,23.2,5.9,30.6,38.2,26.8,23.76,5.06,83.5,14.17,12,-3.61,-3.18,-3.97,-3.01,-1.53,10.61,0.28,6.3,8.2,-1.85,-3.74,-4.52,Maize,Clay Loam,0.485,0.257,25.41,6,0.418,2.384.767,23.728
20.893,105.78,9,9,3.64,30,24,6,28.7,41.3,27.2,23.88,3.84,82.73,14.41,12,-3.62,-2.57,-3.27,-2.24,-0.69,5.8,0.34,6.86,5.89,0.57,-3.41,-3.66,Maize,Clay Loam,0.512,0.262,19.46,8,0.353,2167.97,23.822
20.896,106.262,9,6,3.64,34.1,27.1,6.1,31.3,34.7,24,24.18,4.13,82.51,14.17,12,-3.45,-2.61,-3.49,-2.27,-1.12,6.4,-0.14,6.45,7.56,0.06,-3.6,-3.84,Maize,Clay Loam,0.528,0.252,20.52,9,0.369,1.951.173,24.141
20.898,105.629,9,7,3.64,30.2,25.6,6,25.1,44.7,27.1,23.88,3.84,82.73,14.41,12,-3.62,-2.57,-3.27,-2.24,-0.69,5.8,0.34,6.86,5.89,0.57,-3.41,-3.66,Maize,Clay Loam,0.512,0.27,19.46,8,0.353,2167.97,23.834
20.898,105.877,9,5,3.64,29.3,25.9,5.9,29.8,40.9,28.7,23.88,3.84,82.73,14.41,12,-3.62,-2.57,-3.27,-2.24,-0.69,5.8,0.34,6.86,5.89,0.57,-3.41,-3.66,Maize,Clay Loam,0.512,0.262,19.46,8,0.353,2.384.767,23.848
20.902,105.526,9,163,3.64,32.3,25.8,5.7,24.8,42.9,34.5,23.88,3.84,82.73,14.41,12,-3.62,-2.57,-3.27,-2.24,-0.69,5.8,0.34,6.86,5.89,0.57,-3.41,-3.66,Maize,Clay Loam,0.512,0.281,19.46,8,0.353,2.818.361,22.82
20.904,105.73,9,8,3.64,30.9,22,5.9,28.9,40.3,28.9,23.88,3.84,82.73,14.41,12,-3.62,-2.57,-3.27,-2.24,-0.69,5.8,0.34,6.86,5.89,0.57,-3.41,-3.66,Maize,Clay Loam,0.512,0.264,19.46,8,0.353,2.384.767,23.828
20.904,105.759,9,5,3.64,29.6,27,5.9,28.1,42.4,26.8,23.88,3.84,82.73,14.41,12,-3.62,-2.57,-3.27,-2.24,-0.69,5.8,0.34,6.86,5.89,0.57,-3.41,-3.66,Maize,Clay Loam,0.512,0.263,19.46,8,0.353,2.384.767,23.848
20.908,106.664,9,2,3.64,31.3,28,6.1,31.7,37,31,23.76,5.06,83.5,14.17,12,-3.61,-3.18,-3.97,-3.01,-1.53,10.61,0.28,6.3,8.2,-1.85,-3.74,-4.52,Maize,Clay Loam,0.485,0.26,25.41,6,0.418,1.951.173,23.747
20.909,106.209,9,6,3.64,33.2,25.2,6.1,28.5,38.3,29.1,24.18,4.13,82.51,14.17,12,-3.45,-2.61,-3.49,-2.27,-1.12,6.4,-0.14,6.45,7.56,0.06,-3.6,-3.84,Maize,Clay Loam,0.528,0.265,20.52,9,0.369,1.951.173,24.141
20.912,105.882,9,6,3.64,29.3,22.1,5.9,29.2,41.4,22.9,23.88,3.84,82.73,14.41,12,-3.62,-2.57,-3.27,-2.24,-0.69,5.8,0.34,6.86,5.89,0.57,-3.41,-3.66,Maize,Clay Loam,0.512,0.255,19.46,8,0.353,2.384.767,23.841
20.913,105.673,9,6,3.64,34.9,23,5.9,23.4,41.7,27.6,23.88,3.84,82.73,14.41,12,-3.62,-2.57,-3.27,-2.24,-0.69,5.8,0.34,6.86,5.89,0.57,-3.41,-3.66,Maize,Clay Loam,0.512,0.275,19.46,8,0.353,2.384.767,23.841
20.913,106.431,9,3,3.64,36,33.4,6,30.2,33.7,36.6,24.18,4.13,82.51,14.17,12,-3.45,-2.61,-3.49,-2.27,-1.12,6.4,-0.14,6.45,7.56,0.06,-3.6,-3.84,Maize,Clay Loam,0.528,0.272,20.52,9,0.369,2167.97,24.16
20.914,105.753,9,5,3.64,28.1,27.5,5.8,30.9,41.1,27.7,23.88,3.84,82.73,14.41,12,-3.62,-2.57,-3.27,-2.24,-0.69,5.8,0.34,6.86,5.89,0.57,-3.41,-3.66,Maize,Clay Loam,0.512,0.258,19.46,8,0.353,2.601.564,23.848
20.915,105.836,9,5,3.64,28.4,27,5.9,28.4,43.2,29.2,23.88,3.84,82.73,14.41,12,-3.62,-2.57,-3.27,-2.24,-0.69,5.8,0.34,6.86,5.89,0.57,-3.41,-3.66,Maize,Clay Loam,0.512,0.266,19.46,8,0.353,2.384.767,23.848
20.915,106.505,9,3,3.64,36,33.6,5.9,30.3,33.7,32.6,24.18,4.13,82.51,14.17,12,-3.45,-2.61,-3.49,-2.27,-1.12,6.4,-0.14,6.45,7.56,0.06,-3.6,-3.84,Maize,Clay Loam,0.528,0.266,20.52,9,0.369,2.384.767,24.16
20.916,106.066,9,4,3.64,34.6,23.3,5.8,26.2,39.2,23.6,24.18,4.13,82.51,14.17,12,-3.45,-2.61,-3.49,-2.27,-1.12,6.4,-0.14,6.45,7.56,0.06,-3.6,-3.84,Maize,Clay Loam,0.528,0.263,20.52,9,0.369,2.601.564,24.154
20.917,106.031,9,5,3.64,34.9,22.7,6,23.1,42,24.1,24.18,4.13,82.51,14.17,12,-3.45,-2.61,-3.49,-2.27,-1.12,6.4,-0.14,6.45,7.56,0.06,-3.6,-3.84,Maize,Clay Loam,0.528,0.271,20.52,9,0.369,2167.97,24.148
20.921,105.758,9,6,3.64,30.1,27.2,5.7,25.7,44.1,29,23.88,3.84,82.73,14.41,12,-3.62,-2.57,-3.27,-2.24,-0.69,5.8,0.34,6.86,5.89,0.57,-3.41,-3.66,Maize,Clay Loam,0.512,0.271,19.46,8,0.353,2.818.361,23.841
20.921,105.922,9,11,3.64,30,20.2,6,32,38.1,24.3,23.88,3.84,82.73,14.41,12,-3.62,-2.57,-3.27,-2.24,-0.69,5.8,0.34,6.86,5.89,0.57,-3.41,-3.66,Maize,Clay Loam,0.512,0.25,19.46,8,0.353,2167.97,23.808
20.925,106.529,9,3,3.64,35,26.3,6,30.4,34.6,32.8,24.18,4.13,82.51,14.17,12,-3.45,-2.61,-3.49,-2.27,-1.12,6.4,-0.14,6.45,7.56,0.06,-3.6,-3.84,Maize,Clay Loam,0.528,0.266,20.52,9,0.369,2167.97,24.16
20.926,105.539,9,311,3.64,35.7,26.6,5.9,25.1,39.2,33.5,23.88,3.84,82.73,14.41,12,-3.62,-2.57,-3.27,-2.24,-0.69,5.8,0.34,6.86,5.89,0.57,-3.41,-3.66,Maize,Clay Loam,0.512,0.279,19.46,8,0.353,2.384.767,21.858
20.926,106.125,9,4,3.64,33.1,28.7,5.9,23.5,43.5,35.2,24.18,4.13,82.51,14.17,12,-3.45,-2.61,-3.49,-2.27,-1.12,6.4,-0.14,6.45,7.56,0.06,-3.6,-3.84,Maize,Clay Loam,0.528,0.285,20.52,9,0.369,2.384.767,24.154
20.927,106.217,9,3,3.64,37.2,27.4,6.1,29.2,33.5,25.4,24.18,4.13,82.51,14.17,12,-3.45,-2.61,-3.49,-2.27,-1.12,6.4,-0.14,6.45,7.56,0.06,-3.6,-3.84,Maize,Clay Loam,0.528,0.258,20.52,9,0.369,1.951.173,24.16
20.929,106.594,9,3,3.64,32.3,25.6,6.2,28.5,39.2,32.2,23.76,5.06,83.5,14.17,12,-3.61,-3.18,-3.97,-3.01,-1.53,10.61,0.28,6.3,8.2,-1.85,-3.74,-4.52,Maize,Clay Loam,0.485,0.27,25.41,6,0.418,1.734.376,23.74
20.93,105.732,9,13,3.64,30.9,21.3,6.1,32.3,36.8,21.3,23.88,3.84,82.73,14.41,12,-3.62,-2.57,-3.27,-2.24,-0.69,5.8,0.34,6.86,5.89,0.57,-3.41,-3.66,Maize,Clay Loam,0.512,0.246,19.46,8,0.353,1.951.173,23.796
20.93,106.642,9,5,3.64,31.6,28.6,6.3,29.3,39,29,23.76,5.06,83.5,14.17,12,-3.61,-3.18,-3.97,-3.01,-1.53,10.61,0.28,6.3,8.2,-1.85,-3.74,-4.52,Maize,Clay Loam,0.485,0.263,25.41,6,0.418,1.517.579,23.728
20.932,106.413,9,3,3.64,33.7,26.1,6.2,30.1,36.3,26.1,24.18,4.13,82.51,14.17,12,-3.45,-2.61,-3.49,-2.27,-1.12,6.4,-0.14,6.45,7.56,0.06,-3.6,-3.84,Maize,Clay Loam,0.528,0.257,20.52,9,0.369,1.734.376,24.16
20.932,106.579,9,3,3.64,33,33.9,6.2,27.5,39.5,32.2,23.76,5.06,83.5,14.17,12,-3.61,-3.18,-3.97,-3.01,-1.53,10.61,0.28,6.3,8.2,-1.85,-3.74,-4.52,Maize,Clay Loam,0.485,0.272,25.41,6,0.418,1.734.376,23.74
20.935,105.921,9,8,3.64,27.7,21,6,32.4,39.9,22,23.88,3.84,82.73,14.41,12,-3.62,-2.57,-3.27,-2.24,-0.69,5.8,0.34,6.86,5.89,0.57,-3.41,-3.66,Maize,Clay Loam,0.512,0.246,19.46,8,0.353,2167.97,23.828
20.935,106.541,9,3,3.64,34.1,28.3,6.2,29.4,36.4,28.6,24.18,4.13,82.51,14.17,12,-3.45,-2.61,-3.49,-2.27,-1.12,6.4,-0.14,6.45,7.56,0.06,-3.6,-3.84,Maize,Clay Loam,0.528,0.262,20.52,9,0.369,1.734.376,24.16
20.937,106.067,9,4,3.64,34.1,22.9,6.1,26.3,39.6,26.6,24.18,4.13,82.51,14.17,12,-3.45,-2.61,-3.49,-2.27,-1.12,6.4,-0.14,6.45,7.56,0.06,-3.6,-3.84,Maize,Clay Loam,0.528,0.267,20.52,9,0.369,1.951.173,24.154
20.938,105.548,9,30,3.64,32.9,21.3,6,25.6,41.4,22.4,23.88,3.84,82.73,14.41,12,-3.62,-2.57,-3.27,-2.24,-0.69,5.8,0.34,6.86,5.89,0.57,-3.41,-3.66,Maize,Clay Loam,0.512,0.262,19.46,8,0.353,2167.97,23.685
20.938,105.691,9,7,3.64,31,21.5,6,26.4,42.7,26.7,23.88,3.84,82.73,14.41,12,-3.62,-2.57,-3.27,-2.24,-0.69,5.8,0.34,6.86,5.89,0.57,-3.41,-3.66,Maize,Clay Loam,0.512,0.267,19.46,8,0.353,2167.97,23.834
20.941,105.824,9,5,3.64,28.3,24,5.8,31.2,40.6,29.5,23.88,3.84,82.73,14.41,12,-3.62,-2.57,-3.27,-2.24,-0.69,5.8,0.34,6.86,5.89,0.57,-3.41,-3.66,Maize,Clay Loam,0.512,0.26,19.46,8,0.353,2.601.564,23.848
20.942,105.772,9,5,3.64,34.2,25.9,6,25.1,40.7,24.9,23.88,3.84,82.73,14.41,12,-3.62,-2.57,-3.27,-2.24,-0.69,5.8,0.34,6.86,5.89,0.57,-3.41,-3.66,Maize,Clay Loam,0.512,0.267,19.46,8,0.353,2167.97,23.848
20.942,106.212,9,4,3.64,35.1,25.3,6.1,29.8,35,24.8,24.18,4.13,82.51,14.17,12,-3.45,-2.61,-3.49,-2.27,-1.12,6.4,-0.14,6.45,7.56,0.06,-3.6,-3.84,Maize,Clay Loam,0.528,0.256,20.52,9,0.369,1.951.173,24.154
20.942,106.552,9,2,3.64,32.5,26,6.2,26.7,40.9,39.7,24.18,4.13,82.51,14.17,12,-3.45,-2.61,-3.49,-2.27,-1.12,6.4,-0.14,6.45,7.56,0.06,-3.6,-3.84,Maize,Clay Loam,0.528,0.284,20.52,9,0.369,1.734.376,24.167
20.943,106.359,9,6,3.64,36.8,25.6,6,29.8,33.5,28.7,24.18,4.13,82.51,14.17,12,-3.45,-2.61,-3.49,-2.27,-1.12,6.4,-0.14,6.45,7.56,0.06,-3.6,-3.84,Maize,Clay Loam,0.528,0.262,20.52,9,0.369,2167.97,24.141
20.946,106.347,9,4,3.64,34.9,23.5,5.8,29.1,36.1,26.4,24.18,4.13,82.51,14.17,12,-3.45,-2.61,-3.49,-2.27,-1.12,6.4,-0.14,6.45,7.56,0.06,-3.6,-3.84,Maize,Clay Loam,0.528,0.26,20.52,9,0.369,2.601.564,24.154
20.947,106.007,9,6,3.64,32.3,20.9,6.1,28.3,39.4,24.3,24.18,4.13,82.51,14.17,12,-3.45,-2.61,-3.49,-2.27,-1.12,6.4,-0.14,6.45,7.56,0.06,-3.6,-3.84,Maize,Clay Loam,0.528,0.259,20.52,9,0.369,1.951.173,24.141
20.95,105.879,9,9,3.64,28.2,16.7,6.1,31.1,40.7,22,23.88,3.84,82.73,14.41,12,-3.62,-2.57,-3.27,-2.24,-0.69,5.8,0.34,6.86,5.89,0.57,-3.41,-3.66,Maize,Clay Loam,0.512,0.249,19.46,8,0.353,1.951.173,23.822
20.95,106.258,9,3,3.64,37.9,27.4,6,27.5,34.7,24.6,24.18,4.13,82.51,14.17,12,-3.45,-2.61,-3.49,-2.27,-1.12,6.4,-0.14,6.45,7.56,0.06,-3.6,-3.84,Maize,Clay Loam,0.528,0.261,20.52,9,0.369,2167.97,24.16
20.951,105.631,9,6,3.64,31.3,24,5.8,24.6,44.1,27.9,23.88,3.84,82.73,14.41,12,-3.62,-2.57,-3.27,-2.24,-0.69,5.8,0.34,6.86,5.89,0.57,-3.41,-3.66,Maize,Clay Loam,0.512,0.272,19.46,8,0.353,2.601.564,23.841
20.952,106.264,9,3,3.64,38.3,27.7,6,27.3,34.4,24.6,24.18,4.13,82.51,14.17,12,-3.45,-2.61,-3.49,-2.27,-1.12,6.4,-0.14,6.45,7.56,0.06,-3.6,-3.84,Maize,Clay Loam,0.528,0.262,20.52,9,0.369,2167.97,24.16
20.954,105.706,9,6,3.64,29.6,21.7,6.1,31.7,38.7,28,23.88,3.84,82.73,14.41,12,-3.62,-2.57,-3.27,-2.24,-0.69,5.8,0.34,6.86,5.89,0.57,-3.41,-3.66,Maize,Clay Loam,0.512,0.256,19.46,8,0.353,1.951.173,23.841
20.954,106.285,9,4,3.64,37,24.3,6.1,28.7,34.2,29.9,24.18,4.13,82.51,14.17,12,-3.45,-2.61,-3.49,-2.27,-1.12,6.4,-0.14,6.45,7.56,0.06,-3.6,-3.84,Maize,Clay Loam,0.528,0.266,20.52,9,0.369,1.951.173,24.154
20.956,106.161,9,4,3.64,34.5,24.8,5.9,24.9,40.6,29.4,24.18,4.13,82.51,14.17,12,-3.45,-2.61,-3.49,-2.27,-1.12,6.4,-0.14,6.45,7.56,0.06,-3.6,-3.84,Maize,Clay Loam,0.528,0.274,20.52,9,0.369,2.384.767,24.154
20.957,106.458,9,2,3.64,34.4,32.4,6,29.3,36.4,41.5,24.18,4.13,82.51,14.17,12,-3.45,-2.61,-3.49,-2.27,-1.12,6.4,-0.14,6.45,7.56,0.06,-3.6,-3.84,Maize,Clay Loam,0.528,0.281,20.52,9,0.369,2167.97,24.167
20.958,105.773,9,7,3.64,30,21.7,6,30.2,39.7,24.1,23.88,3.84,82.73,14.41,12,-3.62,-2.57,-3.27,-2.24,-0.69,5.8,0.34,6.86,5.89,0.57,-3.41,-3.66,Maize,Clay Loam,0.512,0.254,19.46,8,0.353,2167.97,23.834
20.96,105.577,9,15,3.64,28.8,21.2,5.8,25,46.2,23.2,23.88,3.84,82.73,14.41,12,-3.62,-2.57,-3.27,-2.24,-0.69,5.8,0.34,6.86,5.89,0.57,-3.41,-3.66,Maize,Clay Loam,0.512,0.265,19.46,8,0.353,2.601.564,23.782
20.96,106.414,9,4,3.64,37.7,30.9,6,28.4,34,35.8,24.18,4.13,82.51,14.17,12,-3.45,-2.61,-3.49,-2.27,-1.12,6.4,-0.14,6.45,7.56,0.06,-3.6,-3.84,Maize,Clay Loam,0.528,0.275,20.52,9,0.369,2167.97,24.154
20.961,105.527,9,29,3.64,33.4,22.1,6,28.8,37.8,27,23.88,3.84,82.73,14.41,12,-3.62,-2.57,-3.27,-2.24,-0.69,5.8,0.34,6.86,5.89,0.57,-3.41,-3.66,Maize,Clay Loam,0.512,0.262,19.46,8,0.353,2167.97,23.691
20.962,105.538,9,25,3.64,31.4,21.4,6,27.3,41.3,21.3,23.88,3.84,82.73,14.41,12,-3.62,-2.57,-3.27,-2.24,-0.69,5.8,0.34,6.86,5.89,0.57,-3.41,-3.66,Maize,Clay Loam,0.512,0.257,19.46,8,0.353,2167.97,23.717
20.963,105.559,9,14,3.64,30.2,22.8,5.8,25.6,44.2,28,23.88,3.84,82.73,14.41,12,-3.62,-2.57,-3.27,-2.24,-0.69,5.8,0.34,6.86,5.89,0.57,-3.41,-3.66,Maize,Clay Loam,0.512,0.27,19.46,8,0.353,2.601.564,23.789
20.965,105.898,9,11,3.64,28.6,22.8,6,33.6,37.8,33.9,23.88,3.84,82.73,14.41,12,-3.62,-2.57,-3.27,-2.24,-0.69,5.8,0.34,6.86,5.89,0.57,-3.41,-3.66,Maize,Clay Loam,0.512,0.26,19.46,8,0.353,2167.97,23.808
20.966,105.617,9,7,3.64,28.5,23.9,6,25.2,46.3,28.6,23.88,3.84,82.73,14.41,12,-3.62,-2.57,-3.27,-2.24,-0.69,5.8,0.34,6.86,5.89,0.57,-3.41,-3.66,Maize,Clay Loam,0.512,0.272,19.46,8,0.353,2167.97,23.834
20.966,106.642,9,4,3.64,38.2,28.2,6.2,26.1,35.7,31.8,23.76,5.06,83.5,14.17,12,-3.61,-3.18,-3.97,-3.01,-1.53,10.61,0.28,6.3,8.2,-1.85,-3.74,-4.52,Maize,Clay Loam,0.485,0.274,25.41,6,0.418,1.734.376,23.734
20.967,106.653,9,2,3.64,33.3,31.4,6.1,26.5,40.2,42.6,23.76,5.06,83.5,14.17,12,-3.61,-3.18,-3.97,-3.01,-1.53,10.61,0.28,6.3,8.2,-1.85,-3.74,-4.52,Maize,Clay Loam,0.485,0.289,25.41,6,0.418,1.951.173,23.747
20.968,105.817,9,6,3.64,29.3,22.7,6,32.5,38.2,23.6,23.88,3.84,82.73,14.41,12,-3.62,-2.57,-3.27,-2.24,-0.69,5.8,0.34,6.86,5.89,0.57,-3.41,-3.66,Maize,Clay Loam,0.512,0.248,19.46,8,0.353,2167.97,23.841
20.968,106.647,9,4,3.64,32.9,27.3,6,27.2,39.9,37.9,23.76,5.06,83.5,14.17,12,-3.61,-3.18,-3.97,-3.01,-1.53,10.61,0.28,6.3,8.2,-1.85,-3.74,-4.52,Maize,Clay Loam,0.485,0.28,25.41,6,0.418,2167.97,23.734
20.971,105.603,9,7,3.64,29.2,24.4,5.9,25.1,45.7,26.3,23.88,3.84,82.73,14.41,12,-3.62,-2.57,-3.27,-2.24,-0.69,5.8,0.34,6.86,5.89,0.57,-3.41,-3.66,Maize,Clay Loam,0.512,0.269,19.46,8,0.353,2.384.767,23.834
20.972,106.253,9,3,3.64,37.1,27.3,6.1,28,34.9,27.7,24.18,4.13,82.51,14.17,12,-3.45,-2.61,-3.49,-2.27,-1.12,6.4,-0.14,6.45,7.56,0.06,-3.6,-3.84,Maize,Clay Loam,0.528,0.264,20.52,9,0.369,1.951.173,24.16
20.973,105.899,9,12,3.64,29.6,18.9,5.9,33,37.3,23,23.88,3.84,82.73,14.41,12,-3.62,-2.57,-3.27,-2.24,-0.69,5.8,0.34,6.86,5.89,0.57,-3.41,-3.66,Maize,Clay Loam,0.512,0.246,19.46,8,0.353,2.384.767,23.802
20.974,106.118,9,4,3.64,35.2,26.7,5.9,25,39.8,23.5,24.18,4.13,82.51,14.17,12,-3.45,-2.61,-3.49,-2.27,-1.12,6.4,-0.14,6.45,7.56,0.06,-3.6,-3.84,Maize,Clay Loam,0.528,0.265,20.52,9,0.369,2.384.767,24.154
20.976,106.411,9,5,3.64,35.1,26.4,6.1,28.7,36.2,35.9,24.18,4.13,82.51,14.17,12,-3.45,-2.61,-3.49,-2.27,-1.12,6.4,-0.14,6.45,7.56,0.06,-3.6,-3.84,Maize,Clay Loam,0.528,0.274,20.52,9,0.369,1.951.173,24.148
20.977,105.51,9,59,3.64,34.5,21.1,5.9,27.9,37.6,31.5,23.88,3.84,82.73,14.41,12,-3.62,-2.57,-3.27,-2.24,-0.69,5.8,0.34,6.86,5.89,0.57,-3.41,-3.66,Maize,Clay Loam,0.512,0.27,19.46,8,0.353,2.384.767,23.496
20.978,106.141,9,5,3.64,35.4,21.9,5.8,24.3,40.3,27.2,24.18,4.13,82.51,14.17,12,-3.45,-2.61,-3.49,-2.27,-1.12,6.4,-0.14,6.45,7.56,0.06,-3.6,-3.84,Maize,Clay Loam,0.528,0.272,20.52,9,0.369,2.601.564,24.148
20.978,106.203,9,3,3.64,33.5,28.4,6,27.4,39.1,27,24.18,4.13,82.51,14.17,12,-3.45,-2.61,-3.49,-2.27,-1.12,6.4,-0.14,6.45,7.56,0.06,-3.6,-3.84,Maize,Clay Loam,0.528,0.265,20.52,9,0.369,2167.97,24.16
20.98,106.222,9,3,3.64,35.9,25.9,6,27.4,36.7,25.1,24.18,4.13,82.51,14.17,12,-3.45,-2.61,-3.49,-2.27,-1.12,6.4,-0.14,6.45,7.56,0.06,-3.6,-3.84,Maize,Clay Loam,0.528,0.262,20.52,9,0.369,2167.97,24.16
20.98,106.365,9,3,3.64,37.3,27,6.2,29.7,33,24.2,24.18,4.13,82.51,14.17,12,-3.45,-2.61,-3.49,-2.27,-1.12,6.4,-0.14,6.45,7.56,0.06,-3.6,-3.84,Maize,Clay Loam,0.528,0.256,20.52,9,0.369,1.734.376,24.16
20.981,106.026,9,7,3.64,32,22.3,6.1,28.7,39.4,23,24.18,4.13,82.51,14.17,12,-3.45,-2.61,-3.49,-2.27,-1.12,6.4,-0.14,6.45,7.56,0.06,-3.6,-3.84,Maize,Clay Loam,0.528,0.256,20.52,9,0.369,1.951.173,24.134
20.983,106.538,9,2,3.64,34.9,26.5,6.3,25,40.1,31.2,24.18,4.13,82.51,14.17,12,-3.45,-2.61,-3.49,-2.27,-1.12,6.4,-0.14,6.45,7.56,0.06,-3.6,-3.84,Maize,Clay Loam,0.528,0.276,20.52,9,0.369,1.517.579,24.167
20.986,105.968,9,10,3.64,31.8,20.9,5.9,28.1,40.1,20.9,24.18,4.13,82.51,14.41,12,-3.45,-2.61,-3.49,-2.27,-1.12,6.4,-0.14,6.45,7.56,0.06,-3.6,-3.84,Maize,Clay Loam,0.528,0.255,20.52,9,0.369,2.384.767,24.115
20.991,106.423,9,4,3.64,35.7,26.5,6.3,28.3,35.9,30.1,24.18,4.13,82.51,14.17,12,-3.45,-2.61,-3.49,-2.27,-1.12,6.4,-0.14,6.45,7.56,0.06,-3.6,-3.84,Maize,Clay Loam,0.528,0.267,20.52,9,0.369,1.517.579,24.154
20.991,106.574,9,5,3.64,30.7,26.1,6.1,29.3,39.9,30.1,23.76,5.06,83.5,14.17,12,-3.61,-3.18,-3.97,-3.01,-1.53,10.61,0.28,6.3,8.2,-1.85,-3.74,-4.52,Maize,Clay Loam,0.485,0.265,25.41,6,0.418,1.951.173,23.728
20.995,106.044,9,5,3.64,31.5,22.3,6.2,28.6,39.8,22.4,24.18,4.13,82.51,14.17,12,-3.45,-2.61,-3.49,-2.27,-1.12,6.4,-0.14,6.45,7.56,0.06,-3.6,-3.84,Maize,Clay Loam,0.528,0.256,20.52,9,0.369,1.734.376,24.148
20.995,106.376,9,4,3.64,35.8,25.2,6.1,28.9,35.3,27.4,24.18,4.13,82.51,14.17,12,-3.45,-2.61,-3.49,-2.27,-1.12,6.4,-0.14,6.45,7.56,0.06,-3.6,-3.84,Maize,Clay Loam,0.528,0.262,20.52,9,0.369,1.951.173,24.154
20.995,106.499,9,2,3.64,34.9,24.3,6.2,28.4,36.7,31.1,24.18,4.13,82.51,14.17,12,-3.45,-2.61,-3.49,-2.27,-1.12,6.4,-0.14,6.45,7.56,0.06,-3.6,-3.84,Maize,Clay Loam,0.528,0.268,20.52,9,0.369,1.734.376,24.167
20.995,106.565,9,2,3.64,34.6,27,6.2,26.4,39,30,23.76,5.06,83.5,14.17,12,-3.61,-3.18,-3.97,-3.01,-1.53,10.61,0.28,6.3,8.2,-1.85,-3.74,-4.52,Maize,Clay Loam,0.485,0.271,25.41,6,0.418,1.734.376,23.747
20.996,105.765,9,8,3.64,28.3,23.3,6.1,31.2,40.5,23,23.88,3.84,82.73,14.41,12,-3.62,-2.57,-3.27,-2.24,-0.69,5.8,0.34,6.86,5.89,0.57,-3.41,-3.66,Maize,Clay Loam,0.512,0.25,19.46,8,0.353,1.951.173,23.828
20.996,106.157,9,5,3.64,35.2,23.1,5.9,24.2,40.6,33.4,24.18,4.13,82.51,14.17,12,-3.45,-2.61,-3.49,-2.27,-1.12,6.4,-0.14,6.45,7.56,0.06,-3.6,-3.84,Maize,Clay Loam,0.528,0.281,20.52,9,0.369,2.384.767,24.148
20.997,105.712,9,9,3.64,28.8,20.5,6,31.3,39.8,21.6,23.88,3.84,82.73,14.41,12,-3.62,-2.57,-3.27,-2.24,-0.69,5.8,0.34,6.86,5.89,0.57,-3.41,-3.66,Maize,Clay Loam,0.512,0.248,19.46,8,0.353,2167.97,23.822
20.997,106.071,9,5,3.64,30.9,22.4,6.1,28.2,40.9,24.3,24.18,4.13,82.51,14.17,12,-3.45,-2.61,-3.49,-2.27,-1.12,6.4,-0.14,6.45,7.56,0.06,-3.6,-3.84,Maize,Clay Loam,0.528,0.259,20.52,9,0.369,1.951.173,24.148
20.997,106.646,9,2,3.64,38.4,25.3,6.1,26.3,35.3,31.8,23.76,5.06,83.5,14.17,12,-3.61,-3.18,-3.97,-3.01,-1.53,10.61,0.28,6.3,8.2,-1.85,-3.74,-4.52,Maize,Clay Loam,0.485,0.274,25.41,6,0.418,1.951.173,23.747
20.998,106.014,9,6,3.64,30.5,20.9,6.1,32.7,36.9,23.7,24.18,4.13,82.51,14.17,12,-3.45,-2.61,-3.49,-2.27,-1.12,6.4,-0.14,6.45,7.56,0.06,-3.6,-3.84,Maize,Clay Loam,0.528,0.248,20.52,9,0.369,1.951.173,24.141
20.998,106.233,9,3,3.64,37.2,24.6,6,29.1,33.6,29.6,24.18,4.13,82.51,14.17,12,-3.45,-2.61,-3.49,-2.27,-1.12,6.4,-0.14,6.45,7.56,0.06,-3.6,-3.84,Maize,Clay Loam,0.528,0.265,20.52,9,0.369,2167.97,24.16
20.999,105.643,9,8,3.64,30.7,21.7,5.9,31.1,38.1,25.2,23.88,3.84,82.73,14.41,12,-3.62,-2.57,-3.27,-2.24,-0.69,5.8,0.34,6.86,5.89,0.57,-3.41,-3.66,Maize,Clay Loam,0.512,0.254,19.46,8,0.353,2.384.767,23.828
21,105.711,9,10,3.64,28.8,21.7,5.9,31.8,39.4,23.8,23.88,3.84,82.73,14.01,12,-3.62,-2.57,-3.27,-2.24,-0.69,5.8,0.34,6.86,5.89,0.57,-3.41,-3.66,Maize,Clay Loam,0.512,0.25,19.46,8,0.353,2.384.767,23.815
21.004,105.571,9,7,3.64,32.5,21.9,6,25.1,42.4,20.4,23.88,3.84,82.73,14.01,12,-3.62,-2.57,-3.27,-2.24,-0.69,5.8,0.34,6.86,5.89,0.57,-3.41,-3.66,Maize,Clay Loam,0.512,0.261,19.46,8,0.353,2167.97,23.834
21.006,105.746,9,6,3.64,28,20.7,6,32.4,39.6,23.8,23.88,3.84,82.73,14.01,12,-3.62,-2.57,-3.27,-2.24,-0.69,5.8,0.34,6.86,5.89,0.57,-3.41,-3.66,Maize,Clay Loam,0.512,0.249,19.46,8,0.353,2167.97,23.841
21.006,105.939,9,8,3.64,27.5,21.5,5.9,29.3,43.2,24.4,24.18,4.13,82.51,14.01,12,-3.45,-2.61,-3.49,-2.27,-1.12,6.4,-0.14,6.45,7.56,0.06,-3.6,-3.84,Maize,Clay Loam,0.528,0.257,20.52,9,0.369,2.384.767,24.128
21.009,106.063,9,5,3.64,33.4,25,5.9,26.6,40,24.6,24.18,4.13,82.51,13.38,12,-3.45,-2.61,-3.49,-2.27,-1.12,6.4,-0.14,6.45,7.56,0.06,-3.6,-3.84,Maize,Clay Loam,0.528,0.263,20.52,9,0.369,2.384.767,24.148
21.009,106.201,9,3,3.64,36,23.5,6.1,27.7,36.3,24.8,24.18,4.13,82.51,13.38,12,-3.45,-2.61,-3.49,-2.27,-1.12,6.4,-0.14,6.45,7.56,0.06,-3.6,-3.84,Maize,Clay Loam,0.528,0.261,20.52,9,0.369,1.951.173,24.16
21.011,106.101,9,4,3.64,30.6,23,6,28.8,40.6,29,24.18,4.13,82.51,13.38,12,-3.45,-2.61,-3.49,-2.27,-1.12,6.4,-0.14,6.45,7.56,0.06,-3.6,-3.84,Maize,Clay Loam,0.528,0.264,20.52,9,0.369,2167.97,24.154
21.011,106.259,9,3,3.64,37.5,23.9,6,27.6,34.9,27.7,24.18,4.13,82.51,13.38,12,-3.45,-2.61,-3.49,-2.27,-1.12,6.4,-0.14,6.45,7.56,0.06,-3.6,-3.84,Maize,Clay Loam,0.528,0.265,20.52,9,0.369,2167.97,24.16
21.024,106.39,9,2,3.64,35.4,25.1,6,28.3,36.3,30.9,24.18,4.13,82.51,13.38,12,-3.45,-2.61,-3.49,-2.27,-1.12,6.4,-0.14,6.45,7.56,0.06,-3.6,-3.84,Maize,Clay Loam,0.528,0.268,20.52,9,0.369,2167.97,24.167
21.026,105.637,9,9,3.64,30.8,20.7,5.9,29.7,39.5,26.1,23.88,3.84,82.73,14.01,12,-3.62,-2.57,-3.27,-2.24,-0.69,5.8,0.34,6.86,5.89,0.57,-3.41,-3.66,Maize,Clay Loam,0.512,0.258,19.46,8,0.353,2.384.767,23.822
21.027,106.393,9,4,3.64,34.8,25.8,6.1,28.9,36.3,44.1,24.18,4.13,82.51,13.38,12,-3.45,-2.61,-3.49,-2.27,-1.12,6.4,-0.14,6.45,7.56,0.06,-3.6,-3.84,Maize,Clay Loam,0.528,0.285,20.52,9,0.369,1.951.173,24.154
21.029,105.953,9,6,3.64,27.1,21.1,6,32.3,40.7,21.8,24.18,4.13,82.51,14.01,12,-3.45,-2.61,-3.49,-2.27,-1.12,6.4,-0.14,6.45,7.56,0.06,-3.6,-3.84,Maize,Clay Loam,0.528,0.246,20.52,9,0.369,2167.97,24.141
21.031,106.437,9,2,3.64,35.1,22.3,5.9,25,39.8,29.6,24.18,4.13,82.51,13.38,12,-3.45,-2.61,-3.49,-2.27,-1.12,6.4,-0.14,6.45,7.56,0.06,-3.6,-3.84,Maize,Clay Loam,0.528,0.274,20.52,9,0.369,2.384.767,24.167
21.032,106.049,9,6,3.64,30.8,21.4,6.1,30.8,38.4,23,24.18,4.13,82.51,13.38,12,-3.45,-2.61,-3.49,-2.27,-1.12,6.4,-0.14,6.45,7.56,0.06,-3.6,-3.84,Maize,Clay Loam,0.528,0.251,20.52,9,0.369,1.951.173,24.141
21.032,106.64,9,2,3.64,35.8,25.4,6,24.3,40,27.4,23.76,5.06,83.5,13.38,12,-3.61,-3.18,-3.97,-3.01,-1.53,10.61,0.28,6.3,8.2,-1.85,-3.74,-4.52,Maize,Clay Loam,0.485,0.272,25.41,6,0.418,2167.97,23.747
21.035,106.065,9,7,3.64,33.3,23.5,6.1,29.1,37.6,27.4,24.18,4.13,82.51,13.38,12,-3.45,-2.61,-3.49,-2.27,-1.12,6.4,-0.14,6.45,7.56,0.06,-3.6,-3.84,Maize,Clay Loam,0.528,0.261,20.52,9,0.369,1.951.173,24.134
21.035,106.501,9,3,3.64,35.3,25.6,6.2,24.5,40.2,50.2,24.18,4.13,82.51,13.38,12,-3.45,-2.61,-3.49,-2.27,-1.12,6.4,-0.14,6.45,7.56,0.06,-3.6,-3.84,Maize,Clay Loam,0.528,0.304,20.52,9,0.369,1.734.376,24.16
21.036,106.542,9,2,3.64,36.4,24,6,25.5,38.1,31.7,24.18,4.13,82.51,13.38,12,-3.45,-2.61,-3.49,-2.27,-1.12,6.4,-0.14,6.45,7.56,0.06,-3.6,-3.84,Maize,Clay Loam,0.528,0.276,20.52,9,0.369,2167.97,24.167
21.038,105.559,9,10,3.64,30.8,22.6,6,28.4,40.8,21.2,23.88,3.84,82.73,14.01,12,-3.62,-2.57,-3.27,-2.24,-0.69,5.8,0.34,6.86,5.89,0.57,-3.41,-3.66,Maize,Clay Loam,0.512,0.254,19.46,8,0.353,2167.97,23.815
21.04,105.757,9,9,3.64,27.4,22.8,5.8,31.1,41.6,31.4,23.88,3.84,82.73,14.01,12,-3.62,-2.57,-3.27,-2.24,-0.69,5.8,0.34,6.86,5.89,0.57,-3.41,-3.66,Maize,Clay Loam,0.512,0.262,19.46,8,0.353,2.601.564,23.822
21.042,106.066,9,6,3.64,32.8,21.8,6,29.3,37.9,23.4,24.18,4.13,82.51,13.38,12,-3.45,-2.61,-3.49,-2.27,-1.12,6.4,-0.14,6.45,7.56,0.06,-3.6,-3.84,Maize,Clay Loam,0.528,0.255,20.52,9,0.369,2167.97,24.141
21.043,106.679,9,5,3.64,33.5,25.5,6.3,25.7,40.9,27.6,23.76,5.06,83.5,13.38,12,-3.61,-3.18,-3.97,-3.01,-1.53,10.61,0.28,6.3,8.2,-1.85,-3.74,-4.52,Maize,Clay Loam,0.485,0.27,25.41,6,0.418,1.517.579,23.728
21.044,106.004,9,7,3.64,30.1,20.8,6.1,31.2,38.7,23.1,24.18,4.13,82.51,13.38,12,-3.45,-2.61,-3.49,-2.27,-1.12,6.4,-0.14,6.45,7.56,0.06,-3.6,-3.84,Maize,Clay Loam,0.528,0.251,20.52,9,0.369,1.951.173,24.134
21.047,105.899,9,11,3.64,28.5,20.3,6,34.2,37.2,20.5,23.88,3.84,82.73,14.01,12,-3.62,-2.57,-3.27,-2.24,-0.69,5.8,0.34,6.86,5.89,0.57,-3.41,-3.66,Maize,Clay Loam,0.512,0.24,19.46,8,0.353,2167.97,23.808
21.05,106.449,9,3,3.64,32.2,22.1,6.3,28,39.7,25.6,24.18,4.13,82.51,13.38,12,-3.45,-2.61,-3.49,-2.27,-1.12,6.4,-0.14,6.45,7.56,0.06,-3.6,-3.84,Maize,Clay Loam,0.528,0.261,20.52,9,0.369,1.517.579,24.16
21.052,106.693,9,11,3.64,32.2,24.8,6.2,29.2,38.6,25.4,23.76,5.06,83.5,13.38,12,-3.61,-3.18,-3.97,-3.01,-1.53,10.61,0.28,6.3,8.2,-1.85,-3.74,-4.52,Maize,Clay Loam,0.485,0.258,25.41,6,0.418,1.734.376,23.688
21.053,106.025,9,5,3.64,30.4,22.7,6.2,29.6,40,23.5,24.18,4.13,82.51,13.38,12,-3.45,-2.61,-3.49,-2.27,-1.12,6.4,-0.14,6.45,7.56,0.06,-3.6,-3.84,Maize,Clay Loam,0.528,0.255,20.52,9,0.369,1.734.376,24.148
21.054,105.67,9,12,3.64,30.1,22.1,6,29.3,40.7,25,23.88,3.84,82.73,14.01,12,-3.62,-2.57,-3.27,-2.24,-0.69,5.8,0.34,6.86,5.89,0.57,-3.41,-3.66,Maize,Clay Loam,0.512,0.258,19.46,8,0.353,2167.97,23.802
21.054,106.097,9,5,3.64,32.3,22.7,6.1,26.4,41.3,23.8,24.18,4.13,82.51,13.38,12,-3.45,-2.61,-3.49,-2.27,-1.12,6.4,-0.14,6.45,7.56,0.06,-3.6,-3.84,Maize,Clay Loam,0.528,0.263,20.52,9,0.369,1.951.173,24.148
21.054,106.256,9,2,3.64,35.9,26.2,6,27.6,36.5,27.9,24.18,4.13,82.51,13.38,12,-3.45,-2.61,-3.49,-2.27,-1.12,6.4,-0.14,6.45,7.56,0.06,-3.6,-3.84,Maize,Clay Loam,0.528,0.266,20.52,9,0.369,2167.97,24.167
21.054,106.493,9,8,3.64,34,24.3,6.3,27.4,38.7,25.6,24.18,4.13,82.51,13.38,12,-3.45,-2.61,-3.49,-2.27,-1.12,6.4,-0.14,6.45,7.56,0.06,-3.6,-3.84,Maize,Clay Loam,0.528,0.263,20.52,9,0.369,1.517.579,24.128
21.055,105.586,9,9,3.64,30,22.8,6,30.7,39.2,27.6,23.88,3.84,82.73,14.01,12,-3.62,-2.57,-3.27,-2.24,-0.69,5.8,0.34,6.86,5.89,0.57,-3.41,-3.66,Maize,Clay Loam,0.512,0.258,19.46,8,0.353,2167.97,23.822
21.057,105.566,9,9,3.64,30.1,24.1,6,31.9,38,23.6,23.88,3.84,82.73,14.01,12,-3.62,-2.57,-3.27,-2.24,-0.69,5.8,0.34,6.86,5.89,0.57,-3.41,-3.66,Maize,Clay Loam,0.512,0.25,19.46,8,0.353,2167.97,23.822
21.058,105.999,9,9,3.64,28.6,22.1,6.2,31.1,40.3,21.4,24.18,4.13,82.51,14.01,12,-3.45,-2.61,-3.49,-2.27,-1.12,6.4,-0.14,6.45,7.56,0.06,-3.6,-3.84,Maize,Clay Loam,0.528,0.248,20.52,9,0.369,1.734.376,24.122
21.058,106.123,9,4,3.64,29.8,24.9,6,29.1,41.1,23.2,24.18,4.13,82.51,13.38,12,-3.45,-2.61,-3.49,-2.27,-1.12,6.4,-0.14,6.45,7.56,0.06,-3.6,-3.84,Maize,Clay Loam,0.528,0.256,20.52,9,0.369,2167.97,24.154
21.059,106.237,9,4,3.64,35,23.1,6,27.7,37.3,22.1,24.18,4.13,82.51,13.38,12,-3.45,-2.61,-3.49,-2.27,-1.12,6.4,-0.14,6.45,7.56,0.06,-3.6,-3.84,Maize,Clay Loam,0.528,0.257,20.52,9,0.369,2167.97,24.154
21.059,106.432,9,4,3.64,32.9,23.1,6.3,27.1,39.9,33.9,24.18,4.13,82.51,13.38,12,-3.45,-2.61,-3.49,-2.27,-1.12,6.4,-0.14,6.45,7.56,0.06,-3.6,-3.84,Maize,Clay Loam,0.528,0.275,20.52,9,0.369,1.517.579,24.154
21.061,106.147,9,5,3.64,33.1,23.3,5.8,24.9,42,24.2,24.18,4.13,82.51,13.38,12,-3.45,-2.61,-3.49,-2.27,-1.12,6.4,-0.14,6.45,7.56,0.06,-3.6,-3.84,Maize,Clay Loam,0.528,0.267,20.52,9,0.369,2.601.564,24.148
21.062,106.131,9,7,3.64,29.9,21.5,5.9,29.3,40.8,22.7,24.18,4.13,82.51,13.38,12,-3.45,-2.61,-3.49,-2.27,-1.12,6.4,-0.14,6.45,7.56,0.06,-3.6,-3.84,Maize,Clay Loam,0.528,0.254,20.52,9,0.369,2.384.767,24.134
21.064,105.608,9,10,3.64,28.4,22.5,6,30,41.5,22.3,23.88,3.84,82.73,14.01,12,-3.62,-2.57,-3.27,-2.24,-0.69,5.8,0.34,6.86,5.89,0.57,-3.41,-3.66,Maize,Clay Loam,0.512,0.252,19.46,8,0.353,2167.97,23.815
21.066,106.181,9,4,3.64,38.8,21.2,6.1,25.5,35.7,27.7,24.18,4.13,82.51,13.38,12,-3.45,-2.61,-3.49,-2.27,-1.12,6.4,-0.14,6.45,7.56,0.06,-3.6,-3.84,Maize,Clay Loam,0.528,0.27,20.52,9,0.369,1.951.173,24.154
21.07,106.235,9,4,3.64,36.4,23.2,6.2,27.2,36.4,24.9,24.18,4.13,82.51,13.38,12,-3.45,-2.61,-3.49,-2.27,-1.12,6.4,-0.14,6.45,7.56,0.06,-3.6,-3.84,Maize,Clay Loam,0.528,0.262,20.52,9,0.369,1.734.376,24.154
21.073,105.563,9,10,3.64,29.4,25.1,5.9,29.8,40.8,25.4,23.88,3.84,82.73,14.01,12,-3.62,-2.57,-3.27,-2.24,-0.69,5.8,0.34,6.86,5.89,0.57,-3.41,-3.66,Maize,Clay Loam,0.512,0.257,19.46,8,0.353,2.384.767,23.815
21.073,105.941,9,7,3.64,26.7,19.9,6.1,31.6,41.7,22.8,24.18,4.13,82.51,14.01,12,-3.45,-2.61,-3.49,-2.27,-1.12,6.4,-0.14,6.45,7.56,0.06,-3.6,-3.84,Maize,Loam,0.528,0.249,20.52,9,0.369,1.951.173,24.134
21.074,106.586,9,14,3.64,30.6,19.6,6.1,29.7,39.7,27.1,23.76,5.06,83.5,13.38,12,-3.61,-3.18,-3.97,-3.01,-1.53,10.61,0.28,6.3,8.2,-1.85,-3.74,-4.52,Maize,Clay Loam,0.485,0.26,25.41,6,0.418,1.951.173,23.669
21.079,105.765,9,8,3.64,27.7,22.6,6,30.3,41.9,19.7,23.88,3.84,82.73,14.01,12,-3.62,-2.57,-3.27,-2.24,-0.69,5.8,0.34,6.86,5.89,0.57,-3.41,-3.66,Maize,Clay Loam,0.512,0.248,19.46,8,0.353,2167.97,23.828
21.079,106.561,9,4,3.64,36.6,20.3,6.3,25.7,37.7,28.7,24.18,4.13,82.51,13.38,12,-3.45,-2.61,-3.49,-2.27,-1.12,6.4,-0.14,6.45,7.56,0.06,-3.6,-3.84,Maize,Clay Loam,0.528,0.271,20.52,9,0.369,1.517.579,24.154
21.08,106.49,9,3,3.64,37,23.3,6.2,26.7,36.3,30.7,24.18,4.13,82.51,13.38,12,-3.45,-2.61,-3.49,-2.27,-1.12,6.4,-0.14,6.45,7.56,0.06,-3.6,-3.84,Maize,Clay Loam,0.528,0.272,20.52,9,0.369,1.734.376,24.16
21.081,106.674,9,336,3.64,31.1,25.8,5.8,28.7,40.2,33.9,23.76,5.06,83.5,13.38,12,-3.61,-3.18,-3.97,-3.01,-1.53,10.61,0.28,6.3,8.2,-1.85,-3.74,-4.52,Maize,Clay Loam,0.485,0.271,25.41,6,0.418,2.601.564,21.576
21.082,106.461,9,103,3.64,33,23.8,6.1,28.9,38.2,29.1,24.18,4.13,82.51,13.38,12,-3.45,-2.61,-3.49,-2.27,-1.12,6.4,-0.14,6.45,7.56,0.06,-3.6,-3.84,Maize,Clay Loam,0.528,0.264,20.52,9,0.369,1.951.173,23.51
21.083,105.514,9,15,3.64,30.2,24.5,6,25.5,44.3,20.7,23.88,3.84,82.73,14.01,12,-3.62,-2.57,-3.27,-2.24,-0.69,5.8,0.34,6.86,5.89,0.57,-3.41,-3.66,Maize,Clay Loam,0.512,0.26,19.46,8,0.353,2167.97,23.782
21.083,106.219,9,5,3.64,38.5,23.2,6,26.9,34.6,27.4,24.18,4.13,82.51,13.38,12,-3.45,-2.61,-3.49,-2.27,-1.12,6.4,-0.14,6.45,7.56,0.06,-3.6,-3.84,Maize,Clay Loam,0.528,0.266,20.52,9,0.369,2167.97,24.148
21.084,106.51,9,12,3.64,30.2,19.8,6.2,28,41.8,24.5,24.18,4.13,82.51,13.38,12,-3.45,-2.61,-3.49,-2.27,-1.12,6.4,-0.14,6.45,7.56,0.06,-3.6,-3.84,Maize,Clay Loam,0.528,0.26,20.52,9,0.369,1.734.376,24.102
21.087,106.113,9,8,3.64,29.8,20.9,6.1,33,37.2,22.1,24.18,4.13,82.51,13.38,12,-3.45,-2.61,-3.49,-2.27,-1.12,6.4,-0.14,6.45,7.56,0.06,-3.6,-3.84,Maize,Clay Loam,0.528,0.245,20.52,9,0.369,1.951.173,24.128
21.087,106.346,9,5,3.64,31,23.8,6.2,26.9,42.1,29.5,24.18,4.13,82.51,13.38,12,-3.45,-2.61,-3.49,-2.27,-1.12,6.4,-0.14,6.45,7.56,0.06,-3.6,-3.84,Maize,Clay Loam,0.528,0.269,20.52,9,0.369,1.734.376,24.148
21.088,105.888,9,10,3.64,25.7,21.7,6.1,32.7,41.7,25.6,23.88,3.84,82.73,14.01,12,-3.62,-2.57,-3.27,-2.24,-0.69,5.8,0.34,6.86,5.89,0.57,-3.41,-3.66,Maize,Loam,0.512,0.251,19.46,8,0.353,1.951.173,23.815
21.089,105.841,9,11,3.64,27.6,19.6,6.1,34.2,38.2,24.3,23.88,3.84,82.73,14.01,12,-3.62,-2.57,-3.27,-2.24,-0.69,5.8,0.34,6.86,5.89,0.57,-3.41,-3.66,Maize,Clay Loam,0.512,0.245,19.46,8,0.353,1.951.173,23.808
21.09,106.243,9,3,3.64,35.7,22.8,6,24.7,39.6,25.3,24.18,4.13,82.51,13.38,12,-3.45,-2.61,-3.49,-2.27,-1.12,6.4,-0.14,6.45,7.56,0.06,-3.6,-3.84,Maize,Clay Loam,0.528,0.269,20.52,9,0.369,2167.97,24.16
21.091,106.169,9,5,3.64,36.9,22.5,5.8,25,38.1,26.1,24.18,4.13,82.51,13.38,12,-3.45,-2.61,-3.49,-2.27,-1.12,6.4,-0.14,6.45,7.56,0.06,-3.6,-3.84,Maize,Clay Loam,0.528,0.269,20.52,9,0.369,2.601.564,24.148
21.092,106.276,9,3,3.64,36.3,26.2,6,25.4,38.3,26.3,24.18,4.13,82.51,13.38,12,-3.45,-2.61,-3.49,-2.27,-1.12,6.4,-0.14,6.45,7.56,0.06,-3.6,-3.84,Maize,Clay Loam,0.528,0.268,20.52,9,0.369,2167.97,24.16
21.092,106.399,9,38,3.64,36.1,25.6,5.8,27.9,35.9,39.6,24.18,4.13,82.51,13.38,12,-3.45,-2.61,-3.49,-2.27,-1.12,6.4,-0.14,6.45,7.56,0.06,-3.6,-3.84,Maize,Clay Loam,0.528,0.281,20.52,9,0.369,2.601.564,23.933
21.094,106.027,9,37,3.64,26.5,19.5,6.1,33.1,40.4,23.4,24.18,4.13,82.51,13.38,12,-3.45,-2.61,-3.49,-2.27,-1.12,6.4,-0.14,6.45,7.56,0.06,-3.6,-3.84,Maize,Loam,0.528,0.247,20.52,9,0.369,1.951.173,23.94
21.095,105.685,9,8,3.64,29.3,24.1,6.1,32.4,38.3,24.9,23.88,3.84,82.73,14.01,12,-3.62,-2.57,-3.27,-2.24,-0.69,5.8,0.34,6.86,5.89,0.57,-3.41,-3.66,Maize,Clay Loam,0.512,0.25,19.46,8,0.353,1.951.173,23.828
21.096,106.525,9,3,3.64,36.1,21.5,6.1,25.6,38.3,31.3,24.18,4.13,82.51,13.38,12,-3.45,-2.61,-3.49,-2.27,-1.12,6.4,-0.14,6.45,7.56,0.06,-3.6,-3.84,Maize,Clay Loam,0.528,0.275,20.52,9,0.369,1.951.173,24.16
21.099,105.673,9,11,3.64,29.6,21.7,6,32.5,37.9,23.5,23.88,3.84,82.73,14.01,12,-3.62,-2.57,-3.27,-2.24,-0.69,5.8,0.34,6.86,5.89,0.57,-3.41,-3.66,Maize,Clay Loam,0.512,0.248,19.46,8,0.353,2167.97,23.808
21.099,106.318,9,3,3.64,33,22.2,6.2,25.5,41.5,26.1,24.18,4.13,82.51,13.38,12,-3.45,-2.61,-3.49,-2.27,-1.12,6.4,-0.14,6.45,7.56,0.06,-3.6,-3.84,Maize,Clay Loam,0.528,0.268,20.52,9,0.369,1.734.376,24.16
21.1,106.058,9,5,3.64,32,20.3,6.2,32.8,35.3,23.7,24.18,4.13,82.51,13.38,12,-3.45,-2.61,-3.49,-2.27,-1.12,6.4,-0.14,6.45,7.56,0.06,-3.6,-3.84,Maize,Clay Loam,0.528,0.248,20.52,9,0.369,1.734.376,24.148
21.1,106.294,9,6,3.64,33.6,19.3,6.1,26.8,39.7,27.7,24.18,4.13,82.51,13.38,12,-3.45,-2.61,-3.49,-2.27,-1.12,6.4,-0.14,6.45,7.56,0.06,-3.6,-3.84,Maize,Clay Loam,0.528,0.267,20.52,9,0.369,1.951.173,24.141
21.1,106.489,9,3,3.64,35.2,24.4,6.3,26.4,38.4,32,24.18,4.13,82.51,13.38,12,-3.45,-2.61,-3.49,-2.27,-1.12,6.4,-0.14,6.45,7.56,0.06,-3.6,-3.84,Maize,Clay Loam,0.528,0.274,20.52,9,0.369,1.517.579,24.16
21.102,105.771,9,11,3.64,30.8,19.9,6,28.7,40.5,22.3,23.88,3.84,82.73,14.01,12,-3.62,-2.57,-3.27,-2.24,-0.69,5.8,0.34,6.86,5.89,0.57,-3.41,-3.66,Maize,Clay Loam,0.512,0.255,19.46,8,0.353,2167.97,23.808
21.102,106.369,9,8,3.64,35.3,23.8,6.2,27.9,36.8,28.1,24.18,4.13,82.51,13.38,12,-3.45,-2.61,-3.49,-2.27,-1.12,6.4,-0.14,6.45,7.56,0.06,-3.6,-3.84,Maize,Clay Loam,0.528,0.265,20.52,9,0.369,1.734.376,24.128
21.104,106.155,9,2,3.64,31.7,19.6,6.1,31.8,36.6,23.2,24.18,4.13,82.51,13.38,12,-3.45,-2.61,-3.49,-2.27,-1.12,6.4,-0.14,6.45,7.56,0.06,-3.6,-3.84,Maize,Clay Loam,0.528,0.249,20.52,9,0.369,1.951.173,24.167
21.105,105.554,9,12,3.64,31.2,24.4,6.1,28.6,40.2,21.3,23.88,3.84,82.73,14.01,12,-3.62,-2.57,-3.27,-2.24,-0.69,5.8,0.34,6.86,5.89,0.57,-3.41,-3.66,Maize,Clay Loam,0.512,0.254,19.46,8,0.353,1.951.173,23.802
21.108,105.514,9,11,3.64,30.4,22.3,5.8,27.8,41.8,23,23.88,3.84,82.73,14.01,12,-3.62,-2.57,-3.27,-2.24,-0.69,5.8,0.34,6.86,5.89,0.57,-3.41,-3.66,Maize,Clay Loam,0.512,0.258,19.46,8,0.353,2.601.564,23.808
21.109,105.931,9,9,3.64,26,21.3,6.1,32.1,41.8,21.9,23.88,3.84,82.73,14.01,12,-3.62,-2.57,-3.27,-2.24,-0.69,5.8,0.34,6.86,5.89,0.57,-3.41,-3.66,Maize,Loam,0.512,0.247,19.46,8,0.353,1.951.173,23.822
21.111,106.237,9,2,3.64,36.4,23.4,6.3,24.4,39.2,35.9,24.18,4.13,82.51,13.38,12,-3.45,-2.61,-3.49,-2.27,-1.12,6.4,-0.14,6.45,7.56,0.06,-3.6,-3.84,Maize,Clay Loam,0.528,0.284,20.52,9,0.369,1.517.579,24.167
21.111,106.577,9,13,3.64,30.3,23.9,6,29.8,39.9,24.4,23.76,5.06,83.5,13.38,12,-3.61,-3.18,-3.97,-3.01,-1.53,10.61,0.28,6.3,8.2,-1.85,-3.74,-4.52,Maize,Clay Loam,0.485,0.256,25.41,6,0.418,2167.97,23.676
21.115,105.507,9,16,3.64,30.2,24.1,5.8,30.3,39.4,19.5,23.88,3.84,82.73,14.01,12,-3.62,-2.57,-3.27,-2.24,-0.69,5.8,0.34,6.86,5.89,0.57,-3.41,-3.66,Maize,Clay Loam,0.512,0.248,19.46,8,0.353,2.601.564,23.776
21.115,105.837,9,9,3.64,27.3,21.1,6,34.9,37.7,25.1,23.88,3.84,82.73,14.01,12,-3.62,-2.57,-3.27,-2.24,-0.69,5.8,0.34,6.86,5.89,0.57,-3.41,-3.66,Maize,Clay Loam,0.512,0.245,19.46,8,0.353,2167.97,23.822
21.117,106.323,9,13,3.64,32.6,20.9,6.1,26.9,40.5,25.7,24.18,4.13,82.51,13.38,12,-3.45,-2.61,-3.49,-2.27,-1.12,6.4,-0.14,6.45,7.56,0.06,-3.6,-3.84,Maize,Clay Loam,0.528,0.264,20.52,9,0.369,1.951.173,24.096
21.119,105.605,9,11,3.64,29.6,22.2,6,29.5,40.9,23,23.88,3.84,82.73,14.01,12,-3.62,-2.57,-3.27,-2.24,-0.69,5.8,0.34,6.86,5.89,0.57,-3.41,-3.66,Maize,Clay Loam,0.512,0.254,19.46,8,0.353,2167.97,23.808
21.119,106.492,9,12,3.64,32.8,22.6,6.2,27.7,39.5,24.6,24.18,4.13,82.51,13.38,12,-3.45,-2.61,-3.49,-2.27,-1.12,6.4,-0.14,6.45,7.56,0.06,-3.6,-3.84,Maize,Clay Loam,0.528,0.261,20.52,9,0.369,1.734.376,24.102
21.121,105.799,9,8,3.64,27.3,22.2,6.1,31.7,41,23.1,23.88,3.84,82.73,14.01,12,-3.62,-2.57,-3.27,-2.24,-0.69,5.8,0.34,6.86,5.89,0.57,-3.41,-3.66,Maize,Clay Loam,0.512,0.249,19.46,8,0.353,1.951.173,23.828
21.121,106.03,9,17,3.64,30.5,20.2,6.3,29.9,39.5,24.9,24.18,4.13,82.51,13.38,12,-3.45,-2.61,-3.49,-2.27,-1.12,6.4,-0.14,6.45,7.56,0.06,-3.6,-3.84,Maize,Clay Loam,0.528,0.256,20.52,9,0.369,1.517.579,24.07
21.121,106.637,9,35,3.64,30.9,24.8,6,28.7,40.4,25.6,23.76,5.06,83.5,13.38,12,-3.61,-3.18,-3.97,-3.01,-1.53,10.61,0.28,6.3,8.2,-1.85,-3.74,-4.52,Maize,Clay Loam,0.485,0.26,25.41,6,0.418,2167.97,23.533
21.123,105.798,9,9,3.64,28.2,23,6.1,31.9,39.9,25.1,23.88,3.84,82.73,14.01,12,-3.62,-2.57,-3.27,-2.24,-0.69,5.8,0.34,6.86,5.89,0.57,-3.41,-3.66,Maize,Clay Loam,0.512,0.252,19.46,8,0.353,1.951.173,23.822
21.123,106.384,9,18,3.64,35,21.6,6.3,29,36,26.4,24.18,4.13,82.51,13.38,12,-3.45,-2.61,-3.49,-2.27,-1.12,6.4,-0.14,6.45,7.56,0.06,-3.6,-3.84,Maize,Clay Loam,0.528,0.26,20.52,9,0.369,1.517.579,24.063
21.124,105.904,9,11,3.64,26.6,22.3,6.1,31.6,41.7,23.1,23.88,3.84,82.73,14.01,12,-3.62,-2.57,-3.27,-2.24,-0.69,5.8,0.34,6.86,5.89,0.57,-3.41,-3.66,Maize,Loam,0.512,0.25,19.46,8,0.353,1.951.173,23.808
21.124,106.531,9,18,3.64,34.8,21.5,6.2,26.5,38.7,27.8,24.18,4.13,82.51,13.38,12,-3.45,-2.61,-3.49,-2.27,-1.12,6.4,-0.14,6.45,7.56,0.06,-3.6,-3.84,Maize,Clay Loam,0.528,0.268,20.52,9,0.369,1.734.376,24.063
21.124,106.563,9,25,3.64,36.9,21,6.2,28.5,34.6,24.7,23.76,5.06,83.5,13.38,12,-3.61,-3.18,-3.97,-3.01,-1.53,10.61,0.28,6.3,8.2,-1.85,-3.74,-4.52,Maize,Clay Loam,0.485,0.259,25.41,6,0.418,1.734.376,23.598
21.125,105.624,9,15,3.64,27.7,22.7,5.9,29.7,42.6,22.5,23.88,3.84,82.73,14.01,12,-3.62,-2.57,-3.27,-2.24,-0.69,5.8,0.34,6.86,5.89,0.57,-3.41,-3.66,Maize,Clay Loam,0.512,0.253,19.46,8,0.353,2.384.767,23.782
21.125,106.416,9,3,3.64,35.7,20.9,6.1,25.9,38.4,25.5,24.18,4.13,82.51,13.38,12,-3.45,-2.61,-3.49,-2.27,-1.12,6.4,-0.14,6.45,7.56,0.06,-3.6,-3.84,Maize,Clay Loam,0.528,0.266,20.52,9,0.369,1.951.173,24.16
21.13,106.104,9,13,3.64,30.8,22.4,6.1,31.6,37.6,23.3,24.18,4.13,82.51,13.38,12,-3.45,-2.61,-3.49,-2.27,-1.12,6.4,-0.14,6.45,7.56,0.06,-3.6,-3.84,Maize,Clay Loam,0.528,0.25,20.52,9,0.369,1.951.173,24.096
21.132,105.972,9,6,3.64,30.8,21.6,6.3,32.7,36.6,22.3,24.18,4.13,82.51,14.01,12,-3.45,-2.61,-3.49,-2.27,-1.12,6.4,-0.14,6.45,7.56,0.06,-3.6,-3.84,Maize,Clay Loam,0.528,0.246,20.52,9,0.369,1.517.579,24.141
21.132,106.093,9,4,3.64,30.2,19,6,30,39.8,24.9,24.18,4.13,82.51,13.38,12,-3.45,-2.61,-3.49,-2.27,-1.12,6.4,-0.14,6.45,7.56,0.06,-3.6,-3.84,Maize,Clay Loam,0.528,0.256,20.52,9,0.369,2167.97,24.154
21.138,105.918,9,7,3.64,27.7,22.5,6.1,33,39.3,22.9,23.88,3.84,82.73,14.01,12,-3.62,-2.57,-3.27,-2.24,-0.69,5.8,0.34,6.86,5.89,0.57,-3.41,-3.66,Maize,Clay Loam,0.512,0.246,19.46,8,0.353,1.951.173,23.834
21.14,106.41,9,14,3.64,32.2,21.4,6.1,28.1,39.7,28.8,24.18,4.13,82.51,13.38,12,-3.45,-2.61,-3.49,-2.27,-1.12,6.4,-0.14,6.45,7.56,0.06,-3.6,-3.84,Maize,Clay Loam,0.528,0.266,20.52,9,0.369,1.951.173,24.089
21.141,105.659,9,6,3.64,29.2,21.3,5.9,29.8,41,40.6,23.88,3.84,82.73,14.01,12,-3.62,-2.57,-3.27,-2.24,-0.69,5.8,0.34,6.86,5.89,0.57,-3.41,-3.66,Maize,Clay Loam,0.512,0.278,19.46,8,0.353,2.384.767,23.841
21.141,105.962,9,6,3.64,31.9,24,6.2,31.7,36.4,24.9,24.18,4.13,82.51,14.01,12,-3.45,-2.61,-3.49,-2.27,-1.12,6.4,-0.14,6.45,7.56,0.06,-3.6,-3.84,Maize,Clay Loam,0.528,0.252,20.52,9,0.369,1.734.376,24.141
21.145,105.969,9,6,3.64,30.7,21.6,6.2,32.4,36.8,29.4,24.18,4.13,82.51,14.01,12,-3.45,-2.61,-3.49,-2.27,-1.12,6.4,-0.14,6.45,7.56,0.06,-3.6,-3.84,Maize,Clay Loam,0.528,0.257,20.52,9,0.369,1.734.376,24.141
21.146,106.207,9,5,3.64,28.7,20.8,6,27.9,43.3,27.6,24.18,4.13,82.51,13.38,12,-3.45,-2.61,-3.49,-2.27,-1.12,6.4,-0.14,6.45,7.56,0.06,-3.6,-3.84,Maize,Clay Loam,0.528,0.264,20.52,9,0.369,2167.97,24.148
21.147,105.555,9,14,3.64,29,19.7,5.9,28.8,42.2,35.8,23.88,3.84,82.73,14.01,12,-3.62,-2.57,-3.27,-2.24,-0.69,5.8,0.34,6.86,5.89,0.57,-3.41,-3.66,Maize,Clay Loam,0.512,0.274,19.46,8,0.353,2.384.767,23.789
21.147,105.584,9,14,3.64,29.8,21.9,6,29.4,40.8,22.1,23.88,3.84,82.73,14.01,12,-3.62,-2.57,-3.27,-2.24,-0.69,5.8,0.34,6.86,5.89,0.57,-3.41,-3.66,Maize,Clay Loam,0.512,0.253,19.46,8,0.353,2167.97,23.789
21.147,105.701,9,7,3.64,26.9,20.8,6.1,30.2,42.9,38.1,23.88,3.84,82.73,14.01,12,-3.62,-2.57,-3.27,-2.24,-0.69,5.8,0.34,6.86,5.89,0.57,-3.41,-3.66,Maize,Loam,0.512,0.274,19.46,8,0.353,1.951.173,23.834
21.148,106.276,9,3,3.64,37.6,24.8,6,24.3,38,24.4,24.18,4.13,82.51,13.38,12,-3.45,-2.61,-3.49,-2.27,-1.12,6.4,-0.14,6.45,7.56,0.06,-3.6,-3.84,Maize,Clay Loam,0.528,0.268,20.52,9,0.369,2167.97,24.16
21.153,106.181,9,4,3.64,32.3,24.3,6.2,32.9,34.9,29.8,24.18,4.13,82.51,13.38,12,-3.45,-2.61,-3.49,-2.27,-1.12,6.4,-0.14,6.45,7.56,0.06,-3.6,-3.84,Maize,Clay Loam,0.528,0.256,20.52,9,0.369,1.734.376,24.154
21.154,106.511,9,169,3.64,30.9,26.2,5.7,26.6,42.5,34,24.18,4.13,82.51,13.38,12,-3.45,-2.61,-3.49,-2.27,-1.12,6.4,-0.14,6.45,7.56,0.06,-3.6,-3.84,Maize,Clay Loam,0.528,0.276,20.52,9,0.369,2.818.361,23.082
21.157,105.698,9,10,3.64,28.8,19.7,6,29.7,41.5,32.6,23.88,3.84,82.73,14.01,12,-3.62,-2.57,-3.27,-2.24,-0.69,5.8,0.34,6.86,5.89,0.57,-3.41,-3.66,Maize,Clay Loam,0.512,0.267,19.46,8,0.353,2167.97,23.815
21.157,106.619,9,171,3.64,34.7,27.3,5.6,27.5,37.8,34.1,23.76,5.06,83.5,13.38,12,-3.61,-3.18,-3.97,-3.01,-1.53,10.61,0.28,6.3,8.2,-1.85,-3.74,-4.52,Maize,Clay Loam,0.485,0.274,25.41,6,0.418,3.035.158,22.649
21.16,106.184,9,5,3.64,29.5,23.3,6.1,29.9,40.6,30.5,24.18,4.13,82.51,13.38,12,-3.45,-2.61,-3.49,-2.27,-1.12,6.4,-0.14,6.45,7.56,0.06,-3.6,-3.84,Maize,Clay Loam,0.528,0.264,20.52,9,0.369,1.951.173,24.148
21.16,106.631,9,297,3.64,35.3,31,5.4,27.5,37.1,44.4,23.76,5.06,83.5,13.38,12,-3.61,-3.18,-3.97,-3.01,-1.53,10.61,0.28,6.3,8.2,-1.85,-3.74,-4.52,Maize,Clay Loam,0.485,0.289,25.41,6,0.418,3.468.752,21.83
21.165,106.309,9,10,3.64,31,17,6.1,26.6,42.4,24.3,24.18,4.13,82.51,13.38,12,-3.45,-2.61,-3.49,-2.27,-1.12,6.4,-0.14,6.45,7.56,0.06,-3.6,-3.84,Maize,Clay Loam,0.528,0.263,20.52,9,0.369,1.951.173,24.115
21.165,106.312,9,3,3.64,32.4,17.6,6.2,25.8,41.8,31.3,24.18,4.13,82.51,13.38,12,-3.45,-2.61,-3.49,-2.27,-1.12,6.4,-0.14,6.45,7.56,0.06,-3.6,-3.84,Maize,Clay Loam,0.528,0.274,20.52,9,0.369,1.734.376,24.16
21.165,106.421,9,16,3.64,33.8,22.2,6.3,26.4,39.8,18.7,24.18,4.13,82.51,13.38,12,-3.45,-2.61,-3.49,-2.27,-1.12,6.4,-0.14,6.45,7.56,0.06,-3.6,-3.84,Maize,Clay Loam,0.528,0.255,20.52,9,0.369,1.517.579,24.076
21.165,106.451,9,15,3.64,31.4,23.1,6.1,26,42.7,19.5,24.18,4.13,82.51,13.38,12,-3.45,-2.61,-3.49,-2.27,-1.12,6.4,-0.14,6.45,7.56,0.06,-3.6,-3.84,Maize,Clay Loam,0.528,0.258,20.52,9,0.369,1.951.173,24.082
21.168,105.772,9,11,3.64,26.3,23.2,6.1,31.2,42.4,28.1,23.88,3.84,82.73,14.01,12,-3.62,-2.57,-3.27,-2.24,-0.69,5.8,0.34,6.86,5.89,0.57,-3.41,-3.66,Maize,Loam,0.512,0.258,19.46,8,0.353,1.951.173,23.808
21.168,106.2,9,4,3.64,31.7,24.8,6,29.1,39.2,28.8,24.18,4.13,82.51,13.38,12,-3.45,-2.61,-3.49,-2.27,-1.12,6.4,-0.14,6.45,7.56,0.06,-3.6,-3.84,Maize,Clay Loam,0.528,0.263,20.52,9,0.369,2167.97,24.154
21.169,105.834,9,13,3.64,25.4,20.1,6.1,33.3,41.3,23.4,23.88,3.84,82.73,14.01,12,-3.62,-2.57,-3.27,-2.24,-0.69,5.8,0.34,6.86,5.89,0.57,-3.41,-3.66,Maize,Loam,0.512,0.246,19.46,8,0.353,1.951.173,23.796
21.17,106.193,9,4,3.64,29.5,22.4,6,31.4,39.1,26.7,24.18,4.13,82.51,13.38,12,-3.45,-2.61,-3.49,-2.27,-1.12,6.4,-0.14,6.45,7.56,0.06,-3.6,-3.84,Maize,Clay Loam,0.528,0.255,20.52,9,0.369,2167.97,24.154
21.172,106.48,9,136,3.64,34,27.2,5.6,25.3,40.7,40.7,24.18,4.13,82.51,13.38,12,-3.45,-2.61,-3.49,-2.27,-1.12,6.4,-0.14,6.45,7.56,0.06,-3.6,-3.84,Maize,Clay Loam,0.528,0.289,20.52,9,0.369,3.035.158,23.296
21.175,105.6,9,13,3.64,28.8,20,5.8,29.8,41.4,34.9,23.88,3.84,82.73,14.01,12,-3.62,-2.57,-3.27,-2.24,-0.69,5.8,0.34,6.86,5.89,0.57,-3.41,-3.66,Maize,Clay Loam,0.512,0.27,19.46,8,0.353,2.601.564,23.796
21.175,106.675,9,352,3.64,35.5,33.1,5.5,26.3,38.2,42.6,23.76,5.06,83.5,13.38,12,-3.61,-3.18,-3.97,-3.01,-1.53,10.61,0.28,6.3,8.2,-1.85,-3.74,-4.52,Maize,Clay Loam,0.485,0.289,25.41,6,0.418,3.251.955,21.472
21.176,106.522,9,398,3.64,33.4,30.7,5.4,25.1,41.5,39,24.18,4.13,82.51,13.38,12,-3.45,-2.61,-3.49,-2.27,-1.12,6.4,-0.14,6.45,7.56,0.06,-3.6,-3.84,Maize,Clay Loam,0.528,0.287,20.52,9,0.369,3.468.752,21.593
21.178,105.676,9,10,3.64,29.1,24.5,5.6,29.2,41.7,27.4,23.88,3.84,82.73,14.01,12,-3.62,-2.57,-3.27,-2.24,-0.69,5.8,0.34,6.86,5.89,0.57,-3.41,-3.66,Maize,Clay Loam,0.512,0.261,19.46,8,0.353,3.035.158,23.815
21.178,105.885,9,8,3.64,30.5,23.2,6,33.2,36.3,24.3,23.88,3.84,82.73,14.01,12,-3.62,-2.57,-3.27,-2.24,-0.69,5.8,0.34,6.86,5.89,0.57,-3.41,-3.66,Maize,Clay Loam,0.512,0.248,19.46,8,0.353,2167.97,23.828
21.178,105.961,9,5,3.64,31.2,22,6.2,31.5,37.3,22.3,24.18,4.13,82.51,14.01,12,-3.45,-2.61,-3.49,-2.27,-1.12,6.4,-0.14,6.45,7.56,0.06,-3.6,-3.84,Maize,Clay Loam,0.528,0.249,20.52,9,0.369,1.734.376,24.148
21.178,106.217,9,5,3.64,27.2,22.9,5.9,30,42.8,27.7,24.18,4.13,82.51,13.38,12,-3.45,-2.61,-3.49,-2.27,-1.12,6.4,-0.14,6.45,7.56,0.06,-3.6,-3.84,Maize,Clay Loam,0.528,0.26,20.52,9,0.369,2.384.767,24.148
21.179,105.744,9,11,3.64,29.1,21.1,6.1,31,39.8,22.1,23.88,3.84,82.73,14.01,12,-3.62,-2.57,-3.27,-2.24,-0.69,5.8,0.34,6.86,5.89,0.57,-3.41,-3.66,Maize,Clay Loam,0.512,0.25,19.46,8,0.353,1.951.173,23.808
21.182,106.165,9,4,3.64,31.1,24.5,6.2,32.6,36.4,25.5,24.18,4.13,82.51,13.38,12,-3.45,-2.61,-3.49,-2.27,-1.12,6.4,-0.14,6.45,7.56,0.06,-3.6,-3.84,Maize,Clay Loam,0.528,0.251,20.52,9,0.369,1.734.376,24.154
21.183,105.869,9,10,3.64,28.1,20.7,6.2,32.6,39.3,23,23.88,3.84,82.73,14.01,12,-3.62,-2.57,-3.27,-2.24,-0.69,5.8,0.34,6.86,5.89,0.57,-3.41,-3.66,Maize,Clay Loam,0.512,0.247,19.46,8,0.353,1.734.376,23.815
21.184,106.669,9,276,3.64,35.4,31.6,5.4,27.1,37.5,47.8,23.76,5.06,83.5,13.38,12,-3.61,-3.18,-3.97,-3.01,-1.53,10.61,0.28,6.3,8.2,-1.85,-3.74,-4.52,Maize,Clay Loam,0.485,0.295,25.41,6,0.418,3.468.752,21.966
21.185,105.553,9,14,3.64,30.7,20.5,6.1,32.5,36.8,22.8,23.88,3.84,82.73,14.01,12,-3.62,-2.57,-3.27,-2.24,-0.69,5.8,0.34,6.86,5.89,0.57,-3.41,-3.66,Maize,Clay Loam,0.512,0.247,19.46,8,0.353,1.951.173,23.789
21.185,106.476,9,88,3.64,31.1,27.7,5.5,26.8,42.2,35.2,24.18,4.13,82.51,13.38,12,-3.45,-2.61,-3.49,-2.27,-1.12,6.4,-0.14,6.45,7.56,0.06,-3.6,-3.84,Maize,Clay Loam,0.528,0.278,20.52,9,0.369,3.251.955,23.608
21.186,106.094,9,4,3.64,30.8,21.8,6,36.2,33.1,24.8,24.18,4.13,82.51,13.38,12,-3.45,-2.61,-3.49,-2.27,-1.12,6.4,-0.14,6.45,7.56,0.06,-3.6,-3.84,Maize,Clay Loam,0.528,0.241,20.52,9,0.369,2167.97,24.154
21.186,106.215,9,4,3.64,28.1,22.9,5.9,28.6,43.3,27.7,24.18,4.13,82.51,13.38,12,-3.45,-2.61,-3.49,-2.27,-1.12,6.4,-0.14,6.45,7.56,0.06,-3.6,-3.84,Maize,Clay Loam,0.528,0.263,20.52,9,0.369,2.384.767,24.154
21.187,106.596,9,350,3.64,34.8,30.9,5.4,25.9,39.2,37.3,23.76,5.06,83.5,13.38,12,-3.61,-3.18,-3.97,-3.01,-1.53,10.61,0.28,6.3,8.2,-1.85,-3.74,-4.52,Maize,Clay Loam,0.485,0.283,25.41,6,0.418,3.468.752,21.485
21.191,105.808,9,9,3.64,29.8,21.5,6.2,28.7,41.4,27.9,23.88,3.84,82.73,14.01,12,-3.62,-2.57,-3.27,-2.24,-0.69,5.8,0.34,6.86,5.89,0.57,-3.41,-3.66,Maize,Clay Loam,0.512,0.263,19.46,8,0.353,1.734.376,23.822
21.192,105.972,9,5,3.64,33.8,22.2,5.8,30.6,35.7,25.8,24.18,4.13,82.51,14.01,12,-3.45,-2.61,-3.49,-2.27,-1.12,6.4,-0.14,6.45,7.56,0.06,-3.6,-3.84,Maize,Clay Loam,0.528,0.256,20.52,9,0.369,2.601.564,24.148
21.193,105.583,9,13,3.64,28,20.8,6,32.1,39.9,24.2,23.88,3.84,82.73,14.01,12,-3.62,-2.57,-3.27,-2.24,-0.69,5.8,0.34,6.86,5.89,0.57,-3.41,-3.66,Maize,Clay Loam,0.512,0.25,19.46,8,0.353,2167.97,23.796
21.193,106.652,9,242,3.64,34.6,29.9,5.5,26.2,39.2,51.8,23.76,5.06,83.5,13.38,12,-3.61,-3.18,-3.97,-3.01,-1.53,10.61,0.28,6.3,8.2,-1.85,-3.74,-4.52,Maize,Clay Loam,0.485,0.302,25.41,6,0.418,3.251.955,22.187
21.196,105.929,9,8,3.64,31.2,20.2,6.2,33.2,35.7,24.3,23.88,3.84,82.73,14.01,12,-3.62,-2.57,-3.27,-2.24,-0.69,5.8,0.34,6.86,5.89,0.57,-3.41,-3.66,Maize,Clay Loam,0.512,0.248,19.46,8,0.353,1.734.376,23.828
21.198,106.556,9,319,3.64,33.1,30,5.4,25.3,41.6,45,24.18,4.13,82.51,13.38,12,-3.45,-2.61,-3.49,-2.27,-1.12,6.4,-0.14,6.45,7.56,0.06,-3.6,-3.84,Maize,Clay Loam,0.528,0.295,20.52,9,0.369,3.468.752,22.106
21.199,106.503,9,198,3.64,32.4,27.3,5.6,24.4,43.3,36.4,24.18,4.13,82.51,13.38,12,-3.45,-2.61,-3.49,-2.27,-1.12,6.4,-0.14,6.45,7.56,0.06,-3.6,-3.84,Maize,Clay Loam,0.528,0.285,20.52,9,0.369,3.035.158,22.893
21.201,106.324,9,4,3.64,34.3,24.4,6.1,25.7,40,35.4,24.18,4.13,82.51,13.38,12,-3.45,-2.61,-3.49,-2.27,-1.12,6.4,-0.14,6.45,7.56,0.06,-3.6,-3.84,Maize,Clay Loam,0.528,0.28,20.52,9,0.369,1.951.173,24.154
21.201,106.562,9,223,3.64,30.5,30.3,5.5,26,43.5,34.5,24.18,4.13,82.51,13.38,12,-3.45,-2.61,-3.49,-2.27,-1.12,6.4,-0.14,6.45,7.56,0.06,-3.6,-3.84,Maize,Clay Loam,0.528,0.278,20.52,9,0.369,3.251.955,22.73
21.201,106.633,9,141,3.64,31.1,30.2,5.5,25.7,43.3,38.3,23.76,5.06,83.5,13.38,12,-3.61,-3.18,-3.97,-3.01,-1.53,10.61,0.28,6.3,8.2,-1.85,-3.74,-4.52,Maize,Clay Loam,0.485,0.285,25.41,6,0.418,3.251.955,22.844
21.203,106.291,9,5,3.64,32.8,19.8,6.3,30.9,36.2,22.5,24.18,4.13,82.51,13.38,12,-3.45,-2.61,-3.49,-2.27,-1.12,6.4,-0.14,6.45,7.56,0.06,-3.6,-3.84,Maize,Clay Loam,0.528,0.25,20.52,9,0.369,1.517.579,24.148
21.204,106.193,9,68,3.64,27.3,24.9,5.8,26.6,46.1,30.6,24.18,4.13,82.51,13.38,12,-3.45,-2.61,-3.49,-2.27,-1.12,6.4,-0.14,6.45,7.56,0.06,-3.6,-3.84,Maize,Clay Loam,0.528,0.272,20.52,9,0.369,2.601.564,23.738
21.206,105.894,9,9,3.64,29.4,20,6,31.5,39,22.6,23.88,3.84,82.73,14.01,12,-3.62,-2.57,-3.27,-2.24,-0.69,5.8,0.34,6.86,5.89,0.57,-3.41,-3.66,Maize,Clay Loam,0.512,0.249,19.46,8,0.353,2167.97,23.822
21.207,105.801,9,15,3.64,29.3,19.7,6.2,30.2,40.5,21.5,23.88,3.84,82.73,14.01,12,-3.62,-2.57,-3.27,-2.24,-0.69,5.8,0.34,6.86,5.89,0.57,-3.41,-3.66,Maize,Clay Loam,0.512,0.251,19.46,8,0.353,1.734.376,23.782
21.209,105.798,9,16,3.64,28.9,20,6.1,29.4,41.7,21.7,23.88,3.84,82.73,14.01,12,-3.62,-2.57,-3.27,-2.24,-0.69,5.8,0.34,6.86,5.89,0.57,-3.41,-3.66,Maize,Clay Loam,0.512,0.253,19.46,8,0.353,1.951.173,23.776
21.209,106.121,9,4,3.64,30.7,22.2,6.2,29,40.3,20.9,24.18,4.13,82.51,13.38,12,-3.45,-2.61,-3.49,-2.27,-1.12,6.4,-0.14,6.45,7.56,0.06,-3.6,-3.84,Maize,Clay Loam,0.528,0.253,20.52,9,0.369,1.734.376,24.154
21.209,106.305,9,3,3.64,31.7,23.9,6.2,29.7,38.6,27.9,24.18,4.13,82.51,13.38,12,-3.45,-2.61,-3.49,-2.27,-1.12,6.4,-0.14,6.45,7.56,0.06,-3.6,-3.84,Maize,Clay Loam,0.528,0.261,20.52,9,0.369,1.734.376,24.16
21.209,106.511,9,153,3.64,32,23.6,5.7,24.9,43.1,29.2,24.18,4.13,82.51,13.38,12,-3.45,-2.61,-3.49,-2.27,-1.12,6.4,-0.14,6.45,7.56,0.06,-3.6,-3.84,Maize,Clay Loam,0.528,0.274,20.52,9,0.369,2.818.361,23.186
21.209,106.652,9,159,3.64,32.9,30.3,5.6,25.9,41.2,45.3,23.76,5.06,83.5,13.38,12,-3.61,-3.18,-3.97,-3.01,-1.53,10.61,0.28,6.3,8.2,-1.85,-3.74,-4.52,Maize,Clay Loam,0.485,0.294,25.41,6,0.418,3.035.158,22.726
21.21,106.073,9,4,3.64,32.5,20.3,6,31.5,36,25.9,24.18,4.13,82.51,13.38,12,-3.45,-2.61,-3.49,-2.27,-1.12,6.4,-0.14,6.45,7.56,0.06,-3.6,-3.84,Maize,Clay Loam,0.528,0.254,20.52,9,0.369,2167.97,24.154
21.211,106.283,9,3,3.64,31.3,23.5,6.2,30.6,38.1,31.5,24.18,4.13,82.51,13.38,12,-3.45,-2.61,-3.49,-2.27,-1.12,6.4,-0.14,6.45,7.56,0.06,-3.6,-3.84,Maize,Clay Loam,0.528,0.264,20.52,9,0.369,1.734.376,24.16
21.212,105.769,9,6,3.64,28,22.1,6,29.8,42.2,25.5,23.88,3.84,82.73,14.01,12,-3.62,-2.57,-3.27,-2.24,-0.69,5.8,0.34,6.86,5.89,0.57,-3.41,-3.66,Maize,Clay Loam,0.512,0.257,19.46,8,0.353,2167.97,23.841
21.213,106.551,9,134,3.64,30.3,30.5,5.4,25.4,44.3,36.3,24.18,4.13,82.51,13.38,12,-3.45,-2.61,-3.49,-2.27,-1.12,6.4,-0.14,6.45,7.56,0.06,-3.6,-3.84,Maize,Clay Loam,0.528,0.282,20.52,9,0.369,3.468.752,23.309
21.214,105.862,9,9,3.64,29.9,22,6.1,32.4,37.8,22.4,23.88,3.84,82.73,14.01,12,-3.62,-2.57,-3.27,-2.24,-0.69,5.8,0.34,6.86,5.89,0.57,-3.41,-3.66,Maize,Clay Loam,0.512,0.247,19.46,8,0.353,1.951.173,23.822
21.214,106.515,9,155,3.64,31.7,27.4,5.6,24.6,43.7,42.5,24.18,4.13,82.51,13.38,12,-3.45,-2.61,-3.49,-2.27,-1.12,6.4,-0.14,6.45,7.56,0.06,-3.6,-3.84,Maize,Clay Loam,0.528,0.293,20.52,9,0.369,3.035.158,23.172
21.214,106.529,9,162,3.64,30.7,26,5.7,24.9,44.5,31.4,24.18,4.13,82.51,13.38,12,-3.45,-2.61,-3.49,-2.27,-1.12,6.4,-0.14,6.45,7.56,0.06,-3.6,-3.84,Maize,Clay Loam,0.528,0.277,20.52,9,0.369,2.818.361,23.127
21.216,105.591,9,10,3.64,30.2,22.9,5.9,31.1,38.7,27.2,23.88,3.84,82.73,14.01,12,-3.62,-2.57,-3.27,-2.24,-0.69,5.8,0.34,6.86,5.89,0.57,-3.41,-3.66,Maize,Clay Loam,0.512,0.257,19.46,8,0.353,2.384.767,23.815
21.216,106.371,9,6,3.64,33.4,21.1,6.1,25,41.5,25.4,24.18,4.13,82.51,13.38,12,-3.45,-2.61,-3.49,-2.27,-1.12,6.4,-0.14,6.45,7.56,0.06,-3.6,-3.84,Maize,Clay Loam,0.528,0.268,20.52,9,0.369,1.951.173,24.141
21.217,105.533,9,11,3.64,30.2,22,6.1,31.1,38.7,22.8,23.88,3.84,82.73,14.01,12,-3.62,-2.57,-3.27,-2.24,-0.69,5.8,0.34,6.86,5.89,0.57,-3.41,-3.66,Maize,Clay Loam,0.512,0.25,19.46,8,0.353,1.951.173,23.808
21.217,105.736,9,12,3.64,28,20.9,6.2,32.1,39.9,18.1,23.88,3.84,82.73,14.01,12,-3.62,-2.57,-3.27,-2.24,-0.69,5.8,0.34,6.86,5.89,0.57,-3.41,-3.66,Maize,Clay Loam,0.512,0.242,19.46,8,0.353,1.734.376,23.802
21.217,105.738,9,11,3.64,28,22.5,6.2,31.3,40.7,22,23.88,3.84,82.73,14.01,12,-3.62,-2.57,-3.27,-2.24,-0.69,5.8,0.34,6.86,5.89,0.57,-3.41,-3.66,Maize,Clay Loam,0.512,0.249,19.46,8,0.353,1.734.376,23.808
21.219,106.129,9,3,3.64,30.3,20.2,6.1,31.3,38.4,23.5,24.18,4.13,82.51,13.38,12,-3.45,-2.61,-3.49,-2.27,-1.12,6.4,-0.14,6.45,7.56,0.06,-3.6,-3.84,Maize,Clay Loam,0.528,0.251,20.52,9,0.369,1.951.173,24.16
21.222,105.667,9,8,3.64,29.9,21.5,6.1,31.3,38.8,23.7,23.88,3.84,82.73,14.01,12,-3.62,-2.57,-3.27,-2.24,-0.69,5.8,0.34,6.86,5.89,0.57,-3.41,-3.66,Maize,Clay Loam,0.512,0.251,19.46,8,0.353,1.951.173,23.828
21.222,106.211,9,18,3.64,33.5,22.6,6.1,25.7,40.8,32,24.18,4.13,82.51,13.38,12,-3.45,-2.61,-3.49,-2.27,-1.12,6.4,-0.14,6.45,7.56,0.06,-3.6,-3.84,Maize,Clay Loam,0.528,0.276,20.52,9,0.369,1.951.173,24.063
21.223,105.977,9,3,3.64,30,23.3,6.1,33.5,36.5,27,24.18,4.13,82.51,14.01,12,-3.45,-2.61,-3.49,-2.27,-1.12,6.4,-0.14,6.45,7.56,0.06,-3.6,-3.84,Maize,Clay Loam,0.528,0.251,20.52,9,0.369,1.951.173,24.16
21.223,106.222,9,52,3.64,31.3,22.6,6.1,26.3,42.4,30.9,24.18,4.13,82.51,13.38,12,-3.45,-2.61,-3.49,-2.27,-1.12,6.4,-0.14,6.45,7.56,0.06,-3.6,-3.84,Maize,Clay Loam,0.528,0.273,20.52,9,0.369,1.951.173,23.842
21.226,106.099,9,4,3.64,30.1,20.8,6.1,31,38.9,22.2,24.18,4.13,82.51,13.38,12,-3.45,-2.61,-3.49,-2.27,-1.12,6.4,-0.14,6.45,7.56,0.06,-3.6,-3.84,Maize,Clay Loam,0.528,0.25,20.52,9,0.369,1.951.173,24.154
21.226,106.187,9,52,3.64,29.8,20.9,6.2,25.7,44.4,23.2,24.18,4.13,82.51,13.38,12,-3.45,-2.61,-3.49,-2.27,-1.12,6.4,-0.14,6.45,7.56,0.06,-3.6,-3.84,Maize,Clay Loam,0.528,0.263,20.52,9,0.369,1.734.376,23.842
21.227,106.022,9,5,3.64,31,24.8,5.8,31.4,37.6,24.5,24.18,4.13,82.51,13.38,12,-3.45,-2.61,-3.49,-2.27,-1.12,6.4,-0.14,6.45,7.56,0.06,-3.6,-3.84,Maize,Clay Loam,0.528,0.252,20.52,9,0.369,2.601.564,24.148
21.227,106.367,9,15,3.64,31.7,17.5,6.1,27.5,40.8,23.7,24.18,4.13,82.51,13.38,12,-3.45,-2.61,-3.49,-2.27,-1.12,6.4,-0.14,6.45,7.56,0.06,-3.6,-3.84,Maize,Clay Loam,0.528,0.26,20.52,9,0.369,1.951.173,24.082
21.229,105.643,9,10,3.64,30.3,24.5,6.1,30.4,39.3,24.1,23.88,3.84,82.73,14.01,12,-3.62,-2.57,-3.27,-2.24,-0.69,5.8,0.34,6.86,5.89,0.57,-3.41,-3.66,Maize,Clay Loam,0.512,0.254,19.46,8,0.353,1.951.173,23.815
21.229,105.733,9,12,3.64,28,22.8,6.2,31.6,40.4,25.2,23.88,3.84,82.73,14.01,12,-3.62,-2.57,-3.27,-2.24,-0.69,5.8,0.34,6.86,5.89,0.57,-3.41,-3.66,Maize,Clay Loam,0.512,0.253,19.46,8,0.353,1.734.376,23.802
21.233,105.929,9,8,3.64,32,22.2,6.1,30,38,24.8,23.88,3.84,82.73,14.01,12,-3.62,-2.57,-3.27,-2.24,-0.69,5.8,0.34,6.86,5.89,0.57,-3.41,-3.66,Maize,Clay Loam,0.512,0.256,19.46,8,0.353,1.951.173,23.828
21.236,106.14,9,23,3.64,31.9,23.6,5.9,27.5,40.6,31.4,24.18,4.13,82.51,13.38,12,-3.45,-2.61,-3.49,-2.27,-1.12,6.4,-0.14,6.45,7.56,0.06,-3.6,-3.84,Maize,Clay Loam,0.528,0.271,20.52,9,0.369,2.384.767,24.03
21.237,106.216,9,4,3.64,27.8,22.2,6,28.4,43.8,21.8,24.18,4.13,82.51,13.38,12,-3.45,-2.61,-3.49,-2.27,-1.12,6.4,-0.14,6.45,7.56,0.06,-3.6,-3.84,Maize,Clay Loam,0.528,0.255,20.52,9,0.369,2167.97,24.154
21.239,105.695,9,10,3.64,29.5,20.7,6.1,31,39.6,21.7,23.88,3.84,82.73,14.01,12,-3.62,-2.57,-3.27,-2.24,-0.69,5.8,0.34,6.86,5.89,0.57,-3.41,-3.66,Maize,Clay Loam,0.512,0.249,19.46,8,0.353,1.951.173,23.815
21.239,105.942,9,9,3.64,33.1,22.7,6.2,32.1,34.8,28.5,24.18,4.13,82.51,14.01,12,-3.45,-2.61,-3.49,-2.27,-1.12,6.4,-0.14,6.45,7.56,0.06,-3.6,-3.84,Maize,Clay Loam,0.528,0.256,20.52,9,0.369,1.734.376,24.122
21.24,106.11,9,4,3.64,30.2,24.6,6.1,32.9,36.9,23.5,24.18,4.13,82.51,13.38,12,-3.45,-2.61,-3.49,-2.27,-1.12,6.4,-0.14,6.45,7.56,0.06,-3.6,-3.84,Maize,Clay Loam,0.528,0.247,20.52,9,0.369,1.951.173,24.154
21.24,106.223,9,3,3.64,29.1,23.7,5.9,28.3,42.6,22.6,24.18,4.13,82.51,13.38,12,-3.45,-2.61,-3.49,-2.27,-1.12,6.4,-0.14,6.45,7.56,0.06,-3.6,-3.84,Maize,Clay Loam,0.528,0.257,20.52,9,0.369,2.384.767,24.16
21.24,106.539,9,129,3.64,37.4,29.3,5.6,23.5,39.1,39.6,24.18,4.13,82.51,13.38,12,-3.45,-2.61,-3.49,-2.27,-1.12,6.4,-0.14,6.45,7.56,0.06,-3.6,-3.84,Maize,Clay Loam,0.528,0.291,20.52,9,0.369,3.035.158,23.342
21.244,105.908,9,9,3.64,30.9,22,6.1,31.6,37.4,34.1,23.88,3.84,82.73,14.01,12,-3.62,-2.57,-3.27,-2.24,-0.69,5.8,0.34,6.86,5.89,0.57,-3.41,-3.66,Maize,Clay Loam,0.512,0.265,19.46,8,0.353,1.951.173,23.822
21.244,106.028,9,6,3.64,30.5,22.1,5.9,30.7,38.8,21.7,24.18,4.13,82.51,13.38,12,-3.45,-2.61,-3.49,-2.27,-1.12,6.4,-0.14,6.45,7.56,0.06,-3.6,-3.84,Maize,Clay Loam,0.528,0.25,20.52,9,0.369,2.384.767,24.141
21.246,106.456,9,345,3.64,35.2,31.3,5.4,22.7,42.1,42.6,24.18,4.13,82.51,13.38,12,-3.45,-2.61,-3.49,-2.27,-1.12,6.4,-0.14,6.45,7.56,0.06,-3.6,-3.84,Maize,Clay Loam,0.528,0.297,20.52,9,0.369,3.468.752,21.938
21.246,106.495,9,184,3.64,32.4,31.5,5.6,25.6,42,39,24.18,4.13,82.51,13.38,12,-3.45,-2.61,-3.49,-2.27,-1.12,6.4,-0.14,6.45,7.56,0.06,-3.6,-3.84,Maize,Clay Loam,0.528,0.286,20.52,9,0.369,3.035.158,22.984
21.246,106.525,9,187,3.64,31.9,29.9,5.8,27.8,40.4,36,24.18,4.13,82.51,13.38,12,-3.45,-2.61,-3.49,-2.27,-1.12,6.4,-0.14,6.45,7.56,0.06,-3.6,-3.84,Maize,Clay Loam,0.528,0.276,20.52,9,0.369,2.601.564,22.964
21.247,106.229,9,3,3.64,28,23.9,6,29.8,42.2,25.1,24.18,4.13,82.51,13.38,12,-3.45,-2.61,-3.49,-2.27,-1.12,6.4,-0.14,6.45,7.56,0.06,-3.6,-3.84,Maize,Clay Loam,0.528,0.257,20.52,9,0.369,2167.97,24.16
21.247,106.467,9,407,3.64,35.8,28.8,5.5,22,42.2,36.2,24.18,4.13,82.51,13.38,12,-3.45,-2.61,-3.49,-2.27,-1.12,6.4,-0.14,6.45,7.56,0.06,-3.6,-3.84,Maize,Clay Loam,0.528,0.29,20.52,9,0.369,3.251.955,21.534
21.249,105.536,9,11,3.64,30.9,23.3,5.9,32.5,36.6,28.7,23.88,3.84,82.73,14.01,12,-3.62,-2.57,-3.27,-2.24,-0.69,5.8,0.34,6.86,5.89,0.57,-3.41,-3.66,Maize,Clay Loam,0.512,0.255,19.46,8,0.353,2.384.767,23.808
21.251,106.117,9,7,3.64,29.5,24,6.2,33.6,36.9,25.3,23.24,4.05,82.32,13.38,12,-3.55,-1.88,-3.28,-2.06,-0.89,7.01,0.69,7.59,5.4,-2.13,-3.3,-3.62,Maize,Clay Loam,0.504,0.248,20.71,8,0.367,1.734.376,23.194
21.255,105.711,9,10,3.64,30.7,21.4,6.1,31,38.2,22.7,23.66,4.1,82.25,14.01,12,-3.83,-2.11,-3.41,-2.35,-0.33,6.36,1.26,8.89,4.16,-1.78,-3.22,-3.69,Maize,Clay Loam,0.519,0.25,20.72,8,0.43,1.951.173,23.595
21.255,105.841,9,17,3.64,27.1,22.3,6,31.6,41.3,21.6,23.66,4.1,82.25,14.01,12,-3.83,-2.11,-3.41,-2.35,-0.33,6.36,1.26,8.89,4.16,-1.78,-3.22,-3.69,Maize,Clay Loam,0.519,0.248,20.72,8,0.43,2167.97,23.55
21.257,106.586,9,29,3.64,33,20.4,6.3,26,41,21.3,22.33,4.4,83.68,13.38,12,-3.51,-2.18,-3.29,-2.25,-1.59,9.09,1.12,6.42,6.2,-2.75,-3.26,-3.95,Maize,Clay Loam,0.44,0.26,22.78,6,0.398,1.517.579,22.141
21.258,105.758,9,10,3.64,28.6,18.7,6,31.2,40.2,19.2,23.66,4.1,82.25,14.01,12,-3.83,-2.11,-3.41,-2.35,-0.33,6.36,1.26,8.89,4.16,-1.78,-3.22,-3.69,Maize,Clay Loam,0.519,0.245,20.72,8,0.43,2167.97,23.595
21.258,105.95,9,6,3.64,30.4,22,6.1,30.7,39,22.1,23.24,4.05,82.32,14.01,12,-3.55,-1.88,-3.28,-2.06,-0.89,7.01,0.69,7.59,5.4,-2.13,-3.3,-3.62,Maize,Clay Loam,0.504,0.25,20.71,8,0.367,1.951.173,23.201
21.259,106.556,9,66,3.64,34.8,28.2,5.6,25.6,39.6,33.3,23.24,4.05,82.32,13.38,12,-3.55,-1.88,-3.28,-2.06,-0.89,7.01,0.69,7.59,5.4,-2.13,-3.3,-3.62,Maize,Clay Loam,0.504,0.278,20.71,8,0.367,3.035.158,22.811
21.261,105.906,9,6,3.64,31.1,20.7,6,32,36.9,24.1,23.66,4.1,82.25,14.01,12,-3.83,-2.11,-3.41,-2.35,-0.33,6.36,1.26,8.89,4.16,-1.78,-3.22,-3.69,Maize,Clay Loam,0.519,0.25,20.72,8,0.43,2167.97,23.621
21.261,106.053,9,10,3.64,29.7,19.3,6.2,31,39.3,18.7,23.24,4.05,82.32,13.38,12,-3.55,-1.88,-3.28,-2.06,-0.89,7.01,0.69,7.59,5.4,-2.13,-3.3,-3.62,Maize,Clay Loam,0.504,0.245,20.71,8,0.367,1.734.376,23.175
21.262,105.862,9,15,3.64,25.9,21.4,6.2,31.2,42.9,19.6,23.66,4.1,82.25,14.01,12,-3.83,-2.11,-3.41,-2.35,-0.33,6.36,1.26,8.89,4.16,-1.78,-3.22,-3.69,Maize,Loam,0.519,0.246,20.72,8,0.43,1.734.376,23.562
21.262,106.308,9,4,3.64,29.6,18.8,6.2,30,40.3,26.5,23.24,4.05,82.32,13.38,12,-3.55,-1.88,-3.28,-2.06,-0.89,7.01,0.69,7.59,5.4,-2.13,-3.3,-3.62,Maize,Clay Loam,0.504,0.258,20.71,8,0.367,1.734.376,23.214
21.265,105.967,9,5,3.64,32,22.7,6.1,30.8,37.2,23.1,23.24,4.05,82.32,14.01,12,-3.55,-1.88,-3.28,-2.06,-0.89,7.01,0.69,7.59,5.4,-2.13,-3.3,-3.62,Maize,Clay Loam,0.504,0.251,20.71,8,0.367,1.951.173,23.208
21.265,106.131,9,5,3.64,29.3,24.6,6.3,31.7,39,24.9,23.24,4.05,82.32,13.38,12,-3.55,-1.88,-3.28,-2.06,-0.89,7.01,0.69,7.59,5.4,-2.13,-3.3,-3.62,Maize,Clay Loam,0.504,0.252,20.71,8,0.367,1.517.579,23.208
21.265,106.666,9,120,3.64,34.5,24.2,5.7,24.4,41.1,27.2,22.33,4.4,83.68,13.38,12,-3.51,-2.18,-3.29,-2.25,-1.59,9.09,1.12,6.42,6.2,-2.75,-3.26,-3.95,Maize,Clay Loam,0.44,0.272,22.78,6,0.398,2.818.361,21.55
21.266,106.029,9,8,3.64,28.7,24.1,6.2,32.1,39.2,21.7,23.24,4.05,82.32,13.38,12,-3.55,-1.88,-3.28,-2.06,-0.89,7.01,0.69,7.59,5.4,-2.13,-3.3,-3.62,Maize,Clay Loam,0.504,0.247,20.71,8,0.367,1.734.376,23.188
21.267,105.506,9,10,3.64,32.1,24.1,6.1,33.8,34,27.6,23.66,4.1,82.25,14.01,12,-3.83,-2.11,-3.41,-2.35,-0.33,6.36,1.26,8.89,4.16,-1.78,-3.22,-3.69,Maize,Clay Loam,0.519,0.251,20.72,8,0.43,1.951.173,23.595
21.268,105.739,9,12,3.64,31.3,19.9,6.1,31.4,37.3,23.2,23.66,4.1,82.25,14.01,12,-3.83,-2.11,-3.41,-2.35,-0.33,6.36,1.26,8.89,4.16,-1.78,-3.22,-3.69,Maize,Clay Loam,0.519,0.25,20.72,8,0.43,1.951.173,23.582
21.268,106.143,9,8,3.64,30.5,24.1,6,34.7,34.8,27,23.24,4.05,82.32,13.38,12,-3.55,-1.88,-3.28,-2.06,-0.89,7.01,0.69,7.59,5.4,-2.13,-3.3,-3.62,Maize,Clay Loam,0.504,0.248,20.71,8,0.367,2167.97,23.188
21.268,106.48,9,25,3.64,32.9,24.4,5.9,27,40.1,24.6,23.24,4.05,82.32,13.38,12,-3.55,-1.88,-3.28,-2.06,-0.89,7.01,0.69,7.59,5.4,-2.13,-3.3,-3.62,Maize,Clay Loam,0.504,0.262,20.71,8,0.367,2.384.767,23.077
21.27,106.673,9,279,3.64,31.7,32.3,5.5,26.5,41.8,49.9,22.33,4.4,83.68,13.38,12,-3.51,-2.18,-3.29,-2.25,-1.59,9.09,1.12,6.42,6.2,-2.75,-3.26,-3.95,Maize,Clay Loam,0.44,0.299,22.78,6,0.398,3.251.955,20.516
21.271,105.662,9,13,3.64,32,19.4,6.2,32.7,35.3,21.1,23.66,4.1,82.25,14.01,12,-3.83,-2.11,-3.41,-2.35,-0.33,6.36,1.26,8.89,4.16,-1.78,-3.22,-3.69,Maize,Clay Loam,0.519,0.244,20.72,8,0.43,1.734.376,23.576
21.271,105.717,9,7,3.64,31.8,20.8,6.1,30.9,37.3,26.4,23.66,4.1,82.25,14.01,12,-3.83,-2.11,-3.41,-2.35,-0.33,6.36,1.26,8.89,4.16,-1.78,-3.22,-3.69,Maize,Clay Loam,0.519,0.256,20.72,8,0.43,1.951.173,23.614
21.271,105.745,9,11,3.64,30.8,18.6,6.1,30,39.2,19.6,23.66,4.1,82.25,14.01,12,-3.83,-2.11,-3.41,-2.35,-0.33,6.36,1.26,8.89,4.16,-1.78,-3.22,-3.69,Maize,Clay Loam,0.519,0.248,20.72,8,0.43,1.951.173,23.588
21.272,106.18,9,5,3.64,30,21.2,6.2,30.1,39.9,23.4,23.24,4.05,82.32,13.38,12,-3.55,-1.88,-3.28,-2.06,-0.89,7.01,0.69,7.59,5.4,-2.13,-3.3,-3.62,Maize,Clay Loam,0.504,0.254,20.71,8,0.367,1.734.376,23.208
21.272,106.246,9,5,3.64,28.8,23.6,6.1,30.8,40.4,25.2,23.24,4.05,82.32,13.38,12,-3.55,-1.88,-3.28,-2.06,-0.89,7.01,0.69,7.59,5.4,-2.13,-3.3,-3.62,Maize,Clay Loam,0.504,0.254,20.71,8,0.367,1.951.173,23.208
21.273,105.683,9,10,3.64,31.3,18.8,6.2,32.2,36.6,23,23.66,4.1,82.25,14.01,12,-3.83,-2.11,-3.41,-2.35,-0.33,6.36,1.26,8.89,4.16,-1.78,-3.22,-3.69,Maize,Clay Loam,0.519,0.248,20.72,8,0.43,1.734.376,23.595
21.274,105.788,9,17,3.64,32.2,21.3,6.1,29.3,38.5,20.2,23.66,4.1,82.25,14.01,12,-3.83,-2.11,-3.41,-2.35,-0.33,6.36,1.26,8.89,4.16,-1.78,-3.22,-3.69,Maize,Clay Loam,0.519,0.251,20.72,8,0.43,1.951.173,23.55
21.274,105.826,9,75,3.64,34.5,23,5.7,30,35.5,29.7,23.66,4.1,82.25,14.01,12,-3.83,-2.11,-3.41,-2.35,-0.33,6.36,1.26,8.89,4.16,-1.78,-3.22,-3.69,Maize,Clay Loam,0.519,0.263,20.72,8,0.43,2.818.361,23.172
21.274,105.854,9,13,3.64,27,18.9,6.1,33,40,20.2,23.66,4.1,82.25,14.01,12,-3.83,-2.11,-3.41,-2.35,-0.33,6.36,1.26,8.89,4.16,-1.78,-3.22,-3.69,Maize,Clay Loam,0.519,0.242,20.72,8,0.43,1.951.173,23.576
21.274,106.235,9,3,3.64,29.8,23.1,6.1,30.4,39.8,26.2,23.24,4.05,82.32,13.38,12,-3.55,-1.88,-3.28,-2.06,-0.89,7.01,0.69,7.59,5.4,-2.13,-3.3,-3.62,Maize,Clay Loam,0.504,0.257,20.71,8,0.367,1.951.173,23.22
21.274,106.521,9,15,3.64,32.4,22.1,6.2,26.7,40.9,23.6,23.24,4.05,82.32,13.38,12,-3.55,-1.88,-3.28,-2.06,-0.89,7.01,0.69,7.59,5.4,-2.13,-3.3,-3.62,Maize,Clay Loam,0.504,0.262,20.71,8,0.367,1.734.376,23.142
21.275,106.643,9,136,3.64,32.6,26.3,5.7,26.5,41,30.3,22.33,4.4,83.68,13.38,12,-3.51,-2.18,-3.29,-2.25,-1.59,9.09,1.12,6.42,6.2,-2.75,-3.26,-3.95,Maize,Clay Loam,0.44,0.271,22.78,6,0.398,2.818.361,21.446
21.276,106.351,9,5,3.64,29.3,17.3,6.1,24.3,46.4,30.8,23.24,4.05,82.32,13.38,12,-3.55,-1.88,-3.28,-2.06,-0.89,7.01,0.69,7.59,5.4,-2.13,-3.3,-3.62,Maize,Clay Loam,0.504,0.277,20.71,8,0.367,1.951.173,23.208
21.277,105.76,9,13,3.64,32.8,19.4,6,28.2,39,21.9,23.66,4.1,82.25,14.01,12,-3.83,-2.11,-3.41,-2.35,-0.33,6.36,1.26,8.89,4.16,-1.78,-3.22,-3.69,Maize,Clay Loam,0.519,0.256,20.72,8,0.43,2167.97,23.576
21.279,106.506,9,33,3.64,31.1,20.5,6.2,27.5,41.4,20.8,23.24,4.05,82.32,13.38,12,-3.55,-1.88,-3.28,-2.06,-0.89,7.01,0.69,7.59,5.4,-2.13,-3.3,-3.62,Maize,Clay Loam,0.504,0.256,20.71,8,0.367,1.734.376,23.025
21.28,105.689,9,7,3.64,32.1,23.5,6.1,30.2,37.7,26.3,23.66,4.1,82.25,14.01,12,-3.83,-2.11,-3.41,-2.35,-0.33,6.36,1.26,8.89,4.16,-1.78,-3.22,-3.69,Maize,Clay Loam,0.519,0.257,20.72,8,0.43,1.951.173,23.614
21.28,105.771,9,18,3.64,31.7,21.3,6.1,30,38.3,22.8,23.66,4.1,82.25,14.01,12,-3.83,-2.11,-3.41,-2.35,-0.33,6.36,1.26,8.89,4.16,-1.78,-3.22,-3.69,Maize,Clay Loam,0.519,0.253,20.72,8,0.43,1.951.173,23.543
21.281,106.143,9,7,3.64,31.4,22.4,6,32,36.6,41.3,23.24,4.05,82.32,13.38,12,-3.55,-1.88,-3.28,-2.06,-0.89,7.01,0.69,7.59,5.4,-2.13,-3.3,-3.62,Maize,Clay Loam,0.504,0.274,20.71,8,0.367,2167.97,23.194
21.282,106.232,9,9,3.64,29.4,23.7,6.3,29.2,41.4,25.5,23.24,4.05,82.32,13.38,12,-3.55,-1.88,-3.28,-2.06,-0.89,7.01,0.69,7.59,5.4,-2.13,-3.3,-3.62,Maize,Clay Loam,0.504,0.259,20.71,8,0.367,1.517.579,23.182
21.283,105.981,9,7,3.64,29.9,23.8,6.2,34.4,35.7,21.8,23.24,4.05,82.32,14.01,12,-3.55,-1.88,-3.28,-2.06,-0.89,7.01,0.69,7.59,5.4,-2.13,-3.3,-3.62,Maize,Clay Loam,0.504,0.241,20.71,8,0.367,1.734.376,23.194
21.283,106.397,9,6,3.64,31.8,17.9,6.2,22.7,45.6,22.6,23.24,4.05,82.32,13.38,12,-3.55,-1.88,-3.28,-2.06,-0.89,7.01,0.69,7.59,5.4,-2.13,-3.3,-3.62,Maize,Clay Loam,0.504,0.269,20.71,8,0.367,1.734.376,23.201
21.284,105.67,9,10,3.64,31.1,18.7,6.2,30.8,38.1,23,23.66,4.1,82.25,14.01,12,-3.83,-2.11,-3.41,-2.35,-0.33,6.36,1.26,8.89,4.16,-1.78,-3.22,-3.69,Maize,Clay Loam,0.519,0.251,20.72,8,0.43,1.734.376,23.595
21.284,105.824,9,211,3.64,35.6,25.7,5.5,30.5,33.9,33.9,23.66,4.1,82.25,14.01,12,-3.83,-2.11,-3.41,-2.35,-0.33,6.36,1.26,8.89,4.16,-1.78,-3.22,-3.69,Maize,Clay Loam,0.519,0.267,20.72,8,0.43,3.251.955,22.288
21.285,105.816,9,52,3.64,33.8,23.7,5.5,31.1,35,29.4,23.66,4.1,82.25,14.01,12,-3.83,-2.11,-3.41,-2.35,-0.33,6.36,1.26,8.89,4.16,-1.78,-3.22,-3.69,Maize,Clay Loam,0.519,0.26,20.72,8,0.43,3.251.955,23.322
21.286,105.684,9,7,3.64,33.5,21.3,6.1,28.2,38.2,23.2,23.66,4.1,82.25,14.01,12,-3.83,-2.11,-3.41,-2.35,-0.33,6.36,1.26,8.89,4.16,-1.78,-3.22,-3.69,Maize,Clay Loam,0.519,0.258,20.72,8,0.43,1.951.173,23.614
21.287,106.068,9,8,3.64,32,23.4,6.2,31.4,36.6,24.3,23.24,4.05,82.32,13.38,12,-3.55,-1.88,-3.28,-2.06,-0.89,7.01,0.69,7.59,5.4,-2.13,-3.3,-3.62,Maize,Clay Loam,0.504,0.252,20.71,8,0.367,1.734.376,23.188
21.288,106.181,9,4,3.64,30,21,6.3,31.1,38.8,26,23.24,4.05,82.32,13.38,12,-3.55,-1.88,-3.28,-2.06,-0.89,7.01,0.69,7.59,5.4,-2.13,-3.3,-3.62,Maize,Clay Loam,0.504,0.255,20.71,8,0.367,1.517.579,23.214
21.289,105.968,9,7,3.64,29.9,22.8,6.2,32.5,37.6,23.2,23.24,4.05,82.32,14.01,12,-3.55,-1.88,-3.28,-2.06,-0.89,7.01,0.69,7.59,5.4,-2.13,-3.3,-3.62,Maize,Clay Loam,0.504,0.248,20.71,8,0.367,1.734.376,23.194
21.289,106.596,9,19,3.64,32.8,24.1,6.3,23.6,43.6,24.1,22.33,4.4,83.68,13.38,12,-3.51,-2.18,-3.29,-2.25,-1.59,9.09,1.12,6.42,6.2,-2.75,-3.26,-3.95,Maize,Clay Loam,0.44,0.269,22.78,6,0.398,1.517.579,22.206
21.291,106.268,9,10,3.64,29.2,23,6.3,31.9,38.9,23.3,23.24,4.05,82.32,13.38,12,-3.55,-1.88,-3.28,-2.06,-0.89,7.01,0.69,7.59,5.4,-2.13,-3.3,-3.62,Maize,Clay Loam,0.504,0.249,20.71,8,0.367,1.517.579,23.175
21.292,106.552,9,12,3.64,29.3,30.2,5.9,23.1,47.6,30.3,23.24,4.05,82.32,13.38,12,-3.55,-1.88,-3.28,-2.06,-0.89,7.01,0.69,7.59,5.4,-2.13,-3.3,-3.62,Maize,Clay Loam,0.504,0.279,20.71,8,0.367,2.384.767,23.162
21.293,106.254,9,6,3.64,31,22.4,6.3,30.2,38.7,23.8,23.24,4.05,82.32,13.38,12,-3.55,-1.88,-3.28,-2.06,-0.89,7.01,0.69,7.59,5.4,-2.13,-3.3,-3.62,Maize,Clay Loam,0.504,0.254,20.71,8,0.367,1.517.579,23.201
21.294,105.886,9,7,3.64,26.7,23.8,6.1,30.9,42.4,25.5,23.66,4.1,82.25,14.01,12,-3.83,-2.11,-3.41,-2.35,-0.33,6.36,1.26,8.89,4.16,-1.78,-3.22,-3.69,Maize,Loam,0.519,0.255,20.72,8,0.43,1.951.173,23.614
21.296,105.913,9,10,3.64,30.3,22.5,6.1,33.7,36,22.4,23.66,4.1,82.25,14.01,12,-3.83,-2.11,-3.41,-2.35,-0.33,6.36,1.26,8.89,4.16,-1.78,-3.22,-3.69,Maize,Clay Loam,0.519,0.244,20.72,8,0.43,1.951.173,23.595
21.302,106.433,9,25,3.64,28.2,17.2,6.2,26.3,45.5,28.7,23.24,4.05,82.32,13.38,12,-3.55,-1.88,-3.28,-2.06,-0.89,7.01,0.69,7.59,5.4,-2.13,-3.3,-3.62,Maize,Clay Loam,0.504,0.27,20.71,8,0.367,1.734.376,23.077
21.305,105.608,9,15,3.64,32.4,19.5,6.2,29.5,38.1,33,23.66,4.1,82.25,14.01,12,-3.83,-2.11,-3.41,-2.35,-0.33,6.36,1.26,8.89,4.16,-1.78,-3.22,-3.69,Maize,Clay Loam,0.519,0.268,20.72,8,0.43,1.734.376,23.562
21.305,105.697,9,11,3.64,33.2,21.6,6.1,27.1,39.8,22.6,23.66,4.1,82.25,14.01,12,-3.83,-2.11,-3.41,-2.35,-0.33,6.36,1.26,8.89,4.16,-1.78,-3.22,-3.69,Maize,Clay Loam,0.519,0.259,20.72,8,0.43,1.951.173,23.588
21.306,106.251,9,6,3.64,29.6,22.9,6.3,28.1,42.3,22.6,23.24,4.05,82.32,13.38,12,-3.55,-1.88,-3.28,-2.06,-0.89,7.01,0.69,7.59,5.4,-2.13,-3.3,-3.62,Maize,Clay Loam,0.504,0.257,20.71,8,0.367,1.517.579,23.201
21.307,106.518,9,11,3.64,32.4,22.4,6.3,24.3,43.3,30.3,23.24,4.05,82.32,13.38,12,-3.55,-1.88,-3.28,-2.06,-0.89,7.01,0.69,7.59,5.4,-2.13,-3.3,-3.62,Maize,Clay Loam,0.504,0.277,20.71,8,0.367,1.517.579,23.168
21.308,106.277,9,4,3.64,30.4,19.4,6.2,28.4,41.2,19,23.24,4.05,82.32,13.38,12,-3.55,-1.88,-3.28,-2.06,-0.89,7.01,0.69,7.59,5.4,-2.13,-3.3,-3.62,Maize,Clay Loam,0.504,0.251,20.71,8,0.367,1.734.376,23.214
21.308,106.603,9,109,3.64,30.5,26.3,5.8,25,44.5,26.7,22.33,4.4,83.68,13.38,12,-3.51,-2.18,-3.29,-2.25,-1.59,9.09,1.12,6.42,6.2,-2.75,-3.26,-3.95,Maize,Clay Loam,0.44,0.27,22.78,6,0.398,2.601.564,21.621
21.309,105.951,9,10,3.64,29.3,26.7,6.2,33.5,37.2,25,23.24,4.05,82.32,14.01,12,-3.55,-1.88,-3.28,-2.06,-0.89,7.01,0.69,7.59,5.4,-2.13,-3.3,-3.62,Maize,Clay Loam,0.504,0.248,20.71,8,0.367,1.734.376,23.175
21.31,105.762,9,121,3.64,33.8,25.3,5.8,29.6,36.6,28,23.66,4.1,82.25,14.01,12,-3.83,-2.11,-3.41,-2.35,-0.33,6.36,1.26,8.89,4.16,-1.78,-3.22,-3.69,Maize,Clay Loam,0.519,0.261,20.72,8,0.43,2.601.564,22.874
21.31,105.876,9,14,3.64,27.5,21.9,6.1,31.2,41.3,21.7,23.66,4.1,82.25,14.01,12,-3.83,-2.11,-3.41,-2.35,-0.33,6.36,1.26,8.89,4.16,-1.78,-3.22,-3.69,Maize,Clay Loam,0.519,0.249,20.72,8,0.43,1.951.173,23.569
21.31,106.533,9,9,3.64,35.3,22.7,6.2,24.2,40.4,26.7,23.24,4.05,82.32,13.38,12,-3.55,-1.88,-3.28,-2.06,-0.89,7.01,0.69,7.59,5.4,-2.13,-3.3,-3.62,Maize,Clay Loam,0.504,0.272,20.71,8,0.367,1.734.376,23.182
21.312,106.19,9,30,3.64,30.8,22.8,6.2,30.3,38.9,23.5,23.24,4.05,82.32,13.38,12,-3.55,-1.88,-3.28,-2.06,-0.89,7.01,0.69,7.59,5.4,-2.13,-3.3,-3.62,Maize,Clay Loam,0.504,0.253,20.71,8,0.367,1.734.376,23.045
21.315,106.28,9,11,3.64,25.9,18.4,6.2,31,43.1,20.5,23.24,4.05,82.32,13.38,12,-3.55,-1.88,-3.28,-2.06,-0.89,7.01,0.69,7.59,5.4,-2.13,-3.3,-3.62,Maize,Loam,0.504,0.247,20.71,8,0.367,1.734.376,23.168
21.316,105.546,9,14,3.64,30.9,22,6.2,32.8,36.2,25.9,23.66,4.1,82.25,14.01,12,-3.83,-2.11,-3.41,-2.35,-0.33,6.36,1.26,8.89,4.16,-1.78,-3.22,-3.69,Maize,Clay Loam,0.519,0.251,20.72,8,0.43,1.734.376,23.569
21.316,105.924,9,8,3.64,28.6,25.2,6.1,33.3,38.1,22.6,23.66,4.1,82.25,14.01,12,-3.83,-2.11,-3.41,-2.35,-0.33,6.36,1.26,8.89,4.16,-1.78,-3.22,-3.69,Maize,Clay Loam,0.519,0.245,20.72,8,0.43,1.951.173,23.608
21.316,106.362,9,10,3.64,26.8,24.5,6.2,26.2,47.1,27.9,23.24,4.05,82.32,13.38,12,-3.55,-1.88,-3.28,-2.06,-0.89,7.01,0.69,7.59,5.4,-2.13,-3.3,-3.62,Maize,Loam,0.504,0.269,20.71,8,0.367,1.734.376,23.175
21.316,106.495,9,25,3.64,33.2,22.1,6.1,25.1,41.7,25,23.24,4.05,82.32,13.38,12,-3.55,-1.88,-3.28,-2.06,-0.89,7.01,0.69,7.59,5.4,-2.13,-3.3,-3.62,Maize,Clay Loam,0.504,0.267,20.71,8,0.367,1.951.173,23.077
21.316,106.519,9,8,3.64,31.7,22.2,6.3,26.3,42,25.9,23.24,4.05,82.32,13.38,12,-3.55,-1.88,-3.28,-2.06,-0.89,7.01,0.69,7.59,5.4,-2.13,-3.3,-3.62,Maize,Clay Loam,0.504,0.266,20.71,8,0.367,1.517.579,23.188
21.317,106.087,9,7,3.64,32,21.7,6.1,30.8,37.2,20.2,23.24,4.05,82.32,13.38,12,-3.55,-1.88,-3.28,-2.06,-0.89,7.01,0.69,7.59,5.4,-2.13,-3.3,-3.62,Maize,Clay Loam,0.504,0.247,20.71,8,0.367,1.951.173,23.194
21.317,106.356,9,7,3.64,26.3,24.9,6.2,25.9,47.8,26.5,23.24,4.05,82.32,13.38,12,-3.55,-1.88,-3.28,-2.06,-0.89,7.01,0.69,7.59,5.4,-2.13,-3.3,-3.62,Maize,Loam,0.504,0.268,20.71,8,0.367,1.734.376,23.194
21.317,106.452,9,10,3.64,27.3,20.1,6.3,24.5,48.1,26.6,23.24,4.05,82.32,13.38,12,-3.55,-1.88,-3.28,-2.06,-0.89,7.01,0.69,7.59,5.4,-2.13,-3.3,-3.62,Maize,Clay Loam,0.504,0.271,20.71,8,0.367,1.517.579,23.175
21.319,105.916,9,9,3.64,29.9,24,6,33.3,36.8,28,23.66,4.1,82.25,14.01,12,-3.83,-2.11,-3.41,-2.35,-0.33,6.36,1.26,8.89,4.16,-1.78,-3.22,-3.69,Maize,Clay Loam,0.519,0.253,20.72,8,0.43,2167.97,23.602
21.323,106.019,9,8,3.64,31.8,24.1,6.1,29.8,38.3,27.2,23.24,4.05,82.32,13.38,12,-3.55,-1.88,-3.28,-2.06,-0.89,7.01,0.69,7.59,5.4,-2.13,-3.3,-3.62,Maize,Clay Loam,0.504,0.26,20.71,8,0.367,1.951.173,23.188
21.327,105.911,9,9,3.64,30.4,22.5,6.1,33.7,36,23.8,23.66,4.1,82.25,14.01,12,-3.83,-2.11,-3.41,-2.35,-0.33,6.36,1.26,8.89,4.16,-1.78,-3.22,-3.69,Maize,Clay Loam,0.519,0.246,20.72,8,0.43,1.951.173,23.602
21.329,105.812,9,31,3.64,32.8,23.8,5.9,29.5,37.8,28,23.66,4.1,82.25,14.01,12,-3.83,-2.11,-3.41,-2.35,-0.33,6.36,1.26,8.89,4.16,-1.78,-3.22,-3.69,Maize,Clay Loam,0.519,0.261,20.72,8,0.43,2.384.767,23.458
21.33,106.52,9,15,3.64,30.1,23.5,6.2,28.9,41,22.8,23.24,4.05,82.32,13.38,12,-3.55,-1.88,-3.28,-2.06,-0.89,7.01,0.69,7.59,5.4,-2.13,-3.3,-3.62,Maize,Clay Loam,0.504,0.255,20.71,8,0.367,1.734.376,23.142
21.331,106.303,9,18,3.64,27.4,21.1,6.2,25.1,47.6,18.2,23.24,4.05,82.32,13.38,12,-3.55,-1.88,-3.28,-2.06,-0.89,7.01,0.69,7.59,5.4,-2.13,-3.3,-3.62,Maize,Clay Loam,0.504,0.258,20.71,8,0.367,1.734.376,23.123
21.331,106.412,9,175,3.64,28.7,28.7,5.8,24.6,46.7,38.3,23.24,4.05,82.32,13.38,12,-3.55,-1.88,-3.28,-2.06,-0.89,7.01,0.69,7.59,5.4,-2.13,-3.3,-3.62,Maize,Clay Loam,0.504,0.287,20.71,8,0.367,2.601.564,22.102
21.332,106.505,9,8,3.64,28.7,21.6,6.3,27.1,44.2,25.8,23.24,4.05,82.32,13.38,12,-3.55,-1.88,-3.28,-2.06,-0.89,7.01,0.69,7.59,5.4,-2.13,-3.3,-3.62,Maize,Clay Loam,0.504,0.264,20.71,8,0.367,1.517.579,23.188
21.333,106.278,9,8,3.64,26.4,19.1,6.3,29.6,44.1,17.3,23.24,4.05,82.32,13.38,12,-3.55,-1.88,-3.28,-2.06,-0.89,7.01,0.69,7.59,5.4,-2.13,-3.3,-3.62,Maize,Loam,0.504,0.246,20.71,8,0.367,1.517.579,23.188
21.334,105.785,9,64,3.64,35.2,24.7,5.8,28.5,36.3,24,23.66,4.1,82.25,14.01,12,-3.83,-2.11,-3.41,-2.35,-0.33,6.36,1.26,8.89,4.16,-1.78,-3.22,-3.69,Maize,Clay Loam,0.519,0.258,20.72,8,0.43,2.601.564,23.244
21.334,105.995,9,8,3.64,30,24.6,6.1,30.4,39.6,27.9,23.24,4.05,82.32,14.01,12,-3.55,-1.88,-3.28,-2.06,-0.89,7.01,0.69,7.59,5.4,-2.13,-3.3,-3.62,Maize,Clay Loam,0.504,0.259,20.71,8,0.367,1.951.173,23.188
21.335,105.852,9,88,3.64,33.8,29.1,6,29.5,36.7,30.8,23.66,4.1,82.25,14.01,12,-3.83,-2.11,-3.41,-2.35,-0.33,6.36,1.26,8.89,4.16,-1.78,-3.22,-3.69,Maize,Clay Loam,0.519,0.265,20.72,8,0.43,2167.97,23.088
21.335,105.899,9,7,3.64,31.4,25.8,6.1,30.9,37.7,26.6,23.66,4.1,82.25,14.01,12,-3.83,-2.11,-3.41,-2.35,-0.33,6.36,1.26,8.89,4.16,-1.78,-3.22,-3.69,Maize,Clay Loam,0.519,0.256,20.72,8,0.43,1.951.173,23.614
21.335,106.174,9,5,3.64,29.1,23,6.2,29.6,41.3,22.4,23.24,4.05,82.32,13.38,12,-3.55,-1.88,-3.28,-2.06,-0.89,7.01,0.69,7.59,5.4,-2.13,-3.3,-3.62,Maize,Clay Loam,0.504,0.253,20.71,8,0.367,1.734.376,23.208
21.338,105.833,9,23,3.64,33.8,21.5,6.2,30.5,35.8,20.8,23.66,4.1,82.25,14.01,12,-3.83,-2.11,-3.41,-2.35,-0.33,6.36,1.26,8.89,4.16,-1.78,-3.22,-3.69,Maize,Clay Loam,0.519,0.249,20.72,8,0.43,1.734.376,23.51
21.339,106.024,9,13,3.64,29.1,23.2,6.2,32.4,38.5,24.1,23.24,4.05,82.32,13.38,12,-3.55,-1.88,-3.28,-2.06,-0.89,7.01,0.69,7.59,5.4,-2.13,-3.3,-3.62,Maize,Clay Loam,0.504,0.249,20.71,8,0.367,1.734.376,23.156
21.339,106.653,9,22,3.64,34,21.7,6.3,23.9,42.1,30.9,22.33,4.4,83.68,13.38,12,-3.51,-2.18,-3.29,-2.25,-1.59,9.09,1.12,6.42,6.2,-2.75,-3.26,-3.95,Maize,Clay Loam,0.44,0.278,22.78,6,0.398,1.517.579,22.187
21.34,105.681,9,24,3.64,32.5,20.9,6.2,29,38.5,20.4,23.66,4.1,82.25,14.01,12,-3.83,-2.11,-3.41,-2.35,-0.33,6.36,1.26,8.89,4.16,-1.78,-3.22,-3.69,Maize,Clay Loam,0.519,0.252,20.72,8,0.43,1.734.376,23.504
21.342,106.421,9,22,3.64,27,19,6.3,25.1,47.9,24.6,23.24,4.05,82.32,13.38,12,-3.55,-1.88,-3.28,-2.06,-0.89,7.01,0.69,7.59,5.4,-2.13,-3.3,-3.62,Maize,Clay Loam,0.504,0.267,20.71,8,0.367,1.517.579,23.097
21.345,105.801,9,184,3.64,35.2,26.1,5.6,28.4,36.4,26.6,23.66,4.1,82.25,14.01,12,-3.83,-2.11,-3.41,-2.35,-0.33,6.36,1.26,8.89,4.16,-1.78,-3.22,-3.69,Maize,Clay Loam,0.519,0.262,20.72,8,0.43,3.035.158,22.464
21.345,106.508,9,8,3.64,27.9,23,6.1,26.8,45.2,23.9,23.24,4.05,82.32,13.38,12,-3.55,-1.88,-3.28,-2.06,-0.89,7.01,0.69,7.59,5.4,-2.13,-3.3,-3.62,Maize,Clay Loam,0.504,0.262,20.71,8,0.367,1.951.173,23.188
21.348,106.179,9,11,3.64,27.6,21,6.1,28.9,43.5,21.6,23.24,4.05,82.32,13.38,12,-3.55,-1.88,-3.28,-2.06,-0.89,7.01,0.69,7.59,5.4,-2.13,-3.3,-3.62,Maize,Clay Loam,0.504,0.254,20.71,8,0.367,1.951.173,23.168
21.35,106.226,9,5,3.64,31.1,21.9,6.3,28.1,40.8,24,23.24,4.05,82.32,13.38,12,-3.55,-1.88,-3.28,-2.06,-0.89,7.01,0.69,7.59,5.4,-2.13,-3.3,-3.62,Maize,Clay Loam,0.504,0.259,20.71,8,0.367,1.517.579,23.208
21.351,106.154,9,9,3.64,31.4,22.8,6.3,30.1,38.5,21.1,23.24,4.05,82.32,13.38,12,-3.55,-1.88,-3.28,-2.06,-0.89,7.01,0.69,7.59,5.4,-2.13,-3.3,-3.62,Maize,Clay Loam,0.504,0.25,20.71,8,0.367,1.517.579,23.182
21.351,106.303,9,13,3.64,32.8,20.7,6.2,28.8,38.4,25.1,23.24,4.05,82.32,13.38,12,-3.55,-1.88,-3.28,-2.06,-0.89,7.01,0.69,7.59,5.4,-2.13,-3.3,-3.62,Maize,Clay Loam,0.504,0.259,20.71,8,0.367,1.734.376,23.156
21.353,106.334,9,16,3.64,29.3,18.7,6.3,26.4,44.3,19,23.24,4.05,82.32,13.38,12,-3.55,-1.88,-3.28,-2.06,-0.89,7.01,0.69,7.59,5.4,-2.13,-3.3,-3.62,Maize,Clay Loam,0.504,0.256,20.71,8,0.367,1.517.579,23.136
21.354,106.014,9,12,3.64,29.2,24,6.2,31.2,39.6,24.2,23.24,4.05,82.32,13.38,12,-3.55,-1.88,-3.28,-2.06,-0.89,7.01,0.69,7.59,5.4,-2.13,-3.3,-3.62,Maize,Clay Loam,0.504,0.252,20.71,8,0.367,1.734.376,23.162
21.356,106.239,9,12,3.64,30.7,21.3,6.3,29,40.3,22.4,23.24,4.05,82.32,13.38,12,-3.55,-1.88,-3.28,-2.06,-0.89,7.01,0.69,7.59,5.4,-2.13,-3.3,-3.62,Maize,Clay Loam,0.504,0.255,20.71,8,0.367,1.517.579,23.162
21.357,106.108,9,6,3.64,33,21.8,6.1,30.2,36.9,22.1,23.24,4.05,82.32,13.38,12,-3.55,-1.88,-3.28,-2.06,-0.89,7.01,0.69,7.59,5.4,-2.13,-3.3,-3.62,Maize,Clay Loam,0.504,0.251,20.71,8,0.367,1.951.173,23.201
21.36,105.652,9,16,3.64,33.5,23.5,6.1,30,36.6,22.6,23.66,4.1,82.25,14.01,12,-3.83,-2.11,-3.41,-2.35,-0.33,6.36,1.26,8.89,4.16,-1.78,-3.22,-3.69,Maize,Clay Loam,0.519,0.253,20.72,8,0.43,1.951.173,23.556
21.36,105.748,9,79,3.64,35.6,24.9,5.6,30.5,33.9,23.9,23.66,4.1,82.25,14.01,12,-3.83,-2.11,-3.41,-2.35,-0.33,6.36,1.26,8.89,4.16,-1.78,-3.22,-3.69,Maize,Clay Loam,0.519,0.253,20.72,8,0.43,3.035.158,23.146
21.361,105.752,9,97,3.64,35.7,24.4,5.7,30.1,34.2,23.7,23.66,4.1,82.25,14.01,12,-3.83,-2.11,-3.41,-2.35,-0.33,6.36,1.26,8.89,4.16,-1.78,-3.22,-3.69,Maize,Clay Loam,0.519,0.254,20.72,8,0.43,2.818.361,23.03
21.363,106.256,9,12,3.64,27,18.9,6.4,29.4,43.6,19.3,23.24,4.05,82.32,13.38,12,-3.55,-1.88,-3.28,-2.06,-0.89,7.01,0.69,7.59,5.4,-2.13,-3.3,-3.62,Maize,Clay Loam,0.504,0.249,20.71,8,0.367,1.300.782,23.162
21.364,105.696,9,58,3.64,33,23.7,5.9,28,39,26.2,23.66,4.1,82.25,14.01,12,-3.83,-2.11,-3.41,-2.35,-0.33,6.36,1.26,8.89,4.16,-1.78,-3.22,-3.69,Maize,Clay Loam,0.519,0.262,20.72,8,0.43,2.384.767,23.283
21.364,106.525,9,12,3.64,28.3,23.3,6.2,25.8,45.9,23.6,23.24,4.05,82.32,13.38,12,-3.55,-1.88,-3.28,-2.06,-0.89,7.01,0.69,7.59,5.4,-2.13,-3.3,-3.62,Maize,Clay Loam,0.504,0.264,20.71,8,0.367,1.734.376,23.162
21.365,105.507,9,16,3.64,32.4,21.3,6.1,27.8,39.8,23.9,23.66,4.1,82.25,14.01,12,-3.83,-2.11,-3.41,-2.35,-0.33,6.36,1.26,8.89,4.16,-1.78,-3.22,-3.69,Maize,Clay Loam,0.519,0.26,20.72,8,0.43,1.951.173,23.556
21.369,105.812,9,11,3.64,33.6,23.2,6.1,29.3,37.1,20.6,23.66,4.1,82.25,14.01,12,-3.83,-2.11,-3.41,-2.35,-0.33,6.36,1.26,8.89,4.16,-1.78,-3.22,-3.69,Maize,Clay Loam,0.519,0.251,20.72,8,0.43,1.951.173,23.588
21.37,105.644,9,37,3.64,34.4,25.4,6,28.1,37.5,22.2,23.66,4.1,82.25,14.01,12,-3.83,-2.11,-3.41,-2.35,-0.33,6.36,1.26,8.89,4.16,-1.78,-3.22,-3.69,Maize,Clay Loam,0.519,0.256,20.72,8,0.43,2167.97,23.42
21.37,106.483,9,14,3.64,30.7,20.4,6.3,24,45.2,20.9,23.24,4.05,82.32,13.38,12,-3.55,-1.88,-3.28,-2.06,-0.89,7.01,0.69,7.59,5.4,-2.13,-3.3,-3.62,Maize,Clay Loam,0.504,0.264,20.71,8,0.367,1.517.579,23.149
21.375,105.85,9,3,3.64,33.3,25.2,6.1,29.4,37.3,22.9,23.66,4.1,82.25,14.01,12,-3.83,-2.11,-3.41,-2.35,-0.33,6.36,1.26,8.89,4.16,-1.78,-3.22,-3.69,Maize,Clay Loam,0.519,0.254,20.72,8,0.43,1.951.173,23.64
21.375,106.405,9,46,3.64,29.5,20.7,5.9,24.2,46.3,25.5,23.24,4.05,82.32,13.38,12,-3.55,-1.88,-3.28,-2.06,-0.89,7.01,0.69,7.59,5.4,-2.13,-3.3,-3.62,Maize,Clay Loam,0.504,0.27,20.71,8,0.367,2.384.767,22.941
21.376,106.444,9,43,3.64,25.9,18.9,6.3,22.5,51.6,23.3,23.24,4.05,82.32,13.38,12,-3.55,-1.88,-3.28,-2.06,-0.89,7.01,0.69,7.59,5.4,-2.13,-3.3,-3.62,Maize,Silty,0.504,0.271,20.71,8,0.367,1.517.579,22.96
21.378,106.592,9,13,3.64,29.5,21.4,6.3,23.8,46.6,23.2,22.33,4.4,83.68,13.38,12,-3.51,-2.18,-3.29,-2.25,-1.59,9.09,1.12,6.42,6.2,-2.75,-3.26,-3.95,Maize,Clay Loam,0.44,0.268,22.78,6,0.398,1.517.579,22.246
21.379,106.505,9,27,3.64,31.1,20.7,6.2,24.3,44.6,17.6,23.24,4.05,82.32,13.38,12,-3.55,-1.88,-3.28,-2.06,-0.89,7.01,0.69,7.59,5.4,-2.13,-3.3,-3.62,Maize,Clay Loam,0.504,0.259,20.71,8,0.367,1.734.376,23.064
21.379,106.697,9,41,3.64,32.5,29,5.8,25.5,42.1,29.6,22.33,4.4,83.68,13.38,12,-3.51,-2.18,-3.29,-2.25,-1.59,9.09,1.12,6.42,6.2,-2.75,-3.26,-3.95,Maize,Clay Loam,0.44,0.273,22.78,6,0.398,2.601.564,22.063
21.381,105.896,9,16,3.64,28.6,23.3,6.1,32.3,39,22,23.66,4.1,82.25,14.01,12,-3.83,-2.11,-3.41,-2.35,-0.33,6.36,1.26,8.89,4.16,-1.78,-3.22,-3.69,Maize,Clay Loam,0.519,0.247,20.72,8,0.43,1.951.173,23.556
21.381,106.104,9,11,3.64,31.7,23.5,6.2,30.9,37.4,23.1,23.24,4.05,82.32,13.38,12,-3.55,-1.88,-3.28,-2.06,-0.89,7.01,0.69,7.59,5.4,-2.13,-3.3,-3.62,Maize,Clay Loam,0.504,0.251,20.71,8,0.367,1.734.376,23.168
21.381,106.35,9,67,3.64,29.5,19.5,5.9,24.2,46.3,27.8,23.24,4.05,82.32,13.38,12,-3.55,-1.88,-3.28,-2.06,-0.89,7.01,0.69,7.59,5.4,-2.13,-3.3,-3.62,Maize,Clay Loam,0.504,0.273,20.71,8,0.367,2.384.767,22.804
21.382,106.583,9,16,3.64,29.1,21.1,6.2,24.7,46.2,22.6,22.33,4.4,83.68,13.38,12,-3.51,-2.18,-3.29,-2.25,-1.59,9.09,1.12,6.42,6.2,-2.75,-3.26,-3.95,Maize,Clay Loam,0.44,0.265,22.78,6,0.398,1.734.376,22.226
21.384,105.838,9,10,3.64,34.4,24.3,6,28.1,37.4,25.1,23.66,4.1,82.25,14.01,12,-3.83,-2.11,-3.41,-2.35,-0.33,6.36,1.26,8.89,4.16,-1.78,-3.22,-3.69,Maize,Clay Loam,0.519,0.261,20.72,8,0.43,2167.97,23.595
21.384,106.229,9,20,3.64,29.4,24.2,6,25.6,45,28.9,23.24,4.05,82.32,13.38,12,-3.55,-1.88,-3.28,-2.06,-0.89,7.01,0.69,7.59,5.4,-2.13,-3.3,-3.62,Maize,Clay Loam,0.504,0.272,20.71,8,0.367,2167.97,23.11
21.384,106.231,9,43,3.64,29.9,22,6,25.5,44.6,25.4,23.24,4.05,82.32,13.38,12,-3.55,-1.88,-3.28,-2.06,-0.89,7.01,0.69,7.59,5.4,-2.13,-3.3,-3.62,Maize,Clay Loam,0.504,0.267,20.71,8,0.367,2167.97,22.96
21.387,106.214,9,6,3.64,29.8,23.6,6.2,26.7,43.5,22.6,23.24,4.05,82.32,13.38,12,-3.55,-1.88,-3.28,-2.06,-0.89,7.01,0.69,7.59,5.4,-2.13,-3.3,-3.62,Maize,Clay Loam,0.504,0.26,20.71,8,0.367,1.734.376,23.201
21.387,106.556,9,13,3.64,27.1,20.7,6.1,25.5,47.4,21.2,23.24,4.05,82.32,13.38,12,-3.55,-1.88,-3.28,-2.06,-0.89,7.01,0.69,7.59,5.4,-2.13,-3.3,-3.62,Maize,Clay Loam,0.504,0.261,20.71,8,0.367,1.951.173,23.156
21.388,105.676,9,79,3.64,35.6,27.1,5.7,29.8,34.6,30.8,23.66,4.1,82.25,14.01,12,-3.83,-2.11,-3.41,-2.35,-0.33,6.36,1.26,8.89,4.16,-1.78,-3.22,-3.69,Maize,Clay Loam,0.519,0.265,20.72,8,0.43,2.818.361,23.146
21.388,106.039,9,15,3.64,32.3,25,6.1,30,37.7,23.8,23.24,4.05,82.32,13.38,12,-3.55,-1.88,-3.28,-2.06,-0.89,7.01,0.69,7.59,5.4,-2.13,-3.3,-3.62,Maize,Clay Loam,0.504,0.254,20.71,8,0.367,1.951.173,23.142
21.392,105.535,9,21,3.64,35.4,25.3,6.1,28.2,36.4,23.1,23.66,4.1,82.25,14.01,12,-3.83,-2.11,-3.41,-2.35,-0.33,6.36,1.26,8.89,4.16,-1.78,-3.22,-3.69,Maize,Clay Loam,0.519,0.257,20.72,8,0.43,1.951.173,23.524
21.392,106.382,9,189,3.64,32,30.2,5.7,24.1,43.9,40.5,23.24,4.05,82.32,13.38,12,-3.55,-1.88,-3.28,-2.06,-0.89,7.01,0.69,7.59,5.4,-2.13,-3.3,-3.62,Maize,Clay Loam,0.504,0.291,20.71,8,0.367,2.818.361,22.011
21.393,105.988,9,15,3.64,30.5,23.1,6,32.8,36.7,23.5,23.24,4.05,82.32,14.01,12,-3.55,-1.88,-3.28,-2.06,-0.89,7.01,0.69,7.59,5.4,-2.13,-3.3,-3.62,Maize,Clay Loam,0.504,0.247,20.71,8,0.367,2167.97,23.142
21.393,106.032,9,11,3.64,31.1,25.1,6.1,31.1,37.8,25.7,23.24,4.05,82.32,13.38,12,-3.55,-1.88,-3.28,-2.06,-0.89,7.01,0.69,7.59,5.4,-2.13,-3.3,-3.62,Maize,Clay Loam,0.504,0.254,20.71,8,0.367,1.951.173,23.168
21.393,106.237,9,17,3.64,28.3,20.6,6.2,27.5,44.2,18.5,23.24,4.05,82.32,13.38,12,-3.55,-1.88,-3.28,-2.06,-0.89,7.01,0.69,7.59,5.4,-2.13,-3.3,-3.62,Maize,Clay Loam,0.504,0.253,20.71,8,0.367,1.734.376,23.13
21.393,106.517,9,21,3.64,29.6,20.2,6.2,25.8,44.6,18.6,23.24,4.05,82.32,13.38,12,-3.55,-1.88,-3.28,-2.06,-0.89,7.01,0.69,7.59,5.4,-2.13,-3.3,-3.62,Maize,Clay Loam,0.504,0.257,20.71,8,0.367,1.734.376,23.103
21.394,106.433,9,79,3.64,30.9,23.5,5.8,25,44.1,33.6,23.24,4.05,82.32,13.38,12,-3.55,-1.88,-3.28,-2.06,-0.89,7.01,0.69,7.59,5.4,-2.13,-3.3,-3.62,Maize,Clay Loam,0.504,0.28,20.71,8,0.367,2.601.564,22.726
21.395,105.68,9,192,3.64,35.3,27.6,5.4,29.6,35.2,32.9,23.66,4.1,82.25,14.01,12,-3.83,-2.11,-3.41,-2.35,-0.33,6.36,1.26,8.89,4.16,-1.78,-3.22,-3.69,Maize,Clay Loam,0.519,0.268,20.72,8,0.43,3.468.752,22.412
21.395,106.294,9,35,3.64,27.1,20.1,6,26.2,46.7,25.3,23.24,4.05,82.32,13.38,12,-3.55,-1.88,-3.28,-2.06,-0.89,7.01,0.69,7.59,5.4,-2.13,-3.3,-3.62,Maize,Clay Loam,0.504,0.265,20.71,8,0.367,2167.97,23.012
21.395,106.31,9,60,3.64,28.8,23.7,5.7,24.5,46.7,33.3,23.24,4.05,82.32,13.38,12,-3.55,-1.88,-3.28,-2.06,-0.89,7.01,0.69,7.59,5.4,-2.13,-3.3,-3.62,Maize,Clay Loam,0.504,0.28,20.71,8,0.367,2.818.361,22.85
21.397,106.459,9,98,3.64,29.2,27.6,5.7,21.7,49.1,35.9,23.24,4.05,82.32,13.38,12,-3.55,-1.88,-3.28,-2.06,-0.89,7.01,0.69,7.59,5.4,-2.13,-3.3,-3.62,Maize,Clay Loam,0.504,0.29,20.71,8,0.367,2.818.361,22.603
21.4,106.495,9,72,3.64,28.3,22,5.9,24.5,47.2,50.2,23.24,4.05,82.32,13.38,12,-3.55,-1.88,-3.28,-2.06,-0.89,7.01,0.69,7.59,5.4,-2.13,-3.3,-3.62,Maize,Clay Loam,0.504,0.304,20.71,8,0.367,2.384.767,22.772
21.401,105.813,9,13,3.64,31.3,22.2,5.9,27.3,41.3,19.8,23.66,4.1,82.25,14.01,12,-3.83,-2.11,-3.41,-2.35,-0.33,6.36,1.26,8.89,4.16,-1.78,-3.22,-3.69,Maize,Clay Loam,0.519,0.255,20.72,8,0.43,2.384.767,23.576
21.401,105.996,9,14,3.64,32.2,22.3,6,31.6,36.2,26.2,23.24,4.05,82.32,14.01,12,-3.55,-1.88,-3.28,-2.06,-0.89,7.01,0.69,7.59,5.4,-2.13,-3.3,-3.62,Maize,Clay Loam,0.504,0.254,20.71,8,0.367,2167.97,23.149
21.402,106.046,9,12,3.64,30.2,23.6,5.9,30.2,39.6,23.6,23.24,4.05,82.32,13.38,12,-3.55,-1.88,-3.28,-2.06,-0.89,7.01,0.69,7.59,5.4,-2.13,-3.3,-3.62,Maize,Clay Loam,0.504,0.254,20.71,8,0.367,2.384.767,23.162
21.403,106.051,9,14,3.64,32,23.4,6.1,30.3,37.7,22,23.24,4.05,82.32,13.38,12,-3.55,-1.88,-3.28,-2.06,-0.89,7.01,0.69,7.59,5.4,-2.13,-3.3,-3.62,Maize,Clay Loam,0.504,0.251,20.71,8,0.367,1.951.173,23.149
21.406,106.083,9,17,3.64,32.6,21.3,6.1,29.7,37.7,22.6,23.24,4.05,82.32,13.38,12,-3.55,-1.88,-3.28,-2.06,-0.89,7.01,0.69,7.59,5.4,-2.13,-3.3,-3.62,Maize,Clay Loam,0.504,0.253,20.71,8,0.367,1.951.173,23.13
21.408,106.533,9,24,3.64,30.7,18,6.1,26,43.3,37.1,23.24,4.05,82.32,13.38,12,-3.55,-1.88,-3.28,-2.06,-0.89,7.01,0.69,7.59,5.4,-2.13,-3.3,-3.62,Maize,Clay Loam,0.504,0.282,20.71,8,0.367,1.951.173,23.084
21.414,105.993,9,14,3.64,30.7,22.8,6,30.9,38.4,21.8,23.24,4.05,82.32,14.01,12,-3.55,-1.88,-3.28,-2.06,-0.89,7.01,0.69,7.59,5.4,-2.13,-3.3,-3.62,Maize,Clay Loam,0.504,0.249,20.71,8,0.367,2167.97,23.149
21.415,106.569,9,21,3.64,28.8,21.7,6.3,25.4,45.8,18.6,22.33,4.4,83.68,13.38,12,-3.51,-2.18,-3.29,-2.25,-1.59,9.09,1.12,6.42,6.2,-2.75,-3.26,-3.95,Maize,Clay Loam,0.44,0.258,22.78,6,0.398,1.517.579,22.193
21.416,106.119,9,31,3.64,34.6,24.4,5.9,27.9,37.4,24.3,23.24,4.05,82.32,13.38,12,-3.55,-1.88,-3.28,-2.06,-0.89,7.01,0.69,7.59,5.4,-2.13,-3.3,-3.62,Maize,Clay Loam,0.504,0.26,20.71,8,0.367,2.384.767,23.038
21.417,105.667,9,400,3.64,32.6,36.8,5.3,28,39.4,44.6,23.66,4.1,82.25,14.01,12,-3.83,-2.11,-3.41,-2.35,-0.33,6.36,1.26,8.89,4.16,-1.78,-3.22,-3.69,Maize,Clay Loam,0.519,0.288,20.72,8,0.43,3.685.549,21.06
21.418,105.809,9,26,3.64,33.5,22.6,6.1,29.4,37.1,21.3,23.66,4.1,82.25,14.01,12,-3.83,-2.11,-3.41,-2.35,-0.33,6.36,1.26,8.89,4.16,-1.78,-3.22,-3.69,Maize,Clay Loam,0.519,0.252,20.72,8,0.43,1.951.173,23.491
21.418,105.86,9,17,3.64,29.4,23.9,6.2,31.4,39.2,18.6,23.66,4.1,82.25,14.01,12,-3.83,-2.11,-3.41,-2.35,-0.33,6.36,1.26,8.89,4.16,-1.78,-3.22,-3.69,Maize,Clay Loam,0.519,0.244,20.72,8,0.43,1.734.376,23.55
21.421,106.536,9,41,3.64,30.1,18.4,6.2,26.1,43.8,19.2,23.24,4.05,82.32,13.38,12,-3.55,-1.88,-3.28,-2.06,-0.89,7.01,0.69,7.59,5.4,-2.13,-3.3,-3.62,Maize,Clay Loam,0.504,0.257,20.71,8,0.367,1.734.376,22.973
21.423,105.561,9,43,3.64,35.4,24.5,6.1,27.9,36.6,22.3,23.66,4.1,82.25,14.01,12,-3.83,-2.11,-3.41,-2.35,-0.33,6.36,1.26,8.89,4.16,-1.78,-3.22,-3.69,Maize,Clay Loam,0.519,0.257,20.72,8,0.43,1.951.173,23.38
21.424,106.697,9,57,3.64,33,21.4,6.3,26.3,40.6,22.5,22.33,4.4,83.68,13.38,12,-3.51,-2.18,-3.29,-2.25,-1.59,9.09,1.12,6.42,6.2,-2.75,-3.26,-3.95,Maize,Clay Loam,0.44,0.261,22.78,6,0.398,1.517.579,21.96
21.427,105.832,9,12,3.64,31.7,23.4,6,29.8,38.5,21.1,23.66,4.1,82.25,14.01,12,-3.83,-2.11,-3.41,-2.35,-0.33,6.36,1.26,8.89,4.16,-1.78,-3.22,-3.69,Maize,Clay Loam,0.519,0.251,20.72,8,0.43,2167.97,23.582
21.428,105.897,9,19,3.64,31,23.3,6.3,32.9,36.1,20.9,23.66,4.1,82.25,14.01,12,-3.83,-2.11,-3.41,-2.35,-0.33,6.36,1.26,8.89,4.16,-1.78,-3.22,-3.69,Maize,Clay Loam,0.519,0.244,20.72,8,0.43,1.517.579,23.536
21.429,106.495,9,41,3.64,25.6,21.7,6.2,24.8,49.6,20.3,23.24,4.05,82.32,13.38,12,-3.55,-1.88,-3.28,-2.06,-0.89,7.01,0.69,7.59,5.4,-2.13,-3.3,-3.62,Maize,Loam,0.504,0.261,20.71,8,0.367,1.734.376,22.973
21.434,105.822,9,14,3.64,35,23,6.1,30.3,34.8,21.1,23.66,4.1,82.25,14.01,12,-3.83,-2.11,-3.41,-2.35,-0.33,6.36,1.26,8.89,4.16,-1.78,-3.22,-3.69,Maize,Clay Loam,0.519,0.25,20.72,8,0.43,1.951.173,23.569
21.439,105.553,9,28,3.64,34,26.5,6.1,26.6,39.5,22.2,23.66,4.1,82.25,14.01,12,-3.83,-2.11,-3.41,-2.35,-0.33,6.36,1.26,8.89,4.16,-1.78,-3.22,-3.69,Maize,Clay Loam,0.519,0.26,20.72,8,0.43,1.951.173,23.478
21.44,105.868,9,19,3.64,28.6,23.8,6,30.9,40.5,23,23.66,4.1,82.25,14.01,12,-3.83,-2.11,-3.41,-2.35,-0.33,6.36,1.26,8.89,4.16,-1.78,-3.22,-3.69,Maize,Clay Loam,0.519,0.251,20.72,8,0.43,2167.97,23.536
21.441,105.515,9,28,3.64,35.5,23.8,6.1,26.7,37.9,20.9,23.66,4.1,82.25,14.01,12,-3.83,-2.11,-3.41,-2.35,-0.33,6.36,1.26,8.89,4.16,-1.78,-3.22,-3.69,Maize,Clay Loam,0.519,0.258,20.72,8,0.43,1.951.173,23.478
21.442,106.642,9,34,3.64,29.4,19.7,6.4,27.5,43.1,23.9,22.33,4.4,83.68,13.38,12,-3.51,-2.18,-3.29,-2.25,-1.59,9.09,1.12,6.42,6.2,-2.75,-3.26,-3.95,Maize,Clay Loam,0.44,0.26,22.78,6,0.398,1.300.782,22.109
21.443,106.63,9,34,3.64,29.1,19.9,6.4,27.5,43.4,21.1,22.33,4.4,83.68,13.38,12,-3.51,-2.18,-3.29,-2.25,-1.59,9.09,1.12,6.42,6.2,-2.75,-3.26,-3.95,Maize,Clay Loam,0.44,0.256,22.78,6,0.398,1.300.782,22.109
21.446,105.824,9,14,3.64,34.6,23,6,29.3,36.2,20.9,23.66,4.1,82.25,14.01,12,-3.83,-2.11,-3.41,-2.35,-0.33,6.36,1.26,8.89,4.16,-1.78,-3.22,-3.69,Maize,Clay Loam,0.519,0.252,20.72,8,0.43,2167.97,23.569
21.446,105.989,9,16,3.64,29,23,6.1,29.3,41.7,26.6,23.24,4.05,82.32,14.01,12,-3.55,-1.88,-3.28,-2.06,-0.89,7.01,0.69,7.59,5.4,-2.13,-3.3,-3.62,Maize,Clay Loam,0.504,0.26,20.71,8,0.367,1.951.173,23.136
21.446,106.122,9,17,3.64,33.1,22.1,6.2,28.5,38.4,19.2,23.24,4.05,82.32,13.38,12,-3.55,-1.88,-3.28,-2.06,-0.89,7.01,0.69,7.59,5.4,-2.13,-3.3,-3.62,Maize,Clay Loam,0.504,0.251,20.71,8,0.367,1.734.376,23.13
21.446,106.354,9,21,3.64,29.1,23.3,6.3,26.2,44.7,20.2,23.24,4.05,82.32,13.38,12,-3.55,-1.88,-3.28,-2.06,-0.89,7.01,0.69,7.59,5.4,-2.13,-3.3,-3.62,Maize,Clay Loam,0.504,0.258,20.71,8,0.367,1.517.579,23.103
21.451,106.13,9,20,3.64,33.8,21.8,6.3,28.8,37.4,19.3,23.24,4.05,82.32,13.38,12,-3.55,-1.88,-3.28,-2.06,-0.89,7.01,0.69,7.59,5.4,-2.13,-3.3,-3.62,Maize,Clay Loam,0.504,0.251,20.71,8,0.367,1.517.579,23.11
21.454,106.267,9,13,3.64,28.6,21.3,6.2,26.2,45.2,21.8,23.24,4.05,82.32,13.38,12,-3.55,-1.88,-3.28,-2.06,-0.89,7.01,0.69,7.59,5.4,-2.13,-3.3,-3.62,Maize,Clay Loam,0.504,0.26,20.71,8,0.367,1.734.376,23.156
21.458,105.558,9,94,3.64,31.7,25.8,6.2,27.6,40.7,27,23.66,4.1,82.25,14.01,12,-3.83,-2.11,-3.41,-2.35,-0.33,6.36,1.26,8.89,4.16,-1.78,-3.22,-3.69,Maize,Clay Loam,0.519,0.264,20.72,8,0.43,1.734.376,23.049
21.458,106.217,9,15,3.64,32.2,20.2,6.2,27.7,40.1,19.2,23.24,4.05,82.32,13.38,12,-3.55,-1.88,-3.28,-2.06,-0.89,7.01,0.69,7.59,5.4,-2.13,-3.3,-3.62,Maize,Clay Loam,0.504,0.253,20.71,8,0.367,1.734.376,23.142
21.461,106.323,9,76,3.64,28.8,29.9,5.7,23.6,47.5,36.3,23.24,4.05,82.32,13.38,12,-3.55,-1.88,-3.28,-2.06,-0.89,7.01,0.69,7.59,5.4,-2.13,-3.3,-3.62,Maize,Clay Loam,0.504,0.287,20.71,8,0.367,2.818.361,22.746
21.463,105.697,9,109,3.64,35.1,26.9,5.7,29.2,35.6,28.3,23.66,4.1,82.25,14.01,12,-3.83,-2.11,-3.41,-2.35,-0.33,6.36,1.26,8.89,4.16,-1.78,-3.22,-3.69,Maize,Clay Loam,0.519,0.262,20.72,8,0.43,2.818.361,22.952
21.467,105.954,9,16,3.64,28.8,22.4,6,32.6,38.6,22.5,23.24,4.05,82.32,14.01,12,-3.55,-1.88,-3.28,-2.06,-0.89,7.01,0.69,7.59,5.4,-2.13,-3.3,-3.62,Maize,Clay Loam,0.504,0.247,20.71,8,0.367,2167.97,23.136
21.467,106.373,9,36,3.64,28.5,22.1,6,24.8,46.7,20.4,23.24,4.05,82.32,13.38,12,-3.55,-1.88,-3.28,-2.06,-0.89,7.01,0.69,7.59,5.4,-2.13,-3.3,-3.62,Maize,Clay Loam,0.504,0.262,20.71,8,0.367,2167.97,23.006
21.467,106.388,9,46,3.64,28,21.5,6,24.7,47.3,20.7,23.24,4.05,82.32,13.38,12,-3.55,-1.88,-3.28,-2.06,-0.89,7.01,0.69,7.59,5.4,-2.13,-3.3,-3.62,Maize,Clay Loam,0.504,0.262,20.71,8,0.367,2167.97,22.941
21.468,106.486,9,210,3.64,31.8,28.4,5.6,25.2,43.1,33.5,23.24,4.05,82.32,13.38,12,-3.55,-1.88,-3.28,-2.06,-0.89,7.01,0.69,7.59,5.4,-2.13,-3.3,-3.62,Maize,Clay Loam,0.504,0.279,20.71,8,0.367,3.035.158,21.875
21.471,105.897,9,111,3.64,33,29.1,5.9,29.8,37.2,31.4,23.66,4.1,82.25,14.01,12,-3.83,-2.11,-3.41,-2.35,-0.33,6.36,1.26,8.89,4.16,-1.78,-3.22,-3.69,Maize,Clay Loam,0.519,0.265,20.72,8,0.43,2.384.767,22.938
21.472,105.944,9,16,3.64,31.2,22.6,6.2,32.7,36.1,24.4,23.24,4.05,82.32,14.01,12,-3.55,-1.88,-3.28,-2.06,-0.89,7.01,0.69,7.59,5.4,-2.13,-3.3,-3.62,Maize,Clay Loam,0.504,0.249,20.71,8,0.367,1.734.376,23.136
21.475,106.396,9,44,3.64,27.6,23.4,5.9,24.6,47.8,25.6,23.24,4.05,82.32,13.38,12,-3.55,-1.88,-3.28,-2.06,-0.89,7.01,0.69,7.59,5.4,-2.13,-3.3,-3.62,Maize,Clay Loam,0.504,0.269,20.71,8,0.367,2.384.767,22.954
21.478,106.439,9,60,3.64,31.6,27.4,5.7,22.9,45.5,31.6,23.24,4.05,82.32,13.38,12,-3.55,-1.88,-3.28,-2.06,-0.89,7.01,0.69,7.59,5.4,-2.13,-3.3,-3.62,Maize,Clay Loam,0.504,0.282,20.71,8,0.367,2.818.361,22.85
21.478,106.476,9,111,3.64,29,27.4,5.7,24.9,46.1,30.5,23.24,4.05,82.32,13.38,12,-3.55,-1.88,-3.28,-2.06,-0.89,7.01,0.69,7.59,5.4,-2.13,-3.3,-3.62,Maize,Clay Loam,0.504,0.275,20.71,8,0.367,2.818.361,22.518
21.483,106.398,9,108,3.64,29.4,24.1,5.8,23.7,46.9,30.7,23.24,4.05,82.32,13.38,12,-3.55,-1.88,-3.28,-2.06,-0.89,7.01,0.69,7.59,5.4,-2.13,-3.3,-3.62,Maize,Clay Loam,0.504,0.278,20.71,8,0.367,2.601.564,22.538
21.485,105.61,9,629,3.64,34,30.2,5.4,28.3,37.8,43.3,23.66,4.1,82.25,14.01,12,-3.83,-2.11,-3.41,-2.35,-0.33,6.36,1.26,8.89,4.16,-1.78,-3.22,-3.69,Maize,Clay Loam,0.519,0.286,20.72,8,0.43,3.468.752,19.572
21.499,105.549,9,65,3.64,35.6,29.5,5.9,27.3,37.1,25.3,23.66,4.1,82.25,14.01,12,-3.83,-2.11,-3.41,-2.35,-0.33,6.36,1.26,8.89,4.16,-1.78,-3.22,-3.69,Maize,Clay Loam,0.519,0.263,20.72,8,0.43,2.384.767,23.238
8.603,104.871,6,4,3.64,37.2,62.6,5.5,32.4,30.4,57.5,28.14,3.97,81.31,17.74,12,-3.92,-4.92,-5.23,-3.15,-0.59,0.53,5.39,0.83,6.79,2.56,4.54,-2.86,Mango,Clay Loam,0.712,0.296,20.67,9,0.329,3.251.955,28.114
8.605,104.953,7,2,3.64,31.9,50.4,5.4,35.1,33,55.3,28.14,3.97,81.31,17.74,12,-3.92,-4.92,-5.23,-3.15,-0.59,0.53,5.39,0.83,6.79,2.56,4.54,-2.86,Mango,Clay Loam,0.712,0.287,20.67,9,0.329,3.468.752,28.127
8.622,104.903,6,2,3.64,37.2,55.3,5.7,34.1,28.7,48,28.14,3.97,81.31,17.74,12,-3.92,-4.92,-5.23,-3.15,-0.59,0.53,5.39,0.83,6.79,2.56,4.54,-2.86,Mango,Clay Loam,0.712,0.279,20.67,9,0.329,2.818.361,28.127
8.633,104.822,6,2,3.64,39.6,61.4,5.4,31.8,28.6,50.1,28.14,3.97,81.31,17.74,12,-3.92,-4.92,-5.23,-3.15,-0.59,0.53,5.39,0.83,6.79,2.56,4.54,-2.86,Mango,Clay Loam,0.712,0.287,20.67,9,0.329,3.468.752,28.127
8.665,105.119,7,12,3.64,30.8,41.2,5.6,35.9,33.3,69.4,28.14,3.97,81.31,17.99,12,-3.92,-4.92,-5.23,-3.15,-0.59,0.53,5.39,0.83,6.79,2.56,4.54,-2.86,Mango,Clay Loam,0.712,0.305,20.67,9,0.329,3.035.158,28.062
8.669,105.063,6,2,3.64,38.3,44.2,5.5,33.4,28.4,40.2,28.14,3.97,81.31,17.99,12,-3.92,-4.92,-5.23,-3.15,-0.59,0.53,5.39,0.83,6.79,2.56,4.54,-2.86,Mango,Clay Loam,0.712,0.269,20.67,9,0.329,3.251.955,28.127
8.672,104.869,7,1,3.64,38.7,50.6,5.5,32.1,29.2,57.4,28.14,3.97,81.31,17.74,12,-3.92,-4.92,-5.23,-3.15,-0.59,0.53,5.39,0.83,6.79,2.56,4.54,-2.86,Mango,Clay Loam,0.712,0.297,20.67,9,0.329,3.251.955,28.134
8.686,104.853,7,1,3.64,43.6,51.8,5.5,28.9,27.5,54.8,28.14,3.97,81.31,17.74,12,-3.92,-4.92,-5.23,-3.15,-0.59,0.53,5.39,0.83,6.79,2.56,4.54,-2.86,Mango,Clay,0.712,0.3,20.67,9,0.329,3.251.955,28.134
8.733,104.944,6,4,3.64,35,50.5,5.4,34.7,30.3,48.3,28.14,3.97,81.31,17.74,12,-3.92,-4.92,-5.23,-3.15,-0.59,0.53,5.39,0.83,6.79,2.56,4.54,-2.86,Mango,Clay Loam,0.712,0.278,20.67,9,0.329,3.468.752,28.114
8.748,105.19,6,6,3.64,31.2,37.7,5.7,35.2,33.6,52.3,28.14,3.97,81.31,17.99,12,-3.92,-4.92,-5.23,-3.15,-0.59,0.53,5.39,0.83,6.79,2.56,4.54,-2.86,Mango,Clay Loam,0.712,0.282,20.67,9,0.329,2.818.361,28.101
8.816,105.14,7,7,3.64,34.7,37.4,5.7,36.2,29.1,44.3,28.04,4.45,80.82,17.99,12,-4.45,-5.29,-5.62,-3.24,-0.63,1.27,6.71,0.39,7.95,3.73,3.01,-3.78,Mango,Clay Loam,0.727,0.269,23.01,9,0.345,2.818.361,27.994
8.834,105.028,7,2,3.64,33.8,49.2,5.4,32.1,34,53.4,28.04,4.45,80.82,17.99,12,-4.45,-5.29,-5.62,-3.24,-0.63,1.27,6.71,0.39,7.95,3.73,3.01,-3.78,Mango,Clay Loam,0.727,0.291,23.01,9,0.345,3.468.752,28.027
8.843,104.936,7,2,3.64,40.8,51.2,5.5,30.8,28.4,50.9,28.04,4.45,80.82,17.74,12,-4.45,-5.29,-5.62,-3.24,-0.63,1.27,6.71,0.39,7.95,3.73,3.01,-3.78,Mango,Clay,0.727,0.29,23.01,9,0.345,3.251.955,28.027
8.853,104.842,7,2,3.64,41.3,45.8,5.5,33.2,25.4,51.4,28.04,4.45,80.82,17.74,12,-4.45,-5.29,-5.62,-3.24,-0.63,1.27,6.71,0.39,7.95,3.73,3.01,-3.78,Mango,Clay,0.727,0.286,23.01,9,0.345,3.251.955,28.027
8.891,104.969,6,3,3.64,40.5,48.1,5.4,30,29.5,47.8,28.04,4.45,80.82,17.74,12,-4.45,-5.29,-5.62,-3.24,-0.63,1.27,6.71,0.39,7.95,3.73,3.01,-3.78,Mango,Clay,0.727,0.288,23.01,9,0.345,3.468.752,28.02
8.903,105.083,6,0,3.64,38.1,49.1,5.4,31.8,30.1,42.3,28.04,4.45,80.82,17.99,12,-4.45,-5.29,-5.62,-3.24,-0.63,1.27,6.71,0.39,7.95,3.73,3.01,-3.78,Mango,Clay Loam,0.727,0.276,23.01,9,0.345,3.468.752,28.04
8.912,104.982,6,2,3.64,40.4,52.8,5.4,32.2,27.4,44,28.04,4.45,80.82,17.74,12,-4.45,-5.29,-5.62,-3.24,-0.63,1.27,6.71,0.39,7.95,3.73,3.01,-3.78,Mango,Clay,0.727,0.278,23.01,9,0.345,3.468.752,28.027
8.931,104.94,7,2,3.64,37.9,45.7,5.5,33.4,28.8,46.2,28.04,4.45,80.82,17.74,12,-4.45,-5.29,-5.62,-3.24,-0.63,1.27,6.71,0.39,7.95,3.73,3.01,-3.78,Mango,Clay Loam,0.727,0.278,23.01,9,0.345,3.251.955,28.027
8.941,105.141,6,1,3.64,38.7,53.1,5.4,32.1,29.2,49.1,28.04,4.45,80.82,17.99,12,-4.45,-5.29,-5.62,-3.24,-0.63,1.27,6.71,0.39,7.95,3.73,3.01,-3.78,Mango,Clay Loam,0.727,0.285,23.01,9,0.345,3.468.752,28.034
8.948,105.026,6,0,3.64,40.1,41.8,5.5,31.2,28.7,50.8,28.04,4.45,80.82,17.99,12,-4.45,-5.29,-5.62,-3.24,-0.63,1.27,6.71,0.39,7.95,3.73,3.01,-3.78,Mango,Clay,0.727,0.289,23.01,9,0.345,3.251.955,28.04
8.963,105.308,7,3,3.64,38.9,39.9,5.4,29,32.1,48.2,28.04,4.45,80.82,17.99,12,-4.45,-5.29,-5.62,-3.24,-0.63,1.27,6.71,0.39,7.95,3.73,3.01,-3.78,Mango,Clay Loam,0.727,0.291,23.01,9,0.345,3.468.752,28.02
9.045,104.832,6,2,3.64,36.8,54.1,5.4,32.2,31,49.4,28.04,4.45,80.82,18.06,12,-4.45,-5.29,-5.62,-3.24,-0.63,1.27,6.71,0.39,7.95,3.73,3.01,-3.78,Mango,Clay Loam,0.727,0.285,23.01,9,0.345,3.468.752,28.027
9.055,105.335,7,3,3.64,33.7,42.4,5.4,31.6,34.7,41.3,27.84,5.34,82.89,17.03,12,-5.21,-5.96,-6.44,-3.2,-0.3,0.5,9.1,0.95,8.41,6.51,1.07,-5.45,Mango,Clay Loam,0.641,0.275,26.56,7,0.343,3.468.752,27.82
9.081,105.044,6,2,3.64,38.2,48.9,5.4,29.2,32.7,47.1,28.04,4.45,80.82,17.03,12,-4.45,-5.29,-5.62,-3.24,-0.63,1.27,6.71,0.39,7.95,3.73,3.01,-3.78,Mango,Clay Loam,0.727,0.289,23.01,9,0.345,3.468.752,28.027
9.082,105.032,6,2,3.64,38.6,51.3,5.6,29,32.3,47.7,28.04,4.45,80.82,17.03,12,-4.45,-5.29,-5.62,-3.24,-0.63,1.27,6.71,0.39,7.95,3.73,3.01,-3.78,Mango,Clay Loam,0.727,0.29,23.01,9,0.345,3.035.158,28.027
9.109,105.157,6,0,3.64,41.8,35.8,5.4,30.4,27.8,39.9,28.04,4.45,80.82,17.03,12,-4.45,-5.29,-5.62,-3.24,-0.63,1.27,6.71,0.39,7.95,3.73,3.01,-3.78,Mango,Clay,0.727,0.276,23.01,9,0.345,3.468.752,28.04
9.111,104.924,6,2,3.64,36.4,47.6,5.7,32.2,31.3,51.6,28.04,4.45,80.82,18.06,12,-4.45,-5.29,-5.62,-3.24,-0.63,1.27,6.71,0.39,7.95,3.73,3.01,-3.78,Mango,Clay Loam,0.727,0.288,23.01,9,0.345,2.818.361,28.027
9.113,105.506,7,2,3.64,39,37.8,5.5,28.7,32.3,39.9,27.84,5.34,82.89,17.03,12,-5.21,-5.96,-6.44,-3.2,-0.3,0.5,9.1,0.95,8.41,6.51,1.07,-5.45,Mango,Clay Loam,0.641,0.28,26.56,7,0.343,3.251.955,27.827
9.133,104.942,7,1,3.64,36.9,47.4,5.8,33.3,29.8,55.2,28.04,4.45,80.82,18.06,12,-4.45,-5.29,-5.62,-3.24,-0.63,1.27,6.71,0.39,7.95,3.73,3.01,-3.78,Mango,Clay Loam,0.727,0.291,23.01,9,0.345,2.601.564,28.034
9.146,105.264,7,2,3.64,37.3,36.5,5.4,31.2,31.4,44.1,28.04,4.45,80.82,17.03,12,-4.45,-5.29,-5.62,-3.24,-0.63,1.27,6.71,0.39,7.95,3.73,3.01,-3.78,Mango,Clay Loam,0.727,0.28,23.01,9,0.345,3.468.752,28.027
9.176,105.282,6,4,3.64,36.6,28.8,5.4,32.9,30.5,38.1,28.04,4.45,80.82,17.03,12,-4.45,-5.29,-5.62,-3.24,-0.63,1.27,6.71,0.39,7.95,3.73,3.01,-3.78,Mango,Clay Loam,0.727,0.268,23.01,9,0.345,3.468.752,28.014
9.194,105.579,6,2,3.64,39.8,37.5,5.6,32.9,27.3,48.5,27.84,5.34,82.89,17.03,12,-5.21,-5.96,-6.44,-3.2,-0.3,0.5,9.1,0.95,8.41,6.51,1.07,-5.45,Mango,Clay Loam,0.641,0.282,26.56,7,0.343,3.035.158,27.827
9.212,105.212,6,5,3.64,39.6,29.4,5.3,30.3,30.1,42.3,28.04,4.45,80.82,17.03,12,-4.45,-5.29,-5.62,-3.24,-0.63,1.27,6.71,0.39,7.95,3.73,3.01,-3.78,Mango,Clay Loam,0.727,0.28,23.01,9,0.345,3.685.549,28.008
9.25,105.603,7,2,3.64,41.9,32.5,5.3,33.2,24.9,31.9,27.84,5.34,82.89,17.03,12,-5.21,-5.96,-6.44,-3.2,-0.3,0.5,9.1,0.95,8.41,6.51,1.07,-5.45,Mango,Clay,0.641,0.258,26.56,7,0.343,3.685.549,27.827
9.278,105.329,7,1,3.64,41.3,29,5.4,31.5,27.2,34.4,27.58,5.68,82.83,17.03,12,-5.15,-6.22,-6.61,-3.85,-0.17,0.76,10.43,0.35,9.34,6.06,0.59,-5.48,Mango,Clay,0.633,0.266,27.48,7,0.379,3.468.752,27.574
9.296,105.491,7,1,3.64,43.9,35.8,5.9,30.9,25.2,45,27.58,5.68,82.83,17.03,12,-5.15,-6.22,-6.61,-3.85,-0.17,0.76,10.43,0.35,9.34,6.06,0.59,-5.48,Mango,Clay,0.633,0.282,27.48,7,0.379,2.384.767,27.574
9.336,105.953,7,3,3.64,40.9,37.1,5.8,29.5,29.6,47,27.77,5.28,82.72,17.03,12,-4.89,-5.87,-6.07,-3.73,0.31,0.66,9.99,0.82,8.06,5.64,0.34,-5.29,Mango,Clay,0.644,0.288,25.85,7,0.387,2.601.564,27.75
9.34,105.65,7,2,3.64,41.3,42.2,5.8,31.7,26.9,41.5,27.58,5.68,82.83,17.03,12,-5.15,-6.22,-6.61,-3.85,-0.17,0.76,10.43,0.35,9.34,6.06,0.59,-5.48,Mango,Clay,0.633,0.275,27.48,7,0.379,2.601.564,27.567
9.342,105.032,6,1,3.64,41.8,32.7,5.6,27.9,30.3,49.7,27.97,4.72,81.28,17.03,12,-4.59,-5.52,-5.78,-3.25,-0.54,1.6,7.82,0.24,8.31,4.06,1.94,-4.24,Mango,Clay,0.706,0.295,23.92,9,0.347,3.035.158,27.964
9.342,105.395,6,0,3.64,40.5,34.5,5.5,30.9,28.6,35.1,27.58,5.68,82.83,17.03,12,-5.15,-6.22,-6.61,-3.85,-0.17,0.76,10.43,0.35,9.34,6.06,0.59,-5.48,Mango,Clay,0.633,0.268,27.48,7,0.379,3.251.955,27.58
9.363,106.112,6,2,3.64,39.3,37.6,5.6,31.7,28.9,40.5,27.77,5.28,82.72,18.77,12,-4.89,-5.87,-6.07,-3.73,0.31,0.66,9.99,0.82,8.06,5.64,0.34,-5.29,Mango,Clay Loam,0.644,0.274,25.85,7,0.387,3.035.158,27.757
9.368,106.124,7,2,3.64,40,34,5.8,31.8,28.2,33.3,27.77,5.28,82.72,18.77,12,-4.89,-5.87,-6.07,-3.73,0.31,0.66,9.99,0.82,8.06,5.64,0.34,-5.29,Mango,Clay,0.644,0.263,25.85,7,0.387,2.601.564,27.757
9.373,106.003,6,2,3.64,40.5,40.1,5.7,29.9,29.6,39.5,27.77,5.28,82.72,18.77,12,-4.89,-5.87,-6.07,-3.73,0.31,0.66,9.99,0.82,8.06,5.64,0.34,-5.29,Mango,Clay,0.644,0.277,25.85,7,0.387,2.818.361,27.757
9.374,106.158,6,3,3.64,36.3,37.7,6.1,34.1,29.6,41,27.77,5.28,82.72,18.77,12,-4.89,-5.87,-6.07,-3.73,0.31,0.66,9.99,0.82,8.06,5.64,0.34,-5.29,Mango,Clay Loam,0.644,0.269,25.85,7,0.387,1.951.173,27.75
9.385,105.088,6,1,3.64,39.9,29.4,5.7,28.8,31.3,49,27.97,4.72,81.28,17.03,12,-4.59,-5.52,-5.78,-3.25,-0.54,1.6,7.82,0.24,8.31,4.06,1.94,-4.24,Mango,Clay Loam,0.706,0.292,23.92,9,0.347,2.818.361,27.964
9.387,106.082,6,4,3.64,37.2,39.6,5.9,30,32.8,55.6,27.77,5.28,82.72,18.77,12,-4.89,-5.87,-6.07,-3.73,0.31,0.66,9.99,0.82,8.06,5.64,0.34,-5.29,Mango,Clay Loam,0.644,0.299,25.85,7,0.387,2.384.767,27.744
9.388,105.707,7,2,3.64,42.4,38.5,5.6,30,27.7,41.3,27.58,5.68,82.83,17.03,12,-5.15,-6.22,-6.61,-3.85,-0.17,0.76,10.43,0.35,9.34,6.06,0.59,-5.48,Mango,Clay,0.633,0.279,27.48,7,0.379,3.035.158,27.567
9.389,105.138,7,1,3.64,42.3,43.7,5.4,28.9,28.8,55,27.97,4.72,81.28,17.03,12,-4.59,-5.52,-5.78,-3.25,-0.54,1.6,7.82,0.24,8.31,4.06,1.94,-4.24,Mango,Clay,0.706,0.301,23.92,9,0.347,3.468.752,27.964
9.389,105.963,6,2,3.64,38.3,35.1,5.7,33,28.7,35.8,27.77,5.28,82.72,17.03,12,-4.89,-5.87,-6.07,-3.73,0.31,0.66,9.99,0.82,8.06,5.64,0.34,-5.29,Mango,Clay Loam,0.644,0.264,25.85,7,0.387,2.818.361,27.757
9.391,105.114,6,1,3.64,41.4,33.1,5.5,26.6,32,48.2,27.97,4.72,81.28,17.03,12,-4.59,-5.52,-5.78,-3.25,-0.54,1.6,7.82,0.24,8.31,4.06,1.94,-4.24,Mango,Clay,0.706,0.296,23.92,9,0.347,3.251.955,27.964
9.44,105.05,7,2,3.64,41.2,26.3,5.8,29.6,29.3,43.4,27.97,4.72,81.28,17.03,12,-4.59,-5.52,-5.78,-3.25,-0.54,1.6,7.82,0.24,8.31,4.06,1.94,-4.24,Mango,Clay,0.706,0.283,23.92,9,0.347,2.601.564,27.957
9.442,105.846,7,2,3.64,39.3,38.7,5.6,31,29.6,44,27.58,5.68,82.83,17.03,12,-5.15,-6.22,-6.61,-3.85,-0.17,0.76,10.43,0.35,9.34,6.06,0.59,-5.48,Mango,Clay Loam,0.633,0.28,27.48,7,0.379,3.035.158,27.567
9.451,106.18,7,2,3.64,39.2,40.2,6.1,33,27.9,43.9,27.77,5.28,82.72,18.77,12,-4.89,-5.87,-6.07,-3.73,0.31,0.66,9.99,0.82,8.06,5.64,0.34,-5.29,Mango,Clay Loam,0.644,0.276,25.85,7,0.387,1.951.173,27.757
9.461,105.396,6,0,3.64,41.2,48.1,5.6,31.3,27.5,45.6,27.58,5.68,82.83,17.03,12,-5.15,-6.22,-6.61,-3.85,-0.17,0.76,10.43,0.35,9.34,6.06,0.59,-5.48,Mango,Clay,0.633,0.282,27.48,7,0.379,3.035.158,27.58
9.462,105.145,6,1,3.64,37.2,38,5.5,25,37.8,49.6,27.97,4.72,81.28,17.03,12,-4.59,-5.52,-5.78,-3.25,-0.54,1.6,7.82,0.24,8.31,4.06,1.94,-4.24,Mango,Clay Loam,0.706,0.302,23.92,9,0.347,3.251.955,27.964
9.464,106.203,7,9,3.64,39.6,28.1,5.9,26.4,34,33.3,27.77,5.28,82.72,18.77,12,-4.89,-5.87,-6.07,-3.73,0.31,0.66,9.99,0.82,8.06,5.64,0.34,-5.29,Mango,Clay Loam,0.644,0.276,25.85,7,0.387,2.384.767,27.712
9.467,105.251,6,2,3.64,35.8,41.2,5.6,26.7,37.5,53.1,27.97,4.72,81.28,17.03,12,-4.59,-5.52,-5.78,-3.25,-0.54,1.6,7.82,0.24,8.31,4.06,1.94,-4.24,Mango,Clay Loam,0.706,0.303,23.92,9,0.347,3.035.158,27.957
9.471,105.331,6,1,3.64,41.2,41.4,5.5,25.7,33,44.2,27.58,5.68,82.83,17.03,12,-5.15,-6.22,-6.61,-3.85,-0.17,0.76,10.43,0.35,9.34,6.06,0.59,-5.48,Mango,Clay,0.633,0.293,27.48,7,0.379,3.251.955,27.574
9.477,105.502,6,5,3.64,36.7,42.6,5.3,26.5,36.8,39.6,27.58,5.68,82.83,17.03,12,-5.15,-6.22,-6.61,-3.85,-0.17,0.76,10.43,0.35,9.34,6.06,0.59,-5.48,Mango,Clay Loam,0.633,0.284,27.48,7,0.379,3.685.549,27.548
9.478,105.124,7,2,3.64,37.3,40.1,5.6,25,37.7,45.1,27.97,4.72,81.28,17.03,12,-4.59,-5.52,-5.78,-3.25,-0.54,1.6,7.82,0.24,8.31,4.06,1.94,-4.24,Mango,Clay Loam,0.706,0.296,23.92,9,0.347,3.035.158,27.957
9.5,106.177,7,2,3.64,39.7,41.8,6.1,26.6,33.8,43.5,27.77,5.28,82.72,18.77,12,-4.89,-5.87,-6.07,-3.73,0.31,0.66,9.99,0.82,8.06,5.64,0.34,-5.29,Mango,Clay Loam,0.644,0.29,25.85,7,0.387,1.951.173,27.757
9.503,105.536,7,2,3.64,39.1,32.6,5.7,24.9,36,37,27.58,5.68,82.83,17.03,12,-5.15,-6.22,-6.61,-3.85,-0.17,0.76,10.43,0.35,9.34,6.06,0.59,-5.48,Mango,Clay Loam,0.633,0.285,27.48,7,0.379,2.818.361,27.567
9.508,105.423,7,1,3.64,36.6,49.2,5.5,27.6,35.8,38,27.58,5.68,82.83,17.03,12,-5.15,-6.22,-6.61,-3.85,-0.17,0.76,10.43,0.35,9.34,6.06,0.59,-5.48,Mango,Clay Loam,0.633,0.28,27.48,7,0.379,3.251.955,27.574
9.519,105.591,7,2,3.64,39.1,37.5,5.9,25.4,35.5,45.7,27.58,5.68,82.83,17.03,12,-5.15,-6.22,-6.61,-3.85,-0.17,0.76,10.43,0.35,9.34,6.06,0.59,-5.48,Mango,Clay Loam,0.633,0.296,27.48,7,0.379,2.384.767,27.567
9.526,105.528,6,1,3.64,38,35.4,6,26.4,35.6,42.8,27.58,5.68,82.83,17.03,12,-5.15,-6.22,-6.61,-3.85,-0.17,0.76,10.43,0.35,9.34,6.06,0.59,-5.48,Mango,Clay Loam,0.633,0.289,27.48,7,0.379,2167.97,27.574
9.542,106.28,6,14,3.64,41.4,34.8,5.9,26.6,32,61.4,27.77,5.28,82.72,18.77,12,-4.89,-5.87,-6.07,-3.73,0.31,0.66,9.99,0.82,8.06,5.64,0.34,-5.29,Mango,Clay,0.644,0.315,25.85,7,0.387,2.384.767,27.679
9.55,105.322,6,2,3.64,35.5,49.2,5.6,26.3,38.2,60.9,27.58,5.68,82.83,17.03,12,-5.15,-6.22,-6.61,-3.85,-0.17,0.76,10.43,0.35,9.34,6.06,0.59,-5.48,Mango,Clay Loam,0.633,0.315,27.48,7,0.379,3.035.158,27.567
9.556,106.093,6,2,3.64,37.4,42,6,26,36.5,57,27.77,5.28,82.72,18.77,12,-4.89,-5.87,-6.07,-3.73,0.31,0.66,9.99,0.82,8.06,5.64,0.34,-5.29,Mango,Clay Loam,0.644,0.31,25.85,7,0.387,2167.97,27.757
9.556,106.411,7,4,3.64,38.6,36.4,6.1,25.7,35.7,35.8,27.77,5.28,82.72,18.77,12,-4.89,-5.87,-6.07,-3.73,0.31,0.66,9.99,0.82,8.06,5.64,0.34,-5.29,Mango,Clay Loam,0.644,0.281,25.85,7,0.387,1.951.173,27.744
9.559,106.357,7,11,3.64,38.8,30.2,6,26.2,35,88.8,27.77,5.28,82.72,18.77,12,-4.89,-5.87,-6.07,-3.73,0.31,0.66,9.99,0.82,8.06,5.64,0.34,-5.29,Mango,Clay Loam,0.644,0.354,25.85,7,0.387,2167.97,27.698
9.567,106.466,7,4,3.64,39.8,34.7,6,24.7,35.5,36,27.77,5.28,82.72,18.77,12,-4.89,-5.87,-6.07,-3.73,0.31,0.66,9.99,0.82,8.06,5.64,0.34,-5.29,Mango,Clay Loam,0.644,0.284,25.85,7,0.387,2167.97,27.744
9.582,106.103,7,2,3.64,43,38.2,6,24.5,32.5,36.6,27.77,5.28,82.72,18.77,12,-4.89,-5.87,-6.07,-3.73,0.31,0.66,9.99,0.82,8.06,5.64,0.34,-5.29,Mango,Clay,0.644,0.285,25.85,7,0.387,2167.97,27.757
9.585,105.381,6,0,3.64,34,37.2,5.6,27.3,38.7,44.5,27.58,5.68,82.83,17.03,12,-5.15,-6.22,-6.61,-3.85,-0.17,0.76,10.43,0.35,9.34,6.06,0.59,-5.48,Mango,Clay Loam,0.633,0.29,27.48,7,0.379,3.035.158,27.58
9.604,105.882,7,1,3.64,41.1,42.5,5.9,25.5,33.4,38,27.58,5.68,82.83,17.03,12,-5.15,-6.22,-6.61,-3.85,-0.17,0.76,10.43,0.35,9.34,6.06,0.59,-5.48,Mango,Clay,0.633,0.285,27.48,7,0.379,2.384.767,27.574
9.611,105.839,7,2,3.64,38.2,30.8,5.9,24.5,37.3,45.5,27.58,5.68,82.83,17.03,12,-5.15,-6.22,-6.61,-3.85,-0.17,0.76,10.43,0.35,9.34,6.06,0.59,-5.48,Mango,Clay Loam,0.633,0.297,27.48,7,0.379,2.384.767,27.567
9.612,105.64,6,3,3.64,40.4,32.7,5.9,26,33.6,45.7,27.58,5.68,82.83,17.03,12,-5.15,-6.22,-6.61,-3.85,-0.17,0.76,10.43,0.35,9.34,6.06,0.59,-5.48,Mango,Clay,0.633,0.294,27.48,7,0.379,2.384.767,27.56
9.616,105.348,7,2,3.64,33.4,34.2,5.9,29.4,37.2,45.1,27.58,5.68,82.83,17.03,12,-5.15,-6.22,-6.61,-3.85,-0.17,0.76,10.43,0.35,9.34,6.06,0.59,-5.48,Mango,Clay Loam,0.633,0.286,27.48,7,0.379,2.384.767,27.567
9.618,105,7,1,3.64,37.9,36.2,5.7,25.8,36.3,45.6,27.97,4.72,81.28,17.03,12,-4.59,-5.52,-5.78,-3.25,-0.54,1.6,7.82,0.24,8.31,4.06,1.94,-4.24,Mango,Clay Loam,0.706,0.294,23.92,9,0.347,2.818.361,27.964
9.623,106.396,6,3,3.64,38,42.6,6.2,26.5,35.5,37.4,27.77,5.28,82.72,18.77,12,-4.89,-5.87,-6.07,-3.73,0.31,0.66,9.99,0.82,8.06,5.64,0.34,-5.29,Mango,Clay Loam,0.644,0.281,25.85,7,0.387,1.734.376,27.75
9.636,105.885,6,1,3.64,39.2,37.2,6,25.4,35.5,54.2,27.58,5.68,82.83,17.03,12,-5.15,-6.22,-6.61,-3.85,-0.17,0.76,10.43,0.35,9.34,6.06,0.59,-5.48,Mango,Clay Loam,0.633,0.307,27.48,7,0.379,2167.97,27.574
9.636,106.252,7,2,3.64,41.2,27,6.2,24.1,34.7,35.5,27.77,5.28,82.72,18.77,12,-4.89,-5.87,-6.07,-3.73,0.31,0.66,9.99,0.82,8.06,5.64,0.34,-5.29,Mango,Clay,0.644,0.284,25.85,7,0.387,1.734.376,27.757
9.637,105.904,6,1,3.64,41.2,30.7,6.1,24.9,33.9,32.6,27.58,5.68,82.83,17.03,12,-5.15,-6.22,-6.61,-3.85,-0.17,0.76,10.43,0.35,9.34,6.06,0.59,-5.48,Mango,Clay,0.633,0.278,27.48,7,0.379,1.951.173,27.574
9.642,106.335,7,7,3.64,37.8,38.2,6,26.3,35.9,45.2,27.77,5.28,82.72,18.77,12,-4.89,-5.87,-6.07,-3.73,0.31,0.66,9.99,0.82,8.06,5.64,0.34,-5.29,Mango,Clay Loam,0.644,0.293,25.85,7,0.387,2167.97,27.724
9.65,105.278,7,2,3.64,33,48.7,5.4,25.4,41.6,48.7,27.97,4.72,81.28,17.03,12,-4.59,-5.52,-5.78,-3.25,-0.54,1.6,7.82,0.24,8.31,4.06,1.94,-4.24,Mango,Clay Loam,0.706,0.3,23.92,9,0.347,3.468.752,27.957
9.652,105.843,6,4,3.64,38.3,29.7,5.9,25.4,36.3,41.4,27.58,5.68,82.83,17.03,12,-5.15,-6.22,-6.61,-3.85,-0.17,0.76,10.43,0.35,9.34,6.06,0.59,-5.48,Mango,Clay Loam,0.633,0.29,27.48,7,0.379,2.384.767,27.554
9.653,105.38,6,4,3.64,37.9,32.6,5.7,26.4,35.7,42.2,27.58,5.68,82.83,17.03,12,-5.15,-6.22,-6.61,-3.85,-0.17,0.76,10.43,0.35,9.34,6.06,0.59,-5.48,Mango,Clay Loam,0.633,0.288,27.48,7,0.379,2.818.361,27.554
9.657,105.637,7,1,3.64,34.9,28.5,5.9,27.8,37.3,42.2,27.58,5.68,82.83,17.03,12,-5.15,-6.22,-6.61,-3.85,-0.17,0.76,10.43,0.35,9.34,6.06,0.59,-5.48,Mango,Clay Loam,0.633,0.285,27.48,7,0.379,2.384.767,27.574
9.665,105.798,7,1,3.64,41.5,31.8,5.9,24.9,33.6,45.9,27.58,5.68,82.83,17.03,12,-5.15,-6.22,-6.61,-3.85,-0.17,0.76,10.43,0.35,9.34,6.06,0.59,-5.48,Mango,Clay,0.633,0.297,27.48,7,0.379,2.384.767,27.574
9.702,105.473,6,1,3.64,36.5,34.4,5.8,24.7,38.9,39.8,27.58,5.68,82.83,17.03,12,-5.15,-6.22,-6.61,-3.85,-0.17,0.76,10.43,0.35,9.34,6.06,0.59,-5.48,Mango,Clay Loam,0.633,0.289,27.48,7,0.379,2.601.564,27.574
9.705,105.349,7,2,3.64,38.5,34.6,5.9,26.3,35.2,49.9,27.58,5.68,82.83,17.03,12,-5.15,-6.22,-6.61,-3.85,-0.17,0.76,10.43,0.35,9.34,6.06,0.59,-5.48,Mango,Clay Loam,0.633,0.299,27.48,7,0.379,2.384.767,27.567
9.711,106.388,7,15,3.64,40.4,25.9,6.3,28,31.6,26.7,27.77,5.28,82.72,18.77,12,-4.89,-5.87,-6.07,-3.73,0.31,0.66,9.99,0.82,8.06,5.64,0.34,-5.29,Mango,Clay,0.644,0.263,25.85,7,0.387,1.517.579,27.672
9.724,105.113,7,1,3.64,35.5,41.5,5.5,27.4,37.1,43,27.97,4.72,81.28,17.03,12,-4.59,-5.52,-5.78,-3.25,-0.54,1.6,7.82,0.24,8.31,4.06,1.94,-4.24,Mango,Clay Loam,0.706,0.287,23.92,9,0.347,3.251.955,27.964
9.725,105.515,6,1,3.64,38.1,28.7,5.9,25.7,36.2,37.4,27.58,5.68,82.83,17.03,12,-5.15,-6.22,-6.61,-3.85,-0.17,0.76,10.43,0.35,9.34,6.06,0.59,-5.48,Mango,Clay Loam,0.633,0.283,27.48,7,0.379,2.384.767,27.574
9.731,106.37,7,2,3.64,43.3,29.7,6.2,27.7,29,29.9,27.77,5.28,82.72,18.77,12,-4.89,-5.87,-6.07,-3.73,0.31,0.66,9.99,0.82,8.06,5.64,0.34,-5.29,Mango,Clay,0.644,0.268,25.85,7,0.387,1.734.376,27.757
9.733,106.186,7,2,3.64,37.8,33.4,6.2,28,34.2,44.2,27.77,5.28,82.72,18.77,12,-4.89,-5.87,-6.07,-3.73,0.31,0.66,9.99,0.82,8.06,5.64,0.34,-5.29,Mango,Clay Loam,0.644,0.287,25.85,7,0.387,1.734.376,27.757
9.735,105.106,7,1,3.64,37.5,42.1,5.3,24.8,37.6,44.6,27.97,4.72,81.28,17.03,12,-4.59,-5.52,-5.78,-3.25,-0.54,1.6,7.82,0.24,8.31,4.06,1.94,-4.24,Mango,Clay Loam,0.706,0.295,23.92,9,0.347,3.685.549,27.964
9.75,104.962,6,0,3.64,39.2,45.2,5.3,25.4,35.4,52.2,27.97,4.72,81.28,18.06,12,-4.59,-5.52,-5.78,-3.25,-0.54,1.6,7.82,0.24,8.31,4.06,1.94,-4.24,Mango,Clay Loam,0.706,0.305,23.92,9,0.347,3.685.549,27.97
9.753,106.019,6,5,3.64,32.4,37.6,6,30.6,37,64.6,27.61,5.05,82.34,18.77,12,-4.58,-5.54,-5.71,-4.16,0.46,1.64,10.07,-0.1,7.61,4.57,0.32,-4.63,Mango,Clay Loam,0.653,0.31,24.72,7,0.408,2167.97,27.578
9.756,105.312,7,1,3.64,35.9,33.7,5.9,27.4,36.7,46.4,27.96,4.89,80.82,17.03,12,-4.26,-5.51,-5.79,-3.48,-0.34,0.99,7.3,-0.09,10.14,4.07,1.2,-4.25,Mango,Clay Loam,0.723,0.292,23.72,9,0.428,2.384.767,27.954
9.756,106.023,7,5,3.64,37.4,40.4,6.1,28.9,33.7,64.5,27.61,5.05,82.34,18.77,12,-4.58,-5.54,-5.71,-4.16,0.46,1.64,10.07,-0.1,7.61,4.57,0.32,-4.63,Mango,Clay Loam,0.653,0.314,24.72,7,0.408,1.951.173,27.578
9.766,105.885,6,1,3.64,38.2,33.9,6.1,24.6,37.2,42.9,27.52,5.44,82.42,17.03,12,-4.68,-6.01,-6.26,-4.19,0.2,1.23,10.03,-0.2,9.39,5.07,0.41,-4.97,Mango,Clay Loam,0.646,0.293,26.31,7,0.381,1.951.173,27.514
9.768,104.882,6,1,3.64,37.6,34.3,5.4,27.3,35.1,41.1,27.96,4.89,80.82,18.06,12,-4.26,-5.51,-5.79,-3.48,-0.34,0.99,7.3,-0.09,10.14,4.07,1.2,-4.25,Mango,Clay Loam,0.723,0.285,23.72,9,0.428,3.468.752,27.954
9.774,105.369,7,3,3.64,38,36.1,5.8,24.7,37.3,45.5,27.52,5.44,82.42,17.03,12,-4.68,-6.01,-6.26,-4.19,0.2,1.23,10.03,-0.2,9.39,5.07,0.41,-4.97,Mango,Clay Loam,0.646,0.297,26.31,7,0.381,2.601.564,27.5
9.774,105.57,7,2,3.64,42.2,32.3,6,25.9,32,44,27.52,5.44,82.42,17.03,12,-4.68,-6.01,-6.26,-4.19,0.2,1.23,10.03,-0.2,9.39,5.07,0.41,-4.97,Mango,Clay,0.646,0.292,26.31,7,0.381,2167.97,27.507
9.777,106.49,7,2,3.64,36.9,32.4,6,26.6,36.4,34.3,27.61,5.05,82.34,18.77,12,-4.58,-5.54,-5.71,-4.16,0.46,1.64,10.07,-0.1,7.61,4.57,0.32,-4.63,Mango,Clay Loam,0.653,0.277,24.72,7,0.408,2167.97,27.597
9.781,105.301,7,1,3.64,35.7,31.1,5.7,27.9,36.4,35.7,27.96,4.89,80.82,17.03,12,-4.26,-5.51,-5.79,-3.48,-0.34,0.99,7.3,-0.09,10.14,4.07,1.2,-4.25,Mango,Clay Loam,0.723,0.276,23.72,9,0.428,2.818.361,27.954
9.782,105.288,6,1,3.64,35.3,31.5,5.6,27.4,37.3,33.5,27.96,4.89,80.82,17.03,12,-4.26,-5.51,-5.79,-3.48,-0.34,0.99,7.3,-0.09,10.14,4.07,1.2,-4.25,Mango,Clay Loam,0.723,0.274,23.72,9,0.428,3.035.158,27.954
9.784,105.022,7,1,3.64,36.2,41.9,5.3,25.4,38.4,48.6,27.96,4.89,80.82,17.03,12,-4.26,-5.51,-5.79,-3.48,-0.34,0.99,7.3,-0.09,10.14,4.07,1.2,-4.25,Mango,Clay Loam,0.723,0.3,23.72,9,0.428,3.685.549,27.954
9.81,106.28,7,4,3.64,37.2,31.5,6.1,27,35.8,41.3,27.61,5.05,82.34,18.77,12,-4.58,-5.54,-5.71,-4.16,0.46,1.64,10.07,-0.1,7.61,4.57,0.32,-4.63,Mango,Clay Loam,0.653,0.286,24.72,7,0.408,1.951.173,27.584
9.86,105.386,7,1,3.64,35,37.6,5.9,27.8,37.2,43.6,27.52,5.44,82.42,17.03,12,-4.68,-6.01,-6.26,-4.19,0.2,1.23,10.03,-0.2,9.39,5.07,0.41,-4.97,Mango,Clay Loam,0.646,0.287,26.31,7,0.381,2.384.767,27.514
9.862,105.246,6,1,3.64,38.6,34.8,5.7,26.8,34.6,41.2,27.96,4.89,80.82,17.03,12,-4.26,-5.51,-5.79,-3.48,-0.34,0.99,7.3,-0.09,10.14,4.07,1.2,-4.25,Mango,Clay Loam,0.723,0.286,23.72,9,0.428,2.818.361,27.954
9.886,106.02,6,7,3.64,40.8,29.9,6.1,27.5,31.7,38.4,27.61,5.05,82.34,18.77,12,-4.58,-5.54,-5.71,-4.16,0.46,1.64,10.07,-0.1,7.61,4.57,0.32,-4.63,Mango,Clay,0.653,0.281,24.72,7,0.408,1.951.173,27.564
9.902,105.726,7,3,3.64,38.3,29.7,5.9,25.5,36.2,46.1,27.52,5.44,82.42,17.03,12,-4.68,-6.01,-6.26,-4.19,0.2,1.23,10.03,-0.2,9.39,5.07,0.41,-4.97,Mango,Clay Loam,0.646,0.296,26.31,7,0.381,2.384.767,27.5
9.91,105.023,7,1,3.64,37.3,42.9,5.3,25.9,36.8,39.4,27.96,4.89,80.82,17.03,12,-4.26,-5.51,-5.79,-3.48,-0.34,0.99,7.3,-0.09,10.14,4.07,1.2,-4.25,Mango,Clay Loam,0.723,0.286,23.72,9,0.428,3.685.549,27.954
9.911,105.759,7,128,3.64,37.4,34.7,5.9,25.6,37,46.4,27.52,5.44,82.42,17.03,12,-4.68,-6.01,-6.26,-4.19,0.2,1.23,10.03,-0.2,9.39,5.07,0.41,-4.97,Mango,Clay Loam,0.646,0.296,26.31,7,0.381,2.384.767,26.688
9.911,105.831,7,4,3.64,34.3,37.3,6,28,37.7,52.3,27.52,5.44,82.42,17.03,12,-4.68,-6.01,-6.26,-4.19,0.2,1.23,10.03,-0.2,9.39,5.07,0.41,-4.97,Mango,Clay Loam,0.646,0.299,26.31,7,0.381,2167.97,27.494
9.915,105.552,7,3,3.64,34.5,34.7,6,26.2,39.4,37.7,27.52,5.44,82.42,17.03,12,-4.68,-6.01,-6.26,-4.19,0.2,1.23,10.03,-0.2,9.39,5.07,0.41,-4.97,Mango,Clay Loam,0.646,0.283,26.31,7,0.381,2167.97,27.5
9.918,106.365,7,4,3.64,35.9,27.6,6.1,23.8,40.3,30.3,27.61,5.05,82.34,18.77,12,-4.58,-5.54,-5.71,-4.16,0.46,1.64,10.07,-0.1,7.61,4.57,0.32,-4.63,Mango,Clay Loam,0.653,0.278,24.72,7,0.408,1.951.173,27.584
9.928,105.824,6,4,3.64,36.4,41.2,6.1,26.8,36.8,52.8,27.52,5.44,82.42,17.03,12,-4.68,-6.01,-6.26,-4.19,0.2,1.23,10.03,-0.2,9.39,5.07,0.41,-4.97,Mango,Clay Loam,0.646,0.302,26.31,7,0.381,1.951.173,27.494
9.939,105.878,7,4,3.64,39.7,29,6,28,32.4,41.5,27.52,5.44,82.42,17.03,12,-4.68,-6.01,-6.26,-4.19,0.2,1.23,10.03,-0.2,9.39,5.07,0.41,-4.97,Mango,Clay Loam,0.646,0.284,26.31,7,0.381,2167.97,27.494
9.949,105.553,6,3,3.64,33.3,33.6,5.9,26.7,40.1,37.1,27.52,5.44,82.42,17.03,12,-4.68,-6.01,-6.26,-4.19,0.2,1.23,10.03,-0.2,9.39,5.07,0.41,-4.97,Mango,Clay Loam,0.646,0.281,26.31,7,0.381,2.384.767,27.5
9.951,106.147,6,1,3.64,35.9,34.4,6.2,22.8,41.3,49.9,27.61,5.05,82.34,18.77,12,-4.58,-5.54,-5.71,-4.16,0.46,1.64,10.07,-0.1,7.61,4.57,0.32,-4.63,Mango,Clay Loam,0.653,0.307,24.72,7,0.408,1.734.376,27.604
9.956,105.705,6,6,3.64,31.8,36.2,5.8,27.9,40.3,51.7,27.52,5.44,82.42,17.03,12,-4.68,-6.01,-6.26,-4.19,0.2,1.23,10.03,-0.2,9.39,5.07,0.41,-4.97,Mango,Clay Loam,0.646,0.298,26.31,7,0.381,2.601.564,27.481
9.962,105.452,7,2,3.64,37.4,34.7,5.6,25.3,37.3,37.4,27.52,5.44,82.42,17.03,12,-4.68,-6.01,-6.26,-4.19,0.2,1.23,10.03,-0.2,9.39,5.07,0.41,-4.97,Mango,Clay Loam,0.646,0.284,26.31,7,0.381,3.035.158,27.507
9.971,106.132,6,9,3.64,34.2,28.5,6.1,23.2,42.6,43.2,27.61,5.05,82.34,18.77,12,-4.58,-5.54,-5.71,-4.16,0.46,1.64,10.07,-0.1,7.61,4.57,0.32,-4.63,Mango,Clay Loam,0.653,0.297,24.72,7,0.408,1.951.173,27.552
9.972,105.731,7,4,3.64,37.1,36.5,6,26.6,36.3,57.8,27.52,5.44,82.42,17.03,12,-4.68,-6.01,-6.26,-4.19,0.2,1.23,10.03,-0.2,9.39,5.07,0.41,-4.97,Mango,Clay Loam,0.646,0.31,26.31,7,0.381,2167.97,27.494
9.973,106.188,7,2,3.64,37,31.7,6.1,22.6,40.4,42.1,27.61,5.05,82.34,18.77,12,-4.58,-5.54,-5.71,-4.16,0.46,1.64,10.07,-0.1,7.61,4.57,0.32,-4.63,Mango,Clay Loam,0.653,0.297,24.72,7,0.408,1.951.173,27.597
9.985,105.956,6,2,3.64,34.2,37,6.2,23.3,42.5,45,27.61,5.05,82.34,17.03,12,-4.58,-5.54,-5.71,-4.16,0.46,1.64,10.07,-0.1,7.61,4.57,0.32,-4.63,Mango,Clay Loam,0.653,0.299,24.72,7,0.408,1.734.376,27.597
9.986,105.279,6,1,3.64,36.6,33.3,5.5,26.5,36.9,37.2,27.96,4.89,80.82,17.03,12,-4.26,-5.51,-5.79,-3.48,-0.34,0.99,7.3,-0.09,10.14,4.07,1.2,-4.25,Mango,Clay Loam,0.723,0.281,23.72,9,0.428,3.251.955,27.954
9.99,105.376,7,2,3.64,37.4,28.2,5.7,25.8,36.8,30.8,27.52,5.44,82.42,17.03,12,-4.68,-6.01,-6.26,-4.19,0.2,1.23,10.03,-0.2,9.39,5.07,0.41,-4.97,Mango,Clay Loam,0.646,0.274,26.31,7,0.381,2.818.361,27.507
10.01,105.944,7,2,3.64,38.1,39.2,6.4,20.5,41.4,46,27.61,5.05,82.34,17.9,12,-4.58,-5.54,-5.71,-4.16,0.46,1.64,10.07,-0.1,7.61,4.57,0.32,-4.63,Mango,Clay Loam,0.653,0.307,24.72,7,0.408,1.300.782,27.597
10.021,105.469,7,2,3.64,35.4,34.8,5.7,24.9,39.7,36.6,27.52,5.44,82.42,17.9,12,-4.68,-6.01,-6.26,-4.19,0.2,1.23,10.03,-0.2,9.39,5.07,0.41,-4.97,Mango,Clay Loam,0.646,0.284,26.31,7,0.381,2.818.361,27.507
10.022,106.189,6,4,3.64,36,30.6,6.2,21.7,42.3,38.4,27.61,5.05,82.34,18.06,12,-4.58,-5.54,-5.71,-4.16,0.46,1.64,10.07,-0.1,7.61,4.57,0.32,-4.63,Mango,Clay Loam,0.653,0.294,24.72,7,0.408,1.734.376,27.584
10.024,105.918,6,2,3.64,35.4,38.6,6.2,22.1,42.5,43.7,27.52,5.44,82.42,17.9,12,-4.68,-6.01,-6.26,-4.19,0.2,1.23,10.03,-0.2,9.39,5.07,0.41,-4.97,Mango,Clay Loam,0.646,0.3,26.31,7,0.381,1.734.376,27.507
10.033,105.586,6,2,3.64,31.5,35.2,5.9,24.4,44.1,41.1,27.52,5.44,82.42,17.9,12,-4.68,-6.01,-6.26,-4.19,0.2,1.23,10.03,-0.2,9.39,5.07,0.41,-4.97,Mango,Clay Loam,0.646,0.291,26.31,7,0.381,2.384.767,27.507
10.038,105.571,6,5,3.64,31.8,28.6,5.7,24.5,43.7,38.2,27.52,5.44,82.42,17.9,12,-4.68,-6.01,-6.26,-4.19,0.2,1.23,10.03,-0.2,9.39,5.07,0.41,-4.97,Mango,Clay Loam,0.646,0.287,26.31,7,0.381,2.818.361,27.488
10.039,105.671,7,2,3.64,35.3,38.5,5.7,22.3,42.4,45.8,27.52,5.44,82.42,17.9,12,-4.68,-6.01,-6.26,-4.19,0.2,1.23,10.03,-0.2,9.39,5.07,0.41,-4.97,Mango,Clay Loam,0.646,0.303,26.31,7,0.381,2.818.361,27.507
10.046,106.527,6,2,3.64,34.6,33.8,6.3,23.6,41.7,34.9,27.61,5.05,82.34,18.06,12,-4.58,-5.54,-5.71,-4.16,0.46,1.64,10.07,-0.1,7.61,4.57,0.32,-4.63,Mango,Clay Loam,0.653,0.285,24.72,7,0.408,1.517.579,27.597
10.065,105.263,7,1,3.64,37.4,30.3,5.6,23.1,39.5,35.9,27.96,4.89,80.82,17.9,12,-4.26,-5.51,-5.79,-3.48,-0.34,0.99,7.3,-0.09,10.14,4.07,1.2,-4.25,Mango,Clay Loam,0.723,0.287,23.72,9,0.428,3.035.158,27.954
10.071,106.349,6,6,3.64,34.4,28.9,6.2,17.7,48,42.7,27.61,5.05,82.34,18.06,12,-4.58,-5.54,-5.71,-4.16,0.46,1.64,10.07,-0.1,7.61,4.57,0.32,-4.63,Mango,Clay Loam,0.653,0.309,24.72,7,0.408,1.734.376,27.571
10.076,105.219,6,2,3.64,32.6,30.5,5.6,27.6,39.8,30.8,27.96,4.89,80.82,17.9,12,-4.26,-5.51,-5.79,-3.48,-0.34,0.99,7.3,-0.09,10.14,4.07,1.2,-4.25,Mango,Clay Loam,0.723,0.27,23.72,9,0.428,3.035.158,27.947
10.078,105.535,7,7,3.64,34.6,29.2,5.8,23.7,41.7,37.5,27.52,5.44,82.42,17.9,12,-4.68,-6.01,-6.26,-4.19,0.2,1.23,10.03,-0.2,9.39,5.07,0.41,-4.97,Mango,Clay Loam,0.646,0.288,26.31,7,0.381,2.601.564,27.474
10.088,106.616,6,2,3.64,36.2,38.5,6.3,21.9,41.9,48.7,27.9,4.57,82.8,18.06,12,-4.11,-5.15,-5.27,-3.9,0.42,1.5,8.42,0.47,7.6,3.69,0.73,-4.35,Mango,Clay Loam,0.646,0.308,22.78,7,0.369,1.517.579,27.887
10.101,105.545,6,3,3.64,30.5,28,6,25.5,44,36.5,27.52,5.44,82.42,17.9,12,-4.68,-6.01,-6.26,-4.19,0.2,1.23,10.03,-0.2,9.39,5.07,0.41,-4.97,Mango,Clay Loam,0.646,0.282,26.31,7,0.381,2167.97,27.5
10.101,106.161,6,2,3.64,36.3,28.6,6.2,21.4,42.4,38.4,27.61,5.05,82.34,18.06,12,-4.58,-5.54,-5.71,-4.16,0.46,1.64,10.07,-0.1,7.61,4.57,0.32,-4.63,Mango,Clay Loam,0.653,0.295,24.72,7,0.408,1.734.376,27.597
10.103,105.07,7,2,3.64,38.1,24.4,5.5,25.9,36,36.5,27.96,4.89,80.82,17.9,12,-4.26,-5.51,-5.79,-3.48,-0.34,0.99,7.3,-0.09,10.14,4.07,1.2,-4.25,Mango,Clay Loam,0.723,0.282,23.72,9,0.428,3.251.955,27.947
10.104,105.959,7,1,3.64,35.3,34.2,6.1,27,37.7,43.9,27.61,5.05,82.34,17.9,12,-4.58,-5.54,-5.71,-4.16,0.46,1.64,10.07,-0.1,7.61,4.57,0.32,-4.63,Mango,Clay Loam,0.653,0.289,24.72,7,0.408,1.951.173,27.604
10.108,106.497,7,2,3.64,37.7,32.7,6.2,22,40.3,41.7,27.61,5.05,82.34,18.06,12,-4.58,-5.54,-5.71,-4.16,0.46,1.64,10.07,-0.1,7.61,4.57,0.32,-4.63,Mango,Clay Loam,0.653,0.298,24.72,7,0.408,1.734.376,27.597
10.125,106.48,7,6,3.64,36.3,30.7,6.2,21,42.7,61.9,27.61,5.05,82.34,18.06,12,-4.58,-5.54,-5.71,-4.16,0.46,1.64,10.07,-0.1,7.61,4.57,0.32,-4.63,Mango,Clay Loam,0.653,0.328,24.72,7,0.408,1.734.376,27.571
10.131,104.992,6,2,3.64,37.2,29.8,5.6,24.9,37.8,46.3,27.96,4.89,80.82,18.24,12,-4.26,-5.51,-5.79,-3.48,-0.34,0.99,7.3,-0.09,10.14,4.07,1.2,-4.25,Mango,Clay Loam,0.723,0.298,23.72,9,0.428,3.035.158,27.947
10.131,105.031,6,2,3.64,37.4,32,5.6,24.4,38.1,41.5,27.96,4.89,80.82,17.9,12,-4.26,-5.51,-5.79,-3.48,-0.34,0.99,7.3,-0.09,10.14,4.07,1.2,-4.25,Mango,Clay Loam,0.723,0.292,23.72,9,0.428,3.035.158,27.947
10.134,104.946,6,1,3.64,39.7,34.1,5.8,23.2,37.1,58.2,27.96,4.89,80.82,18.24,12,-4.26,-5.51,-5.79,-3.48,-0.34,0.99,7.3,-0.09,10.14,4.07,1.2,-4.25,Mango,Clay Loam,0.723,0.318,23.72,9,0.428,2.601.564,27.954
10.145,105.405,6,2,3.64,39,27.5,5.6,24.8,36.1,37.3,27.52,5.44,82.42,17.9,12,-4.68,-6.01,-6.26,-4.19,0.2,1.23,10.03,-0.2,9.39,5.07,0.41,-4.97,Mango,Clay Loam,0.646,0.285,26.31,7,0.381,3.035.158,27.507
10.154,105.289,6,2,3.64,38.2,31.6,5.6,24.9,36.9,38.6,27.96,4.89,80.82,17.9,12,-4.26,-5.51,-5.79,-3.48,-0.34,0.99,7.3,-0.09,10.14,4.07,1.2,-4.25,Mango,Clay Loam,0.723,0.287,23.72,9,0.428,3.035.158,27.947
10.155,105.106,7,1,3.64,35.1,27.5,5.5,24.3,40.5,33.7,27.96,4.89,80.82,17.9,12,-4.26,-5.51,-5.79,-3.48,-0.34,0.99,7.3,-0.09,10.14,4.07,1.2,-4.25,Mango,Clay Loam,0.723,0.281,23.72,9,0.428,3.251.955,27.954
10.17,106.559,6,4,3.64,40.7,34.2,6.3,20.9,38.4,46.1,27.61,5.05,82.34,18.06,12,-4.58,-5.54,-5.71,-4.16,0.46,1.64,10.07,-0.1,7.61,4.57,0.32,-4.63,Mango,Clay,0.653,0.306,24.72,7,0.408,1.517.579,27.584
10.177,105.748,7,2,3.64,35.5,28.2,6.3,22.2,42.3,33.3,27.52,5.44,82.42,17.9,12,-4.68,-6.01,-6.26,-4.19,0.2,1.23,10.03,-0.2,9.39,5.07,0.41,-4.97,Mango,Clay Loam,0.646,0.286,26.31,7,0.381,1.517.579,27.507
10.182,105.731,6,2,3.64,37.3,36.7,6.3,21.2,41.5,44.9,27.52,5.44,82.42,17.9,12,-4.68,-6.01,-6.26,-4.19,0.2,1.23,10.03,-0.2,9.39,5.07,0.41,-4.97,Mango,Clay Loam,0.646,0.304,26.31,7,0.381,1.517.579,27.507
10.196,105.765,6,2,3.64,36.6,31.5,6.3,19.6,43.8,42.3,27.52,5.44,82.42,17.9,12,-4.68,-6.01,-6.26,-4.19,0.2,1.23,10.03,-0.2,9.39,5.07,0.41,-4.97,Mango,Clay Loam,0.646,0.304,26.31,7,0.381,1.517.579,27.507
10.199,106.573,7,3,3.64,40.8,37.8,6.5,19.2,40,46.5,27.9,4.57,82.8,18.06,12,-4.11,-5.15,-5.27,-3.9,0.42,1.5,8.42,0.47,7.6,3.69,0.73,-4.35,Mango,Clay,0.646,0.311,22.78,7,0.369,1.083.985,27.88
10.203,104.658,6,1,3.64,29.5,44.6,5.8,29.3,41.2,68.5,28.52,4.5,79.62,18.24,12,-3.9,-5.2,-5.39,-3.52,-0.2,1.32,6.6,-0.21,9.26,3.35,1.63,-3.74,Mango,Clay Loam,0.794,0.319,22.16,9,0.418,2.601.564,28.514
10.206,104.676,7,1,3.64,31.7,46,5.8,28.4,39.9,54.3,28.52,4.5,79.62,18.24,12,-3.9,-5.2,-5.39,-3.52,-0.2,1.32,6.6,-0.21,9.26,3.35,1.63,-3.74,Mango,Clay Loam,0.794,0.301,22.16,9,0.418,2.601.564,28.514
10.207,106.055,7,2,3.64,40.6,33.1,6.2,20.3,39.1,36.1,27.61,5.05,82.34,18.06,12,-4.58,-5.54,-5.71,-4.16,0.46,1.64,10.07,-0.1,7.61,4.57,0.32,-4.63,Mango,Clay,0.653,0.294,24.72,7,0.408,1.734.376,27.597
10.208,105.172,6,2,3.64,39.6,27.9,5.6,23.8,36.6,37.1,27.96,4.89,80.82,17.9,12,-4.26,-5.51,-5.79,-3.48,-0.34,0.99,7.3,-0.09,10.14,4.07,1.2,-4.25,Mango,Clay Loam,0.723,0.287,23.72,9,0.428,3.035.158,27.947
10.216,105.227,6,2,3.64,43.4,30.5,5.6,21.2,35.4,33.4,27.96,4.89,80.82,17.9,12,-4.26,-5.51,-5.79,-3.48,-0.34,0.99,7.3,-0.09,10.14,4.07,1.2,-4.25,Mango,Clay,0.723,0.288,23.72,9,0.428,3.035.158,27.947
10.217,105.144,7,2,3.64,42.3,33.4,5.5,21.5,36.2,31.9,27.96,4.89,80.82,17.9,12,-4.26,-5.51,-5.79,-3.48,-0.34,0.99,7.3,-0.09,10.14,4.07,1.2,-4.25,Mango,Clay,0.723,0.285,23.72,9,0.428,3.251.955,27.947
10.218,105.067,6,2,3.64,40,28,5.5,22.6,37.4,40.1,27.96,4.89,80.82,17.9,12,-4.26,-5.51,-5.79,-3.48,-0.34,0.99,7.3,-0.09,10.14,4.07,1.2,-4.25,Mango,Clay,0.723,0.294,23.72,9,0.428,3.251.955,27.947
10.223,105.106,6,2,3.64,39.3,29.4,5.6,24.6,36.1,32.1,27.96,4.89,80.82,17.9,12,-4.26,-5.51,-5.79,-3.48,-0.34,0.99,7.3,-0.09,10.14,4.07,1.2,-4.25,Mango,Clay Loam,0.723,0.278,23.72,9,0.428,3.035.158,27.947
10.223,105.255,6,2,3.64,42.1,30.5,5.6,21.9,35.9,38.2,27.96,4.89,80.82,17.9,12,-4.26,-5.51,-5.79,-3.48,-0.34,0.99,7.3,-0.09,10.14,4.07,1.2,-4.25,Mango,Clay,0.723,0.293,23.72,9,0.428,3.035.158,27.947
10.23,105.416,6,2,3.64,35.2,34.6,5.6,22.6,42.2,43.3,27.52,5.44,82.42,17.9,12,-4.68,-6.01,-6.26,-4.19,0.2,1.23,10.03,-0.2,9.39,5.07,0.41,-4.97,Mango,Clay Loam,0.646,0.299,26.31,7,0.381,3.035.158,27.507
10.238,105.781,7,2,3.64,41.5,34.8,6.3,17.4,41.1,34.4,27.52,5.44,82.42,17.9,12,-4.68,-6.01,-6.26,-4.19,0.2,1.23,10.03,-0.2,9.39,5.07,0.41,-4.97,Mango,Clay,0.646,0.298,26.31,7,0.381,1.517.579,27.507
10.256,105.475,6,2,3.64,35.2,31.4,6,21.7,43.1,36.8,27.74,4.64,80.6,17.9,12,-4.02,-5.17,-5.35,-3.98,0.31,1.52,7.43,-0.41,8.29,5.16,0.33,-4.15,Mango,Clay Loam,0.722,0.292,23.08,9,0.36,2167.97,27.727
10.256,105.677,6,2,3.64,36.7,32.6,5.9,17.9,45.5,34.5,27.74,4.64,80.6,17.9,12,-4.02,-5.17,-5.35,-3.98,0.31,1.52,7.43,-0.41,8.29,5.16,0.33,-4.15,Mango,Clay Loam,0.722,0.297,23.08,9,0.36,2.384.767,27.727
10.258,105.082,6,2,3.64,38.7,35,5.7,23.8,37.4,40.2,27.91,4.77,79.76,17.9,12,-3.85,-5.17,-5.46,-3.66,-0.22,0.5,5.61,-0.26,10.88,4.65,0.87,-3.94,Mango,Clay Loam,0.761,0.292,22.56,9,0.483,2.818.361,27.897
10.258,105.532,7,5,3.64,36,25.2,5.7,22.9,41.1,36.6,27.74,4.64,80.6,17.9,12,-4.02,-5.17,-5.35,-3.98,0.31,1.52,7.43,-0.41,8.29,5.16,0.33,-4.15,Mango,Clay Loam,0.722,0.289,23.08,9,0.36,2.818.361,27.708
10.268,105.237,7,2,3.64,42.7,32.2,5.7,19.9,37.4,41.8,27.91,4.77,79.76,17.9,12,-3.85,-5.17,-5.46,-3.66,-0.22,0.5,5.61,-0.26,10.88,4.65,0.87,-3.94,Mango,Clay,0.761,0.303,22.56,9,0.483,2.818.361,27.897
10.275,105.168,6,2,3.64,35,26.6,5.5,26.2,38.7,31.2,27.91,4.77,79.76,17.9,12,-3.85,-5.17,-5.46,-3.66,-0.22,0.5,5.61,-0.26,10.88,4.65,0.87,-3.94,Mango,Clay Loam,0.761,0.273,22.56,9,0.483,3.251.955,27.897
10.279,105.682,7,2,3.64,38.2,35.1,6.1,19.4,42.4,44.7,27.74,4.64,80.6,17.9,12,-4.02,-5.17,-5.35,-3.98,0.31,1.52,7.43,-0.41,8.29,5.16,0.33,-4.15,Mango,Clay Loam,0.722,0.308,23.08,9,0.36,1.951.173,27.727
10.281,106.582,7,4,3.64,38.7,26,6.4,19,42.4,36.7,27.76,4.07,80.84,18.06,12,-3.8,-4.52,-4.6,-4.04,0.25,3.53,7.47,0.45,6.09,2.91,-0.2,-3.56,Mango,Clay Loam,0.714,0.298,20.72,7,0.361,1.300.782,27.734
10.283,105.139,6,3,3.64,38,27.5,5.6,23.3,38.7,30,27.91,4.77,79.76,17.9,12,-3.85,-5.17,-5.46,-3.66,-0.22,0.5,5.61,-0.26,10.88,4.65,0.87,-3.94,Mango,Clay Loam,0.761,0.278,22.56,9,0.483,3.035.158,27.89
10.284,105.618,6,4,3.64,40.7,31.5,6,17.7,41.7,35.8,27.74,4.64,80.6,17.9,12,-4.02,-5.17,-5.35,-3.98,0.31,1.52,7.43,-0.41,8.29,5.16,0.33,-4.15,Mango,Clay,0.722,0.299,23.08,9,0.36,2167.97,27.714
10.288,105.476,7,3,3.64,36.8,27,5.6,19.9,43.3,35.5,27.74,4.64,80.6,17.9,12,-4.02,-5.17,-5.35,-3.98,0.31,1.52,7.43,-0.41,8.29,5.16,0.33,-4.15,Mango,Clay Loam,0.722,0.294,23.08,9,0.36,3.035.158,27.72
10.288,106.361,7,9,3.64,34.2,32.6,6.1,21.1,44.7,54.5,27.91,4.33,79.72,18.06,12,-4.03,-4.78,-4.88,-4,0.35,2.61,7.9,-0.29,6.54,4.36,0.01,-3.83,Mango,Clay Loam,0.763,0.318,21.81,7,0.363,1.951.173,27.852
10.289,104.93,7,5,3.64,35.5,28.8,5.9,26,38.5,64,27.91,4.77,79.76,18.24,12,-3.85,-5.17,-5.46,-3.66,-0.22,0.5,5.61,-0.26,10.88,4.65,0.87,-3.94,Mango,Clay Loam,0.761,0.32,22.56,9,0.483,2.384.767,27.878
10.293,106.117,7,6,3.64,39.8,34.5,6.3,21.8,38.4,49.9,27.91,4.33,79.72,18.06,12,-4.03,-4.78,-4.88,-4,0.35,2.61,7.9,-0.29,6.54,4.36,0.01,-3.83,Mango,Clay Loam,0.763,0.31,21.81,7,0.363,1.517.579,27.871
10.296,105.187,6,2,3.64,38.2,28.7,5.7,23.2,38.6,35.3,27.91,4.77,79.76,17.9,12,-3.85,-5.17,-5.46,-3.66,-0.22,0.5,5.61,-0.26,10.88,4.65,0.87,-3.94,Mango,Clay Loam,0.761,0.286,22.56,9,0.483,2.818.361,27.897
10.297,106.236,6,6,3.64,41.2,32.9,6.3,22.4,36.4,48.1,27.91,4.33,79.72,18.06,12,-4.03,-4.78,-4.88,-4,0.35,2.61,7.9,-0.29,6.54,4.36,0.01,-3.83,Mango,Clay,0.763,0.306,21.81,7,0.363,1.517.579,27.871
10.305,105.62,7,2,3.64,40.7,30.1,5.6,17.3,42,32.4,27.74,4.64,80.6,17.9,12,-4.02,-5.17,-5.35,-3.98,0.31,1.52,7.43,-0.41,8.29,5.16,0.33,-4.15,Mango,Clay,0.722,0.296,23.08,9,0.36,3.035.158,27.727
10.306,105.559,6,3,3.64,38.1,27.4,5.8,20.7,41.1,28.2,27.74,4.64,80.6,17.9,12,-4.02,-5.17,-5.35,-3.98,0.31,1.52,7.43,-0.41,8.29,5.16,0.33,-4.15,Mango,Clay Loam,0.722,0.282,23.08,9,0.36,2.601.564,27.72
10.307,106.039,6,4,3.64,37.3,27.9,6.5,20.5,42.2,45.2,27.91,4.33,79.72,18.06,12,-4.03,-4.78,-4.88,-4,0.35,2.61,7.9,-0.29,6.54,4.36,0.01,-3.83,Mango,Clay Loam,0.763,0.306,21.81,7,0.363,1.083.985,27.884
10.309,104.676,7,2,3.64,31.1,54.6,5.5,26.9,42.1,46.1,28.02,4.28,79.32,18.24,12,-3.59,-4.73,-4.96,-3.39,-0.31,0.74,4.69,-0.22,9.83,4.01,1.31,-3.42,Mango,Clay Loam,0.783,0.293,20.62,9,0.478,3.251.955,28.007
10.313,106.285,7,6,3.64,38.3,26.1,6.4,20.4,41.3,34.9,27.91,4.33,79.72,18.06,12,-4.03,-4.78,-4.88,-4,0.35,2.61,7.9,-0.29,6.54,4.36,0.01,-3.83,Mango,Clay Loam,0.763,0.292,21.81,7,0.363,1.300.782,27.871
10.313,106.532,7,3,3.64,37,31.4,6.3,21.3,41.7,42.3,27.91,4.33,79.72,18.06,12,-4.03,-4.78,-4.88,-4,0.35,2.61,7.9,-0.29,6.54,4.36,0.01,-3.83,Mango,Clay Loam,0.763,0.3,21.81,7,0.363,1.517.579,27.89
10.321,105.635,7,2,3.64,37,27,5.6,19.5,43.6,32.1,27.74,4.64,80.6,17.9,12,-4.02,-5.17,-5.35,-3.98,0.31,1.52,7.43,-0.41,8.29,5.16,0.33,-4.15,Mango,Clay Loam,0.722,0.29,23.08,9,0.36,3.035.158,27.727
10.322,105.927,6,4,3.64,34.6,35.9,6,24.3,41.1,47.4,27.74,4.64,80.6,17.9,12,-4.02,-5.17,-5.35,-3.98,0.31,1.52,7.43,-0.41,8.29,5.16,0.33,-4.15,Mango,Clay Loam,0.722,0.3,23.08,9,0.36,2167.97,27.714
10.329,105.34,6,2,3.64,40.7,27.9,5.6,22.5,36.8,35.9,27.74,4.64,80.6,17.9,12,-4.02,-5.17,-5.35,-3.98,0.31,1.52,7.43,-0.41,8.29,5.16,0.33,-4.15,Mango,Clay,0.722,0.289,23.08,9,0.36,3.035.158,27.727
10.332,106.134,7,4,3.64,41.6,35.9,6.4,21,37.4,51.5,27.91,4.33,79.72,18.06,12,-4.03,-4.78,-4.88,-4,0.35,2.61,7.9,-0.29,6.54,4.36,0.01,-3.83,Mango,Clay,0.763,0.314,21.81,7,0.363,1.300.782,27.884
10.333,105.348,6,2,3.64,44.4,29,6,18.7,36.9,35,27.74,4.64,80.6,17.9,12,-4.02,-5.17,-5.35,-3.98,0.31,1.52,7.43,-0.41,8.29,5.16,0.33,-4.15,Mango,Clay,0.722,0.296,23.08,9,0.36,2167.97,27.727
10.334,104.746,7,2,3.64,30.6,42.2,5.5,28.8,40.7,41.5,27.91,4.77,79.76,18.24,12,-3.85,-5.17,-5.46,-3.66,-0.22,0.5,5.61,-0.26,10.88,4.65,0.87,-3.94,Mango,Clay Loam,0.761,0.282,22.56,9,0.483,3.251.955,27.897
10.342,104.996,7,2,3.64,35.1,32.2,5.5,33.4,31.5,41,27.91,4.77,79.76,18.24,12,-3.85,-5.17,-5.46,-3.66,-0.22,0.5,5.61,-0.26,10.88,4.65,0.87,-3.94,Mango,Clay Loam,0.761,0.271,22.56,9,0.483,3.251.955,27.897
10.343,105.04,6,2,3.64,34.8,30.9,5.5,24.2,41,37.7,27.91,4.77,79.76,17.9,12,-3.85,-5.17,-5.46,-3.66,-0.22,0.5,5.61,-0.26,10.88,4.65,0.87,-3.94,Mango,Clay Loam,0.761,0.287,22.56,9,0.483,3.251.955,27.897
10.345,104.86,7,2,3.64,31.1,26.1,5.6,26.5,42.4,36.1,27.91,4.77,79.76,18.24,12,-3.85,-5.17,-5.46,-3.66,-0.22,0.5,5.61,-0.26,10.88,4.65,0.87,-3.94,Mango,Clay Loam,0.761,0.28,22.56,9,0.483,3.035.158,27.897
10.347,106.076,7,3,3.64,40.2,38.7,6.4,20.6,39.2,54,27.91,4.33,79.72,18.06,12,-4.03,-4.78,-4.88,-4,0.35,2.61,7.9,-0.29,6.54,4.36,0.01,-3.83,Mango,Clay,0.763,0.318,21.81,7,0.363,1.300.782,27.89
10.349,105.04,6,4,3.64,35.6,33.3,5.4,24.4,40,42.4,27.91,4.77,79.76,17.9,12,-3.85,-5.17,-5.46,-3.66,-0.22,0.5,5.61,-0.26,10.88,4.65,0.87,-3.94,Mango,Clay Loam,0.761,0.293,22.56,9,0.483,3.468.752,27.884
10.352,105.074,7,2,3.64,33.2,27.3,5.9,27.1,39.7,34.7,27.91,4.77,79.76,17.9,12,-3.85,-5.17,-5.46,-3.66,-0.22,0.5,5.61,-0.26,10.88,4.65,0.87,-3.94,Mango,Clay Loam,0.761,0.276,22.56,9,0.483,2.384.767,27.897
10.352,105.418,7,2,3.64,36.1,31.6,5.6,22.7,41.2,37.8,27.74,4.64,80.6,17.9,12,-4.02,-5.17,-5.35,-3.98,0.31,1.52,7.43,-0.41,8.29,5.16,0.33,-4.15,Mango,Clay Loam,0.722,0.291,23.08,9,0.36,3.035.158,27.727
10.355,105.574,7,2,3.64,41.8,33.9,5.8,15.9,42.3,32.6,27.74,4.64,80.6,17.9,12,-4.02,-5.17,-5.35,-3.98,0.31,1.52,7.43,-0.41,8.29,5.16,0.33,-4.15,Mango,Clay,0.722,0.299,23.08,9,0.36,2.601.564,27.727
10.356,105.645,6,3,3.64,36.9,26.3,5.6,17.8,45.3,30.7,27.74,4.64,80.6,17.9,12,-4.02,-5.17,-5.35,-3.98,0.31,1.52,7.43,-0.41,8.29,5.16,0.33,-4.15,Mango,Clay Loam,0.722,0.292,23.08,9,0.36,3.035.158,27.72
10.358,106.321,6,4,3.64,37.6,35.7,6.2,19.6,42.8,40.6,27.91,4.33,79.72,18.06,12,-4.03,-4.78,-4.88,-4,0.35,2.61,7.9,-0.29,6.54,4.36,0.01,-3.83,Mango,Clay Loam,0.763,0.302,21.81,7,0.363,1.734.376,27.884
10.363,105.034,7,2,3.64,33.1,35.3,5.2,25.2,41.7,44,27.91,4.77,79.76,17.9,12,-3.85,-5.17,-5.46,-3.66,-0.22,0.5,5.61,-0.26,10.88,4.65,0.87,-3.94,Mango,Clay Loam,0.761,0.294,22.56,9,0.483,3.902.346,27.897
10.366,104.698,7,3,3.64,29.7,45.2,5.8,27.2,43.2,56.7,27.91,4.77,79.76,18.24,12,-3.85,-5.17,-5.46,-3.66,-0.22,0.5,5.61,-0.26,10.88,4.65,0.87,-3.94,Mango,Clay Loam,0.761,0.307,22.56,9,0.483,2.601.564,27.89
10.37,106.687,6,2,3.64,38.9,33.4,6.4,18.6,42.5,38.8,27.76,4.07,80.84,18.06,12,-3.8,-4.52,-4.6,-4.04,0.25,3.53,7.47,0.45,6.09,2.91,-0.2,-3.56,Mango,Clay Loam,0.714,0.302,20.72,7,0.361,1.300.782,27.747
10.374,106,7,6,3.64,40.4,25.8,6.2,17.9,41.7,31.2,27.91,4.33,79.72,18.06,12,-4.03,-4.78,-4.88,-4,0.35,2.61,7.9,-0.29,6.54,4.36,0.01,-3.83,Mango,Clay,0.763,0.293,21.81,7,0.363,1.734.376,27.871
10.375,105.688,6,5,3.64,37.4,25.8,5.7,17.5,45.1,32.9,27.74,4.64,80.6,17.9,12,-4.02,-5.17,-5.35,-3.98,0.31,1.52,7.43,-0.41,8.29,5.16,0.33,-4.15,Mango,Clay Loam,0.722,0.296,23.08,9,0.36,2.818.361,27.708
10.377,106.671,7,2,3.64,37.4,37.6,6.4,18.4,44.2,38.7,27.76,4.07,80.84,18.06,12,-3.8,-4.52,-4.6,-4.04,0.25,3.53,7.47,0.45,6.09,2.91,-0.2,-3.56,Mango,Clay Loam,0.714,0.302,20.72,7,0.361,1.300.782,27.747
10.381,104.878,6,2,3.64,31.5,35.2,5.8,28.7,39.7,46.6,27.91,4.77,79.76,18.24,12,-3.85,-5.17,-5.46,-3.66,-0.22,0.5,5.61,-0.26,10.88,4.65,0.87,-3.94,Mango,Clay Loam,0.761,0.289,22.56,9,0.483,2.601.564,27.897
10.382,106.319,6,4,3.64,35.5,34.3,6.3,20.6,43.9,38,27.91,4.33,79.72,18.06,12,-4.03,-4.78,-4.88,-4,0.35,2.61,7.9,-0.29,6.54,4.36,0.01,-3.83,Mango,Clay Loam,0.763,0.296,21.81,7,0.363,1.517.579,27.884
10.382,106.335,7,3,3.64,40.3,30.5,6.3,19.3,40.4,31.7,27.91,4.33,79.72,18.06,12,-4.03,-4.78,-4.88,-4,0.35,2.61,7.9,-0.29,6.54,4.36,0.01,-3.83,Mango,Clay,0.763,0.29,21.81,7,0.363,1.517.579,27.89
10.387,105.631,6,1,3.64,39.2,26.2,5.6,15.8,45,35.6,27.74,4.64,80.6,17.9,12,-4.02,-5.17,-5.35,-3.98,0.31,1.52,7.43,-0.41,8.29,5.16,0.33,-4.15,Mango,Clay Loam,0.722,0.304,23.08,9,0.36,3.035.158,27.734
10.394,106.025,7,4,3.64,40.3,27.1,6.3,17.7,42,35,27.91,4.33,79.72,18.06,12,-4.03,-4.78,-4.88,-4,0.35,2.61,7.9,-0.29,6.54,4.36,0.01,-3.83,Mango,Clay,0.763,0.298,21.81,7,0.363,1.517.579,27.884
10.394,106.097,6,6,3.64,39.8,25.9,6.4,19.6,40.7,28.9,27.91,4.33,79.72,18.06,12,-4.03,-4.78,-4.88,-4,0.35,2.61,7.9,-0.29,6.54,4.36,0.01,-3.83,Mango,Clay Loam,0.763,0.285,21.81,7,0.363,1.300.782,27.871
10.397,105.646,6,4,3.64,38.1,27.9,5.6,16.9,45,32.2,27.74,4.64,80.6,17.9,12,-4.02,-5.17,-5.35,-3.98,0.31,1.52,7.43,-0.41,8.29,5.16,0.33,-4.15,Mango,Clay Loam,0.722,0.296,23.08,9,0.36,3.035.158,27.714
10.404,105.921,6,2,3.64,35.4,29.2,6.4,20.3,44.3,42.3,27.74,4.64,80.6,17.9,12,-4.02,-5.17,-5.35,-3.98,0.31,1.52,7.43,-0.41,8.29,5.16,0.33,-4.15,Mango,Clay Loam,0.722,0.303,23.08,9,0.36,1.300.782,27.727
10.405,104.843,7,3,3.64,31.1,34.8,5.6,29.2,39.7,40.9,27.91,4.77,79.76,18.24,12,-3.85,-5.17,-5.46,-3.66,-0.22,0.5,5.61,-0.26,10.88,4.65,0.87,-3.94,Mango,Clay Loam,0.761,0.28,22.56,9,0.483,3.035.158,27.89
10.414,105.448,6,3,3.64,37.5,31.9,5.4,20.1,42.4,40.8,27.74,4.64,80.6,17.9,12,-4.02,-5.17,-5.35,-3.98,0.31,1.52,7.43,-0.41,8.29,5.16,0.33,-4.15,Mango,Clay Loam,0.722,0.301,23.08,9,0.36,3.468.752,27.72
10.418,105.558,6,3,3.64,42.2,26,5.8,17.1,40.8,31,27.74,4.64,80.6,17.9,12,-4.02,-5.17,-5.35,-3.98,0.31,1.52,7.43,-0.41,8.29,5.16,0.33,-4.15,Mango,Clay,0.722,0.294,23.08,9,0.36,2.601.564,27.72
10.42,106.053,6,4,3.64,39.3,26.8,6.3,18.6,42.1,36.7,27.91,4.33,79.72,18.06,12,-4.03,-4.78,-4.88,-4,0.35,2.61,7.9,-0.29,6.54,4.36,0.01,-3.83,Mango,Clay Loam,0.763,0.299,21.81,7,0.363,1.517.579,27.884
10.422,106.262,6,3,3.64,44.2,34.1,6.5,18.2,37.6,32.5,27.91,4.33,79.72,18.06,12,-4.03,-4.78,-4.88,-4,0.35,2.61,7.9,-0.29,6.54,4.36,0.01,-3.83,Mango,Clay,0.763,0.294,21.81,7,0.363,1.083.985,27.89
10.425,105.418,7,4,3.64,42.8,31.5,5.7,18.8,38.3,36.2,27.74,4.64,80.6,17.9,12,-4.02,-5.17,-5.35,-3.98,0.31,1.52,7.43,-0.41,8.29,5.16,0.33,-4.15,Mango,Clay,0.722,0.297,23.08,9,0.36,2.818.361,27.714
10.427,106.152,6,2,3.64,43.1,33.1,6.3,17.7,39.3,75.9,27.91,4.33,79.72,18.06,12,-4.03,-4.78,-4.88,-4,0.35,2.61,7.9,-0.29,6.54,4.36,0.01,-3.83,Mango,Clay,0.763,0.356,21.81,7,0.363,1.517.579,27.897
10.44,106.694,6,3,3.64,39,30.9,6.3,22.7,38.3,36,27.76,4.07,80.84,18.06,12,-3.8,-4.52,-4.6,-4.04,0.25,3.53,7.47,0.45,6.09,2.91,-0.2,-3.56,Mango,Clay Loam,0.714,0.288,20.72,7,0.361,1.517.579,27.74
10.454,104.963,6,97,3.64,31.4,38.5,5.7,39.7,29,45.7,27.91,4.77,79.76,18.24,12,-3.85,-5.17,-5.46,-3.66,-0.22,0.5,5.61,-0.26,10.88,4.65,0.87,-3.94,Mango,Clay Loam,0.761,0.263,22.56,9,0.483,2.818.361,27.28
10.456,105.411,6,3,3.64,38.9,27.3,5.6,19.1,42,31.8,27.74,4.64,80.6,17.9,12,-4.02,-5.17,-5.35,-3.98,0.31,1.52,7.43,-0.41,8.29,5.16,0.33,-4.15,Mango,Clay Loam,0.722,0.291,23.08,9,0.36,3.035.158,27.72
10.459,105.916,7,3,3.64,40,28.4,6.2,19.4,40.5,30.5,27.74,4.64,80.6,17.9,12,-4.02,-5.17,-5.35,-3.98,0.31,1.52,7.43,-0.41,8.29,5.16,0.33,-4.15,Mango,Clay,0.722,0.288,23.08,9,0.36,1.734.376,27.72
10.462,104.63,7,2,3.64,30.1,47.4,5.4,27.6,42.4,48,28.02,4.28,79.32,18.24,12,-3.59,-4.73,-4.96,-3.39,-0.31,0.74,4.69,-0.22,9.83,4.01,1.31,-3.42,Mango,Clay Loam,0.783,0.294,20.62,9,0.478,3.468.752,28.007
10.468,104.95,7,342,3.64,28.9,40.9,5.7,42.9,28.2,50.1,27.91,4.77,79.76,18.24,12,-3.85,-5.17,-5.46,-3.66,-0.22,0.5,5.61,-0.26,10.88,4.65,0.87,-3.94,Mango,Clay Loam,0.761,0.261,22.56,9,0.483,2.818.361,25.687
10.469,105.622,7,7,3.64,32.7,26.5,5.5,23.8,43.5,35,27.74,4.64,80.6,17.9,12,-4.02,-5.17,-5.35,-3.98,0.31,1.52,7.43,-0.41,8.29,5.16,0.33,-4.15,Mango,Clay Loam,0.722,0.284,23.08,9,0.36,3.251.955,27.694
10.471,105.758,7,2,3.64,36,27.3,5.8,18.8,45.2,34.4,27.74,4.64,80.6,17.9,12,-4.02,-5.17,-5.35,-3.98,0.31,1.52,7.43,-0.41,8.29,5.16,0.33,-4.15,Mango,Clay Loam,0.722,0.295,23.08,9,0.36,2.601.564,27.727
10.474,105.261,7,2,3.64,37.4,30.9,5.6,17.3,45.3,32,27.91,4.77,79.76,17.9,12,-3.85,-5.17,-5.46,-3.66,-0.22,0.5,5.61,-0.26,10.88,4.65,0.87,-3.94,Mango,Clay Loam,0.761,0.295,22.56,9,0.483,3.035.158,27.897
10.475,106.499,7,2,3.64,42.5,32.5,6.3,17.9,39.6,42,27.91,4.33,79.72,18.06,12,-4.03,-4.78,-4.88,-4,0.35,2.61,7.9,-0.29,6.54,4.36,0.01,-3.83,Mango,Clay,0.763,0.308,21.81,7,0.363,1.517.579,27.897
10.477,104.947,6,388,3.64,34.7,39.1,5.3,40.4,24.9,47.9,27.91,4.77,79.76,18.24,12,-3.85,-5.17,-5.46,-3.66,-0.22,0.5,5.61,-0.26,10.88,4.65,0.87,-3.94,Mango,Clay Loam,0.761,0.264,22.56,9,0.483,3.685.549,25.388
10.48,106.22,7,2,3.64,41.5,33.1,6.5,18.5,40,34,27.91,4.33,79.72,18.06,12,-4.03,-4.78,-4.88,-4,0.35,2.61,7.9,-0.29,6.54,4.36,0.01,-3.83,Mango,Clay,0.763,0.295,21.81,7,0.363,1.083.985,27.897
10.483,106.187,7,2,3.64,42.8,31.2,6.3,18.9,38.3,39.3,27.91,4.33,79.72,18.06,12,-4.03,-4.78,-4.88,-4,0.35,2.61,7.9,-0.29,6.54,4.36,0.01,-3.83,Mango,Clay,0.763,0.302,21.81,7,0.363,1.517.579,27.897
10.487,105.397,7,2,3.64,41.1,33.2,5.7,19.9,39,37.8,27.74,4.64,80.6,17.9,12,-4.02,-5.17,-5.35,-3.98,0.31,1.52,7.43,-0.41,8.29,5.16,0.33,-4.15,Mango,Clay,0.722,0.297,23.08,9,0.36,2.818.361,27.727
10.489,104.67,6,2,3.64,33.7,44.3,5.5,30.1,36.2,37.9,28.02,4.28,79.32,18.24,12,-3.59,-4.73,-4.96,-3.39,-0.31,0.74,4.69,-0.22,9.83,4.01,1.31,-3.42,Mango,Clay Loam,0.783,0.274,20.62,9,0.478,3.251.955,28.007
10.489,105.175,6,3,3.64,37.8,30.5,6,20.8,41.4,41.2,27.91,4.77,79.76,17.9,12,-3.85,-5.17,-5.46,-3.66,-0.22,0.5,5.61,-0.26,10.88,4.65,0.87,-3.94,Mango,Clay Loam,0.761,0.3,22.56,9,0.483,2167.97,27.89
10.492,106.062,7,2,3.64,38.9,25.6,6.3,20.4,40.8,37.2,27.91,4.33,79.72,18.06,12,-4.03,-4.78,-4.88,-4,0.35,2.61,7.9,-0.29,6.54,4.36,0.01,-3.83,Mango,Clay Loam,0.763,0.295,21.81,7,0.363,1.517.579,27.897
10.496,104.898,7,91,3.64,33.4,38,5.8,38.1,28.5,48.6,27.91,4.77,79.76,18.24,12,-3.85,-5.17,-5.46,-3.66,-0.22,0.5,5.61,-0.26,10.88,4.65,0.87,-3.94,Mango,Clay Loam,0.761,0.27,22.56,9,0.483,2.601.564,27.318
10.498,105.026,6,30,3.64,25.1,29.2,5.8,46.3,28.6,42.7,27.91,4.77,79.76,17.9,12,-3.85,-5.17,-5.46,-3.66,-0.22,0.5,5.61,-0.26,10.88,4.65,0.87,-3.94,Mango,Loam,0.761,0.243,22.56,9,0.483,2.601.564,27.715
10.507,105.282,7,1,3.64,39.1,30.8,5.6,18.5,42.4,34.9,27.91,4.77,79.76,17.9,12,-3.85,-5.17,-5.46,-3.66,-0.22,0.5,5.61,-0.26,10.88,4.65,0.87,-3.94,Mango,Clay Loam,0.761,0.296,22.56,9,0.483,3.035.158,27.904
10.508,104.915,7,3,3.64,37.7,32.8,5.5,32.6,29.7,41.7,27.91,4.77,79.76,18.24,12,-3.85,-5.17,-5.46,-3.66,-0.22,0.5,5.61,-0.26,10.88,4.65,0.87,-3.94,Mango,Clay Loam,0.761,0.273,22.56,9,0.483,3.251.955,27.89
10.523,106.525,6,4,3.64,43.3,24.5,6.2,23.3,33.5,28.3,27.91,4.33,79.72,18.06,12,-4.03,-4.78,-4.88,-4,0.35,2.61,7.9,-0.29,6.54,4.36,0.01,-3.83,Mango,Clay,0.763,0.276,21.81,7,0.363,1.734.376,27.884
10.525,105.509,7,7,3.64,38.5,33.9,5.4,19.2,42.3,40,27.74,4.64,80.6,17.9,12,-4.02,-5.17,-5.35,-3.98,0.31,1.52,7.43,-0.41,8.29,5.16,0.33,-4.15,Mango,Clay Loam,0.722,0.302,23.08,9,0.36,3.468.752,27.694
10.526,104.948,7,3,3.64,33.3,37.5,5.6,35.8,30.9,44.5,27.91,4.77,79.76,18.24,12,-3.85,-5.17,-5.46,-3.66,-0.22,0.5,5.61,-0.26,10.88,4.65,0.87,-3.94,Mango,Clay Loam,0.761,0.27,22.56,9,0.483,3.035.158,27.89
10.527,106.302,7,4,3.64,39.5,26.7,6.3,19.2,41.3,28.4,27.91,4.33,79.72,18.06,12,-4.03,-4.78,-4.88,-4,0.35,2.61,7.9,-0.29,6.54,4.36,0.01,-3.83,Mango,Clay Loam,0.763,0.286,21.81,7,0.363,1.517.579,27.884
10.53,105.087,6,2,3.64,33.9,36,6,26.6,39.5,42.2,27.91,4.77,79.76,17.9,12,-3.85,-5.17,-5.46,-3.66,-0.22,0.5,5.61,-0.26,10.88,4.65,0.87,-3.94,Mango,Clay Loam,0.761,0.288,22.56,9,0.483,2167.97,27.897
10.532,104.638,6,2,3.64,31.4,48.8,5.6,29.3,39.3,47.6,28.02,4.28,79.32,18.24,12,-3.59,-4.73,-4.96,-3.39,-0.31,0.74,4.69,-0.22,9.83,4.01,1.31,-3.42,Mango,Clay Loam,0.783,0.289,20.62,9,0.478,3.035.158,28.007
10.534,106.006,6,2,3.64,42.6,27.7,6.2,18.9,38.5,35.2,27.91,4.33,79.72,18.06,12,-4.03,-4.78,-4.88,-4,0.35,2.61,7.9,-0.29,6.54,4.36,0.01,-3.83,Mango,Clay,0.763,0.296,21.81,7,0.363,1.734.376,27.897
10.536,105.378,6,4,3.64,41.1,28.4,5.5,20.1,38.8,31.4,27.74,4.64,80.6,17.9,12,-4.02,-5.17,-5.35,-3.98,0.31,1.52,7.43,-0.41,8.29,5.16,0.33,-4.15,Mango,Clay,0.722,0.288,23.08,9,0.36,3.251.955,27.714
10.538,105.086,6,2,3.64,35.1,34.3,5.8,25.5,39.3,41.7,27.91,4.77,79.76,17.9,12,-3.85,-5.17,-5.46,-3.66,-0.22,0.5,5.61,-0.26,10.88,4.65,0.87,-3.94,Mango,Clay Loam,0.761,0.29,22.56,9,0.483,2.601.564,27.897
10.544,105.24,7,2,3.64,36.2,30.9,5.7,20.3,43.5,36.1,27.91,4.77,79.76,17.9,12,-3.85,-5.17,-5.46,-3.66,-0.22,0.5,5.61,-0.26,10.88,4.65,0.87,-3.94,Mango,Clay Loam,0.761,0.294,22.56,9,0.483,2.818.361,27.897
10.55,105.584,7,2,3.64,35.1,25.3,5.5,20.2,44.7,35.8,27.74,4.64,80.6,17.9,12,-4.02,-5.17,-5.35,-3.98,0.31,1.52,7.43,-0.41,8.29,5.16,0.33,-4.15,Mango,Clay Loam,0.722,0.294,23.08,9,0.36,3.251.955,27.727
10.559,106.147,7,2,3.64,40.3,33.5,6.3,18,41.7,36.5,27.91,4.33,79.72,18.06,12,-4.03,-4.78,-4.88,-4,0.35,2.61,7.9,-0.29,6.54,4.36,0.01,-3.83,Mango,Clay,0.763,0.3,21.81,7,0.363,1.517.579,27.897
10.561,106.267,6,2,3.64,39.2,32.3,6.3,20.2,40.6,41.5,27.91,4.33,79.72,18.06,12,-4.03,-4.78,-4.88,-4,0.35,2.61,7.9,-0.29,6.54,4.36,0.01,-3.83,Mango,Clay Loam,0.763,0.302,21.81,7,0.363,1.517.579,27.897
10.562,105.923,6,2,3.64,40.2,31.9,6.1,18.8,40.9,40.3,27.74,4.64,80.6,17.9,12,-4.02,-5.17,-5.35,-3.98,0.31,1.52,7.43,-0.41,8.29,5.16,0.33,-4.15,Mango,Clay,0.722,0.303,23.08,9,0.36,1.951.173,27.727
10.563,104.905,7,3,3.64,30.8,42.2,5.3,27.9,41.3,33.3,27.91,4.77,79.76,18.24,12,-3.85,-5.17,-5.46,-3.66,-0.22,0.5,5.61,-0.26,10.88,4.65,0.87,-3.94,Mango,Clay Loam,0.761,0.272,22.56,9,0.483,3.685.549,27.89
10.567,106.038,6,2,3.64,36.5,36.2,6.2,19.2,44.4,41,27.91,4.33,79.72,18.06,12,-4.03,-4.78,-4.88,-4,0.35,2.61,7.9,-0.29,6.54,4.36,0.01,-3.83,Mango,Clay Loam,0.763,0.303,21.81,7,0.363,1.734.376,27.897
10.573,105.498,7,2,3.64,34.5,26.6,5.9,24.4,41.1,33.7,27.74,4.64,80.6,17.9,12,-4.02,-5.17,-5.35,-3.98,0.31,1.52,7.43,-0.41,8.29,5.16,0.33,-4.15,Mango,Clay Loam,0.722,0.281,23.08,9,0.36,2.384.767,27.727
10.576,105.081,7,2,3.64,35,28.9,5.5,22.3,42.7,32.2,27.91,4.77,79.76,17.9,12,-3.85,-5.17,-5.46,-3.66,-0.22,0.5,5.61,-0.26,10.88,4.65,0.87,-3.94,Mango,Clay Loam,0.761,0.284,22.56,9,0.483,3.251.955,27.897
10.578,106.146,7,3,3.64,39.4,32.3,5.8,18.3,42.3,26.7,27.91,4.33,79.72,18.06,12,-4.03,-4.78,-4.88,-4,0.35,2.61,7.9,-0.29,6.54,4.36,0.01,-3.83,Mango,Clay Loam,0.763,0.285,21.81,7,0.363,2.601.564,27.89
10.591,105.165,6,2,3.64,37.6,29.2,6.1,20.1,42.2,42.5,27.91,4.77,79.76,17.9,12,-3.85,-5.17,-5.46,-3.66,-0.22,0.5,5.61,-0.26,10.88,4.65,0.87,-3.94,Mango,Clay Loam,0.761,0.303,22.56,9,0.483,1.951.173,27.897
10.596,106.472,6,3,3.64,37.8,32.3,6.1,25,37.2,28.1,27.91,4.33,79.72,18.06,12,-4.03,-4.78,-4.88,-4,0.35,2.61,7.9,-0.29,6.54,4.36,0.01,-3.83,Mango,Clay Loam,0.763,0.272,21.81,7,0.363,1.951.173,27.89
10.599,104.727,7,3,3.64,31.5,45.4,5.3,27.9,40.6,43,27.91,4.77,79.76,18.24,12,-3.85,-5.17,-5.46,-3.66,-0.22,0.5,5.61,-0.26,10.88,4.65,0.87,-3.94,Mango,Clay Loam,0.761,0.286,22.56,9,0.483,3.685.549,27.89
10.599,106.451,7,2,3.64,40.3,30.4,5.9,22.9,36.8,26.6,27.91,4.33,79.72,18.06,12,-4.03,-4.78,-4.88,-4,0.35,2.61,7.9,-0.29,6.54,4.36,0.01,-3.83,Mango,Clay,0.763,0.275,21.81,7,0.363,2.384.767,27.897
10.601,105.465,6,4,3.64,35.2,30.6,5.7,21.6,43.2,35.7,27.74,4.64,80.6,17.9,12,-4.02,-5.17,-5.35,-3.98,0.31,1.52,7.43,-0.41,8.29,5.16,0.33,-4.15,Mango,Clay Loam,0.722,0.29,23.08,9,0.36,2.818.361,27.714
10.611,104.877,7,5,3.64,32.3,33,5.6,38.1,29.6,35.2,27.91,4.77,79.76,18.24,12,-3.85,-5.17,-5.46,-3.66,-0.22,0.5,5.61,-0.26,10.88,4.65,0.87,-3.94,Mango,Clay Loam,0.761,0.252,22.56,9,0.483,3.035.158,27.878
10.614,105.464,6,2,3.64,35.9,25.5,5.6,22.3,41.8,36.3,27.74,4.64,80.6,17.9,12,-4.02,-5.17,-5.35,-3.98,0.31,1.52,7.43,-0.41,8.29,5.16,0.33,-4.15,Mango,Clay Loam,0.722,0.29,23.08,9,0.36,3.035.158,27.727
10.615,105.304,7,3,3.64,39.2,34.6,5.9,20.2,40.6,38.8,27.91,4.77,79.76,17.9,12,-3.85,-5.17,-5.46,-3.66,-0.22,0.5,5.61,-0.26,10.88,4.65,0.87,-3.94,Mango,Clay Loam,0.761,0.298,22.56,9,0.483,2.384.767,27.89
10.617,104.983,7,72,3.64,27.5,31.4,6,44.4,28,40.6,27.91,4.77,79.76,18.24,12,-3.85,-5.17,-5.46,-3.66,-0.22,0.5,5.61,-0.26,10.88,4.65,0.87,-3.94,Mango,Clay Loam,0.761,0.245,22.56,9,0.483,2167.97,27.442
10.621,105.266,6,2,3.64,39.3,32.3,5.6,20.2,40.5,34.7,27.91,4.77,79.76,17.9,12,-3.85,-5.17,-5.46,-3.66,-0.22,0.5,5.61,-0.26,10.88,4.65,0.87,-3.94,Mango,Clay Loam,0.761,0.292,22.56,9,0.483,3.035.158,27.897
10.623,105.951,6,2,3.64,38,33.4,5.6,17.8,44.1,34.6,27.91,4.33,79.72,17.9,12,-4.03,-4.78,-4.88,-4,0.35,2.61,7.9,-0.29,6.54,4.36,0.01,-3.83,Mango,Clay Loam,0.763,0.298,21.81,7,0.363,3.035.158,27.897
10.624,105.262,7,2,3.64,38,28.4,5.8,21.1,40.9,33.9,27.91,4.77,79.76,17.9,12,-3.85,-5.17,-5.46,-3.66,-0.22,0.5,5.61,-0.26,10.88,4.65,0.87,-3.94,Mango,Clay Loam,0.761,0.289,22.56,9,0.483,2.601.564,27.897
10.627,105.18,7,3,3.64,37.6,34.5,5.7,21.6,40.8,39.8,27.91,4.77,79.76,17.9,12,-3.85,-5.17,-5.46,-3.66,-0.22,0.5,5.61,-0.26,10.88,4.65,0.87,-3.94,Mango,Clay Loam,0.761,0.296,22.56,9,0.483,2.818.361,27.89
10.629,106.597,7,2,3.64,43.1,33,6.1,24.8,32.1,30.8,27.76,4.07,80.84,18.06,12,-3.8,-4.52,-4.6,-4.04,0.25,3.53,7.47,0.45,6.09,2.91,-0.2,-3.56,Mango,Clay,0.714,0.276,20.72,7,0.361,1.951.173,27.747
10.633,105.855,6,2,3.64,40.2,28.8,5.9,18.7,41.1,37,27.74,4.64,80.6,17.9,12,-4.02,-5.17,-5.35,-3.98,0.31,1.52,7.43,-0.41,8.29,5.16,0.33,-4.15,Mango,Clay,0.722,0.299,23.08,9,0.36,2.384.767,27.727
10.635,105.58,7,2,3.64,36.1,29.8,5.6,19.1,44.8,37.7,27.74,4.64,80.6,17.9,12,-4.02,-5.17,-5.35,-3.98,0.31,1.52,7.43,-0.41,8.29,5.16,0.33,-4.15,Mango,Clay Loam,0.722,0.299,23.08,9,0.36,3.035.158,27.727
10.636,105.071,7,2,3.64,34.7,28.9,5.5,20.9,44.4,34.6,27.91,4.77,79.76,17.9,12,-3.85,-5.17,-5.46,-3.66,-0.22,0.5,5.61,-0.26,10.88,4.65,0.87,-3.94,Mango,Clay Loam,0.761,0.29,22.56,9,0.483,3.251.955,27.897
10.638,106.186,6,3,3.64,38.3,33.4,6.2,18.2,43.6,44.4,27.91,4.33,79.72,18.06,12,-4.03,-4.78,-4.88,-4,0.35,2.61,7.9,-0.29,6.54,4.36,0.01,-3.83,Mango,Clay Loam,0.763,0.31,21.81,7,0.363,1.734.376,27.89
10.643,106.096,6,2,3.64,39.4,38.8,6.2,17.4,43.2,39.7,27.91,4.33,79.72,18.06,12,-4.03,-4.78,-4.88,-4,0.35,2.61,7.9,-0.29,6.54,4.36,0.01,-3.83,Mango,Clay Loam,0.763,0.306,21.81,7,0.363,1.734.376,27.897
10.646,105.436,6,2,3.64,37.2,26.5,5.5,22.7,40.1,32.9,27.74,4.64,80.6,17.9,12,-4.02,-5.17,-5.35,-3.98,0.31,1.52,7.43,-0.41,8.29,5.16,0.33,-4.15,Mango,Clay Loam,0.722,0.284,23.08,9,0.36,3.251.955,27.727
10.646,105.567,7,2,3.64,39.9,34.1,5.6,18.2,42,40.2,27.74,4.64,80.6,17.9,12,-4.02,-5.17,-5.35,-3.98,0.31,1.52,7.43,-0.41,8.29,5.16,0.33,-4.15,Mango,Clay Loam,0.722,0.304,23.08,9,0.36,3.035.158,27.727
10.648,105.969,6,2,3.64,37.8,32.6,6,18.7,43.5,32.9,27.91,4.33,79.72,17.9,12,-4.03,-4.78,-4.88,-4,0.35,2.61,7.9,-0.29,6.54,4.36,0.01,-3.83,Mango,Clay Loam,0.763,0.293,21.81,7,0.363,2167.97,27.897
10.657,106.324,7,2,3.64,42.4,30.3,5.7,15.2,42.4,21.8,27.91,4.33,79.72,18.06,12,-4.03,-4.78,-4.88,-4,0.35,2.61,7.9,-0.29,6.54,4.36,0.01,-3.83,Mango,Clay,0.763,0.286,21.81,7,0.363,2.818.361,27.897
10.662,105.202,6,4,3.64,37.4,26.5,5.8,21.4,41.2,40,27.91,4.77,79.76,17.9,12,-3.85,-5.17,-5.46,-3.66,-0.22,0.5,5.61,-0.26,10.88,4.65,0.87,-3.94,Mango,Clay Loam,0.761,0.297,22.56,9,0.483,2.601.564,27.884
10.665,106.393,7,3,3.64,40.4,32.2,5.8,20.8,38.8,28,27.91,4.33,79.72,18.06,12,-4.03,-4.78,-4.88,-4,0.35,2.61,7.9,-0.29,6.54,4.36,0.01,-3.83,Mango,Clay,0.763,0.281,21.81,7,0.363,2.601.564,27.89
10.668,106.493,7,4,3.64,41.3,28.7,5.9,23.4,35.3,24.5,27.91,4.33,79.72,18.06,12,-4.03,-4.78,-4.88,-4,0.35,2.61,7.9,-0.29,6.54,4.36,0.01,-3.83,Mango,Clay,0.763,0.27,21.81,7,0.363,2.384.767,27.884
10.672,106.474,7,3,3.64,39,31.5,5.9,23.9,37,26.7,27.91,4.33,79.72,18.06,12,-4.03,-4.78,-4.88,-4,0.35,2.61,7.9,-0.29,6.54,4.36,0.01,-3.83,Mango,Clay Loam,0.763,0.272,21.81,7,0.363,2.384.767,27.89
10.68,104.945,6,3,3.64,27,34.2,5.5,33.4,39.6,29.1,27.91,4.77,79.76,18.24,12,-3.85,-5.17,-5.46,-3.66,-0.22,0.5,5.61,-0.26,10.88,4.65,0.87,-3.94,Mango,Clay Loam,0.761,0.254,22.56,9,0.483,3.251.955,27.89
10.68,105.374,6,4,3.64,33.3,24.1,5.5,23.4,43.3,32.7,27.74,4.64,80.6,17.9,12,-4.02,-5.17,-5.35,-3.98,0.31,1.52,7.43,-0.41,8.29,5.16,0.33,-4.15,Mango,Clay Loam,0.722,0.282,23.08,9,0.36,3.251.955,27.714
10.689,106.131,6,2,3.64,41.4,33.4,5.9,16.2,42.4,36.3,27.91,4.33,79.72,18.06,12,-4.03,-4.78,-4.88,-4,0.35,2.61,7.9,-0.29,6.54,4.36,0.01,-3.83,Mango,Clay,0.763,0.304,21.81,7,0.363,2.384.767,27.897
10.697,106.171,6,2,3.64,37,34.6,6.1,17.2,45.8,56.6,27.91,4.33,79.72,18.06,12,-4.03,-4.78,-4.88,-4,0.35,2.61,7.9,-0.29,6.54,4.36,0.01,-3.83,Mango,Clay Loam,0.763,0.33,21.81,7,0.363,1.951.173,27.897
10.708,106.54,6,3,3.64,40.2,29.4,5.9,23,36.8,24.4,27.91,4.33,79.72,18.06,12,-4.03,-4.78,-4.88,-4,0.35,2.61,7.9,-0.29,6.54,4.36,0.01,-3.83,Mango,Clay,0.763,0.271,21.81,7,0.363,2.384.767,27.89
10.712,104.647,7,19,3.64,30.8,31.1,5.6,40,29.2,36.4,28.02,4.28,79.32,18.24,12,-3.59,-4.73,-4.96,-3.39,-0.31,0.74,4.69,-0.22,9.83,4.01,1.31,-3.42,Mango,Clay Loam,0.783,0.249,20.62,9,0.478,3.035.158,27.896
10.712,106.471,7,3,3.64,40.9,30.2,5.9,22.3,36.8,29,27.91,4.33,79.72,18.06,12,-4.03,-4.78,-4.88,-4,0.35,2.61,7.9,-0.29,6.54,4.36,0.01,-3.83,Mango,Clay,0.763,0.279,21.81,7,0.363,2.384.767,27.89
10.713,106.323,6,2,3.64,42.2,28.9,5.8,20.2,37.6,25.5,27.91,4.33,79.72,18.06,12,-4.03,-4.78,-4.88,-4,0.35,2.61,7.9,-0.29,6.54,4.36,0.01,-3.83,Mango,Clay,0.763,0.279,21.81,7,0.363,2.601.564,27.897
10.715,105.61,6,3,3.64,34.6,25.9,5.5,21.4,44,38.5,27.74,4.64,80.6,17.9,12,-4.02,-5.17,-5.35,-3.98,0.31,1.52,7.43,-0.41,8.29,5.16,0.33,-4.15,Mango,Clay Loam,0.722,0.295,23.08,9,0.36,3.251.955,27.72
10.715,105.798,6,2,3.64,41.7,31.5,5.4,19.8,38.6,35.9,27.74,4.64,80.6,17.9,12,-4.02,-5.17,-5.35,-3.98,0.31,1.52,7.43,-0.41,8.29,5.16,0.33,-4.15,Mango,Clay,0.722,0.295,23.08,9,0.36,3.468.752,27.727
10.718,106.031,6,1,3.64,41.5,32.5,5.9,19.4,39.2,30.4,27.91,4.33,79.72,18.06,12,-4.03,-4.78,-4.88,-4,0.35,2.61,7.9,-0.29,6.54,4.36,0.01,-3.83,Mango,Clay,0.763,0.288,21.81,7,0.363,2.384.767,27.904
10.722,106.373,7,2,3.64,36.2,31.4,5.8,23.1,40.7,27.4,27.91,4.33,79.72,18.06,12,-4.03,-4.78,-4.88,-4,0.35,2.61,7.9,-0.29,6.54,4.36,0.01,-3.83,Mango,Clay Loam,0.763,0.275,21.81,7,0.363,2.601.564,27.897
10.732,106.03,6,4,3.64,41.9,33.8,5.6,17,41.1,29.4,27.91,4.33,79.72,18.06,12,-4.03,-4.78,-4.88,-4,0.35,2.61,7.9,-0.29,6.54,4.36,0.01,-3.83,Mango,Clay,0.763,0.292,21.81,7,0.363,3.035.158,27.884
10.732,106.224,6,3,3.64,39.2,32.6,6.1,15.9,44.9,44.3,27.91,4.33,79.72,18.06,12,-4.03,-4.78,-4.88,-4,0.35,2.61,7.9,-0.29,6.54,4.36,0.01,-3.83,Mango,Clay Loam,0.763,0.315,21.81,7,0.363,1.951.173,27.89
10.752,104.779,7,5,3.64,29.7,34.1,5.5,33.9,36.4,31.3,28.16,3.9,76.87,18.24,12,-3.21,-4.25,-4.47,-3.37,-0.26,0.68,3.27,0.33,8.7,4.94,0.85,-3.21,Mango,Clay Loam,0.882,0.256,18.77,9,0.464,3.251.955,28.128
10.759,106.264,6,2,3.64,39.7,31.1,5.6,17.5,42.8,38.8,28.08,3.71,77.7,18.06,12,-3.56,-4.08,-4.13,-3.62,0.1,2.86,5.77,0.03,5.64,4.65,-0.35,-3.28,Mango,Clay Loam,0.847,0.304,19.02,7,0.303,3.035.158,28.067
10.764,105.681,6,3,3.64,37.4,24.1,5.5,19.2,43.4,33.3,28.1,3.74,77.56,17.9,12,-3.37,-4.2,-4.32,-3.49,0.06,1.63,4.58,-0.12,6.51,5.58,0.4,-3.31,Mango,Clay Loam,0.853,0.292,18.81,9,0.347,3.251.955,28.08
10.766,106.506,6,5,3.64,44.7,30.5,5.9,18.9,36.4,39.4,28.08,3.71,77.7,18.06,12,-3.56,-4.08,-4.13,-3.62,0.1,2.86,5.77,0.03,5.64,4.65,-0.35,-3.28,Mango,Clay,0.847,0.302,19.02,7,0.303,2.384.767,28.048
10.772,105.607,7,3,3.64,38.3,26,5.5,21.1,40.6,38,28.1,3.74,77.56,17.9,12,-3.37,-4.2,-4.32,-3.49,0.06,1.63,4.58,-0.12,6.51,5.58,0.4,-3.31,Mango,Clay Loam,0.853,0.295,18.81,9,0.347,3.251.955,28.08
10.774,104.936,6,3,3.64,31.2,34.6,5.3,30.2,38.6,40.1,28.16,3.9,76.87,18.24,12,-3.21,-4.25,-4.47,-3.37,-0.26,0.68,3.27,0.33,8.7,4.94,0.85,-3.21,Mango,Clay Loam,0.882,0.277,18.77,9,0.464,3.685.549,28.14
10.779,105.683,6,2,3.64,40,24.3,5.5,20.4,39.7,31.6,28.1,3.74,77.56,17.9,12,-3.37,-4.2,-4.32,-3.49,0.06,1.63,4.58,-0.12,6.51,5.58,0.4,-3.31,Mango,Clay,0.853,0.287,18.81,9,0.347,3.251.955,28.087
10.786,104.752,7,7,3.64,28.9,32.9,5.5,31.4,39.7,27.2,28.16,3.9,76.87,18.24,12,-3.21,-4.25,-4.47,-3.37,-0.26,0.68,3.27,0.33,8.7,4.94,0.85,-3.21,Mango,Clay Loam,0.882,0.256,18.77,9,0.464,3.251.955,28.114
10.797,106.53,7,3,3.64,39.2,33.7,6,21.6,39.1,52.1,28.08,3.71,77.7,18.06,12,-3.56,-4.08,-4.13,-3.62,0.1,2.86,5.77,0.03,5.64,4.65,-0.35,-3.28,Mango,Clay Loam,0.847,0.313,19.02,7,0.303,2167.97,28.06
10.806,106.238,6,2,3.64,45.3,29.2,5.9,18.3,36.5,24.5,28.08,3.71,77.7,18.06,12,-3.56,-4.08,-4.13,-3.62,0.1,2.86,5.77,0.03,5.64,4.65,-0.35,-3.28,Mango,Clay,0.847,0.282,19.02,7,0.303,2.384.767,28.067
10.808,105.751,6,3,3.64,38.7,30.6,5.5,19.2,42.1,35.6,28.1,3.74,77.56,17.9,12,-3.37,-4.2,-4.32,-3.49,0.06,1.63,4.58,-0.12,6.51,5.58,0.4,-3.31,Mango,Clay Loam,0.853,0.296,18.81,9,0.347,3.251.955,28.08
10.813,104.914,7,5,3.64,32,39.5,5.2,30.4,37.6,27.8,28.16,3.9,76.87,18.24,12,-3.21,-4.25,-4.47,-3.37,-0.26,0.68,3.27,0.33,8.7,4.94,0.85,-3.21,Mango,Clay Loam,0.882,0.259,18.77,9,0.464,3.902.346,28.128
10.822,106.366,6,2,3.64,41.9,24.7,6.1,20,38.1,32.5,28.08,3.71,77.7,18.06,12,-3.56,-4.08,-4.13,-3.62,0.1,2.86,5.77,0.03,5.64,4.65,-0.35,-3.28,Mango,Clay,0.847,0.29,19.02,7,0.303,1.951.173,28.067
10.824,104.898,6,5,3.64,30.7,40.7,5,28.8,40.5,29.4,28.16,3.9,76.87,18.24,12,-3.21,-4.25,-4.47,-3.37,-0.26,0.68,3.27,0.33,8.7,4.94,0.85,-3.21,Mango,Clay Loam,0.882,0.265,18.77,9,0.464,4335.94,28.128
10.826,105.29,6,3,3.64,33.4,30.7,5.7,22.9,43.7,33.8,28.16,3.9,76.87,17.9,12,-3.21,-4.25,-4.47,-3.37,-0.26,0.68,3.27,0.33,8.7,4.94,0.85,-3.21,Mango,Clay Loam,0.882,0.285,18.77,9,0.464,2.818.361,28.14
10.826,105.463,7,3,3.64,35.5,26.5,5.6,18.3,46.1,37.8,28.1,3.74,77.56,17.9,12,-3.37,-4.2,-4.32,-3.49,0.06,1.63,4.58,-0.12,6.51,5.58,0.4,-3.31,Mango,Clay Loam,0.853,0.301,18.81,9,0.347,3.035.158,28.08
10.828,105.243,7,3,3.64,33.8,23.7,5.6,24.1,42,33,28.16,3.9,76.87,17.9,12,-3.21,-4.25,-4.47,-3.37,-0.26,0.68,3.27,0.33,8.7,4.94,0.85,-3.21,Mango,Clay Loam,0.882,0.281,18.77,9,0.464,3.035.158,28.14
10.829,105.885,7,2,3.64,32.8,22.6,5.4,24.9,42.3,28,28.1,3.74,77.56,17.9,12,-3.37,-4.2,-4.32,-3.49,0.06,1.63,4.58,-0.12,6.51,5.58,0.4,-3.31,Mango,Clay Loam,0.853,0.272,18.81,9,0.347,3.468.752,28.087
10.831,105.445,7,2,3.64,37,33.8,5.5,19,44,40.3,28.1,3.74,77.56,17.9,12,-3.37,-4.2,-4.32,-3.49,0.06,1.63,4.58,-0.12,6.51,5.58,0.4,-3.31,Mango,Clay Loam,0.853,0.303,18.81,9,0.347,3.251.955,28.087
10.835,106.165,6,4,3.64,39,30.5,5.5,19.7,41.3,30.8,28.08,3.71,77.7,18.06,12,-3.56,-4.08,-4.13,-3.62,0.1,2.86,5.77,0.03,5.64,4.65,-0.35,-3.28,Mango,Clay Loam,0.847,0.288,19.02,7,0.303,3.251.955,28.054
10.839,104.781,6,7,3.64,31.8,36.7,5.4,30.3,37.9,45.3,28.16,3.9,76.87,18.24,12,-3.21,-4.25,-4.47,-3.37,-0.26,0.68,3.27,0.33,8.7,4.94,0.85,-3.21,Mango,Clay Loam,0.882,0.284,18.77,9,0.464,3.468.752,28.114
10.849,104.695,7,7,3.64,27,27.9,5.5,40.9,32.1,26.1,28.16,3.9,76.87,18.24,12,-3.21,-4.25,-4.47,-3.37,-0.26,0.68,3.27,0.33,8.7,4.94,0.85,-3.21,Mango,Clay Loam,0.882,0.232,18.77,9,0.464,3.251.955,28.114
10.85,105.944,6,3,3.64,35.4,29.7,5.2,26.8,37.7,27.7,28.08,3.71,77.7,17.9,12,-3.56,-4.08,-4.13,-3.62,0.1,2.86,5.77,0.03,5.64,4.65,-0.35,-3.28,Mango,Clay Loam,0.847,0.267,19.02,7,0.303,3.902.346,28.06
10.853,105.059,6,5,3.64,36.8,26,5.5,29,34.2,31.3,28.16,3.9,76.87,17.9,12,-3.21,-4.25,-4.47,-3.37,-0.26,0.68,3.27,0.33,8.7,4.94,0.85,-3.21,Mango,Clay Loam,0.882,0.267,18.77,9,0.464,3.251.955,28.128
10.855,104.996,6,4,3.64,34.9,35.2,5.6,25,40.1,36.9,28.16,3.9,76.87,18.24,12,-3.21,-4.25,-4.47,-3.37,-0.26,0.68,3.27,0.33,8.7,4.94,0.85,-3.21,Mango,Clay Loam,0.882,0.284,18.77,9,0.464,3.035.158,28.134
10.859,106.457,6,3,3.64,36.9,28.2,5.8,22.5,40.5,30.6,28.08,3.71,77.7,18.06,12,-3.56,-4.08,-4.13,-3.62,0.1,2.86,5.77,0.03,5.64,4.65,-0.35,-3.28,Mango,Clay Loam,0.847,0.281,19.02,7,0.303,2.601.564,28.06
10.864,104.884,7,5,3.64,32.8,32.5,5.1,31.6,35.6,23,28.16,3.9,76.87,18.24,12,-3.21,-4.25,-4.47,-3.37,-0.26,0.68,3.27,0.33,8.7,4.94,0.85,-3.21,Mango,Clay Loam,0.882,0.25,18.77,9,0.464,4.119.143,28.128
10.867,105.398,7,3,3.64,36.3,32,5.6,21.4,42.2,39.9,28.1,3.74,77.56,17.9,12,-3.37,-4.2,-4.32,-3.49,0.06,1.63,4.58,-0.12,6.51,5.58,0.4,-3.31,Mango,Clay Loam,0.853,0.297,18.81,9,0.347,3.035.158,28.08
10.869,105.356,6,2,3.64,34.8,31.2,5.6,22.8,42.4,27.1,28.1,3.74,77.56,17.9,12,-3.37,-4.2,-4.32,-3.49,0.06,1.63,4.58,-0.12,6.51,5.58,0.4,-3.31,Mango,Clay Loam,0.853,0.275,18.81,9,0.347,3.035.158,28.087
10.87,106.377,6,2,3.64,44.7,29.8,6,17.2,38.1,31.2,28.08,3.71,77.7,18.06,12,-3.56,-4.08,-4.13,-3.62,0.1,2.86,5.77,0.03,5.64,4.65,-0.35,-3.28,Mango,Clay,0.847,0.294,19.02,7,0.303,2167.97,28.067
10.871,105.135,7,3,3.64,33.7,25.3,5.5,22.2,44.2,35.3,28.16,3.9,76.87,17.9,12,-3.21,-4.25,-4.47,-3.37,-0.26,0.68,3.27,0.33,8.7,4.94,0.85,-3.21,Mango,Clay Loam,0.882,0.288,18.77,9,0.464,3.251.955,28.14
10.872,105.559,7,5,3.64,36.1,29.1,6,22.2,41.8,42.7,28.1,3.74,77.56,17.9,12,-3.37,-4.2,-4.32,-3.49,0.06,1.63,4.58,-0.12,6.51,5.58,0.4,-3.31,Mango,Clay Loam,0.853,0.299,18.81,9,0.347,2167.97,28.068
10.876,104.986,7,2,3.64,34.2,36.8,5.3,25,40.8,39.1,28.16,3.9,76.87,18.24,12,-3.21,-4.25,-4.47,-3.37,-0.26,0.68,3.27,0.33,8.7,4.94,0.85,-3.21,Mango,Clay Loam,0.882,0.287,18.77,9,0.464,3.685.549,28.147
10.882,105.57,6,4,3.64,37,24.3,5.6,23.8,39.2,39.7,28.1,3.74,77.56,17.9,12,-3.37,-4.2,-4.32,-3.49,0.06,1.63,4.58,-0.12,6.51,5.58,0.4,-3.31,Mango,Clay Loam,0.853,0.291,18.81,9,0.347,3.035.158,28.074
10.884,105.924,6,3,3.64,31.4,28,5.4,31.7,36.8,30.3,28.1,3.74,77.56,17.9,12,-3.37,-4.2,-4.32,-3.49,0.06,1.63,4.58,-0.12,6.51,5.58,0.4,-3.31,Mango,Clay Loam,0.853,0.26,18.81,9,0.347,3.468.752,28.08
10.898,106.67,6,2,3.64,37.7,30.1,6.1,23.6,38.7,34.8,27.72,3.77,78.82,18.06,12,-3.58,-4.08,-4.11,-3.8,0.17,4.25,6.49,0.93,5.24,3.01,-1.31,-3.17,Mango,Clay Loam,0.788,0.284,20.05,7,0.323,1.951.173,27.707
10.899,106.26,7,3,3.64,35.4,31.1,5.7,22.9,41.7,25.2,28.08,3.71,77.7,18.06,12,-3.56,-4.08,-4.13,-3.62,0.1,2.86,5.77,0.03,5.64,4.65,-0.35,-3.28,Mango,Clay Loam,0.847,0.273,19.02,7,0.303,2.818.361,28.06
11.5,107.715,6,1021,3.64,32.6,49,5.2,37.3,30.2,52.1,25.44,4.33,82.47,17.7,12,-3.98,-4.45,-4.47,-4.24,0.37,4.29,8.47,1.81,5.78,2.43,-2.37,-3.66,Pepper,Clay Loam,0.57,0.277,23.17,7,0.366,3.902.346,18.804
11.506,108.043,6,947,3.64,36,37.9,5.1,30.5,33.5,38.8,23.2,3.85,84.54,18.81,12,-3.06,-4.21,-4.3,-4.18,1.21,3.58,6.86,1.88,6.08,0.96,-1.99,-2.85,Pepper,Clay Loam,0.44,0.274,20.59,7,0.333,4.119.143,17.044
11.515,107.998,6,1008,3.64,35.9,39.8,5.4,30.6,33.5,40.5,23.2,3.85,84.54,17.7,12,-3.06,-4.21,-4.3,-4.18,1.21,3.58,6.86,1.88,6.08,0.96,-1.99,-2.85,Pepper,Clay Loam,0.44,0.276,20.59,7,0.333,3.468.752,16.648
11.521,107.682,6,991,3.64,33.8,47.5,5.1,34.3,31.9,52.8,25.44,4.33,82.47,17.7,12,-3.98,-4.45,-4.47,-4.24,0.37,4.29,8.47,1.81,5.78,2.43,-2.37,-3.66,Pepper,Clay Loam,0.57,0.285,23.17,7,0.366,4.119.143,18.998
11.533,108.432,6,938,3.64,34.8,30.9,5.8,35.4,29.8,32.7,23.2,3.85,84.54,18.81,12,-3.06,-4.21,-4.3,-4.18,1.21,3.58,6.86,1.88,6.08,0.96,-1.99,-2.85,Pepper,Clay Loam,0.44,0.254,20.59,7,0.333,2.601.564,17.103
11.535,108.19,6,1002,3.64,33.6,37.4,5.4,31.7,34.6,45.6,23.2,3.85,84.54,18.81,12,-3.06,-4.21,-4.3,-4.18,1.21,3.58,6.86,1.88,6.08,0.96,-1.99,-2.85,Pepper,Clay Loam,0.44,0.281,20.59,7,0.333,3.468.752,16.687
11.542,107.595,6,256,3.64,37.1,32.9,5.1,31,31.9,37,25.44,4.33,82.47,17.7,12,-3.98,-4.45,-4.47,-4.24,0.37,4.29,8.47,1.81,5.78,2.43,-2.37,-3.66,Pepper,Clay Loam,0.57,0.27,23.17,7,0.366,4.119.143,23.776
11.558,107.966,6,827,3.64,32.1,31.9,5.2,32.8,35.2,36.3,23.2,3.85,84.54,17.7,12,-3.06,-4.21,-4.3,-4.18,1.21,3.58,6.86,1.88,6.08,0.96,-1.99,-2.85,Pepper,Clay Loam,0.44,0.265,20.59,7,0.333,3.902.346,17.824
11.559,107.7,6,996,3.64,32.1,47.1,5.1,36.7,31.2,53.4,25.44,4.33,82.47,17.7,12,-3.98,-4.45,-4.47,-4.24,0.37,4.29,8.47,1.81,5.78,2.43,-2.37,-3.66,Pepper,Clay Loam,0.57,0.28,23.17,7,0.366,4.119.143,18.966
11.579,108.426,6,979,3.64,30.9,28.9,5.6,36.9,32.2,29.5,23.2,3.85,84.54,18.81,12,-3.06,-4.21,-4.3,-4.18,1.21,3.58,6.86,1.88,6.08,0.96,-1.99,-2.85,Pepper,Clay Loam,0.44,0.246,20.59,7,0.333,3.035.158,16.836
11.588,108.086,6,964,3.64,32.6,26.3,5.5,34.4,33,29.2,23.2,3.85,84.54,18.81,12,-3.06,-4.21,-4.3,-4.18,1.21,3.58,6.86,1.88,6.08,0.96,-1.99,-2.85,Pepper,Clay Loam,0.44,0.252,20.59,7,0.333,3.251.955,16.934
11.589,107.959,6,840,3.64,37.8,37.2,5.4,32.6,29.6,38.7,23.2,3.85,84.54,17.7,12,-3.06,-4.21,-4.3,-4.18,1.21,3.58,6.86,1.88,6.08,0.96,-1.99,-2.85,Pepper,Clay Loam,0.44,0.269,20.59,7,0.333,3.468.752,17.74
11.605,108.032,6,946,1.05,31.5,3.11,5.5,34.7,33.7,35.3,23.13,106.55,83.84,18.82,4,-132.23,-138.73,-126.4,-98.9,29.53,75.46,156.75,108.52,121.36,101.45,-24.68,-72.15,Pepper,Clay Loam,0.458,0.26,593.09,7,0.264,2.564.235,16.981
11.61,108.171,6,915,3.64,34.6,28.5,5.6,33.4,32,32.9,23.2,3.85,84.54,18.81,12,-3.06,-4.21,-4.3,-4.18,1.21,3.58,6.86,1.88,6.08,0.96,-1.99,-2.85,Pepper,Clay Loam,0.44,0.259,20.59,7,0.333,3.035.158,17.252
11.611,108.042,6,959,5.37,34.2,2.79,5.5,34.5,31.3,34.2,23.13,106.55,83.84,18.82,4,-132.23,-138.73,-126.4,-98.9,29.53,75.46,156.75,108.52,121.36,101.45,-24.68,-72.15,Pepper,Clay Loam,0.458,0.259,593.09,7,0.264,2.564.235,16.896
11.616,108.152,6,916,5.37,33.7,2.64,5.6,33.7,32.5,30.3,23.13,106.55,83.84,18.82,4,-132.23,-138.73,-126.4,-98.9,29.53,75.46,156.75,108.52,121.36,101.45,-24.68,-72.15,Pepper,Clay Loam,0.458,0.255,593.09,7,0.264,2.393.286,17.176
11.619,107.542,6,273,3.64,33.6,32.4,5.1,34.9,31.5,38.8,25.44,4.33,82.47,17.7,12,-3.98,-4.45,-4.47,-4.24,0.37,4.29,8.47,1.81,5.78,2.43,-2.37,-3.66,Pepper,Clay Loam,0.57,0.264,23.17,7,0.366,4.119.143,23.666
11.619,108.025,6,1089,3.64,32.3,35.4,5.2,35.6,32.1,36.5,23.2,3.85,84.54,18.81,12,-3.06,-4.21,-4.3,-4.18,1.21,3.58,6.86,1.88,6.08,0.96,-1.99,-2.85,Pepper,Clay Loam,0.44,0.259,20.59,7,0.333,3.902.346,16.121
11.619,108.204,6,813,2.31,35.3,2.8,5.6,34.7,30.1,28.4,23.13,106.55,83.84,18.82,4,-132.23,-138.73,-126.4,-98.9,29.53,75.46,156.75,108.52,121.36,101.45,-24.68,-72.15,Pepper,Clay Loam,0.458,0.25,593.09,7,0.264,2.393.286,17.846
11.634,108.327,6,916,15.14,36.5,3.2,5.5,37,26.5,29.1,23.13,106.55,83.84,18.82,4,-132.23,-138.73,-126.4,-98.9,29.53,75.46,156.75,108.52,121.36,101.45,-24.68,-72.15,Pepper,Clay Loam,0.458,0.246,593.09,7,0.264,2.564.235,17.176
11.64,108.262,6,892,3.15,33.2,2.8,5.7,37.9,28.8,28,23.13,106.55,83.84,18.82,4,-132.23,-138.73,-126.4,-98.9,29.53,75.46,156.75,108.52,121.36,101.45,-24.68,-72.15,Pepper,Clay Loam,0.458,0.242,593.09,7,0.264,2.222.337,17.332
11.656,108.107,6,716,5.74,35.3,3.14,5.5,35.1,29.6,40.8,23.13,106.55,83.84,18.82,4,-132.23,-138.73,-126.4,-98.9,29.53,75.46,156.75,108.52,121.36,101.45,-24.68,-72.15,Pepper,Clay Loam,0.458,0.266,593.09,7,0.264,2.564.235,18.476
11.656,108.22,6,712,11.68,35.6,2.77,5.7,35.8,28.5,27.4,23.13,106.55,83.84,18.82,4,-132.23,-138.73,-126.4,-98.9,29.53,75.46,156.75,108.52,121.36,101.45,-24.68,-72.15,Pepper,Clay Loam,0.458,0.246,593.09,7,0.264,2.222.337,18.502
11.663,107.759,6,881,3.64,33.1,37.2,5.3,38,28.9,34.3,25.44,4.33,82.47,17.7,12,-3.98,-4.45,-4.47,-4.24,0.37,4.29,8.47,1.81,5.78,2.43,-2.37,-3.66,Pepper,Clay Loam,0.57,0.251,23.17,7,0.366,3.685.549,19.714
11.667,108.188,6,726,5.96,30.8,3.13,5.7,37.1,32.1,34.4,23.13,106.55,83.84,18.82,4,-132.23,-138.73,-126.4,-98.9,29.53,75.46,156.75,108.52,121.36,101.45,-24.68,-72.15,Pepper,Clay Loam,0.458,0.253,593.09,7,0.264,2.222.337,18.411
11.67,108.115,6,753,3.64,33,32.3,5.6,38,29,34.6,23.2,3.85,84.54,18.81,12,-3.06,-4.21,-4.3,-4.18,1.21,3.58,6.86,1.88,6.08,0.96,-1.99,-2.85,Pepper,Clay Loam,0.44,0.251,20.59,7,0.333,3.035.158,18.306
11.671,108.188,6,740,4.4,30.9,3.19,5.7,36.1,33,35.2,23.13,106.55,83.84,18.82,4,-132.23,-138.73,-126.4,-98.9,29.53,75.46,156.75,108.52,121.36,101.45,-24.68,-72.15,Pepper,Clay Loam,0.458,0.256,593.09,7,0.264,2.222.337,18.32
11.672,107.959,6,957,3.64,38.7,27.7,5.4,32.8,28.5,35.7,23.2,3.85,84.54,17.7,12,-3.06,-4.21,-4.3,-4.18,1.21,3.58,6.86,1.88,6.08,0.96,-1.99,-2.85,Pepper,Clay Loam,0.44,0.265,20.59,7,0.333,3.468.752,16.98
11.672,108.17,6,935,3.64,33.1,31.6,5.6,35,31.9,39.6,23.2,3.85,84.54,18.81,12,-3.06,-4.21,-4.3,-4.18,1.21,3.58,6.86,1.88,6.08,0.96,-1.99,-2.85,Pepper,Clay Loam,0.44,0.265,20.59,7,0.333,3.035.158,17.122
11.677,108.298,6,877,10.3,33.8,2.73,5.6,34.9,31.4,31.4,23.13,106.55,83.84,18.82,4,-132.23,-138.73,-126.4,-98.9,29.53,75.46,156.75,108.52,121.36,101.45,-24.68,-72.15,Pepper,Clay Loam,0.458,0.254,593.09,7,0.264,2.393.286,17.429
11.678,107.879,6,871,3.64,36.1,32.7,5.4,34.7,29.2,36.7,23.2,3.85,84.54,17.7,12,-3.06,-4.21,-4.3,-4.18,1.21,3.58,6.86,1.88,6.08,0.96,-1.99,-2.85,Pepper,Clay Loam,0.44,0.262,20.59,7,0.333,3.468.752,17.538
11.679,107.911,6,933,3.64,35.6,37.5,5.4,35.1,29.3,34,23.2,3.85,84.54,17.7,12,-3.06,-4.21,-4.3,-4.18,1.21,3.58,6.86,1.88,6.08,0.96,-1.99,-2.85,Pepper,Clay Loam,0.44,0.257,20.59,7,0.333,3.468.752,17.136
11.682,107.634,6,580,3.64,31.3,30.3,5.3,33.8,34.9,36,25.44,4.33,82.47,17.7,12,-3.98,-4.45,-4.47,-4.24,0.37,4.29,8.47,1.81,5.78,2.43,-2.37,-3.66,Pepper,Clay Loam,0.57,0.263,23.17,7,0.366,3.685.549,21.67
11.688,108.304,6,899,5.14,34.7,2.9,5.7,36.5,28.8,27.7,23.13,106.55,83.84,18.82,4,-132.23,-138.73,-126.4,-98.9,29.53,75.46,156.75,108.52,121.36,101.45,-24.68,-72.15,Pepper,Clay Loam,0.458,0.245,593.09,7,0.264,2.222.337,17.286
11.698,108.37,6,889,3.67,31.1,2.81,5.7,36.3,32.6,25.4,23.13,106.55,83.84,18.82,4,-132.23,-138.73,-126.4,-98.9,29.53,75.46,156.75,108.52,121.36,101.45,-24.68,-72.15,Pepper,Clay Loam,0.458,0.242,593.09,7,0.264,2.222.337,17.352
11.708,108.096,6,777,5.59,33.3,3.67,5.5,34.5,32.1,40.1,23.13,106.55,83.84,18.82,4,-132.23,-138.73,-126.4,-98.9,29.53,75.46,156.75,108.52,121.36,101.45,-24.68,-72.15,Pepper,Clay Loam,0.458,0.267,593.09,7,0.264,2.564.235,18.08
11.708,108.127,6,930,6.11,35,2.8,5.5,37.7,27.3,32.9,23.13,106.55,83.84,18.82,4,-132.23,-138.73,-126.4,-98.9,29.53,75.46,156.75,108.52,121.36,101.45,-24.68,-72.15,Pepper,Clay Loam,0.458,0.249,593.09,7,0.264,2.564.235,17.085
11.709,108.275,6,864,1.16,34.7,2.96,5.6,38,27.3,29,23.13,106.55,83.84,18.82,4,-132.23,-138.73,-126.4,-98.9,29.53,75.46,156.75,108.52,121.36,101.45,-24.68,-72.15,Pepper,Clay Loam,0.458,0.243,593.09,7,0.264,2.393.286,17.514
11.712,108.248,6,825,1.16,32.8,2.7,5.5,37.7,29.5,27.5,23.13,106.55,83.84,18.82,4,-132.23,-138.73,-126.4,-98.9,29.53,75.46,156.75,108.52,121.36,101.45,-24.68,-72.15,Pepper,Clay Loam,0.458,0.242,593.09,7,0.264,2.564.235,17.768
11.719,107.905,6,900,8.75,33.2,3.45,5.5,35.3,31.5,32.7,23.13,106.55,83.84,18.1,4,-132.23,-138.73,-126.4,-98.9,29.53,75.46,156.75,108.52,121.36,101.45,-24.68,-72.15,Pepper,Clay Loam,0.458,0.255,593.09,7,0.264,2.564.235,17.28
11.722,108.209,6,935,2.12,31.2,2.78,5.6,39.1,29.6,33.4,23.13,106.55,83.84,18.82,4,-132.23,-138.73,-126.4,-98.9,29.53,75.46,156.75,108.52,121.36,101.45,-24.68,-72.15,Pepper,Clay Loam,0.458,0.247,593.09,7,0.264,2.393.286,17.052
11.723,108.121,6,910,6.45,35.4,2.9,5.6,38.4,26.2,32.9,23.13,106.55,83.84,18.82,4,-132.23,-138.73,-126.4,-98.9,29.53,75.46,156.75,108.52,121.36,101.45,-24.68,-72.15,Pepper,Clay Loam,0.458,0.248,593.09,7,0.264,2.393.286,17.215
11.725,107.583,6,504,3.64,32.6,35.5,5.1,34.8,32.6,35.3,25.44,4.33,82.47,17.7,12,-3.98,-4.45,-4.47,-4.24,0.37,4.29,8.47,1.81,5.78,2.43,-2.37,-3.66,Pepper,Clay Loam,0.57,0.259,23.17,7,0.366,4.119.143,22.164
11.732,107.609,6,553,3.64,31.6,34.9,5.1,35.8,32.7,41.5,25.44,4.33,82.47,17.7,12,-3.98,-4.45,-4.47,-4.24,0.37,4.29,8.47,1.81,5.78,2.43,-2.37,-3.66,Pepper,Clay Loam,0.57,0.266,23.17,7,0.366,4.119.143,21.846
11.733,108.361,6,928,0.74,34.2,2.99,5.7,35.8,30,25.6,23.13,106.55,83.84,18.82,4,-132.23,-138.73,-126.4,-98.9,29.53,75.46,156.75,108.52,121.36,101.45,-24.68,-72.15,Pepper,Clay Loam,0.458,0.243,593.09,7,0.264,2.222.337,17.098
11.736,107.554,6,608,3.64,33.1,39.8,5.1,32.4,34.5,43.6,25.44,4.33,82.47,17.7,12,-3.98,-4.45,-4.47,-4.24,0.37,4.29,8.47,1.81,5.78,2.43,-2.37,-3.66,Pepper,Clay Loam,0.57,0.277,23.17,7,0.366,4.119.143,21.488
11.737,108.287,6,856,3.64,37.9,29.3,5.6,35.8,26.4,22.9,23.2,3.85,84.54,18.81,12,-3.06,-4.21,-4.3,-4.18,1.21,3.58,6.86,1.88,6.08,0.96,-1.99,-2.85,Pepper,Clay Loam,0.44,0.24,20.59,7,0.333,3.035.158,17.636
11.74,108.038,6,720,14.74,32.3,3.44,5.5,32.6,35.1,41.3,23.13,106.55,83.84,18.82,4,-132.23,-138.73,-126.4,-98.9,29.53,75.46,156.75,108.52,121.36,101.45,-24.68,-72.15,Pepper,Clay Loam,0.458,0.273,593.09,7,0.264,2.564.235,18.45
11.755,107.976,6,631,12.75,33.5,3.57,5.5,32.5,34,38.6,21.95,131.13,85.44,18.1,4,-152.51,-159.92,-148.72,-125.06,10.18,63.52,221.54,158.42,155.14,94.38,-30.14,-86.85,Pepper,Clay Loam,0.384,0.269,703.2,7,0.315,2.964.945,17.848
11.76,108.2,6,951,8.14,34.3,2.83,5.6,35.1,30.6,36.2,21.95,131.13,85.44,18.82,4,-152.51,-159.92,-148.72,-125.06,10.18,63.52,221.54,158.42,155.14,94.38,-30.14,-86.85,Pepper,Clay Loam,0.384,0.26,703.2,7,0.315,2.767.282,15.768
11.762,107.563,6,533,3.64,32.8,40.6,5.1,34.6,32.6,46.9,24.09,6.14,82.81,17.7,12,-5.22,-5.74,-5.76,-5.53,1.01,4.33,14.19,3.44,7.41,0.73,-3.78,-5.08,Pepper,Clay Loam,0.516,0.276,31.11,7,0.456,4.119.143,20.626
11.765,108.29,6,838,3.02,34.1,3.14,5.6,36.3,29.6,28.9,21.95,131.13,85.44,18.82,4,-152.51,-159.92,-148.72,-125.06,10.18,63.52,221.54,158.42,155.14,94.38,-30.14,-86.85,Pepper,Clay Loam,0.384,0.247,703.2,7,0.315,2.767.282,16.503
11.782,108.402,6,1026,3.64,35.1,35.6,5.5,32.7,32.3,38.7,22.01,4.8,86.45,18.81,12,-3.64,-4.95,-5.06,-4.94,2.06,2.54,10.12,2.23,7.25,0.26,-2.31,-3.54,Pepper,Clay Loam,0.358,0.269,24.44,7,0.414,3.251.955,15.341
11.788,107.994,6,879,3.64,34,41.7,5.1,31.3,34.8,56.9,22.01,4.8,86.45,17.7,12,-3.64,-4.95,-5.06,-4.94,2.06,2.54,10.12,2.23,7.25,0.26,-2.31,-3.54,Pepper,Clay Loam,0.358,0.298,24.44,7,0.414,4.119.143,16.297
11.788,108.064,6,972,3.64,32.8,32.8,5.4,33.9,33.3,36,22.01,4.8,86.45,18.81,12,-3.64,-4.95,-5.06,-4.94,2.06,2.54,10.12,2.23,7.25,0.26,-2.31,-3.54,Pepper,Clay Loam,0.358,0.262,24.44,7,0.414,3.468.752,15.692
11.789,108.212,6,849,0.53,33.3,2.69,5.6,35.9,30.8,27.3,21.95,131.13,85.44,18.82,4,-152.51,-159.92,-148.72,-125.06,10.18,63.52,221.54,158.42,155.14,94.38,-30.14,-86.85,Pepper,Clay Loam,0.384,0.246,703.2,7,0.315,2.767.282,16.432
11.804,108.128,6,1001,3.64,40.3,27.7,5.5,34.3,25.4,27.8,22.01,4.8,86.45,18.81,12,-3.64,-4.95,-5.06,-4.94,2.06,2.54,10.12,2.23,7.25,0.26,-2.31,-3.54,Pepper,Clay,0.358,0.25,24.44,7,0.414,3.251.955,15.504
11.807,108.229,6,848,0.53,35.2,2.53,5.7,32.2,32.6,28.8,21.95,131.13,85.44,18.82,4,-152.51,-159.92,-148.72,-125.06,10.18,63.52,221.54,158.42,155.14,94.38,-30.14,-86.85,Pepper,Clay Loam,0.384,0.256,703.2,7,0.315,2.569.619,16.438
11.811,107.846,6,594,3.64,35.2,37.6,5.2,31.8,33,45.4,22.01,4.8,86.45,17.7,12,-3.64,-4.95,-5.06,-4.94,2.06,2.54,10.12,2.23,7.25,0.26,-2.31,-3.54,Pepper,Clay Loam,0.358,0.28,24.44,7,0.414,3.902.346,18.149
11.817,107.557,6,509,3.64,34.7,39.6,5.1,36,29.3,37.5,24.09,6.14,82.81,17.7,12,-5.22,-5.74,-5.76,-5.53,1.01,4.33,14.19,3.44,7.41,0.73,-3.78,-5.08,Pepper,Clay Loam,0.516,0.26,31.11,7,0.456,4.119.143,20.782
11.817,108.111,6,998,3.64,34.5,29.2,5.5,34,31.5,35.5,22.01,4.8,86.45,18.81,12,-3.64,-4.95,-5.06,-4.94,2.06,2.54,10.12,2.23,7.25,0.26,-2.31,-3.54,Pepper,Clay Loam,0.358,0.261,24.44,7,0.414,3.251.955,15.523
11.826,107.868,6,586,3.64,35.4,36,5.2,32.3,32.3,46.9,22.01,4.8,86.45,17.7,12,-3.64,-4.95,-5.06,-4.94,2.06,2.54,10.12,2.23,7.25,0.26,-2.31,-3.54,Pepper,Clay Loam,0.358,0.281,24.44,7,0.414,3.902.346,18.201
11.827,108.302,6,1048,3.64,36.6,27.6,5.7,35,28.3,30.1,22.01,4.8,86.45,18.81,12,-3.64,-4.95,-5.06,-4.94,2.06,2.54,10.12,2.23,7.25,0.26,-2.31,-3.54,Pepper,Clay Loam,0.358,0.252,24.44,7,0.414,2.818.361,15.198
11.828,107.548,6,560,3.64,31.3,32.4,5,35.8,32.9,35.3,24.09,6.14,82.81,17.7,12,-5.22,-5.74,-5.76,-5.53,1.01,4.33,14.19,3.44,7.41,0.73,-3.78,-5.08,Pepper,Clay Loam,0.516,0.257,31.11,7,0.456,4335.94,20.45
11.837,107.886,6,586,3.64,35.7,37.3,5.2,33.8,30.5,43.1,22.01,4.8,86.45,17.7,12,-3.64,-4.95,-5.06,-4.94,2.06,2.54,10.12,2.23,7.25,0.26,-2.31,-3.54,Pepper,Clay Loam,0.358,0.273,24.44,7,0.414,3.902.346,18.201
11.845,108.201,6,934,6.84,35.5,2.84,5.6,34.7,29.7,38.4,21.95,131.13,85.44,18.82,4,-152.51,-159.92,-148.72,-125.06,10.18,63.52,221.54,158.42,155.14,94.38,-30.14,-86.85,Pepper,Clay Loam,0.384,0.264,703.2,7,0.315,2.767.282,15.879
11.851,108.216,6,920,1.03,33.6,2.79,5.5,32.9,33.6,35.4,21.95,131.13,85.44,18.82,4,-152.51,-159.92,-148.72,-125.06,10.18,63.52,221.54,158.42,155.14,94.38,-30.14,-86.85,Pepper,Clay Loam,0.384,0.264,703.2,7,0.315,2.964.945,15.97
11.858,108.421,6,1555,3.64,36.5,45.1,5.2,31.9,31.6,51.3,22.01,4.8,86.45,18.81,12,-3.64,-4.95,-5.06,-4.94,2.06,2.54,10.12,2.23,7.25,0.26,-2.31,-3.54,Pepper,Clay Loam,0.358,0.288,24.44,7,0.414,3.902.346,11.903
11.86,108.198,6,958,14.09,37.3,3.33,5.6,32.5,30.2,33.8,21.95,131.13,85.44,18.82,4,-152.51,-159.92,-148.72,-125.06,10.18,63.52,221.54,158.42,155.14,94.38,-30.14,-86.85,Pepper,Clay Loam,0.384,0.263,703.2,7,0.315,2.767.282,15.723
11.889,108.473,6,1325,3.64,37.4,37.2,5.3,33.1,29.5,38.2,23.08,3.4,87.81,18.81,12,-1.41,-4.39,-4.86,-4.79,1.72,1.3,4.06,0.14,6.53,2.15,0.83,-1.27,Pepper,Clay Loam,0.344,0.267,16.72,9,0.39,3.685.549,14.468
11.891,107.95,6,726,3.64,31.1,33.5,5.4,34.1,34.8,38.2,22.01,4.8,86.45,17.7,12,-3.64,-4.95,-5.06,-4.94,2.06,2.54,10.12,2.23,7.25,0.26,-2.31,-3.54,Pepper,Clay Loam,0.358,0.265,24.44,7,0.414,3.468.752,17.291
11.9,107.767,6,636,3.64,32.4,34.3,5.1,30.9,36.7,34.7,24.09,6.14,82.81,17.7,12,-5.22,-5.74,-5.76,-5.53,1.01,4.33,14.19,3.44,7.41,0.73,-3.78,-5.08,Pepper,Clay Loam,0.516,0.268,31.11,7,0.456,4.119.143,19.956
11.9,107.834,6,716,3.64,31.2,31.5,5.4,34.4,34.4,36.5,22.01,4.8,86.45,17.7,12,-3.64,-4.95,-5.06,-4.94,2.06,2.54,10.12,2.23,7.25,0.26,-2.31,-3.54,Pepper,Clay Loam,0.358,0.262,24.44,7,0.414,3.468.752,17.356
11.902,107.927,6,817,3.64,32.6,40.2,5.2,32.3,35,41.6,22.01,4.8,86.45,17.7,12,-3.64,-4.95,-5.06,-4.94,2.06,2.54,10.12,2.23,7.25,0.26,-2.31,-3.54,Pepper,Clay Loam,0.358,0.274,24.44,7,0.414,3.902.346,16.7
11.904,108.463,6,1266,3.64,34.7,36.3,5.4,32.6,32.8,42.8,23.08,3.4,87.81,18.81,12,-1.41,-4.39,-4.86,-4.79,1.72,1.3,4.06,0.14,6.53,2.15,0.83,-1.27,Pepper,Clay Loam,0.344,0.275,16.72,9,0.39,3.468.752,14.851
11.908,107.961,6,651,0.53,29.6,3.1,5.6,32.7,37.7,35.2,21.95,131.13,85.44,18.1,4,-152.51,-159.92,-148.72,-125.06,10.18,63.52,221.54,158.42,155.14,94.38,-30.14,-86.85,Pepper,Clay Loam,0.384,0.264,703.2,7,0.315,2.767.282,17.718
11.918,107.949,6,758,14.52,30.5,3.59,5.6,34.8,34.6,38.1,21.95,131.13,85.44,18.1,4,-152.51,-159.92,-148.72,-125.06,10.18,63.52,221.54,158.42,155.14,94.38,-30.14,-86.85,Pepper,Clay Loam,0.384,0.263,703.2,7,0.315,2.767.282,17.023
11.925,108.275,6,1427,3.64,35.5,35.8,5.4,33.2,31.3,47,22.01,4.8,86.45,18.81,12,-3.64,-4.95,-5.06,-4.94,2.06,2.54,10.12,2.23,7.25,0.26,-2.31,-3.54,Pepper,Clay Loam,0.358,0.279,24.44,7,0.414,3.468.752,12.735
11.938,107.969,6,693,13.92,30.5,3.44,5.6,32.7,36.7,32.6,21.95,131.13,85.44,18.1,4,-152.51,-159.92,-148.72,-125.06,10.18,63.52,221.54,158.42,155.14,94.38,-30.14,-86.85,Pepper,Clay Loam,0.384,0.26,703.2,7,0.315,2.767.282,17.446
11.952,108.119,6,1005,3.64,35.3,27,5.5,33.1,31.6,27.5,22.01,4.8,86.45,18.81,12,-3.64,-4.95,-5.06,-4.94,2.06,2.54,10.12,2.23,7.25,0.26,-2.31,-3.54,Pepper,Clay Loam,0.358,0.252,24.44,7,0.414,3.251.955,15.478
11.956,107.839,6,632,3.64,35.8,36.9,5.7,32.3,32,36.6,22.01,4.8,86.45,17.7,12,-3.64,-4.95,-5.06,-4.94,2.06,2.54,10.12,2.23,7.25,0.26,-2.31,-3.54,Pepper,Clay Loam,0.358,0.267,24.44,7,0.414,2.818.361,17.902
11.974,107.888,6,609,3.64,31.7,32.8,5.3,34.1,34.2,34.6,22.01,4.8,86.45,17.7,12,-3.64,-4.95,-5.06,-4.94,2.06,2.54,10.12,2.23,7.25,0.26,-2.31,-3.54,Pepper,Clay Loam,0.358,0.26,24.44,7,0.414,3.685.549,18.052
11.974,108.249,6,1320,3.64,38.7,39.1,5.2,33.2,28.1,43.9,22.01,4.8,86.45,18.81,12,-3.64,-4.95,-5.06,-4.94,2.06,2.54,10.12,2.23,7.25,0.26,-2.31,-3.54,Pepper,Clay Loam,0.358,0.275,24.44,7,0.414,3.902.346,13.43
11.976,107.757,6,688,4.32,32.5,2.67,5.5,36,31.5,27.5,24.04,181.62,82.12,18.1,4,-188.5,-190,-176.72,-153.36,10.7,136.2,344.01,256.97,158.52,68.86,-111.48,-155.21,Pepper,Clay Loam,0.535,0.246,975.27,7,0.353,3.466.725,19.568
11.979,107.759,6,698,3.64,31.3,27.8,5.4,35.6,33.1,28.1,24.09,6.14,82.81,17.7,12,-5.22,-5.74,-5.76,-5.53,1.01,4.33,14.19,3.44,7.41,0.73,-3.78,-5.08,Pepper,Clay Loam,0.516,0.247,31.11,7,0.456,3.468.752,19.553
11.982,107.679,6,589,3.64,32.6,29.4,5.4,35,32.4,32.7,24.09,6.14,82.81,17.7,12,-5.22,-5.74,-5.76,-5.53,1.01,4.33,14.19,3.44,7.41,0.73,-3.78,-5.08,Pepper,Clay Loam,0.516,0.255,31.11,7,0.456,3.468.752,20.261
11.987,107.866,6,579,9.41,34.9,3.31,5.6,30.8,34.3,32.3,21.95,131.13,85.44,18.1,4,-152.51,-159.92,-148.72,-125.06,10.18,63.52,221.54,158.42,155.14,94.38,-30.14,-86.85,Pepper,Clay Loam,0.384,0.264,703.2,7,0.315,2.767.282,18.186
11.998,107.773,6,671,2.59,32.1,2.55,5.5,32.8,35.1,28.2,24.04,181.62,82.12,18.1,4,-188.5,-190,-176.72,-153.36,10.7,136.2,344.01,256.97,158.52,68.86,-111.48,-155.21,Pepper,Clay Loam,0.535,0.254,975.27,7,0.353,3.466.725,19.678
12.006,107.849,6,625,12.02,35.1,3.16,5.5,32.6,32.3,34.2,21.95,131.13,85.44,17.87,4,-152.51,-159.92,-148.72,-125.06,10.18,63.52,221.54,158.42,155.14,94.38,-30.14,-86.85,Pepper,Clay Loam,0.384,0.263,703.2,7,0.315,2.964.945,17.888
12.017,108.443,6,1617,3.64,35.3,40.9,5.5,35.9,28.8,43.3,23.08,3.4,87.81,16.64,12,-1.41,-4.39,-4.86,-4.79,1.72,1.3,4.06,0.14,6.53,2.15,0.83,-1.27,Pepper,Clay Loam,0.344,0.268,16.72,9,0.39,3.251.955,12.569
12.021,108.135,6,577,3.64,35.2,27.2,5.6,34.3,30.5,29.1,22.01,4.8,86.45,16.64,12,-3.64,-4.95,-5.06,-4.94,2.06,2.54,10.12,2.23,7.25,0.26,-2.31,-3.54,Pepper,Clay Loam,0.358,0.252,24.44,7,0.414,3.035.158,18.26
12.032,107.718,6,685,5.87,34.5,2.74,5.5,34.2,31.4,31.7,24.04,181.62,82.12,17.87,4,-188.5,-190,-176.72,-153.36,10.7,136.2,344.01,256.97,158.52,68.86,-111.48,-155.21,Pepper,Clay Loam,0.535,0.256,975.27,7,0.353,3.466.725,19.588
12.035,107.824,6,638,3.64,32.1,33.9,5.2,32.3,35.5,34.4,22.01,4.8,86.45,17.53,12,-3.64,-4.95,-5.06,-4.94,2.06,2.54,10.12,2.23,7.25,0.26,-2.31,-3.54,Pepper,Clay Loam,0.358,0.264,24.44,7,0.414,3.902.346,17.863
12.035,108.01,6,570,3.64,32.1,34,5.5,34.4,33.5,40.8,22.01,4.8,86.45,16.64,12,-3.64,-4.95,-5.06,-4.94,2.06,2.54,10.12,2.23,7.25,0.26,-2.31,-3.54,Pepper,Clay Loam,0.358,0.268,24.44,7,0.414,3.251.955,18.305
12.042,107.944,6,549,3.64,32.7,31.8,5.7,33.7,33.6,34.4,22.01,4.8,86.45,17.53,12,-3.64,-4.95,-5.06,-4.94,2.06,2.54,10.12,2.23,7.25,0.26,-2.31,-3.54,Pepper,Clay Loam,0.358,0.261,24.44,7,0.414,2.818.361,18.442
12.045,107.637,6,689,3.64,36.2,30.5,5.4,33.2,30.6,30.5,24.09,6.14,82.81,17.53,12,-5.22,-5.74,-5.76,-5.53,1.01,4.33,14.19,3.44,7.41,0.73,-3.78,-5.08,Pepper,Clay Loam,0.516,0.256,31.11,7,0.456,3.468.752,19.612
12.047,107.755,6,696,10.39,36,2.99,5.5,35.2,28.8,34,24.04,181.62,82.12,17.87,4,-188.5,-190,-176.72,-153.36,10.7,136.2,344.01,256.97,158.52,68.86,-111.48,-155.21,Pepper,Clay Loam,0.535,0.257,975.27,7,0.353,3.466.725,19.516
12.047,108.167,6,611,3.64,33.4,31.4,5.5,35.6,31,32.5,22.01,4.8,86.45,16.64,12,-3.64,-4.95,-5.06,-4.94,2.06,2.54,10.12,2.23,7.25,0.26,-2.31,-3.54,Pepper,Clay Loam,0.358,0.254,24.44,7,0.414,3.251.955,18.039
12.048,107.587,6,710,3.64,35.2,29.2,5.4,34.9,29.9,29.7,24.09,6.14,82.81,17.53,12,-5.22,-5.74,-5.76,-5.53,1.01,4.33,14.19,3.44,7.41,0.73,-3.78,-5.08,Pepper,Clay Loam,0.516,0.251,31.11,7,0.456,3.468.752,19.475
12.054,107.988,6,546,3.64,32.6,30.8,5.4,34.5,32.8,33,22.01,4.8,86.45,17.53,12,-3.64,-4.95,-5.06,-4.94,2.06,2.54,10.12,2.23,7.25,0.26,-2.31,-3.54,Pepper,Clay Loam,0.358,0.257,24.44,7,0.414,3.468.752,18.461
12.058,108.358,6,1549,3.64,37,37.7,5.3,32.2,30.7,53.8,22.01,4.8,86.45,16.64,12,-3.64,-4.95,-5.06,-4.94,2.06,2.54,10.12,2.23,7.25,0.26,-2.31,-3.54,Pepper,Clay Loam,0.358,0.291,24.44,7,0.414,3.685.549,11.942
12.065,107.848,6,631,3.64,31.7,32.8,5.2,32.5,35.7,36,22.01,4.8,86.45,17.53,12,-3.64,-4.95,-5.06,-4.94,2.06,2.54,10.12,2.23,7.25,0.26,-2.31,-3.54,Pepper,Clay Loam,0.358,0.266,24.44,7,0.414,3.902.346,17.909
12.067,108.008,6,720,3.64,36.7,37.5,5.2,33.7,29.6,40.4,22.01,4.8,86.45,16.64,12,-3.64,-4.95,-5.06,-4.94,2.06,2.54,10.12,2.23,7.25,0.26,-2.31,-3.54,Pepper,Clay Loam,0.358,0.269,24.44,7,0.414,3.902.346,17.33
12.076,107.523,6,726,3.64,32.8,24.9,5.5,35.2,32,29.4,24.09,6.14,82.81,17.53,12,-5.22,-5.74,-5.76,-5.53,1.01,4.33,14.19,3.44,7.41,0.73,-3.78,-5.08,Pepper,Clay Loam,0.516,0.25,31.11,7,0.456,3.251.955,19.371
12.076,107.718,6,793,3.64,32.4,34.3,5.3,35.7,31.9,29.2,24.09,6.14,82.81,17.53,12,-5.22,-5.74,-5.76,-5.53,1.01,4.33,14.19,3.44,7.41,0.73,-3.78,-5.08,Pepper,Clay Loam,0.516,0.249,31.11,7,0.456,3.685.549,18.936
12.083,107.68,6,714,10.02,33.5,2.83,5.5,35.7,30.8,33.6,24.04,181.62,82.12,17.87,4,-188.5,-190,-176.72,-153.36,10.7,136.2,344.01,256.97,158.52,68.86,-111.48,-155.21,Pepper,Clay Loam,0.535,0.255,975.27,7,0.353,3.466.725,19.399
12.088,107.595,6,758,3.64,33.1,31.8,5.5,32.7,34.2,32.5,24.09,6.14,82.81,17.53,12,-5.22,-5.74,-5.76,-5.53,1.01,4.33,14.19,3.44,7.41,0.73,-3.78,-5.08,Pepper,Clay Loam,0.516,0.26,31.11,7,0.456,3.251.955,19.163
12.094,107.753,6,790,3.64,36.1,34.6,5.6,32.8,31.1,31.1,24.09,6.14,82.81,17.53,12,-5.22,-5.74,-5.76,-5.53,1.01,4.33,14.19,3.44,7.41,0.73,-3.78,-5.08,Pepper,Clay Loam,0.516,0.258,31.11,7,0.456,3.035.158,18.955
12.104,107.914,6,842,7.95,30.1,3.18,5.5,33,36.9,36.5,21.95,131.13,85.44,17.87,4,-152.51,-159.92,-148.72,-125.06,10.18,63.52,221.54,158.42,155.14,94.38,-30.14,-86.85,Pepper,Clay Loam,0.384,0.265,703.2,7,0.315,2.964.945,16.477
12.111,108.219,6,627,3.64,36,31.4,5.5,32.9,31.1,32.5,22.01,4.8,86.45,16.64,12,-3.64,-4.95,-5.06,-4.94,2.06,2.54,10.12,2.23,7.25,0.26,-2.31,-3.54,Pepper,Clay Loam,0.358,0.26,24.44,7,0.414,3.251.955,17.934
12.115,107.721,6,752,6.68,36.4,4.27,5.6,34.1,29.5,44.8,24.04,181.62,82.12,17.87,4,-188.5,-190,-176.72,-153.36,10.7,136.2,344.01,256.97,158.52,68.86,-111.48,-155.21,Pepper,Clay Loam,0.535,0.274,975.27,7,0.353,3235.61,19.152
12.117,107.648,6,791,4.49,34.7,2.79,5.5,33.1,32.2,31.3,24.04,181.62,82.12,17.87,4,-188.5,-190,-176.72,-153.36,10.7,136.2,344.01,256.97,158.52,68.86,-111.48,-155.21,Pepper,Clay Loam,0.535,0.258,975.27,7,0.353,3.466.725,18.898
12.121,107.654,6,813,3.46,34.5,2.8,5.5,34.5,31,29.7,24.04,181.62,82.12,17.87,4,-188.5,-190,-176.72,-153.36,10.7,136.2,344.01,256.97,158.52,68.86,-111.48,-155.21,Pepper,Clay Loam,0.535,0.252,975.27,7,0.353,3.466.725,18.755
12.123,108.149,6,559,5.59,33.4,2.88,5.6,33.8,32.8,29.8,21.95,131.13,85.44,17.08,4,-152.51,-159.92,-148.72,-125.06,10.18,63.52,221.54,158.42,155.14,94.38,-30.14,-86.85,Pepper,Clay Loam,0.384,0.254,703.2,7,0.315,2.767.282,18.316
12.126,108.122,6,586,3.64,35.5,30.5,5.5,32.5,32,37.1,22.01,4.8,86.45,16.64,12,-3.64,-4.95,-5.06,-4.94,2.06,2.54,10.12,2.23,7.25,0.26,-2.31,-3.54,Pepper,Clay Loam,0.358,0.267,24.44,7,0.414,3.251.955,18.201
12.127,107.823,6,782,3.64,33.5,28.1,5.6,32.8,33.7,32.5,22.01,4.8,86.45,17.53,12,-3.64,-4.95,-5.06,-4.94,2.06,2.54,10.12,2.23,7.25,0.26,-2.31,-3.54,Pepper,Clay Loam,0.358,0.26,24.44,7,0.414,3.035.158,16.927
12.128,107.787,6,895,3.64,30.8,30,5.2,37.5,31.8,33.5,24.09,6.14,82.81,17.53,12,-5.22,-5.74,-5.76,-5.53,1.01,4.33,14.19,3.44,7.41,0.73,-3.78,-5.08,Pepper,Clay Loam,0.516,0.251,31.11,7,0.456,3.902.346,18.272
12.142,108.222,6,595,3.64,34.2,28.8,5.6,33.3,32.5,29.7,22.01,4.8,86.45,16.64,12,-3.64,-4.95,-5.06,-4.94,2.06,2.54,10.12,2.23,7.25,0.26,-2.31,-3.54,Pepper,Clay Loam,0.358,0.255,24.44,7,0.414,3.035.158,18.143
12.146,108.005,6,606,3.64,31.9,32.1,5.3,35,33.1,38.5,22.01,4.8,86.45,16.64,12,-3.64,-4.95,-5.06,-4.94,2.06,2.54,10.12,2.23,7.25,0.26,-2.31,-3.54,Pepper,Clay Loam,0.358,0.263,24.44,7,0.414,3.685.549,18.071
12.146,108.19,6,571,3.64,34,28.6,5.6,33.9,32.1,35.4,22.01,4.8,86.45,16.64,12,-3.64,-4.95,-5.06,-4.94,2.06,2.54,10.12,2.23,7.25,0.26,-2.31,-3.54,Pepper,Clay Loam,0.358,0.262,24.44,7,0.414,3.035.158,18.298
12.151,107.543,6,757,3.64,39.6,33.1,5.6,33.4,27,27.3,24.09,6.14,82.81,17.53,12,-5.22,-5.74,-5.76,-5.53,1.01,4.33,14.19,3.44,7.41,0.73,-3.78,-5.08,Pepper,Clay Loam,0.516,0.251,31.11,7,0.456,3.035.158,19.17
12.161,108.145,6,561,3.64,33.5,28.8,5.6,34.3,32.1,36.2,22.01,4.8,86.45,16.64,12,-3.64,-4.95,-5.06,-4.94,2.06,2.54,10.12,2.23,7.25,0.26,-2.31,-3.54,Pepper,Clay Loam,0.358,0.262,24.44,7,0.414,3.035.158,18.364
12.167,107.937,6,816,3.64,33.8,28.2,5.4,32.8,33.4,28,22.01,4.8,86.45,17.53,12,-3.64,-4.95,-5.06,-4.94,2.06,2.54,10.12,2.23,7.25,0.26,-2.31,-3.54,Pepper,Clay Loam,0.358,0.254,24.44,7,0.414,3.468.752,16.706
12.171,107.657,6,743,4.2,34,2.77,5.5,35.4,30.5,34.3,24.04,181.62,82.12,17.87,4,-188.5,-190,-176.72,-153.36,10.7,136.2,344.01,256.97,158.52,68.86,-111.48,-155.21,Pepper,Clay Loam,0.535,0.257,975.27,7,0.353,3.466.725,19.21
12.171,107.823,6,856,3.64,32.4,28.6,5.5,32.9,34.7,31,22.01,4.8,86.45,17.53,12,-3.64,-4.95,-5.06,-4.94,2.06,2.54,10.12,2.23,7.25,0.26,-2.31,-3.54,Pepper,Clay Loam,0.358,0.258,24.44,7,0.414,3.251.955,16.446
12.18,108.204,6,528,3.64,34.3,28.7,5.6,35.1,30.7,30,22.01,4.8,86.45,16.64,12,-3.64,-4.95,-5.06,-4.94,2.06,2.54,10.12,2.23,7.25,0.26,-2.31,-3.54,Pepper,Clay Loam,0.358,0.251,24.44,7,0.414,3.035.158,18.578
12.196,107.716,6,915,3.64,31.5,36.8,5.2,32.6,35.9,33.6,24.09,6.14,82.81,17.53,12,-5.22,-5.74,-5.76,-5.53,1.01,4.33,14.19,3.44,7.41,0.73,-3.78,-5.08,Pepper,Clay Loam,0.516,0.262,31.11,7,0.456,3.902.346,18.142
12.196,108.295,6,555,4.21,36.3,3.32,5.7,31.2,32.6,33.1,21.95,131.13,85.44,17.08,4,-152.51,-159.92,-148.72,-125.06,10.18,63.52,221.54,158.42,155.14,94.38,-30.14,-86.85,Pepper,Clay Loam,0.384,0.265,703.2,7,0.315,2.569.619,18.342
12.198,108.297,6,563,13.49,35.2,3.44,5.7,32,32.8,32.2,21.95,131.13,85.44,17.08,4,-152.51,-159.92,-148.72,-125.06,10.18,63.52,221.54,158.42,155.14,94.38,-30.14,-86.85,Pepper,Clay Loam,0.384,0.261,703.2,7,0.315,2.569.619,18.29
12.207,108.135,6,506,3.2,36.7,2.3,5.6,31.9,31.3,30.8,21.95,131.13,85.44,17.08,4,-152.51,-159.92,-148.72,-125.06,10.18,63.52,221.54,158.42,155.14,94.38,-30.14,-86.85,Pepper,Clay Loam,0.384,0.26,703.2,7,0.315,2.767.282,18.661
12.21,107.58,6,851,3.64,34.7,22.7,5.6,39,26.3,27.7,24.09,6.14,82.81,17.53,12,-5.22,-5.74,-5.76,-5.53,1.01,4.33,14.19,3.44,7.41,0.73,-3.78,-5.08,Pepper,Clay Loam,0.516,0.239,31.11,7,0.456,3.035.158,18.559
12.212,107.929,6,798,3.64,32.6,30.3,5.4,32.7,34.7,34.8,22.01,4.8,86.45,17.53,12,-3.64,-4.95,-5.06,-4.94,2.06,2.54,10.12,2.23,7.25,0.26,-2.31,-3.54,Pepper,Clay Loam,0.358,0.264,24.44,7,0.414,3.468.752,16.823
12.226,107.7,6,932,3.64,31.1,34.7,5.1,34.9,34,32.6,24.09,6.14,82.81,17.53,12,-5.22,-5.74,-5.76,-5.53,1.01,4.33,14.19,3.44,7.41,0.73,-3.78,-5.08,Pepper,Clay Loam,0.516,0.255,31.11,7,0.456,4.119.143,18.032
12.229,107.972,6,609,3.64,31.6,29.9,5.4,35.5,33,32.3,22.01,4.8,86.45,17.53,12,-3.64,-4.95,-5.06,-4.94,2.06,2.54,10.12,2.23,7.25,0.26,-2.31,-3.54,Pepper,Clay Loam,0.358,0.254,24.44,7,0.414,3.468.752,18.052
12.23,108.093,6,573,3.64,35.8,3,5.6,32.7,31.4,32.3,21.95,131.13,85.44,17.08,4,-152.51,-159.92,-148.72,-125.06,10.18,63.52,221.54,158.42,155.14,94.38,-30.14,-86.85,Pepper,Clay Loam,0.384,0.26,703.2,7,0.315,2.767.282,18.226
12.23,108.347,6,702,2.94,35.3,3.56,5.6,32.4,32.3,39.5,21.95,131.13,85.44,17.08,4,-152.51,-159.92,-148.72,-125.06,10.18,63.52,221.54,158.42,155.14,94.38,-30.14,-86.85,Pepper,Clay Loam,0.384,0.271,703.2,7,0.315,2.767.282,17.387
12.236,108.146,6,584,7.4,34.6,3.02,5.6,34.2,31.3,37.5,21.95,131.13,85.44,17.08,4,-152.51,-159.92,-148.72,-125.06,10.18,63.52,221.54,158.42,155.14,94.38,-30.14,-86.85,Pepper,Clay Loam,0.384,0.264,703.2,7,0.315,2.767.282,18.154
12.246,107.916,6,726,3.64,33.4,36.5,5.2,34.7,31.9,43.9,22.01,4.8,86.45,17.53,12,-3.64,-4.95,-5.06,-4.94,2.06,2.54,10.12,2.23,7.25,0.26,-2.31,-3.54,Pepper,Clay Loam,0.358,0.272,24.44,7,0.414,3.902.346,17.291
12.247,107.853,6,837,3.64,31.6,29.2,5.2,33.9,34.5,33.5,22.01,4.8,86.45,17.53,12,-3.64,-4.95,-5.06,-4.94,2.06,2.54,10.12,2.23,7.25,0.26,-2.31,-3.54,Pepper,Clay Loam,0.358,0.259,24.44,7,0.414,3.902.346,16.57
12.251,107.888,6,712,3.64,34.8,38.5,5.2,33.6,31.6,44.8,23.41,5.24,85.72,17.53,12,-3.95,-5.3,-5.47,-5.3,2.67,1.83,10.91,2.04,8.44,0.71,-2.42,-4.14,Pepper,Clay Loam,0.411,0.275,26.58,7,0.41,3.902.346,18.782
12.27,108.064,6,485,0,32.5,2.98,5.9,33.4,34.1,30.4,23.35,141.43,84.51,17.08,4,-162.08,-169.35,-158.73,-138.82,7,56.24,226.23,162.74,189.26,115.44,-29.2,-98.71,Pepper,Clay Loam,0.444,0.256,756.89,7,0.299,2.322.727,20.198
12.272,108,6,526,16.31,32.7,2.81,5.5,32.7,34.6,28.9,23.35,141.43,84.51,17.08,4,-162.08,-169.35,-158.73,-138.82,7,56.24,226.23,162.74,189.26,115.44,-29.2,-98.71,Pepper,Clay Loam,0.444,0.255,756.89,7,0.299,3.167.355,19.931
12.276,108.144,6,528,3.64,35.4,29.2,5.5,31.5,33,35.3,23.41,5.24,85.72,16.64,12,-3.95,-5.3,-5.47,-5.3,2.67,1.83,10.91,2.04,8.44,0.71,-2.42,-4.14,Pepper,Clay Loam,0.411,0.267,26.58,7,0.41,3.251.955,19.978
12.282,107.646,6,865,3.64,31.8,26.8,5.3,35.3,32.9,30.5,23.78,8.07,84.94,17.53,12,-6.53,-7.12,-7.14,-6.8,1.78,5.04,19.69,5.03,8.76,-0.75,-5.38,-6.63,Pepper,Clay Loam,0.443,0.252,40.35,7,0.489,3.685.549,18.158
12.294,108.107,6,793,3.64,32.8,34,5.4,34.5,32.7,44.2,23.41,5.24,85.72,16.64,12,-3.95,-5.3,-5.47,-5.3,2.67,1.83,10.91,2.04,8.44,0.71,-2.42,-4.14,Pepper,Clay Loam,0.411,0.273,26.58,7,0.41,3.468.752,18.256
12.294,108.361,6,865,3.64,36.1,26.9,5.4,32.6,31.3,35.6,23.41,5.24,85.72,16.64,12,-3.95,-5.3,-5.47,-5.3,2.67,1.83,10.91,2.04,8.44,0.71,-2.42,-4.14,Pepper,Clay Loam,0.411,0.265,26.58,7,0.41,3.468.752,17.788
12.305,108.005,6,503,18.85,32.8,3.25,5.5,34.1,33.1,38,23.35,141.43,84.51,17.08,4,-162.08,-169.35,-158.73,-138.82,7,56.24,226.23,162.74,189.26,115.44,-29.2,-98.71,Pepper,Clay Loam,0.444,0.265,756.89,7,0.299,3.167.355,20.08
12.307,107.887,6,472,0.51,32,2.93,5.5,31.7,36.3,34.6,23.35,141.43,84.51,17.87,4,-162.08,-169.35,-158.73,-138.82,7,56.24,226.23,162.74,189.26,115.44,-29.2,-98.71,Pepper,Clay Loam,0.444,0.266,756.89,7,0.299,3.167.355,20.282
12.309,108.134,6,560,11.67,34,2.86,5.6,33,33,30.1,23.35,141.43,84.51,17.08,4,-162.08,-169.35,-158.73,-138.82,7,56.24,226.23,162.74,189.26,115.44,-29.2,-98.71,Pepper,Clay Loam,0.444,0.256,756.89,7,0.299,2.956.198,19.71
12.309,108.3,6,805,10.21,35.6,3.09,5.5,33.4,31,40.2,23.35,141.43,84.51,17.08,4,-162.08,-169.35,-158.73,-138.82,7,56.24,226.23,162.74,189.26,115.44,-29.2,-98.71,Pepper,Clay Loam,0.444,0.269,756.89,7,0.299,3.167.355,18.118
12.312,108.282,6,691,3.64,37.4,30,5.5,31,31.7,37.9,23.41,5.24,85.72,16.64,12,-3.95,-5.3,-5.47,-5.3,2.67,1.83,10.91,2.04,8.44,0.71,-2.42,-4.14,Pepper,Clay Loam,0.411,0.272,26.58,7,0.41,3.251.955,18.918
12.313,107.68,6,881,3.64,31,29.3,5.4,33.4,35.5,33.5,23.78,8.07,84.94,17.53,12,-6.53,-7.12,-7.14,-6.8,1.78,5.04,19.69,5.03,8.76,-0.75,-5.38,-6.63,Pepper,Clay Loam,0.443,0.26,40.35,7,0.489,3.468.752,18.054
12.323,107.744,6,791,3.64,33.1,32.4,5.3,33.8,33.1,43.8,23.78,8.07,84.94,17.53,12,-6.53,-7.12,-7.14,-6.8,1.78,5.04,19.69,5.03,8.76,-0.75,-5.38,-6.63,Pepper,Clay Loam,0.443,0.274,40.35,7,0.489,3.685.549,18.638
12.327,108.487,6,1087,3.64,36.4,38.8,5.4,36.1,27.5,37.9,23.46,3.64,87.08,16.64,12,-1.76,-4.32,-5.02,-4.88,1.67,-0.01,3.68,-0.7,7.04,3.99,1.88,-1.6,Pepper,Clay Loam,0.373,0.26,18.29,9,0.386,3.468.752,16.394
12.351,107.916,6,425,3.64,34.7,27.7,5.6,31.1,34.3,29.2,23.41,5.24,85.72,17.53,12,-3.95,-5.3,-5.47,-5.3,2.67,1.83,10.91,2.04,8.44,0.71,-2.42,-4.14,Pepper,Clay Loam,0.411,0.259,26.58,7,0.41,3.035.158,20.648
12.363,108.027,6,617,3.64,31.9,31.4,5.4,31.2,37,39,23.41,5.24,85.72,16.64,12,-3.95,-5.3,-5.47,-5.3,2.67,1.83,10.91,2.04,8.44,0.71,-2.42,-4.14,Pepper,Clay Loam,0.411,0.273,26.58,7,0.41,3.468.752,19.4
12.363,108.287,6,879,3.64,34.2,31.1,5.3,33,32.8,43.5,23.41,5.24,85.72,16.64,12,-3.95,-5.3,-5.47,-5.3,2.67,1.83,10.91,2.04,8.44,0.71,-2.42,-4.14,Pepper,Clay Loam,0.411,0.275,26.58,7,0.41,3.685.549,17.696
12.364,108.051,6,559,3.64,29.9,31.4,5.5,30.2,39.9,45.7,23.41,5.24,85.72,16.64,12,-3.95,-5.3,-5.47,-5.3,2.67,1.83,10.91,2.04,8.44,0.71,-2.42,-4.14,Pepper,Clay Loam,0.411,0.285,26.58,7,0.41,3.251.955,19.776
12.373,108.114,6,517,18.75,34,3.03,5.5,34.4,31.7,37,23.35,141.43,84.51,17.08,4,-162.08,-169.35,-158.73,-138.82,7,56.24,226.23,162.74,189.26,115.44,-29.2,-98.71,Pepper,Clay Loam,0.444,0.263,756.89,7,0.299,3.167.355,19.99
12.374,107.84,6,557,3.64,32.4,27.8,5.6,31.1,36.6,32.9,23.41,5.24,85.72,17.53,12,-3.95,-5.3,-5.47,-5.3,2.67,1.83,10.91,2.04,8.44,0.71,-2.42,-4.14,Pepper,Clay Loam,0.411,0.265,26.58,7,0.41,3.035.158,19.79
12.374,108.223,6,553,3.64,34.8,36.3,5.5,31.7,33.5,34.1,23.41,5.24,85.72,16.64,12,-3.95,-5.3,-5.47,-5.3,2.67,1.83,10.91,2.04,8.44,0.71,-2.42,-4.14,Pepper,Clay Loam,0.411,0.265,26.58,7,0.41,3.251.955,19.816
12.379,108.176,6,427,13.55,36.4,2.07,5.8,35,28.6,26.5,23.35,141.43,84.51,17.08,4,-162.08,-169.35,-158.73,-138.82,7,56.24,226.23,162.74,189.26,115.44,-29.2,-98.71,Pepper,Clay Loam,0.444,0.247,756.89,7,0.299,2.533.884,20.574
12.381,108.215,6,446,2.21,35.6,3,5.7,31.6,32.7,32.6,23.35,141.43,84.51,17.08,4,-162.08,-169.35,-158.73,-138.82,7,56.24,226.23,162.74,189.26,115.44,-29.2,-98.71,Pepper,Clay Loam,0.444,0.263,756.89,7,0.299,2.745.041,20.451
12.406,108.008,6,571,13.87,35.6,2.61,5.5,32.2,32.2,40.1,23.35,141.43,84.51,17.08,4,-162.08,-169.35,-158.73,-138.82,7,56.24,226.23,162.74,189.26,115.44,-29.2,-98.71,Pepper,Clay Loam,0.444,0.272,756.89,7,0.299,3.167.355,19.638
12.412,107.927,6,421,0,35.7,2.21,5.8,31.9,32.5,29.5,23.35,141.43,84.51,17.87,4,-162.08,-169.35,-158.73,-138.82,7,56.24,226.23,162.74,189.26,115.44,-29.2,-98.71,Pepper,Clay Loam,0.444,0.258,756.89,7,0.299,2.533.884,20.614
12.412,108.225,6,428,0.53,33.9,2.02,6,35,31.1,27.7,23.35,141.43,84.51,17.08,4,-162.08,-169.35,-158.73,-138.82,7,56.24,226.23,162.74,189.26,115.44,-29.2,-98.71,Pepper,Clay Loam,0.444,0.248,756.89,7,0.299,2111.57,20.568
12.419,107.912,6,420,0,35.9,1.83,5.8,30.1,34,28.7,23.35,141.43,84.51,17.87,4,-162.08,-169.35,-158.73,-138.82,7,56.24,226.23,162.74,189.26,115.44,-29.2,-98.71,Pepper,Clay Loam,0.444,0.261,756.89,7,0.299,2.533.884,20.62
12.422,107.744,6,639,6.48,35.3,2.76,5.8,32.8,31.8,38.6,23.73,231.98,84.06,17.87,4,-223.28,-224.48,-213.24,-190.37,2.58,142.09,478.49,339.12,196.45,35.26,-147.65,-194.95,Pepper,Clay Loam,0.468,0.269,1193.97,7,0.401,3.281.364,19.576
12.431,108.261,6,675,9.54,35.1,3.64,5.5,32.4,32.5,40.6,23.35,141.43,84.51,17.08,4,-162.08,-169.35,-158.73,-138.82,7,56.24,226.23,162.74,189.26,115.44,-29.2,-98.71,Pepper,Clay Loam,0.444,0.272,756.89,7,0.299,3.167.355,18.963
12.432,108.246,6,493,8.43,34.3,2.96,5.9,35.4,30.3,30,23.35,141.43,84.51,17.08,4,-162.08,-169.35,-158.73,-138.82,7,56.24,226.23,162.74,189.26,115.44,-29.2,-98.71,Pepper,Clay Loam,0.444,0.251,756.89,7,0.299,2.322.727,20.146
12.442,108.251,6,518,3.64,35.7,30.4,5.9,34.3,30,32.8,23.41,5.24,85.72,16.64,12,-3.95,-5.3,-5.47,-5.3,2.67,1.83,10.91,2.04,8.44,0.71,-2.42,-4.14,Pepper,Clay Loam,0.411,0.257,26.58,7,0.41,2.384.767,20.043
12.447,108.213,6,433,1.16,34.4,1.96,6,34.3,31.3,26.3,23.35,141.43,84.51,17.08,4,-162.08,-169.35,-158.73,-138.82,7,56.24,226.23,162.74,189.26,115.44,-29.2,-98.71,Pepper,Clay Loam,0.444,0.248,756.89,7,0.299,2111.57,20.536
12.448,107.594,6,712,3.64,33,25,5.4,34.3,32.7,40.4,23.78,8.07,84.94,17.53,12,-6.53,-7.12,-7.14,-6.8,1.78,5.04,19.69,5.03,8.76,-0.75,-5.38,-6.63,Pepper,Clay Loam,0.443,0.268,40.35,7,0.489,3.468.752,19.152
12.448,108.337,6,750,3.64,35.7,28.5,5.6,32.1,32.1,32.2,23.41,5.24,85.72,16.64,12,-3.95,-5.3,-5.47,-5.3,2.67,1.83,10.91,2.04,8.44,0.71,-2.42,-4.14,Pepper,Clay Loam,0.411,0.261,26.58,7,0.41,3.035.158,18.535
12.45,107.76,6,644,15.21,35.3,2.61,5.7,32.5,32.2,40.7,23.73,231.98,84.06,17.87,4,-223.28,-224.48,-213.24,-190.37,2.58,142.09,478.49,339.12,196.45,35.26,-147.65,-194.95,Pepper,Clay Loam,0.468,0.272,1193.97,7,0.401,3.554.811,19.544
12.462,108.011,6,417,0.51,34.8,1.94,5.8,36.1,29.2,22.6,23.35,141.43,84.51,17.08,4,-162.08,-169.35,-158.73,-138.82,7,56.24,226.23,162.74,189.26,115.44,-29.2,-98.71,Pepper,Clay Loam,0.444,0.239,756.89,7,0.299,2.533.884,20.64
12.469,108.223,6,497,3.34,36.9,2.2,5.9,33.2,29.9,27.9,23.35,141.43,84.51,17.08,4,-162.08,-169.35,-158.73,-138.82,7,56.24,226.23,162.74,189.26,115.44,-29.2,-98.71,Pepper,Clay Loam,0.444,0.253,756.89,7,0.299,2.322.727,20.12
12.474,107.704,6,692,9.54,34.6,2.32,5.5,34.4,31,36.9,23.73,231.98,84.06,17.87,4,-223.28,-224.48,-213.24,-190.37,2.58,142.09,478.49,339.12,196.45,35.26,-147.65,-194.95,Pepper,Clay Loam,0.468,0.263,1193.97,7,0.401,4.101.705,19.232
12.477,107.921,6,433,3.64,31.7,16.4,5.7,32,36.2,29.8,23.41,5.24,85.72,17.53,12,-3.95,-5.3,-5.47,-5.3,2.67,1.83,10.91,2.04,8.44,0.71,-2.42,-4.14,Pepper,Clay Loam,0.411,0.258,26.58,7,0.41,2.818.361,20.596
12.478,108.072,6,466,1.63,31.9,2.31,5.6,37.1,31,50.7,23.35,141.43,84.51,17.08,4,-162.08,-169.35,-158.73,-138.82,7,56.24,226.23,162.74,189.26,115.44,-29.2,-98.71,Pepper,Clay Loam,0.444,0.276,756.89,7,0.299,2.956.198,20.321
12.478,108.239,6,568,16.21,37.3,2.79,5.8,32.4,30.2,34.2,23.35,141.43,84.51,17.08,4,-162.08,-169.35,-158.73,-138.82,7,56.24,226.23,162.74,189.26,115.44,-29.2,-98.71,Pepper,Clay Loam,0.444,0.263,756.89,7,0.299,2.533.884,19.658
12.479,107.989,6,416,0.53,30.7,2.03,5.8,35.7,33.6,21.6,23.35,141.43,84.51,17.87,4,-162.08,-169.35,-158.73,-138.82,7,56.24,226.23,162.74,189.26,115.44,-29.2,-98.71,Pepper,Clay Loam,0.444,0.238,756.89,7,0.299,2.533.884,20.646
12.484,108.289,6,450,2.59,32.7,3.56,5.9,35,32.3,37.1,23.35,141.43,84.51,17.08,4,-162.08,-169.35,-158.73,-138.82,7,56.24,226.23,162.74,189.26,115.44,-29.2,-98.71,Pepper,Clay Loam,0.444,0.261,756.89,7,0.299,2.322.727,20.425
12.492,108.34,6,452,3.64,34,35.6,5.9,35.3,30.7,34.7,23.41,5.24,85.72,16.64,12,-3.95,-5.3,-5.47,-5.3,2.67,1.83,10.91,2.04,8.44,0.71,-2.42,-4.14,Pepper,Clay Loam,0.411,0.257,26.58,7,0.41,2.384.767,20.472
12.494,108.343,6,444,1.66,33.6,3.28,5.9,35.1,31.3,31.7,23.35,141.43,84.51,17.08,4,-162.08,-169.35,-158.73,-138.82,7,56.24,226.23,162.74,189.26,115.44,-29.2,-98.71,Pepper,Clay Loam,0.444,0.254,756.89,7,0.299,2.322.727,20.464
12.494,108.372,6,1009,3.64,34.7,44.5,5.2,34.5,30.9,56,23.41,5.24,85.72,16.64,12,-3.95,-5.3,-5.47,-5.3,2.67,1.83,10.91,2.04,8.44,0.71,-2.42,-4.14,Pepper,Clay Loam,0.411,0.289,26.58,7,0.41,3.902.346,16.852
12.496,107.985,6,416,2.11,31.7,1.96,5.8,34.8,33.6,23,23.35,141.43,84.51,17.87,4,-162.08,-169.35,-158.73,-138.82,7,56.24,226.23,162.74,189.26,115.44,-29.2,-98.71,Pepper,Clay Loam,0.444,0.242,756.89,7,0.299,2.533.884,20.646
12.498,108.247,6,493,3.64,32.2,22.1,6,35.3,32.5,24.2,23.41,5.24,85.72,16.64,12,-3.95,-5.3,-5.47,-5.3,2.67,1.83,10.91,2.04,8.44,0.71,-2.42,-4.14,Pepper,Clay Loam,0.411,0.243,26.58,7,0.41,2167.97,20.206
12.503,107.819,6,417,4.76,34.5,2.32,5.7,35.7,29.8,22.5,23.35,141.43,84.51,17.87,4,-162.08,-169.35,-158.73,-138.82,7,56.24,226.23,162.74,189.26,115.44,-29.2,-98.71,Pepper,Clay Loam,0.444,0.239,756.89,7,0.299,2.745.041,20.64
12.512,107.968,6,415,5.87,33.5,2.54,5.8,33.9,32.6,24.9,23.35,141.43,84.51,17.87,4,-162.08,-169.35,-158.73,-138.82,7,56.24,226.23,162.74,189.26,115.44,-29.2,-98.71,Pepper,Clay Loam,0.444,0.247,756.89,7,0.299,2.533.884,20.653
12.525,107.673,6,554,3.64,34.5,20.7,5.8,33.9,31.5,23.4,23.78,8.07,84.94,17.53,12,-6.53,-7.12,-7.14,-6.8,1.78,5.04,19.69,5.03,8.76,-0.75,-5.38,-6.63,Pepper,Clay Loam,0.443,0.245,40.35,7,0.489,2.601.564,20.179
12.525,108.109,6,613,12.12,32.4,2.41,5.8,34.8,32.8,35.4,23.35,141.43,84.51,17.08,4,-162.08,-169.35,-158.73,-138.82,7,56.24,226.23,162.74,189.26,115.44,-29.2,-98.71,Pepper,Clay Loam,0.444,0.26,756.89,7,0.299,2.533.884,19.366
12.525,108.125,6,555,3.64,32,24.6,5.6,34.8,33.2,43.9,23.41,5.24,85.72,16.64,12,-3.95,-5.3,-5.47,-5.3,2.67,1.83,10.91,2.04,8.44,0.71,-2.42,-4.14,Pepper,Clay Loam,0.411,0.271,26.58,7,0.41,3.035.158,19.803
12.527,108.401,6,457,3.64,36.4,22.8,5.8,37.7,25.8,28.9,23.41,5.24,85.72,16.64,12,-3.95,-5.3,-5.47,-5.3,2.67,1.83,10.91,2.04,8.44,0.71,-2.42,-4.14,Pepper,Clay Loam,0.411,0.244,26.58,7,0.41,2.601.564,20.44
12.531,108.208,6,426,3.64,32.4,19.3,6,37.5,30.1,22.9,23.41,5.24,85.72,16.64,12,-3.95,-5.3,-5.47,-5.3,2.67,1.83,10.91,2.04,8.44,0.71,-2.42,-4.14,Pepper,Clay Loam,0.411,0.236,26.58,7,0.41,2167.97,20.641
12.533,108.138,6,489,3.64,33,2.43,5.7,36.8,30.3,26.6,23.35,141.43,84.51,17.08,4,-162.08,-169.35,-158.73,-138.82,7,56.24,226.23,162.74,189.26,115.44,-29.2,-98.71,Pepper,Clay Loam,0.444,0.243,756.89,7,0.299,2.745.041,20.172
12.537,107.909,6,360,0.51,32.4,2.24,5.8,36.9,30.7,26.9,23.35,141.43,84.51,17.87,4,-162.08,-169.35,-158.73,-138.82,7,56.24,226.23,162.74,189.26,115.44,-29.2,-98.71,Pepper,Clay Loam,0.444,0.243,756.89,7,0.299,2.533.884,21.01
12.54,108.178,6,455,1.17,30.5,2.02,5.7,37.4,32.1,28.8,23.35,141.43,84.51,17.08,4,-162.08,-169.35,-158.73,-138.82,7,56.24,226.23,162.74,189.26,115.44,-29.2,-98.71,Pepper,Clay Loam,0.444,0.244,756.89,7,0.299,2.745.041,20.393
12.544,107.822,6,387,18.02,32.8,2.63,5.6,34.8,32.4,30.7,23.35,141.43,84.51,17.87,4,-162.08,-169.35,-158.73,-138.82,7,56.24,226.23,162.74,189.26,115.44,-29.2,-98.71,Pepper,Clay Loam,0.444,0.253,756.89,7,0.299,2.956.198,20.835
12.546,107.982,6,444,2.63,31.2,2.44,5.6,36.4,32.4,28.4,23.35,141.43,84.51,17.87,4,-162.08,-169.35,-158.73,-138.82,7,56.24,226.23,162.74,189.26,115.44,-29.2,-98.71,Pepper,Clay Loam,0.444,0.246,756.89,7,0.299,2.956.198,20.464
12.552,108.039,6,493,3.64,34.5,25.9,5.6,33.7,31.9,29.5,23.41,5.24,85.72,16.64,12,-3.95,-5.3,-5.47,-5.3,2.67,1.83,10.91,2.04,8.44,0.71,-2.42,-4.14,Pepper,Clay Loam,0.411,0.254,26.58,7,0.41,3.035.158,20.206
12.558,107.638,6,426,3.64,33.9,24.9,5.4,32,34.1,31.4,23.78,8.07,84.94,17.53,12,-6.53,-7.12,-7.14,-6.8,1.78,5.04,19.69,5.03,8.76,-0.75,-5.38,-6.63,Pepper,Clay Loam,0.443,0.26,40.35,7,0.489,3.468.752,21.011
12.561,108.131,6,543,0.51,33.5,2.68,5.7,33.8,32.8,28.1,23.35,141.43,84.51,17.08,4,-162.08,-169.35,-158.73,-138.82,7,56.24,226.23,162.74,189.26,115.44,-29.2,-98.71,Pepper,Clay Loam,0.444,0.252,756.89,7,0.299,2.745.041,19.821
12.568,108.377,6,471,3.64,33.8,23.4,5.9,38.1,28,24.4,23.41,5.24,85.72,16.64,12,-3.95,-5.3,-5.47,-5.3,2.67,1.83,10.91,2.04,8.44,0.71,-2.42,-4.14,Pepper,Clay Loam,0.411,0.237,26.58,7,0.41,2.384.767,20.348
12.571,107.556,6,442,3.64,32.4,27.2,5.4,35.5,32.1,34.6,23.78,8.07,84.94,17.53,12,-6.53,-7.12,-7.14,-6.8,1.78,5.04,19.69,5.03,8.76,-0.75,-5.38,-6.63,Pepper,Clay Loam,0.443,0.257,40.35,7,0.489,3.468.752,20.907
12.571,107.726,6,525,8.77,37.2,2.29,5.7,33,29.8,36.5,23.73,231.98,84.06,17.87,4,-223.28,-224.48,-213.24,-190.37,2.58,142.09,478.49,339.12,196.45,35.26,-147.65,-194.95,Pepper,Clay Loam,0.468,0.265,1193.97,7,0.401,3.554.811,20.318
12.571,108.236,6,437,3.64,32,23.4,5.8,38.3,29.7,27.4,23.41,5.24,85.72,16.64,12,-3.95,-5.3,-5.47,-5.3,2.67,1.83,10.91,2.04,8.44,0.71,-2.42,-4.14,Pepper,Clay Loam,0.411,0.24,26.58,7,0.41,2.601.564,20.57
12.572,108.193,6,451,4.14,31.2,2.14,5.7,36.9,31.9,25.3,23.35,141.43,84.51,17.08,4,-162.08,-169.35,-158.73,-138.82,7,56.24,226.23,162.74,189.26,115.44,-29.2,-98.71,Pepper,Clay Loam,0.444,0.241,756.89,7,0.299,2.745.041,20.418
12.573,108.244,6,440,1.47,29.7,2.34,5.9,39.3,31,26.4,23.35,141.43,84.51,17.08,4,-162.08,-169.35,-158.73,-138.82,7,56.24,226.23,162.74,189.26,115.44,-29.2,-98.71,Pepper,Clay Loam,0.444,0.237,756.89,7,0.299,2.322.727,20.49
12.577,107.98,6,384,2.35,33.4,2.09,5.9,37.3,29.3,20.3,23.35,141.43,84.51,17.87,4,-162.08,-169.35,-158.73,-138.82,7,56.24,226.23,162.74,189.26,115.44,-29.2,-98.71,Pepper,Clay Loam,0.444,0.233,756.89,7,0.299,2.322.727,20.854
12.579,107.606,6,477,12.67,37.3,2.5,5.5,32.9,29.9,36.3,23.73,231.98,84.06,17.87,4,-223.28,-224.48,-213.24,-190.37,2.58,142.09,478.49,339.12,196.45,35.26,-147.65,-194.95,Pepper,Clay Loam,0.468,0.265,1193.97,7,0.401,4.101.705,20.63
12.585,108.066,6,452,3.47,34.7,2.02,5.6,36.1,29.2,28,23.35,141.43,84.51,17.08,4,-162.08,-169.35,-158.73,-138.82,7,56.24,226.23,162.74,189.26,115.44,-29.2,-98.71,Pepper,Clay Loam,0.444,0.246,756.89,7,0.299,2.956.198,20.412
12.586,108.234,6,438,3.64,31.2,20.6,6,39.7,29.2,21.2,23.41,5.24,85.72,16.64,12,-3.95,-5.3,-5.47,-5.3,2.67,1.83,10.91,2.04,8.44,0.71,-2.42,-4.14,Pepper,Clay Loam,0.411,0.228,26.58,7,0.41,2167.97,20.563
12.588,108.054,6,437,1.17,34.1,1.87,5.7,37.8,28.1,29.5,23.35,141.43,84.51,17.08,4,-162.08,-169.35,-158.73,-138.82,7,56.24,226.23,162.74,189.26,115.44,-29.2,-98.71,Pepper,Clay Loam,0.444,0.244,756.89,7,0.299,2.745.041,20.51
12.588,108.188,6,451,2.35,31.2,2.09,5.8,38,30.8,23,23.35,141.43,84.51,17.08,4,-162.08,-169.35,-158.73,-138.82,7,56.24,226.23,162.74,189.26,115.44,-29.2,-98.71,Pepper,Clay Loam,0.444,0.235,756.89,7,0.299,2.533.884,20.418
12.588,108.39,6,438,2.12,31.6,1.94,6,38.9,29.5,18.7,23.35,141.43,84.51,17.08,4,-162.08,-169.35,-158.73,-138.82,7,56.24,226.23,162.74,189.26,115.44,-29.2,-98.71,Pepper,Clay Loam,0.444,0.227,756.89,7,0.299,2111.57,20.503
12.595,107.735,6,484,1.47,38.1,2.25,5.8,34.1,27.9,32.4,23.73,231.98,84.06,17.87,4,-223.28,-224.48,-213.24,-190.37,2.58,142.09,478.49,339.12,196.45,35.26,-147.65,-194.95,Pepper,Clay Loam,0.468,0.257,1193.97,7,0.401,3.281.364,20.584
12.595,107.988,6,370,1.54,34.4,2.08,5.8,36.9,28.7,22.5,23.35,141.43,84.51,17.87,4,-162.08,-169.35,-158.73,-138.82,7,56.24,226.23,162.74,189.26,115.44,-29.2,-98.71,Pepper,Clay Loam,0.444,0.237,756.89,7,0.299,2.533.884,20.945
12.596,108.273,6,444,1.63,31.1,2.05,6.1,39.6,29.3,29.2,23.35,141.43,84.51,17.08,4,-162.08,-169.35,-158.73,-138.82,7,56.24,226.23,162.74,189.26,115.44,-29.2,-98.71,Pepper,Clay Loam,0.444,0.24,756.89,7,0.299,1.900.413,20.464
12.598,108.262,6,437,3.64,30.1,19.5,6,39.9,30,28.7,23.41,5.24,85.72,16.64,12,-3.95,-5.3,-5.47,-5.3,2.67,1.83,10.91,2.04,8.44,0.71,-2.42,-4.14,Pepper,Clay Loam,0.411,0.238,26.58,7,0.41,2167.97,20.57
12.602,108.16,6,472,3.34,30.6,2.13,5.8,36.7,32.7,24.4,23.35,141.43,84.51,17.08,4,-162.08,-169.35,-158.73,-138.82,7,56.24,226.23,162.74,189.26,115.44,-29.2,-98.71,Pepper,Clay Loam,0.444,0.24,756.89,7,0.299,2.533.884,20.282
12.604,108.273,6,456,3.26,30.8,2.34,6,37.9,31.3,29.4,23.35,141.43,84.51,17.08,4,-162.08,-169.35,-158.73,-138.82,7,56.24,226.23,162.74,189.26,115.44,-29.2,-98.71,Pepper,Clay Loam,0.444,0.244,756.89,7,0.299,2111.57,20.386
12.605,107.883,6,335,1.47,34.2,2.22,5.8,33.6,32.1,25.8,23.35,141.43,84.51,17.87,4,-162.08,-169.35,-158.73,-138.82,7,56.24,226.23,162.74,189.26,115.44,-29.2,-98.71,Pepper,Clay Loam,0.444,0.249,756.89,7,0.299,2.533.884,21.173
12.606,107.921,6,324,1.66,29.2,2.53,5.8,37.3,33.5,19.6,23.35,141.43,84.51,17.87,4,-162.08,-169.35,-158.73,-138.82,7,56.24,226.23,162.74,189.26,115.44,-29.2,-98.71,Pepper,Clay Loam,0.444,0.232,756.89,7,0.299,2.533.884,21.244
12.609,108.035,6,413,1.58,35.3,2.61,5.7,35.2,29.4,26.2,23.35,141.43,84.51,17.08,4,-162.08,-169.35,-158.73,-138.82,7,56.24,226.23,162.74,189.26,115.44,-29.2,-98.71,Pepper,Clay Loam,0.444,0.246,756.89,7,0.299,2.745.041,20.666
12.609,108.21,6,466,4.78,29.2,2.15,5.8,39,31.8,23.1,23.35,141.43,84.51,17.08,4,-162.08,-169.35,-158.73,-138.82,7,56.24,226.23,162.74,189.26,115.44,-29.2,-98.71,Pepper,Clay Loam,0.444,0.233,756.89,7,0.299,2.533.884,20.321
12.618,108.296,6,469,1.05,31,2.22,6,38.2,30.8,27.5,23.35,141.43,84.51,17.08,4,-162.08,-169.35,-158.73,-138.82,7,56.24,226.23,162.74,189.26,115.44,-29.2,-98.71,Pepper,Clay Loam,0.444,0.241,756.89,7,0.299,2111.57,20.302
12.624,107.565,6,362,3.64,33.7,23.4,5.5,34.4,31.9,30.1,23.78,8.07,84.94,17.53,12,-6.53,-7.12,-7.14,-6.8,1.78,5.04,19.69,5.03,8.76,-0.75,-5.38,-6.63,Pepper,Clay Loam,0.443,0.253,40.35,7,0.489,3.251.955,21.427
12.629,108.02,6,399,0.74,32.8,2.45,5.8,34.5,32.7,22.8,23.35,141.43,84.51,17.08,4,-162.08,-169.35,-158.73,-138.82,7,56.24,226.23,162.74,189.26,115.44,-29.2,-98.71,Pepper,Clay Loam,0.444,0.243,756.89,7,0.299,2.533.884,20.757
12.632,107.849,6,357,0,31.2,1.93,5.8,37.3,31.4,20.5,23.35,141.43,84.51,17.87,4,-162.08,-169.35,-158.73,-138.82,7,56.24,226.23,162.74,189.26,115.44,-29.2,-98.71,Pepper,Clay Loam,0.444,0.233,756.89,7,0.299,2.533.884,21.03
12.64,108.209,6,514,0.51,27.7,2.38,5.7,37.9,34.3,32.8,23.35,141.43,84.51,17.08,4,-162.08,-169.35,-158.73,-138.82,7,56.24,226.23,162.74,189.26,115.44,-29.2,-98.71,Pepper,Clay Loam,0.444,0.249,756.89,7,0.299,2.745.041,20.009
12.641,107.786,6,386,3.64,31.3,20.2,5.8,37.5,31.2,27.1,23.78,8.07,84.94,17.53,12,-6.53,-7.12,-7.14,-6.8,1.78,5.04,19.69,5.03,8.76,-0.75,-5.38,-6.63,Pepper,Clay Loam,0.443,0.242,40.35,7,0.489,2.601.564,21.271
12.641,108.135,6,528,1.47,33.1,2.24,5.6,35.5,31.3,32.8,23.35,141.43,84.51,17.08,4,-162.08,-169.35,-158.73,-138.82,7,56.24,226.23,162.74,189.26,115.44,-29.2,-98.71,Pepper,Clay Loam,0.444,0.254,756.89,7,0.299,2.956.198,19.918
12.642,108.496,6,478,3.64,34.6,22.7,5.9,37.2,28.1,24,23.46,3.64,87.08,16.64,12,-1.76,-4.32,-5.02,-4.88,1.67,-0.01,3.68,-0.7,7.04,3.99,1.88,-1.6,Pepper,Clay Loam,0.373,0.238,18.29,9,0.386,2.384.767,20.353
12.643,107.977,6,375,1.16,28.6,2.36,5.5,34.6,36.8,24.3,23.35,141.43,84.51,17.87,4,-162.08,-169.35,-158.73,-138.82,7,56.24,226.23,162.74,189.26,115.44,-29.2,-98.71,Pepper,Clay Loam,0.444,0.244,756.89,7,0.299,3.167.355,20.912
12.645,107.687,6,361,4.4,31,3.1,5.5,34.2,34.8,37,23.73,231.98,84.06,17.87,4,-223.28,-224.48,-213.24,-190.37,2.58,142.09,478.49,339.12,196.45,35.26,-147.65,-194.95,Pepper,Clay Loam,0.468,0.263,1193.97,7,0.401,4.101.705,21.384
12.645,108.321,6,467,1.63,31.3,2.38,6,40,28.6,27.5,23.35,141.43,84.51,17.08,4,-162.08,-169.35,-158.73,-138.82,7,56.24,226.23,162.74,189.26,115.44,-29.2,-98.71,Pepper,Clay Loam,0.444,0.236,756.89,7,0.299,2111.57,20.315
12.646,107.835,6,404,1.16,33.3,2.57,5.9,36.5,30.2,30.8,23.35,141.43,84.51,17.87,4,-162.08,-169.35,-158.73,-138.82,7,56.24,226.23,162.74,189.26,115.44,-29.2,-98.71,Pepper,Clay Loam,0.444,0.249,756.89,7,0.299,2.322.727,20.724
12.647,108.35,6,450,3.64,31.7,24.1,6,39.1,29.2,20.6,23.41,5.24,85.72,16.64,12,-3.95,-5.3,-5.47,-5.3,2.67,1.83,10.91,2.04,8.44,0.71,-2.42,-4.14,Pepper,Clay Loam,0.411,0.229,26.58,7,0.41,2167.97,20.485
12.65,108.301,6,609,8.73,30.5,2.54,5.7,39.6,29.9,33.1,23.35,141.43,84.51,17.08,4,-162.08,-169.35,-158.73,-138.82,7,56.24,226.23,162.74,189.26,115.44,-29.2,-98.71,Pepper,Clay Loam,0.444,0.245,756.89,7,0.299,2.745.041,19.392
12.66,107.957,6,354,3.05,30.5,2.33,5.6,35.3,34.2,28.6,23.35,141.43,84.51,17.87,4,-162.08,-169.35,-158.73,-138.82,7,56.24,226.23,162.74,189.26,115.44,-29.2,-98.71,Pepper,Clay Loam,0.444,0.249,756.89,7,0.299,2.956.198,21.049
12.665,107.817,6,386,0.74,34.3,2.34,5.8,35.1,30.6,23.1,23.35,141.43,84.51,17.87,4,-162.08,-169.35,-158.73,-138.82,7,56.24,226.23,162.74,189.26,115.44,-29.2,-98.71,Pepper,Clay Loam,0.444,0.242,756.89,7,0.299,2.533.884,20.841
12.669,107.994,6,389,0.53,28.6,2.31,5.8,35.2,36.1,22.6,23.35,141.43,84.51,17.87,4,-162.08,-169.35,-158.73,-138.82,7,56.24,226.23,162.74,189.26,115.44,-29.2,-98.71,Pepper,Clay Loam,0.444,0.241,756.89,7,0.299,2.533.884,20.822
12.671,107.95,6,340,3.64,27.8,19.3,5.7,37.4,34.7,24.8,23.41,5.24,85.72,17.53,12,-3.95,-5.3,-5.47,-5.3,2.67,1.83,10.91,2.04,8.44,0.71,-2.42,-4.14,Pepper,Clay Loam,0.411,0.239,26.58,7,0.41,2.818.361,21.2
12.672,107.507,6,338,3.64,34.8,23.9,5.7,33.3,31.9,27,23.78,8.07,84.94,17.53,12,-6.53,-7.12,-7.14,-6.8,1.78,5.04,19.69,5.03,8.76,-0.75,-5.38,-6.63,Pepper,Clay Loam,0.443,0.251,40.35,7,0.489,2.818.361,21.583
12.673,107.669,6,351,3.64,30.7,26.9,5.4,33.6,35.8,35.1,23.78,8.07,84.94,17.53,12,-6.53,-7.12,-7.14,-6.8,1.78,5.04,19.69,5.03,8.76,-0.75,-5.38,-6.63,Pepper,Clay Loam,0.443,0.262,40.35,7,0.489,3.468.752,21.498
12.675,108.023,6,439,3.64,29.8,21.3,5.5,34.9,35.3,25,23.41,5.24,85.72,16.64,12,-3.95,-5.3,-5.47,-5.3,2.67,1.83,10.91,2.04,8.44,0.71,-2.42,-4.14,Pepper,Clay Loam,0.411,0.245,26.58,7,0.41,3.251.955,20.556
12.675,108.328,6,473,2.12,29.2,2.05,6,41.8,28.9,21.2,23.35,141.43,84.51,17.08,4,-162.08,-169.35,-158.73,-138.82,7,56.24,226.23,162.74,189.26,115.44,-29.2,-98.71,Pepper,Clay Loam,0.444,0.224,756.89,7,0.299,2111.57,20.276
12.68,108.375,6,441,3.64,31.7,20.6,6,39.7,28.6,21.8,23.41,5.24,85.72,16.64,12,-3.95,-5.3,-5.47,-5.3,2.67,1.83,10.91,2.04,8.44,0.71,-2.42,-4.14,Pepper,Clay Loam,0.411,0.229,26.58,7,0.41,2167.97,20.544
12.682,108.273,6,530,3.64,27.8,21.7,5.9,40.4,31.8,25,23.41,5.24,85.72,16.64,12,-3.95,-5.3,-5.47,-5.3,2.67,1.83,10.91,2.04,8.44,0.71,-2.42,-4.14,Pepper,Clay Loam,0.411,0.232,26.58,7,0.41,2.384.767,19.965
12.684,108.176,6,560,1.54,30.8,2.32,5.6,36.5,32.7,31.6,23.35,141.43,84.51,17.08,4,-162.08,-169.35,-158.73,-138.82,7,56.24,226.23,162.74,189.26,115.44,-29.2,-98.71,Pepper,Clay Loam,0.444,0.25,756.89,7,0.299,2.956.198,19.71
12.686,108.261,6,529,1.03,29.3,2.33,5.7,37.2,33.5,25.9,23.35,141.43,84.51,17.08,4,-162.08,-169.35,-158.73,-138.82,7,56.24,226.23,162.74,189.26,115.44,-29.2,-98.71,Pepper,Clay Loam,0.444,0.241,756.89,7,0.299,2.745.041,19.912
12.692,107.845,6,350,0.53,33.1,2.35,5.9,36.3,30.5,23.8,23.35,141.43,84.51,17.87,4,-162.08,-169.35,-158.73,-138.82,7,56.24,226.23,162.74,189.26,115.44,-29.2,-98.71,Pepper,Clay Loam,0.444,0.24,756.89,7,0.299,2.322.727,21.075
12.694,108.338,6,464,1.03,27.9,2.03,6,39.9,32.2,25.9,23.35,141.43,84.51,17.08,4,-162.08,-169.35,-158.73,-138.82,7,56.24,226.23,162.74,189.26,115.44,-29.2,-98.71,Pepper,Clay Loam,0.444,0.234,756.89,7,0.299,2111.57,20.334
12.695,107.928,6,299,6.66,31.1,2.24,5.8,39,29.9,24.2,23.35,141.43,84.51,17.87,4,-162.08,-169.35,-158.73,-138.82,7,56.24,226.23,162.74,189.26,115.44,-29.2,-98.71,Pepper,Clay Loam,0.444,0.234,756.89,7,0.299,2.533.884,21.406
12.696,108.389,6,458,1.03,29.8,2.5,6,39.3,30.9,30.7,23.35,141.43,84.51,17.08,4,-162.08,-169.35,-158.73,-138.82,7,56.24,226.23,162.74,189.26,115.44,-29.2,-98.71,Pepper,Clay Loam,0.444,0.243,756.89,7,0.299,2111.57,20.373
12.7,107.868,6,317,3.64,35.4,24,5.9,35.3,29.3,23.1,23.41,5.24,85.72,17.53,12,-3.95,-5.3,-5.47,-5.3,2.67,1.83,10.91,2.04,8.44,0.71,-2.42,-4.14,Pepper,Clay Loam,0.411,0.241,26.58,7,0.41,2.384.767,21.35
12.704,108.042,6,497,1.58,31.9,1.68,5.8,35.1,33,23.6,23.35,141.43,84.51,17.08,4,-162.08,-169.35,-158.73,-138.82,7,56.24,226.23,162.74,189.26,115.44,-29.2,-98.71,Pepper,Clay Loam,0.444,0.242,756.89,7,0.299,2.533.884,20.12
12.705,108.102,6,549,3.64,31.6,19.4,5.6,36.3,32.1,33.4,23.41,5.24,85.72,16.64,12,-3.95,-5.3,-5.47,-5.3,2.67,1.83,10.91,2.04,8.44,0.71,-2.42,-4.14,Pepper,Clay Loam,0.411,0.253,26.58,7,0.41,3.035.158,19.842
12.711,108.237,6,578,2.78,33.1,2.15,5.6,37.5,29.4,34,23.35,141.43,84.51,17.08,4,-162.08,-169.35,-158.73,-138.82,7,56.24,226.23,162.74,189.26,115.44,-29.2,-98.71,Pepper,Clay Loam,0.444,0.251,756.89,7,0.299,2.956.198,19.593
12.715,108.328,6,468,3.68,28.2,2.29,6,41.9,30,25.4,23.35,141.43,84.51,17.08,4,-162.08,-169.35,-158.73,-138.82,7,56.24,226.23,162.74,189.26,115.44,-29.2,-98.71,Pepper,Clay Loam,0.444,0.229,756.89,7,0.299,2111.57,20.308
12.715,108.45,6,448,3.64,35.7,19.6,6,37.7,26.7,24.1,23.46,3.64,87.08,16.64,12,-1.76,-4.32,-5.02,-4.88,1.67,-0.01,3.68,-0.7,7.04,3.99,1.88,-1.6,Pepper,Clay Loam,0.373,0.237,18.29,9,0.386,2167.97,20.548
12.722,108.004,6,351,4.49,29,2.27,5.8,37.3,33.7,23.1,23.35,141.43,84.51,17.08,4,-162.08,-169.35,-158.73,-138.82,7,56.24,226.23,162.74,189.26,115.44,-29.2,-98.71,Pepper,Clay Loam,0.444,0.237,756.89,7,0.299,2.533.884,21.068
12.726,108.09,6,535,0,34.7,2.13,5.7,35.4,29.9,25.5,23.35,141.43,84.51,17.08,4,-162.08,-169.35,-158.73,-138.82,7,56.24,226.23,162.74,189.26,115.44,-29.2,-98.71,Pepper,Clay Loam,0.444,0.244,756.89,7,0.299,2.745.041,19.873
12.731,108.429,6,450,3.64,34.8,21.9,6,36.6,28.6,27.4,23.41,5.24,85.72,16.64,12,-3.95,-5.3,-5.47,-5.3,2.67,1.83,10.91,2.04,8.44,0.71,-2.42,-4.14,Pepper,Clay Loam,0.411,0.244,26.58,7,0.41,2167.97,20.485
12.734,107.97,6,310,2.21,33.2,2.57,5.7,37.1,29.7,25.6,23.35,141.43,84.51,17.87,4,-162.08,-169.35,-158.73,-138.82,7,56.24,226.23,162.74,189.26,115.44,-29.2,-98.71,Pepper,Clay Loam,0.444,0.241,756.89,7,0.299,2.745.041,21.335
12.736,107.537,6,290,3.64,35.1,24.5,5.6,32.4,32.5,27.3,23.78,8.07,84.94,17.53,12,-6.53,-7.12,-7.14,-6.8,1.78,5.04,19.69,5.03,8.76,-0.75,-5.38,-6.63,Pepper,Clay Loam,0.443,0.254,40.35,7,0.489,3.035.158,21.895
12.737,108.277,6,590,3.64,35.6,24.2,5.6,36.6,27.8,36,23.41,5.24,85.72,16.64,12,-3.95,-5.3,-5.47,-5.3,2.67,1.83,10.91,2.04,8.44,0.71,-2.42,-4.14,Pepper,Clay Loam,0.411,0.256,26.58,7,0.41,3.035.158,19.575
12.739,107.798,6,279,9.99,33.5,2.03,6,34,32.5,25.9,23.73,231.98,84.06,17.87,4,-223.28,-224.48,-213.24,-190.37,2.58,142.09,478.49,339.12,196.45,35.26,-147.65,-194.95,Pepper,Clay Loam,0.468,0.248,1193.97,7,0.401,2734.47,21.916
12.743,108.37,6,454,1.58,28.5,1.9,6,42.1,29.4,18.8,23.35,141.43,84.51,17.08,4,-162.08,-169.35,-158.73,-138.82,7,56.24,226.23,162.74,189.26,115.44,-29.2,-98.71,Pepper,Clay Loam,0.444,0.219,756.89,7,0.299,2111.57,20.399
12.744,108.181,6,618,1.87,32.3,2.3,5.5,34.5,33.1,32.2,23.35,141.43,84.51,17.08,4,-162.08,-169.35,-158.73,-138.82,7,56.24,226.23,162.74,189.26,115.44,-29.2,-98.71,Pepper,Clay Loam,0.444,0.256,756.89,7,0.299,3.167.355,19.333
12.746,107.691,6,336,3.64,30.1,21.3,5.4,33,36.9,31.3,23.78,8.07,84.94,17.53,12,-6.53,-7.12,-7.14,-6.8,1.78,5.04,19.69,5.03,8.76,-0.75,-5.38,-6.63,Pepper,Clay Loam,0.443,0.258,40.35,7,0.489,3.468.752,21.596
12.748,107.796,6,243,14.49,31.8,2.18,5.8,32.8,35.4,24.5,23.73,231.98,84.06,17.87,4,-223.28,-224.48,-213.24,-190.37,2.58,142.09,478.49,339.12,196.45,35.26,-147.65,-194.95,Pepper,Clay Loam,0.468,0.249,1193.97,7,0.401,3.281.364,22.15
12.753,108.378,6,460,7.82,28.5,1.89,6,41.4,30.1,22.7,24.7,138.1,83.27,17.08,4,-159.26,-166.84,-154.61,-137.12,20.29,47.68,185.83,130.34,211.42,150.74,-24.92,-103.53,Pepper,Clay Loam,0.521,0.227,746.28,9,0.283,2111.3,21.71
12.757,108.292,6,550,1.87,27.9,2.35,5.8,39.7,32.3,31.7,24.7,138.1,83.27,17.08,4,-159.26,-166.84,-154.61,-137.12,20.29,47.68,185.83,130.34,211.42,150.74,-24.92,-103.53,Pepper,Clay Loam,0.521,0.243,746.28,9,0.283,2533.56,21.125
12.759,108.204,6,604,3.47,32.4,2.35,5.7,35.8,31.8,31.6,24.7,138.1,83.27,17.08,4,-159.26,-166.84,-154.61,-137.12,20.29,47.68,185.83,130.34,211.42,150.74,-24.92,-103.53,Pepper,Clay Loam,0.521,0.252,746.28,9,0.283,2744.69,20.774
12.76,107.524,6,303,3.64,36,22.9,5.6,33.7,30.4,28.3,25.86,8.09,82.95,17.53,12,-6.57,-7.33,-7.36,-6.7,2.7,5.61,18.96,4.97,9.12,-0.51,-5.8,-7.04,Pepper,Clay Loam,0.568,0.252,41.31,7,0.458,3.035.158,23.89
12.762,108.06,6,478,1.89,31.1,2.01,5.5,35.9,33,27.7,24.7,138.1,83.27,17.08,4,-159.26,-166.84,-154.61,-137.12,20.29,47.68,185.83,130.34,211.42,150.74,-24.92,-103.53,Pepper,Clay Loam,0.521,0.246,746.28,9,0.283,3166.95,21.593
12.764,108.196,6,645,2.12,35.3,2.01,5.6,31.4,33.4,29.6,24.7,138.1,83.27,17.08,4,-159.26,-166.84,-154.61,-137.12,20.29,47.68,185.83,130.34,211.42,150.74,-24.92,-103.53,Pepper,Clay Loam,0.521,0.259,746.28,9,0.283,2955.82,20.508
12.765,108.214,6,649,3.64,33.4,22.1,5.7,36.5,30.1,31.7,24.75,5.04,84.49,16.64,12,-3.85,-5.19,-5.49,-5.13,2.87,2.02,9.17,1.47,8.91,1.97,-2.38,-4.35,Pepper,Clay Loam,0.484,0.25,26.39,7,0.347,2.818.361,20.532
12.766,107.682,6,296,4.74,33.7,2.55,5.6,32.4,33.9,30.2,25.82,227.9,82.05,17.87,4,-222.95,-224.84,-212.6,-186.27,25.42,125.85,462.77,319.67,217.47,42.22,-150.03,-196.73,Pepper,Clay Loam,0.597,0.258,1193.42,7,0.388,3856.02,23.896
12.769,107.846,6,240,2.31,29.6,2.22,5.9,37.4,33,23.1,24.7,138.1,83.27,17.87,4,-159.26,-166.84,-154.61,-137.12,20.29,47.68,185.83,130.34,211.42,150.74,-24.92,-103.53,Pepper,Clay Loam,0.521,0.236,746.28,9,0.283,2322.43,23.14
12.77,108.211,6,671,2.06,34.3,2.1,5.6,36.8,28.9,28.6,24.7,138.1,83.27,17.08,4,-159.26,-166.84,-154.61,-137.12,20.29,47.68,185.83,130.34,211.42,150.74,-24.92,-103.53,Pepper,Clay Loam,0.521,0.245,746.28,9,0.283,2955.82,20.338
12.771,108.14,6,615,3.64,33,22.8,5.5,33.5,33.5,31.2,24.75,5.04,84.49,16.64,12,-3.85,-5.19,-5.49,-5.13,2.87,2.02,9.17,1.47,8.91,1.97,-2.38,-4.35,Pepper,Clay Loam,0.484,0.257,26.39,7,0.347,3.251.955,20.752
12.773,108.311,6,526,4.74,30.5,2.22,5.9,38,31.5,24,24.7,138.1,83.27,17.08,4,-159.26,-166.84,-154.61,-137.12,20.29,47.68,185.83,130.34,211.42,150.74,-24.92,-103.53,Pepper,Clay Loam,0.521,0.236,746.28,9,0.283,2322.43,21.281
12.774,108.189,6,646,1.66,37.9,2.21,5.7,33.4,28.7,25.8,24.7,138.1,83.27,17.08,4,-159.26,-166.84,-154.61,-137.12,20.29,47.68,185.83,130.34,211.42,150.74,-24.92,-103.53,Pepper,Clay Loam,0.521,0.249,746.28,9,0.283,2744.69,20.501
12.779,108.135,6,555,3.64,28.9,21.9,5.7,36.6,34.6,26.8,24.75,5.04,84.49,16.64,12,-3.85,-5.19,-5.49,-5.13,2.87,2.02,9.17,1.47,8.91,1.97,-2.38,-4.35,Pepper,Clay Loam,0.484,0.243,26.39,7,0.347,2.818.361,21.142
12.787,107.987,6,343,2.78,29.6,2.45,5.6,37.7,32.7,22.7,24.7,138.1,83.27,17.87,4,-159.26,-166.84,-154.61,-137.12,20.29,47.68,185.83,130.34,211.42,150.74,-24.92,-103.53,Pepper,Clay Loam,0.521,0.235,746.28,9,0.283,2955.82,22.47
12.79,107.602,6,264,1.63,30.1,2.14,5.6,34.8,35.1,25.9,25.82,227.9,82.05,17.87,4,-222.95,-224.84,-212.6,-186.27,25.42,125.85,462.77,319.67,217.47,42.22,-150.03,-196.73,Pepper,Clay Loam,0.597,0.246,1193.42,7,0.388,3856.02,24.104
12.793,107.861,6,209,1.03,35.1,2.1,5.8,35.1,29.8,19.9,24.7,138.1,83.27,17.87,4,-159.26,-166.84,-154.61,-137.12,20.29,47.68,185.83,130.34,211.42,150.74,-24.92,-103.53,Pepper,Clay Loam,0.521,0.237,746.28,9,0.283,2533.56,23.342
12.794,108.046,6,425,1.17,31.2,1.91,5.8,35.3,33.5,24.8,24.7,138.1,83.27,17.08,4,-159.26,-166.84,-154.61,-137.12,20.29,47.68,185.83,130.34,211.42,150.74,-24.92,-103.53,Pepper,Clay Loam,0.521,0.244,746.28,9,0.283,2533.56,21.938
12.794,108.372,6,483,2.95,31.7,2.8,5.9,37.8,30.5,20.4,24.7,138.1,83.27,17.08,4,-159.26,-166.84,-154.61,-137.12,20.29,47.68,185.83,130.34,211.42,150.74,-24.92,-103.53,Pepper,Clay Loam,0.521,0.232,746.28,9,0.283,2322.43,21.56
12.801,108.033,6,409,1.06,32.4,1.84,5.6,36.2,31.3,28,24.7,138.1,83.27,17.08,4,-159.26,-166.84,-154.61,-137.12,20.29,47.68,185.83,130.34,211.42,150.74,-24.92,-103.53,Pepper,Clay Loam,0.521,0.246,746.28,9,0.283,2955.82,22.042
12.804,107.815,6,200,1.47,34.3,2.35,5.9,34.6,31.1,30.4,24.7,138.1,83.27,17.87,4,-159.26,-166.84,-154.61,-137.12,20.29,47.68,185.83,130.34,211.42,150.74,-24.92,-103.53,Pepper,Clay Loam,0.521,0.253,746.28,9,0.283,2322.43,23.4
12.806,107.651,6,218,3.64,32.4,25.9,5.6,34.7,32.9,28.8,25.86,8.09,82.95,17.53,12,-6.57,-7.33,-7.36,-6.7,2.7,5.61,18.96,4.97,9.12,-0.51,-5.8,-7.04,Pepper,Clay Loam,0.568,0.251,41.31,7,0.458,3.035.158,24.443
12.806,107.995,6,360,0.53,32.7,2.83,5.7,36.1,31.1,36.8,24.7,138.1,83.27,17.87,4,-159.26,-166.84,-154.61,-137.12,20.29,47.68,185.83,130.34,211.42,150.74,-24.92,-103.53,Pepper,Clay Loam,0.521,0.258,746.28,9,0.283,2744.69,22.36
12.808,107.924,6,288,1.06,30.1,2.42,6,36.6,33.3,23.2,24.7,138.1,83.27,17.87,4,-159.26,-166.84,-154.61,-137.12,20.29,47.68,185.83,130.34,211.42,150.74,-24.92,-103.53,Pepper,Clay Loam,0.521,0.238,746.28,9,0.283,2111.3,22.828
12.812,108.393,6,499,3.05,34.7,2.57,6,39.7,25.6,30.9,24.7,138.1,83.27,17.08,4,-159.26,-166.84,-154.61,-137.12,20.29,47.68,185.83,130.34,211.42,150.74,-24.92,-103.53,Pepper,Clay Loam,0.521,0.242,746.28,9,0.283,2111.3,21.456
12.813,108.269,6,666,4.11,32.7,2.29,5.7,36.9,30.4,32.5,24.7,138.1,83.27,17.08,4,-159.26,-166.84,-154.61,-137.12,20.29,47.68,185.83,130.34,211.42,150.74,-24.92,-103.53,Pepper,Clay Loam,0.521,0.251,746.28,9,0.283,2744.69,20.371
12.815,107.764,6,239,3.64,34.3,26.8,5.6,33.7,32,30.1,25.86,8.09,82.95,17.53,12,-6.57,-7.33,-7.36,-6.7,2.7,5.61,18.96,4.97,9.12,-0.51,-5.8,-7.04,Pepper,Clay Loam,0.568,0.255,41.31,7,0.458,3.035.158,24.306
12.818,107.65,6,250,5.53,29.8,2.46,5.7,39.8,30.5,25.2,25.82,227.9,82.05,17.87,4,-222.95,-224.84,-212.6,-186.27,25.42,125.85,462.77,319.67,217.47,42.22,-150.03,-196.73,Pepper,Clay Loam,0.597,0.234,1193.42,7,0.388,3580.59,24.195
12.82,107.961,6,338,3.64,33.1,31.4,5.8,38.1,28.8,28.3,24.75,5.04,84.49,17.53,12,-3.85,-5.19,-5.49,-5.13,2.87,2.02,9.17,1.47,8.91,1.97,-2.38,-4.35,Pepper,Clay Loam,0.484,0.242,26.39,7,0.347,2.601.564,22.553
12.821,108.112,6,487,3.64,26.4,21,5.6,40.5,33.1,31.3,24.75,5.04,84.49,16.64,12,-3.85,-5.19,-5.49,-5.13,2.87,2.02,9.17,1.47,8.91,1.97,-2.38,-4.35,Pepper,Loam,0.484,0.241,26.39,7,0.347,3.035.158,21.584
12.824,107.651,6,233,3.64,35.7,24.4,5.6,34.8,29.5,27.4,25.86,8.09,82.95,17.53,12,-6.57,-7.33,-7.36,-6.7,2.7,5.61,18.96,4.97,9.12,-0.51,-5.8,-7.04,Pepper,Clay Loam,0.568,0.248,41.31,7,0.458,3.035.158,24.346
12.824,108.225,6,684,3.64,33.7,20.2,5.6,35.1,31.1,30,24.75,5.04,84.49,16.64,12,-3.85,-5.19,-5.49,-5.13,2.87,2.02,9.17,1.47,8.91,1.97,-2.38,-4.35,Pepper,Clay Loam,0.484,0.251,26.39,7,0.347,3.035.158,20.304
12.832,108.094,6,499,3.64,31.8,22.5,5.4,36.8,31.4,35,24.75,5.04,84.49,16.64,12,-3.85,-5.19,-5.49,-5.13,2.87,2.02,9.17,1.47,8.91,1.97,-2.38,-4.35,Pepper,Clay Loam,0.484,0.254,26.39,7,0.347,3.468.752,21.506
12.836,107.626,6,249,2.61,31.2,2.32,5.7,37.7,31.1,29,25.82,227.9,82.05,17.87,4,-222.95,-224.84,-212.6,-186.27,25.42,125.85,462.77,319.67,217.47,42.22,-150.03,-196.73,Pepper,Clay Loam,0.597,0.244,1193.42,7,0.388,3580.59,24.202
12.837,107.711,6,201,1.16,34.6,2.74,5.7,33.2,32.2,31.2,25.82,227.9,82.05,17.87,4,-222.95,-224.84,-212.6,-186.27,25.42,125.85,462.77,319.67,217.47,42.22,-150.03,-196.73,Pepper,Clay Loam,0.597,0.257,1193.42,7,0.388,3580.59,24.514
12.839,108.051,6,411,3.77,30.4,2.05,5.5,38.6,30.9,28.9,24.7,138.1,83.27,17.08,4,-159.26,-166.84,-154.61,-137.12,20.29,47.68,185.83,130.34,211.42,150.74,-24.92,-103.53,Pepper,Clay Loam,0.521,0.242,746.28,9,0.283,3166.95,22.028
12.846,108.231,6,657,4.17,36.1,2.08,5.7,35.3,28.7,27.5,24.7,138.1,83.27,17.08,4,-159.26,-166.84,-154.61,-137.12,20.29,47.68,185.83,130.34,211.42,150.74,-24.92,-103.53,Pepper,Clay Loam,0.521,0.247,746.28,9,0.283,2744.69,20.429
12.847,107.812,6,197,2.35,33.8,2.17,5.7,35.8,30.4,24.8,25.82,227.9,82.05,17.87,4,-222.95,-224.84,-212.6,-186.27,25.42,125.85,462.77,319.67,217.47,42.22,-150.03,-196.73,Pepper,Clay Loam,0.597,0.242,1193.42,7,0.388,3580.59,24.54
12.847,108.157,6,556,3.64,33.5,22.2,5.6,34,32.4,37.8,24.75,5.04,84.49,16.64,12,-3.85,-5.19,-5.49,-5.13,2.87,2.02,9.17,1.47,8.91,1.97,-2.38,-4.35,Pepper,Clay Loam,0.484,0.265,26.39,7,0.347,3.035.158,21.136
12.85,107.8,6,197,0.53,34.5,2.17,5.7,35.7,29.8,24.5,25.82,227.9,82.05,17.87,4,-222.95,-224.84,-212.6,-186.27,25.42,125.85,462.77,319.67,217.47,42.22,-150.03,-196.73,Pepper,Clay Loam,0.597,0.242,1193.42,7,0.388,3580.59,24.54
12.853,108.035,6,409,2.12,32.9,2.41,5.7,34.7,32.5,24.4,24.7,138.1,83.27,17.08,4,-159.26,-166.84,-154.61,-137.12,20.29,47.68,185.83,130.34,211.42,150.74,-24.92,-103.53,Pepper,Clay Loam,0.521,0.244,746.28,9,0.283,2744.69,22.042
12.859,107.977,6,362,3.64,29.9,26.6,5.7,36.7,33.4,26,24.75,5.04,84.49,17.53,12,-3.85,-5.19,-5.49,-5.13,2.87,2.02,9.17,1.47,8.91,1.97,-2.38,-4.35,Pepper,Clay Loam,0.484,0.242,26.39,7,0.347,2.818.361,22.397
12.863,107.664,6,200,2.06,35.7,2.53,5.8,35.1,29.2,35.7,25.82,227.9,82.05,17.87,4,-222.95,-224.84,-212.6,-186.27,25.42,125.85,462.77,319.67,217.47,42.22,-150.03,-196.73,Pepper,Clay Loam,0.597,0.259,1193.42,7,0.388,3305.16,24.52
12.867,108.093,6,534,4.25,35.2,1.92,5.6,35.5,29.2,37.2,24.7,138.1,83.27,17.08,4,-159.26,-166.84,-154.61,-137.12,20.29,47.68,185.83,130.34,211.42,150.74,-24.92,-103.53,Pepper,Clay Loam,0.521,0.26,746.28,9,0.283,2955.82,21.229
12.869,108.187,6,625,6.46,32,2.05,5.6,34.7,33.4,32.2,24.7,138.1,83.27,17.08,4,-159.26,-166.84,-154.61,-137.12,20.29,47.68,185.83,130.34,211.42,150.74,-24.92,-103.53,Pepper,Clay Loam,0.521,0.255,746.28,9,0.283,2955.82,20.638
12.873,108.017,6,430,3.64,34.7,23.3,5.5,34.3,31,21.9,24.75,5.04,84.49,16.64,12,-3.85,-5.19,-5.49,-5.13,2.87,2.02,9.17,1.47,8.91,1.97,-2.38,-4.35,Pepper,Clay Loam,0.484,0.242,26.39,7,0.347,3.251.955,21.955
12.874,107.629,6,212,2.12,34.1,2.34,5.8,35.5,30.4,25,25.82,227.9,82.05,17.87,4,-222.95,-224.84,-212.6,-186.27,25.42,125.85,462.77,319.67,217.47,42.22,-150.03,-196.73,Pepper,Clay Loam,0.597,0.243,1193.42,7,0.388,3305.16,24.442
12.876,107.898,6,217,3.75,33.8,2.1,5.8,33.5,32.8,24.2,24.7,138.1,83.27,17.87,4,-159.26,-166.84,-154.61,-137.12,20.29,47.68,185.83,130.34,211.42,150.74,-24.92,-103.53,Pepper,Clay Loam,0.521,0.247,746.28,9,0.283,2533.56,23.29
12.879,107.795,6,188,1.87,32.3,2.09,5.9,34.4,33.3,24.8,25.82,227.9,82.05,17.87,4,-222.95,-224.84,-212.6,-186.27,25.42,125.85,462.77,319.67,217.47,42.22,-150.03,-196.73,Pepper,Clay Loam,0.597,0.246,1193.42,7,0.388,3029.73,24.598
12.879,108.075,6,486,1.66,32.3,2.16,5.6,36,31.7,28.6,24.7,138.1,83.27,17.08,4,-159.26,-166.84,-154.61,-137.12,20.29,47.68,185.83,130.34,211.42,150.74,-24.92,-103.53,Pepper,Clay Loam,0.521,0.247,746.28,9,0.283,2955.82,21.541
12.88,108.13,6,605,0.53,32.2,2.25,5.5,37.5,30.3,36.5,24.7,138.1,83.27,17.08,4,-159.26,-166.84,-154.61,-137.12,20.29,47.68,185.83,130.34,211.42,150.74,-24.92,-103.53,Pepper,Clay Loam,0.521,0.255,746.28,9,0.283,3166.95,20.768
12.883,108.325,6,613,3.64,30.3,28.4,6.1,38.2,31.5,31.6,24.75,5.04,84.49,16.64,12,-3.85,-5.19,-5.49,-5.13,2.87,2.02,9.17,1.47,8.91,1.97,-2.38,-4.35,Pepper,Clay Loam,0.484,0.246,26.39,7,0.347,1.951.173,20.766
12.884,108.04,6,460,6.24,33.7,2.73,5.6,35,31.3,34.1,24.7,138.1,83.27,17.08,4,-159.26,-166.84,-154.61,-137.12,20.29,47.68,185.83,130.34,211.42,150.74,-24.92,-103.53,Pepper,Clay Loam,0.521,0.257,746.28,9,0.283,2955.82,21.71
12.89,107.566,6,230,3.64,33.4,21.9,5.7,36.1,30.6,29.7,25.86,8.09,82.95,17.53,12,-6.57,-7.33,-7.36,-6.7,2.7,5.61,18.96,4.97,9.12,-0.51,-5.8,-7.04,Pepper,Clay Loam,0.568,0.249,41.31,7,0.458,2.818.361,24.365
12.89,107.934,6,282,3.02,28.9,2.51,6,37.3,33.8,28.1,24.7,138.1,83.27,17.87,4,-159.26,-166.84,-154.61,-137.12,20.29,47.68,185.83,130.34,211.42,150.74,-24.92,-103.53,Pepper,Clay Loam,0.521,0.244,746.28,9,0.283,2111.3,22.867
12.892,108.186,6,695,2.95,32,2.08,5.5,35.3,32.7,32.8,24.7,138.1,83.27,17.08,4,-159.26,-166.84,-154.61,-137.12,20.29,47.68,185.83,130.34,211.42,150.74,-24.92,-103.53,Pepper,Clay Loam,0.521,0.255,746.28,9,0.283,3166.95,20.182
12.902,108.061,6,478,2.57,31.8,2.14,5.6,35.4,32.8,37.7,24.7,138.1,83.27,17.08,4,-159.26,-166.84,-154.61,-137.12,20.29,47.68,185.83,130.34,211.42,150.74,-24.92,-103.53,Pepper,Clay Loam,0.521,0.261,746.28,9,0.283,2955.82,21.593
12.908,107.939,6,312,4.62,32.5,2.32,5.9,36.1,31.4,25.5,24.7,138.1,83.27,17.87,4,-159.26,-166.84,-154.61,-137.12,20.29,47.68,185.83,130.34,211.42,150.74,-24.92,-103.53,Pepper,Clay Loam,0.521,0.243,746.28,9,0.283,2322.43,22.672
12.91,107.946,6,322,0.51,34.7,2.39,5.9,34.3,31.1,26.9,24.7,138.1,83.27,17.87,4,-159.26,-166.84,-154.61,-137.12,20.29,47.68,185.83,130.34,211.42,150.74,-24.92,-103.53,Pepper,Clay Loam,0.521,0.249,746.28,9,0.283,2322.43,22.607
12.912,108.161,6,663,2.35,31.5,2,5.5,35.1,33.4,27.6,24.7,138.1,83.27,17.08,4,-159.26,-166.84,-154.61,-137.12,20.29,47.68,185.83,130.34,211.42,150.74,-24.92,-103.53,Pepper,Clay Loam,0.521,0.248,746.28,9,0.283,3166.95,20.39
12.915,107.952,6,337,5.88,33.1,2.43,6,36.1,30.8,27.1,24.7,138.1,83.27,17.87,4,-159.26,-166.84,-154.61,-137.12,20.29,47.68,185.83,130.34,211.42,150.74,-24.92,-103.53,Pepper,Clay Loam,0.521,0.245,746.28,9,0.283,2111.3,22.51
12.916,107.695,6,186,1.87,34.3,2.29,5.9,34.6,31.1,22.1,25.82,227.9,82.05,17.87,4,-222.95,-224.84,-212.6,-186.27,25.42,125.85,462.77,319.67,217.47,42.22,-150.03,-196.73,Pepper,Clay Loam,0.597,0.241,1193.42,7,0.388,3029.73,24.611
12.92,108.304,6,640,4.79,31.8,1.93,5.7,35.6,32.6,29.7,24.7,138.1,83.27,17.08,4,-159.26,-166.84,-154.61,-137.12,20.29,47.68,185.83,130.34,211.42,150.74,-24.92,-103.53,Pepper,Clay Loam,0.521,0.25,746.28,9,0.283,2744.69,20.54
12.922,107.904,6,252,3.06,34.3,2.1,5.8,34.7,30.9,22.3,24.7,138.1,83.27,17.87,4,-159.26,-166.84,-154.61,-137.12,20.29,47.68,185.83,130.34,211.42,150.74,-24.92,-103.53,Pepper,Clay Loam,0.521,0.241,746.28,9,0.283,2533.56,23.062
12.924,107.987,6,365,3.64,35.5,26.8,6,32.3,32.2,22.3,24.75,5.04,84.49,17.53,12,-3.85,-5.19,-5.49,-5.13,2.87,2.02,9.17,1.47,8.91,1.97,-2.38,-4.35,Pepper,Clay Loam,0.484,0.247,26.39,7,0.347,2167.97,22.378
12.925,108.254,6,686,3.02,34.1,1.96,5.7,34.9,31,29,24.7,138.1,83.27,17.08,4,-159.26,-166.84,-154.61,-137.12,20.29,47.68,185.83,130.34,211.42,150.74,-24.92,-103.53,Pepper,Clay Loam,0.521,0.25,746.28,9,0.283,2744.69,20.241
12.927,107.908,6,260,0.74,33.6,2.15,5.9,35.4,31,24.9,24.7,138.1,83.27,17.87,4,-159.26,-166.84,-154.61,-137.12,20.29,47.68,185.83,130.34,211.42,150.74,-24.92,-103.53,Pepper,Clay Loam,0.521,0.243,746.28,9,0.283,2322.43,23.01
12.927,108.041,6,436,2.17,34.1,2.28,5.7,33.7,32.2,32.4,24.7,138.1,83.27,17.08,4,-159.26,-166.84,-154.61,-137.12,20.29,47.68,185.83,130.34,211.42,150.74,-24.92,-103.53,Pepper,Clay Loam,0.521,0.258,746.28,9,0.283,2744.69,21.866
12.928,107.916,6,265,3.64,32.7,22.6,6,35.4,31.9,25.4,24.75,5.04,84.49,17.53,12,-3.85,-5.19,-5.49,-5.13,2.87,2.02,9.17,1.47,8.91,1.97,-2.38,-4.35,Pepper,Clay Loam,0.484,0.244,26.39,7,0.347,2167.97,23.028
12.944,108.36,6,652,4.4,29.5,2.47,5.7,41.3,29.1,31.1,24.7,138.1,83.27,17.08,4,-159.26,-166.84,-154.61,-137.12,20.29,47.68,185.83,130.34,211.42,150.74,-24.92,-103.53,Pepper,Clay Loam,0.521,0.239,746.28,9,0.283,2744.69,20.462
12.95,107.837,6,217,4.46,35.9,2.24,5.8,33.6,30.5,23,24.7,138.1,83.27,17.87,4,-159.26,-166.84,-154.61,-137.12,20.29,47.68,185.83,130.34,211.42,150.74,-24.92,-103.53,Pepper,Clay Loam,0.521,0.245,746.28,9,0.283,2533.56,23.29
12.956,108.305,6,731,2.06,31.7,1.98,5.7,36.2,32.1,27.6,24.7,138.1,83.27,17.08,4,-159.26,-166.84,-154.61,-137.12,20.29,47.68,185.83,130.34,211.42,150.74,-24.92,-103.53,Pepper,Clay Loam,0.521,0.245,746.28,9,0.283,2744.69,19.948
12.958,107.768,6,227,1.87,31.1,2.3,5.8,37.8,31.1,25.2,25.82,227.9,82.05,17.87,4,-222.95,-224.84,-212.6,-186.27,25.42,125.85,462.77,319.67,217.47,42.22,-150.03,-196.73,Pepper,Clay Loam,0.597,0.238,1193.42,7,0.388,3305.16,24.344
12.958,108.463,6,539,3.64,30.6,31,5.7,39.3,30,51.9,24.28,4.01,86.9,16.64,12,-2.28,-4.3,-5.22,-4.96,1.43,-0.34,3.67,-1.16,7.2,6.13,2.22,-2.39,Pepper,Clay Loam,0.398,0.272,20.65,9,0.349,2.818.361,20.777
12.963,108.327,6,743,4.25,31.1,2.5,5.6,37.8,31,33.2,24.7,138.1,83.27,17.08,4,-159.26,-166.84,-154.61,-137.12,20.29,47.68,185.83,130.34,211.42,150.74,-24.92,-103.53,Pepper,Clay Loam,0.521,0.25,746.28,9,0.283,2955.82,19.87
12.967,108.341,6,698,4,33.1,2.5,5.6,38.6,28.2,34.4,24.7,138.1,83.27,17.08,4,-159.26,-166.84,-154.61,-137.12,20.29,47.68,185.83,130.34,211.42,150.74,-24.92,-103.53,Pepper,Clay Loam,0.521,0.249,746.28,9,0.283,2955.82,20.163
12.969,107.663,6,175,3.64,38,24.1,5.9,30.7,31.3,24.2,25.86,8.09,82.95,17.53,12,-6.57,-7.33,-7.36,-6.7,2.7,5.61,18.96,4.97,9.12,-0.51,-5.8,-7.04,Pepper,Clay Loam,0.568,0.253,41.31,7,0.458,2.384.767,24.722
12.971,107.624,6,175,0.53,38.2,1.92,5.8,32.7,29.1,23.7,25.82,227.9,82.05,17.87,4,-222.95,-224.84,-212.6,-186.27,25.42,125.85,462.77,319.67,217.47,42.22,-150.03,-196.73,Pepper,Clay Loam,0.597,0.248,1193.42,7,0.388,3305.16,24.682
12.973,107.687,6,192,3.64,33,22.4,5.8,36.8,30.3,27.9,25.86,8.09,82.95,17.53,12,-6.57,-7.33,-7.36,-6.7,2.7,5.61,18.96,4.97,9.12,-0.51,-5.8,-7.04,Pepper,Clay Loam,0.568,0.244,41.31,7,0.458,2.601.564,24.612
12.976,108.132,6,633,9.78,33.8,2.8,5.5,37.6,28.6,27.7,24.7,138.1,83.27,17.08,4,-159.26,-166.84,-154.61,-137.12,20.29,47.68,185.83,130.34,211.42,150.74,-24.92,-103.53,Pepper,Clay Loam,0.521,0.242,746.28,9,0.283,3166.95,20.586
12.976,108.305,6,747,3.34,30.4,2.32,5.6,36.6,33,30.6,24.7,138.1,83.27,17.08,4,-159.26,-166.84,-154.61,-137.12,20.29,47.68,185.83,130.34,211.42,150.74,-24.92,-103.53,Pepper,Clay Loam,0.521,0.249,746.28,9,0.283,2955.82,19.844
12.982,107.847,6,240,3.64,34.2,22.9,5.8,33.6,32.2,24.1,24.75,5.04,84.49,17.53,12,-3.85,-5.19,-5.49,-5.13,2.87,2.02,9.17,1.47,8.91,1.97,-2.38,-4.35,Pepper,Clay Loam,0.484,0.246,26.39,7,0.347,2.601.564,23.19
12.987,108.078,6,453,4.06,30.8,2.56,5.9,35.1,34.1,24.5,24.7,138.1,83.27,17.08,4,-159.26,-166.84,-154.61,-137.12,20.29,47.68,185.83,130.34,211.42,150.74,-24.92,-103.53,Pepper,Clay Loam,0.521,0.244,746.28,9,0.283,2322.43,21.755
12.989,107.628,6,181,1.58,37.1,2.68,5.7,32.2,30.7,28.9,25.82,227.9,82.05,17.87,4,-222.95,-224.84,-212.6,-186.27,25.42,125.85,462.77,319.67,217.47,42.22,-150.03,-196.73,Pepper,Clay Loam,0.597,0.256,1193.42,7,0.388,3580.59,24.644
12.989,107.86,6,250,0.74,34.6,2.07,5.7,33.9,31.5,22,24.7,138.1,83.27,17.87,4,-159.26,-166.84,-154.61,-137.12,20.29,47.68,185.83,130.34,211.42,150.74,-24.92,-103.53,Pepper,Clay Loam,0.521,0.243,746.28,9,0.283,2744.69,23.075
12.989,108.039,6,344,11.69,32.1,2.09,5.7,32.4,35.4,25.6,24.7,138.1,83.27,17.08,4,-159.26,-166.84,-154.61,-137.12,20.29,47.68,185.83,130.34,211.42,150.74,-24.92,-103.53,Pepper,Clay Loam,0.521,0.251,746.28,9,0.283,2744.69,22.464
12.991,107.641,6,172,1.06,39.6,2.37,5.7,31.7,28.7,29.4,25.82,227.9,82.05,17.87,4,-222.95,-224.84,-212.6,-186.27,25.42,125.85,462.77,319.67,217.47,42.22,-150.03,-196.73,Pepper,Clay Loam,0.597,0.258,1193.42,7,0.388,3580.59,24.702
12.993,108.039,6,368,4,33,2.18,5.8,33.1,33.9,26,24.7,138.1,83.27,17.08,4,-159.26,-166.84,-154.61,-137.12,20.29,47.68,185.83,130.34,211.42,150.74,-24.92,-103.53,Pepper,Clay Loam,0.521,0.25,746.28,9,0.283,2533.56,22.308
12.995,107.782,6,243,1.17,33.8,2.45,5.6,35,31.1,25.7,25.82,227.9,82.05,17.87,4,-222.95,-224.84,-212.6,-186.27,25.42,125.85,462.77,319.67,217.47,42.22,-150.03,-196.73,Pepper,Clay Loam,0.597,0.245,1193.42,7,0.388,3856.02,24.24
12.998,108.343,6,753,0.51,34.1,2.37,5.6,35.8,30.1,33.3,24.7,138.1,83.27,17.08,4,-159.26,-166.84,-154.61,-137.12,20.29,47.68,185.83,130.34,211.42,150.74,-24.92,-103.53,Pepper,Clay Loam,0.521,0.254,746.28,9,0.283,2955.82,19.806
13.004,107.649,6,178,1.63,36.5,2.1,5.7,32.5,30.9,26.7,25.82,227.9,82.05,18.14,4,-222.95,-224.84,-212.6,-186.27,25.42,125.85,462.77,319.67,217.47,42.22,-150.03,-196.73,Pepper,Clay Loam,0.597,0.253,1193.42,7,0.388,3580.59,24.663
13.005,108.112,6,526,4,30.5,2.86,5.8,34.9,34.6,30.6,24.7,138.1,83.27,17.25,4,-159.26,-166.84,-154.61,-137.12,20.29,47.68,185.83,130.34,211.42,150.74,-24.92,-103.53,Pepper,Clay Loam,0.521,0.253,746.28,9,0.283,2533.56,21.281
13.007,107.705,6,267,3.64,30.3,26.4,5.5,35.6,34.1,34.7,25.86,8.09,82.95,17.67,12,-6.57,-7.33,-7.36,-6.7,2.7,5.61,18.96,4.97,9.12,-0.51,-5.8,-7.04,Pepper,Clay Loam,0.568,0.257,41.31,7,0.458,3.251.955,24.124
13.012,107.709,6,210,3.64,32.1,25.1,5.6,35.9,32,28.1,25.86,8.09,82.95,17.67,12,-6.57,-7.33,-7.36,-6.7,2.7,5.61,18.96,4.97,9.12,-0.51,-5.8,-7.04,Pepper,Clay Loam,0.568,0.247,41.31,7,0.458,3.035.158,24.495
13.016,108.125,6,550,3.64,30.2,25.7,5.8,36.9,32.9,27.8,24.75,5.04,84.49,16.78,12,-3.85,-5.19,-5.49,-5.13,2.87,2.02,9.17,1.47,8.91,1.97,-2.38,-4.35,Pepper,Clay Loam,0.484,0.244,26.39,7,0.347,2.601.564,21.175
13.021,108.296,6,748,3.64,35.5,26,5.6,34.7,29.8,37.4,24.75,5.04,84.49,16.78,12,-3.85,-5.19,-5.49,-5.13,2.87,2.02,9.17,1.47,8.91,1.97,-2.38,-4.35,Pepper,Clay Loam,0.484,0.263,26.39,7,0.347,3.035.158,19.888
13.023,108.096,6,548,6.22,28.5,2.46,5.7,36.7,34.8,28.3,24.7,138.1,83.27,17.25,4,-159.26,-166.84,-154.61,-137.12,20.29,47.68,185.83,130.34,211.42,150.74,-24.92,-103.53,Pepper,Clay Loam,0.521,0.245,746.28,9,0.283,2744.69,21.138
13.028,107.908,6,206,3.64,31.7,20.3,5.9,37,31.3,24.2,24.75,5.04,84.49,17.67,12,-3.85,-5.19,-5.49,-5.13,2.87,2.02,9.17,1.47,8.91,1.97,-2.38,-4.35,Pepper,Clay Loam,0.484,0.239,26.39,7,0.347,2.384.767,23.411
13.03,108.06,6,419,3.64,32.5,22.1,5.9,33.7,33.8,24.7,24.75,5.04,84.49,16.78,12,-3.85,-5.19,-5.49,-5.13,2.87,2.02,9.17,1.47,8.91,1.97,-2.38,-4.35,Pepper,Clay Loam,0.484,0.247,26.39,7,0.347,2.384.767,22.026
13.032,107.908,6,207,3.64,33.4,20.4,5.9,35.4,31.1,23.7,24.75,5.04,84.49,17.67,12,-3.85,-5.19,-5.49,-5.13,2.87,2.02,9.17,1.47,8.91,1.97,-2.38,-4.35,Pepper,Clay Loam,0.484,0.242,26.39,7,0.347,2.384.767,23.404
13.036,107.715,6,237,3.64,35.7,21.3,5.7,32.9,31.5,28.5,25.86,8.09,82.95,17.67,12,-6.57,-7.33,-7.36,-6.7,2.7,5.61,18.96,4.97,9.12,-0.51,-5.8,-7.04,Pepper,Clay Loam,0.568,0.254,41.31,7,0.458,2.818.361,24.319
13.036,108.16,6,657,18.95,33.2,2.62,5.7,36.3,30.5,25.8,24.7,138.1,83.27,17.25,4,-159.26,-166.84,-154.61,-137.12,20.29,47.68,185.83,130.34,211.42,150.74,-24.92,-103.53,Pepper,Clay Loam,0.521,0.243,746.28,9,0.283,2744.69,20.429
13.036,108.489,6,968,3.64,31.8,34.7,5.4,33.5,34.7,54,24.28,4.01,86.9,16.78,12,-2.28,-4.3,-5.22,-4.96,1.43,-0.34,3.67,-1.16,7.2,6.13,2.22,-2.39,Pepper,Clay Loam,0.398,0.289,20.65,9,0.349,3.468.752,17.988
13.037,108.292,6,785,3.74,33,2.62,5.5,34.9,32.2,43.3,24.7,138.1,83.27,17.25,4,-159.26,-166.84,-154.61,-137.12,20.29,47.68,185.83,130.34,211.42,150.74,-24.92,-103.53,Pepper,Clay Loam,0.521,0.27,746.28,9,0.283,3166.95,19.598
13.038,107.601,6,211,6.17,35.2,2.05,5.8,37,27.9,25,25.82,227.9,82.05,18.14,4,-222.95,-224.84,-212.6,-186.27,25.42,125.85,462.77,319.67,217.47,42.22,-150.03,-196.73,Pepper,Clay Loam,0.597,0.24,1193.42,7,0.388,3305.16,24.448
13.038,107.784,6,216,0.74,37.4,2.14,5.8,33.3,29.3,22.9,25.82,227.9,82.05,18.14,4,-222.95,-224.84,-212.6,-186.27,25.42,125.85,462.77,319.67,217.47,42.22,-150.03,-196.73,Pepper,Clay Loam,0.597,0.245,1193.42,7,0.388,3305.16,24.416
13.038,108.092,6,465,4.22,31.1,2.5,5.7,33,35.9,31.2,24.7,138.1,83.27,17.25,4,-159.26,-166.84,-154.61,-137.12,20.29,47.68,185.83,130.34,211.42,150.74,-24.92,-103.53,Pepper,Clay Loam,0.521,0.258,746.28,9,0.283,2744.69,21.678
13.05,107.837,6,201,3.64,31.6,20.6,5.8,34.7,33.7,24.5,24.75,5.04,84.49,17.67,12,-3.85,-5.19,-5.49,-5.13,2.87,2.02,9.17,1.47,8.91,1.97,-2.38,-4.35,Pepper,Clay Loam,0.484,0.244,26.39,7,0.347,2.601.564,23.444
13.052,107.972,6,216,4.25,30.2,1.81,5.8,36.5,33.2,21.2,24.7,138.1,83.27,18.14,4,-159.26,-166.84,-154.61,-137.12,20.29,47.68,185.83,130.34,211.42,150.74,-24.92,-103.53,Pepper,Clay Loam,0.521,0.236,746.28,9,0.283,2533.56,23.296
13.058,107.86,6,196,0,32.5,1.94,5.8,32,35.5,25.5,24.7,138.1,83.27,18.14,4,-159.26,-166.84,-154.61,-137.12,20.29,47.68,185.83,130.34,211.42,150.74,-24.92,-103.53,Pepper,Clay Loam,0.521,0.252,746.28,9,0.283,2533.56,23.426
13.062,107.77,6,210,3.64,34.8,21.3,5.8,32.4,32.8,23.1,25.86,8.09,82.95,17.67,12,-6.57,-7.33,-7.36,-6.7,2.7,5.61,18.96,4.97,9.12,-0.51,-5.8,-7.04,Pepper,Clay Loam,0.568,0.248,41.31,7,0.458,2.601.564,24.495
13.063,107.922,6,208,3.35,34.6,2.03,6,34.6,30.8,23.6,24.7,138.1,83.27,18.14,4,-159.26,-166.84,-154.61,-137.12,20.29,47.68,185.83,130.34,211.42,150.74,-24.92,-103.53,Pepper,Clay Loam,0.521,0.243,746.28,9,0.283,2111.3,23.348
13.067,107.738,6,237,6.69,32.3,2.85,5.8,37.3,30.4,32.6,25.82,227.9,82.05,18.14,4,-222.95,-224.84,-212.6,-186.27,25.42,125.85,462.77,319.67,217.47,42.22,-150.03,-196.73,Pepper,Clay Loam,0.597,0.25,1193.42,7,0.388,3305.16,24.28
13.068,107.582,6,332,3.64,33.6,24.9,5.5,37.1,29.3,33,25.86,8.09,82.95,17.67,12,-6.57,-7.33,-7.36,-6.7,2.7,5.61,18.96,4.97,9.12,-0.51,-5.8,-7.04,Pepper,Clay Loam,0.568,0.251,41.31,7,0.458,3.251.955,23.702
13.07,107.756,6,207,1.03,31.5,2.21,5.8,37.1,31.4,23.7,25.82,227.9,82.05,18.14,4,-222.95,-224.84,-212.6,-186.27,25.42,125.85,462.77,319.67,217.47,42.22,-150.03,-196.73,Pepper,Clay Loam,0.597,0.238,1193.42,7,0.388,3305.16,24.474
13.07,108.177,6,589,11.64,34.2,2.6,5.7,34.3,31.5,32.7,24.7,138.1,83.27,17.25,4,-159.26,-166.84,-154.61,-137.12,20.29,47.68,185.83,130.34,211.42,150.74,-24.92,-103.53,Pepper,Clay Loam,0.521,0.257,746.28,9,0.283,2744.69,20.871
13.075,108.307,6,766,2.83,36,2.29,5.6,33.9,30.1,38,24.7,138.1,83.27,17.25,4,-159.26,-166.84,-154.61,-137.12,20.29,47.68,185.83,130.34,211.42,150.74,-24.92,-103.53,Pepper,Clay Loam,0.521,0.265,746.28,9,0.283,2955.82,19.721
13.076,107.601,6,354,17.12,34.1,2.42,5.6,35.2,30.6,32.5,25.82,227.9,82.05,18.14,4,-222.95,-224.84,-212.6,-186.27,25.42,125.85,462.77,319.67,217.47,42.22,-150.03,-196.73,Pepper,Clay Loam,0.597,0.255,1193.42,7,0.388,3856.02,23.519
13.077,108.195,6,643,3.64,36.8,25.9,5.7,35,28.2,30.2,24.75,5.04,84.49,16.78,12,-3.85,-5.19,-5.49,-5.13,2.87,2.02,9.17,1.47,8.91,1.97,-2.38,-4.35,Pepper,Clay Loam,0.484,0.252,26.39,7,0.347,2.818.361,20.57
13.083,108.077,6,463,3.64,30.9,22.7,5.9,35.4,33.8,26.5,24.75,5.04,84.49,16.78,12,-3.85,-5.19,-5.49,-5.13,2.87,2.02,9.17,1.47,8.91,1.97,-2.38,-4.35,Pepper,Clay Loam,0.484,0.246,26.39,7,0.347,2.384.767,21.74
13.084,107.886,6,191,2.6,37.9,2.13,5.9,31.9,30.2,24.3,24.7,138.1,83.27,18.14,4,-159.26,-166.84,-154.61,-137.12,20.29,47.68,185.83,130.34,211.42,150.74,-24.92,-103.53,Pepper,Clay Loam,0.521,0.251,746.28,9,0.283,2322.43,23.458
13.089,107.788,6,190,0,36.5,2.17,5.8,31.8,31.8,22.2,25.82,227.9,82.05,18.14,4,-222.95,-224.84,-212.6,-186.27,25.42,125.85,462.77,319.67,217.47,42.22,-150.03,-196.73,Pepper,Clay Loam,0.597,0.248,1193.42,7,0.388,3305.16,24.585
13.094,107.636,6,189,3.13,36.6,1.78,5.9,32.4,31,27.7,25.82,227.9,82.05,18.14,4,-222.95,-224.84,-212.6,-186.27,25.42,125.85,462.77,319.67,217.47,42.22,-150.03,-196.73,Pepper,Clay Loam,0.597,0.254,1193.42,7,0.388,3029.73,24.592
13.096,108.277,6,750,3.64,38.5,22.8,5.8,32.1,29.4,34.8,24.75,5.04,84.49,16.78,12,-3.85,-5.19,-5.49,-5.13,2.87,2.02,9.17,1.47,8.91,1.97,-2.38,-4.35,Pepper,Clay Loam,0.484,0.265,26.39,7,0.347,2.601.564,19.875
13.097,108.316,6,792,5.39,35.2,2.55,5.8,34.6,30.3,43.6,24.7,138.1,83.27,17.25,4,-159.26,-166.84,-154.61,-137.12,20.29,47.68,185.83,130.34,211.42,150.74,-24.92,-103.53,Pepper,Clay Loam,0.521,0.271,746.28,9,0.283,2533.56,19.552
13.107,108.102,6,485,3.64,31.1,22.7,5.8,34.4,34.5,25.5,24.75,5.04,84.49,16.78,12,-3.85,-5.19,-5.49,-5.13,2.87,2.02,9.17,1.47,8.91,1.97,-2.38,-4.35,Pepper,Clay Loam,0.484,0.247,26.39,7,0.347,2.601.564,21.598
13.108,108.256,6,786,6.14,36.4,2.26,5.8,33.3,30.2,39.1,24.7,138.1,83.27,17.25,4,-159.26,-166.84,-154.61,-137.12,20.29,47.68,185.83,130.34,211.42,150.74,-24.92,-103.53,Pepper,Clay Loam,0.521,0.268,746.28,9,0.283,2533.56,19.591
13.113,108.197,6,673,11.38,34.8,2.54,5.7,35.7,29.5,27.1,24.7,138.1,83.27,17.25,4,-159.26,-166.84,-154.61,-137.12,20.29,47.68,185.83,130.34,211.42,150.74,-24.92,-103.53,Pepper,Clay Loam,0.521,0.246,746.28,9,0.283,2744.69,20.325
13.119,107.633,6,190,2.21,36,2.01,5.9,32,31.9,30.1,25.82,227.9,82.05,18.14,4,-222.95,-224.84,-212.6,-186.27,25.42,125.85,462.77,319.67,217.47,42.22,-150.03,-196.73,Pepper,Clay Loam,0.597,0.259,1193.42,7,0.388,3029.73,24.585
13.12,107.605,6,173,3.64,32.3,20.4,5.8,34.8,32.9,25.1,25.86,8.09,82.95,17.67,12,-6.57,-7.33,-7.36,-6.7,2.7,5.61,18.96,4.97,9.12,-0.51,-5.8,-7.04,Pepper,Clay Loam,0.568,0.245,41.31,7,0.458,2.601.564,24.736
13.122,108.329,6,848,3.69,34.5,2.39,5.8,34.7,30.8,27.6,24.7,138.1,83.27,17.25,4,-159.26,-166.84,-154.61,-137.12,20.29,47.68,185.83,130.34,211.42,150.74,-24.92,-103.53,Pepper,Clay Loam,0.521,0.249,746.28,9,0.283,2533.56,19.188
13.125,107.906,6,210,1.63,33.2,1.95,6,34.1,32.7,24.2,24.7,138.1,83.27,18.14,4,-159.26,-166.84,-154.61,-137.12,20.29,47.68,185.83,130.34,211.42,150.74,-24.92,-103.53,Pepper,Clay Loam,0.521,0.245,746.28,9,0.283,2111.3,23.335
13.127,107.787,6,187,2.35,35.3,2.03,5.9,32,32.7,22.9,25.82,227.9,82.05,18.14,4,-222.95,-224.84,-212.6,-186.27,25.42,125.85,462.77,319.67,217.47,42.22,-150.03,-196.73,Pepper,Clay Loam,0.597,0.248,1193.42,7,0.388,3029.73,24.604
13.128,108.061,6,363,6.55,35.6,2.71,5.6,32.2,32.2,31.1,24.7,138.1,83.27,17.25,4,-159.26,-166.84,-154.61,-137.12,20.29,47.68,185.83,130.34,211.42,150.74,-24.92,-103.53,Pepper,Clay Loam,0.521,0.259,746.28,9,0.283,2955.82,22.34
13.132,108.285,6,800,1.48,33.7,2.81,5.7,34.8,31.5,47.8,24.7,138.1,83.27,17.25,4,-159.26,-166.84,-154.61,-137.12,20.29,47.68,185.83,130.34,211.42,150.74,-24.92,-103.53,Pepper,Clay Loam,0.521,0.277,746.28,9,0.283,2744.69,19.5
13.132,108.397,6,911,6.22,33.6,2.4,5.7,33,33.4,33.1,24.7,138.1,83.27,17.25,4,-159.26,-166.84,-154.61,-137.12,20.29,47.68,185.83,130.34,211.42,150.74,-24.92,-103.53,Pepper,Clay Loam,0.521,0.26,746.28,9,0.283,2744.69,18.778
13.133,107.982,6,240,1.18,36.8,2.52,5.7,34.8,28.4,27.5,24.7,138.1,83.27,18.14,4,-159.26,-166.84,-154.61,-137.12,20.29,47.68,185.83,130.34,211.42,150.74,-24.92,-103.53,Pepper,Clay Loam,0.521,0.248,746.28,9,0.283,2744.69,23.14
13.135,107.643,6,175,0.51,33.5,1.9,6,34.2,32.3,21.5,25.82,227.9,82.05,18.14,4,-222.95,-224.84,-212.6,-186.27,25.42,125.85,462.77,319.67,217.47,42.22,-150.03,-196.73,Pepper,Clay Loam,0.597,0.241,1193.42,7,0.388,2754.3,24.682
13.136,107.944,6,222,3.64,31.1,22.7,5.9,35.7,33.2,21.5,24.75,5.04,84.49,17.67,12,-3.85,-5.19,-5.49,-5.13,2.87,2.02,9.17,1.47,8.91,1.97,-2.38,-4.35,Pepper,Clay Loam,0.484,0.238,26.39,7,0.347,2.384.767,23.307
13.137,107.677,6,198,3.64,35.4,18.7,5.9,32.4,32.2,22.4,25.86,8.09,82.95,17.67,12,-6.57,-7.33,-7.36,-6.7,2.7,5.61,18.96,4.97,9.12,-0.51,-5.8,-7.04,Pepper,Clay Loam,0.568,0.247,41.31,7,0.458,2.384.767,24.573
13.137,108.48,6,802,3.64,34.3,32.2,5.6,35.3,30.4,50.9,24.28,4.01,86.9,16.78,12,-2.28,-4.3,-5.22,-4.96,1.43,-0.34,3.67,-1.16,7.2,6.13,2.22,-2.39,Pepper,Clay Loam,0.398,0.28,20.65,9,0.349,3.035.158,19.067
13.139,107.827,6,177,0,35.1,2.45,5.9,33.1,31.8,24.3,24.7,138.1,83.27,18.14,4,-159.26,-166.84,-154.61,-137.12,20.29,47.68,185.83,130.34,211.42,150.74,-24.92,-103.53,Pepper,Clay Loam,0.521,0.248,746.28,9,0.283,2322.43,23.55
13.14,108.106,6,487,3.64,33,26.2,5.8,35.5,31.6,29.9,24.75,5.04,84.49,16.78,12,-3.85,-5.19,-5.49,-5.13,2.87,2.02,9.17,1.47,8.91,1.97,-2.38,-4.35,Pepper,Clay Loam,0.484,0.25,26.39,7,0.347,2.601.564,21.584
13.14,108.256,6,738,4.24,33.4,1.97,5.8,35.2,31.4,29.6,24.7,138.1,83.27,17.25,4,-159.26,-166.84,-154.61,-137.12,20.29,47.68,185.83,130.34,211.42,150.74,-24.92,-103.53,Pepper,Clay Loam,0.521,0.25,746.28,9,0.283,2533.56,19.903
13.144,108.408,6,888,3.64,35.7,18.7,5.8,33.2,31.1,28.8,24.75,5.04,84.49,16.78,12,-3.85,-5.19,-5.49,-5.13,2.87,2.02,9.17,1.47,8.91,1.97,-2.38,-4.35,Pepper,Clay Loam,0.484,0.254,26.39,7,0.347,2.601.564,18.978
13.145,108.356,6,784,7.39,36,2.28,5.7,35.4,28.7,24.8,24.7,138.1,83.27,17.25,4,-159.26,-166.84,-154.61,-137.12,20.29,47.68,185.83,130.34,211.42,150.74,-24.92,-103.53,Pepper,Clay Loam,0.521,0.243,746.28,9,0.283,2744.69,19.604
13.147,107.683,6,180,1.06,35.9,1.95,6,31.8,32.3,23.6,25.82,227.9,82.05,18.14,4,-222.95,-224.84,-212.6,-186.27,25.42,125.85,462.77,319.67,217.47,42.22,-150.03,-196.73,Pepper,Clay Loam,0.597,0.25,1193.42,7,0.388,2754.3,24.65
13.148,108.275,6,805,3.64,32.4,22.4,5.8,36.3,31.4,31.9,24.75,5.04,84.49,16.78,12,-3.85,-5.19,-5.49,-5.13,2.87,2.02,9.17,1.47,8.91,1.97,-2.38,-4.35,Pepper,Clay Loam,0.484,0.251,26.39,7,0.347,2.601.564,19.518
13.152,107.663,6,178,0,33.6,1.95,5.9,34.5,32,22.4,25.82,227.9,82.05,18.14,4,-222.95,-224.84,-212.6,-186.27,25.42,125.85,462.77,319.67,217.47,42.22,-150.03,-196.73,Pepper,Clay Loam,0.597,0.242,1193.42,7,0.388,3029.73,24.663
13.153,107.57,6,151,3.64,36.7,20.2,6.1,33.9,29.4,24.4,25.86,8.09,82.95,17.67,12,-6.57,-7.33,-7.36,-6.7,2.7,5.61,18.96,4.97,9.12,-0.51,-5.8,-7.04,Pepper,Clay Loam,0.568,0.246,41.31,7,0.458,1.951.173,24.878
13.156,108.266,6,803,10.97,32,2,5.9,35.3,32.7,27.9,24.7,138.1,83.27,17.25,4,-159.26,-166.84,-154.61,-137.12,20.29,47.68,185.83,130.34,211.42,150.74,-24.92,-103.53,Pepper,Clay Loam,0.521,0.248,746.28,9,0.283,2322.43,19.48
13.157,107.667,6,180,1.03,34.1,1.98,6,34.1,31.8,24.7,25.82,227.9,82.05,18.14,4,-222.95,-224.84,-212.6,-186.27,25.42,125.85,462.77,319.67,217.47,42.22,-150.03,-196.73,Pepper,Clay Loam,0.597,0.246,1193.42,7,0.388,2754.3,24.65
13.158,107.993,6,263,3.64,34,26.1,5.7,34.1,31.9,29,24.75,5.04,84.49,17.67,12,-3.85,-5.19,-5.49,-5.13,2.87,2.02,9.17,1.47,8.91,1.97,-2.38,-4.35,Pepper,Clay Loam,0.484,0.252,26.39,7,0.347,2.818.361,23.04
13.162,108.085,6,475,6.5,34,2.7,5.9,34.7,31.3,26.2,24.7,138.1,83.27,17.25,4,-159.26,-166.84,-154.61,-137.12,20.29,47.68,185.83,130.34,211.42,150.74,-24.92,-103.53,Pepper,Clay Loam,0.521,0.247,746.28,9,0.283,2322.43,21.612
13.164,108.334,6,764,9.18,35.9,2.36,5.8,35.1,29,33.3,24.7,138.1,83.27,17.25,4,-159.26,-166.84,-154.61,-137.12,20.29,47.68,185.83,130.34,211.42,150.74,-24.92,-103.53,Pepper,Clay Loam,0.521,0.256,746.28,9,0.283,2533.56,19.734
13.168,107.922,6,209,3.64,34.6,22.5,6,35.5,29.9,25.4,24.75,5.04,84.49,17.67,12,-3.85,-5.19,-5.49,-5.13,2.87,2.02,9.17,1.47,8.91,1.97,-2.38,-4.35,Pepper,Clay Loam,0.484,0.244,26.39,7,0.347,2167.97,23.392
13.173,108.143,6,509,4.23,33.3,2.98,5.7,34.8,31.9,31.9,24.7,138.1,83.27,17.25,4,-159.26,-166.84,-154.61,-137.12,20.29,47.68,185.83,130.34,211.42,150.74,-24.92,-103.53,Pepper,Clay Loam,0.521,0.255,746.28,9,0.283,2744.69,21.392
13.176,107.62,6,167,1.59,33.5,2.32,6,33,33.5,24.1,25.82,227.9,82.05,18.14,4,-222.95,-224.84,-212.6,-186.27,25.42,125.85,462.77,319.67,217.47,42.22,-150.03,-196.73,Pepper,Clay Loam,0.597,0.248,1193.42,7,0.388,2754.3,24.734
13.178,107.619,6,168,1.67,33.6,2.16,6.1,33.1,33.3,24.7,25.82,227.9,82.05,18.14,4,-222.95,-224.84,-212.6,-186.27,25.42,125.85,462.77,319.67,217.47,42.22,-150.03,-196.73,Pepper,Clay Loam,0.597,0.248,1193.42,7,0.388,2478.87,24.728
13.179,108.343,6,718,3.47,37,2.29,5.8,34.1,28.9,36.1,24.7,138.1,83.27,17.25,4,-159.26,-166.84,-154.61,-137.12,20.29,47.68,185.83,130.34,211.42,150.74,-24.92,-103.53,Pepper,Clay Loam,0.521,0.262,746.28,9,0.283,2533.56,20.033
13.184,107.622,6,169,3.64,35.4,21.6,6,31.7,32.8,22.7,25.86,8.09,82.95,17.67,12,-6.57,-7.33,-7.36,-6.7,2.7,5.61,18.96,4.97,9.12,-0.51,-5.8,-7.04,Pepper,Clay Loam,0.568,0.249,41.31,7,0.458,2167.97,24.761
13.184,107.986,6,513,8.18,27.1,2.91,5.5,36.9,36,39.6,24.7,138.1,83.27,18.14,4,-159.26,-166.84,-154.61,-137.12,20.29,47.68,185.83,130.34,211.42,150.74,-24.92,-103.53,Pepper,Clay Loam,0.521,0.261,746.28,9,0.283,3166.95,21.366
13.185,107.65,6,173,1.67,36.1,2.15,6,31.9,32,22.5,25.82,227.9,82.05,18.14,4,-222.95,-224.84,-212.6,-186.27,25.42,125.85,462.77,319.67,217.47,42.22,-150.03,-196.73,Pepper,Clay Loam,0.597,0.248,1193.42,7,0.388,2754.3,24.696
13.193,107.958,6,213,2.18,33.2,2.17,5.8,35.1,31.7,25.8,24.7,138.1,83.27,18.14,4,-159.26,-166.84,-154.61,-137.12,20.29,47.68,185.83,130.34,211.42,150.74,-24.92,-103.53,Pepper,Clay Loam,0.521,0.245,746.28,9,0.283,2533.56,23.316
13.195,107.62,6,166,1.16,34.7,1.86,5.9,33.1,32.2,22.6,25.82,227.9,82.05,18.14,4,-222.95,-224.84,-212.6,-186.27,25.42,125.85,462.77,319.67,217.47,42.22,-150.03,-196.73,Pepper,Clay Loam,0.597,0.246,1193.42,7,0.388,3029.73,24.741
13.196,108.262,6,662,3.64,32.2,26.5,5.8,35.8,32,32.1,24.75,5.04,84.49,16.78,12,-3.85,-5.19,-5.49,-5.13,2.87,2.02,9.17,1.47,8.91,1.97,-2.38,-4.35,Pepper,Clay Loam,0.484,0.253,26.39,7,0.347,2.601.564,20.447
13.197,108.297,6,620,1.67,35.8,2.39,5.9,34.6,29.5,37.8,24.7,138.1,83.27,17.25,4,-159.26,-166.84,-154.61,-137.12,20.29,47.68,185.83,130.34,211.42,150.74,-24.92,-103.53,Pepper,Clay Loam,0.521,0.263,746.28,9,0.283,2322.43,20.67
13.198,107.826,6,172,0.51,37.1,2.04,5.7,33.2,29.7,22.4,24.7,138.1,83.27,18.14,4,-159.26,-166.84,-154.61,-137.12,20.29,47.68,185.83,130.34,211.42,150.74,-24.92,-103.53,Pepper,Clay Loam,0.521,0.245,746.28,9,0.283,2744.69,23.582
13.202,108.268,6,635,2.78,33.7,3,5.7,34.1,32.2,40.1,24.7,138.1,83.27,17.25,4,-159.26,-166.84,-154.61,-137.12,20.29,47.68,185.83,130.34,211.42,150.74,-24.92,-103.53,Pepper,Clay Loam,0.521,0.268,746.28,9,0.283,2744.69,20.572
13.203,108.133,6,507,3.64,35,26.6,5.8,35.2,29.8,29.3,24.75,5.04,84.49,16.78,12,-3.85,-5.19,-5.49,-5.13,2.87,2.02,9.17,1.47,8.91,1.97,-2.38,-4.35,Pepper,Clay Loam,0.484,0.25,26.39,7,0.347,2.601.564,21.454
13.206,108.235,6,615,1.03,29.4,2.36,5.8,36.4,34.2,29.3,24.7,138.1,83.27,17.25,4,-159.26,-166.84,-154.61,-137.12,20.29,47.68,185.83,130.34,211.42,150.74,-24.92,-103.53,Pepper,Clay Loam,0.521,0.247,746.28,9,0.283,2533.56,20.702
13.206,108.343,6,661,5.17,35.1,2.58,5.6,34.5,30.4,30.4,24.7,138.1,83.27,17.25,4,-159.26,-166.84,-154.61,-137.12,20.29,47.68,185.83,130.34,211.42,150.74,-24.92,-103.53,Pepper,Clay Loam,0.521,0.253,746.28,9,0.283,2955.82,20.404
13.207,108.087,6,486,6.02,31.2,2.84,5.9,34.4,34.4,29.7,24.7,138.1,83.27,17.25,4,-159.26,-166.84,-154.61,-137.12,20.29,47.68,185.83,130.34,211.42,150.74,-24.92,-103.53,Pepper,Clay Loam,0.521,0.252,746.28,9,0.283,2322.43,21.541
13.211,107.785,6,170,1.67,36.3,1.93,5.8,32.5,31.2,22.2,25.82,227.9,82.05,18.14,4,-222.95,-224.84,-212.6,-186.27,25.42,125.85,462.77,319.67,217.47,42.22,-150.03,-196.73,Pepper,Clay Loam,0.597,0.246,1193.42,7,0.388,3305.16,24.715
13.216,107.76,6,165,1.03,37.6,2.19,5.8,31.5,30.8,26.1,25.82,227.9,82.05,18.14,4,-222.95,-224.84,-212.6,-186.27,25.42,125.85,462.77,319.67,217.47,42.22,-150.03,-196.73,Pepper,Clay Loam,0.597,0.254,1193.42,7,0.388,3305.16,24.748
13.218,107.863,6,178,0.51,36.7,2.34,5.9,33.2,30.1,25.3,24.7,138.1,83.27,18.14,4,-159.26,-166.84,-154.61,-137.12,20.29,47.68,185.83,130.34,211.42,150.74,-24.92,-103.53,Pepper,Clay Loam,0.521,0.249,746.28,9,0.283,2322.43,23.543
13.218,108.32,6,679,2.12,36.8,2.97,5.8,35,28.2,30.6,24.7,138.1,83.27,17.25,4,-159.26,-166.84,-154.61,-137.12,20.29,47.68,185.83,130.34,211.42,150.74,-24.92,-103.53,Pepper,Clay Loam,0.521,0.252,746.28,9,0.283,2533.56,20.286
13.219,107.732,6,172,1.18,34.6,2.05,5.9,32.1,33.2,22.1,25.82,227.9,82.05,18.14,4,-222.95,-224.84,-212.6,-186.27,25.42,125.85,462.77,319.67,217.47,42.22,-150.03,-196.73,Pepper,Clay Loam,0.597,0.247,1193.42,7,0.388,3029.73,24.702
13.219,108.346,6,588,1.67,33.1,2.17,5.7,37.1,29.8,33.3,24.7,138.1,83.27,17.25,4,-159.26,-166.84,-154.61,-137.12,20.29,47.68,185.83,130.34,211.42,150.74,-24.92,-103.53,Pepper,Clay Loam,0.521,0.251,746.28,9,0.283,2744.69,20.878
13.228,107.518,6,140,3.64,35.7,20.2,6,33.8,30.5,25,25.86,8.09,82.95,17.67,12,-6.57,-7.33,-7.36,-6.7,2.7,5.61,18.96,4.97,9.12,-0.51,-5.8,-7.04,Pepper,Clay Loam,0.568,0.247,41.31,7,0.458,2167.97,24.95
13.228,107.621,6,173,3.64,32.9,17.1,5.8,33.1,34,21.8,25.86,8.09,82.95,17.67,12,-6.57,-7.33,-7.36,-6.7,2.7,5.61,18.96,4.97,9.12,-0.51,-5.8,-7.04,Pepper,Clay Loam,0.568,0.244,41.31,7,0.458,2.601.564,24.736
13.228,107.88,6,183,1.18,38.9,2.01,5.9,33.8,27.3,24.3,24.7,138.1,83.27,18.14,4,-159.26,-166.84,-154.61,-137.12,20.29,47.68,185.83,130.34,211.42,150.74,-24.92,-103.53,Pepper,Clay Loam,0.521,0.246,746.28,9,0.283,2322.43,23.51
13.23,107.737,6,168,0,35.2,2.18,6.1,31.2,33.5,23,25.82,227.9,82.05,18.14,4,-222.95,-224.84,-212.6,-186.27,25.42,125.85,462.77,319.67,217.47,42.22,-150.03,-196.73,Pepper,Clay Loam,0.597,0.25,1193.42,7,0.388,2478.87,24.728
13.231,107.667,6,167,1.03,34.7,1.84,6,33.2,32.1,20.1,25.82,227.9,82.05,18.14,4,-222.95,-224.84,-212.6,-186.27,25.42,125.85,462.77,319.67,217.47,42.22,-150.03,-196.73,Pepper,Clay Loam,0.597,0.242,1193.42,7,0.388,2754.3,24.734
13.234,108.286,6,600,4.69,34.3,2.46,5.7,35,30.7,31.1,24.7,138.1,83.27,17.25,4,-159.26,-166.84,-154.61,-137.12,20.29,47.68,185.83,130.34,211.42,150.74,-24.92,-103.53,Pepper,Clay Loam,0.521,0.253,746.28,9,0.283,2744.69,20.8
13.235,108.07,6,397,3.64,32.7,22,5.8,32.3,35.1,25.7,24.75,5.04,84.49,16.78,12,-3.85,-5.19,-5.49,-5.13,2.87,2.02,9.17,1.47,8.91,1.97,-2.38,-4.35,Pepper,Clay Loam,0.484,0.252,26.39,7,0.347,2.601.564,22.17
13.235,108.396,6,807,15.96,31.7,3.26,5.6,34.4,33.9,41.3,24.7,138.1,83.27,17.25,4,-159.26,-166.84,-154.61,-137.12,20.29,47.68,185.83,130.34,211.42,150.74,-24.92,-103.53,Pepper,Clay Loam,0.521,0.269,746.28,9,0.283,2955.82,19.454
13.237,107.641,6,182,3.64,32.6,17.2,5.9,33.9,33.6,23.4,25.86,8.09,82.95,17.67,12,-6.57,-7.33,-7.36,-6.7,2.7,5.61,18.96,4.97,9.12,-0.51,-5.8,-7.04,Pepper,Clay Loam,0.568,0.245,41.31,7,0.458,2.384.767,24.677
13.238,107.827,6,179,1.48,33,1.82,5.8,33.1,33.9,20.7,24.7,138.1,83.27,18.14,4,-159.26,-166.84,-154.61,-137.12,20.29,47.68,185.83,130.34,211.42,150.74,-24.92,-103.53,Pepper,Clay Loam,0.521,0.243,746.28,9,0.283,2533.56,23.536
13.242,108.179,6,595,4.4,29.9,2.46,5.7,34.9,35.3,28.5,24.7,138.1,83.27,17.25,4,-159.26,-166.84,-154.61,-137.12,20.29,47.68,185.83,130.34,211.42,150.74,-24.92,-103.53,Pepper,Clay Loam,0.521,0.25,746.28,9,0.283,2744.69,20.832
13.243,108.33,6,601,4.23,35.3,2.84,5.8,35.1,29.6,35.5,24.7,138.1,83.27,17.25,4,-159.26,-166.84,-154.61,-137.12,20.29,47.68,185.83,130.34,211.42,150.74,-24.92,-103.53,Pepper,Clay Loam,0.521,0.259,746.28,9,0.283,2533.56,20.793
13.245,107.697,6,169,0.51,36.4,2.14,5.9,30.5,33.1,22.3,25.82,227.9,82.05,18.14,4,-222.95,-224.84,-212.6,-186.27,25.42,125.85,462.77,319.67,217.47,42.22,-150.03,-196.73,Pepper,Clay Loam,0.597,0.251,1193.42,7,0.388,3029.73,24.722
13.247,108.328,6,625,3.64,34.2,25.6,5.7,34.6,31.1,39.4,24.75,5.04,84.49,16.78,12,-3.85,-5.19,-5.49,-5.13,2.87,2.02,9.17,1.47,8.91,1.97,-2.38,-4.35,Pepper,Clay Loam,0.484,0.266,26.39,7,0.347,2.818.361,20.688
13.251,107.741,6,164,0.74,34,1.86,5.9,32.9,33.1,22.3,25.96,199.04,81.8,18.14,3,-202.41,-205.29,-190.82,-159.08,55.01,90.16,368.73,274.99,223.54,69.09,-144.32,-179.6,Pepper,Clay Loam,0.61,0.246,1081.52,7,0.341,2.789.688,24.894
13.253,108.033,6,276,4.14,33.3,2.66,5.7,35.3,31.4,30.2,24.57,141.28,83.7,17.25,4,-159.46,-169.36,-154.13,-136.02,24.8,37.8,167.03,113.53,221.94,194.62,-29.94,-110.79,Pepper,Clay Loam,0.503,0.251,759.7,9,0.292,2.818.361,22.776
13.258,107.813,6,186,3.64,36,19.1,5.8,34.1,29.9,22,24.64,4.92,84.79,17.67,12,-3.74,-5.15,-5.62,-5,2.51,2.76,7.89,1.25,8.92,3.13,-2.41,-4.49,Pepper,Clay Loam,0.472,0.242,26.41,9,0.337,2.601.564,23.431
13.258,108.015,6,322,4.78,30.9,2.95,5.6,36.4,32.7,27.8,24.57,141.28,83.7,17.25,4,-159.46,-169.36,-154.13,-136.02,24.8,37.8,167.03,113.53,221.94,194.62,-29.94,-110.79,Pepper,Clay Loam,0.503,0.245,759.7,9,0.292,3.035.158,22.477
13.26,107.728,6,165,3.64,35,21.4,6,32,33,25.5,26.03,6.93,82.59,17.67,12,-5.74,-6.67,-6.72,-5.6,3.27,5.56,14.57,4.05,8.95,0.25,-5.41,-6.56,Pepper,Clay Loam,0.586,0.252,36.7,7,0.398,2167.97,24.958
13.26,108.165,6,543,7.34,27.4,2.27,5.6,36.5,36.1,32.1,24.57,141.28,83.7,17.25,4,-159.46,-169.36,-154.13,-136.02,24.8,37.8,167.03,113.53,221.94,194.62,-29.94,-110.79,Pepper,Clay Loam,0.503,0.251,759.7,9,0.292,3.035.158,21.04
13.27,107.739,6,162,3.64,34.3,20.6,6.1,32.7,32.9,22.7,26.03,6.93,82.59,17.67,12,-5.74,-6.67,-6.72,-5.6,3.27,5.56,14.57,4.05,8.95,0.25,-5.41,-6.56,Pepper,Clay Loam,0.586,0.247,36.7,7,0.398,1.951.173,24.977
13.273,108.161,6,490,12.26,31.2,2.32,5.7,33.5,35.4,29.3,24.57,141.28,83.7,17.25,4,-159.46,-169.36,-154.13,-136.02,24.8,37.8,167.03,113.53,221.94,194.62,-29.94,-110.79,Pepper,Clay Loam,0.503,0.254,759.7,9,0.292,2.818.361,21.385
13.273,108.262,6,585,7.95,34.7,2.94,5.7,36.9,28.4,36.4,24.57,141.28,83.7,17.25,4,-159.46,-169.36,-154.13,-136.02,24.8,37.8,167.03,113.53,221.94,194.62,-29.94,-110.79,Pepper,Clay Loam,0.503,0.256,759.7,9,0.292,2.818.361,20.768
13.279,107.57,6,145,3.64,34.3,19.7,6,31.4,34.3,23.1,26.03,6.93,82.59,17.67,12,-5.74,-6.67,-6.72,-5.6,3.27,5.56,14.57,4.05,8.95,0.25,-5.41,-6.56,Pepper,Clay Loam,0.586,0.25,36.7,7,0.398,2167.97,25.088
13.28,107.98,6,305,11.5,33.4,2.56,5.7,34.2,32.4,30.3,24.57,141.28,83.7,18.14,4,-159.46,-169.36,-154.13,-136.02,24.8,37.8,167.03,113.53,221.94,194.62,-29.94,-110.79,Pepper,Clay Loam,0.503,0.254,759.7,9,0.292,2.818.361,22.588
13.281,108.446,6,364,3.64,35.6,25.5,5.9,36.3,28.1,30.6,24.61,4.18,86.41,16.78,12,-2.54,-4.25,-5.39,-5.02,0.71,-0.08,3.92,-1.15,7.21,7,2.28,-2.68,Pepper,Clay Loam,0.421,0.249,21.11,9,0.341,2.384.767,22.244
13.282,107.89,6,197,3.64,34.1,22.4,5.8,35.2,30.7,26.2,24.64,4.92,84.79,17.67,12,-3.74,-5.15,-5.62,-5,2.51,2.76,7.89,1.25,8.92,3.13,-2.41,-4.49,Pepper,Clay Loam,0.472,0.246,26.41,9,0.337,2.601.564,23.36
13.285,108.191,6,437,3.64,36.6,25.5,5.8,32.3,31,27,24.64,4.92,84.79,16.78,12,-3.74,-5.15,-5.62,-5,2.51,2.76,7.89,1.25,8.92,3.13,-2.41,-4.49,Pepper,Clay Loam,0.472,0.254,26.41,9,0.337,2.601.564,21.8
13.286,107.632,6,151,3.64,34.2,20.9,5.9,31.9,33.9,24,26.03,6.93,82.59,17.67,12,-5.74,-6.67,-6.72,-5.6,3.27,5.56,14.57,4.05,8.95,0.25,-5.41,-6.56,Pepper,Clay Loam,0.586,0.25,36.7,7,0.398,2.384.767,25.048
13.286,107.886,6,198,3.68,35.9,1.97,5.7,34.3,29.9,23.9,24.57,141.28,83.7,18.14,4,-159.46,-169.36,-154.13,-136.02,24.8,37.8,167.03,113.53,221.94,194.62,-29.94,-110.79,Pepper,Clay Loam,0.503,0.245,759.7,9,0.292,2.818.361,23.283
13.293,107.624,6,151,3.64,35.3,19.5,5.9,31.2,33.5,22.8,26.03,6.93,82.59,17.67,12,-5.74,-6.67,-6.72,-5.6,3.27,5.56,14.57,4.05,8.95,0.25,-5.41,-6.56,Pepper,Clay Loam,0.586,0.25,36.7,7,0.398,2.384.767,25.048
13.3,108.214,6,614,11.91,32.6,2.65,5.7,36.2,31.2,36.7,24.57,141.28,83.7,17.25,4,-159.46,-169.36,-154.13,-136.02,24.8,37.8,167.03,113.53,221.94,194.62,-29.94,-110.79,Pepper,Clay Loam,0.503,0.258,759.7,9,0.292,2.818.361,20.579
13.303,107.761,6,173,1.67,34.6,1.92,6,33.9,31.5,22.4,25.96,199.04,81.8,18.14,3,-202.41,-205.29,-190.82,-159.08,55.01,90.16,368.73,274.99,223.54,69.09,-144.32,-179.6,Pepper,Clay Loam,0.61,0.243,1081.52,7,0.341,2536.08,24.836
13.304,107.966,6,222,1.67,33,1.94,5.8,37.5,29.5,21.6,24.57,141.28,83.7,18.14,4,-159.46,-169.36,-154.13,-136.02,24.8,37.8,167.03,113.53,221.94,194.62,-29.94,-110.79,Pepper,Clay Loam,0.503,0.234,759.7,9,0.292,2.601.564,23.127
13.304,108.389,6,542,18.02,29.6,2.95,5.6,36.1,34.3,46.5,24.57,141.28,83.7,17.25,4,-159.46,-169.36,-154.13,-136.02,24.8,37.8,167.03,113.53,221.94,194.62,-29.94,-110.79,Pepper,Clay Loam,0.503,0.272,759.7,9,0.292,3.035.158,21.047
13.305,108.011,6,263,3.64,31.6,23.6,5.6,34.3,34.1,29.6,24.64,4.92,84.79,16.78,12,-3.74,-5.15,-5.62,-5,2.51,2.76,7.89,1.25,8.92,3.13,-2.41,-4.49,Pepper,Clay Loam,0.472,0.253,26.41,9,0.337,3.035.158,22.931
13.305,108.42,6,326,3.64,33.9,25.3,6.1,36.1,30,27.8,24.64,4.92,84.79,16.78,12,-3.74,-5.15,-5.62,-5,2.51,2.76,7.89,1.25,8.92,3.13,-2.41,-4.49,Pepper,Clay Loam,0.472,0.246,26.41,9,0.337,1.951.173,22.521
13.308,108.22,6,560,9.65,29.5,2.19,5.9,36.5,34,32.8,24.57,141.28,83.7,17.25,4,-159.46,-169.36,-154.13,-136.02,24.8,37.8,167.03,113.53,221.94,194.62,-29.94,-110.79,Pepper,Clay Loam,0.503,0.252,759.7,9,0.292,2.384.767,20.93
13.309,107.682,6,159,0.74,33.6,2.11,5.9,32.6,33.8,22.1,25.96,199.04,81.8,18.14,3,-202.41,-205.29,-190.82,-159.08,55.01,90.16,368.73,274.99,223.54,69.09,-144.32,-179.6,Pepper,Clay Loam,0.61,0.246,1081.52,7,0.341,2.789.688,24.926
13.309,107.803,6,185,0.74,37,1.88,5.7,32.9,30.1,21.4,25.96,199.04,81.8,18.14,3,-202.41,-205.29,-190.82,-159.08,55.01,90.16,368.73,274.99,223.54,69.09,-144.32,-179.6,Pepper,Clay Loam,0.61,0.244,1081.52,7,0.341,3.296.904,24.758
13.31,108.218,6,576,7.52,30.8,2.22,5.9,37.7,31.5,32.5,24.57,141.28,83.7,17.25,4,-159.46,-169.36,-154.13,-136.02,24.8,37.8,167.03,113.53,221.94,194.62,-29.94,-110.79,Pepper,Clay Loam,0.503,0.249,759.7,9,0.292,2.384.767,20.826
13.312,107.685,6,159,1.87,34.2,2.14,6,32.4,33.4,25.2,25.96,199.04,81.8,18.14,3,-202.41,-205.29,-190.82,-159.08,55.01,90.16,368.73,274.99,223.54,69.09,-144.32,-179.6,Pepper,Clay Loam,0.61,0.251,1081.52,7,0.341,2536.08,24.926
13.316,107.925,6,216,1.18,34.2,2.35,5.7,33.9,31.9,29.8,24.57,141.28,83.7,18.14,4,-159.46,-169.36,-154.13,-136.02,24.8,37.8,167.03,113.53,221.94,194.62,-29.94,-110.79,Pepper,Clay Loam,0.503,0.254,759.7,9,0.292,2.818.361,23.166
13.322,107.896,6,207,4.17,33.9,1.93,5.7,35.1,30.9,23,24.57,141.28,83.7,18.14,4,-159.46,-169.36,-154.13,-136.02,24.8,37.8,167.03,113.53,221.94,194.62,-29.94,-110.79,Pepper,Clay Loam,0.503,0.241,759.7,9,0.292,2.818.361,23.224
13.323,107.961,6,215,1.18,33.7,2.07,5.7,36.5,29.8,27,24.57,141.28,83.7,18.14,4,-159.46,-169.36,-154.13,-136.02,24.8,37.8,167.03,113.53,221.94,194.62,-29.94,-110.79,Pepper,Clay Loam,0.503,0.244,759.7,9,0.292,2.818.361,23.172
13.326,107.894,6,230,5.86,32.2,2.26,5.8,37.7,30.1,26.6,24.57,141.28,83.7,18.14,4,-159.46,-169.36,-154.13,-136.02,24.8,37.8,167.03,113.53,221.94,194.62,-29.94,-110.79,Pepper,Clay Loam,0.503,0.241,759.7,9,0.292,2.601.564,23.075
13.329,108.257,6,432,3.64,38.3,20.3,5.8,33.1,28.6,26.8,24.64,4.92,84.79,16.78,12,-3.74,-5.15,-5.62,-5,2.51,2.76,7.89,1.25,8.92,3.13,-2.41,-4.49,Pepper,Clay Loam,0.472,0.251,26.41,9,0.337,2.601.564,21.832
13.335,108.107,6,396,3.64,36.7,29.7,5.6,31.7,31.6,32.8,24.64,4.92,84.79,16.78,12,-3.74,-5.15,-5.62,-5,2.51,2.76,7.89,1.25,8.92,3.13,-2.41,-4.49,Pepper,Clay Loam,0.472,0.263,26.41,9,0.337,3.035.158,22.066
13.34,107.801,6,191,3.64,32.5,19.6,5.8,35.5,32,21.1,26.03,6.93,82.59,17.67,12,-5.74,-6.67,-6.72,-5.6,3.27,5.56,14.57,4.05,8.95,0.25,-5.41,-6.56,Pepper,Clay Loam,0.586,0.238,36.7,7,0.398,2.601.564,24.789
13.34,107.919,6,205,3.64,35.1,24.9,5.7,34.9,30,28.9,24.64,4.92,84.79,17.67,12,-3.74,-5.15,-5.62,-5,2.51,2.76,7.89,1.25,8.92,3.13,-2.41,-4.49,Pepper,Clay Loam,0.472,0.25,26.41,9,0.337,2.818.361,23.308
13.341,108.172,6,346,2.35,36.2,2.39,5.9,35,28.8,24.7,24.57,141.28,83.7,17.25,4,-159.46,-169.36,-154.13,-136.02,24.8,37.8,167.03,113.53,221.94,194.62,-29.94,-110.79,Pepper,Clay Loam,0.503,0.244,759.7,9,0.292,2.384.767,22.321
13.343,107.766,6,182,3.64,37.7,16.2,5.9,32.1,30.2,20.3,26.03,6.93,82.59,17.67,12,-5.74,-6.67,-6.72,-5.6,3.27,5.56,14.57,4.05,8.95,0.25,-5.41,-6.56,Pepper,Clay Loam,0.586,0.245,36.7,7,0.398,2.384.767,24.847
13.346,107.998,6,247,1.89,35.1,2.14,5.9,34.9,30,23.5,24.57,141.28,83.7,18.14,4,-159.46,-169.36,-154.13,-136.02,24.8,37.8,167.03,113.53,221.94,194.62,-29.94,-110.79,Pepper,Clay Loam,0.503,0.243,759.7,9,0.292,2.384.767,22.964
13.348,107.97,6,277,5.89,35.3,2.5,5.6,33.6,31.1,29.4,24.57,141.28,83.7,18.14,4,-159.46,-169.36,-154.13,-136.02,24.8,37.8,167.03,113.53,221.94,194.62,-29.94,-110.79,Pepper,Clay Loam,0.503,0.254,759.7,9,0.292,3.035.158,22.77
13.354,107.612,6,159,3.64,34.9,19.8,5.9,31.7,33.4,25.2,26.03,6.93,82.59,17.67,12,-5.74,-6.67,-6.72,-5.6,3.27,5.56,14.57,4.05,8.95,0.25,-5.41,-6.56,Pepper,Clay Loam,0.586,0.252,36.7,7,0.398,2.384.767,24.996
13.355,108.065,6,255,2.63,35.9,2.23,5.8,33.8,30.3,30.1,24.57,141.28,83.7,17.25,4,-159.46,-169.36,-154.13,-136.02,24.8,37.8,167.03,113.53,221.94,194.62,-29.94,-110.79,Pepper,Clay Loam,0.503,0.254,759.7,9,0.292,2.601.564,22.912
13.361,108.068,6,251,0.74,34.5,2.28,5.8,33.5,32,26.9,24.57,141.28,83.7,17.25,4,-159.46,-169.36,-154.13,-136.02,24.8,37.8,167.03,113.53,221.94,194.62,-29.94,-110.79,Pepper,Clay Loam,0.503,0.251,759.7,9,0.292,2.601.564,22.938
13.363,108.352,6,519,14.71,34.2,2.62,5.8,35.4,30.3,35.2,24.57,141.28,83.7,17.25,4,-159.46,-169.36,-154.13,-136.02,24.8,37.8,167.03,113.53,221.94,194.62,-29.94,-110.79,Pepper,Clay Loam,0.503,0.258,759.7,9,0.292,2.601.564,21.196
13.364,107.633,6,169,2.63,32.6,1.92,6,32.8,34.6,24.1,25.96,199.04,81.8,18.14,3,-202.41,-205.29,-190.82,-159.08,55.01,90.16,368.73,274.99,223.54,69.09,-144.32,-179.6,Pepper,Clay Loam,0.61,0.248,1081.52,7,0.341,2536.08,24.862
13.374,107.765,6,170,2.78,34.8,2.18,5.7,34.5,30.7,26.5,25.96,199.04,81.8,18.14,3,-202.41,-205.29,-190.82,-159.08,55.01,90.16,368.73,274.99,223.54,69.09,-144.32,-179.6,Pepper,Clay Loam,0.61,0.248,1081.52,7,0.341,3.296.904,24.855
13.374,108.069,6,262,1.63,36,2.06,5.8,33,31,22.6,24.57,141.28,83.7,17.25,4,-159.46,-169.36,-154.13,-136.02,24.8,37.8,167.03,113.53,221.94,194.62,-29.94,-110.79,Pepper,Clay Loam,0.503,0.246,759.7,9,0.292,2.601.564,22.867
13.376,107.836,6,225,5.08,34.3,2.33,5.6,36.5,29.2,26.5,24.57,141.28,83.7,18.14,4,-159.46,-169.36,-154.13,-136.02,24.8,37.8,167.03,113.53,221.94,194.62,-29.94,-110.79,Pepper,Clay Loam,0.503,0.243,759.7,9,0.292,3.035.158,23.108
13.379,107.818,6,275,4.74,33.6,2.65,5.6,35.1,31.3,30.6,24.57,141.28,83.7,18.14,4,-159.46,-169.36,-154.13,-136.02,24.8,37.8,167.03,113.53,221.94,194.62,-29.94,-110.79,Pepper,Clay Loam,0.503,0.252,759.7,9,0.292,3.035.158,22.782
13.383,107.772,6,188,1.63,34.5,2,5.8,34.8,30.6,25.8,25.96,199.04,81.8,18.14,3,-202.41,-205.29,-190.82,-159.08,55.01,90.16,368.73,274.99,223.54,69.09,-144.32,-179.6,Pepper,Clay Loam,0.61,0.246,1081.52,7,0.341,3.043.296,24.738
13.385,108.355,6,325,4.08,36.4,2.47,6,37.1,26.5,29.5,24.57,141.28,83.7,17.25,4,-159.46,-169.36,-154.13,-136.02,24.8,37.8,167.03,113.53,221.94,194.62,-29.94,-110.79,Pepper,Clay Loam,0.503,0.246,759.7,9,0.292,2167.97,22.458
13.387,108.007,6,228,3.64,34.6,25.2,5.9,33.3,32.1,25.4,24.64,4.92,84.79,16.78,12,-3.74,-5.15,-5.62,-5,2.51,2.76,7.89,1.25,8.92,3.13,-2.41,-4.49,Pepper,Clay Loam,0.472,0.249,26.41,9,0.337,2.384.767,23.158
13.397,107.796,6,174,3.64,31.3,17.6,5.8,37.7,31,25.1,26.03,6.93,82.59,17.67,12,-5.74,-6.67,-6.72,-5.6,3.27,5.56,14.57,4.05,8.95,0.25,-5.41,-6.56,Pepper,Clay Loam,0.586,0.238,36.7,7,0.398,2.601.564,24.899
13.398,108.166,6,293,1.54,34.4,2.56,6,34,31.6,26.7,24.57,141.28,83.7,17.25,4,-159.46,-169.36,-154.13,-136.02,24.8,37.8,167.03,113.53,221.94,194.62,-29.94,-110.79,Pepper,Clay Loam,0.503,0.249,759.7,9,0.292,2167.97,22.666
13.41,108.338,6,301,3.64,35.4,22.9,6,36.1,28.5,29.7,24.64,4.92,84.79,16.78,12,-3.74,-5.15,-5.62,-5,2.51,2.76,7.89,1.25,8.92,3.13,-2.41,-4.49,Pepper,Clay Loam,0.472,0.249,26.41,9,0.337,2167.97,22.684
13.414,107.688,6,194,5.67,33.2,2.12,5.9,33.9,33,25.4,25.96,199.04,81.8,18.14,3,-202.41,-205.29,-190.82,-159.08,55.01,90.16,368.73,274.99,223.54,69.09,-144.32,-179.6,Pepper,Clay Loam,0.61,0.248,1081.52,7,0.341,2.789.688,24.699
13.414,108.252,6,408,11.26,31.9,2.43,5.6,32.6,35.5,39.5,24.57,141.28,83.7,17.25,4,-159.46,-169.36,-154.13,-136.02,24.8,37.8,167.03,113.53,221.94,194.62,-29.94,-110.79,Pepper,Clay Loam,0.503,0.27,759.7,9,0.292,3.035.158,21.918
13.417,108.158,6,301,1.18,36.7,2.62,5.9,34.7,28.6,23.3,24.57,141.28,83.7,17.25,4,-159.46,-169.36,-154.13,-136.02,24.8,37.8,167.03,113.53,221.94,194.62,-29.94,-110.79,Pepper,Clay Loam,0.503,0.243,759.7,9,0.292,2.384.767,22.614
13.423,107.984,6,234,1.16,31.8,2.15,6,37.1,31.1,25,24.57,141.28,83.7,18.14,4,-159.46,-169.36,-154.13,-136.02,24.8,37.8,167.03,113.53,221.94,194.62,-29.94,-110.79,Pepper,Clay Loam,0.503,0.24,759.7,9,0.292,2167.97,23.049
13.427,108.119,6,314,2.95,36,2.43,5.9,34.9,29.1,26.2,24.57,141.28,83.7,17.25,4,-159.46,-169.36,-154.13,-136.02,24.8,37.8,167.03,113.53,221.94,194.62,-29.94,-110.79,Pepper,Clay Loam,0.503,0.246,759.7,9,0.292,2.384.767,22.529
13.435,108.134,6,304,1.54,36.8,2.43,5.9,34.5,28.7,25.2,24.57,141.28,83.7,17.25,4,-159.46,-169.36,-154.13,-136.02,24.8,37.8,167.03,113.53,221.94,194.62,-29.94,-110.79,Pepper,Clay Loam,0.503,0.246,759.7,9,0.292,2.384.767,22.594
13.435,108.395,6,173,0,31.4,1.74,5.9,38.4,30.2,19.6,24.57,141.28,83.7,17.25,4,-159.46,-169.36,-154.13,-136.02,24.8,37.8,167.03,113.53,221.94,194.62,-29.94,-110.79,Pepper,Clay Loam,0.503,0.229,759.7,9,0.292,2.384.767,23.446
13.438,108.369,6,202,3.64,32.5,24.6,5.9,36.8,30.7,28.1,24.64,4.92,84.79,16.78,12,-3.74,-5.15,-5.62,-5,2.51,2.76,7.89,1.25,8.92,3.13,-2.41,-4.49,Pepper,Clay Loam,0.472,0.245,26.41,9,0.337,2.384.767,23.327
13.439,107.928,6,199,0,34.6,1.77,5.8,35.2,30.2,25.4,24.57,141.28,83.7,18.14,4,-159.46,-169.36,-154.13,-136.02,24.8,37.8,167.03,113.53,221.94,194.62,-29.94,-110.79,Pepper,Clay Loam,0.503,0.245,759.7,9,0.292,2.601.564,23.276
13.443,108.392,6,168,0,35,1.85,6,35.7,29.3,23.4,24.57,141.28,83.7,17.25,4,-159.46,-169.36,-154.13,-136.02,24.8,37.8,167.03,113.53,221.94,194.62,-29.94,-110.79,Pepper,Clay Loam,0.503,0.241,759.7,9,0.292,2167.97,23.478
13.444,108.292,6,337,14.39,30.1,2.54,5.7,39,30.9,32.7,24.57,141.28,83.7,17.25,4,-159.46,-169.36,-154.13,-136.02,24.8,37.8,167.03,113.53,221.94,194.62,-29.94,-110.79,Pepper,Clay Loam,0.503,0.246,759.7,9,0.292,2.818.361,22.38
13.446,107.877,6,189,3.64,35.6,19.3,6,35.3,29.1,25.4,24.64,4.92,84.79,17.67,12,-3.74,-5.15,-5.62,-5,2.51,2.76,7.89,1.25,8.92,3.13,-2.41,-4.49,Pepper,Clay Loam,0.472,0.244,26.41,9,0.337,2167.97,23.412
13.446,108.386,6,176,3.64,31.3,17.9,6.1,36.9,31.8,20.1,24.64,4.92,84.79,16.78,12,-3.74,-5.15,-5.62,-5,2.51,2.76,7.89,1.25,8.92,3.13,-2.41,-4.49,Pepper,Clay Loam,0.472,0.233,26.41,9,0.337,1.951.173,23.496
13.447,107.798,6,222,3.26,32.7,1.97,5.7,38.2,29.1,23,25.96,199.04,81.8,18.14,3,-202.41,-205.29,-190.82,-159.08,55.01,90.16,368.73,274.99,223.54,69.09,-144.32,-179.6,Pepper,Clay Loam,0.61,0.234,1081.52,7,0.341,3.296.904,24.517
13.447,108.11,6,326,1.16,35,2.34,5.9,32.9,32,23.9,24.57,141.28,83.7,17.25,4,-159.46,-169.36,-154.13,-136.02,24.8,37.8,167.03,113.53,221.94,194.62,-29.94,-110.79,Pepper,Clay Loam,0.503,0.248,759.7,9,0.292,2.384.767,22.451
13.447,108.201,6,551,3.64,33.3,34.6,5.6,35.4,31.3,43.7,24.64,4.92,84.79,16.78,12,-3.74,-5.15,-5.62,-5,2.51,2.76,7.89,1.25,8.92,3.13,-2.41,-4.49,Pepper,Clay Loam,0.472,0.27,26.41,9,0.337,3.035.158,21.059
13.452,108.221,6,341,1.48,35,2.39,5.6,34.2,30.8,33.4,24.57,141.28,83.7,17.25,4,-159.46,-169.36,-154.13,-136.02,24.8,37.8,167.03,113.53,221.94,194.62,-29.94,-110.79,Pepper,Clay Loam,0.503,0.258,759.7,9,0.292,3.035.158,22.354
13.456,108.045,6,330,6.17,34.1,2.21,5.9,34.6,31.2,23.6,24.57,141.28,83.7,17.25,4,-159.46,-169.36,-154.13,-136.02,24.8,37.8,167.03,113.53,221.94,194.62,-29.94,-110.79,Pepper,Clay Loam,0.503,0.243,759.7,9,0.292,2.384.767,22.425
13.458,107.734,6,187,2.62,35.4,2.15,5.8,33.1,31.4,25.7,25.96,199.04,81.8,18.14,3,-202.41,-205.29,-190.82,-159.08,55.01,90.16,368.73,274.99,223.54,69.09,-144.32,-179.6,Pepper,Clay Loam,0.61,0.25,1081.52,7,0.341,3.043.296,24.745
13.459,107.945,6,206,3.64,32.6,17.6,5.8,36.1,31.3,24.4,24.64,4.92,84.79,17.67,12,-3.74,-5.15,-5.62,-5,2.51,2.76,7.89,1.25,8.92,3.13,-2.41,-4.49,Pepper,Clay Loam,0.472,0.241,26.41,9,0.337,2.601.564,23.301
13.461,107.985,6,218,1.54,34.9,1.76,5.8,36,29.1,25.7,24.57,141.28,83.7,18.14,4,-159.46,-169.36,-154.13,-136.02,24.8,37.8,167.03,113.53,221.94,194.62,-29.94,-110.79,Pepper,Clay Loam,0.503,0.243,759.7,9,0.292,2.601.564,23.153
13.462,108.115,6,321,1.54,34.7,2.68,5.9,34.2,31.2,25.7,24.57,141.28,83.7,17.25,4,-159.46,-169.36,-154.13,-136.02,24.8,37.8,167.03,113.53,221.94,194.62,-29.94,-110.79,Pepper,Clay Loam,0.503,0.247,759.7,9,0.292,2.384.767,22.484
13.465,108.339,6,228,1.89,35.8,2.37,6.1,33.6,30.5,24.2,24.57,141.28,83.7,17.25,4,-159.46,-169.36,-154.13,-136.02,24.8,37.8,167.03,113.53,221.94,194.62,-29.94,-110.79,Pepper,Clay Loam,0.503,0.247,759.7,9,0.292,1.951.173,23.088
13.479,107.623,6,293,13.06,30.7,2.74,5.6,34,35.3,33.9,25.96,199.04,81.8,18.14,3,-202.41,-205.29,-190.82,-159.08,55.01,90.16,368.73,274.99,223.54,69.09,-144.32,-179.6,Pepper,Clay Loam,0.61,0.259,1081.52,7,0.341,3.550.512,24.056
13.479,107.781,6,190,1.03,35,2.04,6.1,32.8,32.2,27.7,25.96,199.04,81.8,18.14,3,-202.41,-205.29,-190.82,-159.08,55.01,90.16,368.73,274.99,223.54,69.09,-144.32,-179.6,Pepper,Clay Loam,0.61,0.253,1081.52,7,0.341,2.282.472,24.725
13.485,108.036,6,239,1.59,36.4,2.25,6,34,29.5,26.8,24.57,141.28,83.7,17.25,4,-159.46,-169.36,-154.13,-136.02,24.8,37.8,167.03,113.53,221.94,194.62,-29.94,-110.79,Pepper,Clay Loam,0.503,0.249,759.7,9,0.292,2167.97,23.016
13.488,107.856,6,206,3.64,32.3,20.8,5.9,37.7,30,22.5,24.64,4.92,84.79,17.67,12,-3.74,-5.15,-5.62,-5,2.51,2.76,7.89,1.25,8.92,3.13,-2.41,-4.49,Pepper,Clay Loam,0.472,0.235,26.41,9,0.337,2.384.767,23.301
13.497,107.739,6,191,3.75,32,1.93,5.9,35.7,32.3,23.3,25.96,199.04,81.8,18.14,3,-202.41,-205.29,-190.82,-159.08,55.01,90.16,368.73,274.99,223.54,69.09,-144.32,-179.6,Pepper,Clay Loam,0.61,0.241,1081.52,7,0.341,2.789.688,24.719
13.497,108.294,6,236,8.75,35,2.26,6,34.4,30.6,28.6,24.57,141.28,83.7,17.25,4,-159.46,-169.36,-154.13,-136.02,24.8,37.8,167.03,113.53,221.94,194.62,-29.94,-110.79,Pepper,Clay Loam,0.503,0.251,759.7,9,0.292,2167.97,23.036
13.498,108.102,6,415,2.6,31.5,2.11,5.8,34.5,33.9,22.4,24.57,141.28,83.7,17.25,4,-159.46,-169.36,-154.13,-136.02,24.8,37.8,167.03,113.53,221.94,194.62,-29.94,-110.79,Pepper,Clay Loam,0.503,0.242,759.7,9,0.292,2.601.564,21.873
13.502,107.522,6,179,3.64,32.5,20.5,5.7,31.2,36.3,31.1,26.03,6.93,82.59,17.67,12,-5.74,-6.67,-6.72,-5.6,3.27,5.56,14.57,4.05,8.95,0.25,-5.41,-6.56,Pepper,Clay Loam,0.586,0.262,36.7,7,0.398,2.818.361,24.867
13.502,108.407,6,170,3.64,31.2,16.3,5.9,38.1,30.8,22,24.64,4.92,84.79,16.78,12,-3.74,-5.15,-5.62,-5,2.51,2.76,7.89,1.25,8.92,3.13,-2.41,-4.49,Pepper,Clay Loam,0.472,0.233,26.41,9,0.337,2.384.767,23.535
13.505,107.94,6,246,6.87,33.6,2.06,5.6,38.6,27.8,24.2,24.57,141.28,83.7,18.14,4,-159.46,-169.36,-154.13,-136.02,24.8,37.8,167.03,113.53,221.94,194.62,-29.94,-110.79,Pepper,Clay Loam,0.503,0.235,759.7,9,0.292,3.035.158,22.971
13.508,107.638,6,220,3.64,29.7,28.6,5.6,34,36.3,31.7,26.03,6.93,82.59,17.67,12,-5.74,-6.67,-6.72,-5.6,3.27,5.56,14.57,4.05,8.95,0.25,-5.41,-6.56,Pepper,Clay Loam,0.586,0.256,36.7,7,0.398,3.035.158,24.6
13.51,108.15,6,354,5.77,32.6,2.48,5.7,36.6,30.8,31.4,24.57,141.28,83.7,17.25,4,-159.46,-169.36,-154.13,-136.02,24.8,37.8,167.03,113.53,221.94,194.62,-29.94,-110.79,Pepper,Clay Loam,0.503,0.25,759.7,9,0.292,2.818.361,22.269
13.513,108.469,6,165,3.64,31,19.8,6.1,37.8,31.2,32,24.61,4.18,86.41,16.78,12,-2.54,-4.25,-5.39,-5.02,0.71,-0.08,3.92,-1.15,7.21,7,2.28,-2.68,Pepper,Clay Loam,0.421,0.248,21.11,9,0.341,1.951.173,23.537
13.524,108.054,6,265,0,34.9,2.05,5.8,32.8,32.3,24.7,24.57,141.28,83.7,17.25,4,-159.46,-169.36,-154.13,-136.02,24.8,37.8,167.03,113.53,221.94,194.62,-29.94,-110.79,Pepper,Clay Loam,0.503,0.249,759.7,9,0.292,2.601.564,22.848
13.547,108.22,6,341,3.53,35.8,2.43,6,33.3,30.9,31,24.57,141.28,83.7,17.25,4,-159.46,-169.36,-154.13,-136.02,24.8,37.8,167.03,113.53,221.94,194.62,-29.94,-110.79,Pepper,Clay Loam,0.503,0.257,759.7,9,0.292,2167.97,22.354
13.55,108.154,6,320,0.53,34.8,2.16,6,35.5,29.7,23.4,24.57,141.28,83.7,17.25,4,-159.46,-169.36,-154.13,-136.02,24.8,37.8,167.03,113.53,221.94,194.62,-29.94,-110.79,Pepper,Clay Loam,0.503,0.241,759.7,9,0.292,2167.97,22.49
13.551,108.343,6,168,1.03,37.9,2.37,5.9,33,29.2,21.5,24.57,141.28,83.7,17.25,4,-159.46,-169.36,-154.13,-136.02,24.8,37.8,167.03,113.53,221.94,194.62,-29.94,-110.79,Pepper,Clay Loam,0.503,0.244,759.7,9,0.292,2.384.767,23.478
13.554,107.804,6,203,2.78,32.1,2.19,5.8,35.4,32.5,23,25.96,199.04,81.8,18.14,3,-202.41,-205.29,-190.82,-159.08,55.01,90.16,368.73,274.99,223.54,69.09,-144.32,-179.6,Pepper,Clay Loam,0.61,0.241,1081.52,7,0.341,3.043.296,24.64
13.556,107.603,6,270,10.77,28,2.67,5.6,39.6,32.5,32.2,25.96,199.04,81.8,18.14,3,-202.41,-205.29,-190.82,-159.08,55.01,90.16,368.73,274.99,223.54,69.09,-144.32,-179.6,Pepper,Clay Loam,0.61,0.244,1081.52,7,0.341,3.550.512,24.205
13.558,108.284,6,209,10.66,34.9,2.16,6.1,35.5,29.6,24.4,24.57,141.28,83.7,17.25,4,-159.46,-169.36,-154.13,-136.02,24.8,37.8,167.03,113.53,221.94,194.62,-29.94,-110.79,Pepper,Clay Loam,0.503,0.243,759.7,9,0.292,1.951.173,23.212
13.559,108.296,6,185,3.64,36.9,22,6,35.7,27.4,21.9,24.64,4.92,84.79,16.78,12,-3.74,-5.15,-5.62,-5,2.51,2.76,7.89,1.25,8.92,3.13,-2.41,-4.49,Pepper,Clay Loam,0.472,0.239,26.41,9,0.337,2167.97,23.438
13.564,108.102,6,388,0,31.1,2.03,5.8,35.5,33.4,30.6,24.57,141.28,83.7,17.25,4,-159.46,-169.36,-154.13,-136.02,24.8,37.8,167.03,113.53,221.94,194.62,-29.94,-110.79,Pepper,Clay Loam,0.503,0.251,759.7,9,0.292,2.601.564,22.048
13.566,107.803,6,219,2.31,30.9,2.08,5.9,36.2,32.8,23.7,25.96,199.04,81.8,18.14,3,-202.41,-205.29,-190.82,-159.08,55.01,90.16,368.73,274.99,223.54,69.09,-144.32,-179.6,Pepper,Clay Loam,0.61,0.24,1081.52,7,0.341,2.789.688,24.536
13.566,108.061,6,332,7.34,34.1,1.99,5.8,33.8,32.1,25.7,24.57,141.28,83.7,17.25,4,-159.46,-169.36,-154.13,-136.02,24.8,37.8,167.03,113.53,221.94,194.62,-29.94,-110.79,Pepper,Clay Loam,0.503,0.248,759.7,9,0.292,2.601.564,22.412
13.567,108.224,6,366,1.59,35.8,2.39,6,33.5,30.7,26,24.57,141.28,83.7,17.25,4,-159.46,-169.36,-154.13,-136.02,24.8,37.8,167.03,113.53,221.94,194.62,-29.94,-110.79,Pepper,Clay Loam,0.503,0.249,759.7,9,0.292,2167.97,22.191
13.568,108.343,6,183,3.64,38.3,22.4,5.9,30.4,31.3,36.6,24.64,4.92,84.79,16.78,12,-3.74,-5.15,-5.62,-5,2.51,2.76,7.89,1.25,8.92,3.13,-2.41,-4.49,Pepper,Clay Loam,0.472,0.271,26.41,9,0.337,2.384.767,23.45
13.573,107.971,6,371,3.17,31.5,2.22,5.9,35.7,32.8,25.7,24.57,141.28,83.7,18.14,4,-159.46,-169.36,-154.13,-136.02,24.8,37.8,167.03,113.53,221.94,194.62,-29.94,-110.79,Pepper,Clay Loam,0.503,0.244,759.7,9,0.292,2.384.767,22.158
13.577,108.354,6,188,1.48,39.3,2.47,5.9,30.1,30.6,28.4,24.57,141.28,83.7,17.25,4,-159.46,-169.36,-154.13,-136.02,24.8,37.8,167.03,113.53,221.94,194.62,-29.94,-110.79,Pepper,Clay Loam,0.503,0.261,759.7,9,0.292,2.384.767,23.348
13.579,108.065,6,362,3.64,33.7,19.9,5.9,34.4,31.9,26,24.64,4.92,84.79,16.78,12,-3.74,-5.15,-5.62,-5,2.51,2.76,7.89,1.25,8.92,3.13,-2.41,-4.49,Pepper,Clay Loam,0.472,0.247,26.41,9,0.337,2.384.767,22.287
13.58,107.816,6,226,3.84,29.8,2.15,5.8,37.4,32.8,28.4,24.57,141.28,83.7,18.14,4,-159.46,-169.36,-154.13,-136.02,24.8,37.8,167.03,113.53,221.94,194.62,-29.94,-110.79,Pepper,Clay Loam,0.503,0.244,759.7,9,0.292,2.601.564,23.101
13.583,107.63,6,242,10.27,29.8,2.62,5.6,33.9,36.3,30.3,25.96,199.04,81.8,18.14,3,-202.41,-205.29,-190.82,-159.08,55.01,90.16,368.73,274.99,223.54,69.09,-144.32,-179.6,Pepper,Clay Loam,0.61,0.254,1081.52,7,0.341,3.550.512,24.387
13.583,108.057,6,413,3.64,31.8,19.5,5.9,34.9,33.3,24.2,24.64,4.92,84.79,16.78,12,-3.74,-5.15,-5.62,-5,2.51,2.76,7.89,1.25,8.92,3.13,-2.41,-4.49,Pepper,Clay Loam,0.472,0.244,26.41,9,0.337,2.384.767,21.956
13.587,107.731,6,220,1.67,32,1.79,6.1,35.1,32.9,21.5,25.96,199.04,81.8,18.14,3,-202.41,-205.29,-190.82,-159.08,55.01,90.16,368.73,274.99,223.54,69.09,-144.32,-179.6,Pepper,Clay Loam,0.61,0.239,1081.52,7,0.341,2.282.472,24.53
13.589,107.645,6,347,3.64,30.2,31.5,5.6,36.1,33.7,32.2,26.03,6.93,82.59,17.67,12,-5.74,-6.67,-6.72,-5.6,3.27,5.56,14.57,4.05,8.95,0.25,-5.41,-6.56,Pepper,Clay Loam,0.586,0.252,36.7,7,0.398,3.035.158,23.774
13.594,107.662,6,201,3.7,31.6,2.15,5.8,35.8,32.6,25.7,25.96,199.04,81.8,18.14,3,-202.41,-205.29,-190.82,-159.08,55.01,90.16,368.73,274.99,223.54,69.09,-144.32,-179.6,Pepper,Clay Loam,0.61,0.244,1081.52,7,0.341,3.043.296,24.654
13.598,107.749,6,231,1.48,33.2,1.89,5.9,35.1,31.8,25,25.96,199.04,81.8,18.14,3,-202.41,-205.29,-190.82,-159.08,55.01,90.16,368.73,274.99,223.54,69.09,-144.32,-179.6,Pepper,Clay Loam,0.61,0.244,1081.52,7,0.341,2.789.688,24.458
13.603,107.885,6,270,1.06,33.9,2.1,5.9,35.3,30.8,23.8,24.57,141.28,83.7,18.14,4,-159.46,-169.36,-154.13,-136.02,24.8,37.8,167.03,113.53,221.94,194.62,-29.94,-110.79,Pepper,Clay Loam,0.503,0.242,759.7,9,0.292,2.384.767,22.815
13.606,107.92,6,378,3.34,34.4,2.1,5.7,34.8,30.8,25.2,24.57,141.28,83.7,18.14,4,-159.46,-169.36,-154.13,-136.02,24.8,37.8,167.03,113.53,221.94,194.62,-29.94,-110.79,Pepper,Clay Loam,0.503,0.245,759.7,9,0.292,2.818.361,22.113
13.609,107.858,6,250,3.64,32.6,18.8,5.7,37.2,30.1,23.9,24.64,4.92,84.79,17.67,12,-3.74,-5.15,-5.62,-5,2.51,2.76,7.89,1.25,8.92,3.13,-2.41,-4.49,Pepper,Clay Loam,0.472,0.238,26.41,9,0.337,2.818.361,23.015
13.61,107.859,6,253,2.06,33.3,1.69,5.8,36.8,29.9,23.2,24.57,141.28,83.7,18.14,4,-159.46,-169.36,-154.13,-136.02,24.8,37.8,167.03,113.53,221.94,194.62,-29.94,-110.79,Pepper,Clay Loam,0.503,0.238,759.7,9,0.292,2.601.564,22.926
13.614,108.409,6,187,3.64,33.1,23.3,6,35.7,31.2,24.7,24.64,4.92,84.79,16.78,12,-3.74,-5.15,-5.62,-5,2.51,2.76,7.89,1.25,8.92,3.13,-2.41,-4.49,Pepper,Clay Loam,0.472,0.242,26.41,9,0.337,2167.97,23.425
13.616,107.982,6,466,5.4,28.1,3.05,5.6,34.1,37.7,31.1,24.57,141.28,83.7,18.14,4,-159.46,-169.36,-154.13,-136.02,24.8,37.8,167.03,113.53,221.94,194.62,-29.94,-110.79,Pepper,Clay Loam,0.503,0.255,759.7,9,0.292,3.035.158,21.541
13.619,108.19,6,283,3.64,37.2,23.8,5.9,31.4,31.4,26.7,24.64,4.92,84.79,16.78,12,-3.74,-5.15,-5.62,-5,2.51,2.76,7.89,1.25,8.92,3.13,-2.41,-4.49,Pepper,Clay Loam,0.472,0.255,26.41,9,0.337,2.384.767,22.8
13.624,108.45,6,226,3.64,35.5,25.5,6.1,36.6,28,28.3,24.61,4.18,86.41,16.78,12,-2.54,-4.25,-5.39,-5.02,0.71,-0.08,3.92,-1.15,7.21,7,2.28,-2.68,Pepper,Clay Loam,0.421,0.245,21.11,9,0.341,1.951.173,23.141
13.625,107.653,6,198,3.53,31.1,2.02,6,33.3,35.6,24.3,25.96,199.04,81.8,18.14,3,-202.41,-205.29,-190.82,-159.08,55.01,90.16,368.73,274.99,223.54,69.09,-144.32,-179.6,Pepper,Clay Loam,0.61,0.247,1081.52,7,0.341,2536.08,24.673
13.626,107.951,6,401,2.7,32.2,1.88,5.9,34.6,33.2,37.9,24.57,141.28,83.7,18.14,4,-159.46,-169.36,-154.13,-136.02,24.8,37.8,167.03,113.53,221.94,194.62,-29.94,-110.79,Pepper,Clay Loam,0.503,0.263,759.7,9,0.292,2.384.767,21.964
13.626,107.963,6,424,4.62,26.6,1.96,5.8,36.7,36.7,46,24.57,141.28,83.7,18.14,4,-159.46,-169.36,-154.13,-136.02,24.8,37.8,167.03,113.53,221.94,194.62,-29.94,-110.79,Pepper,Loam,0.503,0.27,759.7,9,0.292,2.601.564,21.814
13.626,108.303,6,215,3.64,37.3,2.58,6.1,33,29.6,24.9,24.57,141.28,83.7,17.25,4,-159.46,-169.36,-154.13,-136.02,24.8,37.8,167.03,113.53,221.94,194.62,-29.94,-110.79,Pepper,Clay Loam,0.503,0.249,759.7,9,0.292,1.951.173,23.172
13.627,107.824,6,248,3.64,32.1,2.02,5.9,36.3,31.6,25.4,24.57,141.28,83.7,18.14,4,-159.46,-169.36,-154.13,-136.02,24.8,37.8,167.03,113.53,221.94,194.62,-29.94,-110.79,Pepper,Clay Loam,0.503,0.242,759.7,9,0.292,2.384.767,22.958
13.628,108.075,6,446,10.61,29.1,2.2,5.8,37.5,33.4,29.8,24.57,141.28,83.7,17.25,4,-159.46,-169.36,-154.13,-136.02,24.8,37.8,167.03,113.53,221.94,194.62,-29.94,-110.79,Pepper,Clay Loam,0.503,0.245,759.7,9,0.292,2.601.564,21.671
13.634,108.345,6,235,1.18,35.4,2.32,5.9,34.1,30.4,29.8,24.57,141.28,83.7,17.25,4,-159.46,-169.36,-154.13,-136.02,24.8,37.8,167.03,113.53,221.94,194.62,-29.94,-110.79,Pepper,Clay Loam,0.503,0.253,759.7,9,0.292,2.384.767,23.042
13.635,107.923,6,397,6.33,30.5,1.93,5.8,36.5,33,24.3,24.57,141.28,83.7,18.14,4,-159.46,-169.36,-154.13,-136.02,24.8,37.8,167.03,113.53,221.94,194.62,-29.94,-110.79,Pepper,Clay Loam,0.503,0.24,759.7,9,0.292,2.601.564,21.99
13.648,107.775,6,267,3.64,30.7,20.4,5.9,35.8,33.5,27,26.03,6.93,82.59,17.67,12,-5.74,-6.67,-6.72,-5.6,3.27,5.56,14.57,4.05,8.95,0.25,-5.41,-6.56,Pepper,Clay Loam,0.586,0.245,36.7,7,0.398,2.384.767,24.295
13.648,107.992,6,463,3.64,31,29.9,5.9,36.1,32.9,49.4,24.64,4.92,84.79,17.67,12,-3.74,-5.15,-5.62,-5,2.51,2.76,7.89,1.25,8.92,3.13,-2.41,-4.49,Pepper,Clay Loam,0.472,0.276,26.41,9,0.337,2.384.767,21.63
13.648,108.369,6,199,1.06,32.2,2.59,6.1,36,31.8,28.2,24.57,141.28,83.7,17.25,4,-159.46,-169.36,-154.13,-136.02,24.8,37.8,167.03,113.53,221.94,194.62,-29.94,-110.79,Pepper,Clay Loam,0.503,0.247,759.7,9,0.292,1.951.173,23.276
13.649,108.448,6,375,3.64,36,27.5,5.8,34.5,29.5,36.3,24.61,4.18,86.41,16.78,12,-2.54,-4.25,-5.39,-5.02,0.71,-0.08,3.92,-1.15,7.21,7,2.28,-2.68,Pepper,Clay Loam,0.421,0.261,21.11,9,0.341,2.601.564,22.172
13.652,107.632,6,181,3.64,31.6,21.6,6,35.4,32.9,26.9,26.03,6.93,82.59,17.67,12,-5.74,-6.67,-6.72,-5.6,3.27,5.56,14.57,4.05,8.95,0.25,-5.41,-6.56,Pepper,Clay Loam,0.586,0.246,36.7,7,0.398,2167.97,24.854
13.653,107.692,6,234,0.74,30.9,1.9,6,37.3,31.9,21.7,25.96,199.04,81.8,18.14,3,-202.41,-205.29,-190.82,-159.08,55.01,90.16,368.73,274.99,223.54,69.09,-144.32,-179.6,Pepper,Clay Loam,0.61,0.235,1081.52,7,0.341,2536.08,24.439
13.658,108.336,6,222,3.64,34.4,21.3,6,33.9,31.7,26.4,24.64,4.92,84.79,16.78,12,-3.74,-5.15,-5.62,-5,2.51,2.76,7.89,1.25,8.92,3.13,-2.41,-4.49,Pepper,Clay Loam,0.472,0.249,26.41,9,0.337,2167.97,23.197
13.662,108.274,6,261,12.71,36,2.47,6,35.7,28.3,31.2,24.57,141.28,83.7,17.25,4,-159.46,-169.36,-154.13,-136.02,24.8,37.8,167.03,113.53,221.94,194.62,-29.94,-110.79,Pepper,Clay Loam,0.503,0.252,759.7,9,0.292,2167.97,22.874
13.663,107.549,6,225,3.64,30.3,23.6,5.7,35,34.7,27.1,26.03,6.93,82.59,17.67,12,-5.74,-6.67,-6.72,-5.6,3.27,5.56,14.57,4.05,8.95,0.25,-5.41,-6.56,Pepper,Clay Loam,0.586,0.247,36.7,7,0.398,2.818.361,24.568
13.666,108.024,6,489,3.06,29.2,2.19,5.5,37.4,33.3,26.8,24.57,141.28,83.7,17.25,4,-159.46,-169.36,-154.13,-136.02,24.8,37.8,167.03,113.53,221.94,194.62,-29.94,-110.79,Pepper,Clay Loam,0.503,0.241,759.7,9,0.292,3.251.955,21.392
13.672,108.335,6,216,1.67,34.2,2.28,6,34.6,31.2,29.7,24.57,141.28,83.7,17.25,4,-159.46,-169.36,-154.13,-136.02,24.8,37.8,167.03,113.53,221.94,194.62,-29.94,-110.79,Pepper,Clay Loam,0.503,0.252,759.7,9,0.292,2167.97,23.166
13.673,107.783,6,357,3.64,28.8,21.6,5.7,37.3,33.9,26.7,26.03,6.93,82.59,17.67,12,-5.74,-6.67,-6.72,-5.6,3.27,5.56,14.57,4.05,8.95,0.25,-5.41,-6.56,Pepper,Clay Loam,0.586,0.242,36.7,7,0.398,2.818.361,23.71
13.674,107.801,6,374,0.74,30,2.08,5.9,37.7,32.3,23.5,25.96,199.04,81.8,18.14,3,-202.41,-205.29,-190.82,-159.08,55.01,90.16,368.73,274.99,223.54,69.09,-144.32,-179.6,Pepper,Clay Loam,0.61,0.236,1081.52,7,0.341,2.789.688,23.529
13.674,108.036,6,510,3.64,29.6,22.4,5.5,37,33.4,28.8,24.64,4.92,84.79,16.78,12,-3.74,-5.15,-5.62,-5,2.51,2.76,7.89,1.25,8.92,3.13,-2.41,-4.49,Pepper,Clay Loam,0.472,0.245,26.41,9,0.337,3.251.955,21.325
13.678,107.917,6,438,6.27,27.3,1.99,5.7,37.2,35.5,25.9,24.57,141.28,83.7,18.14,4,-159.46,-169.36,-154.13,-136.02,24.8,37.8,167.03,113.53,221.94,194.62,-29.94,-110.79,Pepper,Clay Loam,0.503,0.241,759.7,9,0.292,2.818.361,21.723
13.68,107.709,6,257,5.37,31.3,1.86,6,36.2,32.5,25.3,25.96,199.04,81.8,18.14,3,-202.41,-205.29,-190.82,-159.08,55.01,90.16,368.73,274.99,223.54,69.09,-144.32,-179.6,Pepper,Clay Loam,0.61,0.242,1081.52,7,0.341,2536.08,24.29
13.68,108.15,6,404,3.64,33.8,16.3,5.9,37.5,28.7,24.8,24.64,4.92,84.79,16.78,12,-3.74,-5.15,-5.62,-5,2.51,2.76,7.89,1.25,8.92,3.13,-2.41,-4.49,Pepper,Clay Loam,0.472,0.238,26.41,9,0.337,2.384.767,22.014
13.681,108.223,6,212,3.64,33.4,22.4,6.1,33,33.6,23.3,24.64,4.92,84.79,16.78,12,-3.74,-5.15,-5.62,-5,2.51,2.76,7.89,1.25,8.92,3.13,-2.41,-4.49,Pepper,Clay Loam,0.472,0.247,26.41,9,0.337,1.951.173,23.262
13.685,108.311,6,370,8.12,38.4,2.51,5.9,33.1,28.5,29,24.57,141.28,83.7,17.25,4,-159.46,-169.36,-154.13,-136.02,24.8,37.8,167.03,113.53,221.94,194.62,-29.94,-110.79,Pepper,Clay Loam,0.503,0.254,759.7,9,0.292,2.384.767,22.165
13.691,107.989,6,515,2.12,27.5,2.32,5.8,36.6,35.9,25.6,24.57,141.28,83.7,18.14,4,-159.46,-169.36,-154.13,-136.02,24.8,37.8,167.03,113.53,221.94,194.62,-29.94,-110.79,Pepper,Clay Loam,0.503,0.242,759.7,9,0.292,2.601.564,21.222
13.695,108.166,6,220,2.18,36,2.48,6,31.7,32.4,26.8,24.57,141.28,83.7,17.25,4,-159.46,-169.36,-154.13,-136.02,24.8,37.8,167.03,113.53,221.94,194.62,-29.94,-110.79,Pepper,Clay Loam,0.503,0.255,759.7,9,0.292,2167.97,23.14
13.705,107.633,6,251,1.48,30.1,2.27,6,34.6,35.3,27.3,25.96,199.04,81.8,18.14,3,-202.41,-205.29,-190.82,-159.08,55.01,90.16,368.73,274.99,223.54,69.09,-144.32,-179.6,Pepper,Clay Loam,0.61,0.249,1081.52,7,0.341,2536.08,24.328
13.715,108.205,6,370,18.2,34.5,3.11,5.6,33.9,31.6,35.5,24.57,141.28,83.7,17.25,4,-159.46,-169.36,-154.13,-136.02,24.8,37.8,167.03,113.53,221.94,194.62,-29.94,-110.79,Pepper,Clay Loam,0.503,0.262,759.7,9,0.292,3.035.158,22.165
13.716,107.825,6,394,3.64,29.7,19.6,5.7,36,34.2,29.9,24.64,4.92,84.79,17.67,12,-3.74,-5.15,-5.62,-5,2.51,2.76,7.89,1.25,8.92,3.13,-2.41,-4.49,Pepper,Clay Loam,0.472,0.249,26.41,9,0.337,2.818.361,22.079
13.716,108.027,6,568,6.83,30.3,2.42,5.6,35.7,34,29.4,24.57,141.28,83.7,17.25,4,-159.46,-169.36,-154.13,-136.02,24.8,37.8,167.03,113.53,221.94,194.62,-29.94,-110.79,Pepper,Clay Loam,0.503,0.249,759.7,9,0.292,3.035.158,20.878
13.718,107.851,6,436,3.64,28.7,23.3,5.6,36.3,35,26.5,24.64,4.92,84.79,17.67,12,-3.74,-5.15,-5.62,-5,2.51,2.76,7.89,1.25,8.92,3.13,-2.41,-4.49,Pepper,Clay Loam,0.472,0.244,26.41,9,0.337,3.035.158,21.806
13.718,107.872,6,484,6.03,29.4,2.39,5.7,34.2,36.4,30.7,24.57,141.28,83.7,18.14,4,-159.46,-169.36,-154.13,-136.02,24.8,37.8,167.03,113.53,221.94,194.62,-29.94,-110.79,Pepper,Clay Loam,0.503,0.254,759.7,9,0.292,2.818.361,21.424
13.718,108.375,6,362,7.15,33.7,2.97,5.7,34.1,32.2,30.2,24.57,141.28,83.7,17.25,4,-159.46,-169.36,-154.13,-136.02,24.8,37.8,167.03,113.53,221.94,194.62,-29.94,-110.79,Pepper,Clay Loam,0.503,0.254,759.7,9,0.292,2.818.361,22.217
13.72,107.587,6,269,3.64,30.2,22.2,5.8,38.2,31.6,27.4,26.03,6.93,82.59,17.67,12,-5.74,-6.67,-6.72,-5.6,3.27,5.56,14.57,4.05,8.95,0.25,-5.41,-6.56,Pepper,Clay Loam,0.586,0.24,36.7,7,0.398,2.601.564,24.282
13.72,107.719,6,274,2.21,29.6,1.95,6,36.7,33.6,23.7,25.96,199.04,81.8,18.14,3,-202.41,-205.29,-190.82,-159.08,55.01,90.16,368.73,274.99,223.54,69.09,-144.32,-179.6,Pepper,Clay Loam,0.61,0.239,1081.52,7,0.341,2536.08,24.179
13.722,107.828,6,438,9.7,29.1,2.84,5.8,37,33.9,48.3,24.57,141.28,83.7,18.14,4,-159.46,-169.36,-154.13,-136.02,24.8,37.8,167.03,113.53,221.94,194.62,-29.94,-110.79,Pepper,Clay Loam,0.503,0.273,759.7,9,0.292,2.601.564,21.723
13.722,107.84,6,412,7,27.7,1.86,5.7,37.5,34.8,26.5,24.57,141.28,83.7,18.14,4,-159.46,-169.36,-154.13,-136.02,24.8,37.8,167.03,113.53,221.94,194.62,-29.94,-110.79,Pepper,Clay Loam,0.503,0.241,759.7,9,0.292,2.818.361,21.892
13.722,108.385,6,369,7.19,33.9,2.44,6,33.4,32.7,28.1,24.57,141.28,83.7,17.25,4,-159.46,-169.36,-154.13,-136.02,24.8,37.8,167.03,113.53,221.94,194.62,-29.94,-110.79,Pepper,Clay Loam,0.503,0.253,759.7,9,0.292,2167.97,22.172
13.723,108.148,6,356,15.25,36.2,2.22,5.9,34.3,29.5,29.7,24.57,141.28,83.7,17.25,4,-159.46,-169.36,-154.13,-136.02,24.8,37.8,167.03,113.53,221.94,194.62,-29.94,-110.79,Pepper,Clay Loam,0.503,0.253,759.7,9,0.292,2.384.767,22.256
13.725,107.739,6,276,3.64,30.4,21,6,36.2,33.4,24.3,26.03,6.93,82.59,17.67,12,-5.74,-6.67,-6.72,-5.6,3.27,5.56,14.57,4.05,8.95,0.25,-5.41,-6.56,Pepper,Clay Loam,0.586,0.241,36.7,7,0.398,2167.97,24.236
13.73,107.684,6,310,8.11,30,2.42,5.8,34.6,35.4,28.4,25.96,199.04,81.8,18.14,3,-202.41,-205.29,-190.82,-159.08,55.01,90.16,368.73,274.99,223.54,69.09,-144.32,-179.6,Pepper,Clay Loam,0.61,0.25,1081.52,7,0.341,3.043.296,23.945
13.731,108.157,6,420,1.67,38.3,3.01,5.8,32.2,29.5,33.8,24.57,141.28,83.7,17.25,4,-159.46,-169.36,-154.13,-136.02,24.8,37.8,167.03,113.53,221.94,194.62,-29.94,-110.79,Pepper,Clay Loam,0.503,0.263,759.7,9,0.292,2.601.564,21.84
13.734,107.86,6,455,0.51,28.3,2.23,5.6,36.4,35.3,26.2,24.57,141.28,83.7,18.14,4,-159.46,-169.36,-154.13,-136.02,24.8,37.8,167.03,113.53,221.94,194.62,-29.94,-110.79,Pepper,Clay Loam,0.503,0.243,759.7,9,0.292,3.035.158,21.612
13.738,107.857,6,449,4.79,26.4,2.41,5.7,35.8,37.8,26.7,24.57,141.28,83.7,18.14,4,-159.46,-169.36,-154.13,-136.02,24.8,37.8,167.03,113.53,221.94,194.62,-29.94,-110.79,Pepper,Loam,0.503,0.245,759.7,9,0.292,2.818.361,21.652
13.744,107.973,6,574,3.64,26,24.8,5.7,36.7,37.3,35,24.64,4.92,84.79,17.67,12,-3.74,-5.15,-5.62,-5,2.51,2.76,7.89,1.25,8.92,3.13,-2.41,-4.49,Pepper,Loam,0.472,0.255,26.41,9,0.337,2.818.361,20.909
13.746,107.807,6,362,3.64,28.1,22.9,5.8,36.9,35,26.2,26.03,6.93,82.59,17.67,12,-5.74,-6.67,-6.72,-5.6,3.27,5.56,14.57,4.05,8.95,0.25,-5.41,-6.56,Pepper,Clay Loam,0.586,0.242,36.7,7,0.398,2.601.564,23.677
13.75,107.986,6,644,3.64,29,25.5,5.8,33.7,37.3,29.8,24.64,4.92,84.79,17.67,12,-3.74,-5.15,-5.62,-5,2.51,2.76,7.89,1.25,8.92,3.13,-2.41,-4.49,Pepper,Clay Loam,0.472,0.254,26.41,9,0.337,2.601.564,20.454
13.756,107.519,6,176,3.64,30.2,24.7,5.8,36.8,33,22.8,25.32,5.63,82.4,17.67,12,-4.7,-5.63,-5.75,-4.35,2.73,4.7,10.96,3.35,7.89,0.86,-4.51,-5.56,Pepper,Clay Loam,0.568,0.237,30.5,7,0.359,2.601.564,24.176
13.757,108.296,6,471,15.01,32.4,2.66,5.7,34.1,33.5,28.8,23.3,147.86,84.74,17.25,4,-159.46,-175.05,-157.67,-141.05,-0.75,18.07,145.89,104.16,223.27,261.45,-15.89,-102.98,Pepper,Clay Loam,0.437,0.252,752.85,10,0.347,2.952.872,20.239
13.758,107.716,6,338,12.35,29.1,2.24,6,35.9,35,26.8,25.25,174.14,81.48,18.14,3,-179.93,-183.32,-167.16,-135.46,50.28,69.26,300.26,253.27,195.98,90.33,-133.36,-160.15,Pepper,Clay Loam,0.595,0.245,959.38,7,0.313,2289.35,23.053
13.759,107.803,6,373,3.78,27.9,1.97,5.9,35.1,37,24.9,25.25,174.14,81.48,18.14,3,-179.93,-183.32,-167.16,-135.46,50.28,69.26,300.26,253.27,195.98,90.33,-133.36,-160.15,Pepper,Clay Loam,0.595,0.244,959.38,7,0.313,2.518.285,22.825
13.763,107.859,6,477,2.62,29.1,2.06,5.7,36.1,34.8,25.8,23.3,147.86,84.74,18.14,4,-159.46,-175.05,-157.67,-141.05,-0.75,18.07,145.89,104.16,223.27,261.45,-15.89,-102.98,Pepper,Clay Loam,0.437,0.243,752.85,10,0.347,2.952.872,20.2
13.763,108.199,6,470,4.35,33.7,2.58,5.6,36.7,29.6,30.3,23.3,147.86,84.74,17.25,4,-159.46,-175.05,-157.67,-141.05,-0.75,18.07,145.89,104.16,223.27,261.45,-15.89,-102.98,Pepper,Clay Loam,0.437,0.248,752.85,10,0.347,3.180.016,20.245
13.763,108.251,6,520,3.64,37.4,24.4,5.8,33.5,29.1,25.5,23.37,4.74,85.96,16.78,12,-3.49,-5.08,-5.82,-5.01,1.27,2.46,6.48,1.14,8.68,5.17,-1.63,-4.16,Pepper,Clay Loam,0.403,0.249,25.19,9,0.344,2.601.564,19.99
13.768,107.944,6,655,19.89,27,2.19,5.8,34.4,38.7,26.6,23.3,147.86,84.74,18.14,4,-159.46,-175.05,-157.67,-141.05,-0.75,18.07,145.89,104.16,223.27,261.45,-15.89,-102.98,Pepper,Clay Loam,0.437,0.248,752.85,10,0.347,2.725.728,19.042
13.769,107.807,6,413,9.06,27.8,2.05,6,36.8,35.4,30.3,25.25,174.14,81.48,18.14,3,-179.93,-183.32,-167.16,-135.46,50.28,69.26,300.26,253.27,195.98,90.33,-133.36,-160.15,Pepper,Clay Loam,0.595,0.248,959.38,7,0.313,2289.35,22.566
13.775,107.961,6,656,1.87,29.1,2.42,5.7,36.1,34.9,26,23.3,147.86,84.74,18.14,4,-159.46,-175.05,-157.67,-141.05,-0.75,18.07,145.89,104.16,223.27,261.45,-15.89,-102.98,Pepper,Clay Loam,0.437,0.243,752.85,10,0.347,2.952.872,19.036
13.776,107.777,6,410,3.64,28.1,25.4,6,37.7,34.2,30.7,25.32,5.63,82.4,17.67,12,-4.7,-5.63,-5.75,-4.35,2.73,4.7,10.96,3.35,7.89,0.86,-4.51,-5.56,Pepper,Clay Loam,0.568,0.246,30.5,7,0.359,2167.97,22.655
13.776,107.851,6,470,3.02,29.4,2.19,5.9,35.4,35.2,30,23.3,147.86,84.74,18.14,4,-159.46,-175.05,-157.67,-141.05,-0.75,18.07,145.89,104.16,223.27,261.45,-15.89,-102.98,Pepper,Clay Loam,0.437,0.251,752.85,10,0.347,2.498.584,20.245
13.778,108.215,6,499,4.06,34.4,2.16,5.8,34.8,30.8,26.1,23.3,147.86,84.74,17.25,4,-159.46,-175.05,-157.67,-141.05,-0.75,18.07,145.89,104.16,223.27,261.45,-15.89,-102.98,Pepper,Clay Loam,0.437,0.246,752.85,10,0.347,2.725.728,20.056
13.781,108.308,6,545,3.64,32.9,20.2,5.7,33.5,33.5,30.7,23.37,4.74,85.96,16.78,12,-3.49,-5.08,-5.82,-5.01,1.27,2.46,6.48,1.14,8.68,5.17,-1.63,-4.16,Pepper,Clay Loam,0.403,0.256,25.19,9,0.344,2.818.361,19.828
13.792,107.519,6,160,3.64,31.4,24.9,5.9,37.4,31.2,25.5,25.32,5.63,82.4,17.67,12,-4.7,-5.63,-5.75,-4.35,2.73,4.7,10.96,3.35,7.89,0.86,-4.51,-5.56,Pepper,Clay Loam,0.568,0.24,30.5,7,0.359,2.384.767,24.28
13.792,108.055,6,650,3.13,27.9,2.33,5.9,38,34.1,27.6,23.3,147.86,84.74,17.25,4,-159.46,-175.05,-157.67,-141.05,-0.75,18.07,145.89,104.16,223.27,261.45,-15.89,-102.98,Pepper,Clay Loam,0.437,0.241,752.85,10,0.347,2.498.584,19.075
13.794,108.088,6,652,4.23,28.3,2.45,5.8,38.9,32.9,26.6,23.3,147.86,84.74,17.25,4,-159.46,-175.05,-157.67,-141.05,-0.75,18.07,145.89,104.16,223.27,261.45,-15.89,-102.98,Pepper,Clay Loam,0.437,0.238,752.85,10,0.347,2.725.728,19.062
13.797,107.974,6,674,3.64,30.2,24.3,5.7,36,33.8,32.7,23.37,4.74,85.96,17.67,12,-3.49,-5.08,-5.82,-5.01,1.27,2.46,6.48,1.14,8.68,5.17,-1.63,-4.16,Pepper,Clay Loam,0.403,0.253,25.19,9,0.344,2.818.361,18.989
13.798,108.299,6,128,3.64,34.9,22.3,5.6,35.2,30,30.3,23.37,4.74,85.96,16.78,12,-3.49,-5.08,-5.82,-5.01,1.27,2.46,6.48,1.14,8.68,5.17,-1.63,-4.16,Pepper,Clay Loam,0.403,0.251,25.19,9,0.344,3.035.158,22.538
13.799,107.895,6,536,3.64,25.7,18.1,5.8,38,36.3,27.5,23.37,4.74,85.96,17.67,12,-3.49,-5.08,-5.82,-5.01,1.27,2.46,6.48,1.14,8.68,5.17,-1.63,-4.16,Pepper,Loam,0.403,0.241,25.19,9,0.344,2.601.564,19.886
13.804,108.38,6,631,7,32.6,3.55,5.6,31,36.4,40.2,23.3,147.86,84.74,17.25,4,-159.46,-175.05,-157.67,-141.05,-0.75,18.07,145.89,104.16,223.27,261.45,-15.89,-102.98,Pepper,Clay Loam,0.437,0.275,752.85,10,0.347,3.180.016,19.199
13.806,107.635,6,372,2.84,27.2,2.24,5.9,37.3,35.5,26.9,25.25,174.14,81.48,18.14,3,-179.93,-183.32,-167.16,-135.46,50.28,69.26,300.26,253.27,195.98,90.33,-133.36,-160.15,Pepper,Clay Loam,0.595,0.242,959.38,7,0.313,2.518.285,22.832
13.81,107.517,6,171,3.64,32.6,26.4,5.7,35.9,31.4,29.8,25.32,5.63,82.4,17.67,12,-4.7,-5.63,-5.75,-4.35,2.73,4.7,10.96,3.35,7.89,0.86,-4.51,-5.56,Pepper,Clay Loam,0.568,0.249,30.5,7,0.359,2.818.361,24.208
13.812,107.831,6,444,7.16,28,2.38,6,36.8,35.2,26.2,23.3,147.86,84.74,18.14,4,-159.46,-175.05,-157.67,-141.05,-0.75,18.07,145.89,104.16,223.27,261.45,-15.89,-102.98,Pepper,Clay Loam,0.437,0.242,752.85,10,0.347,2271.44,20.414
13.814,107.641,6,409,8.42,28,2.38,5.9,36.3,35.7,29.5,25.25,174.14,81.48,18.14,3,-179.93,-183.32,-167.16,-135.46,50.28,69.26,300.26,253.27,195.98,90.33,-133.36,-160.15,Pepper,Clay Loam,0.595,0.248,959.38,7,0.313,2.518.285,22.592
13.819,107.751,6,357,7.36,26.1,1.97,5.7,37.5,36.3,28,25.25,174.14,81.48,18.14,3,-179.93,-183.32,-167.16,-135.46,50.28,69.26,300.26,253.27,195.98,90.33,-133.36,-160.15,Pepper,Loam,0.595,0.243,959.38,7,0.313,2.976.155,22.93
13.819,107.86,6,519,3.64,27.4,22,5.8,38,34.6,27,23.37,4.74,85.96,17.67,12,-3.49,-5.08,-5.82,-5.01,1.27,2.46,6.48,1.14,8.68,5.17,-1.63,-4.16,Pepper,Clay Loam,0.403,0.24,25.19,9,0.344,2.601.564,19.996
13.819,108.027,6,692,3.53,30.2,2.05,5.7,34,35.8,22.2,23.3,147.86,84.74,17.25,4,-159.46,-175.05,-157.67,-141.05,-0.75,18.07,145.89,104.16,223.27,261.45,-15.89,-102.98,Pepper,Clay Loam,0.437,0.243,752.85,10,0.347,2.952.872,18.802
13.82,108.225,6,626,4.26,34.1,2.01,5.7,35.7,30.3,26.9,23.3,147.86,84.74,17.25,4,-159.46,-175.05,-157.67,-141.05,-0.75,18.07,145.89,104.16,223.27,261.45,-15.89,-102.98,Pepper,Clay Loam,0.437,0.246,752.85,10,0.347,2.952.872,19.231
13.822,108.162,6,434,3.64,33.7,24.8,5.8,34.9,31.4,30.8,23.37,4.74,85.96,16.78,12,-3.49,-5.08,-5.82,-5.01,1.27,2.46,6.48,1.14,8.68,5.17,-1.63,-4.16,Pepper,Clay Loam,0.403,0.253,25.19,9,0.344,2.601.564,20.549
13.823,108.246,6,584,1.48,34.1,2.18,5.7,35.2,30.7,21.7,23.3,147.86,84.74,17.25,4,-159.46,-175.05,-157.67,-141.05,-0.75,18.07,145.89,104.16,223.27,261.45,-15.89,-102.98,Pepper,Clay Loam,0.437,0.239,752.85,10,0.347,2.952.872,19.504
13.823,108.375,6,846,16.87,32.8,3.41,5.5,32,35.2,48.2,23.3,147.86,84.74,17.25,4,-159.46,-175.05,-157.67,-141.05,-0.75,18.07,145.89,104.16,223.27,261.45,-15.89,-102.98,Pepper,Clay Loam,0.437,0.284,752.85,10,0.347,3407.16,17.801
13.83,108.253,6,611,3.69,33.6,2.02,5.8,36.1,30.4,23.7,23.3,147.86,84.74,17.25,4,-159.46,-175.05,-157.67,-141.05,-0.75,18.07,145.89,104.16,223.27,261.45,-15.89,-102.98,Pepper,Clay Loam,0.437,0.24,752.85,10,0.347,2.725.728,19.328
13.831,107.796,6,470,4.08,26.2,2.34,5.8,36.8,37,29.2,25.25,174.14,81.48,18.14,3,-179.93,-183.32,-167.16,-135.46,50.28,69.26,300.26,253.27,195.98,90.33,-133.36,-160.15,Pepper,Loam,0.595,0.246,959.38,7,0.313,2747.22,22.195
13.832,107.859,6,556,3.74,29.2,1.99,5.8,38,32.8,24.3,23.3,147.86,84.74,18.14,4,-159.46,-175.05,-157.67,-141.05,-0.75,18.07,145.89,104.16,223.27,261.45,-15.89,-102.98,Pepper,Clay Loam,0.437,0.237,752.85,10,0.347,2.725.728,19.686
13.836,108.266,6,638,3.64,33.2,19.8,5.8,36.8,30.1,22.3,23.37,4.74,85.96,16.78,12,-3.49,-5.08,-5.82,-5.01,1.27,2.46,6.48,1.14,8.68,5.17,-1.63,-4.16,Pepper,Clay Loam,0.403,0.237,25.19,9,0.344,2.601.564,19.223
13.839,107.734,6,420,5,28.1,1.96,5.9,36,35.9,26,25.25,174.14,81.48,18.14,3,-179.93,-183.32,-167.16,-135.46,50.28,69.26,300.26,253.27,195.98,90.33,-133.36,-160.15,Pepper,Clay Loam,0.595,0.244,959.38,7,0.313,2.518.285,22.52
13.841,107.95,6,686,2.31,29.3,2.15,5.5,33.6,37.1,29.3,23.3,147.86,84.74,18.14,4,-159.46,-175.05,-157.67,-141.05,-0.75,18.07,145.89,104.16,223.27,261.45,-15.89,-102.98,Pepper,Clay Loam,0.437,0.254,752.85,10,0.347,3407.16,18.841
13.848,107.544,6,343,3.64,28.5,27.8,5.7,37.5,34,36.1,25.32,5.63,82.4,17.67,12,-4.7,-5.63,-5.75,-4.35,2.73,4.7,10.96,3.35,7.89,0.86,-4.51,-5.56,Pepper,Clay Loam,0.568,0.254,30.5,7,0.359,2.818.361,23.09
13.857,107.604,6,327,3.78,28.8,2.45,6,34.6,36.6,27.1,25.25,174.14,81.48,18.14,3,-179.93,-183.32,-167.16,-135.46,50.28,69.26,300.26,253.27,195.98,90.33,-133.36,-160.15,Pepper,Clay Loam,0.595,0.248,959.38,7,0.313,2289.35,23.124
13.857,108.302,6,895,11.32,32.2,2.68,5.6,33.8,34,43.5,23.3,147.86,84.74,17.25,4,-159.46,-175.05,-157.67,-141.05,-0.75,18.07,145.89,104.16,223.27,261.45,-15.89,-102.98,Pepper,Clay Loam,0.437,0.273,752.85,10,0.347,3.180.016,17.482
13.866,107.644,6,343,3.64,26.4,25.8,5.9,36.9,36.7,30.4,25.32,5.63,82.4,17.67,12,-4.7,-5.63,-5.75,-4.35,2.73,4.7,10.96,3.35,7.89,0.86,-4.51,-5.56,Pepper,Loam,0.568,0.248,30.5,7,0.359,2.384.767,23.09
13.868,107.685,6,391,5.16,25.9,2.23,5.6,35.8,38.3,28.3,25.25,174.14,81.48,18.14,3,-179.93,-183.32,-167.16,-135.46,50.28,69.26,300.26,253.27,195.98,90.33,-133.36,-160.15,Pepper,Loam,0.595,0.247,959.38,7,0.313,3205.09,22.708
13.868,107.92,6,679,6.16,28.2,2.46,5.8,39.5,32.3,35.1,23.3,147.86,84.74,18.14,4,-159.46,-175.05,-157.67,-141.05,-0.75,18.07,145.89,104.16,223.27,261.45,-15.89,-102.98,Pepper,Clay Loam,0.437,0.248,752.85,10,0.347,2.725.728,18.886
13.869,107.762,6,462,8.43,26.4,2.84,5.9,38.1,35.5,44.4,25.25,174.14,81.48,18.14,3,-179.93,-183.32,-167.16,-135.46,50.28,69.26,300.26,253.27,195.98,90.33,-133.36,-160.15,Pepper,Loam,0.595,0.265,959.38,7,0.313,2.518.285,22.247
13.871,107.917,6,664,14.56,27.2,2.63,5.7,39.6,33.2,39.6,23.3,147.86,84.74,18.14,4,-159.46,-175.05,-157.67,-141.05,-0.75,18.07,145.89,104.16,223.27,261.45,-15.89,-102.98,Pepper,Clay Loam,0.437,0.254,752.85,10,0.347,2.952.872,18.984
13.879,107.742,6,471,2.57,26.2,2.12,6,37.7,36.1,29.9,25.25,174.14,81.48,18.14,3,-179.93,-183.32,-167.16,-135.46,50.28,69.26,300.26,253.27,195.98,90.33,-133.36,-160.15,Pepper,Loam,0.595,0.245,959.38,7,0.313,2289.35,22.188
13.883,108.032,6,834,1.63,25.8,2.2,5.7,36.3,37.9,25.8,23.3,147.86,84.74,17.25,4,-159.46,-175.05,-157.67,-141.05,-0.75,18.07,145.89,104.16,223.27,261.45,-15.89,-102.98,Pepper,Loam,0.437,0.243,752.85,10,0.347,2.952.872,17.879
13.885,108.19,6,703,4.06,33.5,2.06,5.8,35.2,31.2,27.4,23.3,147.86,84.74,17.25,4,-159.46,-175.05,-157.67,-141.05,-0.75,18.07,145.89,104.16,223.27,261.45,-15.89,-102.98,Pepper,Clay Loam,0.437,0.247,752.85,10,0.347,2.725.728,18.73
13.894,107.803,6,477,5.32,28.2,1.99,5.9,35,36.8,24.8,25.25,174.14,81.48,18.14,3,-179.93,-183.32,-167.16,-135.46,50.28,69.26,300.26,253.27,195.98,90.33,-133.36,-160.15,Pepper,Clay Loam,0.595,0.244,959.38,7,0.313,2.518.285,22.15
13.901,107.879,6,636,1.16,29.9,2.19,5.8,38,32.1,28.2,23.3,147.86,84.74,18.14,4,-159.46,-175.05,-157.67,-141.05,-0.75,18.07,145.89,104.16,223.27,261.45,-15.89,-102.98,Pepper,Clay Loam,0.437,0.242,752.85,10,0.347,2.725.728,19.166
13.902,108.481,6,609,3.64,34.3,31.9,5.7,36.7,29,43.8,24.18,4.49,86.94,16.78,12,-2.61,-4.36,-5.8,-5.3,-0.41,-0.02,4.01,-1.26,7.79,7.85,2.68,-2.56,Pepper,Clay Loam,0.394,0.267,22.32,10,0.352,2.818.361,20.222
13.905,107.958,6,759,3.64,29.1,24,5.8,38.8,32.1,22.9,23.37,4.74,85.96,17.67,12,-3.49,-5.08,-5.82,-5.01,1.27,2.46,6.48,1.14,8.68,5.17,-1.63,-4.16,Pepper,Clay Loam,0.403,0.233,25.19,9,0.344,2.601.564,18.437
13.911,108.125,6,721,5.19,31.3,2.19,5.8,36.1,32.6,29.7,23.3,147.86,84.74,17.25,4,-159.46,-175.05,-157.67,-141.05,-0.75,18.07,145.89,104.16,223.27,261.45,-15.89,-102.98,Pepper,Clay Loam,0.437,0.249,752.85,10,0.347,2.725.728,18.614
13.911,108.46,6,475,3.64,34.3,27.1,5.7,37,28.7,35.2,24.18,4.49,86.94,16.78,12,-2.61,-4.36,-5.8,-5.3,-0.41,-0.02,4.01,-1.26,7.79,7.85,2.68,-2.56,Pepper,Clay Loam,0.394,0.254,22.32,10,0.352,2.818.361,21.092
13.924,107.643,6,356,2.63,30.9,2.97,5.7,37.1,32,43.8,25.25,174.14,81.48,18.14,3,-179.93,-183.32,-167.16,-135.46,50.28,69.26,300.26,253.27,195.98,90.33,-133.36,-160.15,Pepper,Clay Loam,0.595,0.266,959.38,7,0.313,2.976.155,22.936
13.924,108.141,6,749,2.65,32.7,2.57,5.8,35.7,31.6,25.8,23.3,147.86,84.74,17.25,4,-159.46,-175.05,-157.67,-141.05,-0.75,18.07,145.89,104.16,223.27,261.45,-15.89,-102.98,Pepper,Clay Loam,0.437,0.244,752.85,10,0.347,2.725.728,18.432
13.925,107.838,6,559,6.35,27.9,2.08,5.9,36.3,35.8,26.7,23.3,147.86,84.74,18.14,4,-159.46,-175.05,-157.67,-141.05,-0.75,18.07,145.89,104.16,223.27,261.45,-15.89,-102.98,Pepper,Clay Loam,0.437,0.244,752.85,10,0.347,2.498.584,19.666
13.926,107.991,6,758,0,26,2.02,5.8,36.2,37.7,22.8,23.3,147.86,84.74,18.14,4,-159.46,-175.05,-157.67,-141.05,-0.75,18.07,145.89,104.16,223.27,261.45,-15.89,-102.98,Pepper,Loam,0.437,0.239,752.85,10,0.347,2.725.728,18.373
13.929,108.028,6,772,3.78,26.4,2.42,5.9,36.3,37.3,24.4,23.3,147.86,84.74,17.25,4,-159.46,-175.05,-157.67,-141.05,-0.75,18.07,145.89,104.16,223.27,261.45,-15.89,-102.98,Pepper,Loam,0.437,0.241,752.85,10,0.347,2.498.584,18.282
13.93,107.707,6,434,3.93,27.9,2,5.9,37.9,34.2,27.7,25.25,174.14,81.48,18.14,3,-179.93,-183.32,-167.16,-135.46,50.28,69.26,300.26,253.27,195.98,90.33,-133.36,-160.15,Pepper,Clay Loam,0.595,0.242,959.38,7,0.313,2.518.285,22.429
13.931,108.395,6,922,3.64,32.1,39,5.4,31.2,36.6,46.7,23.37,4.74,85.96,16.78,12,-3.49,-5.08,-5.82,-5.01,1.27,2.46,6.48,1.14,8.68,5.17,-1.63,-4.16,Pepper,Clay Loam,0.403,0.284,25.19,9,0.344,3.468.752,17.377
13.933,107.892,6,619,3.64,29.1,20.3,5.8,38.3,32.6,25.6,23.37,4.74,85.96,17.67,12,-3.49,-5.08,-5.82,-5.01,1.27,2.46,6.48,1.14,8.68,5.17,-1.63,-4.16,Pepper,Clay Loam,0.403,0.238,25.19,9,0.344,2.601.564,19.347
13.935,108.029,6,772,1.16,28,2.45,5.8,35.6,36.4,27.1,23.3,147.86,84.74,17.25,4,-159.46,-175.05,-157.67,-141.05,-0.75,18.07,145.89,104.16,223.27,261.45,-15.89,-102.98,Pepper,Clay Loam,0.437,0.246,752.85,10,0.347,2.725.728,18.282
13.937,107.624,6,326,12.38,28.2,2.69,5.8,37.5,34.3,44.7,25.25,174.14,81.48,18.14,3,-179.93,-183.32,-167.16,-135.46,50.28,69.26,300.26,253.27,195.98,90.33,-133.36,-160.15,Pepper,Clay Loam,0.595,0.266,959.38,7,0.313,2747.22,23.131
13.943,108.175,6,677,0.74,34.3,2.2,5.9,34.4,31.2,26.4,23.3,147.86,84.74,17.25,4,-159.46,-175.05,-157.67,-141.05,-0.75,18.07,145.89,104.16,223.27,261.45,-15.89,-102.98,Pepper,Clay Loam,0.437,0.248,752.85,10,0.347,2.498.584,18.9
13.946,107.843,6,552,7.98,27.9,1.97,5.9,36.4,35.7,25.9,23.3,147.86,84.74,18.14,4,-159.46,-175.05,-157.67,-141.05,-0.75,18.07,145.89,104.16,223.27,261.45,-15.89,-102.98,Pepper,Clay Loam,0.437,0.243,752.85,10,0.347,2.498.584,19.712
13.947,108.088,6,703,0,29.2,2.01,5.7,37.2,33.6,23.9,23.3,147.86,84.74,17.25,4,-159.46,-175.05,-157.67,-141.05,-0.75,18.07,145.89,104.16,223.27,261.45,-15.89,-102.98,Pepper,Clay Loam,0.437,0.238,752.85,10,0.347,2.952.872,18.73
13.952,108.162,6,679,0.53,32.7,2.43,5.8,35,32.2,24.7,23.3,147.86,84.74,17.25,4,-159.46,-175.05,-157.67,-141.05,-0.75,18.07,145.89,104.16,223.27,261.45,-15.89,-102.98,Pepper,Clay Loam,0.437,0.244,752.85,10,0.347,2.725.728,18.886
13.953,107.703,6,307,9.91,29.5,2.13,5.8,37.3,33.2,23.2,25.25,174.14,81.48,18.14,3,-179.93,-183.32,-167.16,-135.46,50.28,69.26,300.26,253.27,195.98,90.33,-133.36,-160.15,Pepper,Clay Loam,0.595,0.237,959.38,7,0.313,2747.22,23.254
13.953,107.863,6,564,3.64,28.7,23.2,5.9,36.7,34.6,29.2,23.37,4.74,85.96,17.67,12,-3.49,-5.08,-5.82,-5.01,1.27,2.46,6.48,1.14,8.68,5.17,-1.63,-4.16,Pepper,Clay Loam,0.403,0.246,25.19,9,0.344,2.384.767,19.704
13.954,107.739,6,427,5.74,31.2,2.41,6,35.2,33.7,28.1,25.25,174.14,81.48,18.14,3,-179.93,-183.32,-167.16,-135.46,50.28,69.26,300.26,253.27,195.98,90.33,-133.36,-160.15,Pepper,Clay Loam,0.595,0.248,959.38,7,0.313,2289.35,22.474
13.957,107.964,6,763,5.55,27.6,2.03,5.7,37.3,35,25.5,23.3,147.86,84.74,18.14,4,-159.46,-175.05,-157.67,-141.05,-0.75,18.07,145.89,104.16,223.27,261.45,-15.89,-102.98,Pepper,Clay Loam,0.437,0.24,752.85,10,0.347,2.952.872,18.341
13.961,108.362,6,862,18.36,32.4,2.88,5.6,33.3,34.4,35.4,23.3,147.86,84.74,17.25,4,-159.46,-175.05,-157.67,-141.05,-0.75,18.07,145.89,104.16,223.27,261.45,-15.89,-102.98,Pepper,Clay Loam,0.437,0.263,752.85,10,0.347,3.180.016,17.697
13.963,108.43,6,557,3.64,34.9,34.7,5.6,33.3,31.8,44.6,23.37,4.74,85.96,16.78,12,-3.49,-5.08,-5.82,-5.01,1.27,2.46,6.48,1.14,8.68,5.17,-1.63,-4.16,Pepper,Clay Loam,0.403,0.276,25.19,9,0.344,3.035.158,19.75
13.965,108.265,6,635,6.34,31.6,1.69,5.8,34.6,33.8,24.5,23.3,147.86,84.74,17.25,4,-159.46,-175.05,-157.67,-141.05,-0.75,18.07,145.89,104.16,223.27,261.45,-15.89,-102.98,Pepper,Clay Loam,0.437,0.245,752.85,10,0.347,2.725.728,19.172
13.967,107.744,6,379,5.84,31.8,2.15,5.8,36.4,31.8,28.2,25.25,174.14,81.48,18.14,3,-179.93,-183.32,-167.16,-135.46,50.28,69.26,300.26,253.27,195.98,90.33,-133.36,-160.15,Pepper,Clay Loam,0.595,0.246,959.38,7,0.313,2747.22,22.786
13.971,108.358,6,903,12.66,30.5,2.65,5.7,34.5,35,40.7,23.3,147.86,84.74,17.25,4,-159.46,-175.05,-157.67,-141.05,-0.75,18.07,145.89,104.16,223.27,261.45,-15.89,-102.98,Pepper,Clay Loam,0.437,0.268,752.85,10,0.347,2.952.872,17.431
13.974,108.183,6,733,2.31,32.9,1.93,5.5,36,31.1,25.3,23.3,147.86,84.74,17.25,4,-159.46,-175.05,-157.67,-141.05,-0.75,18.07,145.89,104.16,223.27,261.45,-15.89,-102.98,Pepper,Clay Loam,0.437,0.243,752.85,10,0.347,3407.16,18.536
13.978,108.48,6,437,3.64,33.4,26.2,5.9,34.3,32.3,28.2,24.18,4.49,86.94,16.78,12,-2.61,-4.36,-5.8,-5.3,-0.41,-0.02,4.01,-1.26,7.79,7.85,2.68,-2.56,Pepper,Clay Loam,0.394,0.251,22.32,10,0.352,2.384.767,21.34
13.981,108.088,6,701,0,28,1.73,5.7,35.9,36.1,23.8,23.3,147.86,84.74,17.25,4,-159.46,-175.05,-157.67,-141.05,-0.75,18.07,145.89,104.16,223.27,261.45,-15.89,-102.98,Pepper,Clay Loam,0.437,0.241,752.85,10,0.347,2.952.872,18.744
13.984,107.891,6,667,4.8,29.1,2.08,5.7,34.8,36.1,30.2,23.3,147.86,84.74,18.14,4,-159.46,-175.05,-157.67,-141.05,-0.75,18.07,145.89,104.16,223.27,261.45,-15.89,-102.98,Pepper,Clay Loam,0.437,0.252,752.85,10,0.347,2.952.872,18.964
13.984,108.266,6,674,3.69,31.5,2.14,5.7,35.3,33.2,27.9,23.3,147.86,84.74,17.25,4,-159.46,-175.05,-157.67,-141.05,-0.75,18.07,145.89,104.16,223.27,261.45,-15.89,-102.98,Pepper,Clay Loam,0.437,0.248,752.85,10,0.347,2.952.872,18.919
13.987,107.765,6,490,3.64,27.3,27.8,5.6,36.3,36.4,34.1,25.32,5.63,82.4,17.67,12,-4.7,-5.63,-5.75,-4.35,2.73,4.7,10.96,3.35,7.89,0.86,-4.51,-5.56,Pepper,Clay Loam,0.568,0.254,30.5,7,0.359,3.035.158,22.135
13.993,108.16,6,756,3.64,32.3,22.3,5.8,36.5,31.2,28.6,23.37,4.74,85.96,16.78,12,-3.49,-5.08,-5.82,-5.01,1.27,2.46,6.48,1.14,8.68,5.17,-1.63,-4.16,Pepper,Clay Loam,0.403,0.246,25.19,9,0.344,2.601.564,18.456
13.993,108.183,6,711,3.74,31.9,1.85,5.8,36.5,31.6,26.9,23.3,147.86,84.74,17.25,4,-159.46,-175.05,-157.67,-141.05,-0.75,18.07,145.89,104.16,223.27,261.45,-15.89,-102.98,Pepper,Clay Loam,0.437,0.244,752.85,10,0.347,2.725.728,18.678
13.995,107.722,6,503,3.64,27.1,30.9,5.6,39.4,33.5,35.4,25.32,5.63,82.4,17.67,12,-4.7,-5.63,-5.75,-4.35,2.73,4.7,10.96,3.35,7.89,0.86,-4.51,-5.56,Pepper,Clay Loam,0.568,0.249,30.5,7,0.359,3.035.158,22.05
14.001,108.126,6,759,1.89,29.2,2.09,5.9,34.9,35.9,28,23.3,147.86,84.74,16.63,4,-159.46,-175.05,-157.67,-141.05,-0.75,18.07,145.89,104.16,223.27,261.45,-15.89,-102.98,Pepper,Clay Loam,0.437,0.249,752.85,10,0.347,2.498.584,18.367
14.001,108.386,6,704,3.64,33.2,19.6,5.8,31.2,35.6,31.4,23.37,4.74,85.96,16.21,12,-3.49,-5.08,-5.82,-5.01,1.27,2.46,6.48,1.14,8.68,5.17,-1.63,-4.16,Pepper,Clay Loam,0.403,0.262,25.19,9,0.344,2.601.564,18.794
14.007,108.225,6,742,1.67,34.5,1.98,5.8,36.5,29,26.6,23.3,147.86,84.74,16.63,4,-159.46,-175.05,-157.67,-141.05,-0.75,18.07,145.89,104.16,223.27,261.45,-15.89,-102.98,Pepper,Clay Loam,0.437,0.243,752.85,10,0.347,2.725.728,18.477
14.007,108.326,6,714,4.41,29.8,2.3,5.8,32.4,37.9,36,23.3,147.86,84.74,16.63,4,-159.46,-175.05,-157.67,-141.05,-0.75,18.07,145.89,104.16,223.27,261.45,-15.89,-102.98,Pepper,Clay Loam,0.437,0.266,752.85,10,0.347,2.725.728,18.659
14.012,108.099,6,770,2.6,31.1,2.16,5.8,35.4,33.5,24.4,23.3,147.86,84.74,16.63,4,-159.46,-175.05,-157.67,-141.05,-0.75,18.07,145.89,104.16,223.27,261.45,-15.89,-102.98,Pepper,Clay Loam,0.437,0.243,752.85,10,0.347,2.725.728,18.295
14.014,108.058,6,709,5.96,32.6,1.86,5.8,35.3,32.1,25.6,23.3,147.86,84.74,16.63,4,-159.46,-175.05,-157.67,-141.05,-0.75,18.07,145.89,104.16,223.27,261.45,-15.89,-102.98,Pepper,Clay Loam,0.437,0.245,752.85,10,0.347,2.725.728,18.692
14.016,108.385,6,713,1.59,30.4,2.02,5.9,33.1,36.6,25.8,23.3,147.86,84.74,16.63,4,-159.46,-175.05,-157.67,-141.05,-0.75,18.07,145.89,104.16,223.27,261.45,-15.89,-102.98,Pepper,Clay Loam,0.437,0.25,752.85,10,0.347,2.498.584,18.666
14.031,108.073,6,717,2.18,31.9,1.94,5.8,33.3,34.8,23.4,23.3,147.86,84.74,16.63,4,-159.46,-175.05,-157.67,-141.05,-0.75,18.07,145.89,104.16,223.27,261.45,-15.89,-102.98,Pepper,Clay Loam,0.437,0.246,752.85,10,0.347,2.725.728,18.64
14.031,108.196,6,768,3.13,32.6,1.78,5.9,36.5,30.9,27.4,23.3,147.86,84.74,16.63,4,-159.46,-175.05,-157.67,-141.05,-0.75,18.07,145.89,104.16,223.27,261.45,-15.89,-102.98,Pepper,Clay Loam,0.437,0.244,752.85,10,0.347,2.498.584,18.308
14.033,108.156,6,774,1.67,32.1,2.32,5.8,34.3,33.6,29,23.3,147.86,84.74,16.63,4,-159.46,-175.05,-157.67,-141.05,-0.75,18.07,145.89,104.16,223.27,261.45,-15.89,-102.98,Pepper,Clay Loam,0.437,0.252,752.85,10,0.347,2.725.728,18.269
14.035,107.845,6,600,2.13,29.1,2.15,5.5,37.3,33.6,28.8,23.3,147.86,84.74,17.66,4,-159.46,-175.05,-157.67,-141.05,-0.75,18.07,145.89,104.16,223.27,261.45,-15.89,-102.98,Pepper,Clay Loam,0.437,0.245,752.85,10,0.347,3407.16,19.4
14.035,108.311,6,710,2.36,32,2.2,5.9,33.2,34.8,28.3,23.3,147.86,84.74,16.63,4,-159.46,-175.05,-157.67,-141.05,-0.75,18.07,145.89,104.16,223.27,261.45,-15.89,-102.98,Pepper,Clay Loam,0.437,0.253,752.85,10,0.347,2.498.584,18.685
14.035,108.328,6,730,1.06,31.3,1.9,5.8,32.6,36.1,25.7,23.3,147.86,84.74,16.63,4,-159.46,-175.05,-157.67,-141.05,-0.75,18.07,145.89,104.16,223.27,261.45,-15.89,-102.98,Pepper,Clay Loam,0.437,0.251,752.85,10,0.347,2.725.728,18.555
14.037,108.044,6,756,1.48,31,2.31,5.7,38.6,30.4,25.9,23.3,147.86,84.74,16.63,4,-159.46,-175.05,-157.67,-141.05,-0.75,18.07,145.89,104.16,223.27,261.45,-15.89,-102.98,Pepper,Clay Loam,0.437,0.237,752.85,10,0.347,2.952.872,18.386
14.043,107.663,6,232,8.43,29.7,2.06,6,36.2,34.1,27.1,25.25,174.14,81.48,17.66,3,-179.93,-183.32,-167.16,-135.46,50.28,69.26,300.26,253.27,195.98,90.33,-133.36,-160.15,Pepper,Clay Loam,0.595,0.245,959.38,7,0.313,2289.35,23.742
14.047,108.11,6,691,3.79,35.8,2.27,5.7,33.8,30.4,25.7,23.3,147.86,84.74,16.63,4,-159.46,-175.05,-157.67,-141.05,-0.75,18.07,145.89,104.16,223.27,261.45,-15.89,-102.98,Pepper,Clay Loam,0.437,0.248,752.85,10,0.347,2.952.872,18.809
14.049,108.018,6,761,1.54,30.6,1.93,5.7,35.6,33.8,25.3,23.3,147.86,84.74,16.63,4,-159.46,-175.05,-157.67,-141.05,-0.75,18.07,145.89,104.16,223.27,261.45,-15.89,-102.98,Pepper,Clay Loam,0.437,0.244,752.85,10,0.347,2.952.872,18.354
14.049,108.279,6,715,4.24,32,1.94,5.9,32.7,35.3,27.8,23.3,147.86,84.74,16.63,4,-159.46,-175.05,-157.67,-141.05,-0.75,18.07,145.89,104.16,223.27,261.45,-15.89,-102.98,Pepper,Clay Loam,0.437,0.254,752.85,10,0.347,2.498.584,18.652
14.051,108.315,6,727,0.53,30.5,2.03,5.9,32.1,37.4,27.3,23.3,147.86,84.74,16.63,4,-159.46,-175.05,-157.67,-141.05,-0.75,18.07,145.89,104.16,223.27,261.45,-15.89,-102.98,Pepper,Clay Loam,0.437,0.254,752.85,10,0.347,2.498.584,18.574
14.054,107.813,6,741,3.64,26.6,27.8,5.4,38.1,35.3,31.1,23.37,4.74,85.96,17.25,12,-3.49,-5.08,-5.82,-5.01,1.27,2.46,6.48,1.14,8.68,5.17,-1.63,-4.16,Pepper,Loam,0.403,0.246,25.19,9,0.344,3.468.752,18.554
14.054,107.943,6,734,1.18,27.7,2.15,5.6,39.3,33,28.3,23.3,147.86,84.74,17.66,4,-159.46,-175.05,-157.67,-141.05,-0.75,18.07,145.89,104.16,223.27,261.45,-15.89,-102.98,Pepper,Clay Loam,0.437,0.239,752.85,10,0.347,3.180.016,18.529
14.055,108.03,6,767,1.16,30.3,1.84,5.8,37.9,31.7,22.9,23.3,147.86,84.74,16.63,4,-159.46,-175.05,-157.67,-141.05,-0.75,18.07,145.89,104.16,223.27,261.45,-15.89,-102.98,Pepper,Clay Loam,0.437,0.235,752.85,10,0.347,2.725.728,18.315
14.06,108.382,6,828,3.64,30.4,24.2,5.7,34.3,35.4,32.1,23.37,4.74,85.96,16.21,12,-3.49,-5.08,-5.82,-5.01,1.27,2.46,6.48,1.14,8.68,5.17,-1.63,-4.16,Pepper,Clay Loam,0.403,0.256,25.19,9,0.344,2.818.361,17.988
14.063,107.649,6,213,3.64,31.1,18.1,6,35.2,33.7,46.6,25.32,5.63,82.4,17.25,12,-4.7,-5.63,-5.75,-4.35,2.73,4.7,10.96,3.35,7.89,0.86,-4.51,-5.56,Pepper,Clay Loam,0.568,0.274,30.5,7,0.359,2167.97,23.936
14.069,107.859,6,624,0,29.5,2.07,5.6,37.9,32.6,25.6,23.3,147.86,84.74,17.66,4,-159.46,-175.05,-157.67,-141.05,-0.75,18.07,145.89,104.16,223.27,261.45,-15.89,-102.98,Pepper,Clay Loam,0.437,0.239,752.85,10,0.347,3.180.016,19.244
14.078,107.623,6,221,3.64,30,25,5.9,32.5,37.5,25,25.32,5.63,82.4,17.25,12,-4.7,-5.63,-5.75,-4.35,2.73,4.7,10.96,3.35,7.89,0.86,-4.51,-5.56,Pepper,Clay Loam,0.568,0.25,30.5,7,0.359,2.384.767,23.884
14.079,107.857,6,632,1.67,25.4,1.94,5.5,39.4,35.1,27.3,23.3,147.86,84.74,17.66,4,-159.46,-175.05,-157.67,-141.05,-0.75,18.07,145.89,104.16,223.27,261.45,-15.89,-102.98,Pepper,Loam,0.437,0.238,752.85,10,0.347,3407.16,19.192
14.079,107.977,6,731,2.31,31.5,1.84,5.7,38.1,30.4,27.4,23.3,147.86,84.74,17.66,4,-159.46,-175.05,-157.67,-141.05,-0.75,18.07,145.89,104.16,223.27,261.45,-15.89,-102.98,Pepper,Clay Loam,0.437,0.241,752.85,10,0.347,2.952.872,18.548
14.079,108.153,6,721,1.87,35.3,2.14,5.8,35.8,28.9,28,23.3,147.86,84.74,16.63,4,-159.46,-175.05,-157.67,-141.05,-0.75,18.07,145.89,104.16,223.27,261.45,-15.89,-102.98,Pepper,Clay Loam,0.437,0.247,752.85,10,0.347,2.725.728,18.614
14.079,108.357,6,722,4.51,30.2,2.16,5.9,34.7,35.1,29.2,23.3,147.86,84.74,16.63,4,-159.46,-175.05,-157.67,-141.05,-0.75,18.07,145.89,104.16,223.27,261.45,-15.89,-102.98,Pepper,Clay Loam,0.437,0.251,752.85,10,0.347,2.498.584,18.607
14.08,107.999,6,762,0.53,33.1,2,5.7,36.9,30,32.7,23.3,147.86,84.74,17.66,4,-159.46,-175.05,-157.67,-141.05,-0.75,18.07,145.89,104.16,223.27,261.45,-15.89,-102.98,Pepper,Clay Loam,0.437,0.251,752.85,10,0.347,2.952.872,18.347
14.083,107.676,6,298,16.05,28.1,3.37,5.6,37.3,34.6,33.3,25.25,174.14,81.48,17.66,3,-179.93,-183.32,-167.16,-135.46,50.28,69.26,300.26,253.27,195.98,90.33,-133.36,-160.15,Pepper,Clay Loam,0.595,0.251,959.38,7,0.313,3205.09,23.313
14.093,108.266,6,986,13.65,29.7,2.95,5.5,35.7,34.6,40.5,23.3,147.86,84.74,16.63,4,-159.46,-175.05,-157.67,-141.05,-0.75,18.07,145.89,104.16,223.27,261.45,-15.89,-102.98,Pepper,Clay Loam,0.437,0.265,752.85,10,0.347,3407.16,16.891
14.094,107.695,6,631,13.5,26.9,3.86,5.5,40.3,32.8,47.5,25.25,174.14,81.48,17.66,3,-179.93,-183.32,-167.16,-135.46,50.28,69.26,300.26,253.27,195.98,90.33,-133.36,-160.15,Pepper,Loam,0.595,0.264,959.38,7,0.313,3.434.025,21.148
14.096,107.506,6,315,3.64,25.8,39.9,5.6,36.4,37.9,36.3,25.32,5.63,82.4,17.25,12,-4.7,-5.63,-5.75,-4.35,2.73,4.7,10.96,3.35,7.89,0.86,-4.51,-5.56,Pepper,Loam,0.568,0.257,30.5,7,0.359,3.035.158,23.272
14.097,108.143,6,674,3.64,34.6,20.8,5.7,35.6,29.8,26.9,23.37,4.74,85.96,16.21,12,-3.49,-5.08,-5.82,-5.01,1.27,2.46,6.48,1.14,8.68,5.17,-1.63,-4.16,Pepper,Clay Loam,0.403,0.246,25.19,9,0.344,2.818.361,18.989
14.105,108.034,6,778,8.81,30.5,2.13,5.8,37.5,32,34.5,23.3,147.86,84.74,16.63,4,-159.46,-175.05,-157.67,-141.05,-0.75,18.07,145.89,104.16,223.27,261.45,-15.89,-102.98,Pepper,Clay Loam,0.437,0.252,752.85,10,0.347,2.725.728,18.243
14.111,107.994,6,855,17.2,28.8,2.94,5.5,39.6,31.6,39.6,23.3,147.86,84.74,17.66,4,-159.46,-175.05,-157.67,-141.05,-0.75,18.07,145.89,104.16,223.27,261.45,-15.89,-102.98,Pepper,Clay Loam,0.437,0.254,752.85,10,0.347,3407.16,17.742
14.113,107.941,6,701,4.82,29.4,2,5.7,35.9,34.7,26.9,23.3,147.86,84.74,17.66,4,-159.46,-175.05,-157.67,-141.05,-0.75,18.07,145.89,104.16,223.27,261.45,-15.89,-102.98,Pepper,Clay Loam,0.437,0.245,752.85,10,0.347,2.952.872,18.744
14.113,108.274,6,759,6.94,32.7,1.98,5.7,33.4,33.9,27.7,23.3,147.86,84.74,16.63,4,-159.46,-175.05,-157.67,-141.05,-0.75,18.07,145.89,104.16,223.27,261.45,-15.89,-102.98,Pepper,Clay Loam,0.437,0.252,752.85,10,0.347,2.952.872,18.367
14.117,108.087,6,840,3.64,30.1,29.6,5.6,38,31.9,32.8,23.37,4.74,85.96,16.21,12,-3.49,-5.08,-5.82,-5.01,1.27,2.46,6.48,1.14,8.68,5.17,-1.63,-4.16,Pepper,Clay Loam,0.403,0.249,25.19,9,0.344,3.035.158,17.91
14.119,108.07,6,759,2.32,35.4,2.27,5.7,34.2,30.4,32.7,23.3,147.86,84.74,16.63,4,-159.46,-175.05,-157.67,-141.05,-0.75,18.07,145.89,104.16,223.27,261.45,-15.89,-102.98,Pepper,Clay Loam,0.437,0.257,752.85,10,0.347,2.952.872,18.367
14.119,108.392,6,998,19.98,29.4,3.26,5.5,35.2,35.4,43.8,23.3,147.86,84.74,16.63,4,-159.46,-175.05,-157.67,-141.05,-0.75,18.07,145.89,104.16,223.27,261.45,-15.89,-102.98,Pepper,Clay Loam,0.437,0.27,752.85,10,0.347,3407.16,16.813
14.132,108.217,6,815,13.41,30.5,1.97,5.7,35.6,33.9,31.4,23.3,147.86,84.74,16.63,4,-159.46,-175.05,-157.67,-141.05,-0.75,18.07,145.89,104.16,223.27,261.45,-15.89,-102.98,Pepper,Clay Loam,0.437,0.252,752.85,10,0.347,2.952.872,18.002
14.133,107.823,6,610,4.95,25,2.17,5.6,39.8,35.2,29.5,23.3,147.86,84.74,17.66,4,-159.46,-175.05,-157.67,-141.05,-0.75,18.07,145.89,104.16,223.27,261.45,-15.89,-102.98,Pepper,Loam,0.437,0.24,752.85,10,0.347,3.180.016,19.335
14.146,108.328,6,774,0.74,32.8,1.75,5.8,32.9,34.3,28.2,23.3,147.86,84.74,16.63,4,-159.46,-175.05,-157.67,-141.05,-0.75,18.07,145.89,104.16,223.27,261.45,-15.89,-102.98,Pepper,Clay Loam,0.437,0.254,752.85,10,0.347,2.725.728,18.269
14.156,108.108,6,637,7.52,30.1,2.18,5.6,34.4,35.5,31.8,23.3,147.86,84.74,16.63,4,-159.46,-175.05,-157.67,-141.05,-0.75,18.07,145.89,104.16,223.27,261.45,-15.89,-102.98,Pepper,Clay Loam,0.437,0.255,752.85,10,0.347,3.180.016,19.16
14.158,107.86,6,617,2.06,30,2.09,5.6,36.3,33.7,26.3,23.3,147.86,84.74,17.66,4,-159.46,-175.05,-157.67,-141.05,-0.75,18.07,145.89,104.16,223.27,261.45,-15.89,-102.98,Pepper,Clay Loam,0.437,0.243,752.85,10,0.347,3.180.016,19.29
14.16,108.142,6,669,1.87,28.4,2.18,5.7,35.5,36.2,26.9,23.3,147.86,84.74,16.63,4,-159.46,-175.05,-157.67,-141.05,-0.75,18.07,145.89,104.16,223.27,261.45,-15.89,-102.98,Pepper,Clay Loam,0.437,0.246,752.85,10,0.347,2.952.872,18.952
14.163,107.82,6,764,3.64,25.5,25,5.6,38.1,36.4,31.7,23.37,4.74,85.96,17.25,12,-3.49,-5.08,-5.82,-5.01,1.27,2.46,6.48,1.14,8.68,5.17,-1.63,-4.16,Pepper,Loam,0.403,0.247,25.19,9,0.344,3.035.158,18.404
14.167,107.989,6,775,3.64,29.5,27.7,5.7,37.2,33.3,30.4,23.37,4.74,85.96,17.25,12,-3.49,-5.08,-5.82,-5.01,1.27,2.46,6.48,1.14,8.68,5.17,-1.63,-4.16,Pepper,Clay Loam,0.403,0.247,25.19,9,0.344,2.818.361,18.333
14.169,108.109,6,641,3.64,31.4,21.7,5.7,33.9,34.7,31.7,23.37,4.74,85.96,16.21,12,-3.49,-5.08,-5.82,-5.01,1.27,2.46,6.48,1.14,8.68,5.17,-1.63,-4.16,Pepper,Clay Loam,0.403,0.256,25.19,9,0.344,2.818.361,19.204
14.17,108.416,6,964,3.64,35.6,39.1,5.4,33.4,31,50.7,23.37,4.74,85.96,16.21,12,-3.49,-5.08,-5.82,-5.01,1.27,2.46,6.48,1.14,8.68,5.17,-1.63,-4.16,Pepper,Clay Loam,0.403,0.284,25.19,9,0.344,3.468.752,17.104
14.181,108.283,6,918,3.64,30.6,31.1,5.4,33.8,35.6,40.6,23.37,4.74,85.96,16.21,12,-3.49,-5.08,-5.82,-5.01,1.27,2.46,6.48,1.14,8.68,5.17,-1.63,-4.16,Pepper,Clay Loam,0.403,0.269,25.19,9,0.344,3.468.752,17.403
14.183,108.147,6,695,9.74,30.2,2.57,5.7,36.7,33.1,29,23.3,147.86,84.74,16.63,4,-159.46,-175.05,-157.67,-141.05,-0.75,18.07,145.89,104.16,223.27,261.45,-15.89,-102.98,Pepper,Clay Loam,0.437,0.246,752.85,10,0.347,2.952.872,18.782
14.194,108.225,6,748,3.64,31.4,29,5.5,33.8,34.8,41.1,23.37,4.74,85.96,16.21,12,-3.49,-5.08,-5.82,-5.01,1.27,2.46,6.48,1.14,8.68,5.17,-1.63,-4.16,Pepper,Clay Loam,0.403,0.27,25.19,9,0.344,3.251.955,18.508
14.195,107.901,6,605,3.64,31.1,18.8,5.8,35.5,33.4,19.1,23.37,4.74,85.96,17.25,12,-3.49,-5.08,-5.82,-5.01,1.27,2.46,6.48,1.14,8.68,5.17,-1.63,-4.16,Pepper,Clay Loam,0.403,0.235,25.19,9,0.344,2.601.564,19.438
14.202,108.054,6,672,12.37,30.8,2.88,5.6,36.4,32.7,35.7,23.3,147.86,84.74,16.63,4,-159.46,-175.05,-157.67,-141.05,-0.75,18.07,145.89,104.16,223.27,261.45,-15.89,-102.98,Pepper,Clay Loam,0.437,0.256,752.85,10,0.347,3.180.016,18.932
14.202,108.215,6,776,16.39,29.8,2.95,5.5,35.5,34.7,40.9,23.3,147.86,84.74,16.63,4,-159.46,-175.05,-157.67,-141.05,-0.75,18.07,145.89,104.16,223.27,261.45,-15.89,-102.98,Pepper,Clay Loam,0.437,0.266,752.85,10,0.347,3407.16,18.256
14.206,107.838,6,573,2.7,27.2,1.88,5.7,39.2,33.6,24.7,23.3,147.86,84.74,17.66,4,-159.46,-175.05,-157.67,-141.05,-0.75,18.07,145.89,104.16,223.27,261.45,-15.89,-102.98,Pepper,Clay Loam,0.437,0.234,752.85,10,0.347,2.952.872,19.576
14.206,108.138,6,654,3.64,29.4,23.8,5.6,35.9,34.7,29.3,23.37,4.74,85.96,16.21,12,-3.49,-5.08,-5.82,-5.01,1.27,2.46,6.48,1.14,8.68,5.17,-1.63,-4.16,Pepper,Clay Loam,0.403,0.248,25.19,9,0.344,3.035.158,19.119
14.207,108.008,6,638,1.87,31.2,2.23,5.8,33.1,35.7,28,23.3,147.86,84.74,16.63,4,-159.46,-175.05,-157.67,-141.05,-0.75,18.07,145.89,104.16,223.27,261.45,-15.89,-102.98,Pepper,Clay Loam,0.437,0.253,752.85,10,0.347,2.725.728,19.153
14.209,107.764,6,303,3.64,29.5,28.7,5.8,36.3,34.2,37.6,25.32,5.63,82.4,17.25,12,-4.7,-5.63,-5.75,-4.35,2.73,4.7,10.96,3.35,7.89,0.86,-4.51,-5.56,Pepper,Clay Loam,0.568,0.259,30.5,7,0.359,2.601.564,23.35
14.211,107.66,6,417,6.67,29.2,3.16,5.7,35.5,35.3,32,25.25,174.14,81.48,17.66,3,-179.93,-183.32,-167.16,-135.46,50.28,69.26,300.26,253.27,195.98,90.33,-133.36,-160.15,Pepper,Clay Loam,0.595,0.253,959.38,7,0.313,2.976.155,22.54
14.211,107.859,6,543,4.09,30.5,2.1,5.8,38.3,31.2,24.9,23.3,147.86,84.74,17.66,4,-159.46,-175.05,-157.67,-141.05,-0.75,18.07,145.89,104.16,223.27,261.45,-15.89,-102.98,Pepper,Clay Loam,0.437,0.237,752.85,10,0.347,2.725.728,19.771
14.213,108.076,6,707,3.75,30.4,2.55,5.8,37.6,32,34.1,23.3,147.86,84.74,16.63,4,-159.46,-175.05,-157.67,-141.05,-0.75,18.07,145.89,104.16,223.27,261.45,-15.89,-102.98,Pepper,Clay Loam,0.437,0.251,752.85,10,0.347,2.725.728,18.705
14.214,107.875,6,531,1.48,32.6,2.05,5.8,34.3,33.1,22.2,23.3,147.86,84.74,17.66,4,-159.46,-175.05,-157.67,-141.05,-0.75,18.07,145.89,104.16,223.27,261.45,-15.89,-102.98,Pepper,Clay Loam,0.437,0.242,752.85,10,0.347,2.725.728,19.848
14.217,108.128,6,685,11.67,31.3,3.44,5.6,34.5,34.3,38.2,23.3,147.86,84.74,16.63,4,-159.46,-175.05,-157.67,-141.05,-0.75,18.07,145.89,104.16,223.27,261.45,-15.89,-102.98,Pepper,Clay Loam,0.437,0.264,752.85,10,0.347,3.180.016,18.848
14.219,107.581,6,760,3.64,24.6,47,5.5,38.9,36.6,51,25.32,5.63,82.4,17.25,12,-4.7,-5.63,-5.75,-4.35,2.73,4.7,10.96,3.35,7.89,0.86,-4.51,-5.56,Pepper,Loam,0.568,0.272,30.5,7,0.359,3.251.955,20.38
14.222,107.808,6,659,3.64,27.1,38.5,5.4,39.2,33.7,49.8,25.32,5.63,82.4,17.25,12,-4.7,-5.63,-5.75,-4.35,2.73,4.7,10.96,3.35,7.89,0.86,-4.51,-5.56,Pepper,Clay Loam,0.568,0.27,30.5,7,0.359,3.468.752,21.036
14.222,107.84,6,530,6.39,29.3,1.93,5.6,36.8,33.9,28.1,23.3,147.86,84.74,17.66,4,-159.46,-175.05,-157.67,-141.05,-0.75,18.07,145.89,104.16,223.27,261.45,-15.89,-102.98,Pepper,Clay Loam,0.437,0.245,752.85,10,0.347,3.180.016,19.855
14.232,107.899,6,543,7.69,32.5,1.97,5.7,34.9,32.5,24.1,23.3,147.86,84.74,17.66,4,-159.46,-175.05,-157.67,-141.05,-0.75,18.07,145.89,104.16,223.27,261.45,-15.89,-102.98,Pepper,Clay Loam,0.437,0.243,752.85,10,0.347,2.952.872,19.771
14.234,108.098,6,563,4.11,32.5,2.29,5.7,36,31.4,24.5,23.3,147.86,84.74,16.63,4,-159.46,-175.05,-157.67,-141.05,-0.75,18.07,145.89,104.16,223.27,261.45,-15.89,-102.98,Pepper,Clay Loam,0.437,0.242,752.85,10,0.347,2.952.872,19.64
14.236,108.294,6,1129,3.64,31.8,30.5,5.3,33.2,35,43.2,23.37,4.74,85.96,16.21,12,-3.49,-5.08,-5.82,-5.01,1.27,2.46,6.48,1.14,8.68,5.17,-1.63,-4.16,Pepper,Clay Loam,0.403,0.274,25.19,9,0.344,3.685.549,16.032
14.238,107.782,6,747,5.19,25.8,3.02,5.5,39.2,35,42,25.25,174.14,81.48,17.66,3,-179.93,-183.32,-167.16,-135.46,50.28,69.26,300.26,253.27,195.98,90.33,-133.36,-160.15,Pepper,Loam,0.595,0.259,959.38,7,0.313,3.434.025,20.394
14.239,107.748,6,657,4.51,28.3,3.22,5.5,37.7,34,39.9,25.25,174.14,81.48,17.66,3,-179.93,-183.32,-167.16,-135.46,50.28,69.26,300.26,253.27,195.98,90.33,-133.36,-160.15,Pepper,Clay Loam,0.595,0.259,959.38,7,0.313,3.434.025,20.98
14.242,107.965,6,726,11.67,31,2.9,5.8,35.8,33.2,27.9,23.3,147.86,84.74,17.66,4,-159.46,-175.05,-157.67,-141.05,-0.75,18.07,145.89,104.16,223.27,261.45,-15.89,-102.98,Pepper,Clay Loam,0.437,0.247,752.85,10,0.347,2.725.728,18.581
14.246,108.348,6,1507,3.64,36.7,40.2,5.4,33.1,30.2,56.6,23.37,4.74,85.96,16.21,12,-3.49,-5.08,-5.82,-5.01,1.27,2.46,6.48,1.14,8.68,5.17,-1.63,-4.16,Pepper,Clay Loam,0.403,0.293,25.19,9,0.344,3.468.752,13.575
14.252,107.756,6,597,4.8,28.1,2.3,5.6,39.2,32.6,27.4,23.36,139.49,84.71,17.66,3,-150.13,-154.94,-139.28,-111.93,18.2,34.11,207.98,194.59,162.57,151.62,-93.27,-119.51,Pepper,Clay Loam,0.439,0.238,769.06,7,0.27,2.779.532,19.48
14.261,107.886,6,526,5.55,33.2,1.96,5.8,35.7,31.1,42.5,21.74,170.32,87.04,17.66,3,-158.95,-186.38,-169.92,-152.62,-53.36,-34.84,75.1,61.71,223.52,408.66,45.38,-58.32,Pepper,Clay Loam,0.337,0.267,814.39,10,0.502,2.999.496,18.321
14.266,108.108,6,572,3.64,32,21.5,5.7,33,35,31.8,21.85,4.86,88.25,16.21,12,-2.89,-4.84,-6.32,-5.44,-0.87,0.44,3.51,0.03,8.25,9.58,1.25,-2.71,Pepper,Clay Loam,0.308,0.259,23.07,10,0.415,2.818.361,18.132
14.268,107.689,6,312,6.15,27.8,3.2,5.6,34.5,37.7,37.3,23.36,139.49,84.71,17.66,3,-150.13,-154.94,-139.28,-111.93,18.2,34.11,207.98,194.59,162.57,151.62,-93.27,-119.51,Pepper,Clay Loam,0.439,0.263,769.06,7,0.27,2.779.532,21.332
14.27,108.402,6,1038,3.64,32.1,37.8,5.3,34.6,33.3,56.5,21.85,4.86,88.25,16.21,12,-2.89,-4.84,-6.32,-5.44,-0.87,0.44,3.51,0.03,8.25,9.58,1.25,-2.71,Pepper,Clay Loam,0.308,0.29,23.07,10,0.415,3.685.549,15.103
14.271,107.75,6,611,10.62,27.8,2.27,5.5,38.7,33.4,27.8,23.36,139.49,84.71,17.66,3,-150.13,-154.94,-139.28,-111.93,18.2,34.11,207.98,194.59,162.57,151.62,-93.27,-119.51,Pepper,Clay Loam,0.439,0.24,769.06,7,0.27,2978.07,19.388
14.279,107.759,6,595,5.84,29.6,2.34,5.7,36.9,33.4,33.3,23.36,139.49,84.71,17.66,3,-150.13,-154.94,-139.28,-111.93,18.2,34.11,207.98,194.59,162.57,151.62,-93.27,-119.51,Pepper,Clay Loam,0.439,0.252,769.06,7,0.27,2.580.994,19.492
14.281,107.901,6,600,4.24,31.5,2.16,5.9,36.5,32,26.7,21.74,170.32,87.04,17.66,3,-158.95,-186.38,-169.92,-152.62,-53.36,-34.84,75.1,61.71,223.52,408.66,45.38,-58.32,Pepper,Clay Loam,0.337,0.243,814.39,10,0.502,2.749.538,17.84
14.282,107.997,6,589,3.64,28.6,20.8,5.9,35.9,35.5,28.2,21.85,4.86,88.25,17.25,12,-2.89,-4.84,-6.32,-5.44,-0.87,0.44,3.51,0.03,8.25,9.58,1.25,-2.71,Pepper,Clay Loam,0.308,0.247,23.07,10,0.415,2.384.767,18.022
14.286,108.416,6,1105,3.64,32.9,47.1,5.3,33,34.1,64.8,21.85,4.86,88.25,16.21,12,-2.89,-4.84,-6.32,-5.44,-0.87,0.44,3.51,0.03,8.25,9.58,1.25,-2.71,Pepper,Clay Loam,0.308,0.305,23.07,10,0.415,3.685.549,14.668
14.301,108.136,6,697,14.56,29.6,3.18,5.5,36.1,34.3,40.5,21.74,170.32,87.04,16.63,3,-158.95,-186.38,-169.92,-152.62,-53.36,-34.84,75.1,61.71,223.52,408.66,45.38,-58.32,Pepper,Clay Loam,0.337,0.264,814.39,10,0.502,3749.37,17.21
14.304,108.231,6,746,3.64,32.4,31.4,5.6,33.5,34,36.4,21.85,4.86,88.25,16.21,12,-2.89,-4.84,-6.32,-5.44,-0.87,0.44,3.51,0.03,8.25,9.58,1.25,-2.71,Pepper,Clay Loam,0.308,0.264,23.07,10,0.415,3.035.158,17.001
14.313,107.711,6,586,3.64,26.7,41.2,5.5,38.9,34.4,43.9,23.46,3.98,85.67,17.25,12,-3.38,-4.28,-4.61,-3.17,1.38,2.6,6.7,1.94,6.46,2.84,-2.5,-3.93,Pepper,Loam,0.414,0.262,21.87,7,0.306,3.251.955,19.651
14.314,108.056,6,665,19.47,31.6,2.68,5.6,36.9,31.5,33,21.74,170.32,87.04,16.63,3,-158.95,-186.38,-169.92,-152.62,-53.36,-34.84,75.1,61.71,223.52,408.66,45.38,-58.32,Pepper,Clay Loam,0.337,0.251,814.39,10,0.502,3.499.412,17.417
14.317,108.127,6,625,3.64,31.5,29.3,5.5,33.7,34.9,36.5,21.85,4.86,88.25,16.21,12,-2.89,-4.84,-6.32,-5.44,-0.87,0.44,3.51,0.03,8.25,9.58,1.25,-2.71,Pepper,Clay Loam,0.308,0.264,23.07,10,0.415,3.251.955,17.788
14.317,108.213,6,716,12.04,31.2,2.42,5.6,33.6,35.3,34,21.74,170.32,87.04,16.63,3,-158.95,-186.38,-169.92,-152.62,-53.36,-34.84,75.1,61.71,223.52,408.66,45.38,-58.32,Pepper,Clay Loam,0.337,0.26,814.39,10,0.502,3.499.412,17.086
14.324,107.878,6,529,1.63,32.2,2,5.9,34.8,33,22.8,21.74,170.32,87.04,17.66,3,-158.95,-186.38,-169.92,-152.62,-53.36,-34.84,75.1,61.71,223.52,408.66,45.38,-58.32,Pepper,Clay Loam,0.337,0.242,814.39,10,0.502,2.749.538,18.301
14.331,108.308,6,1184,3.64,32.2,34.3,5.4,33.3,34.6,51.7,21.85,4.86,88.25,16.21,12,-2.89,-4.84,-6.32,-5.44,-0.87,0.44,3.51,0.03,8.25,9.58,1.25,-2.71,Pepper,Clay Loam,0.308,0.286,23.07,10,0.415,3.468.752,14.154
14.332,107.939,6,570,3.74,32.5,2.08,5.8,36.6,30.9,25.2,21.74,170.32,87.04,17.66,3,-158.95,-186.38,-169.92,-152.62,-53.36,-34.84,75.1,61.71,223.52,408.66,45.38,-58.32,Pepper,Clay Loam,0.337,0.241,814.39,10,0.502,2.999.496,18.035
14.333,107.772,6,631,3.64,27.9,20.9,5.8,38.5,33.6,24.7,23.46,3.98,85.67,17.25,12,-3.38,-4.28,-4.61,-3.17,1.38,2.6,6.7,1.94,6.46,2.84,-2.5,-3.93,Pepper,Clay Loam,0.414,0.236,21.87,7,0.306,2.601.564,19.358
14.334,108.108,6,604,11.71,31.7,2.53,5.5,34.6,33.8,31.3,21.74,170.32,87.04,16.63,3,-158.95,-186.38,-169.92,-152.62,-53.36,-34.84,75.1,61.71,223.52,408.66,45.38,-58.32,Pepper,Clay Loam,0.337,0.254,814.39,10,0.502,3749.37,17.814
14.335,107.738,6,953,19.17,28.4,4.41,5.6,38.1,33.5,37.3,23.36,139.49,84.71,17.66,3,-150.13,-154.94,-139.28,-111.93,18.2,34.11,207.98,194.59,162.57,151.62,-93.27,-119.51,Pepper,Clay Loam,0.439,0.255,769.06,7,0.27,2.779.532,17.166
14.345,107.761,6,574,4.24,29.5,2.39,5.8,36.4,34.1,28.6,23.36,139.49,84.71,17.66,3,-150.13,-154.94,-139.28,-111.93,18.2,34.11,207.98,194.59,162.57,151.62,-93.27,-119.51,Pepper,Clay Loam,0.439,0.246,769.06,7,0.27,2.382.456,19.629
14.345,108.234,6,879,14.5,30.5,3.08,5.5,34.3,35.2,42.8,21.74,170.32,87.04,16.63,3,-158.95,-186.38,-169.92,-152.62,-53.36,-34.84,75.1,61.71,223.52,408.66,45.38,-58.32,Pepper,Clay Loam,0.337,0.271,814.39,10,0.502,3749.37,16.026
14.346,107.846,6,638,18.77,30.5,2.44,5.8,34.7,34.8,34.6,21.74,170.32,87.04,17.66,3,-158.95,-186.38,-169.92,-152.62,-53.36,-34.84,75.1,61.71,223.52,408.66,45.38,-58.32,Pepper,Clay Loam,0.337,0.259,814.39,10,0.502,2.999.496,17.593
14.346,107.966,6,520,0.74,33.3,2.15,5.7,32.6,34.1,24.7,21.74,170.32,87.04,17.66,3,-158.95,-186.38,-169.92,-152.62,-53.36,-34.84,75.1,61.71,223.52,408.66,45.38,-58.32,Pepper,Clay Loam,0.337,0.25,814.39,10,0.502,3.249.454,18.36
14.355,107.779,6,570,3.64,32.1,21.5,5.7,36.1,31.7,24.5,23.46,3.98,85.67,17.25,12,-3.38,-4.28,-4.61,-3.17,1.38,2.6,6.7,1.94,6.46,2.84,-2.5,-3.93,Pepper,Clay Loam,0.414,0.241,21.87,7,0.306,2.818.361,19.755
14.358,107.764,6,592,4.47,29.1,2.49,5.9,37.1,33.8,27.3,23.36,139.49,84.71,17.66,3,-150.13,-154.94,-139.28,-111.93,18.2,34.11,207.98,194.59,162.57,151.62,-93.27,-119.51,Pepper,Clay Loam,0.439,0.243,769.06,7,0.27,2.183.918,19.512
14.362,107.778,6,594,3.64,33.5,20.9,5.8,34.4,32.1,24.6,23.46,3.98,85.67,17.25,12,-3.38,-4.28,-4.61,-3.17,1.38,2.6,6.7,1.94,6.46,2.84,-2.5,-3.93,Pepper,Clay Loam,0.414,0.245,21.87,7,0.306,2.601.564,19.599
14.363,107.666,6,415,17.24,28.9,3.33,5.6,35.6,35.6,42.1,23.36,139.49,84.71,17.66,3,-150.13,-154.94,-139.28,-111.93,18.2,34.11,207.98,194.59,162.57,151.62,-93.27,-119.51,Pepper,Clay Loam,0.439,0.267,769.06,7,0.27,2.779.532,20.662
14.367,107.838,6,794,11.42,29.5,2.73,5.6,32.8,37.7,36.1,21.74,170.32,87.04,17.66,3,-158.95,-186.38,-169.92,-152.62,-53.36,-34.84,75.1,61.71,223.52,408.66,45.38,-58.32,Pepper,Clay Loam,0.337,0.265,814.39,10,0.502,3.499.412,16.579
14.369,107.657,6,334,3.36,27.8,3.51,5.6,35.9,36.3,40.7,23.36,139.49,84.71,17.66,3,-150.13,-154.94,-139.28,-111.93,18.2,34.11,207.98,194.59,162.57,151.62,-93.27,-119.51,Pepper,Clay Loam,0.439,0.264,769.06,7,0.27,2.779.532,21.189
14.371,107.809,6,516,4.14,29.7,2.05,5.8,35.8,34.5,23.5,23.36,139.49,84.71,17.66,3,-150.13,-154.94,-139.28,-111.93,18.2,34.11,207.98,194.59,162.57,151.62,-93.27,-119.51,Pepper,Clay Loam,0.439,0.241,769.06,7,0.27,2.382.456,20.006
14.376,107.754,6,624,8.82,30.3,2.48,5.8,37.1,32.6,33.9,23.36,139.49,84.71,17.66,3,-150.13,-154.94,-139.28,-111.93,18.2,34.11,207.98,194.59,162.57,151.62,-93.27,-119.51,Pepper,Clay Loam,0.439,0.252,769.06,7,0.27,2.382.456,19.304
14.376,107.971,6,527,2.06,31.2,2.03,5.7,34.9,33.9,21.6,21.74,170.32,87.04,17.66,3,-158.95,-186.38,-169.92,-152.62,-53.36,-34.84,75.1,61.71,223.52,408.66,45.38,-58.32,Pepper,Clay Loam,0.337,0.24,814.39,10,0.502,3.249.454,18.314
14.379,108.033,6,535,0,30.7,1.98,5.8,37.1,32.2,21,21.74,170.32,87.04,16.63,3,-158.95,-186.38,-169.92,-152.62,-53.36,-34.84,75.1,61.71,223.52,408.66,45.38,-58.32,Pepper,Clay Loam,0.337,0.234,814.39,10,0.502,2.999.496,18.262
14.386,107.862,6,569,4.24,33,1.78,5.8,33.8,33.2,26.4,21.74,170.32,87.04,17.66,3,-158.95,-186.38,-169.92,-152.62,-53.36,-34.84,75.1,61.71,223.52,408.66,45.38,-58.32,Pepper,Clay Loam,0.337,0.249,814.39,10,0.502,2.999.496,18.042
14.387,107.972,6,573,10.52,33.8,2.28,5.6,36.5,29.7,29.1,21.74,170.32,87.04,17.66,3,-158.95,-186.38,-169.92,-152.62,-53.36,-34.84,75.1,61.71,223.52,408.66,45.38,-58.32,Pepper,Clay Loam,0.337,0.247,814.39,10,0.502,3.499.412,18.016
14.39,107.772,6,600,14.96,30,2.41,5.9,38.7,31.3,29.6,23.36,139.49,84.71,17.66,3,-150.13,-154.94,-139.28,-111.93,18.2,34.11,207.98,194.59,162.57,151.62,-93.27,-119.51,Pepper,Clay Loam,0.439,0.242,769.06,7,0.27,2.183.918,19.46
14.392,108.033,6,565,2.19,33.4,2.18,5.8,33.8,32.8,28.6,21.74,170.32,87.04,16.63,3,-158.95,-186.38,-169.92,-152.62,-53.36,-34.84,75.1,61.71,223.52,408.66,45.38,-58.32,Pepper,Clay Loam,0.337,0.252,814.39,10,0.502,2.999.496,18.068
14.395,107.751,6,630,5.01,30.4,2.01,5.8,36.1,33.5,25.6,23.36,139.49,84.71,17.66,3,-150.13,-154.94,-139.28,-111.93,18.2,34.11,207.98,194.59,162.57,151.62,-93.27,-119.51,Pepper,Clay Loam,0.439,0.243,769.06,7,0.27,2.382.456,19.265
14.397,107.79,6,552,6.69,30.6,2,5.9,38.1,31.3,26.1,23.36,139.49,84.71,17.66,3,-150.13,-154.94,-139.28,-111.93,18.2,34.11,207.98,194.59,162.57,151.62,-93.27,-119.51,Pepper,Clay Loam,0.439,0.239,769.06,7,0.27,2.183.918,19.772
14.412,107.977,6,541,8.58,31.2,1.94,5.7,36.3,32.5,22.4,21.74,170.32,87.04,17.66,3,-158.95,-186.38,-169.92,-152.62,-53.36,-34.84,75.1,61.71,223.52,408.66,45.38,-58.32,Pepper,Clay Loam,0.337,0.238,814.39,10,0.502,3.249.454,18.223
14.417,107.536,6,280,3.64,28.7,29.7,5.8,35.7,35.6,32.2,23.46,3.98,85.67,17.25,12,-3.38,-4.28,-4.61,-3.17,1.38,2.6,6.7,1.94,6.46,2.84,-2.5,-3.93,Pepper,Clay Loam,0.414,0.253,21.87,7,0.306,2.601.564,21.64
14.424,107.504,6,527,3.64,28.1,39.8,5.5,39.5,32.4,43.4,23.46,3.98,85.67,17.25,12,-3.38,-4.28,-4.61,-3.17,1.38,2.6,6.7,1.94,6.46,2.84,-2.5,-3.93,Pepper,Clay Loam,0.414,0.26,21.87,7,0.306,3.251.955,20.034
14.427,107.877,6,565,0,31.2,1.84,5.9,37.5,31.3,25.4,21.74,170.32,87.04,17.66,3,-158.95,-186.38,-169.92,-152.62,-53.36,-34.84,75.1,61.71,223.52,408.66,45.38,-58.32,Pepper,Clay Loam,0.337,0.239,814.39,10,0.502,2.749.538,18.068
14.436,107.631,6,389,4.18,30.2,3.45,5.7,36.6,33.2,38.3,23.36,139.49,84.71,17.66,3,-150.13,-154.94,-139.28,-111.93,18.2,34.11,207.98,194.59,162.57,151.62,-93.27,-119.51,Pepper,Clay Loam,0.439,0.259,769.06,7,0.27,2.580.994,20.832
14.437,107.608,6,384,11.63,30.2,3.51,5.6,34.7,35.2,41,23.36,139.49,84.71,17.66,3,-150.13,-154.94,-139.28,-111.93,18.2,34.11,207.98,194.59,162.57,151.62,-93.27,-119.51,Pepper,Clay Loam,0.439,0.268,769.06,7,0.27,2.779.532,20.864
14.441,107.891,6,573,5.9,32.9,1.88,5.8,35.9,31.2,24.2,21.74,170.32,87.04,17.66,3,-158.95,-186.38,-169.92,-152.62,-53.36,-34.84,75.1,61.71,223.52,408.66,45.38,-58.32,Pepper,Clay Loam,0.337,0.241,814.39,10,0.502,2.999.496,18.016
14.444,108.039,6,614,6.88,31,1.99,5.7,34.7,34.3,25.6,21.74,170.32,87.04,16.63,3,-158.95,-186.38,-169.92,-152.62,-53.36,-34.84,75.1,61.71,223.52,408.66,45.38,-58.32,Pepper,Clay Loam,0.337,0.246,814.39,10,0.502,3.249.454,17.749
14.445,107.833,6,694,5.13,30.6,2.2,5.7,35.4,34,33.3,21.74,170.32,87.04,17.66,3,-158.95,-186.38,-169.92,-152.62,-53.36,-34.84,75.1,61.71,223.52,408.66,45.38,-58.32,Pepper,Clay Loam,0.337,0.255,814.39,10,0.502,3.249.454,17.229
14.449,107.588,6,455,3.64,28,33.4,5.6,38,34,43.1,23.46,3.98,85.67,17.25,12,-3.38,-4.28,-4.61,-3.17,1.38,2.6,6.7,1.94,6.46,2.84,-2.5,-3.93,Pepper,Clay Loam,0.414,0.263,21.87,7,0.306,3.035.158,20.502
14.451,107.917,6,593,9.49,32.7,2.31,5.6,35.8,31.5,25.1,21.74,170.32,87.04,17.66,3,-158.95,-186.38,-169.92,-152.62,-53.36,-34.84,75.1,61.71,223.52,408.66,45.38,-58.32,Pepper,Clay Loam,0.337,0.243,814.39,10,0.502,3.499.412,17.886
14.459,107.628,6,329,3.64,28,31.2,5.8,36.8,35.2,41,23.46,3.98,85.67,17.25,12,-3.38,-4.28,-4.61,-3.17,1.38,2.6,6.7,1.94,6.46,2.84,-2.5,-3.93,Pepper,Clay Loam,0.414,0.263,21.87,7,0.306,2.601.564,21.322
14.459,108.413,6,1038,3.64,35.9,36.2,5.5,34.4,29.7,47.9,21.85,4.86,88.25,16.21,12,-2.89,-4.84,-6.32,-5.44,-0.87,0.44,3.51,0.03,8.25,9.58,1.25,-2.71,Pepper,Clay Loam,0.308,0.278,23.07,10,0.415,3.251.955,15.103
14.461,108.132,6,706,8.86,31.8,2.99,5.6,31.6,36.5,36.6,21.74,170.32,87.04,16.63,3,-158.95,-186.38,-169.92,-152.62,-53.36,-34.84,75.1,61.71,223.52,408.66,45.38,-58.32,Pepper,Clay Loam,0.337,0.269,814.39,10,0.502,3.499.412,17.151
14.465,108.01,6,785,6.12,34.6,2.8,5.6,32.4,33.1,37.5,21.74,170.32,87.04,16.63,3,-158.95,-186.38,-169.92,-152.62,-53.36,-34.84,75.1,61.71,223.52,408.66,45.38,-58.32,Pepper,Clay Loam,0.337,0.268,814.39,10,0.502,3.499.412,16.638
14.466,107.948,6,577,3.64,27.2,17.8,5.8,35.9,37,21.8,21.85,4.86,88.25,17.25,12,-2.89,-4.84,-6.32,-5.44,-0.87,0.44,3.51,0.03,8.25,9.58,1.25,-2.71,Pepper,Clay Loam,0.308,0.238,23.07,10,0.415,2.601.564,18.1
14.474,108.215,6,666,15.38,35.9,2.48,5.8,32.5,31.6,38,21.74,170.32,87.04,16.63,3,-158.95,-186.38,-169.92,-152.62,-53.36,-34.84,75.1,61.71,223.52,408.66,45.38,-58.32,Pepper,Clay Loam,0.337,0.268,814.39,10,0.502,2.999.496,17.411
14.474,108.32,6,774,15.97,32.6,3.27,5.6,35,32.4,42.5,21.74,170.32,87.04,16.63,3,-158.95,-186.38,-169.92,-152.62,-53.36,-34.84,75.1,61.71,223.52,408.66,45.38,-58.32,Pepper,Clay Loam,0.337,0.269,814.39,10,0.502,3.499.412,16.709
14.476,108.475,6,1067,3.64,35.4,37.1,5.4,37,27.6,57,24.17,5.49,87.16,16.21,12,-2.38,-4.67,-7.06,-6.45,-2.54,-0.81,2.81,-2.36,8.45,10.99,5.33,-1.29,Pepper,Clay Loam,0.387,0.285,27.56,10,0.398,3.468.752,17.235
14.478,107.963,6,574,3.64,28.4,18.7,5.8,33.7,37.9,25.2,21.85,4.86,88.25,17.25,12,-2.89,-4.84,-6.32,-5.44,-0.87,0.44,3.51,0.03,8.25,9.58,1.25,-2.71,Pepper,Clay Loam,0.308,0.248,23.07,10,0.415,2.601.564,18.119
14.486,107.835,6,665,7.29,30.4,2.32,5.8,34.3,35.2,33.1,21.74,170.32,87.04,17.66,3,-158.95,-186.38,-169.92,-152.62,-53.36,-34.84,75.1,61.71,223.52,408.66,45.38,-58.32,Pepper,Clay Loam,0.337,0.257,814.39,10,0.502,2.999.496,17.417
14.491,107.964,6,593,2.71,29.6,2.14,5.8,34.7,35.7,25.9,21.74,170.32,87.04,17.66,3,-158.95,-186.38,-169.92,-152.62,-53.36,-34.84,75.1,61.71,223.52,408.66,45.38,-58.32,Pepper,Clay Loam,0.337,0.246,814.39,10,0.502,2.999.496,17.886
14.492,107.854,6,612,3.64,32.1,21.3,5.8,34.6,33.4,29.6,21.85,4.86,88.25,17.25,12,-2.89,-4.84,-6.32,-5.44,-0.87,0.44,3.51,0.03,8.25,9.58,1.25,-2.71,Pepper,Clay Loam,0.308,0.252,23.07,10,0.415,2.601.564,17.872
14.495,107.66,6,573,9.81,28,3.72,5.6,36.9,35.1,47.7,23.36,139.49,84.71,17.66,3,-150.13,-154.94,-139.28,-111.93,18.2,34.11,207.98,194.59,162.57,151.62,-93.27,-119.51,Pepper,Clay Loam,0.439,0.272,769.06,7,0.27,2.779.532,19.636
14.495,108.207,6,750,11.44,35.7,3.33,5.7,32.2,32.1,45.8,21.74,170.32,87.04,16.63,3,-158.95,-186.38,-169.92,-152.62,-53.36,-34.84,75.1,61.71,223.52,408.66,45.38,-58.32,Pepper,Clay Loam,0.337,0.28,814.39,10,0.502,3.249.454,16.865
14.502,107.732,6,962,3.64,28.3,41.7,5.4,36.6,35.1,49.7,23.46,3.98,85.67,17.25,12,-3.38,-4.28,-4.61,-3.17,1.38,2.6,6.7,1.94,6.46,2.84,-2.5,-3.93,Pepper,Clay Loam,0.414,0.275,21.87,7,0.306,3.468.752,17.207
14.503,107.531,6,585,3.64,26.5,33.6,5.5,38.9,34.6,39.3,23.46,3.98,85.67,17.25,12,-3.38,-4.28,-4.61,-3.17,1.38,2.6,6.7,1.94,6.46,2.84,-2.5,-3.93,Pepper,Loam,0.414,0.256,21.87,7,0.306,3.251.955,19.658
14.503,107.931,6,589,1.16,29,1.99,5.8,36.8,34.2,24.8,21.74,170.32,87.04,17.66,3,-158.95,-186.38,-169.92,-152.62,-53.36,-34.84,75.1,61.71,223.52,408.66,45.38,-58.32,Pepper,Clay Loam,0.337,0.24,814.39,10,0.502,2.999.496,17.911
14.505,107.818,6,710,7.17,31.7,2.59,5.7,34.7,33.6,31.6,21.74,170.32,87.04,17.66,3,-158.95,-186.38,-169.92,-152.62,-53.36,-34.84,75.1,61.71,223.52,408.66,45.38,-58.32,Pepper,Clay Loam,0.337,0.254,814.39,10,0.502,3.249.454,17.125
14.505,107.944,6,630,6.43,28.3,2.11,5.7,37.2,34.5,31,21.74,170.32,87.04,17.66,3,-158.95,-186.38,-169.92,-152.62,-53.36,-34.84,75.1,61.71,223.52,408.66,45.38,-58.32,Pepper,Clay Loam,0.337,0.248,814.39,10,0.502,3.249.454,17.645
14.505,108.008,6,639,7.12,30.7,2.22,5.8,37.1,32.2,24.6,21.74,170.32,87.04,16.63,3,-158.95,-186.38,-169.92,-152.62,-53.36,-34.84,75.1,61.71,223.52,408.66,45.38,-58.32,Pepper,Clay Loam,0.337,0.239,814.39,10,0.502,2.999.496,17.586
14.508,107.898,6,565,0,31.7,1.87,5.7,34.9,33.4,23.9,21.74,170.32,87.04,17.66,3,-158.95,-186.38,-169.92,-152.62,-53.36,-34.84,75.1,61.71,223.52,408.66,45.38,-58.32,Pepper,Clay Loam,0.337,0.243,814.39,10,0.502,3.249.454,18.068
14.508,108.168,6,868,3.64,30.8,35.3,5.5,31.3,37.8,40.8,21.85,4.86,88.25,16.21,12,-2.89,-4.84,-6.32,-5.44,-0.87,0.44,3.51,0.03,8.25,9.58,1.25,-2.71,Pepper,Clay Loam,0.308,0.275,23.07,10,0.415,3.251.955,16.208
14.513,108.097,6,793,3.64,31,30.5,5.5,36.1,32.8,37.7,21.85,4.86,88.25,16.21,12,-2.89,-4.84,-6.32,-5.44,-0.87,0.44,3.51,0.03,8.25,9.58,1.25,-2.71,Pepper,Clay Loam,0.308,0.26,23.07,10,0.415,3.251.955,16.696
14.516,107.625,6,475,3.64,28,32.5,5.4,34.5,37.5,39.7,23.46,3.98,85.67,17.25,12,-3.38,-4.28,-4.61,-3.17,1.38,2.6,6.7,1.94,6.46,2.84,-2.5,-3.93,Pepper,Clay Loam,0.414,0.266,21.87,7,0.306,3.468.752,20.373
14.522,107.623,6,584,16.07,27.5,3.68,5.5,38.4,34.1,49.6,23.36,139.49,84.71,17.66,3,-150.13,-154.94,-139.28,-111.93,18.2,34.11,207.98,194.59,162.57,151.62,-93.27,-119.51,Pepper,Clay Loam,0.439,0.271,769.06,7,0.27,2978.07,19.564
14.522,107.728,6,629,1.87,27.6,2.76,5.8,36.1,36.3,28.4,23.36,139.49,84.71,17.66,3,-150.13,-154.94,-139.28,-111.93,18.2,34.11,207.98,194.59,162.57,151.62,-93.27,-119.51,Pepper,Clay Loam,0.439,0.247,769.06,7,0.27,2.382.456,19.272
14.522,108.006,6,646,2.32,30.7,2.14,5.8,35.1,34.2,31.9,21.74,170.32,87.04,16.63,3,-158.95,-186.38,-169.92,-152.62,-53.36,-34.84,75.1,61.71,223.52,408.66,45.38,-58.32,Pepper,Clay Loam,0.337,0.254,814.39,10,0.502,2.999.496,17.541
14.528,108.275,6,663,3.64,35.9,28.7,5.9,35.6,28.5,30.6,21.85,4.86,88.25,16.21,12,-2.89,-4.84,-6.32,-5.44,-0.87,0.44,3.51,0.03,8.25,9.58,1.25,-2.71,Pepper,Clay Loam,0.308,0.251,23.07,10,0.415,2.384.767,17.54
14.532,108.051,6,814,12.42,32.2,2.89,5.5,34.1,33.6,36.6,21.74,170.32,87.04,16.63,3,-158.95,-186.38,-169.92,-152.62,-53.36,-34.84,75.1,61.71,223.52,408.66,45.38,-58.32,Pepper,Clay Loam,0.337,0.263,814.39,10,0.502,3749.37,16.449
14.533,108.244,6,937,12.09,34.9,3.05,5.5,32.6,32.6,36.9,21.74,170.32,87.04,16.63,3,-158.95,-186.38,-169.92,-152.62,-53.36,-34.84,75.1,61.71,223.52,408.66,45.38,-58.32,Pepper,Clay Loam,0.337,0.267,814.39,10,0.502,3749.37,15.65
14.539,108.016,6,679,4.65,29.2,2.11,5.9,34.2,36.6,31.4,21.74,170.32,87.04,16.63,3,-158.95,-186.38,-169.92,-152.62,-53.36,-34.84,75.1,61.71,223.52,408.66,45.38,-58.32,Pepper,Clay Loam,0.337,0.255,814.39,10,0.502,2.749.538,17.326
14.539,108.026,6,712,10.8,30.3,2.32,5.6,32.8,36.9,32.3,21.74,170.32,87.04,16.63,3,-158.95,-186.38,-169.92,-152.62,-53.36,-34.84,75.1,61.71,223.52,408.66,45.38,-58.32,Pepper,Clay Loam,0.337,0.26,814.39,10,0.502,3.499.412,17.112
14.541,107.761,6,640,9.54,29.1,2.06,5.8,35.6,35.3,27.2,23.36,139.49,84.71,17.66,3,-150.13,-154.94,-139.28,-111.93,18.2,34.11,207.98,194.59,162.57,151.62,-93.27,-119.51,Pepper,Clay Loam,0.439,0.246,769.06,7,0.27,2.382.456,19.2
14.542,108.015,6,715,3.64,30.9,23.7,5.8,31.9,37.2,33.3,21.85,4.86,88.25,16.21,12,-2.89,-4.84,-6.32,-5.44,-0.87,0.44,3.51,0.03,8.25,9.58,1.25,-2.71,Pepper,Clay Loam,0.308,0.263,23.07,10,0.415,2.601.564,17.202
14.544,107.652,6,345,12.06,31,2.88,5.6,34.5,34.5,42.9,23.36,139.49,84.71,17.66,3,-150.13,-154.94,-139.28,-111.93,18.2,34.11,207.98,194.59,162.57,151.62,-93.27,-119.51,Pepper,Clay Loam,0.439,0.271,769.06,7,0.27,2.779.532,21.118
14.55,108.492,6,1331,3.64,35.4,60.6,5.4,34.4,30.2,69.8,24.17,5.49,87.16,16.21,12,-2.38,-4.67,-7.06,-6.45,-2.54,-0.81,2.81,-2.36,8.45,10.99,5.33,-1.29,Pepper,Clay Loam,0.387,0.309,27.56,10,0.398,3.468.752,15.519
14.553,107.948,6,671,19.61,31.6,1.94,5.7,34.6,33.8,27.7,21.74,170.32,87.04,17.66,3,-158.95,-186.38,-169.92,-152.62,-53.36,-34.84,75.1,61.71,223.52,408.66,45.38,-58.32,Pepper,Clay Loam,0.337,0.249,814.39,10,0.502,3.249.454,17.378
14.555,107.606,6,827,5.19,28.8,2.51,5.6,35.7,35.6,28.7,23.36,139.49,84.71,17.66,3,-150.13,-154.94,-139.28,-111.93,18.2,34.11,207.98,194.59,162.57,151.62,-93.27,-119.51,Pepper,Clay Loam,0.439,0.248,769.06,7,0.27,2.779.532,17.984
14.557,107.707,6,627,3.64,28.9,29.9,5.6,34.4,36.7,38.4,23.46,3.98,85.67,17.25,12,-3.38,-4.28,-4.61,-3.17,1.38,2.6,6.7,1.94,6.46,2.84,-2.5,-3.93,Pepper,Clay Loam,0.414,0.265,21.87,7,0.306,3.035.158,19.385
14.557,108.428,6,1251,3.64,35.9,42.9,5.4,33.1,31,52.9,21.85,4.86,88.25,16.21,12,-2.89,-4.84,-6.32,-5.44,-0.87,0.44,3.51,0.03,8.25,9.58,1.25,-2.71,Pepper,Clay Loam,0.308,0.288,23.07,10,0.415,3.468.752,13.719
14.563,107.597,6,860,3.64,25.9,33.7,5.6,35.7,38.4,30,23.46,3.98,85.67,17.25,12,-3.38,-4.28,-4.61,-3.17,1.38,2.6,6.7,1.94,6.46,2.84,-2.5,-3.93,Pepper,Loam,0.414,0.25,21.87,7,0.306,3.035.158,17.87
14.569,108.409,6,1255,3.64,33.7,39.4,5.5,35.5,30.9,55.3,21.85,4.86,88.25,16.21,12,-2.89,-4.84,-6.32,-5.44,-0.87,0.44,3.51,0.03,8.25,9.58,1.25,-2.71,Pepper,Clay Loam,0.308,0.286,23.07,10,0.415,3.251.955,13.693
14.571,107.625,6,798,8.45,27.1,2.64,5.6,36.2,36.7,30.6,23.36,139.49,84.71,17.66,3,-150.13,-154.94,-139.28,-111.93,18.2,34.11,207.98,194.59,162.57,151.62,-93.27,-119.51,Pepper,Clay Loam,0.439,0.25,769.06,7,0.27,2.779.532,18.173
14.575,107.887,6,640,6.03,32.2,2.52,5.8,33.7,34.2,33.9,21.74,170.32,87.04,17.66,3,-158.95,-186.38,-169.92,-152.62,-53.36,-34.84,75.1,61.71,223.52,408.66,45.38,-58.32,Pepper,Clay Loam,0.337,0.26,814.39,10,0.502,2.999.496,17.58
14.575,107.912,6,664,2.13,31,2.72,5.5,36.3,32.7,35.8,21.74,170.32,87.04,17.66,3,-158.95,-186.38,-169.92,-152.62,-53.36,-34.84,75.1,61.71,223.52,408.66,45.38,-58.32,Pepper,Clay Loam,0.337,0.257,814.39,10,0.502,3749.37,17.424
14.582,107.868,6,662,13.45,33.3,2.43,5.7,32.5,34.2,26,21.74,170.32,87.04,17.66,3,-158.95,-186.38,-169.92,-152.62,-53.36,-34.84,75.1,61.71,223.52,408.66,45.38,-58.32,Pepper,Clay Loam,0.337,0.252,814.39,10,0.502,3.249.454,17.437
14.586,107.663,6,616,3.64,30.8,24.9,5.6,35.6,33.6,29.8,23.46,3.98,85.67,17.25,12,-3.38,-4.28,-4.61,-3.17,1.38,2.6,6.7,1.94,6.46,2.84,-2.5,-3.93,Pepper,Clay Loam,0.414,0.25,21.87,7,0.306,3.035.158,19.456
14.586,107.845,6,589,3.64,35.6,23.4,5.8,31.2,33.2,26.8,21.85,4.86,88.25,17.25,12,-2.89,-4.84,-6.32,-5.44,-0.87,0.44,3.51,0.03,8.25,9.58,1.25,-2.71,Pepper,Clay Loam,0.308,0.256,23.07,10,0.415,2.601.564,18.022
14.593,107.676,6,644,13.97,29.3,2.18,5.7,34.4,36.3,23.1,23.36,139.49,84.71,17.66,3,-150.13,-154.94,-139.28,-111.93,18.2,34.11,207.98,194.59,162.57,151.62,-93.27,-119.51,Pepper,Clay Loam,0.439,0.243,769.06,7,0.27,2.580.994,19.174
14.601,107.872,6,590,3.64,35.4,20.5,5.8,32.8,31.8,26.3,21.85,4.86,88.25,17.25,12,-2.89,-4.84,-6.32,-5.44,-0.87,0.44,3.51,0.03,8.25,9.58,1.25,-2.71,Pepper,Clay Loam,0.308,0.251,23.07,10,0.415,2.601.564,18.015
14.605,107.983,6,790,14.15,33.9,3.03,5.5,32.7,33.4,38.8,21.74,170.32,87.04,17.66,3,-158.95,-186.38,-169.92,-152.62,-53.36,-34.84,75.1,61.71,223.52,408.66,45.38,-58.32,Pepper,Clay Loam,0.337,0.269,814.39,10,0.502,3749.37,16.605
14.607,107.854,6,601,1.06,34.2,2.29,5.7,34.4,31.4,27.8,21.74,170.32,87.04,17.66,3,-158.95,-186.38,-169.92,-152.62,-53.36,-34.84,75.1,61.71,223.52,408.66,45.38,-58.32,Pepper,Clay Loam,0.337,0.25,814.39,10,0.502,3.249.454,17.833
14.619,108.145,6,689,5.92,32.3,3.17,5.6,33.8,34,41.4,21.74,170.32,87.04,16.63,3,-158.95,-186.38,-169.92,-152.62,-53.36,-34.84,75.1,61.71,223.52,408.66,45.38,-58.32,Pepper,Clay Loam,0.337,0.27,814.39,10,0.502,3.499.412,17.261
14.62,107.577,6,796,3.64,27.8,31.2,5.4,35.2,37,42.8,23.46,3.98,85.67,17.25,12,-3.38,-4.28,-4.61,-3.17,1.38,2.6,6.7,1.94,6.46,2.84,-2.5,-3.93,Pepper,Clay Loam,0.414,0.269,21.87,7,0.306,3.468.752,18.286
14.62,107.83,6,588,9.7,32.6,2.22,5.7,32.3,35,30.3,21.74,170.32,87.04,17.66,3,-158.95,-186.38,-169.92,-152.62,-53.36,-34.84,75.1,61.71,223.52,408.66,45.38,-58.32,Pepper,Clay Loam,0.337,0.258,814.39,10,0.502,3.249.454,17.918
14.627,108.211,6,1518,3.64,35.1,47.7,5.4,32.7,32.2,59.8,21.85,4.86,88.25,16.21,12,-2.89,-4.84,-6.32,-5.44,-0.87,0.44,3.51,0.03,8.25,9.58,1.25,-2.71,Pepper,Clay Loam,0.308,0.299,23.07,10,0.415,3.468.752,11.983
14.632,107.696,6,675,0.74,30,2.09,5.7,33.8,36.2,30.8,23.36,139.49,84.71,17.66,3,-150.13,-154.94,-139.28,-111.93,18.2,34.11,207.98,194.59,162.57,151.62,-93.27,-119.51,Pepper,Clay Loam,0.439,0.255,769.06,7,0.27,2.580.994,18.972
14.638,107.578,6,818,3.64,30.6,24.6,5.6,35.8,33.6,29.5,23.46,3.98,85.67,17.25,12,-3.38,-4.28,-4.61,-3.17,1.38,2.6,6.7,1.94,6.46,2.84,-2.5,-3.93,Pepper,Clay Loam,0.414,0.249,21.87,7,0.306,3.035.158,18.143
14.638,107.722,6,743,14.55,32.6,2.57,5.6,33.6,33.9,30.8,23.36,139.49,84.71,17.66,3,-150.13,-154.94,-139.28,-111.93,18.2,34.11,207.98,194.59,162.57,151.62,-93.27,-119.51,Pepper,Clay Loam,0.439,0.256,769.06,7,0.27,2.779.532,18.53
14.64,107.698,6,666,3.64,31.7,21.8,5.8,34.9,33.4,25.3,23.46,3.98,85.67,17.25,12,-3.38,-4.28,-4.61,-3.17,1.38,2.6,6.7,1.94,6.46,2.84,-2.5,-3.93,Pepper,Clay Loam,0.414,0.245,21.87,7,0.306,2.601.564,19.131
14.64,107.784,6,660,3.75,32,2.39,5.8,32.9,35,29.4,23.36,139.49,84.71,17.66,3,-150.13,-154.94,-139.28,-111.93,18.2,34.11,207.98,194.59,162.57,151.62,-93.27,-119.51,Pepper,Clay Loam,0.439,0.255,769.06,7,0.27,2.382.456,19.07
14.641,107.85,6,608,3.75,33.9,2.21,5.8,34.1,32,26.3,21.74,170.32,87.04,17.66,3,-158.95,-186.38,-169.92,-152.62,-53.36,-34.84,75.1,61.71,223.52,408.66,45.38,-58.32,Pepper,Clay Loam,0.337,0.248,814.39,10,0.502,2.999.496,17.788
14.65,107.825,6,633,1.68,33.5,2.14,5.9,33.1,33.4,23.5,21.74,170.32,87.04,17.66,3,-158.95,-186.38,-169.92,-152.62,-53.36,-34.84,75.1,61.71,223.52,408.66,45.38,-58.32,Pepper,Clay Loam,0.337,0.247,814.39,10,0.502,2.749.538,17.626
14.652,107.832,6,622,4.25,34.1,2.51,5.8,33.6,32.3,29.4,21.74,170.32,87.04,17.66,3,-158.95,-186.38,-169.92,-152.62,-53.36,-34.84,75.1,61.71,223.52,408.66,45.38,-58.32,Pepper,Clay Loam,0.337,0.254,814.39,10,0.502,2.999.496,17.697
14.652,108.346,6,1095,3.64,34.3,40.8,5.5,34.8,31,50.2,21.85,4.86,88.25,16.21,12,-2.89,-4.84,-6.32,-5.44,-0.87,0.44,3.51,0.03,8.25,9.58,1.25,-2.71,Pepper,Clay Loam,0.308,0.28,23.07,10,0.415,3.251.955,14.733
14.657,107.917,6,634,5.89,33.6,2.2,5.7,30.9,35.5,28.7,21.74,170.32,87.04,17.66,3,-158.95,-186.38,-169.92,-152.62,-53.36,-34.84,75.1,61.71,223.52,408.66,45.38,-58.32,Pepper,Clay Loam,0.337,0.259,814.39,10,0.502,3.249.454,17.619
14.659,108.312,6,1189,3.64,33.5,39.2,5.4,34.4,32.1,49.6,21.85,4.86,88.25,16.21,12,-2.89,-4.84,-6.32,-5.44,-0.87,0.44,3.51,0.03,8.25,9.58,1.25,-2.71,Pepper,Clay Loam,0.308,0.28,23.07,10,0.415,3.468.752,14.122
14.673,107.876,6,875,3.64,34.7,30.7,5.7,34.1,31.3,43.1,21.85,4.86,88.25,17.25,12,-2.89,-4.84,-6.32,-5.44,-0.87,0.44,3.51,0.03,8.25,9.58,1.25,-2.71,Pepper,Clay Loam,0.308,0.272,23.07,10,0.415,2.818.361,16.163
14.681,107.722,6,648,16.55,32.4,2.21,5.7,34.6,33,24.1,23.36,139.49,84.71,17.66,3,-150.13,-154.94,-139.28,-111.93,18.2,34.11,207.98,194.59,162.57,151.62,-93.27,-119.51,Pepper,Clay Loam,0.439,0.244,769.06,7,0.27,2.580.994,19.148
14.682,107.743,6,654,3.64,32.5,21.1,5.8,33.4,34.1,28.7,23.46,3.98,85.67,17.25,12,-3.38,-4.28,-4.61,-3.17,1.38,2.6,6.7,1.94,6.46,2.84,-2.5,-3.93,Pepper,Clay Loam,0.414,0.253,21.87,7,0.306,2.601.564,19.209
14.69,107.64,6,649,3.64,29.9,21.7,5.8,35.6,34.5,25.4,23.46,3.98,85.67,17.25,12,-3.38,-4.28,-4.61,-3.17,1.38,2.6,6.7,1.94,6.46,2.84,-2.5,-3.93,Pepper,Clay Loam,0.414,0.244,21.87,7,0.306,2.601.564,19.242
14.698,107.883,6,820,16.75,31.6,3.2,5.6,33.8,34.6,35.3,21.74,170.32,87.04,17.66,3,-158.95,-186.38,-169.92,-152.62,-53.36,-34.84,75.1,61.71,223.52,408.66,45.38,-58.32,Pepper,Clay Loam,0.337,0.262,814.39,10,0.502,3.499.412,16.41
14.708,108.403,6,1211,3.64,35.8,43.8,5.5,34.8,29.3,57,21.85,4.86,88.25,16.21,12,-2.89,-4.84,-6.32,-5.44,-0.87,0.44,3.51,0.03,8.25,9.58,1.25,-2.71,Pepper,Clay Loam,0.308,0.29,23.07,10,0.415,3.251.955,13.979
14.713,107.558,6,838,3.64,25.3,33.2,5.4,38.9,35.8,44.7,23.46,3.98,85.67,17.25,12,-3.38,-4.28,-4.61,-3.17,1.38,2.6,6.7,1.94,6.46,2.84,-2.5,-3.93,Pepper,Loam,0.414,0.263,21.87,7,0.306,3.468.752,18.013
14.713,107.953,6,645,3.64,32.2,41.1,5.6,33.3,34.5,37,21.85,4.86,88.25,17.25,12,-2.89,-4.84,-6.32,-5.44,-0.87,0.44,3.51,0.03,8.25,9.58,1.25,-2.71,Pepper,Clay Loam,0.308,0.265,23.07,10,0.415,3.035.158,17.658
14.713,108.374,6,733,3.64,36.9,47.1,5.5,34.1,29,60.8,21.85,4.86,88.25,16.21,12,-2.89,-4.84,-6.32,-5.44,-0.87,0.44,3.51,0.03,8.25,9.58,1.25,-2.71,Pepper,Clay Loam,0.308,0.297,23.07,10,0.415,3.251.955,17.086
14.715,107.883,6,799,1.06,32.1,2.59,5.7,34.4,33.5,32.3,21.74,170.32,87.04,17.66,3,-158.95,-186.38,-169.92,-152.62,-53.36,-34.84,75.1,61.71,223.52,408.66,45.38,-58.32,Pepper,Clay Loam,0.337,0.256,814.39,10,0.502,3.249.454,16.546
14.72,107.679,6,708,11.65,30.4,2.4,5.7,35.2,34.4,31,23.36,139.49,84.71,17.66,3,-150.13,-154.94,-139.28,-111.93,18.2,34.11,207.98,194.59,162.57,151.62,-93.27,-119.51,Pepper,Clay Loam,0.439,0.252,769.06,7,0.27,2.580.994,18.758
14.724,107.903,6,1113,3.64,33.2,42.8,5.3,34,32.7,51.4,21.85,4.86,88.25,17.25,12,-2.89,-4.84,-6.32,-5.44,-0.87,0.44,3.51,0.03,8.25,9.58,1.25,-2.71,Pepper,Clay Loam,0.308,0.284,23.07,10,0.415,3.685.549,14.616
14.727,108.145,6,1581,3.64,32.8,55.6,5.3,34.8,32.4,61.1,21.85,4.86,88.25,16.21,12,-2.89,-4.84,-6.32,-5.44,-0.87,0.44,3.51,0.03,8.25,9.58,1.25,-2.71,Pepper,Clay Loam,0.308,0.296,23.07,10,0.415,3.685.549,11.574
14.727,108.157,6,1668,3.64,34.3,68.4,5.4,33.1,32.6,75.6,21.85,4.86,88.25,16.21,12,-2.89,-4.84,-6.32,-5.44,-0.87,0.44,3.51,0.03,8.25,9.58,1.25,-2.71,Pepper,Clay Loam,0.308,0.32,23.07,10,0.415,3.468.752,11.008
14.728,107.943,6,828,3.64,31.4,41.2,5.5,34.6,34,38.4,21.85,4.86,88.25,17.25,12,-2.89,-4.84,-6.32,-5.44,-0.87,0.44,3.51,0.03,8.25,9.58,1.25,-2.71,Pepper,Clay Loam,0.308,0.264,23.07,10,0.415,3.251.955,16.468
14.736,107.656,6,660,7.16,30.3,2.46,5.7,34.9,34.8,27.8,23.36,139.49,84.71,17.66,3,-150.13,-154.94,-139.28,-111.93,18.2,34.11,207.98,194.59,162.57,151.62,-93.27,-119.51,Pepper,Clay Loam,0.439,0.249,769.06,7,0.27,2.580.994,19.07
14.746,107.724,6,629,5.33,30.1,2.78,5.8,34.3,35.6,29.6,23.36,139.49,84.71,17.66,3,-150.13,-154.94,-139.28,-111.93,18.2,34.11,207.98,194.59,162.57,151.62,-93.27,-119.51,Pepper,Clay Loam,0.439,0.253,769.06,7,0.27,2.382.456,19.272
14.747,107.743,6,685,3.64,32.1,25.6,5.7,33.4,34.6,30.8,23.46,3.98,85.67,17.25,12,-3.38,-4.28,-4.61,-3.17,1.38,2.6,6.7,1.94,6.46,2.84,-2.5,-3.93,Pepper,Clay Loam,0.414,0.256,21.87,7,0.306,2.818.361,19.008
14.748,108.206,6,1197,3.64,35.6,40,5.3,34.9,29.5,57.4,21.85,4.86,88.25,16.21,12,-2.89,-4.84,-6.32,-5.44,-0.87,0.44,3.51,0.03,8.25,9.58,1.25,-2.71,Pepper,Clay Loam,0.308,0.29,23.07,10,0.415,3.685.549,14.07
14.748,108.433,6,783,3.64,29.7,54.6,5.6,40,30.3,50.9,21.85,4.86,88.25,16.21,12,-2.89,-4.84,-6.32,-5.44,-0.87,0.44,3.51,0.03,8.25,9.58,1.25,-2.71,Pepper,Clay Loam,0.308,0.269,23.07,10,0.415,3.035.158,16.76
14.754,107.768,6,787,3.64,33,32.3,5.6,33.3,33.7,37.1,22.38,3.4,85.43,17.25,12,-2.44,-3.48,-4.33,-2.88,-0.4,0.18,2.16,-0.16,5.83,7.11,0.4,-2.03,Pepper,Clay Loam,0.394,0.265,15.72,10,0.453,3.035.158,17.264
14.757,108.241,6,1229,3.64,33.3,35.9,5.4,32.4,34.4,52.7,21.92,6.65,88.47,16.21,12,-2.37,-4.83,-7.48,-6.64,-3.47,-2.32,-0.47,-2.52,7.66,16.85,5.94,-0.38,Pepper,Clay Loam,0.303,0.289,30.48,10,0.553,3.468.752,13.932
14.768,107.72,6,740,8.47,33.1,2.82,5.7,33.2,33.7,31,22.29,128.66,84.34,17.66,3,-131.57,-142.11,-127.6,-99.38,-28.03,-18.86,94.18,104.34,155.5,290.96,-33.08,-64.36,Pepper,Clay Loam,0.421,0.257,644.99,10,0.451,2.476.058,17.48
14.775,108.223,6,1224,3.64,33.8,35.9,5.5,34.3,31.9,53.1,21.92,6.65,88.47,16.21,12,-2.37,-4.83,-7.48,-6.64,-3.47,-2.32,-0.47,-2.52,7.66,16.85,5.94,-0.38,Pepper,Clay Loam,0.303,0.285,30.48,10,0.553,3.251.955,13.964
14.781,107.68,6,680,3.34,30.1,2.79,5.6,34.5,35.4,34.3,22.29,128.66,84.34,17.66,3,-131.57,-142.11,-127.6,-99.38,-28.03,-18.86,94.18,104.34,155.5,290.96,-33.08,-64.36,Pepper,Clay Loam,0.421,0.259,644.99,10,0.451,2.666.524,17.87
14.788,107.988,6,906,12.91,32.7,3.32,5.6,33.7,33.6,47.6,21.76,229,87.56,17.66,2,-166.45,-209.85,-197.45,-166.18,-108.61,-113.56,-29.06,-17.9,233.6,625.6,137.78,12.11,Pepper,Clay Loam,0.324,0.279,1009.06,10,0.62,4.092.186,15.871
14.802,107.701,6,630,7.56,28.7,2.69,5.7,33.5,37.7,27,22.29,128.66,84.34,17.66,3,-131.57,-142.11,-127.6,-99.38,-28.03,-18.86,94.18,104.34,155.5,290.96,-33.08,-64.36,Pepper,Clay Loam,0.421,0.251,644.99,10,0.451,2.476.058,18.195
14.818,107.578,6,688,3.64,28.7,48.1,5.6,37.1,34.2,47,22.38,3.4,85.43,17.25,12,-2.44,-3.48,-4.33,-2.88,-0.4,0.18,2.16,-0.16,5.83,7.11,0.4,-2.03,Pepper,Clay Loam,0.394,0.27,15.72,10,0.453,3.035.158,17.908
14.828,107.939,6,1218,3.64,34.1,33.9,5.6,32.9,33,37,21.92,6.65,88.47,17.25,12,-2.37,-4.83,-7.48,-6.64,-3.47,-2.32,-0.47,-2.52,7.66,16.85,5.94,-0.38,Pepper,Clay Loam,0.303,0.266,30.48,10,0.553,3.035.158,14.003
14.846,108.218,6,1251,3.64,34.3,44.2,5.5,34.3,31.4,51.3,21.92,6.65,88.47,16.21,12,-2.37,-4.83,-7.48,-6.64,-3.47,-2.32,-0.47,-2.52,7.66,16.85,5.94,-0.38,Pepper,Clay Loam,0.303,0.283,30.48,10,0.553,3.251.955,13.789
14.847,107.686,6,663,3.64,31.4,27,5.8,33.4,35.2,29.6,22.38,3.4,85.43,17.25,12,-2.44,-3.48,-4.33,-2.88,-0.4,0.18,2.16,-0.16,5.83,7.11,0.4,-2.03,Pepper,Clay Loam,0.394,0.255,15.72,10,0.453,2.601.564,18.07
14.847,108.491,6,407,3.64,36,56.3,5.9,33.1,30.9,70.8,25.35,8.4,86.26,16.21,12,-2.03,-5.34,-9.74,-9.16,-5.8,-2.91,0.2,-5.39,8.55,19.02,11.28,1.31,Pepper,Clay Loam,0.444,0.313,40.37,10,0.471,2.384.767,22.705
14.855,107.918,6,1234,3.64,34.6,43.8,5.4,34,31.4,43.5,21.92,6.65,88.47,17.25,12,-2.37,-4.83,-7.48,-6.64,-3.47,-2.32,-0.47,-2.52,7.66,16.85,5.94,-0.38,Pepper,Clay Loam,0.303,0.273,30.48,10,0.553,3.468.752,13.899
14.871,107.848,6,1030,3.64,32.8,42.2,5.5,34.8,32.4,45.3,21.92,6.65,88.47,17.25,12,-2.37,-4.83,-7.48,-6.64,-3.47,-2.32,-0.47,-2.52,7.66,16.85,5.94,-0.38,Pepper,Clay Loam,0.303,0.273,30.48,10,0.553,3.251.955,15.225
14.873,107.669,6,674,3.64,29.4,26,5.7,33.3,37.3,30.1,22.38,3.4,85.43,17.25,12,-2.44,-3.48,-4.33,-2.88,-0.4,0.18,2.16,-0.16,5.83,7.11,0.4,-2.03,Pepper,Clay Loam,0.394,0.256,15.72,10,0.453,2.818.361,17.999
14.89,107.845,6,922,14.92,34.5,3.7,5.5,35.1,30.4,39,21.76,229,87.56,17.66,2,-166.45,-209.85,-197.45,-166.18,-108.61,-113.56,-29.06,-17.9,233.6,625.6,137.78,12.11,Pepper,Clay Loam,0.324,0.264,1009.06,10,0.62,4.384.485,15.767
14.895,107.953,6,1533,3.64,32.6,50.1,5.3,36.1,31.3,43.9,21.92,6.65,88.47,17.25,12,-2.37,-4.83,-7.48,-6.64,-3.47,-2.32,-0.47,-2.52,7.66,16.85,5.94,-0.38,Pepper,Clay Loam,0.303,0.268,30.48,10,0.553,3.685.549,11.956
14.897,107.673,6,688,4.44,30.1,2.64,5.8,33.1,36.8,30.2,22.29,128.66,84.34,17.66,3,-131.57,-142.11,-127.6,-99.38,-28.03,-18.86,94.18,104.34,155.5,290.96,-33.08,-64.36,Pepper,Clay Loam,0.421,0.256,644.99,10,0.451,2.285.592,17.818
14.912,107.838,6,854,3.64,33.7,28.6,5.7,34.4,31.9,35.6,21.92,6.65,88.47,17.25,12,-2.37,-4.83,-7.48,-6.64,-3.47,-2.32,-0.47,-2.52,7.66,16.85,5.94,-0.38,Pepper,Clay Loam,0.303,0.261,30.48,10,0.553,2.818.361,16.369
14.921,108.303,6,468,3.64,35.9,52.2,5.7,33.8,30.3,65.7,21.92,6.65,88.47,16.21,12,-2.37,-4.83,-7.48,-6.64,-3.47,-2.32,-0.47,-2.52,7.66,16.85,5.94,-0.38,Pepper,Clay Loam,0.303,0.304,30.48,10,0.553,2.818.361,18.878
14.925,107.536,6,1175,3.64,31,52.8,5.5,36.9,32.1,43.5,22.38,3.4,85.43,17.25,12,-2.44,-3.48,-4.33,-2.88,-0.4,0.18,2.16,-0.16,5.83,7.11,0.4,-2.03,Pepper,Clay Loam,0.394,0.266,15.72,10,0.453,3.251.955,14.742
14.953,107.958,6,1619,3.64,32.6,73.5,5.2,35.5,31.9,57,21.92,6.65,88.47,17.25,12,-2.37,-4.83,-7.48,-6.64,-3.47,-2.32,-0.47,-2.52,7.66,16.85,5.94,-0.38,Pepper,Clay Loam,0.303,0.288,30.48,10,0.553,3.902.346,11.397
14.955,107.973,6,1489,3.64,33.4,48.7,5.4,35.8,30.8,46.5,21.92,6.65,88.47,17.25,12,-2.37,-4.83,-7.48,-6.64,-3.47,-2.32,-0.47,-2.52,7.66,16.85,5.94,-0.38,Pepper,Clay Loam,0.303,0.273,30.48,10,0.553,3.468.752,12.242
14.958,107.988,6,1353,3.64,33.8,38,5.4,34.1,32,45.3,21.92,6.65,88.47,17.25,12,-2.37,-4.83,-7.48,-6.64,-3.47,-2.32,-0.47,-2.52,7.66,16.85,5.94,-0.38,Pepper,Clay Loam,0.303,0.275,30.48,10,0.553,3.468.752,13.126
14.99,107.933,6,1888,3.64,28.7,70.5,5.4,37,34.3,59.8,21.92,6.65,88.47,17.25,12,-2.37,-4.83,-7.48,-6.64,-3.47,-2.32,-0.47,-2.52,7.66,16.85,5.94,-0.38,Pepper,Clay Loam,0.303,0.289,30.48,10,0.553,3.468.752,9.648
14.992,107.748,6,1186,3.64,32.9,49.2,5.5,33.3,33.7,50.2,22.38,3.4,85.43,17.25,12,-2.44,-3.48,-4.33,-2.88,-0.4,0.18,2.16,-0.16,5.83,7.11,0.4,-2.03,Pepper,Clay Loam,0.394,0.284,15.72,10,0.453,3.251.955,14.671
14.999,107.586,6,1163,3.64,31.9,36.9,5.4,36.6,31.5,42.9,22.38,3.4,85.43,17.25,12,-2.44,-3.48,-4.33,-2.88,-0.4,0.18,2.16,-0.16,5.83,7.11,0.4,-2.03,Pepper,Clay Loam,0.394,0.266,15.72,10,0.453,3.468.752,14.82
10.469,105.62,11,19,3.64,34.2,25.6,5.8,18.6,47.2,32.6,27.74,4.64,80.6,17.9,12,-4.02,-5.17,-5.35,-3.98,0.31,1.52,7.43,-0.41,8.29,5.16,0.33,-4.15,Rice,Clay Loam,0.722,0.293,23.08,9,0.36,2.601.564,27.616
21.489,106.409,2,57,3.64,28.3,22.2,5.9,23.2,48.5,32,23.24,4.05,82.32,13.38,12,-3.55,-1.88,-3.28,-2.06,-0.89,7.01,0.69,7.59,5.4,-2.13,-3.3,-3.62,Rice,Clay Loam,0.504,0.281,20.71,8,0.367,2.384.767,22.87
20.684,106.012,2,4,3.64,34.3,25.6,5.9,27.3,38.4,24.9,24.42,4.15,83.73,14.17,12,-3.54,-3.28,-3.86,-2.76,-1.25,4.9,0.24,4.95,8.6,3.24,-3.34,-3.95,Rice,Clay Loam,0.498,0.262,21.98,9,0.392,2.384.767,24.394
10.408,106.483,4,2,3.64,40.2,28.1,6.4,17.1,42.7,36.3,27.91,4.33,79.72,18.06,12,-4.03,-4.78,-4.88,-4,0.35,2.61,7.9,-0.29,6.54,4.36,0.01,-3.83,Rice,Clay,0.763,0.301,21.81,7,0.363,1.300.782,27.897
8.977,104.984,4,2,3.64,38.9,46.6,5.4,29.9,31.2,51.3,28.04,4.45,80.82,17.74,12,-4.45,-5.29,-5.62,-3.24,-0.63,1.27,6.71,0.39,7.95,3.73,3.01,-3.78,Rice,Clay Loam,0.727,0.293,23.01,9,0.345,3.468.752,28.027
20.774,106.483,2,2,3.64,37.5,30.3,6.2,29.4,33.1,30.5,24.18,4.13,82.51,14.17,12,-3.45,-2.61,-3.49,-2.27,-1.12,6.4,-0.14,6.45,7.56,0.06,-3.6,-3.84,Rice,Clay Loam,0.528,0.265,20.52,9,0.369,1.734.376,24.167
9.414,105.898,4,5,3.64,37.4,38.1,5.6,30.4,32.3,38.6,27.58,5.68,82.83,17.03,12,-5.15,-6.22,-6.61,-3.85,-0.17,0.76,10.43,0.35,9.34,6.06,0.59,-5.48,Rice,Clay Loam,0.633,0.274,27.48,7,0.379,3.035.158,27.548
21.299,105.845,2,18,3.64,32.7,21.4,6.1,29.9,37.5,21.8,23.66,4.1,82.25,14.01,12,-3.83,-2.11,-3.41,-2.35,-0.33,6.36,1.26,8.89,4.16,-1.78,-3.22,-3.69,Rice,Clay Loam,0.519,0.252,20.72,8,0.43,1.951.173,23.543
20.727,105.955,2,5,3.64,34.9,24.5,5.8,26.6,38.4,23.6,24.42,4.15,83.73,14.41,12,-3.54,-3.28,-3.86,-2.76,-1.25,4.9,0.24,4.95,8.6,3.24,-3.34,-3.95,Rice,Clay Loam,0.498,0.262,21.98,9,0.392,2.601.564,24.388
20.214,105.763,2,162,3.64,30.8,20.1,5.7,31.1,38.1,26.5,24.21,3.5,83.74,14.41,12,-3.17,-3.04,-3.17,-2.47,-1.36,1.99,1.29,2.72,8.21,4.04,-2.02,-3.04,Rice,Clay Loam,0.491,0.256,18.27,9,0.45,2.818.361,23.157
9.95,105.727,4,3,3.64,33.6,30.6,5.7,27.8,38.6,44.8,27.52,5.44,82.42,17.03,12,-4.68,-6.01,-6.26,-4.19,0.2,1.23,10.03,-0.2,9.39,5.07,0.41,-4.97,Rice,Clay Loam,0.646,0.289,26.31,7,0.381,2.818.361,27.5
20.559,106.068,7,3,3.64,36.4,28.6,6,25.2,38.4,29.8,24.42,4.15,83.73,14.17,12,-3.54,-3.28,-3.86,-2.76,-1.25,4.9,0.24,4.95,8.6,3.24,-3.34,-3.95,Rice,Clay Loam,0.498,0.274,21.98,9,0.392,2167.97,24.4
10.267,105.676,4,7,3.64,34.2,28.3,6.1,19.8,46,33.5,27.74,4.64,80.6,17.9,12,-4.02,-5.17,-5.35,-3.98,0.31,1.52,7.43,-0.41,8.29,5.16,0.33,-4.15,Rice,Clay Loam,0.722,0.291,23.08,9,0.36,1.951.173,27.694
21.442,105.6,7,99,3.64,34.6,27.6,5.7,27.7,37.7,25.8,23.66,4.1,82.25,14.01,12,-3.83,-2.11,-3.41,-2.35,-0.33,6.36,1.26,8.89,4.16,-1.78,-3.22,-3.69,Rice,Clay Loam,0.519,0.262,20.72,8,0.43,2.818.361,23.016
10.701,106.356,4,7,3.64,43.8,35.1,6,18.7,37.5,66.2,27.91,4.33,79.72,18.06,12,-4.03,-4.78,-4.88,-4,0.35,2.61,7.9,-0.29,6.54,4.36,0.01,-3.83,Rice,Clay,0.763,0.34,21.81,7,0.363,2167.97,27.864
20.405,105.726,7,63,3.64,33.9,26.6,5.5,27.3,38.9,41.1,23.6,3.61,83.74,14.41,12,-3.31,-2.87,-3.1,-2.21,-1.23,4,0.43,4.46,7.45,2.88,-3.09,-3.44,Rice,Clay Loam,0.474,0.285,19.25,9,0.388,3.251.955,23.19
10.487,104.823,4,3,3.64,30.6,30.6,5.6,28.7,40.8,35.5,27.91,4.77,79.76,18.24,12,-3.85,-5.17,-5.46,-3.66,-0.22,0.5,5.61,-0.26,10.88,4.65,0.87,-3.94,Rice,Clay Loam,0.761,0.274,22.56,9,0.483,3.035.158,27.89
10.382,106.398,11,3,3.64,38.5,38.2,6.3,18.2,43.3,51.9,27.91,4.33,79.72,18.06,12,-4.03,-4.78,-4.88,-4,0.35,2.61,7.9,-0.29,6.54,4.36,0.01,-3.83,Rice,Clay Loam,0.763,0.321,21.81,7,0.363,1.517.579,27.89
9.297,105.653,11,2,3.64,44.3,35.4,5.9,28.7,27,50.7,27.58,5.68,82.83,17.03,12,-5.15,-6.22,-6.61,-3.85,-0.17,0.76,10.43,0.35,9.34,6.06,0.59,-5.48,Rice,Clay,0.633,0.295,27.48,7,0.379,2.384.767,27.567
9.808,106.011,4,6,3.64,33.3,34.1,6.1,29.1,37.6,43.9,27.61,5.05,82.34,18.77,12,-4.58,-5.54,-5.71,-4.16,0.46,1.64,10.07,-0.1,7.61,4.57,0.32,-4.63,Rice,Clay Loam,0.653,0.285,24.72,7,0.408,1.951.173,27.571
20.803,106.117,7,5,3.64,34.6,28.3,6,25.5,39.9,28.5,24.18,4.13,82.51,14.17,12,-3.45,-2.61,-3.49,-2.27,-1.12,6.4,-0.14,6.45,7.56,0.06,-3.6,-3.84,Rice,Clay Loam,0.528,0.271,20.52,9,0.369,2167.97,24.148
21.228,106.403,2,263,3.64,36.2,30.8,5.6,24,39.8,46.2,24.18,4.13,82.51,13.38,12,-3.45,-2.61,-3.49,-2.27,-1.12,6.4,-0.14,6.45,7.56,0.06,-3.6,-3.84,Rice,Clay Loam,0.528,0.299,20.52,9,0.369,3.035.158,22.47
9.483,105.151,4,1,3.64,37,46.3,5.7,24.9,38.1,60.4,27.97,4.72,81.28,17.03,12,-4.59,-5.52,-5.78,-3.25,-0.54,1.6,7.82,0.24,8.31,4.06,1.94,-4.24,Rice,Clay Loam,0.706,0.317,23.92,9,0.347,2.818.361,27.964
9.789,105.392,4,2,3.64,38.8,33.6,5.6,24.9,36.3,37.6,27.52,5.44,82.42,17.03,12,-4.68,-6.01,-6.26,-4.19,0.2,1.23,10.03,-0.2,9.39,5.07,0.41,-4.97,Rice,Clay Loam,0.646,0.285,26.31,7,0.381,3.035.158,27.507
9.667,105.671,4,4,3.64,34.7,27.4,5.9,28.5,36.8,40.4,27.58,5.68,82.83,17.03,12,-5.15,-6.22,-6.61,-3.85,-0.17,0.76,10.43,0.35,9.34,6.06,0.59,-5.48,Rice,Clay Loam,0.633,0.281,27.48,7,0.379,2.384.767,27.554
20.241,106.24,2,3,3.64,33.9,27,6.1,28.4,37.7,28.5,24.89,4.18,84.24,14.17,12,-3.87,-3.88,-4.3,-3.56,-1.35,2.53,2.04,3.07,7.68,7.12,-1.86,-3.62,Rice,Clay Loam,0.496,0.265,22.44,9,0.342,1.951.173,24.87
21.375,106.107,7,10,3.64,32,22.1,6.1,31.7,36.3,22.5,23.24,4.05,82.32,13.38,12,-3.55,-1.88,-3.28,-2.06,-0.89,7.01,0.69,7.59,5.4,-2.13,-3.3,-3.62,Rice,Clay Loam,0.504,0.249,20.71,8,0.367,1.951.173,23.175
10.941,106.241,4,3,3.64,36.6,28.7,5.5,23.2,40.2,24.1,28.08,3.71,77.7,18.06,12,-3.56,-4.08,-4.13,-3.62,0.1,2.86,5.77,0.03,5.64,4.65,-0.35,-3.28,Rice,Clay Loam,0.847,0.27,19.02,7,0.303,3.251.955,28.06
10.428,105.444,4,128,3.64,39.3,33.9,5.3,19.5,41.2,45.4,27.74,4.64,80.6,17.9,12,-4.02,-5.17,-5.35,-3.98,0.31,1.52,7.43,-0.41,8.29,5.16,0.33,-4.15,Rice,Clay Loam,0.722,0.309,23.08,9,0.36,3.685.549,26.908
9.718,105.082,11,1,3.64,37.7,36.5,5.3,25.9,36.5,43.2,27.97,4.72,81.28,17.03,12,-4.59,-5.52,-5.78,-3.25,-0.54,1.6,7.82,0.24,8.31,4.06,1.94,-4.24,Rice,Clay Loam,0.706,0.291,23.92,9,0.347,3.685.549,27.964
10.953,105.841,4,4,3.64,28.4,27.6,5.1,26.7,44.9,25.3,28.1,3.74,77.56,17.9,12,-3.37,-4.2,-4.32,-3.49,0.06,1.63,4.58,-0.12,6.51,5.58,0.4,-3.31,Rice,Clay Loam,0.853,0.264,18.81,9,0.347,4.119.143,28.074
9.7,105.667,11,1,3.64,37.7,33.9,5.9,25.5,36.9,50,27.58,5.68,82.83,17.03,12,-5.15,-6.22,-6.61,-3.85,-0.17,0.76,10.43,0.35,9.34,6.06,0.59,-5.48,Rice,Clay Loam,0.633,0.301,27.48,7,0.379,2.384.767,27.574
10.229,106.002,4,6,3.64,35.9,32.5,6.3,20.1,44,38.8,27.61,5.05,82.34,18.06,12,-4.58,-5.54,-5.71,-4.16,0.46,1.64,10.07,-0.1,7.61,4.57,0.32,-4.63,Rice,Clay Loam,0.653,0.298,24.72,7,0.408,1.517.579,27.571
20.524,106.094,7,6,3.64,33.5,28.8,6.1,27.9,38.6,34.2,24.42,4.15,83.73,14.17,12,-3.54,-3.28,-3.86,-2.76,-1.25,4.9,0.24,4.95,8.6,3.24,-3.34,-3.95,Rice,Clay Loam,0.498,0.274,21.98,9,0.392,1.951.173,24.381
21.335,106.032,2,10,3.64,27.1,22.8,6.2,32.3,40.6,21.6,23.24,4.05,82.32,13.38,12,-3.55,-1.88,-3.28,-2.06,-0.89,7.01,0.69,7.59,5.4,-2.13,-3.3,-3.62,Rice,Clay Loam,0.504,0.246,20.71,8,0.367,1.734.376,23.175
20.787,105.707,7,7,3.64,30.8,25.6,6.2,26.3,42.9,26.8,23.88,3.84,82.73,14.41,12,-3.62,-2.57,-3.27,-2.24,-0.69,5.8,0.34,6.86,5.89,0.57,-3.41,-3.66,Rice,Clay Loam,0.512,0.267,19.46,8,0.353,1.734.376,23.834
20.378,105.932,7,2,3.64,32.9,20.4,6.2,25.3,41.8,29.2,23.6,3.61,83.74,14.41,12,-3.31,-2.87,-3.1,-2.21,-1.23,4,0.43,4.46,7.45,2.88,-3.09,-3.44,Rice,Clay Loam,0.474,0.273,19.25,9,0.388,1.734.376,23.587
10.911,105.919,11,5,3.64,29.9,28.1,5.3,31.2,38.9,25.8,28.1,3.74,77.56,17.9,12,-3.37,-4.2,-4.32,-3.49,0.06,1.63,4.58,-0.12,6.51,5.58,0.4,-3.31,Rice,Clay Loam,0.853,0.254,18.81,9,0.347,3.685.549,28.068
10.276,105.671,11,2,3.64,32.6,27.2,5.6,20.4,47,36.2,27.74,4.64,80.6,17.9,12,-4.02,-5.17,-5.35,-3.98,0.31,1.52,7.43,-0.41,8.29,5.16,0.33,-4.15,Rice,Clay Loam,0.722,0.294,23.08,9,0.36,3.035.158,27.727
9.661,104.877,11,1,3.64,38.1,31.1,5.5,27.4,34.5,46.2,27.97,4.72,81.28,18.06,12,-4.59,-5.52,-5.78,-3.25,-0.54,1.6,7.82,0.24,8.31,4.06,1.94,-4.24,Rice,Clay Loam,0.706,0.292,23.92,9,0.347,3.251.955,27.964
10.225,104.816,11,1,3.64,36.2,33.7,5.7,28,35.7,45.6,27.96,4.89,80.82,18.24,12,-4.26,-5.51,-5.79,-3.48,-0.34,0.99,7.3,-0.09,10.14,4.07,1.2,-4.25,Rice,Clay Loam,0.723,0.289,23.72,9,0.428,2.818.361,27.954
9.911,105.972,11,6,3.64,34.2,36.8,6.1,28.2,37.7,63.2,27.61,5.05,82.34,17.03,12,-4.58,-5.54,-5.71,-4.16,0.46,1.64,10.07,-0.1,7.61,4.57,0.32,-4.63,Rice,Clay Loam,0.653,0.314,24.72,7,0.408,1.951.173,27.571
10.67,105.341,4,4,3.64,34.9,34.9,5.6,23.6,41.5,40.8,27.74,4.64,80.6,17.9,12,-4.02,-5.17,-5.35,-3.98,0.31,1.52,7.43,-0.41,8.29,5.16,0.33,-4.15,Rice,Clay Loam,0.722,0.293,23.08,9,0.36,3.035.158,27.714
9,104.927,4,2,3.64,35.3,41.2,5.5,33.4,31.2,48.6,28.04,4.45,80.82,17.74,12,-4.45,-5.29,-5.62,-3.24,-0.63,1.27,6.71,0.39,7.95,3.73,3.01,-3.78,Rice,Clay Loam,0.727,0.281,23.01,9,0.345,3.251.955,28.027
21.263,105.603,7,8,3.64,31.8,20.4,6.1,32.6,35.6,25.5,23.66,4.1,82.25,14.01,12,-3.83,-2.11,-3.41,-2.35,-0.33,6.36,1.26,8.89,4.16,-1.78,-3.22,-3.69,Rice,Clay Loam,0.519,0.251,20.72,8,0.43,1.951.173,23.608
9.559,104.93,11,5,3.64,35.1,32.9,5.6,24.6,40.3,64.1,27.97,4.72,81.28,18.06,12,-4.59,-5.52,-5.78,-3.25,-0.54,1.6,7.82,0.24,8.31,4.06,1.94,-4.24,Rice,Clay Loam,0.706,0.323,23.92,9,0.347,3.035.158,27.938
9.538,105.675,4,4,3.64,39.7,32.7,5.7,25.7,34.6,43.7,27.58,5.68,82.83,17.03,12,-5.15,-6.22,-6.61,-3.85,-0.17,0.76,10.43,0.35,9.34,6.06,0.59,-5.48,Rice,Clay Loam,0.633,0.292,27.48,7,0.379,2.818.361,27.554
10.248,106.112,4,5,3.64,36.1,30.7,6.2,20.1,43.8,65.5,27.61,5.05,82.34,18.06,12,-4.58,-5.54,-5.71,-4.16,0.46,1.64,10.07,-0.1,7.61,4.57,0.32,-4.63,Rice,Clay Loam,0.653,0.335,24.72,7,0.408,1.734.376,27.578
20.849,105.6,2,26,3.64,29.6,20.9,6,25.5,44.9,23,23.88,3.84,82.73,14.41,12,-3.62,-2.57,-3.27,-2.24,-0.69,5.8,0.34,6.86,5.89,0.57,-3.41,-3.66,Rice,Clay Loam,0.512,0.264,19.46,8,0.353,2167.97,23.711
10.329,106.229,11,4,3.64,39.8,36.8,6.2,21,39.2,67.2,27.91,4.33,79.72,18.06,12,-4.03,-4.78,-4.88,-4,0.35,2.61,7.9,-0.29,6.54,4.36,0.01,-3.83,Rice,Clay Loam,0.763,0.336,21.81,7,0.363,1.734.376,27.884
20.625,106.153,7,4,3.64,33.9,25.4,6,26.9,39.2,33.9,24.42,4.15,83.73,14.17,12,-3.54,-3.28,-3.86,-2.76,-1.25,4.9,0.24,4.95,8.6,3.24,-3.34,-3.95,Rice,Clay Loam,0.498,0.276,21.98,9,0.392,2167.97,24.394
21.295,106.433,2,7,3.64,27.8,20.9,6.3,26.6,45.6,23.2,23.24,4.05,82.32,13.38,12,-3.55,-1.88,-3.28,-2.06,-0.89,7.01,0.69,7.59,5.4,-2.13,-3.3,-3.62,Rice,Clay Loam,0.504,0.261,20.71,8,0.367,1.517.579,23.194
10.668,105.709,4,3,3.64,37.2,33.3,5.5,20.3,42.5,43,27.74,4.64,80.6,17.9,12,-4.02,-5.17,-5.35,-3.98,0.31,1.52,7.43,-0.41,8.29,5.16,0.33,-4.15,Rice,Clay Loam,0.722,0.304,23.08,9,0.36,3.251.955,27.72
20.571,105.847,7,4,3.64,32.3,23.8,5.9,26.4,41.3,35.6,23.6,3.61,83.74,14.41,12,-3.31,-2.87,-3.1,-2.21,-1.23,4,0.43,4.46,7.45,2.88,-3.09,-3.44,Rice,Clay Loam,0.474,0.279,19.25,9,0.388,2.384.767,23.574
20.228,106.169,7,2,3.64,33.7,30.3,5.9,27.2,39.1,27,24.89,4.18,84.24,14.17,12,-3.87,-3.88,-4.3,-3.56,-1.35,2.53,2.04,3.07,7.68,7.12,-1.86,-3.62,Rice,Clay Loam,0.496,0.265,22.44,9,0.342,2.384.767,24.877
20.093,105.928,2,147,3.64,32.6,21.3,5.7,30.8,36.6,32.5,24.21,3.5,83.74,14.41,12,-3.17,-3.04,-3.17,-2.47,-1.36,1.99,1.29,2.72,8.21,4.04,-2.02,-3.04,Rice,Clay Loam,0.491,0.265,18.27,9,0.45,2.818.361,23.254
10.957,104.574,11,39,3.64,26.4,28.5,5.7,42.2,31.4,27.3,27.55,3.96,77.95,18.24,12,-3.27,-4.22,-4.47,-3.28,-0.5,0.58,2.73,0.29,9.27,4.9,1.1,-3.13,Rice,Loam,0.812,0.231,18.87,9,0.491,2.818.361,27.296
20.525,105.651,2,25,3.64,31.5,23.2,5.9,25.4,43.1,26.9,23.6,3.61,83.74,14.41,12,-3.31,-2.87,-3.1,-2.21,-1.23,4,0.43,4.46,7.45,2.88,-3.09,-3.44,Rice,Clay Loam,0.474,0.269,19.25,9,0.388,2.384.767,23.438
10.028,105.223,11,2,3.64,35.8,29.1,5.6,27.4,36.7,43.9,27.96,4.89,80.82,17.9,12,-4.26,-5.51,-5.79,-3.48,-0.34,0.99,7.3,-0.09,10.14,4.07,1.2,-4.25,Rice,Clay Loam,0.723,0.288,23.72,9,0.428,3.035.158,27.947
10.553,104.658,4,2,3.64,32.9,46.1,5.2,28.2,38.9,41.7,28.02,4.28,79.32,18.24,12,-3.59,-4.73,-4.96,-3.39,-0.31,0.74,4.69,-0.22,9.83,4.01,1.31,-3.42,Rice,Clay Loam,0.783,0.284,20.62,9,0.478,3.902.346,28.007
9.303,104.832,11,1,3.64,41.5,41.1,5.6,31.9,26.6,50.1,27.97,4.72,81.28,18.06,12,-4.59,-5.52,-5.78,-3.25,-0.54,1.6,7.82,0.24,8.31,4.06,1.94,-4.24,Rice,Clay,0.706,0.287,23.92,9,0.347,3.035.158,27.964
10.74,104.582,4,9,3.64,28.9,38.7,5.6,39,32.1,39.3,28.02,4.28,79.32,18.24,12,-3.59,-4.73,-4.96,-3.39,-0.31,0.74,4.69,-0.22,9.83,4.01,1.31,-3.42,Rice,Clay Loam,0.783,0.255,20.62,9,0.478,3.035.158,27.962
21.283,106.594,7,20,3.64,32.8,20.8,6.1,24,43.3,23.2,22.33,4.4,83.68,13.38,12,-3.51,-2.18,-3.29,-2.25,-1.59,9.09,1.12,6.42,6.2,-2.75,-3.26,-3.95,Rice,Clay Loam,0.44,0.267,22.78,6,0.398,1.951.173,22.2
10.483,105.388,11,2,3.64,40.3,31.7,5.7,20.3,39.4,37,27.74,4.64,80.6,17.9,12,-4.02,-5.17,-5.35,-3.98,0.31,1.52,7.43,-0.41,8.29,5.16,0.33,-4.15,Rice,Clay,0.722,0.295,23.08,9,0.36,2.818.361,27.727
21.496,106.629,2,164,3.64,35.4,24.8,5.8,22.8,41.8,36.9,22.33,4.4,83.68,13.38,12,-3.51,-2.18,-3.29,-2.25,-1.59,9.09,1.12,6.42,6.2,-2.75,-3.26,-3.95,Rice,Clay Loam,0.44,0.289,22.78,6,0.398,2.601.564,21.264
9.95,106.187,4,7,3.64,37.2,28.2,6.1,23.1,39.7,35.6,27.61,5.05,82.34,18.77,12,-4.58,-5.54,-5.71,-4.16,0.46,1.64,10.07,-0.1,7.61,4.57,0.32,-4.63,Rice,Clay Loam,0.653,0.287,24.72,7,0.408,1.951.173,27.564
10.511,105.056,4,2,3.64,33.1,36.9,5.6,37.2,29.7,33,27.91,4.77,79.76,17.9,12,-3.85,-5.17,-5.46,-3.66,-0.22,0.5,5.61,-0.26,10.88,4.65,0.87,-3.94,Rice,Clay Loam,0.761,0.251,22.56,9,0.483,3.035.158,27.897
10.247,105.841,11,3,3.64,38.9,36.1,6.3,18.1,43,40.4,27.52,5.44,82.42,17.9,12,-4.68,-6.01,-6.26,-4.19,0.2,1.23,10.03,-0.2,9.39,5.07,0.41,-4.97,Rice,Clay Loam,0.646,0.305,26.31,7,0.381,1.517.579,27.5
20.088,105.625,2,10,3.64,32.4,18,6,29.7,38,29.6,24.21,3.5,83.74,14.41,12,-3.17,-3.04,-3.17,-2.47,-1.36,1.99,1.29,2.72,8.21,4.04,-2.02,-3.04,Rice,Clay Loam,0.491,0.263,18.27,9,0.45,2167.97,24.145
21.295,106.101,7,3,3.64,31.2,22.7,6.1,27.9,40.9,23.2,23.24,4.05,82.32,13.38,12,-3.55,-1.88,-3.28,-2.06,-0.89,7.01,0.69,7.59,5.4,-2.13,-3.3,-3.62,Rice,Clay Loam,0.504,0.258,20.71,8,0.367,1.951.173,23.22
20.341,105.966,2,2,3.64,31.4,25.5,6.1,27.3,41.3,25.2,24.42,4.15,83.73,14.41,12,-3.54,-3.28,-3.86,-2.76,-1.25,4.9,0.24,4.95,8.6,3.24,-3.34,-3.95,Rice,Clay Loam,0.498,0.262,21.98,9,0.392,1.951.173,24.407
10.008,105.226,11,1,3.64,38.4,35.4,5.5,27.1,34.4,40.7,27.96,4.89,80.82,17.9,12,-4.26,-5.51,-5.79,-3.48,-0.34,0.99,7.3,-0.09,10.14,4.07,1.2,-4.25,Rice,Clay Loam,0.723,0.285,23.72,9,0.428,3.251.955,27.954
9.563,105.587,11,3,3.64,38.5,27,5.9,24.9,36.6,32.8,27.58,5.68,82.83,17.03,12,-5.15,-6.22,-6.61,-3.85,-0.17,0.76,10.43,0.35,9.34,6.06,0.59,-5.48,Rice,Clay Loam,0.633,0.279,27.48,7,0.379,2.384.767,27.56
10.31,106.157,4,4,3.64,38.8,33.6,6.3,21.1,40.2,37.2,27.91,4.33,79.72,18.06,12,-4.03,-4.78,-4.88,-4,0.35,2.61,7.9,-0.29,6.54,4.36,0.01,-3.83,Rice,Clay Loam,0.763,0.294,21.81,7,0.363,1.517.579,27.884
20.413,106.119,2,2,3.64,34.1,29,5.9,28.3,37.6,38.9,24.42,4.15,83.73,14.17,12,-3.54,-3.28,-3.86,-2.76,-1.25,4.9,0.24,4.95,8.6,3.24,-3.34,-3.95,Rice,Clay Loam,0.498,0.279,21.98,9,0.392,2.384.767,24.407
20.151,105.729,2,22,3.64,31.8,22.1,6,30.2,38,20.2,24.21,3.5,83.74,14.41,12,-3.17,-3.04,-3.17,-2.47,-1.36,1.99,1.29,2.72,8.21,4.04,-2.02,-3.04,Rice,Clay Loam,0.491,0.249,18.27,9,0.45,2167.97,24.067
21.187,106.189,7,5,3.64,29.7,23,6.2,31.2,39.1,24.4,24.18,4.13,82.51,13.38,12,-3.45,-2.61,-3.49,-2.27,-1.12,6.4,-0.14,6.45,7.56,0.06,-3.6,-3.84,Rice,Clay Loam,0.528,0.252,20.52,9,0.369,1.734.376,24.148
10.684,106.63,11,3,3.64,41.8,34.2,6.3,22.2,36,34.4,27.76,4.07,80.84,18.06,12,-3.8,-4.52,-4.6,-4.04,0.25,3.53,7.47,0.45,6.09,2.91,-0.2,-3.56,Rice,Clay,0.714,0.287,20.72,7,0.361,1.517.579,27.74
9.54,106.229,4,3,3.64,38.3,49.6,6,24.2,37.6,58.6,27.77,5.28,82.72,18.77,12,-4.89,-5.87,-6.07,-3.73,0.31,0.66,9.99,0.82,8.06,5.64,0.34,-5.29,Rice,Clay Loam,0.644,0.316,25.85,7,0.387,2167.97,27.75
21.017,106.261,7,4,3.64,36.3,23.5,6,26.6,37.1,24,24.18,4.13,82.51,13.38,12,-3.45,-2.61,-3.49,-2.27,-1.12,6.4,-0.14,6.45,7.56,0.06,-3.6,-3.84,Rice,Clay Loam,0.528,0.262,20.52,9,0.369,2167.97,24.154
10.829,106.372,11,3,3.64,39.2,27.9,5.6,20.7,40.2,27.1,28.08,3.71,77.7,18.06,12,-3.56,-4.08,-4.13,-3.62,0.1,2.86,5.77,0.03,5.64,4.65,-0.35,-3.28,Rice,Clay Loam,0.847,0.28,19.02,7,0.303,3.035.158,28.06
20.102,106.246,7,1,3.64,35.7,36.9,6,29.8,34.5,29.3,24.89,4.18,84.24,14.17,12,-3.87,-3.88,-4.3,-3.56,-1.35,2.53,2.04,3.07,7.68,7.12,-1.86,-3.62,Rice,Clay Loam,0.496,0.262,22.44,9,0.342,2167.97,24.884
9.849,105.06,4,1,3.64,36.2,41.8,5.4,26.4,37.4,45.4,27.96,4.89,80.82,17.03,12,-4.26,-5.51,-5.79,-3.48,-0.34,0.99,7.3,-0.09,10.14,4.07,1.2,-4.25,Rice,Clay Loam,0.723,0.293,23.72,9,0.428,3.468.752,27.954
10.88,105.345,4,2,3.64,39.4,30.4,5.4,21.4,39.2,28.1,28.1,3.74,77.56,17.9,12,-3.37,-4.2,-4.32,-3.49,0.06,1.63,4.58,-0.12,6.51,5.58,0.4,-3.31,Rice,Clay Loam,0.853,0.28,18.81,9,0.347,3.468.752,28.087
10.748,105.995,11,2,3.64,44.3,34.4,5.6,21.3,34.4,36.4,27.91,4.33,79.72,17.9,12,-4.03,-4.78,-4.88,-4,0.35,2.61,7.9,-0.29,6.54,4.36,0.01,-3.83,Rice,Clay,0.763,0.292,21.81,7,0.363,3.035.158,27.897
10.505,106.572,11,2,3.64,37.9,33.9,6.2,21.4,40.7,34,27.76,4.07,80.84,18.06,12,-3.8,-4.52,-4.6,-4.04,0.25,3.53,7.47,0.45,6.09,2.91,-0.2,-3.56,Rice,Clay Loam,0.714,0.288,20.72,7,0.361,1.734.376,27.747
20.427,105.688,2,78,3.64,33.1,22.4,5.7,27.7,39.2,33.8,23.6,3.61,83.74,14.41,12,-3.31,-2.87,-3.1,-2.21,-1.23,4,0.43,4.46,7.45,2.88,-3.09,-3.44,Rice,Clay Loam,0.474,0.274,19.25,9,0.388,2.818.361,23.093
10.805,106.034,4,3,3.64,41.4,24.9,5.4,18.4,40.2,23.5,28.08,3.71,77.7,18.06,12,-3.56,-4.08,-4.13,-3.62,0.1,2.86,5.77,0.03,5.64,4.65,-0.35,-3.28,Rice,Clay,0.847,0.281,19.02,7,0.303,3.468.752,28.06
21.465,106.521,2,54,3.64,29.2,22.7,5.9,25.8,45,25.1,23.24,4.05,82.32,13.38,12,-3.55,-1.88,-3.28,-2.06,-0.89,7.01,0.69,7.59,5.4,-2.13,-3.3,-3.62,Rice,Clay Loam,0.504,0.266,20.71,8,0.367,2.384.767,22.889
20.422,105.742,2,37,3.64,33.3,23.6,5.7,27.7,39,26,23.6,3.61,83.74,14.41,12,-3.31,-2.87,-3.1,-2.21,-1.23,4,0.43,4.46,7.45,2.88,-3.09,-3.44,Rice,Clay Loam,0.474,0.263,19.25,9,0.388,2.818.361,23.36
9.953,106.544,11,4,3.64,34.2,39.9,6.3,22,43.7,33.9,27.61,5.05,82.34,18.77,12,-4.58,-5.54,-5.71,-4.16,0.46,1.64,10.07,-0.1,7.61,4.57,0.32,-4.63,Rice,Clay Loam,0.653,0.287,24.72,7,0.408,1.517.579,27.584
10.348,104.951,4,2,3.64,33.9,25.5,5.7,27.7,38.3,43.2,27.91,4.77,79.76,18.24,12,-3.85,-5.17,-5.46,-3.66,-0.22,0.5,5.61,-0.26,10.88,4.65,0.87,-3.94,Rice,Clay Loam,0.761,0.287,22.56,9,0.483,2.818.361,27.897
20.554,106.462,7,4,3.64,37,34.4,6.2,26.8,36.3,29.1,24.42,4.15,83.73,14.17,12,-3.54,-3.28,-3.86,-2.76,-1.25,4.9,0.24,4.95,8.6,3.24,-3.34,-3.95,Rice,Clay Loam,0.498,0.269,21.98,9,0.392,1.734.376,24.394
21.465,105.892,2,21,3.64,29.9,23.6,6.2,32.3,37.8,22,23.66,4.1,82.25,14.01,12,-3.83,-2.11,-3.41,-2.35,-0.33,6.36,1.26,8.89,4.16,-1.78,-3.22,-3.69,Rice,Clay Loam,0.519,0.247,20.72,8,0.43,1.734.376,23.524
10.749,105.478,11,4,3.64,39.1,36.1,5.4,20.7,40.2,36.3,27.74,4.64,80.6,17.9,12,-4.02,-5.17,-5.35,-3.98,0.31,1.52,7.43,-0.41,8.29,5.16,0.33,-4.15,Rice,Clay Loam,0.722,0.293,23.08,9,0.36,3.468.752,27.714
10.473,106.204,4,4,3.64,40.9,32.5,6.4,18.8,40.3,36.5,27.91,4.33,79.72,18.06,12,-4.03,-4.78,-4.88,-4,0.35,2.61,7.9,-0.29,6.54,4.36,0.01,-3.83,Rice,Clay,0.763,0.298,21.81,7,0.363,1.300.782,27.884
10.846,104.548,11,25,3.64,31.3,42.9,5.8,34.2,34.5,51.5,27.55,3.96,77.95,18.24,12,-3.27,-4.22,-4.47,-3.28,-0.5,0.58,2.73,0.29,9.27,4.9,1.1,-3.13,Rice,Clay Loam,0.812,0.283,18.87,9,0.491,2.601.564,27.388
9.691,106.419,4,2,3.64,41.8,29.7,6.1,26.2,32,32.7,27.77,5.28,82.72,18.77,12,-4.89,-5.87,-6.07,-3.73,0.31,0.66,9.99,0.82,8.06,5.64,0.34,-5.29,Rice,Clay,0.644,0.276,25.85,7,0.387,1.951.173,27.757
20.662,106.427,2,3,3.64,35.9,30.8,6,28.3,35.8,33.3,24.42,4.15,83.73,14.17,12,-3.54,-3.28,-3.86,-2.76,-1.25,4.9,0.24,4.95,8.6,3.24,-3.34,-3.95,Rice,Clay Loam,0.498,0.272,21.98,9,0.392,2167.97,24.4
8.757,105.192,11,2,3.64,35.7,42.9,5.6,32.4,31.9,48,28.04,4.45,80.82,17.99,12,-4.45,-5.29,-5.62,-3.24,-0.63,1.27,6.71,0.39,7.95,3.73,3.01,-3.78,Rice,Clay Loam,0.727,0.283,23.01,9,0.345,3.035.158,28.027
21.228,106.622,7,132,3.64,34,30.1,5.6,26.2,39.8,39.6,23.76,5.06,83.5,13.38,12,-3.61,-3.18,-3.97,-3.01,-1.53,10.61,0.28,6.3,8.2,-1.85,-3.74,-4.52,Rice,Clay Loam,0.485,0.285,25.41,6,0.418,3.035.158,22.902
10.53,106.171,4,2,3.64,42.2,31.3,6.3,17.9,39.9,36,27.91,4.33,79.72,18.06,12,-4.03,-4.78,-4.88,-4,0.35,2.61,7.9,-0.29,6.54,4.36,0.01,-3.83,Rice,Clay,0.763,0.299,21.81,7,0.363,1.517.579,27.897
9.798,106.157,11,2,3.64,33.1,30.5,6,30.9,36,35.5,27.61,5.05,82.34,18.77,12,-4.58,-5.54,-5.71,-4.16,0.46,1.64,10.07,-0.1,7.61,4.57,0.32,-4.63,Rice,Clay Loam,0.653,0.269,24.72,7,0.408,2167.97,27.597
20.881,106.163,7,3,3.64,37.1,26.4,6,24.4,38.5,28.7,24.18,4.13,82.51,14.17,12,-3.45,-2.61,-3.49,-2.27,-1.12,6.4,-0.14,6.45,7.56,0.06,-3.6,-3.84,Rice,Clay Loam,0.528,0.274,20.52,9,0.369,2167.97,24.16
21.381,106.235,7,32,3.64,28.7,21.8,6.1,26.5,44.7,21.5,23.24,4.05,82.32,13.38,12,-3.55,-1.88,-3.28,-2.06,-0.89,7.01,0.69,7.59,5.4,-2.13,-3.3,-3.62,Rice,Clay Loam,0.504,0.259,20.71,8,0.367,1.951.173,23.032
21.384,106.109,7,17,3.64,31.6,25.2,6.1,29.9,38.5,25.2,23.24,4.05,82.32,13.38,12,-3.55,-1.88,-3.28,-2.06,-0.89,7.01,0.69,7.59,5.4,-2.13,-3.3,-3.62,Rice,Clay Loam,0.504,0.257,20.71,8,0.367,1.951.173,23.13
20.888,106.022,2,4,3.64,34.9,22.3,6.1,25.9,39.1,22.2,24.18,4.13,82.51,14.17,12,-3.45,-2.61,-3.49,-2.27,-1.12,6.4,-0.14,6.45,7.56,0.06,-3.6,-3.84,Rice,Clay Loam,0.528,0.262,20.52,9,0.369,1.951.173,24.154
9.364,105.331,11,2,3.64,40.4,38.4,5.3,31.8,27.8,42.1,27.58,5.68,82.83,17.03,12,-5.15,-6.22,-6.61,-3.85,-0.17,0.76,10.43,0.35,9.34,6.06,0.59,-5.48,Rice,Clay,0.633,0.276,27.48,7,0.379,3.685.549,27.567
20.975,106.328,2,4,3.64,37.3,24.6,6,30.1,32.6,29.8,24.18,4.13,82.51,14.17,12,-3.45,-2.61,-3.49,-2.27,-1.12,6.4,-0.14,6.45,7.56,0.06,-3.6,-3.84,Rice,Clay Loam,0.528,0.262,20.52,9,0.369,2167.97,24.154
9.342,105.149,4,2,3.64,42.2,43.8,5.3,29.7,28,53,27.97,4.72,81.28,17.03,12,-4.59,-5.52,-5.78,-3.25,-0.54,1.6,7.82,0.24,8.31,4.06,1.94,-4.24,Rice,Clay,0.706,0.296,23.92,9,0.347,3.685.549,27.957
9.054,105.344,11,2,3.64,34.3,37.9,5.4,31.6,34.1,38.3,27.84,5.34,82.89,17.03,12,-5.21,-5.96,-6.44,-3.2,-0.3,0.5,9.1,0.95,8.41,6.51,1.07,-5.45,Rice,Clay Loam,0.641,0.271,26.56,7,0.343,3.468.752,27.827
9.22,105.229,11,1,3.64,38,33,5.5,34,28,43.5,28.04,4.45,80.82,17.03,12,-4.45,-5.29,-5.62,-3.24,-0.63,1.27,6.71,0.39,7.95,3.73,3.01,-3.78,Rice,Clay Loam,0.727,0.273,23.01,9,0.345,3.251.955,28.034
8.844,105.136,11,2,3.64,37,46.4,5.5,34.1,28.9,45.1,28.04,4.45,80.82,17.99,12,-4.45,-5.29,-5.62,-3.24,-0.63,1.27,6.71,0.39,7.95,3.73,3.01,-3.78,Rice,Clay Loam,0.727,0.275,23.01,9,0.345,3.251.955,28.027
9.784,105.384,11,2,3.64,38.7,35.9,5.8,24.3,37,47.3,27.52,5.44,82.42,17.03,12,-4.68,-6.01,-6.26,-4.19,0.2,1.23,10.03,-0.2,9.39,5.07,0.41,-4.97,Rice,Clay Loam,0.646,0.3,26.31,7,0.381,2.601.564,27.507
20.337,105.945,7,3,3.64,31.4,26,6,27.1,41.5,31.2,24.42,4.15,83.73,14.41,12,-3.54,-3.28,-3.86,-2.76,-1.25,4.9,0.24,4.95,8.6,3.24,-3.34,-3.95,Rice,Clay Loam,0.498,0.271,21.98,9,0.392,2167.97,24.4
9.337,105.901,11,1,3.64,39.4,42.7,5.7,32,28.7,38.9,27.58,5.68,82.83,17.03,12,-5.15,-6.22,-6.61,-3.85,-0.17,0.76,10.43,0.35,9.34,6.06,0.59,-5.48,Rice,Clay Loam,0.633,0.271,27.48,7,0.379,2.818.361,27.574
21.305,106.654,2,122,3.64,33.9,28.3,5.7,26.9,39.1,32.5,22.33,4.4,83.68,13.38,12,-3.51,-2.18,-3.29,-2.25,-1.59,9.09,1.12,6.42,6.2,-2.75,-3.26,-3.95,Rice,Clay Loam,0.44,0.274,22.78,6,0.398,2.818.361,21.537
10.09,106.33,4,3,3.64,36.5,36.2,6.3,17.9,45.6,48.5,27.61,5.05,82.34,18.06,12,-4.58,-5.54,-5.71,-4.16,0.46,1.64,10.07,-0.1,7.61,4.57,0.32,-4.63,Rice,Clay Loam,0.653,0.317,24.72,7,0.408,1.517.579,27.59
21.015,105.582,7,10,3.64,31.6,23.2,6.1,25.5,42.9,24.4,23.88,3.84,82.73,14.01,12,-3.62,-2.57,-3.27,-2.24,-0.69,5.8,0.34,6.86,5.89,0.57,-3.41,-3.66,Rice,Clay Loam,0.512,0.266,19.46,8,0.353,1.951.173,23.815
21.074,105.944,7,7,3.64,26.6,21.7,6.1,31.2,42.2,24,24.18,4.13,82.51,14.01,12,-3.45,-2.61,-3.49,-2.27,-1.12,6.4,-0.14,6.45,7.56,0.06,-3.6,-3.84,Rice,Loam,0.528,0.252,20.52,9,0.369,1.951.173,24.134
10.702,105.963,11,2,3.64,38.6,33.8,6.1,21.7,39.7,36.3,27.91,4.33,79.72,17.9,12,-4.03,-4.78,-4.88,-4,0.35,2.61,7.9,-0.29,6.54,4.36,0.01,-3.83,Rice,Clay Loam,0.763,0.291,21.81,7,0.363,1.951.173,27.897
10.999,105.564,4,4,3.64,30.9,27.6,5.2,25.6,43.5,31.2,28.1,3.74,77.56,17.9,12,-3.37,-4.2,-4.32,-3.49,0.06,1.63,4.58,-0.12,6.51,5.58,0.4,-3.31,Rice,Clay Loam,0.853,0.275,18.81,9,0.347,3.902.346,28.074
10.534,105.82,4,2,3.64,34.7,37,5.9,22,43.4,74.7,27.74,4.64,80.6,17.9,12,-4.02,-5.17,-5.35,-3.98,0.31,1.52,7.43,-0.41,8.29,5.16,0.33,-4.15,Rice,Clay Loam,0.722,0.344,23.08,9,0.36,2.384.767,27.727
20.093,105.674,7,9,3.64,32.8,16.7,5.9,28.5,38.7,28.9,24.21,3.5,83.74,14.41,12,-3.17,-3.04,-3.17,-2.47,-1.36,1.99,1.29,2.72,8.21,4.04,-2.02,-3.04,Rice,Clay Loam,0.491,0.265,18.27,9,0.45,2.384.767,24.152
20.713,106.526,2,2,3.64,34.4,31.6,6.1,30.2,35.4,32.6,24.42,4.15,83.73,14.17,12,-3.54,-3.28,-3.86,-2.76,-1.25,4.9,0.24,4.95,8.6,3.24,-3.34,-3.95,Rice,Clay Loam,0.498,0.266,21.98,9,0.392,1.951.173,24.407
20.839,105.617,7,43,3.64,30.2,21.2,6,27,42.8,41.8,23.88,3.84,82.73,14.41,12,-3.62,-2.57,-3.27,-2.24,-0.69,5.8,0.34,6.86,5.89,0.57,-3.41,-3.66,Rice,Clay Loam,0.512,0.286,19.46,8,0.353,2167.97,23.6
20.886,106.503,2,5,3.64,35,27,6,31,34,29,24.18,4.13,82.51,14.17,12,-3.45,-2.61,-3.49,-2.27,-1.12,6.4,-0.14,6.45,7.56,0.06,-3.6,-3.84,Rice,Clay Loam,0.528,0.259,20.52,9,0.369,2167.97,24.148
21.404,105.66,2,260,3.64,31.6,34.4,5.4,29.6,38.9,37.9,23.66,4.1,82.25,14.01,12,-3.83,-2.11,-3.41,-2.35,-0.33,6.36,1.26,8.89,4.16,-1.78,-3.22,-3.69,Rice,Clay Loam,0.519,0.275,20.72,8,0.43,3.468.752,21.97
20.731,106.295,7,3,3.64,33.2,24.8,6,28.1,38.7,24.2,24.42,4.15,83.73,14.17,12,-3.54,-3.28,-3.86,-2.76,-1.25,4.9,0.24,4.95,8.6,3.24,-3.34,-3.95,Rice,Clay Loam,0.498,0.259,21.98,9,0.392,2167.97,24.4
9.805,105.359,11,2,3.64,38.5,31.9,5.9,25.4,36.1,42,27.52,5.44,82.42,17.03,12,-4.68,-6.01,-6.26,-4.19,0.2,1.23,10.03,-0.2,9.39,5.07,0.41,-4.97,Rice,Clay Loam,0.646,0.29,26.31,7,0.381,2.384.767,27.507
20.509,106.011,7,3,3.64,34.3,26.7,6.2,24.4,41.3,25.3,24.42,4.15,83.73,14.17,12,-3.54,-3.28,-3.86,-2.76,-1.25,4.9,0.24,4.95,8.6,3.24,-3.34,-3.95,Rice,Clay Loam,0.498,0.269,21.98,9,0.392,1.734.376,24.4
20.694,105.8,7,4,3.64,33.8,25.8,5.8,21.8,44.4,25.1,23.6,3.61,83.74,14.41,12,-3.31,-2.87,-3.1,-2.21,-1.23,4,0.43,4.46,7.45,2.88,-3.09,-3.44,Rice,Clay Loam,0.474,0.275,19.25,9,0.388,2.601.564,23.574
9.526,105.43,11,1,3.64,36.2,45.9,5.4,27.8,36,41.6,27.58,5.68,82.83,17.03,12,-5.15,-6.22,-6.61,-3.85,-0.17,0.76,10.43,0.35,9.34,6.06,0.59,-5.48,Rice,Clay Loam,0.633,0.284,27.48,7,0.379,3.468.752,27.574
9.631,104.935,11,1,3.64,38.5,32.8,5.8,27.8,33.7,43.9,27.97,4.72,81.28,18.06,12,-4.59,-5.52,-5.78,-3.25,-0.54,1.6,7.82,0.24,8.31,4.06,1.94,-4.24,Rice,Clay Loam,0.706,0.288,23.92,9,0.347,2.601.564,27.964
10.266,105.834,4,4,3.64,38.4,31.1,6.1,23,38.6,33.8,27.74,4.64,80.6,17.9,12,-4.02,-5.17,-5.35,-3.98,0.31,1.52,7.43,-0.41,8.29,5.16,0.33,-4.15,Rice,Clay Loam,0.722,0.284,23.08,9,0.36,1.951.173,27.714
9.929,105.533,4,4,3.64,36.5,32.7,5.8,23.7,39.8,31.4,27.52,5.44,82.42,17.03,12,-4.68,-6.01,-6.26,-4.19,0.2,1.23,10.03,-0.2,9.39,5.07,0.41,-4.97,Rice,Clay Loam,0.646,0.279,26.31,7,0.381,2.601.564,27.494
9.7,105.589,4,2,3.64,39.9,32.7,5.8,25.5,34.7,41.6,27.58,5.68,82.83,17.03,12,-5.15,-6.22,-6.61,-3.85,-0.17,0.76,10.43,0.35,9.34,6.06,0.59,-5.48,Rice,Clay Loam,0.633,0.29,27.48,7,0.379,2.601.564,27.567
21.19,106.005,2,6,3.64,32.8,21,6.1,35.4,31.8,22.7,24.18,4.13,82.51,13.38,12,-3.45,-2.61,-3.49,-2.27,-1.12,6.4,-0.14,6.45,7.56,0.06,-3.6,-3.84,Rice,Clay Loam,0.528,0.24,20.52,9,0.369,1.951.173,24.141
21.03,106.424,2,3,3.64,33.7,27.5,6.2,27.4,38.9,37,24.18,4.13,82.51,13.38,12,-3.45,-2.61,-3.49,-2.27,-1.12,6.4,-0.14,6.45,7.56,0.06,-3.6,-3.84,Rice,Clay Loam,0.528,0.279,20.52,9,0.369,1.734.376,24.16
21.31,106.124,2,10,3.64,31,20.6,6.2,30.4,38.6,22.1,23.24,4.05,82.32,13.38,12,-3.55,-1.88,-3.28,-2.06,-0.89,7.01,0.69,7.59,5.4,-2.13,-3.3,-3.62,Rice,Clay Loam,0.504,0.251,20.71,8,0.367,1.734.376,23.175
8.971,104.906,4,1,3.64,40,49.6,5.4,29.8,30.2,56.5,28.04,4.45,80.82,17.74,12,-4.45,-5.29,-5.62,-3.24,-0.63,1.27,6.71,0.39,7.95,3.73,3.01,-3.78,Rice,Clay,0.727,0.301,23.01,9,0.345,3.468.752,28.034
20.471,106.422,7,2,3.64,34.7,34.3,6,29,36.3,34.9,24.42,4.15,83.73,14.17,12,-3.54,-3.28,-3.86,-2.76,-1.25,4.9,0.24,4.95,8.6,3.24,-3.34,-3.95,Rice,Clay Loam,0.498,0.272,21.98,9,0.392,2167.97,24.407
20.154,105.718,2,45,3.64,30,18.5,6.1,31.5,38.5,20.2,24.21,3.5,83.74,14.41,12,-3.17,-3.04,-3.17,-2.47,-1.36,1.99,1.29,2.72,8.21,4.04,-2.02,-3.04,Rice,Clay Loam,0.491,0.246,18.27,9,0.45,1.951.173,23.918
10.773,105.578,4,3,3.64,38.2,31.5,5.5,20.9,40.9,37.5,28.1,3.74,77.56,17.9,12,-3.37,-4.2,-4.32,-3.49,0.06,1.63,4.58,-0.12,6.51,5.58,0.4,-3.31,Rice,Clay Loam,0.853,0.294,18.81,9,0.347,3.251.955,28.08
8.912,105.087,11,1,3.64,38.7,52.5,5.4,30.5,30.8,49.6,28.04,4.45,80.82,17.99,12,-4.45,-5.29,-5.62,-3.24,-0.63,1.27,6.71,0.39,7.95,3.73,3.01,-3.78,Rice,Clay Loam,0.727,0.289,23.01,9,0.345,3.468.752,28.034
10.97,106.774,11,3,3.64,41.5,28.3,5.8,20.1,38.4,26.7,27.72,3.77,78.82,18.06,12,-3.58,-4.08,-4.11,-3.8,0.17,4.25,6.49,0.93,5.24,3.01,-1.31,-3.17,Rice,Clay,0.788,0.281,20.05,7,0.323,2.601.564,27.7
10.972,104.735,11,12,3.64,30.3,30.4,5.7,37.7,32,25.4,28.16,3.9,76.87,18.24,12,-3.21,-4.25,-4.47,-3.37,-0.26,0.68,3.27,0.33,8.7,4.94,0.85,-3.21,Rice,Clay Loam,0.882,0.239,18.77,9,0.464,2.818.361,28.082
9.784,105.555,4,2,3.64,40.4,32.4,5.6,25.6,33.9,34.6,27.52,5.44,82.42,17.03,12,-4.68,-6.01,-6.26,-4.19,0.2,1.23,10.03,-0.2,9.39,5.07,0.41,-4.97,Rice,Clay,0.646,0.28,26.31,7,0.381,3.035.158,27.507
20.248,105.903,2,71,3.64,32.1,24.8,5.7,30,38,37.3,24.21,3.5,83.74,14.41,12,-3.17,-3.04,-3.17,-2.47,-1.36,1.99,1.29,2.72,8.21,4.04,-2.02,-3.04,Rice,Clay Loam,0.491,0.273,18.27,9,0.45,2.818.361,23.748
21.149,106.405,2,19,3.64,32.3,21.6,6.2,28.3,39.4,20.6,24.18,4.13,82.51,13.38,12,-3.45,-2.61,-3.49,-2.27,-1.12,6.4,-0.14,6.45,7.56,0.06,-3.6,-3.84,Rice,Clay Loam,0.528,0.254,20.52,9,0.369,1.734.376,24.056
20.196,105.699,2,84,3.64,29.1,21.8,5.7,32.3,38.6,23.3,24.21,3.5,83.74,14.41,12,-3.17,-3.04,-3.17,-2.47,-1.36,1.99,1.29,2.72,8.21,4.04,-2.02,-3.04,Rice,Clay Loam,0.491,0.248,18.27,9,0.45,2.818.361,23.664
10.579,105.694,11,2,3.64,39.3,26.7,6,19.4,41.4,36.8,27.74,4.64,80.6,17.9,12,-4.02,-5.17,-5.35,-3.98,0.31,1.52,7.43,-0.41,8.29,5.16,0.33,-4.15,Rice,Clay Loam,0.722,0.297,23.08,9,0.36,2167.97,27.727
21.13,106.527,2,12,3.64,33.7,24.6,6.2,27.1,39.3,24.7,24.18,4.13,82.51,13.38,12,-3.45,-2.61,-3.49,-2.27,-1.12,6.4,-0.14,6.45,7.56,0.06,-3.6,-3.84,Rice,Clay Loam,0.528,0.262,20.52,9,0.369,1.734.376,24.102
10.153,105.086,4,1,3.64,35.6,30.6,5.6,25,39.4,39.6,27.96,4.89,80.82,17.9,12,-4.26,-5.51,-5.79,-3.48,-0.34,0.99,7.3,-0.09,10.14,4.07,1.2,-4.25,Rice,Clay Loam,0.723,0.288,23.72,9,0.428,3.035.158,27.954
9.165,105.64,4,5,3.64,40.4,27.3,5.9,33.2,26.5,40.5,27.84,5.34,82.89,17.03,12,-5.21,-5.96,-6.44,-3.2,-0.3,0.5,9.1,0.95,8.41,6.51,1.07,-5.45,Rice,Clay,0.641,0.27,26.56,7,0.343,2.384.767,27.808
10.299,105.34,11,6,3.64,39.6,28.2,5.5,23,37.4,26.2,27.74,4.64,80.6,17.9,12,-4.02,-5.17,-5.35,-3.98,0.31,1.52,7.43,-0.41,8.29,5.16,0.33,-4.15,Rice,Clay Loam,0.722,0.274,23.08,9,0.36,3.251.955,27.701
10.124,106.215,4,5,3.64,36.3,32.2,6.2,22.4,41.3,49.6,27.61,5.05,82.34,18.06,12,-4.58,-5.54,-5.71,-4.16,0.46,1.64,10.07,-0.1,7.61,4.57,0.32,-4.63,Rice,Clay Loam,0.653,0.308,24.72,7,0.408,1.734.376,27.578
20.562,106.099,2,6,3.64,33.7,26.9,6,27.1,39.2,23.9,24.42,4.15,83.73,14.17,12,-3.54,-3.28,-3.86,-2.76,-1.25,4.9,0.24,4.95,8.6,3.24,-3.34,-3.95,Rice,Clay Loam,0.498,0.261,21.98,9,0.392,2167.97,24.381
9.716,105.454,4,4,3.64,39.8,26.7,5.8,22.5,37.7,35.9,27.58,5.68,82.83,17.03,12,-5.15,-6.22,-6.61,-3.85,-0.17,0.76,10.43,0.35,9.34,6.06,0.59,-5.48,Rice,Clay Loam,0.633,0.289,27.48,7,0.379,2.601.564,27.554
10.442,105.679,4,4,3.64,40.2,24.9,6.1,18,41.8,37.9,27.74,4.64,80.6,17.9,12,-4.02,-5.17,-5.35,-3.98,0.31,1.52,7.43,-0.41,8.29,5.16,0.33,-4.15,Rice,Clay,0.722,0.302,23.08,9,0.36,1.951.173,27.714
10.512,104.808,4,3,3.64,30.8,44.2,5.6,28,41.2,40.5,27.91,4.77,79.76,18.24,12,-3.85,-5.17,-5.46,-3.66,-0.22,0.5,5.61,-0.26,10.88,4.65,0.87,-3.94,Rice,Clay Loam,0.761,0.282,22.56,9,0.483,3.035.158,27.89
10.961,106.637,11,4,3.64,43.1,28.9,6.2,22.1,34.8,28.9,27.72,3.77,78.82,18.06,12,-3.58,-4.08,-4.11,-3.8,0.17,4.25,6.49,0.93,5.24,3.01,-1.31,-3.17,Rice,Clay,0.788,0.28,20.05,7,0.323,1.734.376,27.694
20.137,106.221,7,2,3.64,33.8,29.8,6,29,37.3,28.9,24.89,4.18,84.24,14.17,12,-3.87,-3.88,-4.3,-3.56,-1.35,2.53,2.04,3.07,7.68,7.12,-1.86,-3.62,Rice,Clay Loam,0.496,0.264,22.44,9,0.342,2167.97,24.877
9.851,104.97,4,2,3.64,38.7,30.6,5.7,25.5,35.8,51,27.96,4.89,80.82,18.06,12,-4.26,-5.51,-5.79,-3.48,-0.34,0.99,7.3,-0.09,10.14,4.07,1.2,-4.25,Rice,Clay Loam,0.723,0.303,23.72,9,0.428,2.818.361,27.947
20.162,105.719,2,18,3.64,30.7,20.8,6,29.4,39.9,21.1,24.21,3.5,83.74,14.41,12,-3.17,-3.04,-3.17,-2.47,-1.36,1.99,1.29,2.72,8.21,4.04,-2.02,-3.04,Rice,Clay Loam,0.491,0.252,18.27,9,0.45,2167.97,24.093
10.357,105.6,11,2,3.64,40.7,32.2,5.6,16.5,42.8,34.1,27.74,4.64,80.6,17.9,12,-4.02,-5.17,-5.35,-3.98,0.31,1.52,7.43,-0.41,8.29,5.16,0.33,-4.15,Rice,Clay,0.722,0.3,23.08,9,0.36,3.035.158,27.727
10.081,105.684,4,2,3.64,35.3,41.8,5.9,25.5,39.1,51.8,27.52,5.44,82.42,17.9,12,-4.68,-6.01,-6.26,-4.19,0.2,1.23,10.03,-0.2,9.39,5.07,0.41,-4.97,Rice,Clay Loam,0.646,0.304,26.31,7,0.381,2.384.767,27.507
9.805,105.223,4,2,3.64,38.7,36.2,5.5,25.7,35.7,41.4,27.96,4.89,80.82,17.03,12,-4.26,-5.51,-5.79,-3.48,-0.34,0.99,7.3,-0.09,10.14,4.07,1.2,-4.25,Rice,Clay Loam,0.723,0.289,23.72,9,0.428,3.251.955,27.947
20.386,106.392,2,2,3.64,34.2,33.7,6,28.6,37.2,32,24.42,4.15,83.73,14.17,12,-3.54,-3.28,-3.86,-2.76,-1.25,4.9,0.24,4.95,8.6,3.24,-3.34,-3.95,Rice,Clay Loam,0.498,0.269,21.98,9,0.392,2167.97,24.407
20.429,106.422,7,3,3.64,33.8,33.2,6,28.3,37.9,34.4,24.42,4.15,83.73,14.17,12,-3.54,-3.28,-3.86,-2.76,-1.25,4.9,0.24,4.95,8.6,3.24,-3.34,-3.95,Rice,Clay Loam,0.498,0.273,21.98,9,0.392,2167.97,24.4
20.509,106.342,7,2,3.64,34.3,35.8,6.2,28.8,36.9,32.6,24.42,4.15,83.73,14.17,12,-3.54,-3.28,-3.86,-2.76,-1.25,4.9,0.24,4.95,8.6,3.24,-3.34,-3.95,Rice,Clay Loam,0.498,0.269,21.98,9,0.392,1.734.376,24.407
10.418,105.607,11,3,3.64,37.4,31.7,5.9,16.9,45.7,42.3,27.74,4.64,80.6,17.9,12,-4.02,-5.17,-5.35,-3.98,0.31,1.52,7.43,-0.41,8.29,5.16,0.33,-4.15,Rice,Clay Loam,0.722,0.31,23.08,9,0.36,2.384.767,27.72
21.231,105.886,2,11,3.64,29.9,21.1,6.2,31.1,38.9,21.6,23.88,3.84,82.73,14.01,12,-3.62,-2.57,-3.27,-2.24,-0.69,5.8,0.34,6.86,5.89,0.57,-3.41,-3.66,Rice,Clay Loam,0.512,0.249,19.46,8,0.353,1.734.376,23.808
20.703,106.698,7,3,3.64,33.9,30.6,6.1,31.4,34.7,30.5,25.01,5.24,82.62,14.17,12,-4,-4.2,-4.82,-4.01,-1.04,10.84,0.69,5.18,8.3,1.8,-3.8,-4.9,Rice,Clay Loam,0.551,0.26,26.77,6,0.404,1.951.173,24.99
20.561,106.463,2,3,3.64,37.2,41.8,6,26.7,36.2,31.2,24.42,4.15,83.73,14.17,12,-3.54,-3.28,-3.86,-2.76,-1.25,4.9,0.24,4.95,8.6,3.24,-3.34,-3.95,Rice,Clay Loam,0.498,0.272,21.98,9,0.392,2167.97,24.4
10.575,105.597,11,8,3.64,35.7,30.3,5.9,21.5,42.8,61.5,27.74,4.64,80.6,17.9,12,-4.02,-5.17,-5.35,-3.98,0.31,1.52,7.43,-0.41,8.29,5.16,0.33,-4.15,Rice,Clay Loam,0.722,0.327,23.08,9,0.36,2.384.767,27.688
10.688,106.777,11,3,3.64,37.1,23.9,6,25,37.9,42.4,27.76,4.07,80.84,18.06,12,-3.8,-4.52,-4.6,-4.04,0.25,3.53,7.47,0.45,6.09,2.91,-0.2,-3.56,Rice,Clay Loam,0.714,0.292,20.72,7,0.361,2167.97,27.74
20.104,105.908,2,141,3.64,32.7,27.9,5.5,32.5,34.8,39,24.21,3.5,83.74,14.41,12,-3.17,-3.04,-3.17,-2.47,-1.36,1.99,1.29,2.72,8.21,4.04,-2.02,-3.04,Rice,Clay Loam,0.491,0.27,18.27,9,0.45,3.251.955,23.294
9.79,105.984,4,6,3.64,34,36.2,6.1,29.1,37,51.7,27.61,5.05,82.34,17.03,12,-4.58,-5.54,-5.71,-4.16,0.46,1.64,10.07,-0.1,7.61,4.57,0.32,-4.63,Rice,Clay Loam,0.653,0.295,24.72,7,0.408,1.951.173,27.571
20.64,105.866,2,4,3.64,30.8,24.2,5.9,25.3,43.9,32.2,23.6,3.61,83.74,14.41,12,-3.31,-2.87,-3.1,-2.21,-1.23,4,0.43,4.46,7.45,2.88,-3.09,-3.44,Rice,Clay Loam,0.474,0.277,19.25,9,0.388,2.384.767,23.574
10.57,105.551,11,4,3.64,37.4,30.9,6.1,20.5,42.1,46.4,27.74,4.64,80.6,17.9,12,-4.02,-5.17,-5.35,-3.98,0.31,1.52,7.43,-0.41,8.29,5.16,0.33,-4.15,Rice,Clay Loam,0.722,0.308,23.08,9,0.36,1.951.173,27.714
20.657,106.118,2,4,3.64,30,26.9,6,26.4,43.7,25.9,24.42,4.15,83.73,14.17,12,-3.54,-3.28,-3.86,-2.76,-1.25,4.9,0.24,4.95,8.6,3.24,-3.34,-3.95,Rice,Clay Loam,0.498,0.266,21.98,9,0.392,2167.97,24.394
10.708,106.546,11,2,3.64,40.4,32.4,6.1,23.5,36,27.7,27.91,4.33,79.72,18.06,12,-4.03,-4.78,-4.88,-4,0.35,2.61,7.9,-0.29,6.54,4.36,0.01,-3.83,Rice,Clay,0.763,0.275,21.81,7,0.363,1.951.173,27.897
10.91,106.02,11,4,3.64,31.3,27.8,5.2,27.9,40.8,27.3,28.08,3.71,77.7,18.06,12,-3.56,-4.08,-4.13,-3.62,0.1,2.86,5.77,0.03,5.64,4.65,-0.35,-3.28,Rice,Clay Loam,0.847,0.264,19.02,7,0.303,3.902.346,28.054
9.621,106.421,11,2,3.64,38.1,41.8,6.2,26.3,35.5,33.7,27.77,5.28,82.72,18.77,12,-4.89,-5.87,-6.07,-3.73,0.31,0.66,9.99,0.82,8.06,5.64,0.34,-5.29,Rice,Clay Loam,0.644,0.277,25.85,7,0.387,1.734.376,27.757
8.94,104.893,11,2,3.64,42.3,50.4,5.4,29.9,27.8,51,28.04,4.45,80.82,17.74,12,-4.45,-5.29,-5.62,-3.24,-0.63,1.27,6.71,0.39,7.95,3.73,3.01,-3.78,Rice,Clay,0.727,0.293,23.01,9,0.345,3.468.752,28.027
21.206,106.68,7,199,3.64,34.6,31.2,5.5,25.7,39.8,44.3,23.76,5.06,83.5,13.38,12,-3.61,-3.18,-3.97,-3.01,-1.53,10.61,0.28,6.3,8.2,-1.85,-3.74,-4.52,Rice,Clay Loam,0.485,0.293,25.41,6,0.418,3.251.955,22.467
20.428,106.572,2,1,3.64,35.6,33.7,6.1,26.5,37.9,33.1,25.01,5.24,82.62,14.17,12,-4,-4.2,-4.82,-4.01,-1.04,10.84,0.69,5.18,8.3,1.8,-3.8,-4.9,Rice,Clay Loam,0.551,0.275,26.77,6,0.404,1.951.173,25.004
10.774,106.029,4,2,3.64,40.4,31.5,5.6,19.5,40.1,30.7,28.08,3.71,77.7,18.06,12,-3.56,-4.08,-4.13,-3.62,0.1,2.86,5.77,0.03,5.64,4.65,-0.35,-3.28,Rice,Clay,0.847,0.288,19.02,7,0.303,3.035.158,28.067
9.732,105.168,11,4,3.64,35.4,37.1,5.4,25.9,38.7,39.7,27.97,4.72,81.28,17.03,12,-4.59,-5.52,-5.78,-3.25,-0.54,1.6,7.82,0.24,8.31,4.06,1.94,-4.24,Rice,Clay Loam,0.706,0.286,23.92,9,0.347,3.468.752,27.944
20.643,105.668,7,6,3.64,34.2,20.5,6,24.8,40.9,24.7,23.6,3.61,83.74,14.41,12,-3.31,-2.87,-3.1,-2.21,-1.23,4,0.43,4.46,7.45,2.88,-3.09,-3.44,Rice,Clay Loam,0.474,0.268,19.25,9,0.388,2167.97,23.561
20.648,106.112,7,5,3.64,32.3,25.6,5.9,27.1,40.6,24.3,24.42,4.15,83.73,14.17,12,-3.54,-3.28,-3.86,-2.76,-1.25,4.9,0.24,4.95,8.6,3.24,-3.34,-3.95,Rice,Clay Loam,0.498,0.262,21.98,9,0.392,2.384.767,24.388
20.234,106.268,2,2,3.64,37.7,29.7,6.1,30.8,31.5,30.8,24.89,4.18,84.24,14.17,12,-3.87,-3.88,-4.3,-3.56,-1.35,2.53,2.04,3.07,7.68,7.12,-1.86,-3.62,Rice,Clay Loam,0.496,0.262,22.44,9,0.342,1.951.173,24.877
10.123,105.302,4,2,3.64,41.8,30.6,5.5,23.5,34.7,34.7,27.96,4.89,80.82,17.9,12,-4.26,-5.51,-5.79,-3.48,-0.34,0.99,7.3,-0.09,10.14,4.07,1.2,-4.25,Rice,Clay,0.723,0.285,23.72,9,0.428,3.251.955,27.947
21.167,106.013,2,7,3.64,32.3,21.7,6.1,31.7,36,22.7,24.18,4.13,82.51,13.38,12,-3.45,-2.61,-3.49,-2.27,-1.12,6.4,-0.14,6.45,7.56,0.06,-3.6,-3.84,Rice,Clay Loam,0.528,0.249,20.52,9,0.369,1.951.173,24.134
20.52,105.816,2,69,3.64,32.1,25.4,5.9,26.6,41.3,34.1,23.6,3.61,83.74,14.41,12,-3.31,-2.87,-3.1,-2.21,-1.23,4,0.43,4.46,7.45,2.88,-3.09,-3.44,Rice,Clay Loam,0.474,0.277,19.25,9,0.388,2.384.767,23.152
10.416,104.895,11,128,3.64,35.1,38.6,5.5,27.1,37.7,41.5,27.91,4.77,79.76,18.24,12,-3.85,-5.17,-5.46,-3.66,-0.22,0.5,5.61,-0.26,10.88,4.65,0.87,-3.94,Rice,Clay Loam,0.761,0.286,22.56,9,0.483,3.251.955,27.078
20.067,106.239,2,1,3.64,35.4,34.2,6,29.1,35.5,29.5,24.89,4.18,84.24,14.17,12,-3.87,-3.88,-4.3,-3.56,-1.35,2.53,2.04,3.07,7.68,7.12,-1.86,-3.62,Rice,Clay Loam,0.496,0.264,22.44,9,0.342,2167.97,24.884
9.893,106.138,11,2,3.64,38.2,34.5,6.2,27.2,34.6,39.7,27.61,5.05,82.34,18.77,12,-4.58,-5.54,-5.71,-4.16,0.46,1.64,10.07,-0.1,7.61,4.57,0.32,-4.63,Rice,Clay Loam,0.653,0.283,24.72,7,0.408,1.734.376,27.597
10.341,104.949,11,2,3.64,34.3,27.9,5.8,25.1,40.7,46.7,27.91,4.77,79.76,18.24,12,-3.85,-5.17,-5.46,-3.66,-0.22,0.5,5.61,-0.26,10.88,4.65,0.87,-3.94,Rice,Clay Loam,0.761,0.298,22.56,9,0.483,2.601.564,27.897
20.541,105.966,7,128,3.64,34,24.1,6,26.9,39.2,25.6,24.42,4.15,83.73,14.41,12,-3.54,-3.28,-3.86,-2.76,-1.25,4.9,0.24,4.95,8.6,3.24,-3.34,-3.95,Rice,Clay Loam,0.498,0.264,21.98,9,0.392,2167.97,23.588
10.042,105.223,11,2,3.64,33.8,25.9,5.5,27.2,39,29.1,27.96,4.89,80.82,17.9,12,-4.26,-5.51,-5.79,-3.48,-0.34,0.99,7.3,-0.09,10.14,4.07,1.2,-4.25,Rice,Clay Loam,0.723,0.268,23.72,9,0.428,3.251.955,27.947
20.154,106.068,2,2,3.64,34.5,28.4,5.8,29.4,36.2,25.4,24.89,4.18,84.24,14.17,12,-3.87,-3.88,-4.3,-3.56,-1.35,2.53,2.04,3.07,7.68,7.12,-1.86,-3.62,Rice,Clay Loam,0.496,0.258,22.44,9,0.342,2.601.564,24.877
8.743,105.173,11,4,3.64,36.7,42.3,5.8,31.4,31.9,49.9,28.14,3.97,81.31,17.99,12,-3.92,-4.92,-5.23,-3.15,-0.59,0.53,5.39,0.83,6.79,2.56,4.54,-2.86,Rice,Clay Loam,0.712,0.288,20.67,9,0.329,2.601.564,28.114
10.595,105.166,4,2,3.64,36.4,28.9,5.9,20,43.6,39.2,27.91,4.77,79.76,17.9,12,-3.85,-5.17,-5.46,-3.66,-0.22,0.5,5.61,-0.26,10.88,4.65,0.87,-3.94,Rice,Clay Loam,0.761,0.299,22.56,9,0.483,2.384.767,27.897
20.359,105.964,7,2,3.64,33.5,26.5,6,25.8,40.7,29.4,24.42,4.15,83.73,14.41,12,-3.54,-3.28,-3.86,-2.76,-1.25,4.9,0.24,4.95,8.6,3.24,-3.34,-3.95,Rice,Clay Loam,0.498,0.272,21.98,9,0.392,2167.97,24.407
20.072,106.099,2,1,3.64,32.6,33.2,5.7,29.6,37.8,32.5,24.89,4.18,84.24,14.17,12,-3.87,-3.88,-4.3,-3.56,-1.35,2.53,2.04,3.07,7.68,7.12,-1.86,-3.62,Rice,Clay Loam,0.496,0.267,22.44,9,0.342,2.818.361,24.884
20.676,106.03,2,2,3.64,34.3,26,5.8,27.8,37.9,23.2,24.42,4.15,83.73,14.17,12,-3.54,-3.28,-3.86,-2.76,-1.25,4.9,0.24,4.95,8.6,3.24,-3.34,-3.95,Rice,Clay Loam,0.498,0.259,21.98,9,0.392,2.601.564,24.407
20.312,106.255,7,2,3.64,36.7,34.2,6,27.3,36.1,31.1,24.42,4.15,83.73,14.17,12,-3.54,-3.28,-3.86,-2.76,-1.25,4.9,0.24,4.95,8.6,3.24,-3.34,-3.95,Rice,Clay Loam,0.498,0.271,21.98,9,0.392,2167.97,24.407
20.734,106.031,2,3,3.64,36.4,27,5.9,25.4,38.2,22.9,24.42,4.15,83.73,14.17,12,-3.54,-3.28,-3.86,-2.76,-1.25,4.9,0.24,4.95,8.6,3.24,-3.34,-3.95,Rice,Clay Loam,0.498,0.264,21.98,9,0.392,2.384.767,24.4
10.273,105.447,11,3,3.64,34.6,27.7,5.5,20.8,44.6,32.1,27.74,4.64,80.6,17.9,12,-4.02,-5.17,-5.35,-3.98,0.31,1.52,7.43,-0.41,8.29,5.16,0.33,-4.15,Rice,Clay Loam,0.722,0.287,23.08,9,0.36,3.251.955,27.72
10.427,106.462,4,2,3.64,41.8,30.3,6.3,17.1,41.2,35.7,27.91,4.33,79.72,18.06,12,-4.03,-4.78,-4.88,-4,0.35,2.61,7.9,-0.29,6.54,4.36,0.01,-3.83,Rice,Clay,0.763,0.301,21.81,7,0.363,1.517.579,27.897
9.32,105.932,4,2,3.64,39.8,38.3,5.6,31.5,28.7,38.1,27.58,5.68,82.83,17.03,12,-5.15,-6.22,-6.61,-3.85,-0.17,0.76,10.43,0.35,9.34,6.06,0.59,-5.48,Rice,Clay Loam,0.633,0.271,27.48,7,0.379,3.035.158,27.567
20.762,106.541,2,2,3.64,36.6,32.6,6,28,35.3,39.5,24.18,4.13,82.51,14.17,12,-3.45,-2.61,-3.49,-2.27,-1.12,6.4,-0.14,6.45,7.56,0.06,-3.6,-3.84,Rice,Clay Loam,0.528,0.281,20.52,9,0.369,2167.97,24.167
9.277,105.379,4,1,3.64,40.3,37.6,5.6,31.8,27.9,44.1,27.58,5.68,82.83,17.03,12,-5.15,-6.22,-6.61,-3.85,-0.17,0.76,10.43,0.35,9.34,6.06,0.59,-5.48,Rice,Clay,0.633,0.279,27.48,7,0.379,3.035.158,27.574
9.404,105.18,4,1,3.64,40.2,32,5.7,29.3,30.5,50.7,27.97,4.72,81.28,17.03,12,-4.59,-5.52,-5.78,-3.25,-0.54,1.6,7.82,0.24,8.31,4.06,1.94,-4.24,Rice,Clay,0.706,0.294,23.92,9,0.347,2.818.361,27.964
20.701,106.108,2,4,3.64,32.8,23.6,6.2,28.9,38.3,22.4,24.42,4.15,83.73,14.17,12,-3.54,-3.28,-3.86,-2.76,-1.25,4.9,0.24,4.95,8.6,3.24,-3.34,-3.95,Rice,Clay Loam,0.498,0.255,21.98,9,0.392,1.734.376,24.394
8.844,105.009,4,1,3.64,39.7,45.2,5.4,30.8,29.5,50.4,28.04,4.45,80.82,17.99,12,-4.45,-5.29,-5.62,-3.24,-0.63,1.27,6.71,0.39,7.95,3.73,3.01,-3.78,Rice,Clay Loam,0.727,0.29,23.01,9,0.345,3.468.752,28.034
9.031,104.936,11,1,3.64,38.3,52.1,5.5,30.5,31.1,49.8,28.04,4.45,80.82,18.06,12,-4.45,-5.29,-5.62,-3.24,-0.63,1.27,6.71,0.39,7.95,3.73,3.01,-3.78,Rice,Clay Loam,0.727,0.29,23.01,9,0.345,3.251.955,28.034
10.876,105.989,4,3,3.64,35.7,30.2,5.2,27.5,36.9,28.5,28.08,3.71,77.7,17.9,12,-3.56,-4.08,-4.13,-3.62,0.1,2.86,5.77,0.03,5.64,4.65,-0.35,-3.28,Rice,Clay Loam,0.847,0.267,19.02,7,0.303,3.902.346,28.06
10.792,106.1,11,2,3.64,41.1,30.4,5.6,15.8,43.1,23.5,28.08,3.71,77.7,18.06,12,-3.56,-4.08,-4.13,-3.62,0.1,2.86,5.77,0.03,5.64,4.65,-0.35,-3.28,Rice,Clay,0.847,0.287,19.02,7,0.303,3.035.158,28.067
20.041,105.964,2,2,3.64,34.7,32.5,6,30,35.3,31.7,24.89,4.18,84.24,14.41,12,-3.87,-3.88,-4.3,-3.56,-1.35,2.53,2.04,3.07,7.68,7.12,-1.86,-3.62,Rice,Clay Loam,0.496,0.265,22.44,9,0.342,2167.97,24.877
20.569,106.558,7,1,3.64,40.9,32.8,6.1,27.1,32,30.3,24.42,4.15,83.73,14.17,12,-3.54,-3.28,-3.86,-2.76,-1.25,4.9,0.24,4.95,8.6,3.24,-3.34,-3.95,Rice,Clay,0.498,0.27,21.98,9,0.392,1.951.173,24.414
10.95,106.117,4,4,3.64,30.8,33.3,5.3,30.5,38.7,27.1,28.08,3.71,77.7,18.06,12,-3.56,-4.08,-4.13,-3.62,0.1,2.86,5.77,0.03,5.64,4.65,-0.35,-3.28,Rice,Clay Loam,0.847,0.258,19.02,7,0.303,3.685.549,28.054
9.892,105.222,4,4,3.64,35.2,26.9,5.5,27.2,37.6,36.1,27.96,4.89,80.82,17.03,12,-4.26,-5.51,-5.79,-3.48,-0.34,0.99,7.3,-0.09,10.14,4.07,1.2,-4.25,Rice,Clay Loam,0.723,0.278,23.72,9,0.428,3.251.955,27.934
10.429,105.249,11,2,3.64,40.9,32.8,5.5,21.3,37.8,46.4,27.91,4.77,79.76,17.9,12,-3.85,-5.17,-5.46,-3.66,-0.22,0.5,5.61,-0.26,10.88,4.65,0.87,-3.94,Rice,Clay,0.761,0.306,22.56,9,0.483,3.251.955,27.897
20.92,105.659,2,6,3.64,30.9,23.1,5.9,28.3,40.8,25.6,23.88,3.84,82.73,14.41,12,-3.62,-2.57,-3.27,-2.24,-0.69,5.8,0.34,6.86,5.89,0.57,-3.41,-3.66,Rice,Clay Loam,0.512,0.261,19.46,8,0.353,2.384.767,23.841
10.158,106.343,11,9,3.64,31,29,6.1,22.7,46.3,42.6,27.61,5.05,82.34,18.06,12,-4.58,-5.54,-5.71,-4.16,0.46,1.64,10.07,-0.1,7.61,4.57,0.32,-4.63,Rice,Clay Loam,0.653,0.297,24.72,7,0.408,1.951.173,27.552
10.664,104.926,4,3,3.64,28.9,40,5.4,31.4,39.6,35.8,27.91,4.77,79.76,18.24,12,-3.85,-5.17,-5.46,-3.66,-0.22,0.5,5.61,-0.26,10.88,4.65,0.87,-3.94,Rice,Clay Loam,0.761,0.268,22.56,9,0.483,3.468.752,27.89
20.372,106.029,2,3,3.64,32.8,24.6,6.1,27.3,39.9,29.3,24.42,4.15,83.73,14.17,12,-3.54,-3.28,-3.86,-2.76,-1.25,4.9,0.24,4.95,8.6,3.24,-3.34,-3.95,Rice,Clay Loam,0.498,0.268,21.98,9,0.392,1.951.173,24.4
21.409,106.34,2,40,3.64,29.9,22.9,5.8,25.8,44.4,27.6,23.24,4.05,82.32,13.38,12,-3.55,-1.88,-3.28,-2.06,-0.89,7.01,0.69,7.59,5.4,-2.13,-3.3,-3.62,Rice,Clay Loam,0.504,0.269,20.71,8,0.367,2.601.564,22.98
9.58,106.2,4,2,3.64,36.9,34.6,6.1,25.9,37.2,42.6,27.77,5.28,82.72,18.77,12,-4.89,-5.87,-6.07,-3.73,0.31,0.66,9.99,0.82,8.06,5.64,0.34,-5.29,Rice,Clay Loam,0.644,0.29,25.85,7,0.387,1.951.173,27.757
10.548,105.746,11,2,3.64,39,36.6,5.7,21.9,39.2,48,27.74,4.64,80.6,17.9,12,-4.02,-5.17,-5.35,-3.98,0.31,1.52,7.43,-0.41,8.29,5.16,0.33,-4.15,Rice,Clay Loam,0.722,0.307,23.08,9,0.36,2.818.361,27.727
20.768,105.815,7,4,3.64,30.9,31,6,23.9,45.2,28.5,23.88,3.84,82.73,14.41,12,-3.62,-2.57,-3.27,-2.24,-0.69,5.8,0.34,6.86,5.89,0.57,-3.41,-3.66,Rice,Clay Loam,0.512,0.275,19.46,8,0.353,2167.97,23.854
10.296,105.23,11,2,3.64,39.5,34.3,5.6,22.4,38.1,37.2,27.91,4.77,79.76,17.9,12,-3.85,-5.17,-5.46,-3.66,-0.22,0.5,5.61,-0.26,10.88,4.65,0.87,-3.94,Rice,Clay Loam,0.761,0.291,22.56,9,0.483,3.035.158,27.897
20.897,105.528,7,82,3.64,33.4,23.3,5.9,23.7,42.9,29.9,23.88,3.84,82.73,14.41,12,-3.62,-2.57,-3.27,-2.24,-0.69,5.8,0.34,6.86,5.89,0.57,-3.41,-3.66,Rice,Clay Loam,0.512,0.277,19.46,8,0.353,2.384.767,23.347
9.241,104.895,11,8,3.64,37.1,40.3,5.6,33.4,29.5,54.7,28.04,4.45,80.82,18.06,12,-4.45,-5.29,-5.62,-3.24,-0.63,1.27,6.71,0.39,7.95,3.73,3.01,-3.78,Rice,Clay Loam,0.727,0.29,23.01,9,0.345,3.035.158,27.988
10.493,106.341,4,2,3.64,44.8,33,6.3,16.2,39,31.8,27.91,4.33,79.72,18.06,12,-4.03,-4.78,-4.88,-4,0.35,2.61,7.9,-0.29,6.54,4.36,0.01,-3.83,Rice,Clay,0.763,0.297,21.81,7,0.363,1.517.579,27.897
9.569,104.942,4,8,3.64,38,35,5.7,23.8,38.3,51,27.97,4.72,81.28,18.06,12,-4.59,-5.52,-5.78,-3.25,-0.54,1.6,7.82,0.24,8.31,4.06,1.94,-4.24,Rice,Clay Loam,0.706,0.307,23.92,9,0.347,2.818.361,27.918
20.902,106.646,2,2,3.64,32.1,30.4,6,28.3,39.7,30.8,23.76,5.06,83.5,14.17,12,-3.61,-3.18,-3.97,-3.01,-1.53,10.61,0.28,6.3,8.2,-1.85,-3.74,-4.52,Rice,Clay Loam,0.485,0.268,25.41,6,0.418,2167.97,23.747
20.869,106.029,2,5,3.64,34.6,22.4,6.1,25.9,39.5,21.6,24.18,4.13,82.51,14.17,12,-3.45,-2.61,-3.49,-2.27,-1.12,6.4,-0.14,6.45,7.56,0.06,-3.6,-3.84,Rice,Clay Loam,0.528,0.261,20.52,9,0.369,1.951.173,24.148
9.742,105.716,4,2,3.64,41.6,36.6,6,24.4,34,51.3,27.58,5.68,82.83,17.03,12,-5.15,-6.22,-6.61,-3.85,-0.17,0.76,10.43,0.35,9.34,6.06,0.59,-5.48,Rice,Clay,0.633,0.306,27.48,7,0.379,2167.97,27.567
9.197,104.951,11,4,3.64,38.3,46.5,5.5,32,29.7,54.1,28.04,4.45,80.82,18.06,12,-4.45,-5.29,-5.62,-3.24,-0.63,1.27,6.71,0.39,7.95,3.73,3.01,-3.78,Rice,Clay Loam,0.727,0.292,23.01,9,0.345,3.251.955,28.014
21.151,105.588,7,17,3.64,29.3,22.3,6.1,28.9,41.8,23.9,23.88,3.84,82.73,14.01,12,-3.62,-2.57,-3.27,-2.24,-0.69,5.8,0.34,6.86,5.89,0.57,-3.41,-3.66,Rice,Clay Loam,0.512,0.257,19.46,8,0.353,1.951.173,23.77
21.176,106.053,2,6,3.64,32.4,22.7,6.1,35.9,31.7,21.4,24.18,4.13,82.51,13.38,12,-3.45,-2.61,-3.49,-2.27,-1.12,6.4,-0.14,6.45,7.56,0.06,-3.6,-3.84,Rice,Clay Loam,0.528,0.237,20.52,9,0.369,1.951.173,24.141
8.846,105.246,11,5,3.64,36.6,37.6,5.7,35.1,28.4,41.4,28.04,4.45,80.82,17.99,12,-4.45,-5.29,-5.62,-3.24,-0.63,1.27,6.71,0.39,7.95,3.73,3.01,-3.78,Rice,Clay Loam,0.727,0.267,23.01,9,0.345,2.818.361,28.008
9.566,105.701,4,2,3.64,37.1,35,5.9,26.2,36.7,50.5,27.58,5.68,82.83,17.03,12,-5.15,-6.22,-6.61,-3.85,-0.17,0.76,10.43,0.35,9.34,6.06,0.59,-5.48,Rice,Clay Loam,0.633,0.3,27.48,7,0.379,2.384.767,27.567
21.356,105.941,7,14,3.64,27.6,22.5,6.2,32.6,39.8,22.5,23.24,4.05,82.32,14.01,12,-3.55,-1.88,-3.28,-2.06,-0.89,7.01,0.69,7.59,5.4,-2.13,-3.3,-3.62,Rice,Clay Loam,0.504,0.247,20.71,8,0.367,1.734.376,23.149
10.922,105.392,11,3,3.64,31.2,29.2,5.4,26.5,42.3,35.5,28.1,3.74,77.56,17.9,12,-3.37,-4.2,-4.32,-3.49,0.06,1.63,4.58,-0.12,6.51,5.58,0.4,-3.31,Rice,Clay Loam,0.853,0.279,18.81,9,0.347,3.468.752,28.08
10.592,104.886,4,4,3.64,32.6,32,5.6,38.6,28.8,41.1,27.91,4.77,79.76,18.24,12,-3.85,-5.17,-5.46,-3.66,-0.22,0.5,5.61,-0.26,10.88,4.65,0.87,-3.94,Rice,Clay Loam,0.761,0.259,22.56,9,0.483,3.035.158,27.884
10.441,104.624,4,2,3.64,32.5,43.7,5.5,26.2,41.3,47.6,28.02,4.28,79.32,18.24,12,-3.59,-4.73,-4.96,-3.39,-0.31,0.74,4.69,-0.22,9.83,4.01,1.31,-3.42,Rice,Clay Loam,0.783,0.296,20.62,9,0.478,3.251.955,28.007
20.192,105.846,2,45,3.64,33.4,23.6,5.6,31.1,35.5,30.3,24.21,3.5,83.74,14.41,12,-3.17,-3.04,-3.17,-2.47,-1.36,1.99,1.29,2.72,8.21,4.04,-2.02,-3.04,Rice,Clay Loam,0.491,0.261,18.27,9,0.45,3.035.158,23.918
10.248,104.886,11,5,3.64,34.9,34.6,5.9,26.8,38.3,83,27.96,4.89,80.82,18.24,12,-4.26,-5.51,-5.79,-3.48,-0.34,0.99,7.3,-0.09,10.14,4.07,1.2,-4.25,Rice,Clay Loam,0.723,0.345,23.72,9,0.428,2.384.767,27.928
21.376,106.11,7,9,3.64,31.9,21.4,6.1,31.6,36.5,22.4,23.24,4.05,82.32,13.38,12,-3.55,-1.88,-3.28,-2.06,-0.89,7.01,0.69,7.59,5.4,-2.13,-3.3,-3.62,Rice,Clay Loam,0.504,0.249,20.71,8,0.367,1.951.173,23.182
9.771,106.443,11,4,3.64,40.4,32.4,6.2,24.9,34.7,33.7,27.61,5.05,82.34,18.77,12,-4.58,-5.54,-5.71,-4.16,0.46,1.64,10.07,-0.1,7.61,4.57,0.32,-4.63,Rice,Clay,0.653,0.28,24.72,7,0.408,1.734.376,27.584
21.08,106.563,7,5,3.64,36.6,20.3,6.3,25.7,37.7,28.7,23.76,5.06,83.5,13.38,12,-3.61,-3.18,-3.97,-3.01,-1.53,10.61,0.28,6.3,8.2,-1.85,-3.74,-4.52,Rice,Clay Loam,0.485,0.271,25.41,6,0.418,1.517.579,23.728
10.87,104.71,11,6,3.64,26.6,38.7,5.3,39.5,34,39.1,28.16,3.9,76.87,18.24,12,-3.21,-4.25,-4.47,-3.37,-0.26,0.68,3.27,0.33,8.7,4.94,0.85,-3.21,Rice,Loam,0.882,0.254,18.77,9,0.464,3.685.549,28.121
9.513,105.877,4,2,3.64,39.1,50,5.7,27.2,33.6,42.1,27.58,5.68,82.83,17.03,12,-5.15,-6.22,-6.61,-3.85,-0.17,0.76,10.43,0.35,9.34,6.06,0.59,-5.48,Rice,Clay Loam,0.633,0.286,27.48,7,0.379,2.818.361,27.567
9.385,105.064,4,1,3.64,41.3,34.3,5.4,29.5,29.3,47.9,27.97,4.72,81.28,17.03,12,-4.59,-5.52,-5.78,-3.25,-0.54,1.6,7.82,0.24,8.31,4.06,1.94,-4.24,Rice,Clay,0.706,0.289,23.92,9,0.347,3.468.752,27.964
20.649,105.741,7,4,3.64,33.9,23.9,6,21.4,44.7,29.1,23.6,3.61,83.74,14.41,12,-3.31,-2.87,-3.1,-2.21,-1.23,4,0.43,4.46,7.45,2.88,-3.09,-3.44,Rice,Clay Loam,0.474,0.282,19.25,9,0.388,2167.97,23.574
10.954,105.349,11,3,3.64,31.8,26.1,5.4,29.3,38.9,21.9,28.1,3.74,77.56,17.9,12,-3.37,-4.2,-4.32,-3.49,0.06,1.63,4.58,-0.12,6.51,5.58,0.4,-3.31,Rice,Clay Loam,0.853,0.253,18.81,9,0.347,3.468.752,28.08
9.868,105.094,11,1,3.64,35.9,35.5,5.4,25.6,38.4,38.3,27.96,4.89,80.82,17.03,12,-4.26,-5.51,-5.79,-3.48,-0.34,0.99,7.3,-0.09,10.14,4.07,1.2,-4.25,Rice,Clay Loam,0.723,0.285,23.72,9,0.428,3.468.752,27.954
9.292,105.805,4,1,3.64,41.3,40.4,5.6,30.3,28.5,47.2,27.58,5.68,82.83,17.03,12,-5.15,-6.22,-6.61,-3.85,-0.17,0.76,10.43,0.35,9.34,6.06,0.59,-5.48,Rice,Clay,0.633,0.286,27.48,7,0.379,3.035.158,27.574
10.58,104.677,4,3,3.64,33.1,57.4,5.4,28.3,38.7,45.4,28.02,4.28,79.32,18.24,12,-3.59,-4.73,-4.96,-3.39,-0.31,0.74,4.69,-0.22,9.83,4.01,1.31,-3.42,Rice,Clay Loam,0.783,0.288,20.62,9,0.478,3.468.752,28
9.635,105.24,4,1,3.64,33.9,42.3,5.4,26.3,39.8,41.5,27.97,4.72,81.28,17.03,12,-4.59,-5.52,-5.78,-3.25,-0.54,1.6,7.82,0.24,8.31,4.06,1.94,-4.24,Rice,Clay Loam,0.706,0.288,23.92,9,0.347,3.468.752,27.964
20.645,105.692,2,14,3.64,33.8,23.4,5.9,21.5,44.7,30,23.6,3.61,83.74,14.41,12,-3.31,-2.87,-3.1,-2.21,-1.23,4,0.43,4.46,7.45,2.88,-3.09,-3.44,Rice,Clay Loam,0.474,0.283,19.25,9,0.388,2.384.767,23.509
20.04,105.83,2,2,3.64,35.6,26.6,5.9,29.1,35.3,29.9,24.21,3.5,83.74,14.41,12,-3.17,-3.04,-3.17,-2.47,-1.36,1.99,1.29,2.72,8.21,4.04,-2.02,-3.04,Rice,Clay Loam,0.491,0.265,18.27,9,0.45,2.384.767,24.197
9.243,105.038,11,1,3.64,37.8,38.9,5.5,31.8,30.3,44,28.04,4.45,80.82,17.03,12,-4.45,-5.29,-5.62,-3.24,-0.63,1.27,6.71,0.39,7.95,3.73,3.01,-3.78,Rice,Clay Loam,0.727,0.278,23.01,9,0.345,3.251.955,28.034
10.251,105.682,11,2,3.64,36.4,28.8,5.8,18.4,45.2,31,27.74,4.64,80.6,17.9,12,-4.02,-5.17,-5.35,-3.98,0.31,1.52,7.43,-0.41,8.29,5.16,0.33,-4.15,Rice,Clay Loam,0.722,0.291,23.08,9,0.36,2.601.564,27.727
21.329,106.689,2,24,3.64,33.7,22.4,6.3,26.3,40,20.2,22.33,4.4,83.68,13.38,12,-3.51,-2.18,-3.29,-2.25,-1.59,9.09,1.12,6.42,6.2,-2.75,-3.26,-3.95,Rice,Clay Loam,0.44,0.258,22.78,6,0.398,1.517.579,22.174
20.349,106.133,7,2,3.64,32.3,30.4,6,27.6,40.1,31.6,24.42,4.15,83.73,14.17,12,-3.54,-3.28,-3.86,-2.76,-1.25,4.9,0.24,4.95,8.6,3.24,-3.34,-3.95,Rice,Clay Loam,0.498,0.271,21.98,9,0.392,2167.97,24.407
21.444,105.926,7,26,3.64,34.8,22.5,6.1,31.4,33.8,30.1,23.66,4.1,82.25,14.01,12,-3.83,-2.11,-3.41,-2.35,-0.33,6.36,1.26,8.89,4.16,-1.78,-3.22,-3.69,Rice,Clay Loam,0.519,0.26,20.72,8,0.43,1.951.173,23.491
9.91,105.563,4,2,3.64,35.3,38.2,6.1,24.1,40.6,43,27.52,5.44,82.42,17.03,12,-4.68,-6.01,-6.26,-4.19,0.2,1.23,10.03,-0.2,9.39,5.07,0.41,-4.97,Rice,Clay Loam,0.646,0.295,26.31,7,0.381,1.951.173,27.507
10.315,105.04,4,2,3.64,32.5,37,6,24.2,43.4,36.9,27.91,4.77,79.76,17.9,12,-3.85,-5.17,-5.46,-3.66,-0.22,0.5,5.61,-0.26,10.88,4.65,0.87,-3.94,Rice,Clay Loam,0.761,0.286,22.56,9,0.483,2167.97,27.897
21.436,105.912,2,22,3.64,31,22.6,6,33,36,22.5,23.66,4.1,82.25,14.01,12,-3.83,-2.11,-3.41,-2.35,-0.33,6.36,1.26,8.89,4.16,-1.78,-3.22,-3.69,Rice,Clay Loam,0.519,0.246,20.72,8,0.43,2167.97,23.517
9.457,105.64,4,2,3.64,44.8,34,5.8,28,27.2,36,27.58,5.68,82.83,17.03,12,-5.15,-6.22,-6.61,-3.85,-0.17,0.76,10.43,0.35,9.34,6.06,0.59,-5.48,Rice,Clay,0.633,0.276,27.48,7,0.379,2.601.564,27.567
20.5,106.084,2,4,3.64,33.1,26.4,5.8,28.2,38.7,32.5,24.42,4.15,83.73,14.17,12,-3.54,-3.28,-3.86,-2.76,-1.25,4.9,0.24,4.95,8.6,3.24,-3.34,-3.95,Rice,Clay Loam,0.498,0.271,21.98,9,0.392,2.601.564,24.394
10.659,105.935,11,2,3.64,40.9,32.4,5.8,18.3,40.9,35.7,27.74,4.64,80.6,17.9,12,-4.02,-5.17,-5.35,-3.98,0.31,1.52,7.43,-0.41,8.29,5.16,0.33,-4.15,Rice,Clay,0.722,0.298,23.08,9,0.36,2.601.564,27.727
20.504,106.309,7,2,3.64,34,39,5.9,26.5,39.4,52.9,24.42,4.15,83.73,14.17,12,-3.54,-3.28,-3.86,-2.76,-1.25,4.9,0.24,4.95,8.6,3.24,-3.34,-3.95,Rice,Clay Loam,0.498,0.303,21.98,9,0.392,2.384.767,24.407
9.849,105.467,4,2,3.64,38.6,38,5.9,26.1,35.3,40.5,27.52,5.44,82.42,17.03,12,-4.68,-6.01,-6.26,-4.19,0.2,1.23,10.03,-0.2,9.39,5.07,0.41,-4.97,Rice,Clay Loam,0.646,0.287,26.31,7,0.381,2.384.767,27.507
9.453,105.605,11,2,3.64,44.8,34.6,5.8,27.4,27.8,38.6,27.58,5.68,82.83,17.03,12,-5.15,-6.22,-6.61,-3.85,-0.17,0.76,10.43,0.35,9.34,6.06,0.59,-5.48,Rice,Clay,0.633,0.281,27.48,7,0.379,2.601.564,27.567
20.887,105.569,2,15,3.64,32.4,23,5.8,24.8,42.7,23.7,23.88,3.84,82.73,14.41,12,-3.62,-2.57,-3.27,-2.24,-0.69,5.8,0.34,6.86,5.89,0.57,-3.41,-3.66,Rice,Clay Loam,0.512,0.266,19.46,8,0.353,2.601.564,23.782
10.246,105.724,4,3,3.64,40.5,29,6.2,18.4,41.1,35.2,27.52,5.44,82.42,17.9,12,-4.68,-6.01,-6.26,-4.19,0.2,1.23,10.03,-0.2,9.39,5.07,0.41,-4.97,Rice,Clay,0.646,0.297,26.31,7,0.381,1.734.376,27.5
10.675,106.309,11,2,3.64,45.9,32.5,5.8,14.8,39.3,24.7,27.91,4.33,79.72,18.06,12,-4.03,-4.78,-4.88,-4,0.35,2.61,7.9,-0.29,6.54,4.36,0.01,-3.83,Rice,Clay,0.763,0.291,21.81,7,0.363,2.601.564,27.897
9.275,104.895,4,7,3.64,38.6,41.1,5.6,32.3,29,65.8,27.97,4.72,81.28,18.06,12,-4.59,-5.52,-5.78,-3.25,-0.54,1.6,7.82,0.24,8.31,4.06,1.94,-4.24,Rice,Clay Loam,0.706,0.308,23.92,9,0.347,3.035.158,27.924
21.295,105.592,2,8,3.64,31.7,25.2,6.1,32.5,35.8,36.3,23.66,4.1,82.25,14.01,12,-3.83,-2.11,-3.41,-2.35,-0.33,6.36,1.26,8.89,4.16,-1.78,-3.22,-3.69,Rice,Clay Loam,0.519,0.266,20.72,8,0.43,1.951.173,23.608
20.436,106.011,7,2,3.64,33.2,23,6.1,26.4,40.4,28.4,24.42,4.15,83.73,14.17,12,-3.54,-3.28,-3.86,-2.76,-1.25,4.9,0.24,4.95,8.6,3.24,-3.34,-3.95,Rice,Clay Loam,0.498,0.269,21.98,9,0.392,1.951.173,24.407
10.748,105.981,4,2,3.64,43.8,37,6,21.5,34.7,33.9,27.91,4.33,79.72,17.9,12,-4.03,-4.78,-4.88,-4,0.35,2.61,7.9,-0.29,6.54,4.36,0.01,-3.83,Rice,Clay,0.763,0.288,21.81,7,0.363,2167.97,27.897
10.606,105.922,4,2,3.64,38.8,27.4,5.7,18.9,42.3,35.6,27.74,4.64,80.6,17.9,12,-4.02,-5.17,-5.35,-3.98,0.31,1.52,7.43,-0.41,8.29,5.16,0.33,-4.15,Rice,Clay Loam,0.722,0.296,23.08,9,0.36,2.818.361,27.727
9.198,104.871,11,6,3.64,37.2,44.5,5.7,31.7,31.1,53.1,28.04,4.45,80.82,18.06,12,-4.45,-5.29,-5.62,-3.24,-0.63,1.27,6.71,0.39,7.95,3.73,3.01,-3.78,Rice,Clay Loam,0.727,0.291,23.01,9,0.345,2.818.361,28.001
10.282,106.58,4,6,3.64,39.9,25.3,6.3,19.4,40.7,44.9,27.76,4.07,80.84,18.06,12,-3.8,-4.52,-4.6,-4.04,0.25,3.53,7.47,0.45,6.09,2.91,-0.2,-3.56,Rice,Clay Loam,0.714,0.308,20.72,7,0.361,1.517.579,27.721
20.951,106.239,2,4,3.64,35.4,28.6,5.9,27.4,37.2,23.6,24.18,4.13,82.51,14.17,12,-3.45,-2.61,-3.49,-2.27,-1.12,6.4,-0.14,6.45,7.56,0.06,-3.6,-3.84,Rice,Clay Loam,0.528,0.26,20.52,9,0.369,2.384.767,24.154
10.495,106.262,11,2,3.64,42,24.4,6.4,19.3,38.7,39.9,27.91,4.33,79.72,18.06,12,-4.03,-4.78,-4.88,-4,0.35,2.61,7.9,-0.29,6.54,4.36,0.01,-3.83,Rice,Clay,0.763,0.301,21.81,7,0.363,1.300.782,27.897
10.699,104.99,11,3,3.64,32.9,29,5.8,30.1,37,32.1,27.91,4.77,79.76,18.24,12,-3.85,-5.17,-5.46,-3.66,-0.22,0.5,5.61,-0.26,10.88,4.65,0.87,-3.94,Rice,Clay Loam,0.761,0.266,22.56,9,0.483,2.601.564,27.89
20.73,106.243,7,3,3.64,32.9,30,6.2,27.9,39.2,37.8,24.42,4.15,83.73,14.17,12,-3.54,-3.28,-3.86,-2.76,-1.25,4.9,0.24,4.95,8.6,3.24,-3.34,-3.95,Rice,Clay Loam,0.498,0.279,21.98,9,0.392,1.734.376,24.4
9.707,106.454,11,4,3.64,40.1,32.3,6.2,24.7,35.2,39.2,27.77,5.28,82.72,18.77,12,-4.89,-5.87,-6.07,-3.73,0.31,0.66,9.99,0.82,8.06,5.64,0.34,-5.29,Rice,Clay,0.644,0.288,25.85,7,0.387,1.734.376,27.744
10.631,105.123,4,2,3.64,39.6,35.6,6.2,20.7,39.7,48.2,27.91,4.77,79.76,17.9,12,-3.85,-5.17,-5.46,-3.66,-0.22,0.5,5.61,-0.26,10.88,4.65,0.87,-3.94,Rice,Clay Loam,0.761,0.31,22.56,9,0.483,1.734.376,27.897
10.738,105.065,4,3,3.64,31.9,33.2,5.6,25.7,42.4,37.4,27.91,4.77,79.76,17.9,12,-3.85,-5.17,-5.46,-3.66,-0.22,0.5,5.61,-0.26,10.88,4.65,0.87,-3.94,Rice,Clay Loam,0.761,0.283,22.56,9,0.483,3.035.158,27.89
10.721,106.107,11,2,3.64,45.1,35.8,6.1,16.9,38,41.7,27.91,4.33,79.72,18.06,12,-4.03,-4.78,-4.88,-4,0.35,2.61,7.9,-0.29,6.54,4.36,0.01,-3.83,Rice,Clay,0.763,0.31,21.81,7,0.363,1.951.173,27.897
10.832,105.284,4,4,3.64,33.6,23.6,5.6,22.6,43.7,32.7,28.16,3.9,76.87,17.9,12,-3.21,-4.25,-4.47,-3.37,-0.26,0.68,3.27,0.33,8.7,4.94,0.85,-3.21,Rice,Clay Loam,0.882,0.284,18.77,9,0.464,3.035.158,28.134
9.364,104.978,11,1,3.64,38.8,32.6,5.5,30,31.2,54.7,27.97,4.72,81.28,18.06,12,-4.59,-5.52,-5.78,-3.25,-0.54,1.6,7.82,0.24,8.31,4.06,1.94,-4.24,Rice,Clay Loam,0.706,0.298,23.92,9,0.347,3.251.955,27.964
20.884,105.977,7,7,3.64,33.3,21.6,5.9,27.7,39,27.2,24.18,4.13,82.51,14.41,12,-3.45,-2.61,-3.49,-2.27,-1.12,6.4,-0.14,6.45,7.56,0.06,-3.6,-3.84,Rice,Clay Loam,0.528,0.264,20.52,9,0.369,2.384.767,24.134
20.37,105.575,7,416,3.64,35.3,33,5.5,27.7,37,42.6,23.6,3.61,83.74,14.41,12,-3.31,-2.87,-3.1,-2.21,-1.23,4,0.43,4.46,7.45,2.88,-3.09,-3.44,Rice,Clay Loam,0.474,0.286,19.25,9,0.388,3.251.955,20.896
20.509,106.411,2,2,3.64,34.7,37.2,6.2,27.7,37.6,36.5,24.42,4.15,83.73,14.17,12,-3.54,-3.28,-3.86,-2.76,-1.25,4.9,0.24,4.95,8.6,3.24,-3.34,-3.95,Rice,Clay Loam,0.498,0.277,21.98,9,0.392,1.734.376,24.407
20.468,105.67,7,73,3.64,33.4,23.3,5.7,24.9,41.8,40.6,23.6,3.61,83.74,14.41,12,-3.31,-2.87,-3.1,-2.21,-1.23,4,0.43,4.46,7.45,2.88,-3.09,-3.44,Rice,Clay Loam,0.474,0.29,19.25,9,0.388,2.818.361,23.126
20.229,105.745,2,133,3.64,33.5,19.7,5.8,29.6,36.8,27.8,24.21,3.5,83.74,14.41,12,-3.17,-3.04,-3.17,-2.47,-1.36,1.99,1.29,2.72,8.21,4.04,-2.02,-3.04,Rice,Clay Loam,0.491,0.261,18.27,9,0.45,2.601.564,23.346
20.361,105.786,2,3,3.64,33.2,25.4,6.1,28.5,38.3,23,23.6,3.61,83.74,14.41,12,-3.31,-2.87,-3.1,-2.21,-1.23,4,0.43,4.46,7.45,2.88,-3.09,-3.44,Rice,Clay Loam,0.474,0.257,19.25,9,0.388,1.951.173,23.58
10.871,105.154,11,7,3.64,34.1,27.4,5.5,25.2,40.7,30.5,28.16,3.9,76.87,17.9,12,-3.21,-4.25,-4.47,-3.37,-0.26,0.68,3.27,0.33,8.7,4.94,0.85,-3.21,Rice,Clay Loam,0.882,0.275,18.77,9,0.464,3.251.955,28.114
20.151,105.961,2,2,3.64,32.7,27.2,6,28.2,39.1,27.3,24.89,4.18,84.24,14.41,12,-3.87,-3.88,-4.3,-3.56,-1.35,2.53,2.04,3.07,7.68,7.12,-1.86,-3.62,Rice,Clay Loam,0.496,0.263,22.44,9,0.342,2167.97,24.877
20.581,106.009,2,7,3.64,37.1,35.3,6,26.8,36.2,32.3,24.42,4.15,83.73,14.17,12,-3.54,-3.28,-3.86,-2.76,-1.25,4.9,0.24,4.95,8.6,3.24,-3.34,-3.95,Rice,Clay Loam,0.498,0.274,21.98,9,0.392,2167.97,24.374
9.746,105.572,11,2,3.64,41.8,33.7,5.9,25.7,32.5,45.5,27.58,5.68,82.83,17.03,12,-5.15,-6.22,-6.61,-3.85,-0.17,0.76,10.43,0.35,9.34,6.06,0.59,-5.48,Rice,Clay,0.633,0.295,27.48,7,0.379,2.384.767,27.567
10.415,106.76,4,2,3.64,36.1,29.8,6.4,22.8,41.1,39.8,27.76,4.07,80.84,18.06,12,-3.8,-4.52,-4.6,-4.04,0.25,3.53,7.47,0.45,6.09,2.91,-0.2,-3.56,Rice,Clay Loam,0.714,0.293,20.72,7,0.361,1.300.782,27.747
10.024,106.022,11,2,3.64,34,35.8,6.2,24.4,41.6,38.8,27.61,5.05,82.34,18.06,12,-4.58,-5.54,-5.71,-4.16,0.46,1.64,10.07,-0.1,7.61,4.57,0.32,-4.63,Rice,Clay Loam,0.653,0.288,24.72,7,0.408,1.734.376,27.597
20.565,106.27,7,4,3.64,30.1,26.8,6,25.9,43.9,27.6,24.42,4.15,83.73,14.17,12,-3.54,-3.28,-3.86,-2.76,-1.25,4.9,0.24,4.95,8.6,3.24,-3.34,-3.95,Rice,Clay Loam,0.498,0.269,21.98,9,0.392,2167.97,24.394
20.481,105.929,7,4,3.64,35.1,25,6.1,23.3,41.7,30.6,23.6,3.61,83.74,14.41,12,-3.31,-2.87,-3.1,-2.21,-1.23,4,0.43,4.46,7.45,2.88,-3.09,-3.44,Rice,Clay Loam,0.474,0.279,19.25,9,0.388,1.951.173,23.574
20.324,105.641,7,290,3.64,36,25.9,5.5,26.2,37.8,40.9,23.6,3.61,83.74,14.41,12,-3.31,-2.87,-3.1,-2.21,-1.23,4,0.43,4.46,7.45,2.88,-3.09,-3.44,Rice,Clay Loam,0.474,0.287,19.25,9,0.388,3.251.955,21.715
10.229,104.818,4,1,3.64,35.1,34.2,5.7,28.5,36.4,43.1,27.96,4.89,80.82,18.24,12,-4.26,-5.51,-5.79,-3.48,-0.34,0.99,7.3,-0.09,10.14,4.07,1.2,-4.25,Rice,Clay Loam,0.723,0.285,23.72,9,0.428,2.818.361,27.954
10.912,105.012,4,3,3.64,37.4,32,6,23.9,38.7,50.6,28.16,3.9,76.87,17.9,12,-3.21,-4.25,-4.47,-3.37,-0.26,0.68,3.27,0.33,8.7,4.94,0.85,-3.21,Rice,Clay Loam,0.882,0.306,18.77,9,0.464,2167.97,28.14
21.314,106.363,7,6,3.64,25.4,22,6.2,26.2,48.4,27.3,23.24,4.05,82.32,13.38,12,-3.55,-1.88,-3.28,-2.06,-0.89,7.01,0.69,7.59,5.4,-2.13,-3.3,-3.62,Rice,Loam,0.504,0.268,20.71,8,0.367,1.734.376,23.201
9.344,105.37,11,1,3.64,37.9,27.1,5.4,31.3,30.8,31.9,27.58,5.68,82.83,17.03,12,-5.15,-6.22,-6.61,-3.85,-0.17,0.76,10.43,0.35,9.34,6.06,0.59,-5.48,Rice,Clay Loam,0.633,0.263,27.48,7,0.379,3.468.752,27.574
10.53,104.567,4,3,3.64,38,55.4,5.6,27.8,34.2,51.1,28.02,4.28,79.32,18.24,12,-3.59,-4.73,-4.96,-3.39,-0.31,0.74,4.69,-0.22,9.83,4.01,1.31,-3.42,Rice,Clay Loam,0.783,0.298,20.62,9,0.478,3.035.158,28
9.945,105.924,4,8,3.64,38.1,32,6.1,25.5,36.4,47.6,27.52,5.44,82.42,17.03,12,-4.68,-6.01,-6.26,-4.19,0.2,1.23,10.03,-0.2,9.39,5.07,0.41,-4.97,Rice,Clay Loam,0.646,0.298,26.31,7,0.381,1.951.173,27.468
9.522,105.479,4,2,3.64,39.6,27.1,5.4,24.5,35.9,31.4,27.58,5.68,82.83,17.03,12,-5.15,-6.22,-6.61,-3.85,-0.17,0.76,10.43,0.35,9.34,6.06,0.59,-5.48,Rice,Clay Loam,0.633,0.278,27.48,7,0.379,3.468.752,27.567
9.437,105.881,11,2,3.64,36.8,39.5,5.5,31.8,31.3,38.5,27.58,5.68,82.83,17.03,12,-5.15,-6.22,-6.61,-3.85,-0.17,0.76,10.43,0.35,9.34,6.06,0.59,-5.48,Rice,Clay Loam,0.633,0.271,27.48,7,0.379,3.251.955,27.567
20.817,106.662,2,4,3.64,35.8,26.4,6,31.3,32.9,28.9,23.76,5.06,83.5,14.17,12,-3.61,-3.18,-3.97,-3.01,-1.53,10.61,0.28,6.3,8.2,-1.85,-3.74,-4.52,Rice,Clay Loam,0.485,0.258,25.41,6,0.418,2167.97,23.734
10.328,106.092,4,5,3.64,37.5,32.6,6.3,21.4,41.2,38.6,27.91,4.33,79.72,18.06,12,-4.03,-4.78,-4.88,-4,0.35,2.61,7.9,-0.29,6.54,4.36,0.01,-3.83,Rice,Clay Loam,0.763,0.295,21.81,7,0.363,1.517.579,27.878
20.728,105.59,7,332,3.64,33.1,28.9,5.7,25.9,41,43.3,23.6,3.61,83.74,14.41,12,-3.31,-2.87,-3.1,-2.21,-1.23,4,0.43,4.46,7.45,2.88,-3.09,-3.44,Rice,Clay Loam,0.474,0.291,19.25,9,0.388,2.818.361,21.442
20.808,105.942,2,7,3.64,33.6,24.8,5.9,30.6,35.8,26.3,24.18,4.13,82.51,14.41,12,-3.45,-2.61,-3.49,-2.27,-1.12,6.4,-0.14,6.45,7.56,0.06,-3.6,-3.84,Rice,Clay Loam,0.528,0.256,20.52,9,0.369,2.384.767,24.134
20.679,106.366,2,2,3.64,32.4,31.4,5.9,28.1,39.6,32.9,24.42,4.15,83.73,14.17,12,-3.54,-3.28,-3.86,-2.76,-1.25,4.9,0.24,4.95,8.6,3.24,-3.34,-3.95,Rice,Clay Loam,0.498,0.271,21.98,9,0.392,2.384.767,24.407
9.638,106.506,11,2,3.64,39.5,30.9,6.1,23.3,37.2,34.5,27.77,5.28,82.72,18.77,12,-4.89,-5.87,-6.07,-3.73,0.31,0.66,9.99,0.82,8.06,5.64,0.34,-5.29,Rice,Clay Loam,0.644,0.285,25.85,7,0.387,1.951.173,27.757
20.261,106.358,2,2,3.64,33.6,39.1,6.2,26.9,39.6,37.4,24.42,4.15,83.73,14.17,12,-3.54,-3.28,-3.86,-2.76,-1.25,4.9,0.24,4.95,8.6,3.24,-3.34,-3.95,Rice,Clay Loam,0.498,0.28,21.98,9,0.392,1.734.376,24.407
9.695,106.511,11,4,3.64,37.2,27.4,6.1,26.2,36.6,36,27.77,5.28,82.72,18.77,12,-4.89,-5.87,-6.07,-3.73,0.31,0.66,9.99,0.82,8.06,5.64,0.34,-5.29,Rice,Clay Loam,0.644,0.28,25.85,7,0.387,1.951.173,27.744
10.833,106.187,11,2,3.64,39.9,26.9,5.6,16.6,43.4,27.3,28.08,3.71,77.7,18.06,12,-3.56,-4.08,-4.13,-3.62,0.1,2.86,5.77,0.03,5.64,4.65,-0.35,-3.28,Rice,Clay Loam,0.847,0.29,19.02,7,0.303,3.035.158,28.067
20.649,106.324,7,3,3.64,31.2,36,5.8,26.5,42.3,32.9,24.42,4.15,83.73,14.17,12,-3.54,-3.28,-3.86,-2.76,-1.25,4.9,0.24,4.95,8.6,3.24,-3.34,-3.95,Rice,Clay Loam,0.498,0.275,21.98,9,0.392,2.601.564,24.4
9.743,106.497,11,2,3.64,40.3,36,6.1,30.7,29,35.7,27.77,5.28,82.72,18.77,12,-4.89,-5.87,-6.07,-3.73,0.31,0.66,9.99,0.82,8.06,5.64,0.34,-5.29,Rice,Clay,0.644,0.269,25.85,7,0.387,1.951.173,27.757
21.009,106.465,7,2,3.64,33.1,27.6,6.1,27.1,39.8,30.6,24.18,4.13,82.51,13.38,12,-3.45,-2.61,-3.49,-2.27,-1.12,6.4,-0.14,6.45,7.56,0.06,-3.6,-3.84,Rice,Clay Loam,0.528,0.271,20.52,9,0.369,1.951.173,24.167
10.254,105.917,11,2,3.64,34.8,42.4,6.2,22.6,42.6,48.5,27.74,4.64,80.6,17.9,12,-4.02,-5.17,-5.35,-3.98,0.31,1.52,7.43,-0.41,8.29,5.16,0.33,-4.15,Rice,Clay Loam,0.722,0.306,23.08,9,0.36,1.734.376,27.727
21.08,106.446,7,3,3.64,37.2,22.3,6.2,25.2,37.6,24.8,24.18,4.13,82.51,13.38,12,-3.45,-2.61,-3.49,-2.27,-1.12,6.4,-0.14,6.45,7.56,0.06,-3.6,-3.84,Rice,Clay Loam,0.528,0.267,20.52,9,0.369,1.734.376,24.16
20.05,105.77,7,93,3.64,33.2,24.7,5.7,30.9,35.9,36.7,24.21,3.5,83.74,14.41,12,-3.17,-3.04,-3.17,-2.47,-1.36,1.99,1.29,2.72,8.21,4.04,-2.02,-3.04,Rice,Clay Loam,0.491,0.27,18.27,9,0.45,2.818.361,23.606
21.069,106.426,7,18,3.64,31.6,29.8,5.9,29,39.4,30.6,24.18,4.13,82.51,13.38,12,-3.45,-2.61,-3.49,-2.27,-1.12,6.4,-0.14,6.45,7.56,0.06,-3.6,-3.84,Rice,Clay Loam,0.528,0.266,20.52,9,0.369,2.384.767,24.063
9.074,104.903,4,3,3.64,37.5,52.3,5.7,32.4,30.2,60.6,28.04,4.45,80.82,18.06,12,-4.45,-5.29,-5.62,-3.24,-0.63,1.27,6.71,0.39,7.95,3.73,3.01,-3.78,Rice,Clay Loam,0.727,0.3,23.01,9,0.345,2.818.361,28.02
20.5,106.353,7,2,3.64,36.6,30.6,6.1,27.3,36.1,28.2,24.42,4.15,83.73,14.17,12,-3.54,-3.28,-3.86,-2.76,-1.25,4.9,0.24,4.95,8.6,3.24,-3.34,-3.95,Rice,Clay Loam,0.498,0.267,21.98,9,0.392,1.951.173,24.407
9.965,106.451,4,5,3.64,39.6,37.7,6.2,22.8,37.6,41.3,27.61,5.05,82.34,18.77,12,-4.58,-5.54,-5.71,-4.16,0.46,1.64,10.07,-0.1,7.61,4.57,0.32,-4.63,Rice,Clay Loam,0.653,0.295,24.72,7,0.408,1.734.376,27.578
10.784,106.501,11,3,3.64,38.3,32.3,5.8,20.9,40.8,31.5,28.08,3.71,77.7,18.06,12,-3.56,-4.08,-4.13,-3.62,0.1,2.86,5.77,0.03,5.64,4.65,-0.35,-3.28,Rice,Clay Loam,0.847,0.286,19.02,7,0.303,2.601.564,28.06
10.31,104.927,11,6,3.64,36.5,33.2,5.9,25.6,37.9,78.7,27.91,4.77,79.76,18.24,12,-3.85,-5.17,-5.46,-3.66,-0.22,0.5,5.61,-0.26,10.88,4.65,0.87,-3.94,Rice,Clay Loam,0.761,0.341,22.56,9,0.483,2.384.767,27.871
21.207,106.62,7,66,3.64,32.3,23.9,5.8,26,41.7,26.8,23.76,5.06,83.5,13.38,12,-3.61,-3.18,-3.97,-3.01,-1.53,10.61,0.28,6.3,8.2,-1.85,-3.74,-4.52,Rice,Clay Loam,0.485,0.268,25.41,6,0.418,2.601.564,23.331
20.581,106.145,2,8,3.64,33.9,28.9,6,27.7,38.4,30.7,24.42,4.15,83.73,14.17,12,-3.54,-3.28,-3.86,-2.76,-1.25,4.9,0.24,4.95,8.6,3.24,-3.34,-3.95,Rice,Clay Loam,0.498,0.269,21.98,9,0.392,2167.97,24.368
9.394,105.483,4,1,3.64,39.9,42.8,5.6,32.5,27.6,54.5,27.58,5.68,82.83,17.03,12,-5.15,-6.22,-6.61,-3.85,-0.17,0.76,10.43,0.35,9.34,6.06,0.59,-5.48,Rice,Clay Loam,0.633,0.292,27.48,7,0.379,3.035.158,27.574
9.402,106.109,11,3,3.64,39.8,41.6,5.8,33,27.2,39.6,27.77,5.28,82.72,18.77,12,-4.89,-5.87,-6.07,-3.73,0.31,0.66,9.99,0.82,8.06,5.64,0.34,-5.29,Rice,Clay Loam,0.644,0.27,25.85,7,0.387,2.601.564,27.75
21.323,106.334,2,11,3.64,26.8,22.1,6.2,26.6,46.6,27.7,23.24,4.05,82.32,13.38,12,-3.55,-1.88,-3.28,-2.06,-0.89,7.01,0.69,7.59,5.4,-2.13,-3.3,-3.62,Rice,Loam,0.504,0.268,20.71,8,0.367,1.734.376,23.168
9.697,105.565,4,2,3.64,39.7,32.9,5.9,26.5,33.8,38.9,27.58,5.68,82.83,17.03,12,-5.15,-6.22,-6.61,-3.85,-0.17,0.76,10.43,0.35,9.34,6.06,0.59,-5.48,Rice,Clay Loam,0.633,0.284,27.48,7,0.379,2.384.767,27.567
9.097,105.047,11,1,3.64,38,46.5,5.5,30.6,31.4,47.9,28.04,4.45,80.82,17.03,12,-4.45,-5.29,-5.62,-3.24,-0.63,1.27,6.71,0.39,7.95,3.73,3.01,-3.78,Rice,Clay Loam,0.727,0.287,23.01,9,0.345,3.251.955,28.034
8.871,104.845,4,1,3.64,40.6,56.6,5.4,32.4,27,48.9,28.04,4.45,80.82,17.74,12,-4.45,-5.29,-5.62,-3.24,-0.63,1.27,6.71,0.39,7.95,3.73,3.01,-3.78,Rice,Clay,0.727,0.284,23.01,9,0.345,3.468.752,28.034
21.346,105.869,2,10,3.64,29.8,24.5,6.1,30.8,39.4,24.1,23.66,4.1,82.25,14.01,12,-3.83,-2.11,-3.41,-2.35,-0.33,6.36,1.26,8.89,4.16,-1.78,-3.22,-3.69,Rice,Clay Loam,0.519,0.253,20.72,8,0.43,1.951.173,23.595
20.617,105.618,7,215,3.64,35.4,26.8,5.5,25.7,38.9,34.7,23.6,3.61,83.74,14.41,12,-3.31,-2.87,-3.1,-2.21,-1.23,4,0.43,4.46,7.45,2.88,-3.09,-3.44,Rice,Clay Loam,0.474,0.279,19.25,9,0.388,3.251.955,22.202
20.016,105.972,2,3,3.64,31.8,32.5,6,31.7,36.5,28.1,24.89,4.18,84.24,14.41,12,-3.87,-3.88,-4.3,-3.56,-1.35,2.53,2.04,3.07,7.68,7.12,-1.86,-3.62,Rice,Clay Loam,0.496,0.256,22.44,9,0.342,2167.97,24.87
9.903,105.752,4,5,3.64,39.3,27.3,6.1,25.2,35.5,37.2,27.52,5.44,82.42,17.03,12,-4.68,-6.01,-6.26,-4.19,0.2,1.23,10.03,-0.2,9.39,5.07,0.41,-4.97,Rice,Clay Loam,0.646,0.284,26.31,7,0.381,1.951.173,27.488
21.38,105.783,7,24,3.64,33.8,23.5,6,29.2,37,20.7,23.66,4.1,82.25,14.01,12,-3.83,-2.11,-3.41,-2.35,-0.33,6.36,1.26,8.89,4.16,-1.78,-3.22,-3.69,Rice,Clay Loam,0.519,0.252,20.72,8,0.43,2167.97,23.504
10.77,104.787,4,5,3.64,27.8,39.3,5.4,35.5,36.7,31.4,28.16,3.9,76.87,18.24,12,-3.21,-4.25,-4.47,-3.37,-0.26,0.68,3.27,0.33,8.7,4.94,0.85,-3.21,Rice,Clay Loam,0.882,0.252,18.77,9,0.464,3.468.752,28.128
10.405,104.824,11,6,3.64,29.7,45.1,5.9,26.6,43.7,40.7,27.91,4.77,79.76,18.24,12,-3.85,-5.17,-5.46,-3.66,-0.22,0.5,5.61,-0.26,10.88,4.65,0.87,-3.94,Rice,Clay Loam,0.761,0.286,22.56,9,0.483,2.384.767,27.871
10.843,104.879,11,5,3.64,31.3,39.4,5.1,29.5,39.2,29.8,28.16,3.9,76.87,18.24,12,-3.21,-4.25,-4.47,-3.37,-0.26,0.68,3.27,0.33,8.7,4.94,0.85,-3.21,Rice,Clay Loam,0.882,0.264,18.77,9,0.464,4.119.143,28.128
10.903,106.444,11,5,3.64,41.7,20.5,5.6,19.2,39.2,24.4,28.08,3.71,77.7,18.06,12,-3.56,-4.08,-4.13,-3.62,0.1,2.86,5.77,0.03,5.64,4.65,-0.35,-3.28,Rice,Clay,0.847,0.28,19.02,7,0.303,3.035.158,28.048
20.27,105.84,7,4,3.64,30.5,24.2,5.9,30.3,39.2,26.1,23.6,3.61,83.74,14.41,12,-3.31,-2.87,-3.1,-2.21,-1.23,4,0.43,4.46,7.45,2.88,-3.09,-3.44,Rice,Clay Loam,0.474,0.257,19.25,9,0.388,2.384.767,23.574
10.565,105.278,4,3,3.64,36.6,26.6,5.6,22.4,41,38.2,27.91,4.77,79.76,17.9,12,-3.85,-5.17,-5.46,-3.66,-0.22,0.5,5.61,-0.26,10.88,4.65,0.87,-3.94,Rice,Clay Loam,0.761,0.292,22.56,9,0.483,3.035.158,27.89
10.767,106.215,11,4,3.64,45.5,30.5,6.1,14.5,40,38,28.08,3.71,77.7,18.06,12,-3.56,-4.08,-4.13,-3.62,0.1,2.86,5.77,0.03,5.64,4.65,-0.35,-3.28,Rice,Clay,0.847,0.31,19.02,7,0.303,1.951.173,28.054
20.426,105.758,2,66,3.64,32.8,24.7,5.8,27.5,39.7,28.9,23.6,3.61,83.74,14.41,12,-3.31,-2.87,-3.1,-2.21,-1.23,4,0.43,4.46,7.45,2.88,-3.09,-3.44,Rice,Clay Loam,0.474,0.267,19.25,9,0.388,2.601.564,23.171
21.162,106.168,7,4,3.64,29.5,24.6,6.1,32,38.5,25.9,24.18,4.13,82.51,13.38,12,-3.45,-2.61,-3.49,-2.27,-1.12,6.4,-0.14,6.45,7.56,0.06,-3.6,-3.84,Rice,Clay Loam,0.528,0.253,20.52,9,0.369,1.951.173,24.154
21.085,105.803,2,12,3.64,26.5,22.5,6,32,41.5,25.3,23.88,3.84,82.73,14.01,12,-3.62,-2.57,-3.27,-2.24,-0.69,5.8,0.34,6.86,5.89,0.57,-3.41,-3.66,Rice,Loam,0.512,0.252,19.46,8,0.353,2167.97,23.802
20.918,106.045,2,5,3.64,35.7,25.6,6.1,26.1,38.2,24.1,24.18,4.13,82.51,14.17,12,-3.45,-2.61,-3.49,-2.27,-1.12,6.4,-0.14,6.45,7.56,0.06,-3.6,-3.84,Rice,Clay Loam,0.528,0.264,20.52,9,0.369,1.951.173,24.148
9.364,105.419,11,1,3.64,41.3,43.9,5.5,33.1,25.6,37.6,27.58,5.68,82.83,17.03,12,-5.15,-6.22,-6.61,-3.85,-0.17,0.76,10.43,0.35,9.34,6.06,0.59,-5.48,Rice,Clay,0.633,0.267,27.48,7,0.379,3.251.955,27.574
20.488,106.475,2,2,3.64,34.5,32.9,5.9,27.8,37.8,33.6,24.42,4.15,83.73,14.17,12,-3.54,-3.28,-3.86,-2.76,-1.25,4.9,0.24,4.95,8.6,3.24,-3.34,-3.95,Rice,Clay Loam,0.498,0.273,21.98,9,0.392,2.384.767,24.407
10.174,106.605,11,3,3.64,40,40.1,6.2,20.6,39.5,37.1,27.9,4.57,82.8,18.06,12,-4.11,-5.15,-5.27,-3.9,0.42,1.5,8.42,0.47,7.6,3.69,0.73,-4.35,Rice,Clay,0.646,0.295,22.78,7,0.369,1.734.376,27.88
21.489,106.361,7,20,3.64,30.3,21.1,6.2,26.7,43,19.2,23.24,4.05,82.32,13.38,12,-3.55,-1.88,-3.28,-2.06,-0.89,7.01,0.69,7.59,5.4,-2.13,-3.3,-3.62,Rice,Clay Loam,0.504,0.255,20.71,8,0.367,1.734.376,23.11
21.441,105.867,2,18,3.64,29.9,24.2,6,30,40.1,22.4,23.66,4.1,82.25,14.01,12,-3.83,-2.11,-3.41,-2.35,-0.33,6.36,1.26,8.89,4.16,-1.78,-3.22,-3.69,Rice,Clay Loam,0.519,0.252,20.72,8,0.43,2167.97,23.543
20.503,106.253,2,4,3.64,32.8,32.3,6,28,39.2,44.4,24.42,4.15,83.73,14.17,12,-3.54,-3.28,-3.86,-2.76,-1.25,4.9,0.24,4.95,8.6,3.24,-3.34,-3.95,Rice,Clay Loam,0.498,0.288,21.98,9,0.392,2167.97,24.394
10.193,106.22,4,4,3.64,34.5,31.8,6.3,19.9,45.5,44,27.61,5.05,82.34,18.06,12,-4.58,-5.54,-5.71,-4.16,0.46,1.64,10.07,-0.1,7.61,4.57,0.32,-4.63,Rice,Clay Loam,0.653,0.306,24.72,7,0.408,1.517.579,27.584
10.971,105.815,4,4,3.64,29.1,26.2,5.3,30.5,40.4,30.8,28.1,3.74,77.56,17.9,12,-3.37,-4.2,-4.32,-3.49,0.06,1.63,4.58,-0.12,6.51,5.58,0.4,-3.31,Rice,Clay Loam,0.853,0.263,18.81,9,0.347,3.685.549,28.074
10.396,106.367,4,5,3.64,35.1,36,6.2,18.7,46.2,42.2,27.91,4.33,79.72,18.06,12,-4.03,-4.78,-4.88,-4,0.35,2.61,7.9,-0.29,6.54,4.36,0.01,-3.83,Rice,Clay Loam,0.763,0.306,21.81,7,0.363,1.734.376,27.878
9.379,105.14,11,1,3.64,42.2,47.6,5.7,28.2,29.6,57.1,27.97,4.72,81.28,17.03,12,-4.59,-5.52,-5.78,-3.25,-0.54,1.6,7.82,0.24,8.31,4.06,1.94,-4.24,Rice,Clay,0.706,0.305,23.92,9,0.347,2.818.361,27.964
9.754,105.639,11,4,3.64,41.1,31.3,5.9,24.3,34.6,41.3,27.52,5.44,82.42,17.03,12,-4.68,-6.01,-6.26,-4.19,0.2,1.23,10.03,-0.2,9.39,5.07,0.41,-4.97,Rice,Clay,0.646,0.292,26.31,7,0.381,2.384.767,27.494
20.197,106.351,7,2,3.64,32.6,24.6,5.8,31,36.4,26.1,24.89,4.18,84.24,14.17,12,-3.87,-3.88,-4.3,-3.56,-1.35,2.53,2.04,3.07,7.68,7.12,-1.86,-3.62,Rice,Clay Loam,0.496,0.255,22.44,9,0.342,2.601.564,24.877
10.342,106.527,4,8,3.64,37.6,29.2,6.3,20.4,41.9,34.1,27.91,4.33,79.72,18.06,12,-4.03,-4.78,-4.88,-4,0.35,2.61,7.9,-0.29,6.54,4.36,0.01,-3.83,Rice,Clay Loam,0.763,0.291,21.81,7,0.363,1.517.579,27.858
10.248,104.892,4,5,3.64,36.7,30.1,5.9,24.8,38.6,84.2,27.96,4.89,80.82,18.24,12,-4.26,-5.51,-5.79,-3.48,-0.34,0.99,7.3,-0.09,10.14,4.07,1.2,-4.25,Rice,Clay Loam,0.723,0.351,23.72,9,0.428,2.384.767,27.928
20.791,106.177,7,3,3.64,34.2,26.7,6,27.1,38.8,24.7,24.18,4.13,82.51,14.17,12,-3.45,-2.61,-3.49,-2.27,-1.12,6.4,-0.14,6.45,7.56,0.06,-3.6,-3.84,Rice,Clay Loam,0.528,0.262,20.52,9,0.369,2167.97,24.16
9.834,106.234,11,6,3.64,36.2,27.9,6.1,27,36.8,37.5,27.61,5.05,82.34,18.77,12,-4.58,-5.54,-5.71,-4.16,0.46,1.64,10.07,-0.1,7.61,4.57,0.32,-4.63,Rice,Clay Loam,0.653,0.28,24.72,7,0.408,1.951.173,27.571
20.711,106.097,2,4,3.64,34,27.6,5.8,26.4,39.6,26.7,24.42,4.15,83.73,14.17,12,-3.54,-3.28,-3.86,-2.76,-1.25,4.9,0.24,4.95,8.6,3.24,-3.34,-3.95,Rice,Clay Loam,0.498,0.267,21.98,9,0.392,2.601.564,24.394
21.147,105.832,7,14,3.64,25.1,19.6,6.2,32.5,42.4,21.2,23.88,3.84,82.73,14.01,12,-3.62,-2.57,-3.27,-2.24,-0.69,5.8,0.34,6.86,5.89,0.57,-3.41,-3.66,Rice,Loam,0.512,0.245,19.46,8,0.353,1.734.376,23.789
20.949,106.306,2,3,3.64,34.1,25,6.2,30.6,35.2,22.2,24.18,4.13,82.51,14.17,12,-3.45,-2.61,-3.49,-2.27,-1.12,6.4,-0.14,6.45,7.56,0.06,-3.6,-3.84,Rice,Clay Loam,0.528,0.251,20.52,9,0.369,1.734.376,24.16
10.982,105.989,11,5,3.64,25.7,35.5,5.3,29.5,44.8,26.2,28.08,3.71,77.7,17.9,12,-3.56,-4.08,-4.13,-3.62,0.1,2.86,5.77,0.03,5.64,4.65,-0.35,-3.28,Rice,Loam,0.847,0.259,19.02,7,0.303,3.685.549,28.048
20.175,105.773,7,100,3.64,31.5,24.2,5.8,30.2,38.3,31.3,24.21,3.5,83.74,14.41,12,-3.17,-3.04,-3.17,-2.47,-1.36,1.99,1.29,2.72,8.21,4.04,-2.02,-3.04,Rice,Clay Loam,0.491,0.264,18.27,9,0.45,2.601.564,23.56
10.67,106.4,4,3,3.64,41.6,32.1,5.9,20.6,37.8,27.6,27.91,4.33,79.72,18.06,12,-4.03,-4.78,-4.88,-4,0.35,2.61,7.9,-0.29,6.54,4.36,0.01,-3.83,Rice,Clay,0.763,0.281,21.81,7,0.363,2.384.767,27.89
9.946,105.592,11,3,3.64,36.1,34.4,6.1,24.2,39.7,46.9,27.52,5.44,82.42,17.03,12,-4.68,-6.01,-6.26,-4.19,0.2,1.23,10.03,-0.2,9.39,5.07,0.41,-4.97,Rice,Clay Loam,0.646,0.3,26.31,7,0.381,1.951.173,27.5
20.241,106.28,7,4,3.64,33.9,24.9,5.9,30.6,35.5,25.6,24.89,4.18,84.24,14.17,12,-3.87,-3.88,-4.3,-3.56,-1.35,2.53,2.04,3.07,7.68,7.12,-1.86,-3.62,Rice,Clay Loam,0.496,0.255,22.44,9,0.342,2.384.767,24.864
10.841,106.315,11,2,3.64,43.9,30.9,5.7,20.2,35.9,28.1,28.08,3.71,77.7,18.06,12,-3.56,-4.08,-4.13,-3.62,0.1,2.86,5.77,0.03,5.64,4.65,-0.35,-3.28,Rice,Clay,0.847,0.283,19.02,7,0.303,2.818.361,28.067
20.998,106.56,2,2,3.64,37,26.1,6.2,26.1,37,39.5,24.18,4.13,82.51,14.17,12,-3.45,-2.61,-3.49,-2.27,-1.12,6.4,-0.14,6.45,7.56,0.06,-3.6,-3.84,Rice,Clay Loam,0.528,0.285,20.52,9,0.369,1.734.376,24.167
20.569,106.479,2,4,3.64,37.3,37.1,6.1,24.7,38,38.3,24.42,4.15,83.73,14.17,12,-3.54,-3.28,-3.86,-2.76,-1.25,4.9,0.24,4.95,8.6,3.24,-3.34,-3.95,Rice,Clay Loam,0.498,0.287,21.98,9,0.392,1.951.173,24.394
10.338,104.64,11,2,3.64,34.3,50,5.5,25,40.6,55.2,28.02,4.28,79.32,18.24,12,-3.59,-4.73,-4.96,-3.39,-0.31,0.74,4.69,-0.22,9.83,4.01,1.31,-3.42,Rice,Clay Loam,0.783,0.31,20.62,9,0.478,3.251.955,28.007
10.174,106.419,4,6,3.64,36.9,35.8,6.2,20.6,42.5,45.8,27.61,5.05,82.34,18.06,12,-4.58,-5.54,-5.71,-4.16,0.46,1.64,10.07,-0.1,7.61,4.57,0.32,-4.63,Rice,Clay Loam,0.653,0.307,24.72,7,0.408,1.734.376,27.571
20.896,106.127,2,6,3.64,35.1,23.8,5.8,25.5,39.4,22.6,24.18,4.13,82.51,14.17,12,-3.45,-2.61,-3.49,-2.27,-1.12,6.4,-0.14,6.45,7.56,0.06,-3.6,-3.84,Rice,Clay Loam,0.528,0.263,20.52,9,0.369,2.601.564,24.141
21.39,105.748,7,56,3.64,34.8,24.9,6,30.3,34.9,23.5,23.66,4.1,82.25,14.01,12,-3.83,-2.11,-3.41,-2.35,-0.33,6.36,1.26,8.89,4.16,-1.78,-3.22,-3.69,Rice,Clay Loam,0.519,0.253,20.72,8,0.43,2167.97,23.296
9.624,106.087,4,2,3.64,36.8,38.3,6,24.8,38.4,53,27.77,5.28,82.72,18.77,12,-4.89,-5.87,-6.07,-3.73,0.31,0.66,9.99,0.82,8.06,5.64,0.34,-5.29,Rice,Clay Loam,0.644,0.307,25.85,7,0.387,2167.97,27.757
10.903,106.047,4,5,3.64,35.8,47.5,5,24.4,39.8,41.2,28.08,3.71,77.7,18.06,12,-3.56,-4.08,-4.13,-3.62,0.1,2.86,5.77,0.03,5.64,4.65,-0.35,-3.28,Rice,Clay Loam,0.847,0.292,19.02,7,0.303,4335.94,28.048
9.486,105.586,4,2,3.64,41,28.1,5.8,24.3,34.7,30.7,27.58,5.68,82.83,17.03,12,-5.15,-6.22,-6.61,-3.85,-0.17,0.76,10.43,0.35,9.34,6.06,0.59,-5.48,Rice,Clay,0.633,0.277,27.48,7,0.379,2.601.564,27.567
20.254,105.773,7,6,3.64,29.3,25.1,6,31.1,39.6,28.8,23.6,3.61,83.74,14.41,12,-3.31,-2.87,-3.1,-2.21,-1.23,4,0.43,4.46,7.45,2.88,-3.09,-3.44,Rice,Clay Loam,0.474,0.259,19.25,9,0.388,2167.97,23.561
9.07,105.397,11,5,3.64,40.7,37,5.9,31.6,27.7,43.7,27.84,5.34,82.89,17.03,12,-5.21,-5.96,-6.44,-3.2,-0.3,0.5,9.1,0.95,8.41,6.51,1.07,-5.45,Rice,Clay,0.641,0.278,26.56,7,0.343,2.384.767,27.808
21.456,105.531,2,22,3.64,33.3,25,6.2,28,38.8,22.1,23.66,4.1,82.25,14.01,12,-3.83,-2.11,-3.41,-2.35,-0.33,6.36,1.26,8.89,4.16,-1.78,-3.22,-3.69,Rice,Clay Loam,0.519,0.257,20.72,8,0.43,1.734.376,23.517
9.461,104.951,11,2,3.64,39.3,38.8,5.5,25.3,35.4,52.1,27.97,4.72,81.28,18.06,12,-4.59,-5.52,-5.78,-3.25,-0.54,1.6,7.82,0.24,8.31,4.06,1.94,-4.24,Rice,Clay Loam,0.706,0.305,23.92,9,0.347,3.251.955,27.957
9.06,105.078,4,1,3.64,38.6,46.6,5.4,32.4,29.1,51.7,28.04,4.45,80.82,17.03,12,-4.45,-5.29,-5.62,-3.24,-0.63,1.27,6.71,0.39,7.95,3.73,3.01,-3.78,Rice,Clay Loam,0.727,0.288,23.01,9,0.345,3.468.752,28.034
9.451,104.864,4,3,3.64,35.9,34.9,5.6,27.7,36.4,56.6,27.97,4.72,81.28,18.06,12,-4.59,-5.52,-5.78,-3.25,-0.54,1.6,7.82,0.24,8.31,4.06,1.94,-4.24,Rice,Clay Loam,0.706,0.306,23.92,9,0.347,3.035.158,27.95
21.093,105.991,7,6,3.64,28.7,20.8,6.2,32.2,39.1,22.3,24.18,4.13,82.51,14.01,12,-3.45,-2.61,-3.49,-2.27,-1.12,6.4,-0.14,6.45,7.56,0.06,-3.6,-3.84,Rice,Clay Loam,0.528,0.247,20.52,9,0.369,1.734.376,24.141
20.818,106.479,7,4,3.64,36.7,29.5,5.8,30.1,33.3,30,24.18,4.13,82.51,14.17,12,-3.45,-2.61,-3.49,-2.27,-1.12,6.4,-0.14,6.45,7.56,0.06,-3.6,-3.84,Rice,Clay Loam,0.528,0.263,20.52,9,0.369,2.601.564,24.154
10.555,104.979,11,9,3.64,29.8,34.4,5.7,40.5,29.7,55.4,27.91,4.77,79.76,18.24,12,-3.85,-5.17,-5.46,-3.66,-0.22,0.5,5.61,-0.26,10.88,4.65,0.87,-3.94,Rice,Clay Loam,0.761,0.274,22.56,9,0.483,2.818.361,27.852
10.4,105.345,11,2,3.64,43.6,33.9,5.6,16.1,40.3,36,27.74,4.64,80.6,17.9,12,-4.02,-5.17,-5.35,-3.98,0.31,1.52,7.43,-0.41,8.29,5.16,0.33,-4.15,Rice,Clay,0.722,0.303,23.08,9,0.36,3.035.158,27.727
20.84,106.548,7,3,3.64,35.4,26.8,5.9,31.1,33.5,39.5,24.18,4.13,82.51,14.17,12,-3.45,-2.61,-3.49,-2.27,-1.12,6.4,-0.14,6.45,7.56,0.06,-3.6,-3.84,Rice,Clay Loam,0.528,0.274,20.52,9,0.369,2.384.767,24.16
10.126,104.861,4,2,3.64,33.6,28.3,5.5,26.2,40.1,52.3,27.96,4.89,80.82,18.24,12,-4.26,-5.51,-5.79,-3.48,-0.34,0.99,7.3,-0.09,10.14,4.07,1.2,-4.25,Rice,Clay Loam,0.723,0.303,23.72,9,0.428,3.251.955,27.947
10.711,106.215,11,3,3.64,38,32.5,6,17.1,44.9,48.9,27.91,4.33,79.72,18.06,12,-4.03,-4.78,-4.88,-4,0.35,2.61,7.9,-0.29,6.54,4.36,0.01,-3.83,Rice,Clay Loam,0.763,0.319,21.81,7,0.363,2167.97,27.89
21.34,106.657,2,25,3.64,35,21.3,6.3,25,40,22.5,22.33,4.4,83.68,13.38,12,-3.51,-2.18,-3.29,-2.25,-1.59,9.09,1.12,6.42,6.2,-2.75,-3.26,-3.95,Rice,Clay Loam,0.44,0.264,22.78,6,0.398,1.517.579,22.167
21.221,106.366,7,4,3.64,32.8,20.7,6,26.5,40.7,21.4,24.18,4.13,82.51,13.38,12,-3.45,-2.61,-3.49,-2.27,-1.12,6.4,-0.14,6.45,7.56,0.06,-3.6,-3.84,Rice,Clay Loam,0.528,0.259,20.52,9,0.369,2167.97,24.154
21.351,106.207,2,7,3.64,31.2,24.1,6.1,29,39.8,23.6,23.24,4.05,82.32,13.38,12,-3.55,-1.88,-3.28,-2.06,-0.89,7.01,0.69,7.59,5.4,-2.13,-3.3,-3.62,Rice,Clay Loam,0.504,0.256,20.71,8,0.367,1.951.173,23.194
20.739,106.125,7,3,3.64,36.6,26.8,6,27.2,36.2,29.4,24.42,4.15,83.73,14.17,12,-3.54,-3.28,-3.86,-2.76,-1.25,4.9,0.24,4.95,8.6,3.24,-3.34,-3.95,Rice,Clay Loam,0.498,0.269,21.98,9,0.392,2167.97,24.4
21.307,106.682,7,232,3.64,32.3,27.1,5.7,27.2,40.5,37.6,22.33,4.4,83.68,13.38,12,-3.51,-2.18,-3.29,-2.25,-1.59,9.09,1.12,6.42,6.2,-2.75,-3.26,-3.95,Rice,Clay Loam,0.44,0.28,22.78,6,0.398,2.818.361,20.822
9.706,105.635,4,2,3.64,38.3,34.5,5.9,25.6,36.1,50.1,27.58,5.68,82.83,17.03,12,-5.15,-6.22,-6.61,-3.85,-0.17,0.76,10.43,0.35,9.34,6.06,0.59,-5.48,Rice,Clay Loam,0.633,0.301,27.48,7,0.379,2.384.767,27.567
10.383,105.533,4,3,3.64,39.3,26.9,5.7,17.5,43.2,30.7,27.74,4.64,80.6,17.9,12,-4.02,-5.17,-5.35,-3.98,0.31,1.52,7.43,-0.41,8.29,5.16,0.33,-4.15,Rice,Clay Loam,0.722,0.293,23.08,9,0.36,2.818.361,27.72
10.744,106.474,4,2,3.64,42.4,33.1,5.9,19.9,37.6,25.4,27.91,4.33,79.72,18.06,12,-4.03,-4.78,-4.88,-4,0.35,2.61,7.9,-0.29,6.54,4.36,0.01,-3.83,Rice,Clay,0.763,0.28,21.81,7,0.363,2.384.767,27.897
20.494,105.964,2,3,3.64,33.4,23.3,6.1,26.3,40.2,24.5,24.42,4.15,83.73,14.41,12,-3.54,-3.28,-3.86,-2.76,-1.25,4.9,0.24,4.95,8.6,3.24,-3.34,-3.95,Rice,Clay Loam,0.498,0.264,21.98,9,0.392,1.951.173,24.4
20.236,105.944,2,2,3.64,32.2,19.8,6,27,40.8,25.9,24.89,4.18,84.24,14.41,12,-3.87,-3.88,-4.3,-3.56,-1.35,2.53,2.04,3.07,7.68,7.12,-1.86,-3.62,Rice,Clay Loam,0.496,0.264,22.44,9,0.342,2167.97,24.877
20.214,105.69,7,142,3.64,30,23.5,5.7,30,40,33.1,24.21,3.5,83.74,14.41,12,-3.17,-3.04,-3.17,-2.47,-1.36,1.99,1.29,2.72,8.21,4.04,-2.02,-3.04,Rice,Clay Loam,0.491,0.267,18.27,9,0.45,2.818.361,23.287
20.795,105.531,7,356,3.64,32.7,28.9,5.7,26.4,40.9,38.7,23.88,3.84,82.73,14.41,12,-3.62,-2.57,-3.27,-2.24,-0.69,5.8,0.34,6.86,5.89,0.57,-3.41,-3.66,Rice,Clay Loam,0.512,0.283,19.46,8,0.353,2.818.361,21.566
10.189,104.974,11,1,3.64,39.8,32.5,5.6,24.7,35.5,50.4,27.96,4.89,80.82,18.24,12,-4.26,-5.51,-5.79,-3.48,-0.34,0.99,7.3,-0.09,10.14,4.07,1.2,-4.25,Rice,Clay Loam,0.723,0.304,23.72,9,0.428,3.035.158,27.954
10.834,106.096,4,2,3.64,39.2,23,5.2,18,42.9,22.4,28.08,3.71,77.7,18.06,12,-3.56,-4.08,-4.13,-3.62,0.1,2.86,5.77,0.03,5.64,4.65,-0.35,-3.28,Rice,Clay Loam,0.847,0.28,19.02,7,0.303,3.902.346,28.067
21.449,106.384,2,65,3.64,29.2,23.2,5.7,22.9,47.9,27.7,23.24,4.05,82.32,13.38,12,-3.55,-1.88,-3.28,-2.06,-0.89,7.01,0.69,7.59,5.4,-2.13,-3.3,-3.62,Rice,Clay Loam,0.504,0.276,20.71,8,0.367,2.818.361,22.818
21.053,105.939,7,11,3.64,26.6,19.6,6.2,30.9,42.4,22.6,24.18,4.13,82.51,14.01,12,-3.45,-2.61,-3.49,-2.27,-1.12,6.4,-0.14,6.45,7.56,0.06,-3.6,-3.84,Rice,Loam,0.528,0.251,20.52,9,0.369,1.734.376,24.108
20.647,105.994,2,4,3.64,32.3,25.3,5.9,27.9,39.7,24.7,24.42,4.15,83.73,14.41,12,-3.54,-3.28,-3.86,-2.76,-1.25,4.9,0.24,4.95,8.6,3.24,-3.34,-3.95,Rice,Clay Loam,0.498,0.26,21.98,9,0.392,2.384.767,24.394
20.353,105.671,7,32,3.64,31.7,23.2,5.8,28,40.3,23.8,23.6,3.61,83.74,14.41,12,-3.31,-2.87,-3.1,-2.21,-1.23,4,0.43,4.46,7.45,2.88,-3.09,-3.44,Rice,Clay Loam,0.474,0.259,19.25,9,0.388,2.601.564,23.392
20.703,106.29,2,5,3.64,34,29.7,5.9,27.3,38.7,28.3,24.42,4.15,83.73,14.17,12,-3.54,-3.28,-3.86,-2.76,-1.25,4.9,0.24,4.95,8.6,3.24,-3.34,-3.95,Rice,Clay Loam,0.498,0.267,21.98,9,0.392,2.384.767,24.388
10.537,106.194,4,2,3.64,42.4,33.7,6.2,17.7,39.9,32.8,27.91,4.33,79.72,18.06,12,-4.03,-4.78,-4.88,-4,0.35,2.61,7.9,-0.29,6.54,4.36,0.01,-3.83,Rice,Clay,0.763,0.295,21.81,7,0.363,1.734.376,27.897
21.41,105.522,2,19,3.64,32.6,22.3,6.1,28.9,38.4,21.6,23.66,4.1,82.25,14.01,12,-3.83,-2.11,-3.41,-2.35,-0.33,6.36,1.26,8.89,4.16,-1.78,-3.22,-3.69,Rice,Clay Loam,0.519,0.254,20.72,8,0.43,1.951.173,23.536
10.569,105.19,11,2,3.64,40.1,35.2,5.6,21.9,38,37.5,27.91,4.77,79.76,17.9,12,-3.85,-5.17,-5.46,-3.66,-0.22,0.5,5.61,-0.26,10.88,4.65,0.87,-3.94,Rice,Clay,0.761,0.292,22.56,9,0.483,3.035.158,27.897
20.938,105.968,2,4,3.64,29.3,22.3,6.1,27.6,43,25.5,24.18,4.13,82.51,14.41,12,-3.45,-2.61,-3.49,-2.27,-1.12,6.4,-0.14,6.45,7.56,0.06,-3.6,-3.84,Rice,Clay Loam,0.528,0.262,20.52,9,0.369,1.951.173,24.154
9.789,105.125,11,1,3.64,37.5,43.7,5.3,25.9,36.5,56.6,27.96,4.89,80.82,17.03,12,-4.26,-5.51,-5.79,-3.48,-0.34,0.99,7.3,-0.09,10.14,4.07,1.2,-4.25,Rice,Clay Loam,0.723,0.31,23.72,9,0.428,3.685.549,27.954
20.748,106.006,2,4,3.64,34.5,27.2,5.9,28.6,36.9,25.1,24.42,4.15,83.73,14.17,12,-3.54,-3.28,-3.86,-2.76,-1.25,4.9,0.24,4.95,8.6,3.24,-3.34,-3.95,Rice,Clay Loam,0.498,0.259,21.98,9,0.392,2.384.767,24.394
20.548,106.23,7,2,3.64,31.8,33.7,6,26.3,41.9,31.2,24.42,4.15,83.73,14.17,12,-3.54,-3.28,-3.86,-2.76,-1.25,4.9,0.24,4.95,8.6,3.24,-3.34,-3.95,Rice,Clay Loam,0.498,0.273,21.98,9,0.392,2167.97,24.407
10.358,105.852,4,2,3.64,35.8,26.4,6.2,19.9,44.4,35.1,27.74,4.64,80.6,17.9,12,-4.02,-5.17,-5.35,-3.98,0.31,1.52,7.43,-0.41,8.29,5.16,0.33,-4.15,Rice,Clay Loam,0.722,0.293,23.08,9,0.36,1.734.376,27.727
10.134,105.718,4,7,3.64,37.3,25.3,6.1,20.8,41.8,35.4,27.52,5.44,82.42,17.9,12,-4.68,-6.01,-6.26,-4.19,0.2,1.23,10.03,-0.2,9.39,5.07,0.41,-4.97,Rice,Clay Loam,0.646,0.292,26.31,7,0.381,1.951.173,27.474
8.744,104.905,11,3,3.64,39.3,59.4,5.6,33.4,27.3,51.4,28.14,3.97,81.31,17.74,12,-3.92,-4.92,-5.23,-3.15,-0.59,0.53,5.39,0.83,6.79,2.56,4.54,-2.86,Rice,Clay Loam,0.712,0.285,20.67,9,0.329,3.035.158,28.12
9.786,105.231,11,1,3.64,37.6,36.1,5.5,25.8,36.6,34.4,27.96,4.89,80.82,17.03,12,-4.26,-5.51,-5.79,-3.48,-0.34,0.99,7.3,-0.09,10.14,4.07,1.2,-4.25,Rice,Clay Loam,0.723,0.279,23.72,9,0.428,3.251.955,27.954
20.308,106.551,2,1,3.64,37.4,29.3,6.1,27.6,35,36,24.42,4.15,83.73,14.17,12,-3.54,-3.28,-3.86,-2.76,-1.25,4.9,0.24,4.95,8.6,3.24,-3.34,-3.95,Rice,Clay Loam,0.498,0.277,21.98,9,0.392,1.951.173,24.414
20.121,105.684,2,9,3.64,29.3,17.8,5.8,29.3,41.5,23.8,24.21,3.5,83.74,14.41,12,-3.17,-3.04,-3.17,-2.47,-1.36,1.99,1.29,2.72,8.21,4.04,-2.02,-3.04,Rice,Clay Loam,0.491,0.256,18.27,9,0.45,2.601.564,24.152
10.96,105.093,4,5,3.64,31.1,24.7,5.5,26.1,42.8,27,28.16,3.9,76.87,17.9,12,-3.21,-4.25,-4.47,-3.37,-0.26,0.68,3.27,0.33,8.7,4.94,0.85,-3.21,Rice,Clay Loam,0.882,0.268,18.77,9,0.464,3.251.955,28.128
20.343,106.287,2,3,3.64,33.1,26,6,29.9,37,29.2,24.42,4.15,83.73,14.17,12,-3.54,-3.28,-3.86,-2.76,-1.25,4.9,0.24,4.95,8.6,3.24,-3.34,-3.95,Rice,Clay Loam,0.498,0.262,21.98,9,0.392,2167.97,24.4
21.345,105.701,2,29,3.64,33.6,20.1,6.2,29.6,36.8,20.8,23.66,4.1,82.25,14.01,12,-3.83,-2.11,-3.41,-2.35,-0.33,6.36,1.26,8.89,4.16,-1.78,-3.22,-3.69,Rice,Clay Loam,0.519,0.251,20.72,8,0.43,1.734.376,23.472
9.76,105.879,4,2,3.64,38.6,31.4,6.2,24.1,37.2,38.3,27.52,5.44,82.42,17.03,12,-4.68,-6.01,-6.26,-4.19,0.2,1.23,10.03,-0.2,9.39,5.07,0.41,-4.97,Rice,Clay Loam,0.646,0.288,26.31,7,0.381,1.734.376,27.507
20.508,106.515,7,2,3.64,35.3,33,6.1,26.6,38,32.8,24.42,4.15,83.73,14.17,12,-3.54,-3.28,-3.86,-2.76,-1.25,4.9,0.24,4.95,8.6,3.24,-3.34,-3.95,Rice,Clay Loam,0.498,0.275,21.98,9,0.392,1.951.173,24.407
8.962,104.975,11,2,3.64,39.7,50.8,5.4,29.3,31,52.8,28.04,4.45,80.82,17.74,12,-4.45,-5.29,-5.62,-3.24,-0.63,1.27,6.71,0.39,7.95,3.73,3.01,-3.78,Rice,Clay Loam,0.727,0.297,23.01,9,0.345,3.468.752,28.027
21.099,106.04,2,5,3.64,32.6,19.3,6.1,32.2,35.2,22.6,24.18,4.13,82.51,13.38,12,-3.45,-2.61,-3.49,-2.27,-1.12,6.4,-0.14,6.45,7.56,0.06,-3.6,-3.84,Rice,Clay Loam,0.528,0.248,20.52,9,0.369,1.951.173,24.148
20.492,106.056,7,5,3.64,34,27.2,5.9,25.4,40.6,30.8,24.42,4.15,83.73,14.17,12,-3.54,-3.28,-3.86,-2.76,-1.25,4.9,0.24,4.95,8.6,3.24,-3.34,-3.95,Rice,Clay Loam,0.498,0.275,21.98,9,0.392,2.384.767,24.388
10.086,106.511,11,5,3.64,35,35,6.2,19.8,45.2,44.9,27.61,5.05,82.34,18.06,12,-4.58,-5.54,-5.71,-4.16,0.46,1.64,10.07,-0.1,7.61,4.57,0.32,-4.63,Rice,Clay Loam,0.653,0.307,24.72,7,0.408,1.734.376,27.578
20.423,105.513,7,42,3.64,32.1,20.3,6,28.3,39.6,20,23.6,3.61,83.74,14.41,12,-3.31,-2.87,-3.1,-2.21,-1.23,4,0.43,4.46,7.45,2.88,-3.09,-3.44,Rice,Clay Loam,0.474,0.253,19.25,9,0.388,2167.97,23.327
21.377,105.964,7,22,3.64,30.4,22.9,6,31.4,38.2,23.3,23.24,4.05,82.32,14.01,12,-3.55,-1.88,-3.28,-2.06,-0.89,7.01,0.69,7.59,5.4,-2.13,-3.3,-3.62,Rice,Clay Loam,0.504,0.25,20.71,8,0.367,2167.97,23.097
10.287,104.96,4,2,3.64,34.7,29.1,5.6,24.9,40.4,49.1,27.91,4.77,79.76,18.24,12,-3.85,-5.17,-5.46,-3.66,-0.22,0.5,5.61,-0.26,10.88,4.65,0.87,-3.94,Rice,Clay Loam,0.761,0.301,22.56,9,0.483,3.035.158,27.897
10.946,106.243,11,3,3.64,37.4,29.8,5.3,23.4,39.1,24.4,28.08,3.71,77.7,18.06,12,-3.56,-4.08,-4.13,-3.62,0.1,2.86,5.77,0.03,5.64,4.65,-0.35,-3.28,Rice,Clay Loam,0.847,0.27,19.02,7,0.303,3.685.549,28.06
9.899,105.89,11,5,3.64,36.1,37.9,6.2,26,37.9,53.5,27.52,5.44,82.42,17.03,12,-4.68,-6.01,-6.26,-4.19,0.2,1.23,10.03,-0.2,9.39,5.07,0.41,-4.97,Rice,Clay Loam,0.646,0.305,26.31,7,0.381,1.734.376,27.488
10.49,105.492,4,3,3.64,36.9,26.8,6,20.7,42.5,36,27.74,4.64,80.6,17.9,12,-4.02,-5.17,-5.35,-3.98,0.31,1.52,7.43,-0.41,8.29,5.16,0.33,-4.15,Rice,Clay Loam,0.722,0.293,23.08,9,0.36,2167.97,27.72
10.4,105.84,11,3,3.64,35,30.1,6.2,20.1,45,48.5,27.74,4.64,80.6,17.9,12,-4.02,-5.17,-5.35,-3.98,0.31,1.52,7.43,-0.41,8.29,5.16,0.33,-4.15,Rice,Clay Loam,0.722,0.312,23.08,9,0.36,1.734.376,27.72
10.57,104.725,11,3,3.64,34.8,46.2,5.2,25.7,39.5,45.1,27.91,4.77,79.76,18.24,12,-3.85,-5.17,-5.46,-3.66,-0.22,0.5,5.61,-0.26,10.88,4.65,0.87,-3.94,Rice,Clay Loam,0.761,0.294,22.56,9,0.483,3.902.346,27.89
10.809,106.451,11,4,3.64,36.4,33.7,5.9,21.8,41.8,31,28.08,3.71,77.7,18.06,12,-3.56,-4.08,-4.13,-3.62,0.1,2.86,5.77,0.03,5.64,4.65,-0.35,-3.28,Rice,Clay Loam,0.847,0.283,19.02,7,0.303,2.384.767,28.054
21.233,106.559,7,173,3.64,33.6,30.2,5.5,23.5,42.9,35.6,24.18,4.13,82.51,13.38,12,-3.45,-2.61,-3.49,-2.27,-1.12,6.4,-0.14,6.45,7.56,0.06,-3.6,-3.84,Rice,Clay Loam,0.528,0.286,20.52,9,0.369,3.251.955,23.056
9.412,104.869,4,1,3.64,40.8,35.9,5.8,30.1,29.2,52.7,27.97,4.72,81.28,18.06,12,-4.59,-5.52,-5.78,-3.25,-0.54,1.6,7.82,0.24,8.31,4.06,1.94,-4.24,Rice,Clay,0.706,0.295,23.92,9,0.347,2.601.564,27.964
21.113,106.568,7,20,3.64,33.6,19.9,6.1,28.6,37.8,21.2,23.76,5.06,83.5,13.38,12,-3.61,-3.18,-3.97,-3.01,-1.53,10.61,0.28,6.3,8.2,-1.85,-3.74,-4.52,Rice,Clay Loam,0.485,0.254,25.41,6,0.418,1.951.173,23.63
9.839,105.145,11,3,3.64,36.4,30.1,5.6,25.2,38.5,40.9,27.96,4.89,80.82,17.03,12,-4.26,-5.51,-5.79,-3.48,-0.34,0.99,7.3,-0.09,10.14,4.07,1.2,-4.25,Rice,Clay Loam,0.723,0.289,23.72,9,0.428,3.035.158,27.94
9.093,105.166,4,3,3.64,39.7,39.8,5.3,29.2,31,41,28.04,4.45,80.82,17.03,12,-4.45,-5.29,-5.62,-3.24,-0.63,1.27,6.71,0.39,7.95,3.73,3.01,-3.78,Rice,Clay Loam,0.727,0.28,23.01,9,0.345,3.685.549,28.02
20.935,106.528,7,2,3.64,33.4,29.6,6,31.7,34.9,32.4,24.18,4.13,82.51,14.17,12,-3.45,-2.61,-3.49,-2.27,-1.12,6.4,-0.14,6.45,7.56,0.06,-3.6,-3.84,Rice,Clay Loam,0.528,0.262,20.52,9,0.369,2167.97,24.167
20.151,106.069,2,4,3.64,35.2,33.1,5.7,29.2,35.6,26.7,24.89,4.18,84.24,14.17,12,-3.87,-3.88,-4.3,-3.56,-1.35,2.53,2.04,3.07,7.68,7.12,-1.86,-3.62,Rice,Clay Loam,0.496,0.26,22.44,9,0.342,2.818.361,24.864
21.338,105.549,7,21,3.64,33.8,20,6.1,30.5,35.7,22.5,23.66,4.1,82.25,14.01,12,-3.83,-2.11,-3.41,-2.35,-0.33,6.36,1.26,8.89,4.16,-1.78,-3.22,-3.69,Rice,Clay Loam,0.519,0.251,20.72,8,0.43,1.951.173,23.524
9.263,105.858,4,3,3.64,38.2,39.9,5.5,30.2,31.6,34.7,27.58,5.68,82.83,17.03,12,-5.15,-6.22,-6.61,-3.85,-0.17,0.76,10.43,0.35,9.34,6.06,0.59,-5.48,Rice,Clay Loam,0.633,0.269,27.48,7,0.379,3.251.955,27.56
20.38,106.491,2,1,3.64,35.5,32.4,6,28.3,36.2,39.1,24.42,4.15,83.73,14.17,12,-3.54,-3.28,-3.86,-2.76,-1.25,4.9,0.24,4.95,8.6,3.24,-3.34,-3.95,Rice,Clay Loam,0.498,0.28,21.98,9,0.392,2167.97,24.414
9.55,106.241,4,2,3.64,37.5,42.4,6.1,24.2,38.3,48.8,27.77,5.28,82.72,18.77,12,-4.89,-5.87,-6.07,-3.73,0.31,0.66,9.99,0.82,8.06,5.64,0.34,-5.29,Rice,Clay Loam,0.644,0.303,25.85,7,0.387,1.951.173,27.757
9.451,105.854,4,5,3.64,36.2,41,5.5,33.3,30.5,40,27.58,5.68,82.83,17.03,12,-5.15,-6.22,-6.61,-3.85,-0.17,0.76,10.43,0.35,9.34,6.06,0.59,-5.48,Rice,Clay Loam,0.633,0.269,27.48,7,0.379,3.251.955,27.548
20.695,106.348,7,2,3.64,33.3,35.3,6.1,27.1,39.7,32.6,24.42,4.15,83.73,14.17,12,-3.54,-3.28,-3.86,-2.76,-1.25,4.9,0.24,4.95,8.6,3.24,-3.34,-3.95,Rice,Clay Loam,0.498,0.273,21.98,9,0.392,1.951.173,24.407
21.134,106.401,2,12,3.64,31.9,22.1,6.2,26.7,41.4,27.3,24.18,4.13,82.51,13.38,12,-3.45,-2.61,-3.49,-2.27,-1.12,6.4,-0.14,6.45,7.56,0.06,-3.6,-3.84,Rice,Clay Loam,0.528,0.267,20.52,9,0.369,1.734.376,24.102
10.921,105.197,4,5,3.64,33.1,27.4,5.4,24,42.8,31.7,28.16,3.9,76.87,17.9,12,-3.21,-4.25,-4.47,-3.37,-0.26,0.68,3.27,0.33,8.7,4.94,0.85,-3.21,Rice,Clay Loam,0.882,0.279,18.77,9,0.464,3.468.752,28.128
21.496,106.096,7,33,3.64,33.1,21.2,6,29.1,37.9,19.7,23.24,4.05,82.32,13.38,12,-3.55,-1.88,-3.28,-2.06,-0.89,7.01,0.69,7.59,5.4,-2.13,-3.3,-3.62,Rice,Clay Loam,0.504,0.251,20.71,8,0.367,2167.97,23.025
20.775,106.119,2,3,3.64,34.4,26.7,6,27.7,38,25.5,24.18,4.13,82.51,14.17,12,-3.45,-2.61,-3.49,-2.27,-1.12,6.4,-0.14,6.45,7.56,0.06,-3.6,-3.84,Rice,Clay Loam,0.528,0.262,20.52,9,0.369,2167.97,24.16
9.809,105.247,11,1,3.64,34.6,35.4,5.5,27,38.4,40.8,27.96,4.89,80.82,17.03,12,-4.26,-5.51,-5.79,-3.48,-0.34,0.99,7.3,-0.09,10.14,4.07,1.2,-4.25,Rice,Clay Loam,0.723,0.285,23.72,9,0.428,3.251.955,27.954
20.612,105.76,7,9,3.64,35.5,25.2,5.9,22.3,42.3,34.1,23.6,3.61,83.74,14.41,12,-3.31,-2.87,-3.1,-2.21,-1.23,4,0.43,4.46,7.45,2.88,-3.09,-3.44,Rice,Clay Loam,0.474,0.286,19.25,9,0.388,2.384.767,23.542
20.305,105.949,7,3,3.64,33.9,23.9,5.9,26.6,39.5,26.1,24.42,4.15,83.73,14.41,12,-3.54,-3.28,-3.86,-2.76,-1.25,4.9,0.24,4.95,8.6,3.24,-3.34,-3.95,Rice,Clay Loam,0.498,0.265,21.98,9,0.392,2.384.767,24.4
21.14,105.63,2,16,3.64,27.4,20.4,6,27.6,45,20.5,23.88,3.84,82.73,14.01,12,-3.62,-2.57,-3.27,-2.24,-0.69,5.8,0.34,6.86,5.89,0.57,-3.41,-3.66,Rice,Clay Loam,0.512,0.255,19.46,8,0.353,2167.97,23.776
9.877,106.488,11,2,3.64,33.3,38.8,6.1,23,43.7,34.7,27.61,5.05,82.34,18.77,12,-4.58,-5.54,-5.71,-4.16,0.46,1.64,10.07,-0.1,7.61,4.57,0.32,-4.63,Rice,Clay Loam,0.653,0.286,24.72,7,0.408,1.951.173,27.597
10.676,106.686,4,3,3.64,35.6,35.9,6.2,24.4,40,37.3,27.76,4.07,80.84,18.06,12,-3.8,-4.52,-4.6,-4.04,0.25,3.53,7.47,0.45,6.09,2.91,-0.2,-3.56,Rice,Clay Loam,0.714,0.286,20.72,7,0.361,1.734.376,27.74
20.329,105.546,2,200,3.64,32.6,28.5,5.6,27.6,39.9,40.1,23.6,3.61,83.74,14.41,12,-3.31,-2.87,-3.1,-2.21,-1.23,4,0.43,4.46,7.45,2.88,-3.09,-3.44,Rice,Clay Loam,0.474,0.283,19.25,9,0.388,3.035.158,22.3
21.473,106.116,7,19,3.64,34,21.3,6.2,29.1,36.9,20,23.24,4.05,82.32,13.38,12,-3.55,-1.88,-3.28,-2.06,-0.89,7.01,0.69,7.59,5.4,-2.13,-3.3,-3.62,Rice,Clay Loam,0.504,0.251,20.71,8,0.367,1.734.376,23.116
10.507,104.954,4,9,3.64,28.6,33.3,5.6,41.9,29.5,37.2,27.91,4.77,79.76,18.24,12,-3.85,-5.17,-5.46,-3.66,-0.22,0.5,5.61,-0.26,10.88,4.65,0.87,-3.94,Rice,Clay Loam,0.761,0.246,22.56,9,0.483,3.035.158,27.852
20.748,106.535,2,2,3.64,36.6,29.4,5.9,28.8,34.7,37.2,24.42,4.15,83.73,14.17,12,-3.54,-3.28,-3.86,-2.76,-1.25,4.9,0.24,4.95,8.6,3.24,-3.34,-3.95,Rice,Clay Loam,0.498,0.276,21.98,9,0.392,2.384.767,24.407
10.84,105.348,4,1,3.64,34.6,24.2,5.3,23.6,41.9,36.4,28.1,3.74,77.56,17.9,12,-3.37,-4.2,-4.32,-3.49,0.06,1.63,4.58,-0.12,6.51,5.58,0.4,-3.31,Rice,Clay Loam,0.853,0.287,18.81,9,0.347,3.685.549,28.094
10.401,105.686,11,5,3.64,38,27.9,5.8,16.3,45.7,37,27.74,4.64,80.6,17.9,12,-4.02,-5.17,-5.35,-3.98,0.31,1.52,7.43,-0.41,8.29,5.16,0.33,-4.15,Rice,Clay Loam,0.722,0.304,23.08,9,0.36,2.601.564,27.708
20.488,106.572,2,2,3.64,36.8,35.3,6.1,26,37.2,31.3,25.01,5.24,82.62,14.17,12,-4,-4.2,-4.82,-4.01,-1.04,10.84,0.69,5.18,8.3,1.8,-3.8,-4.9,Rice,Clay Loam,0.551,0.274,26.77,6,0.404,1.951.173,24.997
9.746,105.449,11,1,3.64,38.6,31.8,5.9,24.2,37.2,43.5,27.58,5.68,82.83,17.03,12,-5.15,-6.22,-6.61,-3.85,-0.17,0.76,10.43,0.35,9.34,6.06,0.59,-5.48,Rice,Clay Loam,0.633,0.295,27.48,7,0.379,2.384.767,27.574
20.051,105.927,7,2,3.64,32.9,33.4,5.9,28,39.1,33.9,24.21,3.5,83.74,14.41,12,-3.17,-3.04,-3.17,-2.47,-1.36,1.99,1.29,2.72,8.21,4.04,-2.02,-3.04,Rice,Clay Loam,0.491,0.273,18.27,9,0.45,2.384.767,24.197
10.147,105.116,11,2,3.64,35.9,27.4,5.5,24,40.1,32.6,27.96,4.89,80.82,17.9,12,-4.26,-5.51,-5.79,-3.48,-0.34,0.99,7.3,-0.09,10.14,4.07,1.2,-4.25,Rice,Clay Loam,0.723,0.28,23.72,9,0.428,3.251.955,27.947
10.329,105.29,4,2,3.64,39.4,30.3,5.6,22.7,38,33.1,27.91,4.77,79.76,17.9,12,-3.85,-5.17,-5.46,-3.66,-0.22,0.5,5.61,-0.26,10.88,4.65,0.87,-3.94,Rice,Clay Loam,0.761,0.284,22.56,9,0.483,3.035.158,27.897
20.826,105.956,7,6,3.64,34.5,26.8,5.8,27,38.5,29,24.18,4.13,82.51,14.41,12,-3.45,-2.61,-3.49,-2.27,-1.12,6.4,-0.14,6.45,7.56,0.06,-3.6,-3.84,Rice,Clay Loam,0.528,0.268,20.52,9,0.369,2.601.564,24.141
9.786,105.726,11,2,3.64,37.1,39.9,5.9,26.7,36.2,63.5,27.52,5.44,82.42,17.03,12,-4.68,-6.01,-6.26,-4.19,0.2,1.23,10.03,-0.2,9.39,5.07,0.41,-4.97,Rice,Clay Loam,0.646,0.317,26.31,7,0.381,2.384.767,27.507
20.807,106.556,2,2,3.64,34,27.3,5.8,30.6,35.3,35.5,24.18,4.13,82.51,14.17,12,-3.45,-2.61,-3.49,-2.27,-1.12,6.4,-0.14,6.45,7.56,0.06,-3.6,-3.84,Rice,Clay Loam,0.528,0.269,20.52,9,0.369,2.601.564,24.167
20.471,105.827,7,85,3.64,33.2,21.6,5.8,26.2,40.6,35,23.6,3.61,83.74,14.41,12,-3.31,-2.87,-3.1,-2.21,-1.23,4,0.43,4.46,7.45,2.88,-3.09,-3.44,Rice,Clay Loam,0.474,0.279,19.25,9,0.388,2.601.564,23.048
10.286,105.133,11,2,3.64,37.4,31.6,5.8,23.1,39.4,34.2,27.91,4.77,79.76,17.9,12,-3.85,-5.17,-5.46,-3.66,-0.22,0.5,5.61,-0.26,10.88,4.65,0.87,-3.94,Rice,Clay Loam,0.761,0.285,22.56,9,0.483,2.601.564,27.897
9.252,104.907,11,4,3.64,36.2,41.2,5.7,34.3,29.5,51,27.97,4.72,81.28,18.06,12,-4.59,-5.52,-5.78,-3.25,-0.54,1.6,7.82,0.24,8.31,4.06,1.94,-4.24,Rice,Clay Loam,0.706,0.283,23.92,9,0.347,2.818.361,27.944
10.125,106.147,11,2,3.64,37.2,35.1,6.2,22.6,40.2,43,27.61,5.05,82.34,18.06,12,-4.58,-5.54,-5.71,-4.16,0.46,1.64,10.07,-0.1,7.61,4.57,0.32,-4.63,Rice,Clay Loam,0.653,0.298,24.72,7,0.408,1.734.376,27.597
20.197,105.948,2,3,3.64,32.3,20.5,5.8,26.8,41,26.6,24.89,4.18,84.24,14.41,12,-3.87,-3.88,-4.3,-3.56,-1.35,2.53,2.04,3.07,7.68,7.12,-1.86,-3.62,Rice,Clay Loam,0.496,0.266,22.44,9,0.342,2.601.564,24.87
10.658,106.141,4,2,3.64,42.7,38.2,5.9,16.4,40.9,40.3,27.91,4.33,79.72,18.06,12,-4.03,-4.78,-4.88,-4,0.35,2.61,7.9,-0.29,6.54,4.36,0.01,-3.83,Rice,Clay,0.763,0.309,21.81,7,0.363,2.384.767,27.897
10.684,104.886,11,4,3.64,32.4,41.2,5.5,31.1,36.5,24,27.91,4.77,79.76,18.24,12,-3.85,-5.17,-5.46,-3.66,-0.22,0.5,5.61,-0.26,10.88,4.65,0.87,-3.94,Rice,Clay Loam,0.761,0.252,22.56,9,0.483,3.251.955,27.884
10.888,104.612,11,16,3.64,27.9,29.3,5.6,39,33.2,41.4,27.55,3.96,77.95,18.24,12,-3.27,-4.22,-4.47,-3.28,-0.5,0.58,2.73,0.29,9.27,4.9,1.1,-3.13,Rice,Clay Loam,0.812,0.258,18.87,9,0.491,3.035.158,27.446
21.289,105.896,2,7,3.64,28.1,21.4,6.1,32,39.9,21.4,23.66,4.1,82.25,14.01,12,-3.83,-2.11,-3.41,-2.35,-0.33,6.36,1.26,8.89,4.16,-1.78,-3.22,-3.69,Rice,Clay Loam,0.519,0.246,20.72,8,0.43,1.951.173,23.614
20.71,106.571,2,2,3.64,34.8,32,6.1,29,36.2,33.8,25.01,5.24,82.62,14.17,12,-4,-4.2,-4.82,-4.01,-1.04,10.84,0.69,5.18,8.3,1.8,-3.8,-4.9,Rice,Clay Loam,0.551,0.271,26.77,6,0.404,1.951.173,24.997
21.045,106.198,7,3,3.64,37.2,24.3,5.9,24.7,38.2,31.9,24.18,4.13,82.51,13.38,12,-3.45,-2.61,-3.49,-2.27,-1.12,6.4,-0.14,6.45,7.56,0.06,-3.6,-3.84,Rice,Clay Loam,0.528,0.278,20.52,9,0.369,2.384.767,24.16
10.315,105.644,4,5,3.64,41.9,29.5,5.7,17.7,40.5,39.2,27.74,4.64,80.6,17.9,12,-4.02,-5.17,-5.35,-3.98,0.31,1.52,7.43,-0.41,8.29,5.16,0.33,-4.15,Rice,Clay,0.722,0.304,23.08,9,0.36,2.818.361,27.708
20.276,105.949,7,2,3.64,34.4,24.8,6.1,27.1,38.5,24.5,24.42,4.15,83.73,14.41,12,-3.54,-3.28,-3.86,-2.76,-1.25,4.9,0.24,4.95,8.6,3.24,-3.34,-3.95,Rice,Clay Loam,0.498,0.262,21.98,9,0.392,1.951.173,24.407
9.066,105.087,4,1,3.64,38.6,44.9,5.4,30.9,30.5,46.4,28.04,4.45,80.82,17.03,12,-4.45,-5.29,-5.62,-3.24,-0.63,1.27,6.71,0.39,7.95,3.73,3.01,-3.78,Rice,Clay Loam,0.727,0.284,23.01,9,0.345,3.468.752,28.034
9.555,105.867,11,2,3.64,39.6,45.6,5.6,28.1,32.3,31.4,27.58,5.68,82.83,17.03,12,-5.15,-6.22,-6.61,-3.85,-0.17,0.76,10.43,0.35,9.34,6.06,0.59,-5.48,Rice,Clay Loam,0.633,0.269,27.48,7,0.379,3.035.158,27.567
21.202,105.622,2,14,3.64,28.2,22.4,6.1,30.9,40.9,25.5,23.88,3.84,82.73,14.01,12,-3.62,-2.57,-3.27,-2.24,-0.69,5.8,0.34,6.86,5.89,0.57,-3.41,-3.66,Rice,Clay Loam,0.512,0.255,19.46,8,0.353,1.951.173,23.789
10.886,106.119,4,3,3.64,37.1,27.6,5.1,23.1,39.9,28.7,28.08,3.71,77.7,18.06,12,-3.56,-4.08,-4.13,-3.62,0.1,2.86,5.77,0.03,5.64,4.65,-0.35,-3.28,Rice,Clay Loam,0.847,0.277,19.02,7,0.303,4.119.143,28.06
10.048,105.355,11,2,3.64,40.1,28.2,5.6,23.1,36.7,32.4,27.52,5.44,82.42,17.9,12,-4.68,-6.01,-6.26,-4.19,0.2,1.23,10.03,-0.2,9.39,5.07,0.41,-4.97,Rice,Clay,0.646,0.282,26.31,7,0.381,3.035.158,27.507
10.874,106.282,11,3,3.64,43.2,29,5.8,20.1,36.7,24.8,28.08,3.71,77.7,18.06,12,-3.56,-4.08,-4.13,-3.62,0.1,2.86,5.77,0.03,5.64,4.65,-0.35,-3.28,Rice,Clay,0.847,0.278,19.02,7,0.303,2.601.564,28.06
9.464,105.465,4,1,3.64,41.7,44.4,5.7,31.9,26.5,48.3,27.58,5.68,82.83,17.03,12,-5.15,-6.22,-6.61,-3.85,-0.17,0.76,10.43,0.35,9.34,6.06,0.59,-5.48,Rice,Clay,0.633,0.284,27.48,7,0.379,2.818.361,27.574
9.938,106.122,4,1,3.64,34.9,35.3,6.1,23.1,42,37.8,27.61,5.05,82.34,18.77,12,-4.58,-5.54,-5.71,-4.16,0.46,1.64,10.07,-0.1,7.61,4.57,0.32,-4.63,Rice,Clay Loam,0.653,0.29,24.72,7,0.408,1.951.173,27.604
20.507,106.285,7,2,3.64,33.5,35.6,6,27.3,39.2,32.1,24.42,4.15,83.73,14.17,12,-3.54,-3.28,-3.86,-2.76,-1.25,4.9,0.24,4.95,8.6,3.24,-3.34,-3.95,Rice,Clay Loam,0.498,0.272,21.98,9,0.392,2167.97,24.407
20.378,106.03,7,3,3.64,33.5,26.8,6.1,27.3,39.2,28.1,24.42,4.15,83.73,14.17,12,-3.54,-3.28,-3.86,-2.76,-1.25,4.9,0.24,4.95,8.6,3.24,-3.34,-3.95,Rice,Clay Loam,0.498,0.267,21.98,9,0.392,1.951.173,24.4
10.148,105.64,4,3,3.64,37.6,29.9,5.7,20.1,42.3,31.7,27.52,5.44,82.42,17.9,12,-4.68,-6.01,-6.26,-4.19,0.2,1.23,10.03,-0.2,9.39,5.07,0.41,-4.97,Rice,Clay Loam,0.646,0.288,26.31,7,0.381,2.818.361,27.5
9.306,105.142,11,2,3.64,40.1,33.7,5.3,32,27.9,42.4,27.97,4.72,81.28,17.03,12,-4.59,-5.52,-5.78,-3.25,-0.54,1.6,7.82,0.24,8.31,4.06,1.94,-4.24,Rice,Clay,0.706,0.276,23.92,9,0.347,3.685.549,27.957
10.594,106.245,11,2,3.64,38.4,33.4,6.2,18.5,43.1,25.6,27.91,4.33,79.72,18.06,12,-4.03,-4.78,-4.88,-4,0.35,2.61,7.9,-0.29,6.54,4.36,0.01,-3.83,Rice,Clay Loam,0.763,0.283,21.81,7,0.363,1.734.376,27.897
20.839,105.552,7,53,3.64,34,24.6,6,26.2,39.8,28.8,23.88,3.84,82.73,14.41,12,-3.62,-2.57,-3.27,-2.24,-0.69,5.8,0.34,6.86,5.89,0.57,-3.41,-3.66,Rice,Clay Loam,0.512,0.27,19.46,8,0.353,2167.97,23.536
10.228,106.312,4,11,3.64,39.6,28.6,6,21,39.4,56.4,27.61,5.05,82.34,18.06,12,-4.58,-5.54,-5.71,-4.16,0.46,1.64,10.07,-0.1,7.61,4.57,0.32,-4.63,Rice,Clay Loam,0.653,0.321,24.72,7,0.408,2167.97,27.538
21.365,106.101,2,12,3.64,32.7,23.2,6.2,30.8,36.5,24.1,23.24,4.05,82.32,13.38,12,-3.55,-1.88,-3.28,-2.06,-0.89,7.01,0.69,7.59,5.4,-2.13,-3.3,-3.62,Rice,Clay Loam,0.504,0.253,20.71,8,0.367,1.734.376,23.162
9.806,105.519,11,1,3.64,36.4,36.6,5.8,26.7,36.8,40.3,27.52,5.44,82.42,17.03,12,-4.68,-6.01,-6.26,-4.19,0.2,1.23,10.03,-0.2,9.39,5.07,0.41,-4.97,Rice,Clay Loam,0.646,0.285,26.31,7,0.381,2.601.564,27.514
21.277,105.983,2,4,3.64,31.6,22.2,6.2,32.4,36,21.3,23.24,4.05,82.32,14.01,12,-3.55,-1.88,-3.28,-2.06,-0.89,7.01,0.69,7.59,5.4,-2.13,-3.3,-3.62,Rice,Clay Loam,0.504,0.245,20.71,8,0.367,1.734.376,23.214
21.438,106.656,7,114,3.64,28.3,30.4,5.8,25.7,46,32.5,22.33,4.4,83.68,13.38,12,-3.51,-2.18,-3.29,-2.25,-1.59,9.09,1.12,6.42,6.2,-2.75,-3.26,-3.95,Rice,Clay Loam,0.44,0.276,22.78,6,0.398,2.601.564,21.589
10.352,105.195,4,2,3.64,38.7,35.4,5.8,25.8,35.5,35.4,27.91,4.77,79.76,17.9,12,-3.85,-5.17,-5.46,-3.66,-0.22,0.5,5.61,-0.26,10.88,4.65,0.87,-3.94,Rice,Clay Loam,0.761,0.28,22.56,9,0.483,2.601.564,27.897
10.795,106.135,11,2,3.64,43,28.7,6.2,15.2,41.8,29.4,28.08,3.71,77.7,18.06,12,-3.56,-4.08,-4.13,-3.62,0.1,2.86,5.77,0.03,5.64,4.65,-0.35,-3.28,Rice,Clay,0.847,0.296,19.02,7,0.303,1.734.376,28.067
20.849,106.019,7,4,3.64,35.3,21.4,6.1,25.4,39.3,20.4,24.18,4.13,82.51,14.17,12,-3.45,-2.61,-3.49,-2.27,-1.12,6.4,-0.14,6.45,7.56,0.06,-3.6,-3.84,Rice,Clay Loam,0.528,0.26,20.52,9,0.369,1.951.173,24.154
20.153,106.15,7,2,3.64,37,29.9,6,26.1,37,23.8,24.89,4.18,84.24,14.17,12,-3.87,-3.88,-4.3,-3.56,-1.35,2.53,2.04,3.07,7.68,7.12,-1.86,-3.62,Rice,Clay Loam,0.496,0.263,22.44,9,0.342,2167.97,24.877
21.22,106.454,7,222,3.64,35.5,30.7,5.6,23.3,41.2,42.2,24.18,4.13,82.51,13.38,12,-3.45,-2.61,-3.49,-2.27,-1.12,6.4,-0.14,6.45,7.56,0.06,-3.6,-3.84,Rice,Clay Loam,0.528,0.295,20.52,9,0.369,3.035.158,22.737
20.588,106.053,2,3,3.64,37.2,25.6,6,23.5,39.3,27.1,24.42,4.15,83.73,14.17,12,-3.54,-3.28,-3.86,-2.76,-1.25,4.9,0.24,4.95,8.6,3.24,-3.34,-3.95,Rice,Clay Loam,0.498,0.274,21.98,9,0.392,2167.97,24.4
20.194,106.287,2,1,3.64,35,28.2,5.9,30.8,34.2,26.1,24.89,4.18,84.24,14.17,12,-3.87,-3.88,-4.3,-3.56,-1.35,2.53,2.04,3.07,7.68,7.12,-1.86,-3.62,Rice,Clay Loam,0.496,0.256,22.44,9,0.342,2.384.767,24.884
20.482,105.63,7,176,3.64,32.3,28.1,5.5,27.6,40.1,39.6,23.6,3.61,83.74,14.41,12,-3.31,-2.87,-3.1,-2.21,-1.23,4,0.43,4.46,7.45,2.88,-3.09,-3.44,Rice,Clay Loam,0.474,0.282,19.25,9,0.388,3.251.955,22.456
20.629,106.214,7,3,3.64,35,29.7,6,24.7,40.2,32.4,24.42,4.15,83.73,14.17,12,-3.54,-3.28,-3.86,-2.76,-1.25,4.9,0.24,4.95,8.6,3.24,-3.34,-3.95,Rice,Clay Loam,0.498,0.279,21.98,9,0.392,2167.97,24.4
9.44,105.962,11,1,3.64,37.9,39.3,5.7,32,30.2,36.3,27.77,5.28,82.72,17.03,12,-4.89,-5.87,-6.07,-3.73,0.31,0.66,9.99,0.82,8.06,5.64,0.34,-5.29,Rice,Clay Loam,0.644,0.267,25.85,7,0.387,2.818.361,27.764
21.178,105.873,7,9,3.64,29.6,21.2,6.2,31.9,38.4,22.5,23.88,3.84,82.73,14.01,12,-3.62,-2.57,-3.27,-2.24,-0.69,5.8,0.34,6.86,5.89,0.57,-3.41,-3.66,Rice,Clay Loam,0.512,0.248,19.46,8,0.353,1.734.376,23.822
20.4,105.712,7,65,3.64,32.7,26.4,5.6,29.4,37.9,42.5,23.6,3.61,83.74,14.41,12,-3.31,-2.87,-3.1,-2.21,-1.23,4,0.43,4.46,7.45,2.88,-3.09,-3.44,Rice,Clay Loam,0.474,0.282,19.25,9,0.388,3.035.158,23.178
9.61,105.164,11,2,3.64,37.9,39.8,5.5,28.1,33.9,45.7,27.97,4.72,81.28,17.03,12,-4.59,-5.52,-5.78,-3.25,-0.54,1.6,7.82,0.24,8.31,4.06,1.94,-4.24,Rice,Clay Loam,0.706,0.289,23.92,9,0.347,3.251.955,27.957
20.442,106.446,2,4,3.64,34.5,32,6,28.7,36.8,31.2,24.42,4.15,83.73,14.17,12,-3.54,-3.28,-3.86,-2.76,-1.25,4.9,0.24,4.95,8.6,3.24,-3.34,-3.95,Rice,Clay Loam,0.498,0.268,21.98,9,0.392,2167.97,24.394
10.691,105.701,4,2,3.64,40.6,25.4,5.5,18,41.4,32.1,27.74,4.64,80.6,17.9,12,-4.02,-5.17,-5.35,-3.98,0.31,1.52,7.43,-0.41,8.29,5.16,0.33,-4.15,Rice,Clay,0.722,0.294,23.08,9,0.36,3.251.955,27.727
20.706,106.478,2,2,3.64,34.2,29.8,6,28.6,37.2,31.1,24.42,4.15,83.73,14.17,12,-3.54,-3.28,-3.86,-2.76,-1.25,4.9,0.24,4.95,8.6,3.24,-3.34,-3.95,Rice,Clay Loam,0.498,0.268,21.98,9,0.392,2167.97,24.407
21.067,106.343,7,3,3.64,31.7,24.2,6.3,29.7,38.5,23,24.18,4.13,82.51,13.38,12,-3.45,-2.61,-3.49,-2.27,-1.12,6.4,-0.14,6.45,7.56,0.06,-3.6,-3.84,Rice,Clay Loam,0.528,0.254,20.52,9,0.369,1.517.579,24.16
21.468,105.787,7,31,3.64,32.1,30.7,5.6,29.7,38.3,27.7,23.66,4.1,82.25,14.01,12,-3.83,-2.11,-3.41,-2.35,-0.33,6.36,1.26,8.89,4.16,-1.78,-3.22,-3.69,Rice,Clay Loam,0.519,0.26,20.72,8,0.43,3.035.158,23.458
10.159,105.824,4,3,3.64,36.7,35.1,6.3,22.7,40.6,34.8,27.52,5.44,82.42,17.9,12,-4.68,-6.01,-6.26,-4.19,0.2,1.23,10.03,-0.2,9.39,5.07,0.41,-4.97,Rice,Clay Loam,0.646,0.287,26.31,7,0.381,1.517.579,27.5
10.909,105.54,11,2,3.64,36.9,33.2,6.1,22,41.1,48.6,28.1,3.74,77.56,17.9,12,-3.37,-4.2,-4.32,-3.49,0.06,1.63,4.58,-0.12,6.51,5.58,0.4,-3.31,Rice,Clay Loam,0.853,0.307,18.81,9,0.347,1.951.173,28.087
9.763,105.033,4,1,3.64,37.7,42.5,5.2,25.2,37.1,41.7,27.96,4.89,80.82,17.03,12,-4.26,-5.51,-5.79,-3.48,-0.34,0.99,7.3,-0.09,10.14,4.07,1.2,-4.25,Rice,Clay Loam,0.723,0.29,23.72,9,0.428,3.902.346,27.954
10.923,106.056,11,4,3.64,30.7,27.6,5.2,27.4,41.9,27.6,28.08,3.71,77.7,18.06,12,-3.56,-4.08,-4.13,-3.62,0.1,2.86,5.77,0.03,5.64,4.65,-0.35,-3.28,Rice,Clay Loam,0.847,0.266,19.02,7,0.303,3.902.346,28.054
20.665,106.698,2,3,3.64,36.2,29.9,6.2,31.6,32.2,34.8,25.01,5.24,82.62,14.17,12,-4,-4.2,-4.82,-4.01,-1.04,10.84,0.69,5.18,8.3,1.8,-3.8,-4.9,Rice,Clay Loam,0.551,0.266,26.77,6,0.404,1.734.376,24.99
10.39,106.008,11,4,3.64,38.7,26.1,6.4,18.8,42.5,34.7,27.91,4.33,79.72,18.06,12,-4.03,-4.78,-4.88,-4,0.35,2.61,7.9,-0.29,6.54,4.36,0.01,-3.83,Rice,Clay Loam,0.763,0.295,21.81,7,0.363,1.300.782,27.884
21.468,106.268,7,19,3.64,27.8,22.4,6,24.9,47.3,25.9,23.24,4.05,82.32,13.38,12,-3.55,-1.88,-3.28,-2.06,-0.89,7.01,0.69,7.59,5.4,-2.13,-3.3,-3.62,Rice,Clay Loam,0.504,0.269,20.71,8,0.367,2167.97,23.116
10.788,106.27,4,4,3.64,42.8,29.5,5.9,18.9,38.3,45.4,28.08,3.71,77.7,18.06,12,-3.56,-4.08,-4.13,-3.62,0.1,2.86,5.77,0.03,5.64,4.65,-0.35,-3.28,Rice,Clay,0.847,0.31,19.02,7,0.303,2.384.767,28.054
21.024,105.552,7,12,3.64,31,23.3,6.1,27.1,41.9,20.2,23.88,3.84,82.73,14.01,12,-3.62,-2.57,-3.27,-2.24,-0.69,5.8,0.34,6.86,5.89,0.57,-3.41,-3.66,Rice,Clay Loam,0.512,0.256,19.46,8,0.353,1.951.173,23.802
20.525,106.403,7,2,3.64,35,34.7,6,27.5,37.5,32.7,24.42,4.15,83.73,14.17,12,-3.54,-3.28,-3.86,-2.76,-1.25,4.9,0.24,4.95,8.6,3.24,-3.34,-3.95,Rice,Clay Loam,0.498,0.273,21.98,9,0.392,2167.97,24.407
20.701,106.385,2,2,3.64,34.9,29.4,5.9,27.7,37.4,29,24.42,4.15,83.73,14.17,12,-3.54,-3.28,-3.86,-2.76,-1.25,4.9,0.24,4.95,8.6,3.24,-3.34,-3.95,Rice,Clay Loam,0.498,0.267,21.98,9,0.392,2.384.767,24.407
9.476,104.879,11,4,3.64,35.4,30.8,5.7,26,38.6,55.1,27.97,4.72,81.28,18.06,12,-4.59,-5.52,-5.78,-3.25,-0.54,1.6,7.82,0.24,8.31,4.06,1.94,-4.24,Rice,Clay Loam,0.706,0.307,23.92,9,0.347,2.818.361,27.944
20.01,105.989,7,3,3.64,34,31,6,29.8,36.2,32.3,24.89,4.18,84.24,14.41,12,-3.87,-3.88,-4.3,-3.56,-1.35,2.53,2.04,3.07,7.68,7.12,-1.86,-3.62,Rice,Clay Loam,0.496,0.267,22.44,9,0.342,2167.97,24.87
20.043,106.234,7,2,3.64,35.9,23.7,5.8,31.1,32.9,44.7,24.89,4.18,84.24,14.17,12,-3.87,-3.88,-4.3,-3.56,-1.35,2.53,2.04,3.07,7.68,7.12,-1.86,-3.62,Rice,Clay Loam,0.496,0.281,22.44,9,0.342,2.601.564,24.877
9.619,105.346,4,1,3.64,35.8,40.6,5.6,28.9,35.3,47.5,27.58,5.68,82.83,17.03,12,-5.15,-6.22,-6.61,-3.85,-0.17,0.76,10.43,0.35,9.34,6.06,0.59,-5.48,Rice,Clay Loam,0.633,0.29,27.48,7,0.379,3.035.158,27.574
9.363,105.8,4,2,3.64,42.7,37.4,5.8,30.6,26.7,34.7,27.58,5.68,82.83,17.03,12,-5.15,-6.22,-6.61,-3.85,-0.17,0.76,10.43,0.35,9.34,6.06,0.59,-5.48,Rice,Clay,0.633,0.268,27.48,7,0.379,2.601.564,27.567
10.081,105.243,11,2,3.64,38.8,29.7,5.7,25.8,35.4,36.1,27.96,4.89,80.82,17.9,12,-4.26,-5.51,-5.79,-3.48,-0.34,0.99,7.3,-0.09,10.14,4.07,1.2,-4.25,Rice,Clay Loam,0.723,0.281,23.72,9,0.428,2.818.361,27.947
10.804,106.269,11,3,3.64,44,33.9,6.1,20.7,35.2,31.3,28.08,3.71,77.7,18.06,12,-3.56,-4.08,-4.13,-3.62,0.1,2.86,5.77,0.03,5.64,4.65,-0.35,-3.28,Rice,Clay,0.847,0.286,19.02,7,0.303,1.951.173,28.06
20.287,105.707,2,97,3.64,30.2,23.3,5.5,28.6,41.2,39.7,23.6,3.61,83.74,14.41,12,-3.31,-2.87,-3.1,-2.21,-1.23,4,0.43,4.46,7.45,2.88,-3.09,-3.44,Rice,Clay Loam,0.474,0.28,19.25,9,0.388,3.251.955,22.97
10.728,106.037,11,3,3.64,41.4,26.3,5.9,18.3,40.3,31.8,27.91,4.33,79.72,18.06,12,-4.03,-4.78,-4.88,-4,0.35,2.61,7.9,-0.29,6.54,4.36,0.01,-3.83,Rice,Clay,0.763,0.292,21.81,7,0.363,2.384.767,27.89
8.913,105.133,4,0,3.64,40.3,53.4,5.5,30.7,29,52,28.04,4.45,80.82,17.99,12,-4.45,-5.29,-5.62,-3.24,-0.63,1.27,6.71,0.39,7.95,3.73,3.01,-3.78,Rice,Clay,0.727,0.292,23.01,9,0.345,3.251.955,28.04
10.198,104.644,11,1,3.64,31.8,39.1,5.6,28.7,39.5,52.8,28.52,4.5,79.62,18.24,12,-3.9,-5.2,-5.39,-3.52,-0.2,1.32,6.6,-0.21,9.26,3.35,1.63,-3.74,Rice,Clay Loam,0.794,0.298,22.16,9,0.418,3.035.158,28.514
20.582,105.632,7,80,3.64,32.1,24.3,6,26.8,41.1,27.4,23.6,3.61,83.74,14.41,12,-3.31,-2.87,-3.1,-2.21,-1.23,4,0.43,4.46,7.45,2.88,-3.09,-3.44,Rice,Clay Loam,0.474,0.267,19.25,9,0.388,2167.97,23.08
10.605,104.628,4,3,3.64,32.1,44,5.4,26.1,41.8,35.2,28.02,4.28,79.32,18.24,12,-3.59,-4.73,-4.96,-3.39,-0.31,0.74,4.69,-0.22,9.83,4.01,1.31,-3.42,Rice,Clay Loam,0.783,0.279,20.62,9,0.478,3.468.752,28
9.4,105.367,4,3,3.64,40.4,38.2,5.4,31.9,27.7,56.6,27.58,5.68,82.83,17.03,12,-5.15,-6.22,-6.61,-3.85,-0.17,0.76,10.43,0.35,9.34,6.06,0.59,-5.48,Rice,Clay,0.633,0.296,27.48,7,0.379,3.468.752,27.56
10.917,104.699,11,7,3.64,28.2,35.5,5.3,39.6,32.2,34.8,28.16,3.9,76.87,18.24,12,-3.21,-4.25,-4.47,-3.37,-0.26,0.68,3.27,0.33,8.7,4.94,0.85,-3.21,Rice,Clay Loam,0.882,0.248,18.77,9,0.464,3.685.549,28.114
20.698,105.744,2,5,3.64,32.6,23.9,6.2,22.7,44.6,23.3,23.6,3.61,83.74,14.41,12,-3.31,-2.87,-3.1,-2.21,-1.23,4,0.43,4.46,7.45,2.88,-3.09,-3.44,Rice,Clay Loam,0.474,0.27,19.25,9,0.388,1.734.376,23.568
20.68,106.459,2,2,3.64,34.9,33,6.2,28.2,36.9,28.3,24.42,4.15,83.73,14.17,12,-3.54,-3.28,-3.86,-2.76,-1.25,4.9,0.24,4.95,8.6,3.24,-3.34,-3.95,Rice,Clay Loam,0.498,0.265,21.98,9,0.392,1.734.376,24.407
20.372,105.633,2,185,3.64,30.7,29.5,5.7,26.9,42.4,36,23.6,3.61,83.74,14.41,12,-3.31,-2.87,-3.1,-2.21,-1.23,4,0.43,4.46,7.45,2.88,-3.09,-3.44,Rice,Clay Loam,0.474,0.279,19.25,9,0.388,2.818.361,22.398
10.25,104.606,4,1,3.64,31.7,45.3,5.6,27.3,41,56.6,28.02,4.28,79.32,18.24,12,-3.59,-4.73,-4.96,-3.39,-0.31,0.74,4.69,-0.22,9.83,4.01,1.31,-3.42,Rice,Clay Loam,0.783,0.306,20.62,9,0.478,3.035.158,28.014
10.581,105.706,11,2,3.64,40.2,26,5.5,18.7,41.1,36.1,27.74,4.64,80.6,17.9,12,-4.02,-5.17,-5.35,-3.98,0.31,1.52,7.43,-0.41,8.29,5.16,0.33,-4.15,Rice,Clay,0.722,0.298,23.08,9,0.36,3.251.955,27.727
20.57,106.293,2,2,3.64,32.1,35.3,6.1,26.9,40.9,31.1,24.42,4.15,83.73,14.17,12,-3.54,-3.28,-3.86,-2.76,-1.25,4.9,0.24,4.95,8.6,3.24,-3.34,-3.95,Rice,Clay Loam,0.498,0.272,21.98,9,0.392,1.951.173,24.407
8.969,105.021,4,1,3.64,39.4,45.9,5.5,28.9,31.7,50.7,28.04,4.45,80.82,17.99,12,-4.45,-5.29,-5.62,-3.24,-0.63,1.27,6.71,0.39,7.95,3.73,3.01,-3.78,Rice,Clay Loam,0.727,0.295,23.01,9,0.345,3.251.955,28.034
10.117,106.207,4,0,3.64,34.3,33.6,6.2,22.6,43.1,51.4,27.61,5.05,82.34,18.06,12,-4.58,-5.54,-5.71,-4.16,0.46,1.64,10.07,-0.1,7.61,4.57,0.32,-4.63,Rice,Clay Loam,0.653,0.31,24.72,7,0.408,1.734.376,27.61
20.438,105.873,2,138,3.64,33,18.7,5.9,26.2,40.8,31.5,23.6,3.61,83.74,14.41,12,-3.31,-2.87,-3.1,-2.21,-1.23,4,0.43,4.46,7.45,2.88,-3.09,-3.44,Rice,Clay Loam,0.474,0.274,19.25,9,0.388,2.384.767,22.703
20.641,106.159,7,6,3.64,34.7,29.3,5.8,25.8,39.5,33.7,24.42,4.15,83.73,14.17,12,-3.54,-3.28,-3.86,-2.76,-1.25,4.9,0.24,4.95,8.6,3.24,-3.34,-3.95,Rice,Clay Loam,0.498,0.278,21.98,9,0.392,2.601.564,24.381
21.418,105.604,7,49,3.64,35.9,28.1,6,29.4,34.7,25.3,23.66,4.1,82.25,14.01,12,-3.83,-2.11,-3.41,-2.35,-0.33,6.36,1.26,8.89,4.16,-1.78,-3.22,-3.69,Rice,Clay Loam,0.519,0.258,20.72,8,0.43,2167.97,23.342
10.458,104.947,4,38,3.64,31.6,31.1,5.7,36,32.4,34.4,27.91,4.77,79.76,18.24,12,-3.85,-5.17,-5.46,-3.66,-0.22,0.5,5.61,-0.26,10.88,4.65,0.87,-3.94,Rice,Clay Loam,0.761,0.255,22.56,9,0.483,2.818.361,27.663
10.448,106.093,11,4,3.64,40.8,26,6.5,18.5,40.6,33.4,27.91,4.33,79.72,18.06,12,-4.03,-4.78,-4.88,-4,0.35,2.61,7.9,-0.29,6.54,4.36,0.01,-3.83,Rice,Clay,0.763,0.294,21.81,7,0.363,1.083.985,27.884
10.011,106.296,4,3,3.64,35.3,31.6,6.3,20.8,43.9,42.8,27.61,5.05,82.34,18.06,12,-4.58,-5.54,-5.71,-4.16,0.46,1.64,10.07,-0.1,7.61,4.57,0.32,-4.63,Rice,Clay Loam,0.653,0.302,24.72,7,0.408,1.517.579,27.59
10.169,105.456,4,2,3.64,35.9,31.7,5.7,22.3,41.9,38.4,27.52,5.44,82.42,17.9,12,-4.68,-6.01,-6.26,-4.19,0.2,1.23,10.03,-0.2,9.39,5.07,0.41,-4.97,Rice,Clay Loam,0.646,0.292,26.31,7,0.381,2.818.361,27.507
10.244,105.998,11,3,3.64,44.8,30.8,6.3,20,35.2,32.4,27.61,5.05,82.34,17.9,12,-4.58,-5.54,-5.71,-4.16,0.46,1.64,10.07,-0.1,7.61,4.57,0.32,-4.63,Rice,Clay,0.653,0.289,24.72,7,0.408,1.517.579,27.59
21.153,105.623,2,17,3.64,32.1,21.6,5.8,26.9,41,28.4,23.88,3.84,82.73,14.01,12,-3.62,-2.57,-3.27,-2.24,-0.69,5.8,0.34,6.86,5.89,0.57,-3.41,-3.66,Rice,Clay Loam,0.512,0.268,19.46,8,0.353,2.601.564,23.77
20.339,105.848,7,5,3.64,36.3,22.9,6.1,26.1,37.6,29,23.6,3.61,83.74,14.41,12,-3.31,-2.87,-3.1,-2.21,-1.23,4,0.43,4.46,7.45,2.88,-3.09,-3.44,Rice,Clay Loam,0.474,0.271,19.25,9,0.388,1.951.173,23.568
21.145,105.532,2,16,3.64,30.1,22.3,6.1,30.9,39,22.8,23.88,3.84,82.73,14.01,12,-3.62,-2.57,-3.27,-2.24,-0.69,5.8,0.34,6.86,5.89,0.57,-3.41,-3.66,Rice,Clay Loam,0.512,0.251,19.46,8,0.353,1.951.173,23.776
9.505,104.871,11,1,3.64,37.6,33,5.5,25.7,36.6,55.4,27.97,4.72,81.28,18.06,12,-4.59,-5.52,-5.78,-3.25,-0.54,1.6,7.82,0.24,8.31,4.06,1.94,-4.24,Rice,Clay Loam,0.706,0.308,23.92,9,0.347,3.251.955,27.964
10.969,106.13,11,4,3.64,31.6,28.4,5.4,30.6,37.9,30.6,28.08,3.71,77.7,18.06,12,-3.56,-4.08,-4.13,-3.62,0.1,2.86,5.77,0.03,5.64,4.65,-0.35,-3.28,Rice,Clay Loam,0.847,0.262,19.02,7,0.303,3.468.752,28.054
21.15,106.186,7,4,3.64,32.2,23.8,6.2,31.9,35.9,30.4,24.18,4.13,82.51,13.38,12,-3.45,-2.61,-3.49,-2.27,-1.12,6.4,-0.14,6.45,7.56,0.06,-3.6,-3.84,Rice,Clay Loam,0.528,0.259,20.52,9,0.369,1.734.376,24.154
20.546,105.95,7,5,3.64,34,24.2,6.1,27.5,38.5,30.5,24.42,4.15,83.73,14.41,12,-3.54,-3.28,-3.86,-2.76,-1.25,4.9,0.24,4.95,8.6,3.24,-3.34,-3.95,Rice,Clay Loam,0.498,0.269,21.98,9,0.392,1.951.173,24.388
21.165,106.5,2,156,3.64,33,27.3,5.7,26.7,40.4,29.1,24.18,4.13,82.51,13.38,12,-3.45,-2.61,-3.49,-2.27,-1.12,6.4,-0.14,6.45,7.56,0.06,-3.6,-3.84,Rice,Clay Loam,0.528,0.269,20.52,9,0.369,2.818.361,23.166
9.998,105.157,11,4,3.64,35.3,24.1,5.5,29,35.6,30.6,27.96,4.89,80.82,17.03,12,-4.26,-5.51,-5.79,-3.48,-0.34,0.99,7.3,-0.09,10.14,4.07,1.2,-4.25,Rice,Clay Loam,0.723,0.266,23.72,9,0.428,3.251.955,27.934
20.052,105.527,7,11,3.64,32.3,16.6,5.9,29.6,38.2,24.1,24.21,3.5,83.74,14.41,12,-3.17,-3.04,-3.17,-2.47,-1.36,1.99,1.29,2.72,8.21,4.04,-2.02,-3.04,Rice,Clay Loam,0.491,0.256,18.27,9,0.45,2.384.767,24.138
20.496,106.189,7,6,3.64,33.3,28.5,6,31.3,35.4,30.8,24.42,4.15,83.73,14.17,12,-3.54,-3.28,-3.86,-2.76,-1.25,4.9,0.24,4.95,8.6,3.24,-3.34,-3.95,Rice,Clay Loam,0.498,0.261,21.98,9,0.392,2167.97,24.381
21.222,106.524,2,341,3.64,33,29.8,5.7,24.1,42.9,36.6,24.18,4.13,82.51,13.38,12,-3.45,-2.61,-3.49,-2.27,-1.12,6.4,-0.14,6.45,7.56,0.06,-3.6,-3.84,Rice,Clay Loam,0.528,0.286,20.52,9,0.369,2.818.361,21.964
9.754,106.532,11,11,3.64,39.6,27.6,6.3,28.3,32,49.2,27.61,5.05,82.34,18.77,12,-4.58,-5.54,-5.71,-4.16,0.46,1.64,10.07,-0.1,7.61,4.57,0.32,-4.63,Rice,Clay Loam,0.653,0.294,24.72,7,0.408,1.517.579,27.538
9.849,105.603,4,2,3.64,38.5,33.2,6,24.7,36.7,48.9,27.52,5.44,82.42,17.03,12,-4.68,-6.01,-6.26,-4.19,0.2,1.23,10.03,-0.2,9.39,5.07,0.41,-4.97,Rice,Clay Loam,0.646,0.302,26.31,7,0.381,2167.97,27.507
8.988,105.088,11,2,3.64,37.6,48.1,5.5,30.6,31.8,45.3,28.04,4.45,80.82,17.99,12,-4.45,-5.29,-5.62,-3.24,-0.63,1.27,6.71,0.39,7.95,3.73,3.01,-3.78,Rice,Clay Loam,0.727,0.283,23.01,9,0.345,3.251.955,28.027
20.189,106.248,7,2,3.64,34.2,34.2,5.9,31.2,34.6,36.2,24.89,4.18,84.24,14.17,12,-3.87,-3.88,-4.3,-3.56,-1.35,2.53,2.04,3.07,7.68,7.12,-1.86,-3.62,Rice,Clay Loam,0.496,0.269,22.44,9,0.342,2.384.767,24.877
9.879,106.675,4,7,3.64,40.5,32.6,6.3,20.4,39.1,72.8,27.9,4.57,82.8,18.77,12,-4.11,-5.15,-5.27,-3.9,0.42,1.5,8.42,0.47,7.6,3.69,0.73,-4.35,Rice,Clay,0.646,0.345,22.78,7,0.369,1.517.579,27.854
10.715,105.942,4,2,3.64,40,28.3,6,20.3,39.7,33.5,27.91,4.33,79.72,17.9,12,-4.03,-4.78,-4.88,-4,0.35,2.61,7.9,-0.29,6.54,4.36,0.01,-3.83,Rice,Clay,0.763,0.29,21.81,7,0.363,2167.97,27.897
21.115,105.941,7,7,3.64,30.1,22.5,6.2,32.6,37.3,24.9,24.18,4.13,82.51,14.01,12,-3.45,-2.61,-3.49,-2.27,-1.12,6.4,-0.14,6.45,7.56,0.06,-3.6,-3.84,Rice,Clay Loam,0.528,0.25,20.52,9,0.369,1.734.376,24.134
20.406,105.984,7,2,3.64,32.9,24.5,6,26.8,40.3,30.8,24.42,4.15,83.73,14.41,12,-3.54,-3.28,-3.86,-2.76,-1.25,4.9,0.24,4.95,8.6,3.24,-3.34,-3.95,Rice,Clay Loam,0.498,0.271,21.98,9,0.392,2167.97,24.407
21.318,105.927,7,8,3.64,28.6,23.7,6.1,33,38.4,23.8,23.66,4.1,82.25,14.01,12,-3.83,-2.11,-3.41,-2.35,-0.33,6.36,1.26,8.89,4.16,-1.78,-3.22,-3.69,Rice,Clay Loam,0.519,0.247,20.72,8,0.43,1.951.173,23.608
10.734,104.762,4,5,3.64,29,34.9,5.5,37.3,33.7,43,27.91,4.77,79.76,18.24,12,-3.85,-5.17,-5.46,-3.66,-0.22,0.5,5.61,-0.26,10.88,4.65,0.87,-3.94,Rice,Clay Loam,0.761,0.264,22.56,9,0.483,3.251.955,27.878
10.108,106.637,11,2,3.64,36.6,42.4,6.5,22.1,41.3,51.8,27.9,4.57,82.8,18.06,12,-4.11,-5.15,-5.27,-3.9,0.42,1.5,8.42,0.47,7.6,3.69,0.73,-4.35,Rice,Clay Loam,0.646,0.312,22.78,7,0.369,1.083.985,27.887
9.807,106.099,4,3,3.64,33.6,26.1,6.1,29.6,36.8,40.7,27.61,5.05,82.34,18.77,12,-4.58,-5.54,-5.71,-4.16,0.46,1.64,10.07,-0.1,7.61,4.57,0.32,-4.63,Rice,Clay Loam,0.653,0.279,24.72,7,0.408,1.951.173,27.59
21.204,106.482,7,72,3.64,32.9,24.1,5.7,26.1,41,31.3,24.18,4.13,82.51,13.38,12,-3.45,-2.61,-3.49,-2.27,-1.12,6.4,-0.14,6.45,7.56,0.06,-3.6,-3.84,Rice,Clay Loam,0.528,0.274,20.52,9,0.369,2.818.361,23.712
21.037,106.378,7,5,3.64,36.1,27.9,6.2,27.1,36.8,30,24.18,4.13,82.51,13.38,12,-3.45,-2.61,-3.49,-2.27,-1.12,6.4,-0.14,6.45,7.56,0.06,-3.6,-3.84,Rice,Clay Loam,0.528,0.27,20.52,9,0.369,1.734.376,24.148
10.933,105.828,11,3,3.64,30.5,33.2,5.2,26.7,42.9,34.8,28.1,3.74,77.56,17.9,12,-3.37,-4.2,-4.32,-3.49,0.06,1.63,4.58,-0.12,6.51,5.58,0.4,-3.31,Rice,Clay Loam,0.853,0.277,18.81,9,0.347,3.902.346,28.08
9.752,106.511,11,2,3.64,40.6,33.4,6.2,29.1,30.4,35.4,27.61,5.05,82.34,18.77,12,-4.58,-5.54,-5.71,-4.16,0.46,1.64,10.07,-0.1,7.61,4.57,0.32,-4.63,Rice,Clay,0.653,0.273,24.72,7,0.408,1.734.376,27.597
20.363,105.737,7,13,3.64,31.5,23,5.9,25.4,43,22.4,23.6,3.61,83.74,14.41,12,-3.31,-2.87,-3.1,-2.21,-1.23,4,0.43,4.46,7.45,2.88,-3.09,-3.44,Rice,Clay Loam,0.474,0.263,19.25,9,0.388,2.384.767,23.516
20.282,106.42,2,3,3.64,32.9,28.3,6,28.3,38.8,30.4,24.42,4.15,83.73,14.17,12,-3.54,-3.28,-3.86,-2.76,-1.25,4.9,0.24,4.95,8.6,3.24,-3.34,-3.95,Rice,Clay Loam,0.498,0.267,21.98,9,0.392,2167.97,24.4
9.267,105.788,4,1,3.64,43.3,39.6,5.6,31.3,25.3,41.2,27.58,5.68,82.83,17.03,12,-5.15,-6.22,-6.61,-3.85,-0.17,0.76,10.43,0.35,9.34,6.06,0.59,-5.48,Rice,Clay,0.633,0.276,27.48,7,0.379,3.035.158,27.574
8.923,105.146,11,1,3.64,40.2,53.3,5.6,30,29.8,48,28.04,4.45,80.82,17.99,12,-4.45,-5.29,-5.62,-3.24,-0.63,1.27,6.71,0.39,7.95,3.73,3.01,-3.78,Rice,Clay,0.727,0.288,23.01,9,0.345,3.035.158,28.034
10.028,106.339,11,10,3.64,34.8,29.7,6.2,20,45.2,71,27.61,5.05,82.34,18.06,12,-4.58,-5.54,-5.71,-4.16,0.46,1.64,10.07,-0.1,7.61,4.57,0.32,-4.63,Rice,Clay Loam,0.653,0.343,24.72,7,0.408,1.734.376,27.545
9.895,105.977,11,0,3.64,34.4,38.1,6.1,26.1,39.6,59.4,27.61,5.05,82.34,17.03,12,-4.58,-5.54,-5.71,-4.16,0.46,1.64,10.07,-0.1,7.61,4.57,0.32,-4.63,Rice,Clay Loam,0.653,0.313,24.72,7,0.408,1.951.173,27.61
8.866,105.108,4,1,3.64,36.5,61.7,5.5,29.5,34.1,64.3,28.04,4.45,80.82,17.99,12,-4.45,-5.29,-5.62,-3.24,-0.63,1.27,6.71,0.39,7.95,3.73,3.01,-3.78,Rice,Clay Loam,0.727,0.312,23.01,9,0.345,3.251.955,28.034
21.262,106.307,7,3,3.64,29.6,18.8,6.2,30,40.3,26.5,23.24,4.05,82.32,13.38,12,-3.55,-1.88,-3.28,-2.06,-0.89,7.01,0.69,7.59,5.4,-2.13,-3.3,-3.62,Rice,Clay Loam,0.504,0.258,20.71,8,0.367,1.734.376,23.22
20.656,106.103,7,5,3.64,32,27.7,6,25.5,42.5,27.6,24.42,4.15,83.73,14.17,12,-3.54,-3.28,-3.86,-2.76,-1.25,4.9,0.24,4.95,8.6,3.24,-3.34,-3.95,Rice,Clay Loam,0.498,0.27,21.98,9,0.392,2167.97,24.388
10.746,105.479,4,4,3.64,42.5,29.3,5.3,19,38.6,33.8,27.74,4.64,80.6,17.9,12,-4.02,-5.17,-5.35,-3.98,0.31,1.52,7.43,-0.41,8.29,5.16,0.33,-4.15,Rice,Clay,0.722,0.294,23.08,9,0.36,3.685.549,27.714
8.864,105.012,11,1,3.64,38.5,49.6,5.6,34.5,27.1,52.4,28.04,4.45,80.82,17.99,12,-4.45,-5.29,-5.62,-3.24,-0.63,1.27,6.71,0.39,7.95,3.73,3.01,-3.78,Rice,Clay Loam,0.727,0.284,23.01,9,0.345,3.035.158,28.034
10.609,106.588,4,4,3.64,43.6,31,6.2,25.4,30.9,34.2,27.76,4.07,80.84,18.06,12,-3.8,-4.52,-4.6,-4.04,0.25,3.53,7.47,0.45,6.09,2.91,-0.2,-3.56,Rice,Clay,0.714,0.279,20.72,7,0.361,1.734.376,27.734
10.726,104.599,11,12,3.64,30.9,42.3,5.6,40.9,28.2,36.6,28.02,4.28,79.32,18.24,12,-3.59,-4.73,-4.96,-3.39,-0.31,0.74,4.69,-0.22,9.83,4.01,1.31,-3.42,Rice,Clay Loam,0.783,0.247,20.62,9,0.478,3.035.158,27.942
10.396,106.225,11,4,3.64,41.1,35.1,6.6,19.1,39.8,47.5,27.91,4.33,79.72,18.06,12,-4.03,-4.78,-4.88,-4,0.35,2.61,7.9,-0.29,6.54,4.36,0.01,-3.83,Rice,Clay,0.763,0.313,21.81,7,0.363,867.188,27.884
10.062,105.184,11,1,3.64,34.9,34,5.7,28.4,36.7,42,27.96,4.89,80.82,17.9,12,-4.26,-5.51,-5.79,-3.48,-0.34,0.99,7.3,-0.09,10.14,4.07,1.2,-4.25,Rice,Clay Loam,0.723,0.283,23.72,9,0.428,2.818.361,27.954
10.742,105.876,11,2,3.64,41.5,33.5,5.5,19.1,39.4,38.6,27.74,4.64,80.6,17.9,12,-4.02,-5.17,-5.35,-3.98,0.31,1.52,7.43,-0.41,8.29,5.16,0.33,-4.15,Rice,Clay,0.722,0.3,23.08,9,0.36,3.251.955,27.727
21.244,105.881,7,11,3.64,28.9,20.4,6.1,32.2,38.9,22,23.88,3.84,82.73,14.01,12,-3.62,-2.57,-3.27,-2.24,-0.69,5.8,0.34,6.86,5.89,0.57,-3.41,-3.66,Rice,Clay Loam,0.512,0.247,19.46,8,0.353,1.951.173,23.808
10.562,105.988,11,4,3.64,34.8,26.8,6,20.1,45.1,36.1,27.91,4.33,79.72,17.9,12,-4.03,-4.78,-4.88,-4,0.35,2.61,7.9,-0.29,6.54,4.36,0.01,-3.83,Rice,Clay Loam,0.763,0.294,21.81,7,0.363,2167.97,27.884
8.727,105.131,11,8,3.64,33.6,44.4,5.6,34.2,32.2,80.7,28.14,3.97,81.31,17.99,12,-3.92,-4.92,-5.23,-3.15,-0.59,0.53,5.39,0.83,6.79,2.56,4.54,-2.86,Rice,Clay Loam,0.712,0.324,20.67,9,0.329,3.035.158,28.088
10.61,105.94,4,2,3.64,39.4,28.4,5.7,17.9,42.7,33.1,27.91,4.33,79.72,17.9,12,-4.03,-4.78,-4.88,-4,0.35,2.61,7.9,-0.29,6.54,4.36,0.01,-3.83,Rice,Clay Loam,0.763,0.295,21.81,7,0.363,2.818.361,27.897
20.556,106.377,7,2,3.64,33.4,35.5,6,27.2,39.4,33.7,24.42,4.15,83.73,14.17,12,-3.54,-3.28,-3.86,-2.76,-1.25,4.9,0.24,4.95,8.6,3.24,-3.34,-3.95,Rice,Clay Loam,0.498,0.275,21.98,9,0.392,2167.97,24.407
20.52,106.099,7,5,3.64,33.1,26,6,28,38.9,24.4,24.42,4.15,83.73,14.17,12,-3.54,-3.28,-3.86,-2.76,-1.25,4.9,0.24,4.95,8.6,3.24,-3.34,-3.95,Rice,Clay Loam,0.498,0.26,21.98,9,0.392,2167.97,24.388
10.212,104.958,11,1,3.64,40.1,35.1,5.6,24.5,35.5,42.6,27.96,4.89,80.82,18.24,12,-4.26,-5.51,-5.79,-3.48,-0.34,0.99,7.3,-0.09,10.14,4.07,1.2,-4.25,Rice,Clay,0.723,0.293,23.72,9,0.428,3.035.158,27.954
21.366,106.556,7,17,3.64,28.3,19.8,6.1,25.3,46.4,24.3,23.24,4.05,82.32,13.38,12,-3.55,-1.88,-3.28,-2.06,-0.89,7.01,0.69,7.59,5.4,-2.13,-3.3,-3.62,Rice,Clay Loam,0.504,0.266,20.71,8,0.367,1.951.173,23.13
9.625,106.207,11,4,3.64,38.2,33.8,6.2,28.4,33.4,44.3,27.77,5.28,82.72,18.77,12,-4.89,-5.87,-6.07,-3.73,0.31,0.66,9.99,0.82,8.06,5.64,0.34,-5.29,Rice,Clay Loam,0.644,0.287,25.85,7,0.387,1.734.376,27.744
10.765,105.294,11,11,3.64,34.5,26.6,5.7,22.7,42.9,35.8,28.16,3.9,76.87,17.9,12,-3.21,-4.25,-4.47,-3.37,-0.26,0.68,3.27,0.33,8.7,4.94,0.85,-3.21,Rice,Clay Loam,0.882,0.288,18.77,9,0.464,2.818.361,28.088
10.885,105.012,11,3,3.64,37.3,30.2,5.5,24.3,38.4,44.1,28.16,3.9,76.87,17.9,12,-3.21,-4.25,-4.47,-3.37,-0.26,0.68,3.27,0.33,8.7,4.94,0.85,-3.21,Rice,Clay Loam,0.882,0.296,18.77,9,0.464,3.251.955,28.14
20.75,105.656,2,134,3.64,32.2,27.9,5.7,23.4,44.5,41.1,23.6,3.61,83.74,14.41,12,-3.31,-2.87,-3.1,-2.21,-1.23,4,0.43,4.46,7.45,2.88,-3.09,-3.44,Rice,Clay Loam,0.474,0.294,19.25,9,0.388,2.818.361,22.729
20.677,105.745,7,5,3.64,31.8,24.3,6.1,23.7,44.5,27.2,23.6,3.61,83.74,14.41,12,-3.31,-2.87,-3.1,-2.21,-1.23,4,0.43,4.46,7.45,2.88,-3.09,-3.44,Rice,Clay Loam,0.474,0.274,19.25,9,0.388,1.951.173,23.568
20.13,105.928,7,152,3.64,34.7,25.7,5.7,29.8,35.5,37.7,24.21,3.5,83.74,14.41,12,-3.17,-3.04,-3.17,-2.47,-1.36,1.99,1.29,2.72,8.21,4.04,-2.02,-3.04,Rice,Clay Loam,0.491,0.274,18.27,9,0.45,2.818.361,23.222
21.138,106.688,2,163,3.64,33.2,29.7,5.5,28.5,38.3,40.6,23.76,5.06,83.5,13.38,12,-3.61,-3.18,-3.97,-3.01,-1.53,10.61,0.28,6.3,8.2,-1.85,-3.74,-4.52,Rice,Clay Loam,0.485,0.281,25.41,6,0.418,3.251.955,22.7
21.447,106.495,2,137,3.64,30.9,21.8,5.8,22.6,46.6,32,23.24,4.05,82.32,13.38,12,-3.55,-1.88,-3.28,-2.06,-0.89,7.01,0.69,7.59,5.4,-2.13,-3.3,-3.62,Rice,Clay Loam,0.504,0.283,20.71,8,0.367,2.601.564,22.35
20.286,105.638,2,301,3.64,35.4,27.9,5.5,27,37.6,41.9,23.6,3.61,83.74,14.41,12,-3.31,-2.87,-3.1,-2.21,-1.23,4,0.43,4.46,7.45,2.88,-3.09,-3.44,Rice,Clay Loam,0.474,0.287,19.25,9,0.388,3.251.955,21.644
9.418,105.953,4,4,3.64,40.8,34.1,5.7,30,29.2,38.1,27.77,5.28,82.72,17.03,12,-4.89,-5.87,-6.07,-3.73,0.31,0.66,9.99,0.82,8.06,5.64,0.34,-5.29,Rice,Clay,0.644,0.274,25.85,7,0.387,2.818.361,27.744
10.439,104.585,4,1,3.64,33.9,58.1,5.6,26.3,39.8,40.5,28.02,4.28,79.32,18.24,12,-3.59,-4.73,-4.96,-3.39,-0.31,0.74,4.69,-0.22,9.83,4.01,1.31,-3.42,Rice,Clay Loam,0.783,0.286,20.62,9,0.478,3.035.158,28.014
9.966,106.051,11,2,3.64,32.7,36.5,6.2,25.3,42,48.9,27.61,5.05,82.34,18.77,12,-4.58,-5.54,-5.71,-4.16,0.46,1.64,10.07,-0.1,7.61,4.57,0.32,-4.63,Rice,Clay Loam,0.653,0.3,24.72,7,0.408,1.734.376,27.597
21.31,106.215,2,7,3.64,31.8,23.6,6.3,30.2,38,26.7,23.24,4.05,82.32,13.38,12,-3.55,-1.88,-3.28,-2.06,-0.89,7.01,0.69,7.59,5.4,-2.13,-3.3,-3.62,Rice,Clay Loam,0.504,0.258,20.71,8,0.367,1.517.579,23.194
10.572,105.284,4,3,3.64,35.6,28,6,22.4,42.1,47.9,27.91,4.77,79.76,17.9,12,-3.85,-5.17,-5.46,-3.66,-0.22,0.5,5.61,-0.26,10.88,4.65,0.87,-3.94,Rice,Clay Loam,0.761,0.306,22.56,9,0.483,2167.97,27.89
21.236,106.693,7,274,3.64,36.7,31.6,5.5,26.1,37.1,48.3,23.76,5.06,83.5,13.38,12,-3.61,-3.18,-3.97,-3.01,-1.53,10.61,0.28,6.3,8.2,-1.85,-3.74,-4.52,Rice,Clay Loam,0.485,0.298,25.41,6,0.418,3.251.955,21.979
20.912,106.581,7,4,3.64,33,25.6,6.1,29.2,37.7,30.2,23.76,5.06,83.5,14.17,12,-3.61,-3.18,-3.97,-3.01,-1.53,10.61,0.28,6.3,8.2,-1.85,-3.74,-4.52,Rice,Clay Loam,0.485,0.265,25.41,6,0.418,1.951.173,23.734
9.612,105.618,11,1,3.64,39.9,32.4,5.9,24.7,35.5,45.2,27.58,5.68,82.83,17.03,12,-5.15,-6.22,-6.61,-3.85,-0.17,0.76,10.43,0.35,9.34,6.06,0.59,-5.48,Rice,Clay Loam,0.633,0.296,27.48,7,0.379,2.384.767,27.574
21.242,106.268,7,3,3.64,27.8,19.3,6.2,32.3,39.9,19.5,24.18,4.13,82.51,13.38,12,-3.45,-2.61,-3.49,-2.27,-1.12,6.4,-0.14,6.45,7.56,0.06,-3.6,-3.84,Rice,Clay Loam,0.528,0.243,20.52,9,0.369,1.734.376,24.16
21.416,106.599,7,19,3.64,28.9,22.2,6.3,27.2,43.9,20.9,22.33,4.4,83.68,13.38,12,-3.51,-2.18,-3.29,-2.25,-1.59,9.09,1.12,6.42,6.2,-2.75,-3.26,-3.95,Rice,Clay Loam,0.44,0.257,22.78,6,0.398,1.517.579,22.206
20.542,106.433,2,2,3.64,36.3,34.9,6,26.4,37.3,33.2,24.42,4.15,83.73,14.17,12,-3.54,-3.28,-3.86,-2.76,-1.25,4.9,0.24,4.95,8.6,3.24,-3.34,-3.95,Rice,Clay Loam,0.498,0.276,21.98,9,0.392,2167.97,24.407
10.234,106.252,11,7,3.64,37.3,33.6,6.3,22.9,39.8,45.1,27.61,5.05,82.34,18.06,12,-4.58,-5.54,-5.71,-4.16,0.46,1.64,10.07,-0.1,7.61,4.57,0.32,-4.63,Rice,Clay Loam,0.653,0.3,24.72,7,0.408,1.517.579,27.564
10.852,104.62,4,14,3.64,26.3,31.5,5.7,41.1,32.6,35.3,27.55,3.96,77.95,18.24,12,-3.27,-4.22,-4.47,-3.28,-0.5,0.58,2.73,0.29,9.27,4.9,1.1,-3.13,Rice,Loam,0.812,0.245,18.87,9,0.491,2.818.361,27.459
10.263,106.502,11,3,3.64,40.3,32.2,6.4,20.2,39.5,35.4,27.91,4.33,79.72,18.06,12,-4.03,-4.78,-4.88,-4,0.35,2.61,7.9,-0.29,6.54,4.36,0.01,-3.83,Rice,Clay,0.763,0.293,21.81,7,0.363,1.300.782,27.89
21.23,106.387,7,179,3.64,33.8,29.8,5.6,24.7,41.6,48.2,24.18,4.13,82.51,13.38,12,-3.45,-2.61,-3.49,-2.27,-1.12,6.4,-0.14,6.45,7.56,0.06,-3.6,-3.84,Rice,Clay Loam,0.528,0.301,20.52,9,0.369,3.035.158,23.016
10.376,104.787,11,2,3.64,32.1,36.2,5.8,26.6,41.3,41.2,27.91,4.77,79.76,18.24,12,-3.85,-5.17,-5.46,-3.66,-0.22,0.5,5.61,-0.26,10.88,4.65,0.87,-3.94,Rice,Clay Loam,0.761,0.287,22.56,9,0.483,2.601.564,27.897
10.094,106.54,11,2,3.64,36.2,34.7,6.3,22.1,41.7,42.6,27.61,5.05,82.34,18.06,12,-4.58,-5.54,-5.71,-4.16,0.46,1.64,10.07,-0.1,7.61,4.57,0.32,-4.63,Rice,Clay Loam,0.653,0.299,24.72,7,0.408,1.517.579,27.597
21.155,106.494,7,20,3.64,33.7,23.8,5.9,27.2,39.1,27.8,24.18,4.13,82.51,13.38,12,-3.45,-2.61,-3.49,-2.27,-1.12,6.4,-0.14,6.45,7.56,0.06,-3.6,-3.84,Rice,Clay Loam,0.528,0.266,20.52,9,0.369,2.384.767,24.05
10.41,106.676,4,3,3.64,38.8,25.5,6.5,21,40.2,32,27.76,4.07,80.84,18.06,12,-3.8,-4.52,-4.6,-4.04,0.25,3.53,7.47,0.45,6.09,2.91,-0.2,-3.56,Rice,Clay Loam,0.714,0.286,20.72,7,0.361,1.083.985,27.74
20.798,106.144,2,6,3.64,35.2,25.9,6.1,27.3,37.5,25.5,24.18,4.13,82.51,14.17,12,-3.45,-2.61,-3.49,-2.27,-1.12,6.4,-0.14,6.45,7.56,0.06,-3.6,-3.84,Rice,Clay Loam,0.528,0.263,20.52,9,0.369,1.951.173,24.141
20.912,106.244,7,3,3.64,36,29.2,6.2,31.2,32.9,29.8,24.18,4.13,82.51,14.17,12,-3.45,-2.61,-3.49,-2.27,-1.12,6.4,-0.14,6.45,7.56,0.06,-3.6,-3.84,Rice,Clay Loam,0.528,0.26,20.52,9,0.369,1.734.376,24.16
20.475,105.93,7,2,3.64,36.4,24.7,6.1,23.3,40.2,28.7,23.6,3.61,83.74,14.41,12,-3.31,-2.87,-3.1,-2.21,-1.23,4,0.43,4.46,7.45,2.88,-3.09,-3.44,Rice,Clay Loam,0.474,0.277,19.25,9,0.388,1.951.173,23.587
10.546,104.889,4,4,3.64,31.9,41.9,5.4,27.7,40.4,39.3,27.91,4.77,79.76,18.24,12,-3.85,-5.17,-5.46,-3.66,-0.22,0.5,5.61,-0.26,10.88,4.65,0.87,-3.94,Rice,Clay Loam,0.761,0.281,22.56,9,0.483,3.468.752,27.884
20.862,105.578,2,23,3.64,30.7,23.7,5.9,25.4,43.9,20.7,23.88,3.84,82.73,14.41,12,-3.62,-2.57,-3.27,-2.24,-0.69,5.8,0.34,6.86,5.89,0.57,-3.41,-3.66,Rice,Clay Loam,0.512,0.261,19.46,8,0.353,2.384.767,23.73
10.576,105.084,4,2,3.64,35.7,33.4,5.6,21.5,42.8,33.9,27.91,4.77,79.76,17.9,12,-3.85,-5.17,-5.46,-3.66,-0.22,0.5,5.61,-0.26,10.88,4.65,0.87,-3.94,Rice,Clay Loam,0.761,0.288,22.56,9,0.483,3.035.158,27.897
9.906,105.237,4,1,3.64,37,36.1,5.6,27.8,35.2,43.3,27.96,4.89,80.82,17.03,12,-4.26,-5.51,-5.79,-3.48,-0.34,0.99,7.3,-0.09,10.14,4.07,1.2,-4.25,Rice,Clay Loam,0.723,0.287,23.72,9,0.428,3.035.158,27.954
10.195,105.417,4,2,3.64,32.9,28,5.7,23.1,44,33.2,27.52,5.44,82.42,17.9,12,-4.68,-6.01,-6.26,-4.19,0.2,1.23,10.03,-0.2,9.39,5.07,0.41,-4.97,Rice,Clay Loam,0.646,0.283,26.31,7,0.381,2.818.361,27.507
10.74,105.043,4,3,3.64,32.4,33,5.8,25.7,41.8,32.6,27.91,4.77,79.76,17.9,12,-3.85,-5.17,-5.46,-3.66,-0.22,0.5,5.61,-0.26,10.88,4.65,0.87,-3.94,Rice,Clay Loam,0.761,0.277,22.56,9,0.483,2.601.564,27.89
20.793,106.557,7,4,3.64,35.8,30.1,5.8,31.3,32.9,42.8,24.18,4.13,82.51,14.17,12,-3.45,-2.61,-3.49,-2.27,-1.12,6.4,-0.14,6.45,7.56,0.06,-3.6,-3.84,Rice,Clay Loam,0.528,0.278,20.52,9,0.369,2.601.564,24.154
10.313,104.61,11,1,3.64,30.9,53.5,5.6,26.9,42.2,62.9,28.02,4.28,79.32,18.24,12,-3.59,-4.73,-4.96,-3.39,-0.31,0.74,4.69,-0.22,9.83,4.01,1.31,-3.42,Rice,Clay Loam,0.783,0.316,20.62,9,0.478,3.035.158,28.014
21.193,106.212,2,5,3.64,29.1,20.3,6.1,30.8,40.1,24.5,24.18,4.13,82.51,13.38,12,-3.45,-2.61,-3.49,-2.27,-1.12,6.4,-0.14,6.45,7.56,0.06,-3.6,-3.84,Rice,Clay Loam,0.528,0.253,20.52,9,0.369,1.951.173,24.148
20.334,105.832,2,2,3.64,35.9,29.1,6.1,26.6,37.6,25.1,23.6,3.61,83.74,14.41,12,-3.31,-2.87,-3.1,-2.21,-1.23,4,0.43,4.46,7.45,2.88,-3.09,-3.44,Rice,Clay Loam,0.474,0.264,19.25,9,0.388,1.951.173,23.587
10.901,104.697,4,9,3.64,26.9,31.6,5.4,39.1,34,35.9,28.16,3.9,76.87,18.24,12,-3.21,-4.25,-4.47,-3.37,-0.26,0.68,3.27,0.33,8.7,4.94,0.85,-3.21,Rice,Loam,0.882,0.25,18.77,9,0.464,3.468.752,28.102
21.341,106.277,2,11,3.64,29.1,24,6.2,32.8,38.1,25.9,23.24,4.05,82.32,13.38,12,-3.55,-1.88,-3.28,-2.06,-0.89,7.01,0.69,7.59,5.4,-2.13,-3.3,-3.62,Rice,Clay Loam,0.504,0.251,20.71,8,0.367,1.734.376,23.168
10.756,104.893,11,5,3.64,30.9,47.3,5.3,30.6,38.5,40.5,28.16,3.9,76.87,18.24,12,-3.21,-4.25,-4.47,-3.37,-0.26,0.68,3.27,0.33,8.7,4.94,0.85,-3.21,Rice,Clay Loam,0.882,0.276,18.77,9,0.464,3.685.549,28.128
9.164,105.259,11,3,3.64,39.4,23.9,5.5,32.5,28.1,41.8,28.04,4.45,80.82,17.03,12,-4.45,-5.29,-5.62,-3.24,-0.63,1.27,6.71,0.39,7.95,3.73,3.01,-3.78,Rice,Clay Loam,0.727,0.274,23.01,9,0.345,3.251.955,28.02
10.407,106.664,4,2,3.64,37.2,36.2,6.6,21.9,40.9,34.9,27.76,4.07,80.84,18.06,12,-3.8,-4.52,-4.6,-4.04,0.25,3.53,7.47,0.45,6.09,2.91,-0.2,-3.56,Rice,Clay Loam,0.714,0.288,20.72,7,0.361,867.188,27.747
20.164,106.249,7,4,3.64,32.6,30.3,6,31.1,36.3,29,24.89,4.18,84.24,14.17,12,-3.87,-3.88,-4.3,-3.56,-1.35,2.53,2.04,3.07,7.68,7.12,-1.86,-3.62,Rice,Clay Loam,0.496,0.259,22.44,9,0.342,2167.97,24.864
10.042,106.338,4,10,3.64,34.5,29,6.2,18.9,46.6,39.5,27.61,5.05,82.34,18.06,12,-4.58,-5.54,-5.71,-4.16,0.46,1.64,10.07,-0.1,7.61,4.57,0.32,-4.63,Rice,Clay Loam,0.653,0.302,24.72,7,0.408,1.734.376,27.545
9.693,106.521,11,2,3.64,36.3,35.8,6.2,25.7,37.9,35.7,27.77,5.28,82.72,18.77,12,-4.89,-5.87,-6.07,-3.73,0.31,0.66,9.99,0.82,8.06,5.64,0.34,-5.29,Rice,Clay Loam,0.644,0.281,25.85,7,0.387,1.734.376,27.757
10.705,106.663,11,3,3.64,40.7,35.6,6.2,22.4,36.8,41.5,27.76,4.07,80.84,18.06,12,-3.8,-4.52,-4.6,-4.04,0.25,3.53,7.47,0.45,6.09,2.91,-0.2,-3.56,Rice,Clay,0.714,0.297,20.72,7,0.361,1.734.376,27.74
10.244,105.65,4,3,3.64,37.2,33.9,5.7,18.6,44.3,40.7,27.52,5.44,82.42,17.9,12,-4.68,-6.01,-6.26,-4.19,0.2,1.23,10.03,-0.2,9.39,5.07,0.41,-4.97,Rice,Clay Loam,0.646,0.304,26.31,7,0.381,2.818.361,27.5
20.381,105.648,7,34,3.64,31.7,21.8,6,26.7,41.6,21.4,23.6,3.61,83.74,14.41,12,-3.31,-2.87,-3.1,-2.21,-1.23,4,0.43,4.46,7.45,2.88,-3.09,-3.44,Rice,Clay Loam,0.474,0.259,19.25,9,0.388,2167.97,23.379
9.838,104.974,11,2,3.64,39.8,42.4,5.3,26.6,33.5,52.7,27.96,4.89,80.82,18.06,12,-4.26,-5.51,-5.79,-3.48,-0.34,0.99,7.3,-0.09,10.14,4.07,1.2,-4.25,Rice,Clay Loam,0.723,0.303,23.72,9,0.428,3.685.549,27.947
20.507,106.152,7,2,3.64,35.8,24.3,6,27.4,36.8,29.3,24.42,4.15,83.73,14.17,12,-3.54,-3.28,-3.86,-2.76,-1.25,4.9,0.24,4.95,8.6,3.24,-3.34,-3.95,Rice,Clay Loam,0.498,0.268,21.98,9,0.392,2167.97,24.407
9.603,106.033,11,8,3.64,37.1,44,6,24.2,38.7,52.6,27.77,5.28,82.72,18.77,12,-4.89,-5.87,-6.07,-3.73,0.31,0.66,9.99,0.82,8.06,5.64,0.34,-5.29,Rice,Clay Loam,0.644,0.308,25.85,7,0.387,2167.97,27.718
21.386,106.582,7,15,3.64,28.8,21.7,6.1,25.9,45.3,22.7,22.33,4.4,83.68,13.38,12,-3.51,-2.18,-3.29,-2.25,-1.59,9.09,1.12,6.42,6.2,-2.75,-3.26,-3.95,Rice,Clay Loam,0.44,0.262,22.78,6,0.398,1.951.173,22.232
9.541,104.942,11,7,3.64,36.8,27.2,5.6,25.6,37.6,54.2,27.97,4.72,81.28,18.06,12,-4.59,-5.52,-5.78,-3.25,-0.54,1.6,7.82,0.24,8.31,4.06,1.94,-4.24,Rice,Clay Loam,0.706,0.307,23.92,9,0.347,3.035.158,27.924
10.308,106.588,4,6,3.64,38.4,34,6.4,21.2,40.3,34.5,27.76,4.07,80.84,18.06,12,-3.8,-4.52,-4.6,-4.04,0.25,3.53,7.47,0.45,6.09,2.91,-0.2,-3.56,Rice,Clay Loam,0.714,0.29,20.72,7,0.361,1.300.782,27.721
21.281,106.356,2,12,3.64,30.9,18,6.2,23.6,45.5,21.2,23.24,4.05,82.32,13.38,12,-3.55,-1.88,-3.28,-2.06,-0.89,7.01,0.69,7.59,5.4,-2.13,-3.3,-3.62,Rice,Clay Loam,0.504,0.265,20.71,8,0.367,1.734.376,23.162
20.372,106.381,7,2,3.64,33.7,32.8,6.1,30,36.3,35.1,24.42,4.15,83.73,14.17,12,-3.54,-3.28,-3.86,-2.76,-1.25,4.9,0.24,4.95,8.6,3.24,-3.34,-3.95,Rice,Clay Loam,0.498,0.27,21.98,9,0.392,1.951.173,24.407
10.732,105.821,11,3,3.64,39.8,29.5,5.8,20,40.2,35,27.74,4.64,80.6,17.9,12,-4.02,-5.17,-5.35,-3.98,0.31,1.52,7.43,-0.41,8.29,5.16,0.33,-4.15,Rice,Clay Loam,0.722,0.293,23.08,9,0.36,2.601.564,27.72
21.002,105.517,2,26,3.64,33.1,22.6,6,25.9,40.9,23.8,23.88,3.84,82.73,14.01,12,-3.62,-2.57,-3.27,-2.24,-0.69,5.8,0.34,6.86,5.89,0.57,-3.41,-3.66,Rice,Clay Loam,0.512,0.264,19.46,8,0.353,2167.97,23.711
20.159,105.863,7,52,3.64,33,23.4,5.9,31.5,35.5,21.8,24.21,3.5,83.74,14.41,12,-3.17,-3.04,-3.17,-2.47,-1.36,1.99,1.29,2.72,8.21,4.04,-2.02,-3.04,Rice,Clay Loam,0.491,0.248,18.27,9,0.45,2.384.767,23.872
9.383,105.933,11,3,3.64,40,35.4,5.6,31.6,28.5,36.3,27.58,5.68,82.83,17.03,12,-5.15,-6.22,-6.61,-3.85,-0.17,0.76,10.43,0.35,9.34,6.06,0.59,-5.48,Rice,Clay,0.633,0.268,27.48,7,0.379,3.035.158,27.56
21.327,106.43,7,9,3.64,27.3,20.5,6.3,25.9,46.8,22.7,23.24,4.05,82.32,13.38,12,-3.55,-1.88,-3.28,-2.06,-0.89,7.01,0.69,7.59,5.4,-2.13,-3.3,-3.62,Rice,Clay Loam,0.504,0.262,20.71,8,0.367,1.517.579,23.182
20.898,106.222,7,4,3.64,34.3,25.2,6.1,29.7,36,26.7,24.18,4.13,82.51,14.17,12,-3.45,-2.61,-3.49,-2.27,-1.12,6.4,-0.14,6.45,7.56,0.06,-3.6,-3.84,Rice,Clay Loam,0.528,0.259,20.52,9,0.369,1.951.173,24.154
9.77,104.898,11,1,3.64,36.6,28.2,5.5,27,36.4,41.5,27.96,4.89,80.82,18.06,12,-4.26,-5.51,-5.79,-3.48,-0.34,0.99,7.3,-0.09,10.14,4.07,1.2,-4.25,Rice,Clay Loam,0.723,0.286,23.72,9,0.428,3.251.955,27.954
10.698,104.703,4,18,3.64,27.4,31,5.7,40.3,32.4,47.1,27.91,4.77,79.76,18.24,12,-3.85,-5.17,-5.46,-3.66,-0.22,0.5,5.61,-0.26,10.88,4.65,0.87,-3.94,Rice,Clay Loam,0.761,0.263,22.56,9,0.483,2.818.361,27.793
9.015,105.118,11,2,3.64,36.4,48.9,5.4,31.9,31.7,51.6,28.04,4.45,80.82,17.03,12,-4.45,-5.29,-5.62,-3.24,-0.63,1.27,6.71,0.39,7.95,3.73,3.01,-3.78,Rice,Clay Loam,0.727,0.289,23.01,9,0.345,3.468.752,28.027
10.719,105.327,11,9,3.64,31.7,25.9,5.4,29.2,39.1,36.2,27.74,4.64,80.6,17.9,12,-4.02,-5.17,-5.35,-3.98,0.31,1.52,7.43,-0.41,8.29,5.16,0.33,-4.15,Rice,Clay Loam,0.722,0.274,23.08,9,0.36,3.468.752,27.682
10.048,105.491,4,4,3.64,35.9,34.9,6,22.1,42.1,44.2,27.52,5.44,82.42,17.9,12,-4.68,-6.01,-6.26,-4.19,0.2,1.23,10.03,-0.2,9.39,5.07,0.41,-4.97,Rice,Clay Loam,0.646,0.301,26.31,7,0.381,2167.97,27.494
9.479,105.59,11,5,3.64,39.9,26.2,5.7,25.8,34.3,32.4,27.58,5.68,82.83,17.03,12,-5.15,-6.22,-6.61,-3.85,-0.17,0.76,10.43,0.35,9.34,6.06,0.59,-5.48,Rice,Clay Loam,0.633,0.276,27.48,7,0.379,2.818.361,27.548
20.708,106.375,7,4,3.64,34.1,35.1,5.8,26.6,39.3,53.1,24.42,4.15,83.73,14.17,12,-3.54,-3.28,-3.86,-2.76,-1.25,4.9,0.24,4.95,8.6,3.24,-3.34,-3.95,Rice,Clay Loam,0.498,0.303,21.98,9,0.392,2.601.564,24.394
9.524,105.868,4,2,3.64,41.5,51.6,5.6,27.3,31.2,36.1,27.58,5.68,82.83,17.03,12,-5.15,-6.22,-6.61,-3.85,-0.17,0.76,10.43,0.35,9.34,6.06,0.59,-5.48,Rice,Clay,0.633,0.278,27.48,7,0.379,3.035.158,27.567
20.438,106.222,7,5,3.64,32.6,22,6,32.5,34.9,33.9,24.42,4.15,83.73,14.17,12,-3.54,-3.28,-3.86,-2.76,-1.25,4.9,0.24,4.95,8.6,3.24,-3.34,-3.95,Rice,Clay Loam,0.498,0.263,21.98,9,0.392,2167.97,24.388
21.235,106.548,2,252,3.64,30.4,25.5,5.7,24.4,45.2,29.6,24.18,4.13,82.51,13.38,12,-3.45,-2.61,-3.49,-2.27,-1.12,6.4,-0.14,6.45,7.56,0.06,-3.6,-3.84,Rice,Clay Loam,0.528,0.275,20.52,9,0.369,2.818.361,22.542
9.708,105.034,4,1,3.64,38.6,51.3,5.6,26.7,34.8,53.4,27.97,4.72,81.28,17.03,12,-4.59,-5.52,-5.78,-3.25,-0.54,1.6,7.82,0.24,8.31,4.06,1.94,-4.24,Rice,Clay Loam,0.706,0.303,23.92,9,0.347,3.035.158,27.964
9.799,105.067,11,2,3.64,37.4,43.2,5.4,24.9,37.7,51.3,27.96,4.89,80.82,17.03,12,-4.26,-5.51,-5.79,-3.48,-0.34,0.99,7.3,-0.09,10.14,4.07,1.2,-4.25,Rice,Clay Loam,0.723,0.305,23.72,9,0.428,3.468.752,27.947
10.627,106.468,11,2,3.64,40.9,24.4,5.8,21.4,37.7,25.2,27.91,4.33,79.72,18.06,12,-4.03,-4.78,-4.88,-4,0.35,2.61,7.9,-0.29,6.54,4.36,0.01,-3.83,Rice,Clay,0.763,0.276,21.81,7,0.363,2.601.564,27.897
10.511,105.127,4,2,3.64,36.6,30.3,5.9,18,45.3,40.3,27.91,4.77,79.76,17.9,12,-3.85,-5.17,-5.46,-3.66,-0.22,0.5,5.61,-0.26,10.88,4.65,0.87,-3.94,Rice,Clay Loam,0.761,0.305,22.56,9,0.483,2.384.767,27.897
10.851,104.509,4,32,3.64,25.9,25.7,5.8,40.3,33.9,38.8,27.55,3.96,77.95,18.24,12,-3.27,-4.22,-4.47,-3.28,-0.5,0.58,2.73,0.29,9.27,4.9,1.1,-3.13,Rice,Loam,0.812,0.252,18.87,9,0.491,2.601.564,27.342
20.92,106.497,2,3,3.64,34.9,28.3,6,31.1,34.1,30.4,24.18,4.13,82.51,14.17,12,-3.45,-2.61,-3.49,-2.27,-1.12,6.4,-0.14,6.45,7.56,0.06,-3.6,-3.84,Rice,Clay Loam,0.528,0.261,20.52,9,0.369,2167.97,24.16
21.386,106.307,2,19,3.64,29.1,21.1,6.4,25,45.8,21.3,23.24,4.05,82.32,13.38,12,-3.55,-1.88,-3.28,-2.06,-0.89,7.01,0.69,7.59,5.4,-2.13,-3.3,-3.62,Rice,Clay Loam,0.504,0.262,20.71,8,0.367,1.300.782,23.116
10.09,106.115,4,10,3.64,38.2,27.9,6.1,22.6,39.3,39,27.61,5.05,82.34,18.06,12,-4.58,-5.54,-5.71,-4.16,0.46,1.64,10.07,-0.1,7.61,4.57,0.32,-4.63,Rice,Clay Loam,0.653,0.293,24.72,7,0.408,1.951.173,27.545
21.236,105.836,2,15,3.64,31.1,21.2,6,31.9,36.9,20,23.88,3.84,82.73,14.01,12,-3.62,-2.57,-3.27,-2.24,-0.69,5.8,0.34,6.86,5.89,0.57,-3.41,-3.66,Rice,Clay Loam,0.512,0.245,19.46,8,0.353,2167.97,23.782
20.575,105.753,2,128,3.64,30.9,27.7,5.7,28.3,40.8,36.1,23.6,3.61,83.74,14.41,12,-3.31,-2.87,-3.1,-2.21,-1.23,4,0.43,4.46,7.45,2.88,-3.09,-3.44,Rice,Clay Loam,0.474,0.275,19.25,9,0.388,2.818.361,22.768
20.654,106,2,4,3.64,34.3,27.4,5.9,26.2,39.5,34.3,24.42,4.15,83.73,14.41,12,-3.54,-3.28,-3.86,-2.76,-1.25,4.9,0.24,4.95,8.6,3.24,-3.34,-3.95,Rice,Clay Loam,0.498,0.278,21.98,9,0.392,2.384.767,24.394
9.604,104.95,4,2,3.64,40.5,29.2,5.8,26,33.4,56.1,27.97,4.72,81.28,18.06,12,-4.59,-5.52,-5.78,-3.25,-0.54,1.6,7.82,0.24,8.31,4.06,1.94,-4.24,Rice,Clay,0.706,0.309,23.92,9,0.347,2.601.564,27.957
21.252,106.326,7,3,3.64,31.5,23.2,6,28.9,39.5,27.5,23.24,4.05,82.32,13.38,12,-3.55,-1.88,-3.28,-2.06,-0.89,7.01,0.69,7.59,5.4,-2.13,-3.3,-3.62,Rice,Clay Loam,0.504,0.262,20.71,8,0.367,2167.97,23.22
21.485,106.108,2,27,3.64,34.5,21.3,6.1,28.3,37.1,17.3,23.24,4.05,82.32,13.38,12,-3.55,-1.88,-3.28,-2.06,-0.89,7.01,0.69,7.59,5.4,-2.13,-3.3,-3.62,Rice,Clay Loam,0.504,0.249,20.71,8,0.367,1.951.173,23.064
20.376,105.796,2,3,3.64,33.2,24.6,6.1,26.5,40.2,23.9,23.6,3.61,83.74,14.41,12,-3.31,-2.87,-3.1,-2.21,-1.23,4,0.43,4.46,7.45,2.88,-3.09,-3.44,Rice,Clay Loam,0.474,0.263,19.25,9,0.388,1.951.173,23.58
9.504,105.419,11,1,3.64,34.2,46.5,5.6,28,37.8,49.7,27.58,5.68,82.83,17.03,12,-5.15,-6.22,-6.61,-3.85,-0.17,0.76,10.43,0.35,9.34,6.06,0.59,-5.48,Rice,Clay Loam,0.633,0.295,27.48,7,0.379,3.035.158,27.574
20.384,105.879,7,157,3.64,32.4,25.8,5.7,30.1,37.5,51.3,23.6,3.61,83.74,14.41,12,-3.31,-2.87,-3.1,-2.21,-1.23,4,0.43,4.46,7.45,2.88,-3.09,-3.44,Rice,Clay Loam,0.474,0.293,19.25,9,0.388,2.818.361,22.58
21.315,105.99,7,11,3.64,30.4,22.3,6.3,32.1,37.5,20.8,23.24,4.05,82.32,14.01,12,-3.55,-1.88,-3.28,-2.06,-0.89,7.01,0.69,7.59,5.4,-2.13,-3.3,-3.62,Rice,Clay Loam,0.504,0.245,20.71,8,0.367,1.517.579,23.168
10.896,105.283,11,4,3.64,32,21.1,5.7,28,40,30.5,28.16,3.9,76.87,17.9,12,-3.21,-4.25,-4.47,-3.37,-0.26,0.68,3.27,0.33,8.7,4.94,0.85,-3.21,Rice,Clay Loam,0.882,0.268,18.77,9,0.464,2.818.361,28.134
20.887,106.68,2,3,3.64,31.6,29.6,6.1,32.4,36,32.7,23.76,5.06,83.5,14.17,12,-3.61,-3.18,-3.97,-3.01,-1.53,10.61,0.28,6.3,8.2,-1.85,-3.74,-4.52,Rice,Clay Loam,0.485,0.261,25.41,6,0.418,1.951.173,23.74
8.695,104.821,11,9,3.64,39.9,53.7,5.7,28.6,31.5,56.9,28.14,3.97,81.31,17.74,12,-3.92,-4.92,-5.23,-3.15,-0.59,0.53,5.39,0.83,6.79,2.56,4.54,-2.86,Rice,Clay Loam,0.712,0.304,20.67,9,0.329,2.818.361,28.082
10.033,105.06,4,2,3.64,33.9,24.4,5.6,27.9,38.2,39.4,27.96,4.89,80.82,17.9,12,-4.26,-5.51,-5.79,-3.48,-0.34,0.99,7.3,-0.09,10.14,4.07,1.2,-4.25,Rice,Clay Loam,0.723,0.281,23.72,9,0.428,3.035.158,27.947
10.075,106.734,4,2,3.64,40.9,34.8,6.4,20.2,39,41.6,27.9,4.57,82.8,18.06,12,-4.11,-5.15,-5.27,-3.9,0.42,1.5,8.42,0.47,7.6,3.69,0.73,-4.35,Rice,Clay,0.646,0.302,22.78,7,0.369,1.300.782,27.887
10.971,105.145,11,3,3.64,35.3,43.3,5.9,25,39.7,38.7,28.16,3.9,76.87,17.9,12,-3.21,-4.25,-4.47,-3.37,-0.26,0.68,3.27,0.33,8.7,4.94,0.85,-3.21,Rice,Clay Loam,0.882,0.287,18.77,9,0.464,2.384.767,28.14
21.34,106.187,7,6,3.64,29.3,22.2,6.2,30.8,39.9,23.6,23.24,4.05,82.32,13.38,12,-3.55,-1.88,-3.28,-2.06,-0.89,7.01,0.69,7.59,5.4,-2.13,-3.3,-3.62,Rice,Clay Loam,0.504,0.252,20.71,8,0.367,1.734.376,23.201
10.491,104.779,11,3,3.64,32,46.1,5.5,27.5,40.5,37.6,27.91,4.77,79.76,18.24,12,-3.85,-5.17,-5.46,-3.66,-0.22,0.5,5.61,-0.26,10.88,4.65,0.87,-3.94,Rice,Clay Loam,0.761,0.279,22.56,9,0.483,3.251.955,27.89
10.935,105.104,11,8,3.64,37.4,27.6,5.5,24.8,37.8,30.2,28.16,3.9,76.87,17.9,12,-3.21,-4.25,-4.47,-3.37,-0.26,0.68,3.27,0.33,8.7,4.94,0.85,-3.21,Rice,Clay Loam,0.882,0.275,18.77,9,0.464,3.251.955,28.108
10.765,105.01,11,3,3.64,32.5,25.1,5.3,26.1,41.3,32.7,28.16,3.9,76.87,17.9,12,-3.21,-4.25,-4.47,-3.37,-0.26,0.68,3.27,0.33,8.7,4.94,0.85,-3.21,Rice,Clay Loam,0.882,0.276,18.77,9,0.464,3.685.549,28.14
10.86,105.258,4,3,3.64,33.8,31.3,5.5,25.5,40.7,38,28.16,3.9,76.87,17.9,12,-3.21,-4.25,-4.47,-3.37,-0.26,0.68,3.27,0.33,8.7,4.94,0.85,-3.21,Rice,Clay Loam,0.882,0.285,18.77,9,0.464,3.251.955,28.14
21.222,106.205,2,128,3.64,34.7,25.3,5.9,22.8,42.5,33.2,24.18,4.13,82.51,13.38,12,-3.45,-2.61,-3.49,-2.27,-1.12,6.4,-0.14,6.45,7.56,0.06,-3.6,-3.84,Rice,Clay Loam,0.528,0.284,20.52,9,0.369,2.384.767,23.348
10.512,105.325,4,2,3.64,39.4,26.6,5.6,20.5,40.1,32.3,27.74,4.64,80.6,17.9,12,-4.02,-5.17,-5.35,-3.98,0.31,1.52,7.43,-0.41,8.29,5.16,0.33,-4.15,Rice,Clay Loam,0.722,0.288,23.08,9,0.36,3.035.158,27.727
10.218,104.705,11,2,3.64,32,35.4,5.5,29.9,38,50.6,27.96,4.89,80.82,18.24,12,-4.26,-5.51,-5.79,-3.48,-0.34,0.99,7.3,-0.09,10.14,4.07,1.2,-4.25,Rice,Clay Loam,0.723,0.292,23.72,9,0.428,3.251.955,27.947
10.841,106.155,4,5,3.64,41,31.8,6,20.1,38.9,36.7,28.08,3.71,77.7,18.06,12,-3.56,-4.08,-4.13,-3.62,0.1,2.86,5.77,0.03,5.64,4.65,-0.35,-3.28,Rice,Clay,0.847,0.295,19.02,7,0.303,2167.97,28.048
21.373,105.798,7,23,3.64,33.6,23.9,6.1,28.8,37.6,19.7,23.66,4.1,82.25,14.01,12,-3.83,-2.11,-3.41,-2.35,-0.33,6.36,1.26,8.89,4.16,-1.78,-3.22,-3.69,Rice,Clay Loam,0.519,0.251,20.72,8,0.43,1.951.173,23.51
10.128,105.237,11,2,3.64,41.2,35.1,5.6,22,36.8,34.3,27.96,4.89,80.82,17.9,12,-4.26,-5.51,-5.79,-3.48,-0.34,0.99,7.3,-0.09,10.14,4.07,1.2,-4.25,Rice,Clay,0.723,0.287,23.72,9,0.428,3.035.158,27.947
10.372,104.716,4,2,3.64,31.1,39.5,5.5,27.6,41.3,45.7,27.91,4.77,79.76,18.24,12,-3.85,-5.17,-5.46,-3.66,-0.22,0.5,5.61,-0.26,10.88,4.65,0.87,-3.94,Rice,Clay Loam,0.761,0.291,22.56,9,0.483,3.251.955,27.897
20.017,106.125,7,1,3.64,32.5,36.1,5.8,30.9,36.7,33.3,24.89,4.18,84.24,14.17,12,-3.87,-3.88,-4.3,-3.56,-1.35,2.53,2.04,3.07,7.68,7.12,-1.86,-3.62,Rice,Clay Loam,0.496,0.266,22.44,9,0.342,2.601.564,24.884
21.226,106.637,7,238,3.64,31.7,28.1,5.6,27.8,40.5,38.1,23.76,5.06,83.5,13.38,12,-3.61,-3.18,-3.97,-3.01,-1.53,10.61,0.28,6.3,8.2,-1.85,-3.74,-4.52,Rice,Clay Loam,0.485,0.279,25.41,6,0.418,3.035.158,22.213
21.16,105.907,2,6,3.64,32.8,26.6,6,29.3,37.9,26.2,23.88,3.84,82.73,14.01,12,-3.62,-2.57,-3.27,-2.24,-0.69,5.8,0.34,6.86,5.89,0.57,-3.41,-3.66,Rice,Clay Loam,0.512,0.259,19.46,8,0.353,2167.97,23.841
9.383,104.88,4,5,3.64,42,32.4,5.6,30.1,27.9,48.6,27.97,4.72,81.28,18.06,12,-4.59,-5.52,-5.78,-3.25,-0.54,1.6,7.82,0.24,8.31,4.06,1.94,-4.24,Rice,Clay,0.706,0.289,23.92,9,0.347,3.035.158,27.938
10.011,105.701,4,5,3.64,33.9,35.4,5.9,25.8,40.2,53.8,27.52,5.44,82.42,17.9,12,-4.68,-6.01,-6.26,-4.19,0.2,1.23,10.03,-0.2,9.39,5.07,0.41,-4.97,Rice,Clay Loam,0.646,0.306,26.31,7,0.381,2.384.767,27.488
20.192,106.069,7,3,3.64,35.6,31.5,5.9,28.5,36,31.5,24.89,4.18,84.24,14.17,12,-3.87,-3.88,-4.3,-3.56,-1.35,2.53,2.04,3.07,7.68,7.12,-1.86,-3.62,Rice,Clay Loam,0.496,0.269,22.44,9,0.342,2.384.767,24.87
10.904,105.72,11,3,3.64,34.2,29.9,6,21.5,44.4,36.4,28.1,3.74,77.56,17.9,12,-3.37,-4.2,-4.32,-3.49,0.06,1.63,4.58,-0.12,6.51,5.58,0.4,-3.31,Rice,Clay Loam,0.853,0.292,18.81,9,0.347,2167.97,28.08
9.544,105.745,4,3,3.64,36,43.8,5.9,26.4,37.6,54.8,27.58,5.68,82.83,17.03,12,-5.15,-6.22,-6.61,-3.85,-0.17,0.76,10.43,0.35,9.34,6.06,0.59,-5.48,Rice,Clay Loam,0.633,0.306,27.48,7,0.379,2.384.767,27.56
8.89,105.143,4,1,3.64,38.7,54,5.6,32.6,28.8,49.9,28.04,4.45,80.82,17.99,12,-4.45,-5.29,-5.62,-3.24,-0.63,1.27,6.71,0.39,7.95,3.73,3.01,-3.78,Rice,Clay Loam,0.727,0.285,23.01,9,0.345,3.035.158,28.034
20.496,106.202,2,4,3.64,33.1,25.7,6.1,30.8,36.1,27,24.42,4.15,83.73,14.17,12,-3.54,-3.28,-3.86,-2.76,-1.25,4.9,0.24,4.95,8.6,3.24,-3.34,-3.95,Rice,Clay Loam,0.498,0.257,21.98,9,0.392,1.951.173,24.394
21.218,106.452,2,233,3.64,34,30,5.5,22.6,43.4,44.5,24.18,4.13,82.51,13.38,12,-3.45,-2.61,-3.49,-2.27,-1.12,6.4,-0.14,6.45,7.56,0.06,-3.6,-3.84,Rice,Clay Loam,0.528,0.3,20.52,9,0.369,3.251.955,22.666
20.382,105.506,7,272,3.64,36.2,27.7,5.7,25.4,38.4,32.3,23.6,3.61,83.74,14.41,12,-3.31,-2.87,-3.1,-2.21,-1.23,4,0.43,4.46,7.45,2.88,-3.09,-3.44,Rice,Clay Loam,0.474,0.277,19.25,9,0.388,2.818.361,21.832
10.302,106.636,4,5,3.64,46.2,24,6.3,19.5,34.3,30.2,27.76,4.07,80.84,18.06,12,-3.8,-4.52,-4.6,-4.04,0.25,3.53,7.47,0.45,6.09,2.91,-0.2,-3.56,Rice,Clay,0.714,0.287,20.72,7,0.361,1.517.579,27.728
9.604,106.399,4,5,3.64,38.4,40.4,6.2,26.1,35.5,37,27.77,5.28,82.72,18.77,12,-4.89,-5.87,-6.07,-3.73,0.31,0.66,9.99,0.82,8.06,5.64,0.34,-5.29,Rice,Clay Loam,0.644,0.282,25.85,7,0.387,1.734.376,27.738
10.529,106.374,4,2,3.64,39.2,25.4,6.2,17.6,43.2,29.2,27.91,4.33,79.72,18.06,12,-4.03,-4.78,-4.88,-4,0.35,2.61,7.9,-0.29,6.54,4.36,0.01,-3.83,Rice,Clay Loam,0.763,0.29,21.81,7,0.363,1.734.376,27.897
10.912,105.335,11,2,3.64,38.2,31,5.3,24.3,37.6,32.8,28.1,3.74,77.56,17.9,12,-3.37,-4.2,-4.32,-3.49,0.06,1.63,4.58,-0.12,6.51,5.58,0.4,-3.31,Rice,Clay Loam,0.853,0.28,18.81,9,0.347,3.685.549,28.087
10.605,106.185,11,10,3.64,38.5,37,6.3,19.4,42.2,33.5,27.91,4.33,79.72,18.06,12,-4.03,-4.78,-4.88,-4,0.35,2.61,7.9,-0.29,6.54,4.36,0.01,-3.83,Rice,Clay Loam,0.763,0.292,21.81,7,0.363,1.517.579,27.845
10.079,106.098,4,1,3.64,37.6,37.9,6.2,24.3,38.2,39.3,27.61,5.05,82.34,18.06,12,-4.58,-5.54,-5.71,-4.16,0.46,1.64,10.07,-0.1,7.61,4.57,0.32,-4.63,Rice,Clay Loam,0.653,0.289,24.72,7,0.408,1.734.376,27.604
21.144,105.952,7,6,3.64,30.5,22.1,6.1,32,37.5,25.6,24.18,4.13,82.51,14.01,12,-3.45,-2.61,-3.49,-2.27,-1.12,6.4,-0.14,6.45,7.56,0.06,-3.6,-3.84,Rice,Clay Loam,0.528,0.252,20.52,9,0.369,1.951.173,24.141
10.358,105.474,4,5,3.64,36.6,27.8,5.8,18.4,45,33.5,27.74,4.64,80.6,17.9,12,-4.02,-5.17,-5.35,-3.98,0.31,1.52,7.43,-0.41,8.29,5.16,0.33,-4.15,Rice,Clay Loam,0.722,0.295,23.08,9,0.36,2.601.564,27.708
20.176,105.771,2,119,3.64,32.4,24,5.8,30,37.6,31.2,24.21,3.5,83.74,14.41,12,-3.17,-3.04,-3.17,-2.47,-1.36,1.99,1.29,2.72,8.21,4.04,-2.02,-3.04,Rice,Clay Loam,0.491,0.265,18.27,9,0.45,2.601.564,23.437
10.636,106.243,4,4,3.64,43,33.7,6.1,15.9,41.1,30.2,27.91,4.33,79.72,18.06,12,-4.03,-4.78,-4.88,-4,0.35,2.61,7.9,-0.29,6.54,4.36,0.01,-3.83,Rice,Clay,0.763,0.296,21.81,7,0.363,1.951.173,27.884
10.271,106.228,11,9,3.64,41.4,34.5,6.2,22.5,36.1,38,27.91,4.33,79.72,18.06,12,-4.03,-4.78,-4.88,-4,0.35,2.61,7.9,-0.29,6.54,4.36,0.01,-3.83,Rice,Clay,0.763,0.291,21.81,7,0.363,1.734.376,27.852
10.732,104.917,4,5,3.64,27.1,40.4,5.5,33.9,39,40.5,27.91,4.77,79.76,18.24,12,-3.85,-5.17,-5.46,-3.66,-0.22,0.5,5.61,-0.26,10.88,4.65,0.87,-3.94,Rice,Clay Loam,0.761,0.269,22.56,9,0.483,3.251.955,27.878
21.13,105.933,7,6,3.64,28,23.3,6,32.8,39.1,24.4,23.88,3.84,82.73,14.01,12,-3.62,-2.57,-3.27,-2.24,-0.69,5.8,0.34,6.86,5.89,0.57,-3.41,-3.66,Rice,Clay Loam,0.512,0.249,19.46,8,0.353,2167.97,23.841
20.449,106.419,2,2,3.64,33.9,34.4,5.9,29.5,36.5,34,24.42,4.15,83.73,14.17,12,-3.54,-3.28,-3.86,-2.76,-1.25,4.9,0.24,4.95,8.6,3.24,-3.34,-3.95,Rice,Clay Loam,0.498,0.27,21.98,9,0.392,2.384.767,24.407
9.335,105.464,11,1,3.64,43.2,37.8,5.7,30.7,26.1,39,27.58,5.68,82.83,17.03,12,-5.15,-6.22,-6.61,-3.85,-0.17,0.76,10.43,0.35,9.34,6.06,0.59,-5.48,Rice,Clay,0.633,0.274,27.48,7,0.379,2.818.361,27.574
9.294,105.218,4,1,3.64,43.1,37.8,5.3,27.8,29,44,27.97,4.72,81.28,17.03,12,-4.59,-5.52,-5.78,-3.25,-0.54,1.6,7.82,0.24,8.31,4.06,1.94,-4.24,Rice,Clay,0.706,0.288,23.92,9,0.347,3.685.549,27.964
20.599,106.248,2,5,3.64,30.2,33.2,6,23.9,45.8,32.6,24.42,4.15,83.73,14.17,12,-3.54,-3.28,-3.86,-2.76,-1.25,4.9,0.24,4.95,8.6,3.24,-3.34,-3.95,Rice,Clay Loam,0.498,0.281,21.98,9,0.392,2167.97,24.388
10.483,105.237,11,2,3.64,37.6,30.4,5.8,18.9,43.5,39.3,27.91,4.77,79.76,17.9,12,-3.85,-5.17,-5.46,-3.66,-0.22,0.5,5.61,-0.26,10.88,4.65,0.87,-3.94,Rice,Clay Loam,0.761,0.302,22.56,9,0.483,2.601.564,27.897
20.374,106.256,2,5,3.64,34.9,26.4,6,26.5,38.6,25.4,24.42,4.15,83.73,14.17,12,-3.54,-3.28,-3.86,-2.76,-1.25,4.9,0.24,4.95,8.6,3.24,-3.34,-3.95,Rice,Clay Loam,0.498,0.265,21.98,9,0.392,2167.97,24.388
20.796,106.185,7,3,3.64,35.6,28.4,6,26,38.4,23.4,24.18,4.13,82.51,14.17,12,-3.45,-2.61,-3.49,-2.27,-1.12,6.4,-0.14,6.45,7.56,0.06,-3.6,-3.84,Rice,Clay Loam,0.528,0.263,20.52,9,0.369,2167.97,24.16
10.478,105.039,4,4,3.64,31.1,33,5.7,40.7,28.2,37.5,27.91,4.77,79.76,17.9,12,-3.85,-5.17,-5.46,-3.66,-0.22,0.5,5.61,-0.26,10.88,4.65,0.87,-3.94,Rice,Clay Loam,0.761,0.249,22.56,9,0.483,2.818.361,27.884
10.115,104.957,4,2,3.64,37.5,34.3,5.7,25.6,37,47.5,27.96,4.89,80.82,18.24,12,-4.26,-5.51,-5.79,-3.48,-0.34,0.99,7.3,-0.09,10.14,4.07,1.2,-4.25,Rice,Clay Loam,0.723,0.298,23.72,9,0.428,2.818.361,27.947
10.332,105.649,4,3,3.64,35.8,26.3,5.6,17.6,46.7,36.2,27.74,4.64,80.6,17.9,12,-4.02,-5.17,-5.35,-3.98,0.31,1.52,7.43,-0.41,8.29,5.16,0.33,-4.15,Rice,Clay Loam,0.722,0.3,23.08,9,0.36,3.035.158,27.72
9.178,105.617,4,2,3.64,40,39.7,5.4,28,32,35.3,27.84,5.34,82.89,17.03,12,-5.21,-5.96,-6.44,-3.2,-0.3,0.5,9.1,0.95,8.41,6.51,1.07,-5.45,Rice,Clay,0.641,0.275,26.56,7,0.343,3.468.752,27.827
9.594,105.408,11,2,3.64,37.8,28.8,5.7,25.1,37.1,43.7,27.58,5.68,82.83,17.03,12,-5.15,-6.22,-6.61,-3.85,-0.17,0.76,10.43,0.35,9.34,6.06,0.59,-5.48,Rice,Clay Loam,0.633,0.293,27.48,7,0.379,2.818.361,27.567
21.157,106.505,2,129,3.64,32.3,31.8,5.6,27.1,40.6,37.1,24.18,4.13,82.51,13.38,12,-3.45,-2.61,-3.49,-2.27,-1.12,6.4,-0.14,6.45,7.56,0.06,-3.6,-3.84,Rice,Clay Loam,0.528,0.28,20.52,9,0.369,3.035.158,23.342
20.641,105.731,2,69,3.64,33.6,24.2,5.6,23.1,43.3,36.5,23.6,3.61,83.74,14.41,12,-3.31,-2.87,-3.1,-2.21,-1.23,4,0.43,4.46,7.45,2.88,-3.09,-3.44,Rice,Clay Loam,0.474,0.288,19.25,9,0.388,3.035.158,23.152
20.051,106.121,7,2,3.64,30.7,35.9,5.8,31.6,37.7,47.9,24.89,4.18,84.24,14.17,12,-3.87,-3.88,-4.3,-3.56,-1.35,2.53,2.04,3.07,7.68,7.12,-1.86,-3.62,Rice,Clay Loam,0.496,0.284,22.44,9,0.342,2.601.564,24.877
10.68,106.305,11,2,3.64,44.9,34.2,5.9,15.4,39.7,26,27.91,4.33,79.72,18.06,12,-4.03,-4.78,-4.88,-4,0.35,2.61,7.9,-0.29,6.54,4.36,0.01,-3.83,Rice,Clay,0.763,0.291,21.81,7,0.363,2.384.767,27.897
9.549,105.971,11,1,3.64,37.7,44.1,5.7,28.3,34,36.3,27.77,5.28,82.72,17.03,12,-4.89,-5.87,-6.07,-3.73,0.31,0.66,9.99,0.82,8.06,5.64,0.34,-5.29,Rice,Clay Loam,0.644,0.276,25.85,7,0.387,2.818.361,27.764
10.067,106.205,11,2,3.64,38.2,34.7,6.2,20.5,41.3,42.4,27.61,5.05,82.34,18.06,12,-4.58,-5.54,-5.71,-4.16,0.46,1.64,10.07,-0.1,7.61,4.57,0.32,-4.63,Rice,Clay Loam,0.653,0.302,24.72,7,0.408,1.734.376,27.597
9.657,106.244,11,4,3.64,41.9,28.3,6.1,24.2,33.9,35.8,27.77,5.28,82.72,18.77,12,-4.89,-5.87,-6.07,-3.73,0.31,0.66,9.99,0.82,8.06,5.64,0.34,-5.29,Rice,Clay,0.644,0.284,25.85,7,0.387,1.951.173,27.744
20.251,106.444,2,1,3.64,33.8,29.9,6.1,30.5,35.7,30.2,24.42,4.15,83.73,14.17,12,-3.54,-3.28,-3.86,-2.76,-1.25,4.9,0.24,4.95,8.6,3.24,-3.34,-3.95,Rice,Clay Loam,0.498,0.262,21.98,9,0.392,1.951.173,24.414
21.345,106.267,2,8,3.64,29.3,22.6,6.2,33,37.7,24.3,23.24,4.05,82.32,13.38,12,-3.55,-1.88,-3.28,-2.06,-0.89,7.01,0.69,7.59,5.4,-2.13,-3.3,-3.62,Rice,Clay Loam,0.504,0.248,20.71,8,0.367,1.734.376,23.188
10.506,105.304,11,2,3.64,38.2,32.8,5.5,19.2,42.6,37.3,27.91,4.77,79.76,17.9,12,-3.85,-5.17,-5.46,-3.66,-0.22,0.5,5.61,-0.26,10.88,4.65,0.87,-3.94,Rice,Clay Loam,0.761,0.298,22.56,9,0.483,3.251.955,27.897
9.302,105.582,4,2,3.64,44.2,30.7,6.1,30.5,25.3,41.4,27.58,5.68,82.83,17.03,12,-5.15,-6.22,-6.61,-3.85,-0.17,0.76,10.43,0.35,9.34,6.06,0.59,-5.48,Rice,Clay,0.633,0.278,27.48,7,0.379,1.951.173,27.567
9.727,106.038,11,2,3.64,36.6,33,6.1,27.6,35.8,42.2,27.77,5.28,82.72,18.77,12,-4.89,-5.87,-6.07,-3.73,0.31,0.66,9.99,0.82,8.06,5.64,0.34,-5.29,Rice,Clay Loam,0.644,0.286,25.85,7,0.387,1.951.173,27.757
9.83,106.289,4,3,3.64,33.3,26.6,6.2,29,37.7,35.2,27.61,5.05,82.34,18.77,12,-4.58,-5.54,-5.71,-4.16,0.46,1.64,10.07,-0.1,7.61,4.57,0.32,-4.63,Rice,Clay Loam,0.653,0.273,24.72,7,0.408,1.734.376,27.59
9.314,105.512,4,1,3.64,44.1,45.2,5.5,31.7,24.2,75.1,27.58,5.68,82.83,17.03,12,-5.15,-6.22,-6.61,-3.85,-0.17,0.76,10.43,0.35,9.34,6.06,0.59,-5.48,Rice,Clay,0.633,0.322,27.48,7,0.379,3.251.955,27.574
20.686,105.76,7,6,3.64,33,25.7,6.2,25.1,41.9,27.2,23.6,3.61,83.74,14.41,12,-3.31,-2.87,-3.1,-2.21,-1.23,4,0.43,4.46,7.45,2.88,-3.09,-3.44,Rice,Clay Loam,0.474,0.27,19.25,9,0.388,1.734.376,23.561
21.058,106.282,7,4,3.64,35.2,25.5,6.2,27.9,37,21.1,24.18,4.13,82.51,13.38,12,-3.45,-2.61,-3.49,-2.27,-1.12,6.4,-0.14,6.45,7.56,0.06,-3.6,-3.84,Rice,Clay Loam,0.528,0.255,20.52,9,0.369,1.734.376,24.154
9.315,105.962,4,2,3.64,40.5,35.5,5.7,31.1,28.4,42,27.77,5.28,82.72,17.03,12,-4.89,-5.87,-6.07,-3.73,0.31,0.66,9.99,0.82,8.06,5.64,0.34,-5.29,Rice,Clay,0.644,0.277,25.85,7,0.387,2.818.361,27.757
20.521,106.532,2,2,3.64,36.6,33.7,6.2,26.3,37.1,31.2,24.42,4.15,83.73,14.17,12,-3.54,-3.28,-3.86,-2.76,-1.25,4.9,0.24,4.95,8.6,3.24,-3.34,-3.95,Rice,Clay Loam,0.498,0.273,21.98,9,0.392,1.734.376,24.407
21.368,106.377,2,34,3.64,29.7,18.5,6.2,26,44.3,20.5,23.24,4.05,82.32,13.38,12,-3.55,-1.88,-3.28,-2.06,-0.89,7.01,0.69,7.59,5.4,-2.13,-3.3,-3.62,Rice,Clay Loam,0.504,0.259,20.71,8,0.367,1.734.376,23.019
20.875,106.626,7,5,3.64,33.1,24.9,6.2,31.3,35.6,25.4,23.76,5.06,83.5,14.17,12,-3.61,-3.18,-3.97,-3.01,-1.53,10.61,0.28,6.3,8.2,-1.85,-3.74,-4.52,Rice,Clay Loam,0.485,0.254,25.41,6,0.418,1.734.376,23.728
20.596,106.189,7,6,3.64,31.1,33.6,6,25.1,43.8,39,24.42,4.15,83.73,14.17,12,-3.54,-3.28,-3.86,-2.76,-1.25,4.9,0.24,4.95,8.6,3.24,-3.34,-3.95,Rice,Clay Loam,0.498,0.287,21.98,9,0.392,2167.97,24.381
10.275,105.738,11,7,3.64,39.3,27,6.1,19.1,41.6,40,27.74,4.64,80.6,17.9,12,-4.02,-5.17,-5.35,-3.98,0.31,1.52,7.43,-0.41,8.29,5.16,0.33,-4.15,Rice,Clay Loam,0.722,0.302,23.08,9,0.36,1.951.173,27.694
20.545,106.008,7,3,3.64,33,27.7,6.3,29.8,37.2,26,24.42,4.15,83.73,14.17,12,-3.54,-3.28,-3.86,-2.76,-1.25,4.9,0.24,4.95,8.6,3.24,-3.34,-3.95,Rice,Clay Loam,0.498,0.258,21.98,9,0.392,1.517.579,24.4
20.255,105.88,7,102,3.64,31.6,31.4,5.8,30.3,38.2,32.6,23.6,3.61,83.74,14.41,12,-3.31,-2.87,-3.1,-2.21,-1.23,4,0.43,4.46,7.45,2.88,-3.09,-3.44,Rice,Clay Loam,0.474,0.266,19.25,9,0.388,2.601.564,22.937
10.518,105.532,4,3,3.64,38,30.8,5.7,21,41,34.4,27.74,4.64,80.6,17.9,12,-4.02,-5.17,-5.35,-3.98,0.31,1.52,7.43,-0.41,8.29,5.16,0.33,-4.15,Rice,Clay Loam,0.722,0.29,23.08,9,0.36,2.818.361,27.72
20.227,105.808,2,12,3.64,28.2,23.2,6,31.9,39.9,25.5,24.21,3.5,83.74,14.41,12,-3.17,-3.04,-3.17,-2.47,-1.36,1.99,1.29,2.72,8.21,4.04,-2.02,-3.04,Rice,Clay Loam,0.491,0.252,18.27,9,0.45,2167.97,24.132
21.349,106.023,2,10,3.64,30.9,23.5,6.2,32.6,36.5,24.7,23.24,4.05,82.32,13.38,12,-3.55,-1.88,-3.28,-2.06,-0.89,7.01,0.69,7.59,5.4,-2.13,-3.3,-3.62,Rice,Clay Loam,0.504,0.25,20.71,8,0.367,1.734.376,23.175
9.82,105.875,11,2,3.64,34.9,40.9,6.2,26.5,38.6,49.3,27.52,5.44,82.42,17.03,12,-4.68,-6.01,-6.26,-4.19,0.2,1.23,10.03,-0.2,9.39,5.07,0.41,-4.97,Rice,Clay Loam,0.646,0.298,26.31,7,0.381,1.734.376,27.507
10.478,104.724,11,2,3.64,33.2,46,5.6,25.8,41,39.6,27.91,4.77,79.76,18.24,12,-3.85,-5.17,-5.46,-3.66,-0.22,0.5,5.61,-0.26,10.88,4.65,0.87,-3.94,Rice,Clay Loam,0.761,0.286,22.56,9,0.483,3.035.158,27.897
10.563,104.684,11,3,3.64,31.5,53.6,5.3,27.8,40.7,37.7,28.02,4.28,79.32,18.24,12,-3.59,-4.73,-4.96,-3.39,-0.31,0.74,4.69,-0.22,9.83,4.01,1.31,-3.42,Rice,Clay Loam,0.783,0.279,20.62,9,0.478,3.685.549,28
10.145,105.172,4,2,3.64,36.4,30.1,5.4,25.3,38.3,35.6,27.96,4.89,80.82,17.9,12,-4.26,-5.51,-5.79,-3.48,-0.34,0.99,7.3,-0.09,10.14,4.07,1.2,-4.25,Rice,Clay Loam,0.723,0.282,23.72,9,0.428,3.468.752,27.947
21.209,106.271,2,3,3.64,31.5,21.4,6.2,26.1,42.3,20.9,24.18,4.13,82.51,13.38,12,-3.45,-2.61,-3.49,-2.27,-1.12,6.4,-0.14,6.45,7.56,0.06,-3.6,-3.84,Rice,Clay Loam,0.528,0.259,20.52,9,0.369,1.734.376,24.16
10.7,106.18,4,2,3.64,40.6,34.3,6.1,16,43.3,36.3,27.91,4.33,79.72,18.06,12,-4.03,-4.78,-4.88,-4,0.35,2.61,7.9,-0.29,6.54,4.36,0.01,-3.83,Rice,Clay,0.763,0.304,21.81,7,0.363,1.951.173,27.897
10.212,106.4,4,7,3.64,35.1,36.4,6.2,22,42.9,44.8,27.61,5.05,82.34,18.06,12,-4.58,-5.54,-5.71,-4.16,0.46,1.64,10.07,-0.1,7.61,4.57,0.32,-4.63,Rice,Clay Loam,0.653,0.302,24.72,7,0.408,1.734.376,27.564
20.668,105.994,2,4,3.64,35.3,31.8,5.9,25.4,39.3,28.3,24.42,4.15,83.73,14.41,12,-3.54,-3.28,-3.86,-2.76,-1.25,4.9,0.24,4.95,8.6,3.24,-3.34,-3.95,Rice,Clay Loam,0.498,0.271,21.98,9,0.392,2.384.767,24.394
21.027,106.123,2,4,3.64,34.8,23.8,6,25.5,39.7,33.2,24.18,4.13,82.51,13.38,12,-3.45,-2.61,-3.49,-2.27,-1.12,6.4,-0.14,6.45,7.56,0.06,-3.6,-3.84,Rice,Clay Loam,0.528,0.278,20.52,9,0.369,2167.97,24.154
10.435,106.538,4,2,3.64,39.4,33.6,6.4,19.1,41.5,33.6,27.91,4.33,79.72,18.06,12,-4.03,-4.78,-4.88,-4,0.35,2.61,7.9,-0.29,6.54,4.36,0.01,-3.83,Rice,Clay Loam,0.763,0.293,21.81,7,0.363,1.300.782,27.897
9.148,105.204,4,1,3.64,40.2,34.2,5.3,30.2,29.5,45.5,28.04,4.45,80.82,17.03,12,-4.45,-5.29,-5.62,-3.24,-0.63,1.27,6.71,0.39,7.95,3.73,3.01,-3.78,Rice,Clay,0.727,0.284,23.01,9,0.345,3.685.549,28.034
20.498,105.623,2,87,3.64,33.7,25.3,5.6,26.3,40.1,35,23.6,3.61,83.74,14.41,12,-3.31,-2.87,-3.1,-2.21,-1.23,4,0.43,4.46,7.45,2.88,-3.09,-3.44,Rice,Clay Loam,0.474,0.279,19.25,9,0.388,3.035.158,23.034
10.598,105.802,11,2,3.64,38.2,26,6,19.7,42.1,34.7,27.74,4.64,80.6,17.9,12,-4.02,-5.17,-5.35,-3.98,0.31,1.52,7.43,-0.41,8.29,5.16,0.33,-4.15,Rice,Clay Loam,0.722,0.293,23.08,9,0.36,2167.97,27.727
9.512,106.122,11,2,3.64,36.6,44.2,6,29.1,34.3,43.6,27.77,5.28,82.72,18.77,12,-4.89,-5.87,-6.07,-3.73,0.31,0.66,9.99,0.82,8.06,5.64,0.34,-5.29,Rice,Clay Loam,0.644,0.284,25.85,7,0.387,2167.97,27.757
21.239,105.663,7,10,3.64,29.9,22.4,6.1,32.9,37.2,22.7,23.88,3.84,82.73,14.01,12,-3.62,-2.57,-3.27,-2.24,-0.69,5.8,0.34,6.86,5.89,0.57,-3.41,-3.66,Rice,Clay Loam,0.512,0.246,19.46,8,0.353,1.951.173,23.815
10.929,106.001,11,3,3.64,28.9,32.7,5.1,27.4,43.7,33.1,28.08,3.71,77.7,18.06,12,-3.56,-4.08,-4.13,-3.62,0.1,2.86,5.77,0.03,5.64,4.65,-0.35,-3.28,Rice,Clay Loam,0.847,0.273,19.02,7,0.303,4.119.143,28.06
20.75,106.039,7,4,3.64,33.9,30,5.8,28,38.2,23.9,24.18,4.13,82.51,14.17,12,-3.45,-2.61,-3.49,-2.27,-1.12,6.4,-0.14,6.45,7.56,0.06,-3.6,-3.84,Rice,Clay Loam,0.528,0.259,20.52,9,0.369,2.601.564,24.154
21.297,106.67,7,123,3.64,33,30,5.6,26.9,40.1,42.5,22.33,4.4,83.68,13.38,12,-3.51,-2.18,-3.29,-2.25,-1.59,9.09,1.12,6.42,6.2,-2.75,-3.26,-3.95,Rice,Clay Loam,0.44,0.288,22.78,6,0.398,3.035.158,21.53
10.474,105.651,11,2,3.64,34.7,27.5,5.5,17.5,47.8,37.1,27.74,4.64,80.6,17.9,12,-4.02,-5.17,-5.35,-3.98,0.31,1.52,7.43,-0.41,8.29,5.16,0.33,-4.15,Rice,Clay Loam,0.722,0.302,23.08,9,0.36,3.251.955,27.727
20.291,105.508,7,30,3.64,32.2,27.1,5.8,27.8,40.1,35.6,23.6,3.61,83.74,14.41,12,-3.31,-2.87,-3.1,-2.21,-1.23,4,0.43,4.46,7.45,2.88,-3.09,-3.44,Rice,Clay Loam,0.474,0.276,19.25,9,0.388,2.601.564,23.405
10.829,104.55,4,19,3.64,30.1,46.5,5.7,32.4,37.5,52.1,27.55,3.96,77.95,18.24,12,-3.27,-4.22,-4.47,-3.28,-0.5,0.58,2.73,0.29,9.27,4.9,1.1,-3.13,Rice,Clay Loam,0.812,0.288,18.87,9,0.491,2.818.361,27.426
20.64,106.369,2,2,3.64,33.7,32.9,5.8,26.4,39.9,33.5,24.42,4.15,83.73,14.17,12,-3.54,-3.28,-3.86,-2.76,-1.25,4.9,0.24,4.95,8.6,3.24,-3.34,-3.95,Rice,Clay Loam,0.498,0.276,21.98,9,0.392,2.601.564,24.407
9.634,106.386,4,4,3.64,34.4,40.4,6.2,27,38.6,37.3,27.77,5.28,82.72,18.77,12,-4.89,-5.87,-6.07,-3.73,0.31,0.66,9.99,0.82,8.06,5.64,0.34,-5.29,Rice,Clay Loam,0.644,0.28,25.85,7,0.387,1.734.376,27.744
20.239,105.665,2,165,3.64,32.4,24.1,5.6,27.4,40.2,33.9,24.21,3.5,83.74,14.41,12,-3.17,-3.04,-3.17,-2.47,-1.36,1.99,1.29,2.72,8.21,4.04,-2.02,-3.04,Rice,Clay Loam,0.491,0.274,18.27,9,0.45,3.035.158,23.138
20.836,106.574,7,32,3.64,33,27.5,5.6,29.9,37.1,30.7,23.76,5.06,83.5,14.17,12,-3.61,-3.18,-3.97,-3.01,-1.53,10.61,0.28,6.3,8.2,-1.85,-3.74,-4.52,Rice,Clay Loam,0.485,0.264,25.41,6,0.418,3.035.158,23.552
9.936,105.356,11,1,3.64,37.9,32.7,5.6,26.2,35.9,32,27.52,5.44,82.42,17.03,12,-4.68,-6.01,-6.26,-4.19,0.2,1.23,10.03,-0.2,9.39,5.07,0.41,-4.97,Rice,Clay Loam,0.646,0.275,26.31,7,0.381,3.035.158,27.514
21.46,106.018,7,19,3.64,28.5,22.4,6.1,28.6,43,23.3,23.24,4.05,82.32,13.38,12,-3.55,-1.88,-3.28,-2.06,-0.89,7.01,0.69,7.59,5.4,-2.13,-3.3,-3.62,Rice,Clay Loam,0.504,0.257,20.71,8,0.367,1.951.173,23.116
20.873,105.643,2,8,3.64,29.1,22.8,5.9,25,45.9,24.5,23.88,3.84,82.73,14.41,12,-3.62,-2.57,-3.27,-2.24,-0.69,5.8,0.34,6.86,5.89,0.57,-3.41,-3.66,Rice,Clay Loam,0.512,0.267,19.46,8,0.353,2.384.767,23.828
9.545,105.836,11,2,3.64,38,45,5.8,30.7,31.3,40.1,27.58,5.68,82.83,17.03,12,-5.15,-6.22,-6.61,-3.85,-0.17,0.76,10.43,0.35,9.34,6.06,0.59,-5.48,Rice,Clay Loam,0.633,0.276,27.48,7,0.379,2.601.564,27.567
20.495,105.741,2,409,3.64,32.6,29.4,5.7,26.4,41.1,41.2,23.6,3.61,83.74,14.41,12,-3.31,-2.87,-3.1,-2.21,-1.23,4,0.43,4.46,7.45,2.88,-3.09,-3.44,Rice,Clay Loam,0.474,0.287,19.25,9,0.388,2.818.361,20.942
9.355,105.565,4,3,3.64,43.3,32,6,29.8,27,37.3,27.58,5.68,82.83,17.03,12,-5.15,-6.22,-6.61,-3.85,-0.17,0.76,10.43,0.35,9.34,6.06,0.59,-5.48,Rice,Clay,0.633,0.274,27.48,7,0.379,2167.97,27.56
10.985,105.235,11,3,3.64,31.6,22.6,5.6,26.2,42.2,24.8,28.16,3.9,76.87,17.9,12,-3.21,-4.25,-4.47,-3.37,-0.26,0.68,3.27,0.33,8.7,4.94,0.85,-3.21,Rice,Clay Loam,0.882,0.264,18.77,9,0.464,3.035.158,28.14
20.651,106.564,2,2,3.64,32.7,34.2,6.1,28.9,38.3,32.5,25.01,5.24,82.62,14.17,12,-4,-4.2,-4.82,-4.01,-1.04,10.84,0.69,5.18,8.3,1.8,-3.8,-4.9,Rice,Clay Loam,0.551,0.269,26.77,6,0.404,1.951.173,24.997
9.158,104.827,11,1,3.64,39.1,48.3,5.8,33.1,27.8,54.5,28.04,4.45,80.82,18.06,12,-4.45,-5.29,-5.62,-3.24,-0.63,1.27,6.71,0.39,7.95,3.73,3.01,-3.78,Rice,Clay Loam,0.727,0.29,23.01,9,0.345,2.601.564,28.034
9.514,105.094,4,2,3.64,39.4,42.3,5.4,24.3,36.3,43.8,27.97,4.72,81.28,17.03,12,-4.59,-5.52,-5.78,-3.25,-0.54,1.6,7.82,0.24,8.31,4.06,1.94,-4.24,Rice,Clay Loam,0.706,0.295,23.92,9,0.347,3.468.752,27.957
9.96,105.803,4,5,3.64,33.6,32.3,5.9,27.4,39,51.8,27.52,5.44,82.42,17.03,12,-4.68,-6.01,-6.26,-4.19,0.2,1.23,10.03,-0.2,9.39,5.07,0.41,-4.97,Rice,Clay Loam,0.646,0.3,26.31,7,0.381,2.384.767,27.488
20.149,106.219,7,2,3.64,34.1,32.2,6,30.4,35.5,31.1,24.89,4.18,84.24,14.17,12,-3.87,-3.88,-4.3,-3.56,-1.35,2.53,2.04,3.07,7.68,7.12,-1.86,-3.62,Rice,Clay Loam,0.496,0.264,22.44,9,0.342,2167.97,24.877
20.454,106.377,7,2,3.64,35.6,32.5,5.9,28.8,35.7,35.2,24.42,4.15,83.73,14.17,12,-3.54,-3.28,-3.86,-2.76,-1.25,4.9,0.24,4.95,8.6,3.24,-3.34,-3.95,Rice,Clay Loam,0.498,0.273,21.98,9,0.392,2.384.767,24.407
20.388,106.244,7,5,3.64,32.1,27.7,6,26.1,41.7,25,24.42,4.15,83.73,14.17,12,-3.54,-3.28,-3.86,-2.76,-1.25,4.9,0.24,4.95,8.6,3.24,-3.34,-3.95,Rice,Clay Loam,0.498,0.265,21.98,9,0.392,2167.97,24.388
20.969,106.125,7,5,3.64,34.9,24.9,5.9,24.6,40.4,29.2,24.18,4.13,82.51,14.17,12,-3.45,-2.61,-3.49,-2.27,-1.12,6.4,-0.14,6.45,7.56,0.06,-3.6,-3.84,Rice,Clay Loam,0.528,0.274,20.52,9,0.369,2.384.767,24.148
9.494,105.939,11,3,3.64,39.7,35.4,5.5,25.1,35.2,38.8,27.77,5.28,82.72,17.03,12,-4.89,-5.87,-6.07,-3.73,0.31,0.66,9.99,0.82,8.06,5.64,0.34,-5.29,Rice,Clay Loam,0.644,0.287,25.85,7,0.387,3.251.955,27.75
10.669,105.306,4,2,3.64,35.8,31,6.1,20.9,43.2,39.5,27.91,4.77,79.76,17.9,12,-3.85,-5.17,-5.46,-3.66,-0.22,0.5,5.61,-0.26,10.88,4.65,0.87,-3.94,Rice,Clay Loam,0.761,0.297,22.56,9,0.483,1.951.173,27.897
9.457,104.892,11,3,3.64,36.1,25.6,5.5,26.8,37.1,55.1,27.97,4.72,81.28,18.06,12,-4.59,-5.52,-5.78,-3.25,-0.54,1.6,7.82,0.24,8.31,4.06,1.94,-4.24,Rice,Clay Loam,0.706,0.306,23.92,9,0.347,3.251.955,27.95
9.625,105.646,11,4,3.64,33.2,30.6,5.8,28.7,38.1,39.7,27.58,5.68,82.83,17.03,12,-5.15,-6.22,-6.61,-3.85,-0.17,0.76,10.43,0.35,9.34,6.06,0.59,-5.48,Rice,Clay Loam,0.633,0.28,27.48,7,0.379,2.601.564,27.554
10.568,104.878,4,4,3.64,34.3,38.2,5.5,36.4,29.3,37.5,27.91,4.77,79.76,18.24,12,-3.85,-5.17,-5.46,-3.66,-0.22,0.5,5.61,-0.26,10.88,4.65,0.87,-3.94,Rice,Clay Loam,0.761,0.259,22.56,9,0.483,3.251.955,27.884
20.359,106.277,2,4,3.64,35.2,27.3,6.1,29,35.9,27.8,24.42,4.15,83.73,14.17,12,-3.54,-3.28,-3.86,-2.76,-1.25,4.9,0.24,4.95,8.6,3.24,-3.34,-3.95,Rice,Clay Loam,0.498,0.262,21.98,9,0.392,1.951.173,24.394
21.331,105.822,2,18,3.64,32.1,21.1,6.1,28.8,39.1,19.9,23.66,4.1,82.25,14.01,12,-3.83,-2.11,-3.41,-2.35,-0.33,6.36,1.26,8.89,4.16,-1.78,-3.22,-3.69,Rice,Clay Loam,0.519,0.252,20.72,8,0.43,1.951.173,23.543
10.024,105.855,4,2,3.64,35.4,40.5,6.3,23.9,40.7,60.8,27.52,5.44,82.42,17.9,12,-4.68,-6.01,-6.26,-4.19,0.2,1.23,10.03,-0.2,9.39,5.07,0.41,-4.97,Rice,Clay Loam,0.646,0.32,26.31,7,0.381,1.517.579,27.507
10.523,105.216,11,2,3.64,36.9,32,5.6,20,43.1,35.3,27.91,4.77,79.76,17.9,12,-3.85,-5.17,-5.46,-3.66,-0.22,0.5,5.61,-0.26,10.88,4.65,0.87,-3.94,Rice,Clay Loam,0.761,0.293,22.56,9,0.483,3.035.158,27.897
20.446,105.525,7,63,3.64,31.6,20.5,6,26.2,42.2,27.1,23.6,3.61,83.74,14.41,12,-3.31,-2.87,-3.1,-2.21,-1.23,4,0.43,4.46,7.45,2.88,-3.09,-3.44,Rice,Clay Loam,0.474,0.268,19.25,9,0.388,2167.97,23.19
10.055,106.473,11,7,3.64,39.8,33.2,6.4,19.3,40.9,46.3,27.61,5.05,82.34,18.06,12,-4.58,-5.54,-5.71,-4.16,0.46,1.64,10.07,-0.1,7.61,4.57,0.32,-4.63,Rice,Clay Loam,0.653,0.31,24.72,7,0.408,1.300.782,27.564
20.048,105.881,7,2,3.64,33.7,21.4,5.8,28,38.3,25.3,24.21,3.5,83.74,14.41,12,-3.17,-3.04,-3.17,-2.47,-1.36,1.99,1.29,2.72,8.21,4.04,-2.02,-3.04,Rice,Clay Loam,0.491,0.261,18.27,9,0.45,2.601.564,24.197
20.491,106.127,2,3,3.64,30.2,27.5,6,26.2,43.6,28.8,24.42,4.15,83.73,14.17,12,-3.54,-3.28,-3.86,-2.76,-1.25,4.9,0.24,4.95,8.6,3.24,-3.34,-3.95,Rice,Clay Loam,0.498,0.27,21.98,9,0.392,2167.97,24.4
10.653,105.777,11,2,3.64,36.9,27,5.5,21.1,42,36.1,27.74,4.64,80.6,17.9,12,-4.02,-5.17,-5.35,-3.98,0.31,1.52,7.43,-0.41,8.29,5.16,0.33,-4.15,Rice,Clay Loam,0.722,0.292,23.08,9,0.36,3.251.955,27.727
9.518,105.362,11,6,3.64,35.4,40.4,5.7,26.3,38.3,46.5,27.58,5.68,82.83,17.03,12,-5.15,-6.22,-6.61,-3.85,-0.17,0.76,10.43,0.35,9.34,6.06,0.59,-5.48,Rice,Clay Loam,0.633,0.295,27.48,7,0.379,2.818.361,27.541
10.586,106.329,11,2,3.64,39.7,32.1,6,16.3,44,43.7,27.91,4.33,79.72,18.06,12,-4.03,-4.78,-4.88,-4,0.35,2.61,7.9,-0.29,6.54,4.36,0.01,-3.83,Rice,Clay Loam,0.763,0.314,21.81,7,0.363,2167.97,27.897
10.472,105.841,11,2,3.64,40.1,35.5,6.1,18.7,41.2,49.1,27.74,4.64,80.6,17.9,12,-4.02,-5.17,-5.35,-3.98,0.31,1.52,7.43,-0.41,8.29,5.16,0.33,-4.15,Rice,Clay,0.722,0.316,23.08,9,0.36,1.951.173,27.727
20.689,106.155,2,3,3.64,30.6,27.5,6.1,27.7,41.6,26.7,24.42,4.15,83.73,14.17,12,-3.54,-3.28,-3.86,-2.76,-1.25,4.9,0.24,4.95,8.6,3.24,-3.34,-3.95,Rice,Clay Loam,0.498,0.264,21.98,9,0.392,1.951.173,24.4
20.393,106.391,7,2,3.64,34.3,34.5,5.9,29.1,36.6,29.9,24.42,4.15,83.73,14.17,12,-3.54,-3.28,-3.86,-2.76,-1.25,4.9,0.24,4.95,8.6,3.24,-3.34,-3.95,Rice,Clay Loam,0.498,0.265,21.98,9,0.392,2.384.767,24.407
9.722,105.123,4,1,3.64,34.8,39.4,5.4,26.2,39,42.1,27.97,4.72,81.28,17.03,12,-4.59,-5.52,-5.78,-3.25,-0.54,1.6,7.82,0.24,8.31,4.06,1.94,-4.24,Rice,Clay Loam,0.706,0.289,23.92,9,0.347,3.468.752,27.964
20.732,106.307,2,3,3.64,35.8,29.5,6.2,26.3,38,25.7,24.42,4.15,83.73,14.17,12,-3.54,-3.28,-3.86,-2.76,-1.25,4.9,0.24,4.95,8.6,3.24,-3.34,-3.95,Rice,Clay Loam,0.498,0.265,21.98,9,0.392,1.734.376,24.4
20.039,105.897,7,18,3.64,32.6,22.2,5.8,29.9,37.5,26.1,24.21,3.5,83.74,14.41,12,-3.17,-3.04,-3.17,-2.47,-1.36,1.99,1.29,2.72,8.21,4.04,-2.02,-3.04,Rice,Clay Loam,0.491,0.258,18.27,9,0.45,2.601.564,24.093
20.738,105.764,7,4,3.64,32.6,26.2,5.8,22.2,45.2,27.3,23.6,3.61,83.74,14.41,12,-3.31,-2.87,-3.1,-2.21,-1.23,4,0.43,4.46,7.45,2.88,-3.09,-3.44,Rice,Clay Loam,0.474,0.277,19.25,9,0.388,2.601.564,23.574
9.262,105.089,11,2,3.64,41.1,32.5,5.4,29.7,29.2,42.7,27.97,4.72,81.28,17.03,12,-4.59,-5.52,-5.78,-3.25,-0.54,1.6,7.82,0.24,8.31,4.06,1.94,-4.24,Rice,Clay,0.706,0.281,23.92,9,0.347,3.468.752,27.957
8.944,105.001,11,1,3.64,39.3,49.8,5.4,31.3,29.4,45.8,28.04,4.45,80.82,17.99,12,-4.45,-5.29,-5.62,-3.24,-0.63,1.27,6.71,0.39,7.95,3.73,3.01,-3.78,Rice,Clay Loam,0.727,0.282,23.01,9,0.345,3.468.752,28.034
20.603,106.321,2,5,3.64,28.4,33.2,6,26.3,45.3,38,24.42,4.15,83.73,14.17,12,-3.54,-3.28,-3.86,-2.76,-1.25,4.9,0.24,4.95,8.6,3.24,-3.34,-3.95,Rice,Clay Loam,0.498,0.283,21.98,9,0.392,2167.97,24.388
10.328,105.34,11,2,3.64,41.4,31.1,5.6,22.3,36.3,38.5,27.74,4.64,80.6,17.9,12,-4.02,-5.17,-5.35,-3.98,0.31,1.52,7.43,-0.41,8.29,5.16,0.33,-4.15,Rice,Clay,0.722,0.293,23.08,9,0.36,3.035.158,27.727
21.103,106.404,7,33,3.64,34.9,22.1,6.2,29.3,35.8,24.3,24.18,4.13,82.51,13.38,12,-3.45,-2.61,-3.49,-2.27,-1.12,6.4,-0.14,6.45,7.56,0.06,-3.6,-3.84,Rice,Clay Loam,0.528,0.257,20.52,9,0.369,1.734.376,23.966
10.961,106.161,11,3,3.64,28.7,31.1,5.3,32,39.3,25.3,28.08,3.71,77.7,18.06,12,-3.56,-4.08,-4.13,-3.62,0.1,2.86,5.77,0.03,5.64,4.65,-0.35,-3.28,Rice,Clay Loam,0.847,0.252,19.02,7,0.303,3.685.549,28.06
10.189,106.287,4,6,3.64,33.8,34.2,6.1,23,43.2,50,27.61,5.05,82.34,18.06,12,-4.58,-5.54,-5.71,-4.16,0.46,1.64,10.07,-0.1,7.61,4.57,0.32,-4.63,Rice,Clay Loam,0.653,0.307,24.72,7,0.408,1.951.173,27.571
21.245,106.413,2,125,3.64,32.4,30.2,5.6,25.5,42.1,42,24.18,4.13,82.51,13.38,12,-3.45,-2.61,-3.49,-2.27,-1.12,6.4,-0.14,6.45,7.56,0.06,-3.6,-3.84,Rice,Clay Loam,0.528,0.29,20.52,9,0.369,3.035.158,23.368
20.667,105.692,7,5,3.64,32.5,23.1,6,21.8,45.7,24.6,23.6,3.61,83.74,14.41,12,-3.31,-2.87,-3.1,-2.21,-1.23,4,0.43,4.46,7.45,2.88,-3.09,-3.44,Rice,Clay Loam,0.474,0.274,19.25,9,0.388,2167.97,23.568
9.401,105.196,11,1,3.64,43,30.2,5.3,28.6,28.4,40.1,27.97,4.72,81.28,17.03,12,-4.59,-5.52,-5.78,-3.25,-0.54,1.6,7.82,0.24,8.31,4.06,1.94,-4.24,Rice,Clay,0.706,0.28,23.92,9,0.347,3.685.549,27.964
20.516,105.759,7,47,3.64,32.7,24.7,6.1,27.9,39.4,31.8,23.6,3.61,83.74,14.41,12,-3.31,-2.87,-3.1,-2.21,-1.23,4,0.43,4.46,7.45,2.88,-3.09,-3.44,Rice,Clay Loam,0.474,0.27,19.25,9,0.388,1.951.173,23.295
21.398,105.892,7,12,3.64,29,22.4,6.1,33,38,25.5,23.66,4.1,82.25,14.01,12,-3.83,-2.11,-3.41,-2.35,-0.33,6.36,1.26,8.89,4.16,-1.78,-3.22,-3.69,Rice,Clay Loam,0.519,0.25,20.72,8,0.43,1.951.173,23.582
20.582,106.43,7,2,3.64,35.4,37.6,6.1,26.2,38.4,32.6,24.42,4.15,83.73,14.17,12,-3.54,-3.28,-3.86,-2.76,-1.25,4.9,0.24,4.95,8.6,3.24,-3.34,-3.95,Rice,Clay Loam,0.498,0.275,21.98,9,0.392,1.951.173,24.407
10.609,105.108,4,3,3.64,40.4,35.2,6.1,19.7,39.9,45.6,27.91,4.77,79.76,17.9,12,-3.85,-5.17,-5.46,-3.66,-0.22,0.5,5.61,-0.26,10.88,4.65,0.87,-3.94,Rice,Clay,0.761,0.309,22.56,9,0.483,1.951.173,27.89
21.082,105.893,7,12,3.64,25,19.8,6.2,33.9,41.1,25.2,23.88,3.84,82.73,14.01,12,-3.62,-2.57,-3.27,-2.24,-0.69,5.8,0.34,6.86,5.89,0.57,-3.41,-3.66,Rice,Loam,0.512,0.247,19.46,8,0.353,1.734.376,23.802
21.409,106.333,7,42,3.64,30.9,21.5,6.1,24.1,45,26.3,23.24,4.05,82.32,13.38,12,-3.55,-1.88,-3.28,-2.06,-0.89,7.01,0.69,7.59,5.4,-2.13,-3.3,-3.62,Rice,Clay Loam,0.504,0.271,20.71,8,0.367,1.951.173,22.967
10.685,105.776,4,3,3.64,38.1,28.9,5.3,20.2,41.6,38,27.74,4.64,80.6,17.9,12,-4.02,-5.17,-5.35,-3.98,0.31,1.52,7.43,-0.41,8.29,5.16,0.33,-4.15,Rice,Clay Loam,0.722,0.297,23.08,9,0.36,3.685.549,27.72
10.499,105.016,11,74,3.64,29.3,33.9,5.8,43.7,27,48.5,27.91,4.77,79.76,17.9,12,-3.85,-5.17,-5.46,-3.66,-0.22,0.5,5.61,-0.26,10.88,4.65,0.87,-3.94,Rice,Clay Loam,0.761,0.257,22.56,9,0.483,2.601.564,27.429
10.307,105.048,11,2,3.64,35.4,32,5.9,27,37.6,38.7,27.91,4.77,79.76,17.9,12,-3.85,-5.17,-5.46,-3.66,-0.22,0.5,5.61,-0.26,10.88,4.65,0.87,-3.94,Rice,Clay Loam,0.761,0.282,22.56,9,0.483,2.384.767,27.897
10.761,105.989,11,2,3.64,41.7,34.6,5.7,20.9,37.4,36.1,28.08,3.71,77.7,17.9,12,-3.56,-4.08,-4.13,-3.62,0.1,2.86,5.77,0.03,5.64,4.65,-0.35,-3.28,Rice,Clay,0.847,0.292,19.02,7,0.303,2.818.361,28.067
9.644,105.18,4,4,3.64,37,37.5,5.5,28.8,34.1,42.4,27.97,4.72,81.28,17.03,12,-4.59,-5.52,-5.78,-3.25,-0.54,1.6,7.82,0.24,8.31,4.06,1.94,-4.24,Rice,Clay Loam,0.706,0.283,23.92,9,0.347,3.251.955,27.944
10.517,106.007,4,3,3.64,37.7,27.1,6.3,20.2,42.2,38.4,27.91,4.33,79.72,18.06,12,-4.03,-4.78,-4.88,-4,0.35,2.61,7.9,-0.29,6.54,4.36,0.01,-3.83,Rice,Clay Loam,0.763,0.297,21.81,7,0.363,1.517.579,27.89
20.464,105.996,2,6,3.64,32.7,25.1,6,27.2,40.2,28.8,24.42,4.15,83.73,14.41,12,-3.54,-3.28,-3.86,-2.76,-1.25,4.9,0.24,4.95,8.6,3.24,-3.34,-3.95,Rice,Clay Loam,0.498,0.268,21.98,9,0.392,2167.97,24.381
20.89,106.413,2,128,3.64,35.5,27.8,5.9,30.4,34,26.9,24.18,4.13,82.51,14.17,12,-3.45,-2.61,-3.49,-2.27,-1.12,6.4,-0.14,6.45,7.56,0.06,-3.6,-3.84,Rice,Clay Loam,0.528,0.258,20.52,9,0.369,2.384.767,23.348
9.539,105.336,11,2,3.64,35.9,47.1,5.6,26.5,37.6,53.2,27.58,5.68,82.83,17.03,12,-5.15,-6.22,-6.61,-3.85,-0.17,0.76,10.43,0.35,9.34,6.06,0.59,-5.48,Rice,Clay Loam,0.633,0.304,27.48,7,0.379,3.035.158,27.567
10.007,105.536,4,5,3.64,34.5,28.1,5.7,25.6,40,36.4,27.52,5.44,82.42,17.9,12,-4.68,-6.01,-6.26,-4.19,0.2,1.23,10.03,-0.2,9.39,5.07,0.41,-4.97,Rice,Clay Loam,0.646,0.282,26.31,7,0.381,2.818.361,27.488
21.278,105.951,7,7,3.64,30.9,23.8,6.1,31,38.2,23.3,23.24,4.05,82.32,14.01,12,-3.55,-1.88,-3.28,-2.06,-0.89,7.01,0.69,7.59,5.4,-2.13,-3.3,-3.62,Rice,Clay Loam,0.504,0.251,20.71,8,0.367,1.951.173,23.194
10.206,106.746,11,2,3.64,38.5,42.4,6.3,19.5,42,41.6,27.9,4.57,82.8,18.06,12,-4.11,-5.15,-5.27,-3.9,0.42,1.5,8.42,0.47,7.6,3.69,0.73,-4.35,Rice,Clay Loam,0.646,0.303,22.78,7,0.369,1.517.579,27.887
9.065,105.433,4,3,3.64,38.5,34.5,5.5,32.5,29,39.7,27.84,5.34,82.89,17.03,12,-5.21,-5.96,-6.44,-3.2,-0.3,0.5,9.1,0.95,8.41,6.51,1.07,-5.45,Rice,Clay Loam,0.641,0.271,26.56,7,0.343,3.251.955,27.82
10.572,105.081,11,2,3.64,35.6,31.4,5.8,22.2,42.2,40.3,27.91,4.77,79.76,17.9,12,-3.85,-5.17,-5.46,-3.66,-0.22,0.5,5.61,-0.26,10.88,4.65,0.87,-3.94,Rice,Clay Loam,0.761,0.295,22.56,9,0.483,2.601.564,27.897
10.919,105.663,4,2,3.64,35.2,35.3,6.1,22,42.8,49.3,28.1,3.74,77.56,17.9,12,-3.37,-4.2,-4.32,-3.49,0.06,1.63,4.58,-0.12,6.51,5.58,0.4,-3.31,Rice,Clay Loam,0.853,0.308,18.81,9,0.347,1.951.173,28.087
10.337,106.128,11,4,3.64,36.6,31.4,6.3,21.9,41.4,41.8,27.91,4.33,79.72,18.06,12,-4.03,-4.78,-4.88,-4,0.35,2.61,7.9,-0.29,6.54,4.36,0.01,-3.83,Rice,Clay Loam,0.763,0.298,21.81,7,0.363,1.517.579,27.884
10.18,106.226,4,4,3.64,37.7,28.3,6.2,20.5,41.8,40.9,27.61,5.05,82.34,18.06,12,-4.58,-5.54,-5.71,-4.16,0.46,1.64,10.07,-0.1,7.61,4.57,0.32,-4.63,Rice,Clay Loam,0.653,0.3,24.72,7,0.408,1.734.376,27.584
20.472,105.86,2,316,3.64,35.6,25.4,5.8,27,37.3,37.2,23.6,3.61,83.74,14.41,12,-3.31,-2.87,-3.1,-2.21,-1.23,4,0.43,4.46,7.45,2.88,-3.09,-3.44,Rice,Clay Loam,0.474,0.28,19.25,9,0.388,2.601.564,21.546
10.712,104.619,11,13,3.64,32.8,41.5,5.6,38.8,28.5,56.3,28.02,4.28,79.32,18.24,12,-3.59,-4.73,-4.96,-3.39,-0.31,0.74,4.69,-0.22,9.83,4.01,1.31,-3.42,Rice,Clay Loam,0.783,0.28,20.62,9,0.478,3.035.158,27.936
20.325,105.602,2,374,3.64,35.7,28.4,5.5,28,36.3,36.6,23.6,3.61,83.74,14.41,12,-3.31,-2.87,-3.1,-2.21,-1.23,4,0.43,4.46,7.45,2.88,-3.09,-3.44,Rice,Clay Loam,0.474,0.277,19.25,9,0.388,3.251.955,21.169
9.893,106.144,4,2,3.64,37.1,31.9,6.3,27.1,35.8,35.6,27.61,5.05,82.34,18.77,12,-4.58,-5.54,-5.71,-4.16,0.46,1.64,10.07,-0.1,7.61,4.57,0.32,-4.63,Rice,Clay Loam,0.653,0.278,24.72,7,0.408,1.517.579,27.597
20.767,105.74,2,5,3.64,33.6,29.5,5.8,22.2,44.2,30.8,23.88,3.84,82.73,14.41,12,-3.62,-2.57,-3.27,-2.24,-0.69,5.8,0.34,6.86,5.89,0.57,-3.41,-3.66,Rice,Clay Loam,0.512,0.282,19.46,8,0.353,2.601.564,23.848
10.594,105.038,4,2,3.64,33.1,38.2,5.5,29.7,37.2,40.5,27.91,4.77,79.76,17.9,12,-3.85,-5.17,-5.46,-3.66,-0.22,0.5,5.61,-0.26,10.88,4.65,0.87,-3.94,Rice,Clay Loam,0.761,0.278,22.56,9,0.483,3.251.955,27.897
20.192,106.22,2,2,3.64,35.5,30.4,6.1,29.4,35,27.9,24.89,4.18,84.24,14.17,12,-3.87,-3.88,-4.3,-3.56,-1.35,2.53,2.04,3.07,7.68,7.12,-1.86,-3.62,Rice,Clay Loam,0.496,0.261,22.44,9,0.342,1.951.173,24.877
10.067,105.991,4,2,3.64,35,35,6.1,25.8,39.1,44.5,27.61,5.05,82.34,17.9,12,-4.58,-5.54,-5.71,-4.16,0.46,1.64,10.07,-0.1,7.61,4.57,0.32,-4.63,Rice,Clay Loam,0.653,0.293,24.72,7,0.408,1.951.173,27.597
21.145,106.158,7,7,3.64,30.5,23.8,6.1,32.1,37.4,26.2,24.18,4.13,82.51,13.38,12,-3.45,-2.61,-3.49,-2.27,-1.12,6.4,-0.14,6.45,7.56,0.06,-3.6,-3.84,Rice,Clay Loam,0.528,0.253,20.52,9,0.369,1.951.173,24.134
9.316,104.886,11,2,3.64,40.1,30.3,5.6,30.1,29.9,53.1,27.97,4.72,81.28,18.06,12,-4.59,-5.52,-5.78,-3.25,-0.54,1.6,7.82,0.24,8.31,4.06,1.94,-4.24,Rice,Clay,0.706,0.295,23.92,9,0.347,3.035.158,27.957
20.413,106.243,7,5,3.64,35.3,27.5,6,30.5,34.2,32.3,24.42,4.15,83.73,14.17,12,-3.54,-3.28,-3.86,-2.76,-1.25,4.9,0.24,4.95,8.6,3.24,-3.34,-3.95,Rice,Clay Loam,0.498,0.265,21.98,9,0.392,2167.97,24.388
20.129,105.691,2,128,3.64,31.1,21.6,5.7,33,36,24.1,24.21,3.5,83.74,14.41,12,-3.17,-3.04,-3.17,-2.47,-1.36,1.99,1.29,2.72,8.21,4.04,-2.02,-3.04,Rice,Clay Loam,0.491,0.248,18.27,9,0.45,2.818.361,23.378
10.655,105.853,4,2,3.64,39.9,27.8,6,18.5,41.6,36.5,27.74,4.64,80.6,17.9,12,-4.02,-5.17,-5.35,-3.98,0.31,1.52,7.43,-0.41,8.29,5.16,0.33,-4.15,Rice,Clay Loam,0.722,0.299,23.08,9,0.36,2167.97,27.727
10.5,105.976,4,3,3.64,38.4,25.4,6.4,20.2,41.4,36.4,27.91,4.33,79.72,17.9,12,-4.03,-4.78,-4.88,-4,0.35,2.61,7.9,-0.29,6.54,4.36,0.01,-3.83,Rice,Clay Loam,0.763,0.294,21.81,7,0.363,1.300.782,27.89
10.4,106.146,11,2,3.64,44.7,29.5,6.3,16.9,38.5,34.8,27.91,4.33,79.72,18.06,12,-4.03,-4.78,-4.88,-4,0.35,2.61,7.9,-0.29,6.54,4.36,0.01,-3.83,Rice,Clay,0.763,0.3,21.81,7,0.363,1.517.579,27.897
20.268,106.512,2,1,3.64,35.4,31.2,6,29,35.6,32.1,24.42,4.15,83.73,14.17,12,-3.54,-3.28,-3.86,-2.76,-1.25,4.9,0.24,4.95,8.6,3.24,-3.34,-3.95,Rice,Clay Loam,0.498,0.268,21.98,9,0.392,2167.97,24.414
20.34,105.9,2,5,3.64,34.6,28.2,5.9,23.6,41.8,31.9,23.6,3.61,83.74,14.41,12,-3.31,-2.87,-3.1,-2.21,-1.23,4,0.43,4.46,7.45,2.88,-3.09,-3.44,Rice,Clay Loam,0.474,0.28,19.25,9,0.388,2.384.767,23.568
20.715,106.494,7,4,3.64,35.3,29.2,5.9,29.4,35.3,30,24.42,4.15,83.73,14.17,12,-3.54,-3.28,-3.86,-2.76,-1.25,4.9,0.24,4.95,8.6,3.24,-3.34,-3.95,Rice,Clay Loam,0.498,0.264,21.98,9,0.392,2.384.767,24.394
20.783,105.661,2,7,3.64,32.4,25.9,6.1,24.1,43.4,39.3,23.88,3.84,82.73,14.41,12,-3.62,-2.57,-3.27,-2.24,-0.69,5.8,0.34,6.86,5.89,0.57,-3.41,-3.66,Rice,Clay Loam,0.512,0.29,19.46,8,0.353,1.951.173,23.834
9.853,106.125,11,3,3.64,36.6,28.4,6.2,27.8,35.6,36.2,27.61,5.05,82.34,18.77,12,-4.58,-5.54,-5.71,-4.16,0.46,1.64,10.07,-0.1,7.61,4.57,0.32,-4.63,Rice,Clay Loam,0.653,0.277,24.72,7,0.408,1.734.376,27.59
20.563,105.846,2,6,3.64,32.8,24,6,24.1,43.1,31.4,23.6,3.61,83.74,14.41,12,-3.31,-2.87,-3.1,-2.21,-1.23,4,0.43,4.46,7.45,2.88,-3.09,-3.44,Rice,Clay Loam,0.474,0.279,19.25,9,0.388,2167.97,23.561
20.236,106.206,2,2,3.64,31.8,32.7,5.9,28.2,40,26.7,24.89,4.18,84.24,14.17,12,-3.87,-3.88,-4.3,-3.56,-1.35,2.53,2.04,3.07,7.68,7.12,-1.86,-3.62,Rice,Clay Loam,0.496,0.263,22.44,9,0.342,2.384.767,24.877
10.844,105.347,11,3,3.64,33.9,23.6,5.5,22.8,43.3,35.4,28.1,3.74,77.56,17.9,12,-3.37,-4.2,-4.32,-3.49,0.06,1.63,4.58,-0.12,6.51,5.58,0.4,-3.31,Rice,Clay Loam,0.853,0.287,18.81,9,0.347,3.251.955,28.08
20.296,105.658,7,333,3.64,36.8,27.6,5.5,26.6,36.6,44.5,23.6,3.61,83.74,14.41,12,-3.31,-2.87,-3.1,-2.21,-1.23,4,0.43,4.46,7.45,2.88,-3.09,-3.44,Rice,Clay Loam,0.474,0.291,19.25,9,0.388,3.251.955,21.436
20.967,106.194,2,5,3.64,34.4,27.7,6.1,26.8,38.8,24,24.18,4.13,82.51,14.17,12,-3.45,-2.61,-3.49,-2.27,-1.12,6.4,-0.14,6.45,7.56,0.06,-3.6,-3.84,Rice,Clay Loam,0.528,0.262,20.52,9,0.369,1.951.173,24.148
10.025,105.525,11,1,3.64,35,34.6,6.1,25.7,39.3,47.6,27.52,5.44,82.42,17.9,12,-4.68,-6.01,-6.26,-4.19,0.2,1.23,10.03,-0.2,9.39,5.07,0.41,-4.97,Rice,Clay Loam,0.646,0.298,26.31,7,0.381,1.951.173,27.514
10.722,105.882,4,2,3.64,43,31.7,5.4,18.1,38.9,42,27.74,4.64,80.6,17.9,12,-4.02,-5.17,-5.35,-3.98,0.31,1.52,7.43,-0.41,8.29,5.16,0.33,-4.15,Rice,Clay,0.722,0.307,23.08,9,0.36,3.468.752,27.727
9.942,106.27,4,2,3.64,33.9,29.3,6.2,26.6,39.5,37.2,27.61,5.05,82.34,18.77,12,-4.58,-5.54,-5.71,-4.16,0.46,1.64,10.07,-0.1,7.61,4.57,0.32,-4.63,Rice,Clay Loam,0.653,0.281,24.72,7,0.408,1.734.376,27.597
9.241,105.26,11,3,3.64,38.3,29.8,5.6,32.8,28.9,37.4,28.04,4.45,80.82,17.03,12,-4.45,-5.29,-5.62,-3.24,-0.63,1.27,6.71,0.39,7.95,3.73,3.01,-3.78,Rice,Clay Loam,0.727,0.267,23.01,9,0.345,3.035.158,28.02
20.5,106.494,2,1,3.64,35.9,33.1,6.1,27.2,36.9,33.1,24.42,4.15,83.73,14.17,12,-3.54,-3.28,-3.86,-2.76,-1.25,4.9,0.24,4.95,8.6,3.24,-3.34,-3.95,Rice,Clay Loam,0.498,0.274,21.98,9,0.392,1.951.173,24.414
9.655,106.545,11,2,3.64,37.5,33.3,6.2,23.7,38.8,39.5,27.77,5.28,82.72,18.77,12,-4.89,-5.87,-6.07,-3.73,0.31,0.66,9.99,0.82,8.06,5.64,0.34,-5.29,Rice,Clay Loam,0.644,0.291,25.85,7,0.387,1.734.376,27.757
10.815,105.641,11,3,3.64,36.7,25.5,5.5,21.9,41.4,37,28.1,3.74,77.56,17.9,12,-3.37,-4.2,-4.32,-3.49,0.06,1.63,4.58,-0.12,6.51,5.58,0.4,-3.31,Rice,Clay Loam,0.853,0.291,18.81,9,0.347,3.251.955,28.08
10.177,105.74,11,2,3.64,35.9,30.6,6.2,22.2,41.9,36.7,27.52,5.44,82.42,17.9,12,-4.68,-6.01,-6.26,-4.19,0.2,1.23,10.03,-0.2,9.39,5.07,0.41,-4.97,Rice,Clay Loam,0.646,0.29,26.31,7,0.381,1.734.376,27.507
10.825,104.721,4,5,3.64,35.6,48.7,5.4,30.5,33.9,33.7,28.16,3.9,76.87,18.24,12,-3.21,-4.25,-4.47,-3.37,-0.26,0.68,3.27,0.33,8.7,4.94,0.85,-3.21,Rice,Clay Loam,0.882,0.267,18.77,9,0.464,3.468.752,28.128
20.283,105.785,7,2,3.64,28.9,27.9,5.8,31.1,40,26.9,23.6,3.61,83.74,14.41,12,-3.31,-2.87,-3.1,-2.21,-1.23,4,0.43,4.46,7.45,2.88,-3.09,-3.44,Rice,Clay Loam,0.474,0.256,19.25,9,0.388,2.601.564,23.587
21.231,105.559,7,10,3.64,31.4,26.8,6,33.2,35.4,29.2,23.88,3.84,82.73,14.01,12,-3.62,-2.57,-3.27,-2.24,-0.69,5.8,0.34,6.86,5.89,0.57,-3.41,-3.66,Rice,Clay Loam,0.512,0.255,19.46,8,0.353,2167.97,23.815
8.722,105.07,4,1,3.64,36.3,50.3,5.4,34.2,29.5,50,28.14,3.97,81.31,17.99,12,-3.92,-4.92,-5.23,-3.15,-0.59,0.53,5.39,0.83,6.79,2.56,4.54,-2.86,Rice,Clay Loam,0.712,0.281,20.67,9,0.329,3.468.752,28.134
20.896,106.177,2,4,3.64,32.7,26.3,6.2,26.3,41,22.2,24.18,4.13,82.51,14.17,12,-3.45,-2.61,-3.49,-2.27,-1.12,6.4,-0.14,6.45,7.56,0.06,-3.6,-3.84,Rice,Clay Loam,0.528,0.261,20.52,9,0.369,1.734.376,24.154
9.255,105.001,4,1,3.64,39.3,32.6,5.5,31.7,29,43.6,27.97,4.72,81.28,17.03,12,-4.59,-5.52,-5.78,-3.25,-0.54,1.6,7.82,0.24,8.31,4.06,1.94,-4.24,Rice,Clay Loam,0.706,0.278,23.92,9,0.347,3.251.955,27.964
20.442,105.994,7,3,3.64,31.4,23,6,26.6,42,26.4,24.42,4.15,83.73,14.41,12,-3.54,-3.28,-3.86,-2.76,-1.25,4.9,0.24,4.95,8.6,3.24,-3.34,-3.95,Rice,Clay Loam,0.498,0.266,21.98,9,0.392,2167.97,24.4
10.331,104.806,4,2,3.64,29,37.4,5.7,27.9,43.1,38.4,27.91,4.77,79.76,18.24,12,-3.85,-5.17,-5.46,-3.66,-0.22,0.5,5.61,-0.26,10.88,4.65,0.87,-3.94,Rice,Clay Loam,0.761,0.28,22.56,9,0.483,2.818.361,27.897
20.344,105.857,7,3,3.64,34.8,22,6.1,27.5,37.6,27.5,23.6,3.61,83.74,14.41,12,-3.31,-2.87,-3.1,-2.21,-1.23,4,0.43,4.46,7.45,2.88,-3.09,-3.44,Rice,Clay Loam,0.474,0.265,19.25,9,0.388,1.951.173,23.58
9.579,105.606,4,3,3.64,39.5,27.3,5.8,24.3,36.2,34,27.58,5.68,82.83,17.03,12,-5.15,-6.22,-6.61,-3.85,-0.17,0.76,10.43,0.35,9.34,6.06,0.59,-5.48,Rice,Clay Loam,0.633,0.282,27.48,7,0.379,2.601.564,27.56
10.372,105.055,4,2,3.64,37.1,32.5,6,24.8,38.1,42.4,27.91,4.77,79.76,17.9,12,-3.85,-5.17,-5.46,-3.66,-0.22,0.5,5.61,-0.26,10.88,4.65,0.87,-3.94,Rice,Clay Loam,0.761,0.292,22.56,9,0.483,2167.97,27.897
20.893,106.086,7,3,3.64,34.4,29.5,5.8,23.9,41.7,28.4,24.18,4.13,82.51,14.17,12,-3.45,-2.61,-3.49,-2.27,-1.12,6.4,-0.14,6.45,7.56,0.06,-3.6,-3.84,Rice,Clay Loam,0.528,0.275,20.52,9,0.369,2.601.564,24.16
21.351,106.14,2,8,3.64,30.7,21,6.2,32,37.3,23.4,23.24,4.05,82.32,13.38,12,-3.55,-1.88,-3.28,-2.06,-0.89,7.01,0.69,7.59,5.4,-2.13,-3.3,-3.62,Rice,Clay Loam,0.504,0.249,20.71,8,0.367,1.734.376,23.188
10.422,106.548,11,4,3.64,40.6,33.8,6.3,18.5,40.9,29.5,27.91,4.33,79.72,18.06,12,-4.03,-4.78,-4.88,-4,0.35,2.61,7.9,-0.29,6.54,4.36,0.01,-3.83,Rice,Clay,0.763,0.289,21.81,7,0.363,1.517.579,27.884
10.417,105.951,11,2,3.64,36.5,33.2,6.5,19,44.5,48.2,27.91,4.33,79.72,17.9,12,-4.03,-4.78,-4.88,-4,0.35,2.61,7.9,-0.29,6.54,4.36,0.01,-3.83,Rice,Clay Loam,0.763,0.314,21.81,7,0.363,1.083.985,27.897
20.693,106.367,2,3,3.64,34.4,30.6,5.9,27,38.6,34,24.42,4.15,83.73,14.17,12,-3.54,-3.28,-3.86,-2.76,-1.25,4.9,0.24,4.95,8.6,3.24,-3.34,-3.95,Rice,Clay Loam,0.498,0.275,21.98,9,0.392,2.384.767,24.4
9.763,104.991,11,1,3.64,37.6,39.7,5.4,26.2,36.2,47.4,27.96,4.89,80.82,18.06,12,-4.26,-5.51,-5.79,-3.48,-0.34,0.99,7.3,-0.09,10.14,4.07,1.2,-4.25,Rice,Clay Loam,0.723,0.296,23.72,9,0.428,3.468.752,27.954
21.419,105.552,7,31,3.64,35.8,24.4,6.1,27.6,36.6,23,23.66,4.1,82.25,14.01,12,-3.83,-2.11,-3.41,-2.35,-0.33,6.36,1.26,8.89,4.16,-1.78,-3.22,-3.69,Rice,Clay Loam,0.519,0.259,20.72,8,0.43,1.951.173,23.458
20.352,106.083,7,2,3.64,31.2,27.7,6,27.4,41.4,28.7,24.42,4.15,83.73,14.17,12,-3.54,-3.28,-3.86,-2.76,-1.25,4.9,0.24,4.95,8.6,3.24,-3.34,-3.95,Rice,Clay Loam,0.498,0.267,21.98,9,0.392,2167.97,24.407
10.571,104.593,11,2,3.64,31.7,41.7,5.4,29.2,39.1,39.9,28.02,4.28,79.32,18.24,12,-3.59,-4.73,-4.96,-3.39,-0.31,0.74,4.69,-0.22,9.83,4.01,1.31,-3.42,Rice,Clay Loam,0.783,0.279,20.62,9,0.478,3.468.752,28.007
10.396,104.843,4,2,3.64,32.2,38.9,5.6,25.8,41.9,42.5,27.91,4.77,79.76,18.24,12,-3.85,-5.17,-5.46,-3.66,-0.22,0.5,5.61,-0.26,10.88,4.65,0.87,-3.94,Rice,Clay Loam,0.761,0.29,22.56,9,0.483,3.035.158,27.897
10.073,105.479,11,2,3.64,37.3,28.8,5.6,23.1,39.6,37.4,27.52,5.44,82.42,17.9,12,-4.68,-6.01,-6.26,-4.19,0.2,1.23,10.03,-0.2,9.39,5.07,0.41,-4.97,Rice,Clay Loam,0.646,0.289,26.31,7,0.381,3.035.158,27.507
10.989,104.809,11,3,3.64,33.1,29.8,5.5,33.1,33.8,28.3,28.16,3.9,76.87,18.24,12,-3.21,-4.25,-4.47,-3.37,-0.26,0.68,3.27,0.33,8.7,4.94,0.85,-3.21,Rice,Clay Loam,0.882,0.253,18.77,9,0.464,3.251.955,28.14
20.449,105.941,7,2,3.64,31.2,21.3,6,25.1,43.7,31.5,24.42,4.15,83.73,14.41,12,-3.54,-3.28,-3.86,-2.76,-1.25,4.9,0.24,4.95,8.6,3.24,-3.34,-3.95,Rice,Clay Loam,0.498,0.276,21.98,9,0.392,2167.97,24.407
9.552,105.01,11,1,3.64,38.6,32.9,5.7,24.5,36.8,48.2,27.97,4.72,81.28,17.03,12,-4.59,-5.52,-5.78,-3.25,-0.54,1.6,7.82,0.24,8.31,4.06,1.94,-4.24,Rice,Clay Loam,0.706,0.301,23.92,9,0.347,2.818.361,27.964
9.617,105.635,11,2,3.64,36.5,26.4,5.8,26.3,37.1,40.6,27.58,5.68,82.83,17.03,12,-5.15,-6.22,-6.61,-3.85,-0.17,0.76,10.43,0.35,9.34,6.06,0.59,-5.48,Rice,Clay Loam,0.633,0.286,27.48,7,0.379,2.601.564,27.567
9.923,106.391,11,2,3.64,40.9,28.9,6.1,26.4,32.8,36.9,27.61,5.05,82.34,18.77,12,-4.58,-5.54,-5.71,-4.16,0.46,1.64,10.07,-0.1,7.61,4.57,0.32,-4.63,Rice,Clay,0.653,0.281,24.72,7,0.408,1.951.173,27.597
20.24,106.234,7,2,3.64,35.8,29.8,6.1,29.2,35,26.9,24.89,4.18,84.24,14.17,12,-3.87,-3.88,-4.3,-3.56,-1.35,2.53,2.04,3.07,7.68,7.12,-1.86,-3.62,Rice,Clay Loam,0.496,0.26,22.44,9,0.342,1.951.173,24.877
20.207,105.646,2,18,3.64,30.6,20.7,5.8,30.5,39,28.2,24.21,3.5,83.74,14.41,12,-3.17,-3.04,-3.17,-2.47,-1.36,1.99,1.29,2.72,8.21,4.04,-2.02,-3.04,Rice,Clay Loam,0.491,0.259,18.27,9,0.45,2.601.564,24.093
10.706,105.762,4,3,3.64,45.2,29.7,5.4,18.8,36.1,40.6,27.74,4.64,80.6,17.9,12,-4.02,-5.17,-5.35,-3.98,0.31,1.52,7.43,-0.41,8.29,5.16,0.33,-4.15,Rice,Clay,0.722,0.304,23.08,9,0.36,3.468.752,27.72
10.429,105.751,11,4,3.64,37.6,27,5.7,17.8,44.6,33.1,27.74,4.64,80.6,17.9,12,-4.02,-5.17,-5.35,-3.98,0.31,1.52,7.43,-0.41,8.29,5.16,0.33,-4.15,Rice,Clay Loam,0.722,0.295,23.08,9,0.36,2.818.361,27.714
21.006,106.088,2,4,3.64,31.2,22.1,6,28.4,40.4,23.6,24.18,4.13,82.51,13.38,12,-3.45,-2.61,-3.49,-2.27,-1.12,6.4,-0.14,6.45,7.56,0.06,-3.6,-3.84,Rice,Clay Loam,0.528,0.258,20.52,9,0.369,2167.97,24.154
21.254,105.556,7,12,3.64,31,21,6,33.3,35.7,22.9,23.66,4.1,82.25,14.01,12,-3.83,-2.11,-3.41,-2.35,-0.33,6.36,1.26,8.89,4.16,-1.78,-3.22,-3.69,Rice,Clay Loam,0.519,0.245,20.72,8,0.43,2167.97,23.582
9.547,105.812,11,4,3.64,37.6,40.5,5.5,31.1,31.3,39.6,27.58,5.68,82.83,17.03,12,-5.15,-6.22,-6.61,-3.85,-0.17,0.76,10.43,0.35,9.34,6.06,0.59,-5.48,Rice,Clay Loam,0.633,0.274,27.48,7,0.379,3.251.955,27.554
9.521,106.055,4,3,3.64,33.7,39.8,5.8,31.3,35,38.6,27.77,5.28,82.72,18.77,12,-4.89,-5.87,-6.07,-3.73,0.31,0.66,9.99,0.82,8.06,5.64,0.34,-5.29,Rice,Clay Loam,0.644,0.272,25.85,7,0.387,2.601.564,27.75
10.147,105.642,11,5,3.64,38.4,27.4,5.8,20.1,41.5,38.9,27.52,5.44,82.42,17.9,12,-4.68,-6.01,-6.26,-4.19,0.2,1.23,10.03,-0.2,9.39,5.07,0.41,-4.97,Rice,Clay Loam,0.646,0.298,26.31,7,0.381,2.601.564,27.488
9.55,106.217,11,4,3.64,37.5,30.1,6.2,25.2,37.3,42.3,27.77,5.28,82.72,18.77,12,-4.89,-5.87,-6.07,-3.73,0.31,0.66,9.99,0.82,8.06,5.64,0.34,-5.29,Rice,Clay Loam,0.644,0.291,25.85,7,0.387,1.734.376,27.744
10.057,105.967,4,3,3.64,33.8,38.9,6.2,26.7,39.5,44.2,27.61,5.05,82.34,17.9,12,-4.58,-5.54,-5.71,-4.16,0.46,1.64,10.07,-0.1,7.61,4.57,0.32,-4.63,Rice,Clay Loam,0.653,0.29,24.72,7,0.408,1.734.376,27.59
20.897,106.157,7,3,3.64,36,24.6,6,27,37,28.2,24.18,4.13,82.51,14.17,12,-3.45,-2.61,-3.49,-2.27,-1.12,6.4,-0.14,6.45,7.56,0.06,-3.6,-3.84,Rice,Clay Loam,0.528,0.267,20.52,9,0.369,2167.97,24.16
10.372,106.75,11,2,3.64,40.2,25.9,6.4,22.3,37.5,34.9,27.76,4.07,80.84,18.06,12,-3.8,-4.52,-4.6,-4.04,0.25,3.53,7.47,0.45,6.09,2.91,-0.2,-3.56,Rice,Clay,0.714,0.288,20.72,7,0.361,1.300.782,27.747
20.825,106.126,7,3,3.64,33.4,24.9,6.2,28,38.5,24.9,24.18,4.13,82.51,14.17,12,-3.45,-2.61,-3.49,-2.27,-1.12,6.4,-0.14,6.45,7.56,0.06,-3.6,-3.84,Rice,Clay Loam,0.528,0.26,20.52,9,0.369,1.734.376,24.16
10.74,105.579,4,2,3.64,35.8,23.5,5.6,23.7,40.4,33.2,27.74,4.64,80.6,17.9,12,-4.02,-5.17,-5.35,-3.98,0.31,1.52,7.43,-0.41,8.29,5.16,0.33,-4.15,Rice,Clay Loam,0.722,0.282,23.08,9,0.36,3.035.158,27.727
20.62,105.582,2,45,3.64,34,22.3,6,26.5,39.5,24.8,23.6,3.61,83.74,14.41,12,-3.31,-2.87,-3.1,-2.21,-1.23,4,0.43,4.46,7.45,2.88,-3.09,-3.44,Rice,Clay Loam,0.474,0.264,19.25,9,0.388,2167.97,23.308
21.292,106.601,7,52,3.64,32.1,24.9,5.8,25.6,42.3,31.1,22.33,4.4,83.68,13.38,12,-3.51,-2.18,-3.29,-2.25,-1.59,9.09,1.12,6.42,6.2,-2.75,-3.26,-3.95,Rice,Clay Loam,0.44,0.275,22.78,6,0.398,2.601.564,21.992
21.378,106.545,7,17,3.64,26.5,20.3,6.1,25.2,48.4,26.9,23.24,4.05,82.32,13.38,12,-3.55,-1.88,-3.28,-2.06,-0.89,7.01,0.69,7.59,5.4,-2.13,-3.3,-3.62,Rice,Loam,0.504,0.27,20.71,8,0.367,1.951.173,23.13
20.391,105.534,2,121,3.64,34.7,27.1,5.5,27.9,37.4,36.6,23.6,3.61,83.74,14.41,12,-3.31,-2.87,-3.1,-2.21,-1.23,4,0.43,4.46,7.45,2.88,-3.09,-3.44,Rice,Clay Loam,0.474,0.277,19.25,9,0.388,3.251.955,22.814
20.529,106.065,2,5,3.64,36.2,26.4,6.1,27.7,36.1,26.1,24.42,4.15,83.73,14.17,12,-3.54,-3.28,-3.86,-2.76,-1.25,4.9,0.24,4.95,8.6,3.24,-3.34,-3.95,Rice,Clay Loam,0.498,0.263,21.98,9,0.392,1.951.173,24.388
9.541,106.388,4,3,3.64,38.8,34.9,6.1,26.6,34.5,34.6,27.77,5.28,82.72,18.77,12,-4.89,-5.87,-6.07,-3.73,0.31,0.66,9.99,0.82,8.06,5.64,0.34,-5.29,Rice,Clay Loam,0.644,0.277,25.85,7,0.387,1.951.173,27.75
21.29,105.743,2,12,3.64,33.9,21.5,6.2,29.8,36.3,22.2,23.66,4.1,82.25,14.01,12,-3.83,-2.11,-3.41,-2.35,-0.33,6.36,1.26,8.89,4.16,-1.78,-3.22,-3.69,Rice,Clay Loam,0.519,0.253,20.72,8,0.43,1.734.376,23.582
10.381,105.767,4,6,3.64,39.6,30.3,6.2,17.8,42.6,41.5,27.74,4.64,80.6,17.9,12,-4.02,-5.17,-5.35,-3.98,0.31,1.52,7.43,-0.41,8.29,5.16,0.33,-4.15,Rice,Clay Loam,0.722,0.307,23.08,9,0.36,1.734.376,27.701
21.116,106.38,2,48,3.64,33.6,26.5,6.3,28.4,38,27.3,24.18,4.13,82.51,13.38,12,-3.45,-2.61,-3.49,-2.27,-1.12,6.4,-0.14,6.45,7.56,0.06,-3.6,-3.84,Rice,Clay Loam,0.528,0.263,20.52,9,0.369,1.517.579,23.868
20.157,106.104,7,2,3.64,34.9,32.1,5.9,28.6,36.5,35.2,24.89,4.18,84.24,14.17,12,-3.87,-3.88,-4.3,-3.56,-1.35,2.53,2.04,3.07,7.68,7.12,-1.86,-3.62,Rice,Clay Loam,0.496,0.273,22.44,9,0.342,2.384.767,24.877
10.957,105.723,11,2,3.64,35.5,36.5,6.1,22.2,42.4,48.4,28.1,3.74,77.56,17.9,12,-3.37,-4.2,-4.32,-3.49,0.06,1.63,4.58,-0.12,6.51,5.58,0.4,-3.31,Rice,Clay Loam,0.853,0.307,18.81,9,0.347,1.951.173,28.087
20.95,106.203,7,3,3.64,34.4,26,6.2,28.8,36.8,25.7,24.18,4.13,82.51,14.17,12,-3.45,-2.61,-3.49,-2.27,-1.12,6.4,-0.14,6.45,7.56,0.06,-3.6,-3.84,Rice,Clay Loam,0.528,0.26,20.52,9,0.369,1.734.376,24.16
10.435,106.66,11,3,3.64,38.3,28.8,6.3,21.1,40.6,34.5,27.76,4.07,80.84,18.06,12,-3.8,-4.52,-4.6,-4.04,0.25,3.53,7.47,0.45,6.09,2.91,-0.2,-3.56,Rice,Clay Loam,0.714,0.29,20.72,7,0.361,1.517.579,27.74
8.673,105.005,11,3,3.64,39.4,50.2,5.7,32.3,28.3,48.2,28.14,3.97,81.31,17.99,12,-3.92,-4.92,-5.23,-3.15,-0.59,0.53,5.39,0.83,6.79,2.56,4.54,-2.86,Rice,Clay Loam,0.712,0.283,20.67,9,0.329,2.818.361,28.12
10.342,105.072,11,2,3.64,31.4,25.6,5.5,25.4,43.2,33.7,27.91,4.77,79.76,17.9,12,-3.85,-5.17,-5.46,-3.66,-0.22,0.5,5.61,-0.26,10.88,4.65,0.87,-3.94,Rice,Clay Loam,0.761,0.279,22.56,9,0.483,3.251.955,27.897
10.72,105.765,11,2,3.64,44.5,32.7,5.5,18.5,37.1,33.2,27.74,4.64,80.6,17.9,12,-4.02,-5.17,-5.35,-3.98,0.31,1.52,7.43,-0.41,8.29,5.16,0.33,-4.15,Rice,Clay,0.722,0.294,23.08,9,0.36,3.251.955,27.727
10.271,106.314,4,3,3.64,39.4,34.5,6.3,21.3,39.3,42.4,27.91,4.33,79.72,18.06,12,-4.03,-4.78,-4.88,-4,0.35,2.61,7.9,-0.29,6.54,4.36,0.01,-3.83,Rice,Clay Loam,0.763,0.3,21.81,7,0.363,1.517.579,27.89
20.316,106.394,7,3,3.64,34,28.6,6,28.3,37.8,26.1,24.42,4.15,83.73,14.17,12,-3.54,-3.28,-3.86,-2.76,-1.25,4.9,0.24,4.95,8.6,3.24,-3.34,-3.95,Rice,Clay Loam,0.498,0.261,21.98,9,0.392,2167.97,24.4
9.861,106.633,11,2,3.64,32.8,33.2,6.1,24.2,43,33.6,27.9,4.57,82.8,18.77,12,-4.11,-5.15,-5.27,-3.9,0.42,1.5,8.42,0.47,7.6,3.69,0.73,-4.35,Rice,Clay Loam,0.646,0.281,22.78,7,0.369,1.951.173,27.887
20.848,106.483,2,5,3.64,37.2,30.5,6.1,29.6,33.3,33.7,24.18,4.13,82.51,14.17,12,-3.45,-2.61,-3.49,-2.27,-1.12,6.4,-0.14,6.45,7.56,0.06,-3.6,-3.84,Rice,Clay Loam,0.528,0.269,20.52,9,0.369,1.951.173,24.148
9.699,106.133,4,5,3.64,37.3,30.5,6.1,26,36.7,43.2,27.77,5.28,82.72,18.77,12,-4.89,-5.87,-6.07,-3.73,0.31,0.66,9.99,0.82,8.06,5.64,0.34,-5.29,Rice,Clay Loam,0.644,0.291,25.85,7,0.387,1.951.173,27.738
20.633,105.769,7,4,3.64,33.2,25.5,6.1,23.5,43.3,25,23.6,3.61,83.74,14.41,12,-3.31,-2.87,-3.1,-2.21,-1.23,4,0.43,4.46,7.45,2.88,-3.09,-3.44,Rice,Clay Loam,0.474,0.271,19.25,9,0.388,1.951.173,23.574
9.554,105.457,4,2,3.64,37.1,38.1,5.5,26,36.9,34.5,27.58,5.68,82.83,17.03,12,-5.15,-6.22,-6.61,-3.85,-0.17,0.76,10.43,0.35,9.34,6.06,0.59,-5.48,Rice,Clay Loam,0.633,0.278,27.48,7,0.379,3.251.955,27.567
20.776,106.141,7,4,3.64,37.7,28.8,6.1,27.3,35,26.8,24.18,4.13,82.51,14.17,12,-3.45,-2.61,-3.49,-2.27,-1.12,6.4,-0.14,6.45,7.56,0.06,-3.6,-3.84,Rice,Clay Loam,0.528,0.265,20.52,9,0.369,1.951.173,24.154
20.698,105.638,2,38,3.64,32.2,21.1,5.8,27.3,40.5,25.8,23.6,3.61,83.74,14.41,12,-3.31,-2.87,-3.1,-2.21,-1.23,4,0.43,4.46,7.45,2.88,-3.09,-3.44,Rice,Clay Loam,0.474,0.263,19.25,9,0.388,2.601.564,23.353
10.574,106.389,4,2,3.64,42.6,23.2,6,17.6,39.8,31.5,27.91,4.33,79.72,18.06,12,-4.03,-4.78,-4.88,-4,0.35,2.61,7.9,-0.29,6.54,4.36,0.01,-3.83,Rice,Clay,0.763,0.294,21.81,7,0.363,2167.97,27.897
10.869,105.933,11,3,3.64,35.6,27.2,5.2,28.2,36.3,28.4,28.1,3.74,77.56,17.9,12,-3.37,-4.2,-4.32,-3.49,0.06,1.63,4.58,-0.12,6.51,5.58,0.4,-3.31,Rice,Clay Loam,0.853,0.265,18.81,9,0.347,3.902.346,28.08
10.602,106.464,4,4,3.64,38.8,33.7,6.1,24.6,36.5,31.2,27.91,4.33,79.72,18.06,12,-4.03,-4.78,-4.88,-4,0.35,2.61,7.9,-0.29,6.54,4.36,0.01,-3.83,Rice,Clay Loam,0.763,0.277,21.81,7,0.363,1.951.173,27.884
10.669,105.639,4,3,3.64,40.1,28.7,5.7,19.1,40.8,32.9,27.74,4.64,80.6,17.9,12,-4.02,-5.17,-5.35,-3.98,0.31,1.52,7.43,-0.41,8.29,5.16,0.33,-4.15,Rice,Clay,0.722,0.292,23.08,9,0.36,2.818.361,27.72
9.657,105.245,4,2,3.64,36.4,38.9,5.4,25.7,37.9,33.9,27.97,4.72,81.28,17.03,12,-4.59,-5.52,-5.78,-3.25,-0.54,1.6,7.82,0.24,8.31,4.06,1.94,-4.24,Rice,Clay Loam,0.706,0.278,23.92,9,0.347,3.468.752,27.957
10.947,105.165,4,4,3.64,32.7,32.6,5.2,28.4,38.8,29.4,28.16,3.9,76.87,17.9,12,-3.21,-4.25,-4.47,-3.37,-0.26,0.68,3.27,0.33,8.7,4.94,0.85,-3.21,Rice,Clay Loam,0.882,0.266,18.77,9,0.464,3.902.346,28.134
20.577,105.703,7,9,3.64,33,22.9,6,22.8,44.3,28.5,23.6,3.61,83.74,14.41,12,-3.31,-2.87,-3.1,-2.21,-1.23,4,0.43,4.46,7.45,2.88,-3.09,-3.44,Rice,Clay Loam,0.474,0.277,19.25,9,0.388,2167.97,23.542
20.819,106.083,2,4,3.64,37.9,21.8,6,24.8,37.4,22.4,24.18,4.13,82.51,14.17,12,-3.45,-2.61,-3.49,-2.27,-1.12,6.4,-0.14,6.45,7.56,0.06,-3.6,-3.84,Rice,Clay Loam,0.528,0.264,20.52,9,0.369,2167.97,24.154
9.928,106.109,11,2,3.64,34.2,31.1,6.2,23.7,42.1,40.1,27.61,5.05,82.34,18.77,12,-4.58,-5.54,-5.71,-4.16,0.46,1.64,10.07,-0.1,7.61,4.57,0.32,-4.63,Rice,Clay Loam,0.653,0.292,24.72,7,0.408,1.734.376,27.597
9.39,105.398,11,2,3.64,42.3,43.5,5.6,31.5,26.2,41.4,27.58,5.68,82.83,17.03,12,-5.15,-6.22,-6.61,-3.85,-0.17,0.76,10.43,0.35,9.34,6.06,0.59,-5.48,Rice,Clay,0.633,0.276,27.48,7,0.379,3.035.158,27.567
21.098,105.643,2,12,3.64,29.3,22.9,5.9,31.3,39.4,24.5,23.88,3.84,82.73,14.01,12,-3.62,-2.57,-3.27,-2.24,-0.69,5.8,0.34,6.86,5.89,0.57,-3.41,-3.66,Rice,Clay Loam,0.512,0.252,19.46,8,0.353,2.384.767,23.802
8.62,104.773,11,17,3.64,37.5,53.2,5.7,30.9,31.6,75.2,28.14,3.97,81.31,17.74,12,-3.92,-4.92,-5.23,-3.15,-0.59,0.53,5.39,0.83,6.79,2.56,4.54,-2.86,Rice,Clay Loam,0.712,0.324,20.67,9,0.329,2.818.361,28.03
20.273,105.903,2,65,3.64,31.7,22.7,5.7,30.7,37.6,34.5,23.6,3.61,83.74,14.41,12,-3.31,-2.87,-3.1,-2.21,-1.23,4,0.43,4.46,7.45,2.88,-3.09,-3.44,Rice,Clay Loam,0.474,0.268,19.25,9,0.388,2.818.361,23.178
9.556,105.379,11,1,3.64,34.9,51.5,5.7,26.8,38.3,51.2,27.58,5.68,82.83,17.03,12,-5.15,-6.22,-6.61,-3.85,-0.17,0.76,10.43,0.35,9.34,6.06,0.59,-5.48,Rice,Clay Loam,0.633,0.3,27.48,7,0.379,2.818.361,27.574
9.73,106.31,11,2,3.64,34.5,32.2,6.2,27,38.5,45.9,27.77,5.28,82.72,18.77,12,-4.89,-5.87,-6.07,-3.73,0.31,0.66,9.99,0.82,8.06,5.64,0.34,-5.29,Rice,Clay Loam,0.644,0.292,25.85,7,0.387,1.734.376,27.757
20.469,106.407,2,2,3.64,34.6,31.2,6,27.6,37.8,33,24.42,4.15,83.73,14.17,12,-3.54,-3.28,-3.86,-2.76,-1.25,4.9,0.24,4.95,8.6,3.24,-3.34,-3.95,Rice,Clay Loam,0.498,0.273,21.98,9,0.392,2167.97,24.407
9.075,105.185,4,2,3.64,38.1,37.2,5.3,30,31.9,49.1,28.04,4.45,80.82,17.03,12,-4.45,-5.29,-5.62,-3.24,-0.63,1.27,6.71,0.39,7.95,3.73,3.01,-3.78,Rice,Clay Loam,0.727,0.29,23.01,9,0.345,3.685.549,28.027
10.636,104.807,11,23,3.64,30.1,33.3,5.8,41.2,28.6,36.1,27.91,4.77,79.76,18.24,12,-3.85,-5.17,-5.46,-3.66,-0.22,0.5,5.61,-0.26,10.88,4.65,0.87,-3.94,Rice,Clay Loam,0.761,0.246,22.56,9,0.483,2.601.564,27.76
20.409,106.447,7,2,3.64,36.5,39.3,6.2,26.8,36.7,37.6,24.42,4.15,83.73,14.17,12,-3.54,-3.28,-3.86,-2.76,-1.25,4.9,0.24,4.95,8.6,3.24,-3.34,-3.95,Rice,Clay Loam,0.498,0.281,21.98,9,0.392,1.734.376,24.407
9.163,105.024,4,1,3.64,37.1,47,5.5,32.6,30.3,43.2,28.04,4.45,80.82,17.03,12,-4.45,-5.29,-5.62,-3.24,-0.63,1.27,6.71,0.39,7.95,3.73,3.01,-3.78,Rice,Clay Loam,0.727,0.275,23.01,9,0.345,3.251.955,28.034
20.497,106.25,7,2,3.64,32.8,33.8,6.1,27.8,39.4,30.7,24.42,4.15,83.73,14.17,12,-3.54,-3.28,-3.86,-2.76,-1.25,4.9,0.24,4.95,8.6,3.24,-3.34,-3.95,Rice,Clay Loam,0.498,0.269,21.98,9,0.392,1.951.173,24.407
21.351,106.48,7,12,3.64,28.6,20,6.2,27.6,43.7,19.4,23.24,4.05,82.32,13.38,12,-3.55,-1.88,-3.28,-2.06,-0.89,7.01,0.69,7.59,5.4,-2.13,-3.3,-3.62,Rice,Clay Loam,0.504,0.254,20.71,8,0.367,1.734.376,23.162
20.18,106.239,2,4,3.64,33.9,31.2,6,29.6,36.5,35.4,24.89,4.18,84.24,14.17,12,-3.87,-3.88,-4.3,-3.56,-1.35,2.53,2.04,3.07,7.68,7.12,-1.86,-3.62,Rice,Clay Loam,0.496,0.271,22.44,9,0.342,2167.97,24.864
10.865,106.21,4,2,3.64,40.6,31.3,5.4,21.7,37.7,31.5,28.08,3.71,77.7,18.06,12,-3.56,-4.08,-4.13,-3.62,0.1,2.86,5.77,0.03,5.64,4.65,-0.35,-3.28,Rice,Clay,0.847,0.284,19.02,7,0.303,3.468.752,28.067
9.128,105.062,11,1,3.64,37.2,48.1,5.3,33.5,29.4,48.1,28.04,4.45,80.82,17.03,12,-4.45,-5.29,-5.62,-3.24,-0.63,1.27,6.71,0.39,7.95,3.73,3.01,-3.78,Rice,Clay Loam,0.727,0.28,23.01,9,0.345,3.685.549,28.034
10.832,105.277,4,3,3.64,34.4,29.6,5.6,21.3,44.4,33.5,28.16,3.9,76.87,17.9,12,-3.21,-4.25,-4.47,-3.37,-0.26,0.68,3.27,0.33,8.7,4.94,0.85,-3.21,Rice,Clay Loam,0.882,0.288,18.77,9,0.464,3.035.158,28.14
21.165,105.555,2,15,3.64,29.1,22.6,5.9,31.4,39.5,21.6,23.88,3.84,82.73,14.01,12,-3.62,-2.57,-3.27,-2.24,-0.69,5.8,0.34,6.86,5.89,0.57,-3.41,-3.66,Rice,Clay Loam,0.512,0.248,19.46,8,0.353,2.384.767,23.782
20.502,106.028,7,2,3.64,34.8,27.2,6.1,26,39.2,28.8,24.42,4.15,83.73,14.17,12,-3.54,-3.28,-3.86,-2.76,-1.25,4.9,0.24,4.95,8.6,3.24,-3.34,-3.95,Rice,Clay Loam,0.498,0.271,21.98,9,0.392,1.951.173,24.407
21.298,106.518,2,7,3.64,31.4,29.2,6,24.7,43.8,41.2,23.24,4.05,82.32,13.38,12,-3.55,-1.88,-3.28,-2.06,-0.89,7.01,0.69,7.59,5.4,-2.13,-3.3,-3.62,Rice,Clay Loam,0.504,0.291,20.71,8,0.367,2167.97,23.194
21.433,106.297,7,23,3.64,27.6,18.4,6.2,27.2,45.1,18.4,23.24,4.05,82.32,13.38,12,-3.55,-1.88,-3.28,-2.06,-0.89,7.01,0.69,7.59,5.4,-2.13,-3.3,-3.62,Rice,Clay Loam,0.504,0.253,20.71,8,0.367,1.734.376,23.09
10.82,105.467,4,2,3.64,36.9,30.4,5.6,18.3,44.9,39.3,28.1,3.74,77.56,17.9,12,-3.37,-4.2,-4.32,-3.49,0.06,1.63,4.58,-0.12,6.51,5.58,0.4,-3.31,Rice,Clay Loam,0.853,0.303,18.81,9,0.347,3.035.158,28.087
10.995,106.25,11,2,3.64,34.1,28,5.8,23.8,42,28,28.08,3.71,77.7,18.06,12,-3.56,-4.08,-4.13,-3.62,0.1,2.86,5.77,0.03,5.64,4.65,-0.35,-3.28,Rice,Clay Loam,0.847,0.274,19.02,7,0.303,2.601.564,28.067
10.118,105.491,4,2,3.64,35,30.8,6.1,23.9,41.1,39.2,27.52,5.44,82.42,17.9,12,-4.68,-6.01,-6.26,-4.19,0.2,1.23,10.03,-0.2,9.39,5.07,0.41,-4.97,Rice,Clay Loam,0.646,0.29,26.31,7,0.381,1.951.173,27.507
20.186,106.095,7,4,3.64,34.3,28.1,6,29.4,36.3,29,24.89,4.18,84.24,14.17,12,-3.87,-3.88,-4.3,-3.56,-1.35,2.53,2.04,3.07,7.68,7.12,-1.86,-3.62,Rice,Clay Loam,0.496,0.263,22.44,9,0.342,2167.97,24.864
9.986,105.807,4,5,3.64,38.1,34.6,6.2,24.7,37.2,52.7,27.52,5.44,82.42,17.03,12,-4.68,-6.01,-6.26,-4.19,0.2,1.23,10.03,-0.2,9.39,5.07,0.41,-4.97,Rice,Clay Loam,0.646,0.307,26.31,7,0.381,1.734.376,27.488
10.356,105.153,11,4,3.64,36.6,32.2,5.5,25.1,38.2,34.1,27.91,4.77,79.76,17.9,12,-3.85,-5.17,-5.46,-3.66,-0.22,0.5,5.61,-0.26,10.88,4.65,0.87,-3.94,Rice,Clay Loam,0.761,0.28,22.56,9,0.483,3.251.955,27.884
10.95,106.58,11,2,3.64,40.6,30.4,5.7,19.8,39.6,38.1,27.72,3.77,78.82,18.06,12,-3.58,-4.08,-4.11,-3.8,0.17,4.25,6.49,0.93,5.24,3.01,-1.31,-3.17,Rice,Clay,0.788,0.298,20.05,7,0.323,2.818.361,27.707
10.624,105.199,11,2,3.64,35.4,30,5.6,22,42.6,38.9,27.91,4.77,79.76,17.9,12,-3.85,-5.17,-5.46,-3.66,-0.22,0.5,5.61,-0.26,10.88,4.65,0.87,-3.94,Rice,Clay Loam,0.761,0.294,22.56,9,0.483,3.035.158,27.897
20.655,105.786,2,5,3.64,31.6,24.5,5.8,22,46.4,27.6,23.6,3.61,83.74,14.41,12,-3.31,-2.87,-3.1,-2.21,-1.23,4,0.43,4.46,7.45,2.88,-3.09,-3.44,Rice,Clay Loam,0.474,0.278,19.25,9,0.388,2.601.564,23.568
20.491,105.793,7,10,3.64,32.4,23.3,6,25.2,42.4,25.7,23.6,3.61,83.74,14.41,12,-3.31,-2.87,-3.1,-2.21,-1.23,4,0.43,4.46,7.45,2.88,-3.09,-3.44,Rice,Clay Loam,0.474,0.268,19.25,9,0.388,2167.97,23.535
21.418,106.526,7,30,3.64,30.9,19.3,6.2,25.4,43.7,21.4,23.24,4.05,82.32,13.38,12,-3.55,-1.88,-3.28,-2.06,-0.89,7.01,0.69,7.59,5.4,-2.13,-3.3,-3.62,Rice,Clay Loam,0.504,0.262,20.71,8,0.367,1.734.376,23.045
10.265,104.9,4,4,3.64,33.7,27.8,5.8,24.9,41.4,51.5,27.91,4.77,79.76,18.24,12,-3.85,-5.17,-5.46,-3.66,-0.22,0.5,5.61,-0.26,10.88,4.65,0.87,-3.94,Rice,Clay Loam,0.761,0.305,22.56,9,0.483,2.601.564,27.884
20.934,106.109,7,4,3.64,34.5,22,5.9,24.9,40.6,28.7,24.18,4.13,82.51,14.17,12,-3.45,-2.61,-3.49,-2.27,-1.12,6.4,-0.14,6.45,7.56,0.06,-3.6,-3.84,Rice,Clay Loam,0.528,0.273,20.52,9,0.369,2.384.767,24.154
10.742,106.525,11,1,3.64,40.1,29.2,6,24.1,35.8,28.2,27.91,4.33,79.72,18.06,12,-4.03,-4.78,-4.88,-4,0.35,2.61,7.9,-0.29,6.54,4.36,0.01,-3.83,Rice,Clay,0.763,0.274,21.81,7,0.363,2167.97,27.904
21.189,106.444,7,46,3.64,33.7,23.3,6,25,41.4,21.8,24.18,4.13,82.51,13.38,12,-3.45,-2.61,-3.49,-2.27,-1.12,6.4,-0.14,6.45,7.56,0.06,-3.6,-3.84,Rice,Clay Loam,0.528,0.263,20.52,9,0.369,2167.97,23.881
21.162,105.965,7,6,3.64,30.8,27,6.1,31.8,37.4,25.8,24.18,4.13,82.51,14.01,12,-3.45,-2.61,-3.49,-2.27,-1.12,6.4,-0.14,6.45,7.56,0.06,-3.6,-3.84,Rice,Clay Loam,0.528,0.253,20.52,9,0.369,1.951.173,24.141
21.217,106.35,2,54,3.64,34.1,23.7,6.1,25.5,40.4,31.9,24.18,4.13,82.51,13.38,12,-3.45,-2.61,-3.49,-2.27,-1.12,6.4,-0.14,6.45,7.56,0.06,-3.6,-3.84,Rice,Clay Loam,0.528,0.276,20.52,9,0.369,1.951.173,23.829
9.487,105.782,4,2,3.64,37.6,43.4,5.7,29.7,32.7,46,27.58,5.68,82.83,17.03,12,-5.15,-6.22,-6.61,-3.85,-0.17,0.76,10.43,0.35,9.34,6.06,0.59,-5.48,Rice,Clay Loam,0.633,0.286,27.48,7,0.379,2.818.361,27.567
8.972,105.201,4,0,3.64,39.7,42.9,5.4,29.5,30.8,46.4,28.04,4.45,80.82,17.99,12,-4.45,-5.29,-5.62,-3.24,-0.63,1.27,6.71,0.39,7.95,3.73,3.01,-3.78,Rice,Clay Loam,0.727,0.287,23.01,9,0.345,3.468.752,28.04
10.985,105.432,4,4,3.64,35.1,27.7,5.2,25.5,39.3,31.4,28.1,3.74,77.56,17.9,12,-3.37,-4.2,-4.32,-3.49,0.06,1.63,4.58,-0.12,6.51,5.58,0.4,-3.31,Rice,Clay Loam,0.853,0.275,18.81,9,0.347,3.902.346,28.074
9.671,105.511,11,2,3.64,40.1,32.7,5.5,23.9,36,36.9,27.58,5.68,82.83,17.03,12,-5.15,-6.22,-6.61,-3.85,-0.17,0.76,10.43,0.35,9.34,6.06,0.59,-5.48,Rice,Clay,0.633,0.287,27.48,7,0.379,3.251.955,27.567
9.968,105.685,11,5,3.64,33.1,43.1,6,28.6,38.2,55.9,27.52,5.44,82.42,17.03,12,-4.68,-6.01,-6.26,-4.19,0.2,1.23,10.03,-0.2,9.39,5.07,0.41,-4.97,Rice,Clay Loam,0.646,0.302,26.31,7,0.381,2167.97,27.488
21.332,106.661,7,25,3.64,32.2,22.1,6.3,25.7,42.1,27,22.33,4.4,83.68,13.38,12,-3.51,-2.18,-3.29,-2.25,-1.59,9.09,1.12,6.42,6.2,-2.75,-3.26,-3.95,Rice,Clay Loam,0.44,0.269,22.78,6,0.398,1.517.579,22.167
20.279,106.01,2,2,3.64,31.6,33.1,6,28.9,39.4,35.8,24.42,4.15,83.73,14.17,12,-3.54,-3.28,-3.86,-2.76,-1.25,4.9,0.24,4.95,8.6,3.24,-3.34,-3.95,Rice,Clay Loam,0.498,0.274,21.98,9,0.392,2167.97,24.407
9.84,105.399,4,1,3.64,35.9,37.5,5.7,26.8,37.4,39.6,27.52,5.44,82.42,17.03,12,-4.68,-6.01,-6.26,-4.19,0.2,1.23,10.03,-0.2,9.39,5.07,0.41,-4.97,Rice,Clay Loam,0.646,0.284,26.31,7,0.381,2.818.361,27.514
21.032,106.038,2,10,3.64,29.9,21.3,6.1,29.9,40.3,23.3,24.18,4.13,82.51,13.38,12,-3.45,-2.61,-3.49,-2.27,-1.12,6.4,-0.14,6.45,7.56,0.06,-3.6,-3.84,Rice,Clay Loam,0.528,0.254,20.52,9,0.369,1.951.173,24.115
20.639,105.703,2,4,3.64,34.6,23.4,5.9,21,44.4,27.9,23.6,3.61,83.74,14.41,12,-3.31,-2.87,-3.1,-2.21,-1.23,4,0.43,4.46,7.45,2.88,-3.09,-3.44,Rice,Clay Loam,0.474,0.281,19.25,9,0.388,2.384.767,23.574
21.463,106.665,2,108,3.64,30,25.7,5.9,26.2,43.8,28.3,22.33,4.4,83.68,13.38,12,-3.51,-2.18,-3.29,-2.25,-1.59,9.09,1.12,6.42,6.2,-2.75,-3.26,-3.95,Rice,Clay Loam,0.44,0.269,22.78,6,0.398,2.384.767,21.628
21.238,106.22,7,4,3.64,28.4,23,6,29.7,41.9,22.1,24.18,4.13,82.51,13.38,12,-3.45,-2.61,-3.49,-2.27,-1.12,6.4,-0.14,6.45,7.56,0.06,-3.6,-3.84,Rice,Clay Loam,0.528,0.253,20.52,9,0.369,2167.97,24.154
21.022,106.028,2,10,3.64,30.7,23,6.1,31.8,37.5,23.5,24.18,4.13,82.51,13.38,12,-3.45,-2.61,-3.49,-2.27,-1.12,6.4,-0.14,6.45,7.56,0.06,-3.6,-3.84,Rice,Clay Loam,0.528,0.25,20.52,9,0.369,1.951.173,24.115
20.886,106.555,2,4,3.64,36.3,26.5,5.9,31.5,32.3,30.9,24.18,4.13,82.51,14.17,12,-3.45,-2.61,-3.49,-2.27,-1.12,6.4,-0.14,6.45,7.56,0.06,-3.6,-3.84,Rice,Clay Loam,0.528,0.261,20.52,9,0.369,2.384.767,24.154
9.357,106.101,11,2,3.64,38.7,35.7,5.6,28,33.3,44.4,27.77,5.28,82.72,18.77,12,-4.89,-5.87,-6.07,-3.73,0.31,0.66,9.99,0.82,8.06,5.64,0.34,-5.29,Rice,Clay Loam,0.644,0.288,25.85,7,0.387,3.035.158,27.757
10.179,105.949,11,6,3.64,37.6,24,6.1,22.6,39.8,37.7,27.61,5.05,82.34,17.9,12,-4.58,-5.54,-5.71,-4.16,0.46,1.64,10.07,-0.1,7.61,4.57,0.32,-4.63,Rice,Clay Loam,0.653,0.291,24.72,7,0.408,1.951.173,27.571
9.886,105.801,4,2,3.64,34.9,34.5,6.2,26.7,38.3,54.3,27.52,5.44,82.42,17.03,12,-4.68,-6.01,-6.26,-4.19,0.2,1.23,10.03,-0.2,9.39,5.07,0.41,-4.97,Rice,Clay Loam,0.646,0.305,26.31,7,0.381,1.734.376,27.507
21.292,106.444,2,18,3.64,28.2,23.6,6.4,24.9,47,23.5,23.24,4.05,82.32,13.38,12,-3.55,-1.88,-3.28,-2.06,-0.89,7.01,0.69,7.59,5.4,-2.13,-3.3,-3.62,Rice,Clay Loam,0.504,0.266,20.71,8,0.367,1.300.782,23.123
20.535,105.529,2,138,3.64,33.6,23.5,5.5,26.1,40.3,32.2,23.6,3.61,83.74,14.41,12,-3.31,-2.87,-3.1,-2.21,-1.23,4,0.43,4.46,7.45,2.88,-3.09,-3.44,Rice,Clay Loam,0.474,0.275,19.25,9,0.388,3.251.955,22.703
9.648,105.935,4,6,3.64,38.5,26.9,5.7,27,34.5,32,27.58,5.68,82.83,17.03,12,-5.15,-6.22,-6.61,-3.85,-0.17,0.76,10.43,0.35,9.34,6.06,0.59,-5.48,Rice,Clay Loam,0.633,0.273,27.48,7,0.379,2.818.361,27.541
20.357,106.136,2,4,3.64,31.7,27.5,6,29,39.4,27.7,24.42,4.15,83.73,14.17,12,-3.54,-3.28,-3.86,-2.76,-1.25,4.9,0.24,4.95,8.6,3.24,-3.34,-3.95,Rice,Clay Loam,0.498,0.262,21.98,9,0.392,2167.97,24.394
21.185,106.603,2,414,3.64,33.8,36.7,5.4,25.7,40.5,40.3,23.76,5.06,83.5,13.38,12,-3.61,-3.18,-3.97,-3.01,-1.53,10.61,0.28,6.3,8.2,-1.85,-3.74,-4.52,Rice,Clay Loam,0.485,0.287,25.41,6,0.418,3.468.752,21.069
10.685,105.698,4,2,3.64,44.6,32.5,5.5,17.3,38.1,38.3,27.74,4.64,80.6,17.9,12,-4.02,-5.17,-5.35,-3.98,0.31,1.52,7.43,-0.41,8.29,5.16,0.33,-4.15,Rice,Clay,0.722,0.304,23.08,9,0.36,3.251.955,27.727
9.658,106.55,11,2,3.64,39.1,35.3,6.1,24.2,36.7,37.2,27.77,5.28,82.72,18.77,12,-4.89,-5.87,-6.07,-3.73,0.31,0.66,9.99,0.82,8.06,5.64,0.34,-5.29,Rice,Clay Loam,0.644,0.286,25.85,7,0.387,1.951.173,27.757
9.343,105.392,11,1,3.64,40,34.6,5.5,31.4,28.7,35.2,27.58,5.68,82.83,17.03,12,-5.15,-6.22,-6.61,-3.85,-0.17,0.76,10.43,0.35,9.34,6.06,0.59,-5.48,Rice,Clay,0.633,0.267,27.48,7,0.379,3.251.955,27.574
10.52,105.027,4,33,3.64,29.7,26.8,5.8,43.6,26.6,36.8,27.91,4.77,79.76,17.9,12,-3.85,-5.17,-5.46,-3.66,-0.22,0.5,5.61,-0.26,10.88,4.65,0.87,-3.94,Rice,Clay Loam,0.761,0.241,22.56,9,0.483,2.601.564,27.696
9.981,105.589,11,2,3.64,33.5,31.1,5.7,24.6,41.9,30.2,27.52,5.44,82.42,17.03,12,-4.68,-6.01,-6.26,-4.19,0.2,1.23,10.03,-0.2,9.39,5.07,0.41,-4.97,Rice,Clay Loam,0.646,0.276,26.31,7,0.381,2.818.361,27.507
9.872,106.236,11,2,3.64,35.6,32.9,6.1,27.6,36.8,37.2,27.61,5.05,82.34,18.77,12,-4.58,-5.54,-5.71,-4.16,0.46,1.64,10.07,-0.1,7.61,4.57,0.32,-4.63,Rice,Clay Loam,0.653,0.279,24.72,7,0.408,1.951.173,27.597
20.33,105.639,7,379,3.64,36.1,25.9,5.4,25.4,38.4,41.2,23.6,3.61,83.74,14.41,12,-3.31,-2.87,-3.1,-2.21,-1.23,4,0.43,4.46,7.45,2.88,-3.09,-3.44,Rice,Clay Loam,0.474,0.289,19.25,9,0.388,3.468.752,21.136
9.731,106.004,11,5,3.64,33.3,39,6,29.4,37.2,59.8,27.77,5.28,82.72,18.77,12,-4.89,-5.87,-6.07,-3.73,0.31,0.66,9.99,0.82,8.06,5.64,0.34,-5.29,Rice,Clay Loam,0.644,0.306,25.85,7,0.387,2167.97,27.738
10.564,105.604,4,9,3.64,36.9,32.6,5.9,19.9,43.2,63.3,27.74,4.64,80.6,17.9,12,-4.02,-5.17,-5.35,-3.98,0.31,1.52,7.43,-0.41,8.29,5.16,0.33,-4.15,Rice,Clay Loam,0.722,0.333,23.08,9,0.36,2.384.767,27.682
9.362,105.512,11,1,3.64,44.4,32.9,5.9,29.3,26.3,37.3,27.58,5.68,82.83,17.03,12,-5.15,-6.22,-6.61,-3.85,-0.17,0.76,10.43,0.35,9.34,6.06,0.59,-5.48,Rice,Clay,0.633,0.275,27.48,7,0.379,2.384.767,27.574
9.822,106.138,11,2,3.64,34.2,31.2,6.2,29.5,36.3,43.2,27.61,5.05,82.34,18.77,12,-4.58,-5.54,-5.71,-4.16,0.46,1.64,10.07,-0.1,7.61,4.57,0.32,-4.63,Rice,Clay Loam,0.653,0.283,24.72,7,0.408,1.734.376,27.597
21.392,105.602,2,29,3.64,35.8,25.1,6.2,29.5,34.7,22.7,23.66,4.1,82.25,14.01,12,-3.83,-2.11,-3.41,-2.35,-0.33,6.36,1.26,8.89,4.16,-1.78,-3.22,-3.69,Rice,Clay Loam,0.519,0.254,20.72,8,0.43,1.734.376,23.472
10.253,105.657,11,2,3.64,34.2,36.4,5.7,19.7,46.1,38.4,27.74,4.64,80.6,17.9,12,-4.02,-5.17,-5.35,-3.98,0.31,1.52,7.43,-0.41,8.29,5.16,0.33,-4.15,Rice,Clay Loam,0.722,0.298,23.08,9,0.36,2.818.361,27.727
20.813,106.403,7,4,3.64,34,26.6,5.8,29.1,37,24.1,24.18,4.13,82.51,14.17,12,-3.45,-2.61,-3.49,-2.27,-1.12,6.4,-0.14,6.45,7.56,0.06,-3.6,-3.84,Rice,Clay Loam,0.528,0.257,20.52,9,0.369,2.601.564,24.154
10.955,104.902,4,3,3.64,34.8,35.6,5.9,30.9,34.3,46.8,28.16,3.9,76.87,18.24,12,-3.21,-4.25,-4.47,-3.37,-0.26,0.68,3.27,0.33,8.7,4.94,0.85,-3.21,Rice,Clay Loam,0.882,0.284,18.77,9,0.464,2.384.767,28.14
10.602,106.019,11,2,3.64,34.8,36.7,6,19.1,46.2,37.4,27.91,4.33,79.72,18.06,12,-4.03,-4.78,-4.88,-4,0.35,2.61,7.9,-0.29,6.54,4.36,0.01,-3.83,Rice,Clay Loam,0.763,0.298,21.81,7,0.363,2167.97,27.897
9.005,105.201,11,3,3.64,39.9,43.3,5.5,31.8,28.4,46.3,28.04,4.45,80.82,17.03,12,-4.45,-5.29,-5.62,-3.24,-0.63,1.27,6.71,0.39,7.95,3.73,3.01,-3.78,Rice,Clay Loam,0.727,0.282,23.01,9,0.345,3.251.955,28.02
20.785,106.538,2,2,3.64,34.1,27,5.9,31.3,34.6,45.2,24.18,4.13,82.51,14.17,12,-3.45,-2.61,-3.49,-2.27,-1.12,6.4,-0.14,6.45,7.56,0.06,-3.6,-3.84,Rice,Clay Loam,0.528,0.281,20.52,9,0.369,2.384.767,24.167
20.747,105.942,7,4,3.64,32.8,26.5,5.8,28.6,38.6,25.5,24.42,4.15,83.73,14.41,12,-3.54,-3.28,-3.86,-2.76,-1.25,4.9,0.24,4.95,8.6,3.24,-3.34,-3.95,Rice,Clay Loam,0.498,0.26,21.98,9,0.392,2.601.564,24.394
8.706,104.916,11,3,3.64,39.5,53.4,5.8,33.3,27.3,52.4,28.14,3.97,81.31,17.74,12,-3.92,-4.92,-5.23,-3.15,-0.59,0.53,5.39,0.83,6.79,2.56,4.54,-2.86,Rice,Clay Loam,0.712,0.287,20.67,9,0.329,2.601.564,28.12
20.87,106.366,2,3,3.64,36.9,27.5,6.1,28.4,34.7,27.6,24.18,4.13,82.51,14.17,12,-3.45,-2.61,-3.49,-2.27,-1.12,6.4,-0.14,6.45,7.56,0.06,-3.6,-3.84,Rice,Clay Loam,0.528,0.263,20.52,9,0.369,1.951.173,24.16
10.786,104.541,11,15,3.64,29.4,33.5,5.8,34.3,36.3,45.9,27.55,3.96,77.95,18.24,12,-3.27,-4.22,-4.47,-3.28,-0.5,0.58,2.73,0.29,9.27,4.9,1.1,-3.13,Rice,Clay Loam,0.812,0.275,18.87,9,0.491,2.601.564,27.452
20.236,105.83,7,4,3.64,32,23.5,5.9,27.7,40.3,27.5,24.21,3.5,83.74,14.41,12,-3.17,-3.04,-3.17,-2.47,-1.36,1.99,1.29,2.72,8.21,4.04,-2.02,-3.04,Rice,Clay Loam,0.491,0.265,18.27,9,0.45,2.384.767,24.184
21.193,106.042,7,6,3.64,33.5,21.8,6,30.4,36,22,24.18,4.13,82.51,13.38,12,-3.45,-2.61,-3.49,-2.27,-1.12,6.4,-0.14,6.45,7.56,0.06,-3.6,-3.84,Rice,Clay Loam,0.528,0.251,20.52,9,0.369,2167.97,24.141
20.235,105.846,2,5,3.64,33.2,27.2,5.9,28.3,38.5,29.2,24.21,3.5,83.74,14.41,12,-3.17,-3.04,-3.17,-2.47,-1.36,1.99,1.29,2.72,8.21,4.04,-2.02,-3.04,Rice,Clay Loam,0.491,0.266,18.27,9,0.45,2.384.767,24.178
10.438,104.945,11,4,3.64,34,32.9,5.5,30.5,35.5,36.1,27.91,4.77,79.76,18.24,12,-3.85,-5.17,-5.46,-3.66,-0.22,0.5,5.61,-0.26,10.88,4.65,0.87,-3.94,Rice,Clay Loam,0.761,0.27,22.56,9,0.483,3.251.955,27.884
10.353,105.536,4,2,3.64,39.9,26.2,5.7,18,42.1,30.7,27.74,4.64,80.6,17.9,12,-4.02,-5.17,-5.35,-3.98,0.31,1.52,7.43,-0.41,8.29,5.16,0.33,-4.15,Rice,Clay Loam,0.722,0.292,23.08,9,0.36,2.818.361,27.727
10.575,104.996,11,15,3.64,32.9,27.7,6,41,26.1,45.3,27.91,4.77,79.76,18.24,12,-3.85,-5.17,-5.46,-3.66,-0.22,0.5,5.61,-0.26,10.88,4.65,0.87,-3.94,Rice,Clay Loam,0.761,0.259,22.56,9,0.483,2167.97,27.812
21.015,106.065,2,6,3.64,34.4,24.7,6,27,38.6,30.6,24.18,4.13,82.51,13.38,12,-3.45,-2.61,-3.49,-2.27,-1.12,6.4,-0.14,6.45,7.56,0.06,-3.6,-3.84,Rice,Clay Loam,0.528,0.271,20.52,9,0.369,2167.97,24.141
20.705,105.537,7,191,3.64,31.1,31,5.5,26.4,42.5,38.7,23.6,3.61,83.74,14.41,12,-3.31,-2.87,-3.1,-2.21,-1.23,4,0.43,4.46,7.45,2.88,-3.09,-3.44,Rice,Clay Loam,0.474,0.283,19.25,9,0.388,3.251.955,22.359
10.355,104.594,11,2,3.64,34.4,52.7,5.4,26.2,39.3,63.7,28.02,4.28,79.32,18.24,12,-3.59,-4.73,-4.96,-3.39,-0.31,0.74,4.69,-0.22,9.83,4.01,1.31,-3.42,Rice,Clay Loam,0.783,0.319,20.62,9,0.478,3.468.752,28.007
10.815,105.133,11,3,3.64,31.9,27,5.4,25.4,42.7,26.8,28.16,3.9,76.87,17.9,12,-3.21,-4.25,-4.47,-3.37,-0.26,0.68,3.27,0.33,8.7,4.94,0.85,-3.21,Rice,Clay Loam,0.882,0.269,18.77,9,0.464,3.468.752,28.14
21.452,105.737,2,64,3.64,34,25.2,5.7,28.1,37.9,26.5,23.66,4.1,82.25,14.01,12,-3.83,-2.11,-3.41,-2.35,-0.33,6.36,1.26,8.89,4.16,-1.78,-3.22,-3.69,Rice,Clay Loam,0.519,0.262,20.72,8,0.43,2.818.361,23.244
20.547,106.481,2,1,3.64,36,38.3,5.8,26.8,37.2,39.4,24.42,4.15,83.73,14.17,12,-3.54,-3.28,-3.86,-2.76,-1.25,4.9,0.24,4.95,8.6,3.24,-3.34,-3.95,Rice,Clay Loam,0.498,0.284,21.98,9,0.392,2.601.564,24.414
10.702,106.348,11,10,3.64,44,36.1,6,18.4,37.6,71.6,27.91,4.33,79.72,18.06,12,-4.03,-4.78,-4.88,-4,0.35,2.61,7.9,-0.29,6.54,4.36,0.01,-3.83,Rice,Clay,0.763,0.348,21.81,7,0.363,2167.97,27.845
21.154,105.972,7,5,3.64,30.9,23.9,6.2,32.1,37,26.7,24.18,4.13,82.51,14.01,12,-3.45,-2.61,-3.49,-2.27,-1.12,6.4,-0.14,6.45,7.56,0.06,-3.6,-3.84,Rice,Clay Loam,0.528,0.254,20.52,9,0.369,1.734.376,24.148
9.785,104.992,4,0,3.64,36.9,41.2,5.3,26.6,36.5,50.3,27.96,4.89,80.82,18.06,12,-4.26,-5.51,-5.79,-3.48,-0.34,0.99,7.3,-0.09,10.14,4.07,1.2,-4.25,Rice,Clay Loam,0.723,0.299,23.72,9,0.428,3.685.549,27.96
20.73,106,2,4,3.64,34.5,25.3,5.9,29.1,36.4,27.6,24.42,4.15,83.73,14.41,12,-3.54,-3.28,-3.86,-2.76,-1.25,4.9,0.24,4.95,8.6,3.24,-3.34,-3.95,Rice,Clay Loam,0.498,0.262,21.98,9,0.392,2.384.767,24.394
8.993,105.248,4,3,3.64,39.1,35.9,5.4,29.6,31.3,43,28.04,4.45,80.82,17.99,12,-4.45,-5.29,-5.62,-3.24,-0.63,1.27,6.71,0.39,7.95,3.73,3.01,-3.78,Rice,Clay Loam,0.727,0.282,23.01,9,0.345,3.468.752,28.02
21.395,106.578,2,15,3.64,28.5,21.1,6,25.6,46,21.9,22.33,4.4,83.68,13.38,12,-3.51,-2.18,-3.29,-2.25,-1.59,9.09,1.12,6.42,6.2,-2.75,-3.26,-3.95,Rice,Clay Loam,0.44,0.262,22.78,6,0.398,2167.97,22.232
10.529,106.778,4,3,3.64,39.9,28.6,6.2,22.2,37.9,45.3,27.76,4.07,80.84,18.06,12,-3.8,-4.52,-4.6,-4.04,0.25,3.53,7.47,0.45,6.09,2.91,-0.2,-3.56,Rice,Clay Loam,0.714,0.302,20.72,7,0.361,1.734.376,27.74
10.375,105.344,4,2,3.64,43,34,5.6,20.3,36.7,34.2,27.74,4.64,80.6,17.9,12,-4.02,-5.17,-5.35,-3.98,0.31,1.52,7.43,-0.41,8.29,5.16,0.33,-4.15,Rice,Clay,0.722,0.291,23.08,9,0.36,3.035.158,27.727
20.162,105.829,7,82,3.64,34,25.7,5.8,29.9,36.1,27.4,24.21,3.5,83.74,14.41,12,-3.17,-3.04,-3.17,-2.47,-1.36,1.99,1.29,2.72,8.21,4.04,-2.02,-3.04,Rice,Clay Loam,0.491,0.26,18.27,9,0.45,2.601.564,23.677
20.726,106.623,2,2,3.64,34.3,34.9,6,30,35.8,37.3,25.01,5.24,82.62,14.17,12,-4,-4.2,-4.82,-4.01,-1.04,10.84,0.69,5.18,8.3,1.8,-3.8,-4.9,Rice,Clay Loam,0.551,0.273,26.77,6,0.404,2167.97,24.997
21.197,105.729,2,11,3.64,28.1,21.2,6.1,30.7,41.2,21.6,23.88,3.84,82.73,14.01,12,-3.62,-2.57,-3.27,-2.24,-0.69,5.8,0.34,6.86,5.89,0.57,-3.41,-3.66,Rice,Clay Loam,0.512,0.25,19.46,8,0.353,1.951.173,23.808
9.655,106.544,4,3,3.64,36.5,38.1,6.2,23.1,40.3,37.3,27.77,5.28,82.72,18.77,12,-4.89,-5.87,-6.07,-3.73,0.31,0.66,9.99,0.82,8.06,5.64,0.34,-5.29,Rice,Clay Loam,0.644,0.289,25.85,7,0.387,1.734.376,27.75
20.366,105.884,2,3,3.64,34,24.8,5.9,24.7,41.2,34.6,23.6,3.61,83.74,14.41,12,-3.31,-2.87,-3.1,-2.21,-1.23,4,0.43,4.46,7.45,2.88,-3.09,-3.44,Rice,Clay Loam,0.474,0.282,19.25,9,0.388,2.384.767,23.58
20.752,106.515,7,3,3.64,34.2,32.2,5.9,29.2,36.6,39.7,24.18,4.13,82.51,14.17,12,-3.45,-2.61,-3.49,-2.27,-1.12,6.4,-0.14,6.45,7.56,0.06,-3.6,-3.84,Rice,Clay Loam,0.528,0.278,20.52,9,0.369,2.384.767,24.16
10.166,105.545,11,2,3.64,33.9,28.2,5.7,22.6,43.5,33.7,27.52,5.44,82.42,17.9,12,-4.68,-6.01,-6.26,-4.19,0.2,1.23,10.03,-0.2,9.39,5.07,0.41,-4.97,Rice,Clay Loam,0.646,0.285,26.31,7,0.381,2.818.361,27.507
20.198,105.927,7,4,3.64,34.2,24.8,5.8,27.5,38.3,30.4,24.21,3.5,83.74,14.41,12,-3.17,-3.04,-3.17,-2.47,-1.36,1.99,1.29,2.72,8.21,4.04,-2.02,-3.04,Rice,Clay Loam,0.491,0.269,18.27,9,0.45,2.601.564,24.184
10.135,106.246,11,3,3.64,35.3,30.2,6.3,22.4,42.3,41.8,27.61,5.05,82.34,18.06,12,-4.58,-5.54,-5.71,-4.16,0.46,1.64,10.07,-0.1,7.61,4.57,0.32,-4.63,Rice,Clay Loam,0.653,0.297,24.72,7,0.408,1.517.579,27.59
21.043,106.406,7,4,3.64,36.6,20.6,6.1,27.6,35.7,43.5,24.18,4.13,82.51,13.38,12,-3.45,-2.61,-3.49,-2.27,-1.12,6.4,-0.14,6.45,7.56,0.06,-3.6,-3.84,Rice,Clay Loam,0.528,0.287,20.52,9,0.369,1.951.173,24.154
9.546,105.266,11,2,3.64,35.4,48.5,5.6,26.5,38,57,27.97,4.72,81.28,17.03,12,-4.59,-5.52,-5.78,-3.25,-0.54,1.6,7.82,0.24,8.31,4.06,1.94,-4.24,Rice,Clay Loam,0.706,0.309,23.92,9,0.347,3.035.158,27.957
9.364,104.968,11,6,3.64,37.8,29.4,5.6,29.2,32.9,42.8,27.97,4.72,81.28,18.06,12,-4.59,-5.52,-5.78,-3.25,-0.54,1.6,7.82,0.24,8.31,4.06,1.94,-4.24,Rice,Clay Loam,0.706,0.283,23.92,9,0.347,3.035.158,27.931
20.636,106.175,7,4,3.64,34.3,32.1,6,26.4,39.3,47.2,24.42,4.15,83.73,14.17,12,-3.54,-3.28,-3.86,-2.76,-1.25,4.9,0.24,4.95,8.6,3.24,-3.34,-3.95,Rice,Clay Loam,0.498,0.295,21.98,9,0.392,2167.97,24.394
21.458,105.56,2,94,3.64,31.9,25.9,6.2,28,40.1,29.5,23.66,4.1,82.25,14.01,12,-3.83,-2.11,-3.41,-2.35,-0.33,6.36,1.26,8.89,4.16,-1.78,-3.22,-3.69,Rice,Clay Loam,0.519,0.267,20.72,8,0.43,1.734.376,23.049
10.757,104.804,11,7,3.64,24.5,33.8,5.7,44.3,31.2,43.1,28.16,3.9,76.87,18.24,12,-3.21,-4.25,-4.47,-3.37,-0.26,0.68,3.27,0.33,8.7,4.94,0.85,-3.21,Rice,Loam,0.882,0.248,18.77,9,0.464,2.818.361,28.114
10.354,105.867,11,2,3.64,41.6,29.4,6.4,17.4,41,35,27.74,4.64,80.6,17.9,12,-4.02,-5.17,-5.35,-3.98,0.31,1.52,7.43,-0.41,8.29,5.16,0.33,-4.15,Rice,Clay,0.722,0.299,23.08,9,0.36,1.300.782,27.727
10.849,105.978,11,4,3.64,40.7,29.6,5.3,24,35.3,30.2,28.08,3.71,77.7,17.9,12,-3.56,-4.08,-4.13,-3.62,0.1,2.86,5.77,0.03,5.64,4.65,-0.35,-3.28,Rice,Clay,0.847,0.277,19.02,7,0.303,3.685.549,28.054
20.452,106.358,2,2,3.64,34.7,40.4,6,28.6,36.7,29.6,24.42,4.15,83.73,14.17,12,-3.54,-3.28,-3.86,-2.76,-1.25,4.9,0.24,4.95,8.6,3.24,-3.34,-3.95,Rice,Clay Loam,0.498,0.266,21.98,9,0.392,2167.97,24.407
10.923,104.582,11,30,3.64,26.5,24.8,5.7,42.4,31.1,40.1,27.55,3.96,77.95,18.24,12,-3.27,-4.22,-4.47,-3.28,-0.5,0.58,2.73,0.29,9.27,4.9,1.1,-3.13,Rice,Loam,0.812,0.249,18.87,9,0.491,2.818.361,27.355
10.878,106.424,11,4,3.64,39.1,21.6,5.8,23,37.9,34.2,28.08,3.71,77.7,18.06,12,-3.56,-4.08,-4.13,-3.62,0.1,2.86,5.77,0.03,5.64,4.65,-0.35,-3.28,Rice,Clay Loam,0.847,0.285,19.02,7,0.303,2.601.564,28.054
9.331,105.612,4,3,3.64,42.6,43.6,5.7,32.4,24.9,52.6,27.58,5.68,82.83,17.03,12,-5.15,-6.22,-6.61,-3.85,-0.17,0.76,10.43,0.35,9.34,6.06,0.59,-5.48,Rice,Clay,0.633,0.289,27.48,7,0.379,2.818.361,27.56
10.944,105.308,4,4,3.64,28.8,26.3,5.3,34.1,37,24.6,28.16,3.9,76.87,17.9,12,-3.21,-4.25,-4.47,-3.37,-0.26,0.68,3.27,0.33,8.7,4.94,0.85,-3.21,Rice,Clay Loam,0.882,0.246,18.77,9,0.464,3.685.549,28.134
9.807,106.165,11,2,3.64,33.8,32.2,6.1,30.5,35.7,33.9,27.61,5.05,82.34,18.77,12,-4.58,-5.54,-5.71,-4.16,0.46,1.64,10.07,-0.1,7.61,4.57,0.32,-4.63,Rice,Clay Loam,0.653,0.267,24.72,7,0.408,1.951.173,27.597
10.39,104.981,11,210,3.64,32.9,32.7,5.3,34.9,32.2,41.1,27.91,4.77,79.76,18.24,12,-3.85,-5.17,-5.46,-3.66,-0.22,0.5,5.61,-0.26,10.88,4.65,0.87,-3.94,Rice,Clay Loam,0.761,0.267,22.56,9,0.483,3.685.549,26.545
9.5,106.246,11,12,3.64,36.5,31.1,5.9,27.8,35.6,62.2,27.77,5.28,82.72,18.77,12,-4.89,-5.87,-6.07,-3.73,0.31,0.66,9.99,0.82,8.06,5.64,0.34,-5.29,Rice,Clay Loam,0.644,0.313,25.85,7,0.387,2.384.767,27.692
10.45,106.559,4,3,3.64,40.3,30.3,6.4,18.9,40.9,31.9,27.91,4.33,79.72,18.06,12,-4.03,-4.78,-4.88,-4,0.35,2.61,7.9,-0.29,6.54,4.36,0.01,-3.83,Rice,Clay,0.763,0.291,21.81,7,0.363,1.300.782,27.89
10.693,104.99,4,3,3.64,30.5,26.6,5.4,30.7,38.8,30.5,27.91,4.77,79.76,18.24,12,-3.85,-5.17,-5.46,-3.66,-0.22,0.5,5.61,-0.26,10.88,4.65,0.87,-3.94,Rice,Clay Loam,0.761,0.262,22.56,9,0.483,3.468.752,27.89
10.843,104.774,11,6,3.64,31.8,36.4,5.4,32.1,36,39.6,28.16,3.9,76.87,18.24,12,-3.21,-4.25,-4.47,-3.37,-0.26,0.68,3.27,0.33,8.7,4.94,0.85,-3.21,Rice,Clay Loam,0.882,0.272,18.77,9,0.464,3.468.752,28.121
9.953,106.262,4,4,3.64,34.4,25.3,6,26.1,39.5,38.2,27.61,5.05,82.34,18.77,12,-4.58,-5.54,-5.71,-4.16,0.46,1.64,10.07,-0.1,7.61,4.57,0.32,-4.63,Rice,Clay Loam,0.653,0.283,24.72,7,0.408,2167.97,27.584
10.462,106.421,11,4,3.64,36.3,32.8,6.1,17.8,45.8,34.9,27.91,4.33,79.72,18.06,12,-4.03,-4.78,-4.88,-4,0.35,2.61,7.9,-0.29,6.54,4.36,0.01,-3.83,Rice,Clay Loam,0.763,0.298,21.81,7,0.363,1.951.173,27.884
9.976,105.31,11,2,3.64,35.7,26.4,5.6,28.8,35.5,29.8,27.96,4.89,80.82,17.03,12,-4.26,-5.51,-5.79,-3.48,-0.34,0.99,7.3,-0.09,10.14,4.07,1.2,-4.25,Rice,Clay Loam,0.723,0.265,23.72,9,0.428,3.035.158,27.947
10.858,104.898,4,5,3.64,31.1,35,5.1,32,36.9,23.2,28.16,3.9,76.87,18.24,12,-3.21,-4.25,-4.47,-3.37,-0.26,0.68,3.27,0.33,8.7,4.94,0.85,-3.21,Rice,Clay Loam,0.882,0.249,18.77,9,0.464,4.119.143,28.128
21.488,106.318,7,52,3.64,30.7,21.2,6,25.3,44.1,19.5,23.24,4.05,82.32,13.38,12,-3.55,-1.88,-3.28,-2.06,-0.89,7.01,0.69,7.59,5.4,-2.13,-3.3,-3.62,Rice,Clay Loam,0.504,0.259,20.71,8,0.367,2167.97,22.902
20.32,105.984,2,4,3.64,35.9,24.5,6,26.5,37.6,23.5,24.42,4.15,83.73,14.41,12,-3.54,-3.28,-3.86,-2.76,-1.25,4.9,0.24,4.95,8.6,3.24,-3.34,-3.95,Rice,Clay Loam,0.498,0.262,21.98,9,0.392,2167.97,24.394
10.121,105.032,4,1,3.64,34.1,26.6,5.6,26,39.9,40.1,27.96,4.89,80.82,17.9,12,-4.26,-5.51,-5.79,-3.48,-0.34,0.99,7.3,-0.09,10.14,4.07,1.2,-4.25,Rice,Clay Loam,0.723,0.286,23.72,9,0.428,3.035.158,27.954
10.898,105.491,11,5,3.64,33.6,32,5.3,23.6,42.7,41,28.1,3.74,77.56,17.9,12,-3.37,-4.2,-4.32,-3.49,0.06,1.63,4.58,-0.12,6.51,5.58,0.4,-3.31,Rice,Clay Loam,0.853,0.293,18.81,9,0.347,3.685.549,28.068
10.327,106.729,4,2,3.64,39.9,29.1,6.5,19.3,40.8,38.3,27.76,4.07,80.84,18.06,12,-3.8,-4.52,-4.6,-4.04,0.25,3.53,7.47,0.45,6.09,2.91,-0.2,-3.56,Rice,Clay Loam,0.714,0.299,20.72,7,0.361,1.083.985,27.747
9.766,105.701,11,4,3.64,42.3,35.9,5.9,23.8,33.9,48.8,27.52,5.44,82.42,17.03,12,-4.68,-6.01,-6.26,-4.19,0.2,1.23,10.03,-0.2,9.39,5.07,0.41,-4.97,Rice,Clay,0.646,0.304,26.31,7,0.381,2.384.767,27.494
20.441,105.941,2,6,3.64,31.4,20.2,6.1,26.2,42.3,32,24.42,4.15,83.73,14.41,12,-3.54,-3.28,-3.86,-2.76,-1.25,4.9,0.24,4.95,8.6,3.24,-3.34,-3.95,Rice,Clay Loam,0.498,0.275,21.98,9,0.392,1.951.173,24.381
20.597,105.568,2,49,3.64,32.2,22.7,5.9,24.7,43,30,23.6,3.61,83.74,14.41,12,-3.31,-2.87,-3.1,-2.21,-1.23,4,0.43,4.46,7.45,2.88,-3.09,-3.44,Rice,Clay Loam,0.474,0.275,19.25,9,0.388,2.384.767,23.282
21.233,105.92,2,8,3.64,31.2,22.9,6,30.2,38.5,25,23.88,3.84,82.73,14.01,12,-3.62,-2.57,-3.27,-2.24,-0.69,5.8,0.34,6.86,5.89,0.57,-3.41,-3.66,Rice,Clay Loam,0.512,0.256,19.46,8,0.353,2167.97,23.828
21.437,106.644,2,47,3.64,28.8,20,6.1,26.9,44.3,21.8,22.33,4.4,83.68,13.38,12,-3.51,-2.18,-3.29,-2.25,-1.59,9.09,1.12,6.42,6.2,-2.75,-3.26,-3.95,Rice,Clay Loam,0.44,0.259,22.78,6,0.398,1.951.173,22.024
10.914,105.234,11,3,3.64,35.8,34.5,5.5,22.3,41.9,39,28.16,3.9,76.87,17.9,12,-3.21,-4.25,-4.47,-3.37,-0.26,0.68,3.27,0.33,8.7,4.94,0.85,-3.21,Rice,Clay Loam,0.882,0.293,18.77,9,0.464,3.251.955,28.14
20.671,105.718,2,4,3.64,33.5,25.1,6,20.6,46,27.7,23.6,3.61,83.74,14.41,12,-3.31,-2.87,-3.1,-2.21,-1.23,4,0.43,4.46,7.45,2.88,-3.09,-3.44,Rice,Clay Loam,0.474,0.281,19.25,9,0.388,2167.97,23.574
9.531,105.575,4,2,3.64,40.4,34.1,6,26.5,33.1,43.1,27.58,5.68,82.83,17.03,12,-5.15,-6.22,-6.61,-3.85,-0.17,0.76,10.43,0.35,9.34,6.06,0.59,-5.48,Rice,Clay,0.633,0.289,27.48,7,0.379,2167.97,27.567
9.978,106.089,11,8,3.64,34.5,34.5,6.2,25.9,39.5,46.6,27.61,5.05,82.34,18.77,12,-4.58,-5.54,-5.71,-4.16,0.46,1.64,10.07,-0.1,7.61,4.57,0.32,-4.63,Rice,Clay Loam,0.653,0.296,24.72,7,0.408,1.734.376,27.558
21.136,105.977,7,9,3.64,30.3,21.7,6.2,33,36.7,24.3,24.18,4.13,82.51,14.01,12,-3.45,-2.61,-3.49,-2.27,-1.12,6.4,-0.14,6.45,7.56,0.06,-3.6,-3.84,Rice,Clay Loam,0.528,0.248,20.52,9,0.369,1.734.376,24.122
20.061,105.952,2,33,3.64,33.4,28.1,6.1,32.1,34.4,29.9,24.89,4.18,84.24,14.41,12,-3.87,-3.88,-4.3,-3.56,-1.35,2.53,2.04,3.07,7.68,7.12,-1.86,-3.62,Rice,Clay Loam,0.496,0.258,22.44,9,0.342,1.951.173,24.676
10.801,105.976,11,3,3.64,35.4,29.3,5.5,23.7,40.9,27.5,28.08,3.71,77.7,17.9,12,-3.56,-4.08,-4.13,-3.62,0.1,2.86,5.77,0.03,5.64,4.65,-0.35,-3.28,Rice,Clay Loam,0.847,0.274,19.02,7,0.303,3.251.955,28.06
20.69,106.537,2,4,3.64,34.7,31.4,6,29.6,35.7,34.5,24.42,4.15,83.73,14.17,12,-3.54,-3.28,-3.86,-2.76,-1.25,4.9,0.24,4.95,8.6,3.24,-3.34,-3.95,Rice,Clay Loam,0.498,0.27,21.98,9,0.392,2167.97,24.394
9.723,106.204,11,6,3.64,35,34,6.2,29.1,36,32.6,27.77,5.28,82.72,18.77,12,-4.89,-5.87,-6.07,-3.73,0.31,0.66,9.99,0.82,8.06,5.64,0.34,-5.29,Rice,Clay Loam,0.644,0.269,25.85,7,0.387,1.734.376,27.731
9.901,105.305,4,1,3.64,38.4,29.4,5.7,26.6,35.1,34.5,27.96,4.89,80.82,17.03,12,-4.26,-5.51,-5.79,-3.48,-0.34,0.99,7.3,-0.09,10.14,4.07,1.2,-4.25,Rice,Clay Loam,0.723,0.277,23.72,9,0.428,2.818.361,27.954
10.528,106.291,4,3,3.64,40,31.5,6.2,19.1,40.8,47.1,27.91,4.33,79.72,18.06,12,-4.03,-4.78,-4.88,-4,0.35,2.61,7.9,-0.29,6.54,4.36,0.01,-3.83,Rice,Clay,0.763,0.312,21.81,7,0.363,1.734.376,27.89
20.136,105.667,7,14,3.64,32.1,19,6,27.8,40.1,22.8,24.21,3.5,83.74,14.41,12,-3.17,-3.04,-3.17,-2.47,-1.36,1.99,1.29,2.72,8.21,4.04,-2.02,-3.04,Rice,Clay Loam,0.491,0.258,18.27,9,0.45,2167.97,24.119
20.964,106.591,2,2,3.64,37.2,29.3,6.1,26.9,35.9,28.3,23.76,5.06,83.5,14.17,12,-3.61,-3.18,-3.97,-3.01,-1.53,10.61,0.28,6.3,8.2,-1.85,-3.74,-4.52,Rice,Clay Loam,0.485,0.268,25.41,6,0.418,1.951.173,23.747
10.672,104.833,4,4,3.64,33.8,40.1,5.5,28.2,37.9,40.2,27.91,4.77,79.76,18.24,12,-3.85,-5.17,-5.46,-3.66,-0.22,0.5,5.61,-0.26,10.88,4.65,0.87,-3.94,Rice,Clay Loam,0.761,0.281,22.56,9,0.483,3.251.955,27.884
9.188,105.496,11,2,3.64,42.6,39.8,5.5,29.7,27.8,47.5,27.84,5.34,82.89,17.03,12,-5.21,-5.96,-6.44,-3.2,-0.3,0.5,9.1,0.95,8.41,6.51,1.07,-5.45,Rice,Clay,0.641,0.288,26.56,7,0.343,3.251.955,27.827
21.205,106.234,7,24,3.64,28.5,21.1,5.9,25.7,45.8,21.8,24.18,4.13,82.51,13.38,12,-3.45,-2.61,-3.49,-2.27,-1.12,6.4,-0.14,6.45,7.56,0.06,-3.6,-3.84,Rice,Clay Loam,0.528,0.261,20.52,9,0.369,2.384.767,24.024
20.062,105.84,2,3,3.64,36.3,24.7,5.8,27.4,36.3,32.1,24.21,3.5,83.74,14.41,12,-3.17,-3.04,-3.17,-2.47,-1.36,1.99,1.29,2.72,8.21,4.04,-2.02,-3.04,Rice,Clay Loam,0.491,0.272,18.27,9,0.45,2.601.564,24.19
21.241,105.559,2,9,3.64,29.8,24.9,6.1,31.4,38.7,23.9,23.88,3.84,82.73,14.01,12,-3.62,-2.57,-3.27,-2.24,-0.69,5.8,0.34,6.86,5.89,0.57,-3.41,-3.66,Rice,Clay Loam,0.512,0.251,19.46,8,0.353,1.951.173,23.822
21.159,106.239,7,4,3.64,38,22,6.1,25.7,36.3,36.8,24.18,4.13,82.51,13.38,12,-3.45,-2.61,-3.49,-2.27,-1.12,6.4,-0.14,6.45,7.56,0.06,-3.6,-3.84,Rice,Clay Loam,0.528,0.282,20.52,9,0.369,1.951.173,24.154
20.323,106.496,2,3,3.64,33.9,32.9,5.9,27.5,38.6,29.4,24.42,4.15,83.73,14.17,12,-3.54,-3.28,-3.86,-2.76,-1.25,4.9,0.24,4.95,8.6,3.24,-3.34,-3.95,Rice,Clay Loam,0.498,0.268,21.98,9,0.392,2.384.767,24.4
9.937,106.027,11,4,3.64,33.4,35.6,6.1,23.9,42.7,38.5,27.61,5.05,82.34,18.77,12,-4.58,-5.54,-5.71,-4.16,0.46,1.64,10.07,-0.1,7.61,4.57,0.32,-4.63,Rice,Clay Loam,0.653,0.289,24.72,7,0.408,1.951.173,27.584
21.21,105.66,2,9,3.64,28.9,21.8,6,32.6,38.4,26.3,23.88,3.84,82.73,14.01,12,-3.62,-2.57,-3.27,-2.24,-0.69,5.8,0.34,6.86,5.89,0.57,-3.41,-3.66,Rice,Clay Loam,0.512,0.252,19.46,8,0.353,2167.97,23.822
10.89,106.376,4,4,3.64,42.9,23.1,5.6,17.6,39.5,24.7,28.08,3.71,77.7,18.06,12,-3.56,-4.08,-4.13,-3.62,0.1,2.86,5.77,0.03,5.64,4.65,-0.35,-3.28,Rice,Clay,0.847,0.284,19.02,7,0.303,3.035.158,28.054
21.178,105.886,2,8,3.64,30.5,23.2,6,33.2,36.3,24.3,23.88,3.84,82.73,14.01,12,-3.62,-2.57,-3.27,-2.24,-0.69,5.8,0.34,6.86,5.89,0.57,-3.41,-3.66,Rice,Clay Loam,0.512,0.248,19.46,8,0.353,2167.97,23.828
9.95,106.546,11,3,3.64,34.4,34.5,6.2,21.7,43.9,31.9,27.61,5.05,82.34,18.77,12,-4.58,-5.54,-5.71,-4.16,0.46,1.64,10.07,-0.1,7.61,4.57,0.32,-4.63,Rice,Clay Loam,0.653,0.285,24.72,7,0.408,1.734.376,27.59
9.618,105.21,11,3,3.64,35.6,37.4,5.4,26.7,37.7,38.4,27.97,4.72,81.28,17.03,12,-4.59,-5.52,-5.78,-3.25,-0.54,1.6,7.82,0.24,8.31,4.06,1.94,-4.24,Rice,Clay Loam,0.706,0.282,23.92,9,0.347,3.468.752,27.95
9.051,105.228,11,2,3.64,42.1,35.8,5.4,28.8,29.1,49.8,28.04,4.45,80.82,17.03,12,-4.45,-5.29,-5.62,-3.24,-0.63,1.27,6.71,0.39,7.95,3.73,3.01,-3.78,Rice,Clay,0.727,0.293,23.01,9,0.345,3.468.752,28.027
21.254,106.596,2,68,3.64,32.8,24.1,5.7,24.1,43.1,29.5,22.33,4.4,83.68,13.38,12,-3.51,-2.18,-3.29,-2.25,-1.59,9.09,1.12,6.42,6.2,-2.75,-3.26,-3.95,Rice,Clay Loam,0.44,0.276,22.78,6,0.398,2.818.361,21.888
21.004,105.598,7,7,3.64,31.2,23.8,5.8,25.1,43.7,26.8,23.88,3.84,82.73,14.01,12,-3.62,-2.57,-3.27,-2.24,-0.69,5.8,0.34,6.86,5.89,0.57,-3.41,-3.66,Rice,Clay Loam,0.512,0.27,19.46,8,0.353,2.601.564,23.834
10.65,104.907,4,3,3.64,27.4,34.1,5.4,28.4,44.3,50.4,27.91,4.77,79.76,18.24,12,-3.85,-5.17,-5.46,-3.66,-0.22,0.5,5.61,-0.26,10.88,4.65,0.87,-3.94,Rice,Clay Loam,0.761,0.295,22.56,9,0.483,3.468.752,27.89
21.246,106.101,2,7,3.64,31.4,23.6,6.2,33.6,35,22.5,24.18,4.13,82.51,13.38,12,-3.45,-2.61,-3.49,-2.27,-1.12,6.4,-0.14,6.45,7.56,0.06,-3.6,-3.84,Rice,Clay Loam,0.528,0.244,20.52,9,0.369,1.734.376,24.134
10.701,106.428,11,4,3.64,36.8,33.5,6,22.4,40.8,33.4,27.91,4.33,79.72,18.06,12,-4.03,-4.78,-4.88,-4,0.35,2.61,7.9,-0.29,6.54,4.36,0.01,-3.83,Rice,Clay Loam,0.763,0.285,21.81,7,0.363,2167.97,27.884
10.688,104.92,4,3,3.64,29.4,35.1,5.6,31.4,39.2,34.7,27.91,4.77,79.76,18.24,12,-3.85,-5.17,-5.46,-3.66,-0.22,0.5,5.61,-0.26,10.88,4.65,0.87,-3.94,Rice,Clay Loam,0.761,0.266,22.56,9,0.483,3.035.158,27.89
10.149,105.155,4,2,3.64,40,34.3,5.5,23.2,36.8,42.5,27.96,4.89,80.82,17.9,12,-4.26,-5.51,-5.79,-3.48,-0.34,0.99,7.3,-0.09,10.14,4.07,1.2,-4.25,Rice,Clay,0.723,0.296,23.72,9,0.428,3.251.955,27.947
20.967,106.408,7,2,3.64,39.2,29.6,6,29.5,31.3,33.3,24.18,4.13,82.51,14.17,12,-3.45,-2.61,-3.49,-2.27,-1.12,6.4,-0.14,6.45,7.56,0.06,-3.6,-3.84,Rice,Clay Loam,0.528,0.269,20.52,9,0.369,2167.97,24.167
9.61,105.833,11,1,3.64,37.8,33.5,5.8,23.6,38.6,39.6,27.58,5.68,82.83,17.03,12,-5.15,-6.22,-6.61,-3.85,-0.17,0.76,10.43,0.35,9.34,6.06,0.59,-5.48,Rice,Clay Loam,0.633,0.291,27.48,7,0.379,2.601.564,27.574
21.421,106.142,7,16,3.64,31.6,20.4,6.2,29.6,38.8,20.7,23.24,4.05,82.32,13.38,12,-3.55,-1.88,-3.28,-2.06,-0.89,7.01,0.69,7.59,5.4,-2.13,-3.3,-3.62,Rice,Clay Loam,0.504,0.251,20.71,8,0.367,1.734.376,23.136
20.765,106.424,2,2,3.64,32.7,27.6,5.7,29,38.3,22.2,24.18,4.13,82.51,14.17,12,-3.45,-2.61,-3.49,-2.27,-1.12,6.4,-0.14,6.45,7.56,0.06,-3.6,-3.84,Rice,Clay Loam,0.528,0.254,20.52,9,0.369,2.818.361,24.167
20.527,105.634,7,94,3.64,32.5,26.3,5.6,24.7,42.8,39.5,23.6,3.61,83.74,14.41,12,-3.31,-2.87,-3.1,-2.21,-1.23,4,0.43,4.46,7.45,2.88,-3.09,-3.44,Rice,Clay Loam,0.474,0.288,19.25,9,0.388,3.035.158,22.989
10.612,106.417,4,5,3.64,37,24.7,5.8,20.8,42.3,26.7,27.91,4.33,79.72,18.06,12,-4.03,-4.78,-4.88,-4,0.35,2.61,7.9,-0.29,6.54,4.36,0.01,-3.83,Rice,Clay Loam,0.763,0.28,21.81,7,0.363,2.601.564,27.878
21.306,106.331,2,9,3.64,25.2,18.6,6.3,29,45.8,20.1,23.24,4.05,82.32,13.38,12,-3.55,-1.88,-3.28,-2.06,-0.89,7.01,0.69,7.59,5.4,-2.13,-3.3,-3.62,Rice,Loam,0.504,0.251,20.71,8,0.367,1.517.579,23.182
20.606,106.63,7,4,3.64,36.9,41.3,6,28.1,35,59.9,25.01,5.24,82.62,14.17,12,-4,-4.2,-4.82,-4.01,-1.04,10.84,0.69,5.18,8.3,1.8,-3.8,-4.9,Rice,Clay Loam,0.551,0.309,26.77,6,0.404,2167.97,24.984
21.336,105.954,7,12,3.64,30.9,23.5,6.1,34,35.2,24.6,23.24,4.05,82.32,14.01,12,-3.55,-1.88,-3.28,-2.06,-0.89,7.01,0.69,7.59,5.4,-2.13,-3.3,-3.62,Rice,Clay Loam,0.504,0.246,20.71,8,0.367,1.951.173,23.162
21.319,106.319,2,14,3.64,24.6,21.8,6.2,27.2,48.2,22.8,23.24,4.05,82.32,13.38,12,-3.55,-1.88,-3.28,-2.06,-0.89,7.01,0.69,7.59,5.4,-2.13,-3.3,-3.62,Rice,Loam,0.504,0.259,20.71,8,0.367,1.734.376,23.149
20.947,106.158,7,3,3.64,33.7,27.7,5.9,24.1,42.2,32.1,24.18,4.13,82.51,14.17,12,-3.45,-2.61,-3.49,-2.27,-1.12,6.4,-0.14,6.45,7.56,0.06,-3.6,-3.84,Rice,Clay Loam,0.528,0.28,20.52,9,0.369,2.384.767,24.16
9.779,105.755,4,2,3.64,35.6,40.2,6,29.4,35,69.7,27.52,5.44,82.42,17.03,12,-4.68,-6.01,-6.26,-4.19,0.2,1.23,10.03,-0.2,9.39,5.07,0.41,-4.97,Rice,Clay Loam,0.646,0.32,26.31,7,0.381,2167.97,27.507
10.385,105.74,4,4,3.64,37.6,27.3,6,17.5,44.9,36.6,27.74,4.64,80.6,17.9,12,-4.02,-5.17,-5.35,-3.98,0.31,1.52,7.43,-0.41,8.29,5.16,0.33,-4.15,Rice,Clay Loam,0.722,0.301,23.08,9,0.36,2167.97,27.714
10.68,105.945,11,3,3.64,36.4,28.3,6.1,21.6,42,37.5,27.91,4.33,79.72,17.9,12,-4.03,-4.78,-4.88,-4,0.35,2.61,7.9,-0.29,6.54,4.36,0.01,-3.83,Rice,Clay Loam,0.763,0.293,21.81,7,0.363,1.951.173,27.89
20.136,106.253,2,2,3.64,33.7,33.5,6,30.3,36.1,32.6,24.89,4.18,84.24,14.17,12,-3.87,-3.88,-4.3,-3.56,-1.35,2.53,2.04,3.07,7.68,7.12,-1.86,-3.62,Rice,Clay Loam,0.496,0.266,22.44,9,0.342,2167.97,24.877
8.823,104.857,4,2,3.64,40.4,55.2,5.5,32.7,27,45.6,28.04,4.45,80.82,17.74,12,-4.45,-5.29,-5.62,-3.24,-0.63,1.27,6.71,0.39,7.95,3.73,3.01,-3.78,Rice,Clay,0.727,0.279,23.01,9,0.345,3.251.955,28.027
10.438,105.068,4,2,3.64,31.2,29,5.4,28.4,40.4,36.6,27.91,4.77,79.76,17.9,12,-3.85,-5.17,-5.46,-3.66,-0.22,0.5,5.61,-0.26,10.88,4.65,0.87,-3.94,Rice,Clay Loam,0.761,0.276,22.56,9,0.483,3.468.752,27.897
21.276,106,7,5,3.64,31.6,22.7,6.2,32.9,35.5,23.9,23.24,4.05,82.32,13.38,12,-3.55,-1.88,-3.28,-2.06,-0.89,7.01,0.69,7.59,5.4,-2.13,-3.3,-3.62,Rice,Clay Loam,0.504,0.248,20.71,8,0.367,1.734.376,23.208
10.444,105.784,11,2,3.64,35.6,27.2,6.1,19.4,45,36.7,27.74,4.64,80.6,17.9,12,-4.02,-5.17,-5.35,-3.98,0.31,1.52,7.43,-0.41,8.29,5.16,0.33,-4.15,Rice,Clay Loam,0.722,0.297,23.08,9,0.36,1.951.173,27.727
20.921,106.471,2,2,3.64,35.6,32.9,6.1,29.8,34.6,36.6,24.18,4.13,82.51,14.17,12,-3.45,-2.61,-3.49,-2.27,-1.12,6.4,-0.14,6.45,7.56,0.06,-3.6,-3.84,Rice,Clay Loam,0.528,0.273,20.52,9,0.369,1.951.173,24.167
8.833,105.219,4,7,3.64,37,42.5,5.6,31.7,31.3,45,28.04,4.45,80.82,17.99,12,-4.45,-5.29,-5.62,-3.24,-0.63,1.27,6.71,0.39,7.95,3.73,3.01,-3.78,Rice,Clay Loam,0.727,0.28,23.01,9,0.345,3.035.158,27.994
20.753,106.109,7,4,3.64,38.5,23.8,6,27,34.5,22.8,24.18,4.13,82.51,14.17,12,-3.45,-2.61,-3.49,-2.27,-1.12,6.4,-0.14,6.45,7.56,0.06,-3.6,-3.84,Rice,Clay Loam,0.528,0.26,20.52,9,0.369,2167.97,24.154
9.277,104.967,4,6,3.64,38.4,36.4,5.5,31.3,30.3,55.5,27.97,4.72,81.28,18.06,12,-4.59,-5.52,-5.78,-3.25,-0.54,1.6,7.82,0.24,8.31,4.06,1.94,-4.24,Rice,Clay Loam,0.706,0.296,23.92,9,0.347,3.251.955,27.931
10.182,104.999,4,1,3.64,38.9,31.4,5.6,24.1,37,43.3,27.96,4.89,80.82,18.24,12,-4.26,-5.51,-5.79,-3.48,-0.34,0.99,7.3,-0.09,10.14,4.07,1.2,-4.25,Rice,Clay Loam,0.723,0.295,23.72,9,0.428,3.035.158,27.954
10.773,105.571,11,3,3.64,40.3,32.9,5.5,20.4,39.3,37.2,28.1,3.74,77.56,17.9,12,-3.37,-4.2,-4.32,-3.49,0.06,1.63,4.58,-0.12,6.51,5.58,0.4,-3.31,Rice,Clay,0.853,0.295,18.81,9,0.347,3.251.955,28.08
21.201,106.588,7,275,3.64,29.3,31.1,5.5,25.7,45,43.9,23.76,5.06,83.5,13.38,12,-3.61,-3.18,-3.97,-3.01,-1.53,10.61,0.28,6.3,8.2,-1.85,-3.74,-4.52,Rice,Clay Loam,0.485,0.292,25.41,6,0.418,3.251.955,21.972
20.178,105.76,2,133,3.64,33.8,20.1,5.7,30.5,35.7,30.2,24.21,3.5,83.74,14.41,12,-3.17,-3.04,-3.17,-2.47,-1.36,1.99,1.29,2.72,8.21,4.04,-2.02,-3.04,Rice,Clay Loam,0.491,0.262,18.27,9,0.45,2.818.361,23.346
10.065,106.124,4,1,3.64,38.7,37.1,6.2,22,39.2,38.5,27.61,5.05,82.34,18.06,12,-4.58,-5.54,-5.71,-4.16,0.46,1.64,10.07,-0.1,7.61,4.57,0.32,-4.63,Rice,Clay Loam,0.653,0.293,24.72,7,0.408,1.734.376,27.604
20.213,105.803,7,78,3.64,30.7,22,5.8,31.8,37.5,25.4,24.21,3.5,83.74,14.41,12,-3.17,-3.04,-3.17,-2.47,-1.36,1.99,1.29,2.72,8.21,4.04,-2.02,-3.04,Rice,Clay Loam,0.491,0.252,18.27,9,0.45,2.601.564,23.703
9.965,105.296,4,1,3.64,36.5,33.2,5.6,27.9,35.5,40,27.96,4.89,80.82,17.03,12,-4.26,-5.51,-5.79,-3.48,-0.34,0.99,7.3,-0.09,10.14,4.07,1.2,-4.25,Rice,Clay Loam,0.723,0.282,23.72,9,0.428,3.035.158,27.954
20.477,106.152,2,5,3.64,30.1,27.9,6,30.6,39.3,26.6,24.42,4.15,83.73,14.17,12,-3.54,-3.28,-3.86,-2.76,-1.25,4.9,0.24,4.95,8.6,3.24,-3.34,-3.95,Rice,Clay Loam,0.498,0.257,21.98,9,0.392,2167.97,24.388
10.86,105.916,4,3,3.64,34.7,31.1,5.1,26.3,39,26.5,28.1,3.74,77.56,17.9,12,-3.37,-4.2,-4.32,-3.49,0.06,1.63,4.58,-0.12,6.51,5.58,0.4,-3.31,Rice,Clay Loam,0.853,0.267,18.81,9,0.347,4.119.143,28.08
10.36,106.257,4,7,3.64,41.6,26.7,6.4,20,38.5,43.9,27.91,4.33,79.72,18.06,12,-4.03,-4.78,-4.88,-4,0.35,2.61,7.9,-0.29,6.54,4.36,0.01,-3.83,Rice,Clay,0.763,0.305,21.81,7,0.363,1.300.782,27.864
20.111,106.114,7,3,3.64,31.9,31.8,5.7,31.6,36.4,24.6,24.89,4.18,84.24,14.17,12,-3.87,-3.88,-4.3,-3.56,-1.35,2.53,2.04,3.07,7.68,7.12,-1.86,-3.62,Rice,Clay Loam,0.496,0.252,22.44,9,0.342,2.818.361,24.87
10.243,106.188,11,4,3.64,36.8,33.8,6,23.3,39.9,36.4,27.61,5.05,82.34,18.06,12,-4.58,-5.54,-5.71,-4.16,0.46,1.64,10.07,-0.1,7.61,4.57,0.32,-4.63,Rice,Clay Loam,0.653,0.287,24.72,7,0.408,2167.97,27.584
9.256,105.497,11,2,3.64,44.7,36,5.6,29.7,25.7,37.8,27.58,5.68,82.83,17.03,12,-5.15,-6.22,-6.61,-3.85,-0.17,0.76,10.43,0.35,9.34,6.06,0.59,-5.48,Rice,Clay,0.633,0.275,27.48,7,0.379,3.035.158,27.567
10.767,106.166,11,2,3.64,43.4,27.9,5.7,16.6,40,22.5,28.08,3.71,77.7,18.06,12,-3.56,-4.08,-4.13,-3.62,0.1,2.86,5.77,0.03,5.64,4.65,-0.35,-3.28,Rice,Clay,0.847,0.283,19.02,7,0.303,2.818.361,28.067
10.871,106.659,11,3,3.64,39.7,27.5,5.9,25.4,34.9,50.7,27.72,3.77,78.82,18.06,12,-3.58,-4.08,-4.11,-3.8,0.17,4.25,6.49,0.93,5.24,3.01,-1.31,-3.17,Rice,Clay Loam,0.788,0.303,20.05,7,0.323,2.384.767,27.7
20.939,106.38,2,4,3.64,34.7,28.3,6.1,30.3,35,25.6,24.18,4.13,82.51,14.17,12,-3.45,-2.61,-3.49,-2.27,-1.12,6.4,-0.14,6.45,7.56,0.06,-3.6,-3.84,Rice,Clay Loam,0.528,0.256,20.52,9,0.369,1.951.173,24.154
8.935,105.032,4,2,3.64,39.8,52.3,5.4,29.9,30.3,49.6,28.04,4.45,80.82,17.99,12,-4.45,-5.29,-5.62,-3.24,-0.63,1.27,6.71,0.39,7.95,3.73,3.01,-3.78,Rice,Clay Loam,0.727,0.291,23.01,9,0.345,3.468.752,28.027
10.319,106.376,11,8,3.64,37.3,29.3,6.1,18.8,43.9,58.1,27.91,4.33,79.72,18.06,12,-4.03,-4.78,-4.88,-4,0.35,2.61,7.9,-0.29,6.54,4.36,0.01,-3.83,Rice,Clay Loam,0.763,0.328,21.81,7,0.363,1.951.173,27.858
20.492,105.856,2,216,3.64,33.7,26.4,5.6,27.3,39,33.5,23.6,3.61,83.74,14.41,12,-3.31,-2.87,-3.1,-2.21,-1.23,4,0.43,4.46,7.45,2.88,-3.09,-3.44,Rice,Clay Loam,0.474,0.274,19.25,9,0.388,3.035.158,22.196
21.376,106.22,2,25,3.64,26.8,24.2,6.1,28.3,44.9,26.5,23.24,4.05,82.32,13.38,12,-3.55,-1.88,-3.28,-2.06,-0.89,7.01,0.69,7.59,5.4,-2.13,-3.3,-3.62,Rice,Loam,0.504,0.262,20.71,8,0.367,1.951.173,23.077
10.512,105.211,4,2,3.64,40.1,32.5,5.9,18.7,41.2,36.7,27.91,4.77,79.76,17.9,12,-3.85,-5.17,-5.46,-3.66,-0.22,0.5,5.61,-0.26,10.88,4.65,0.87,-3.94,Rice,Clay,0.761,0.298,22.56,9,0.483,2.384.767,27.897
20.954,106.308,7,4,3.64,33.3,27.4,6.2,30.9,35.8,30.6,24.18,4.13,82.51,14.17,12,-3.45,-2.61,-3.49,-2.27,-1.12,6.4,-0.14,6.45,7.56,0.06,-3.6,-3.84,Rice,Clay Loam,0.528,0.262,20.52,9,0.369,1.734.376,24.154
20.234,106.089,2,2,3.64,36.6,30.6,5.8,28.9,34.6,26.2,24.89,4.18,84.24,14.17,12,-3.87,-3.88,-4.3,-3.56,-1.35,2.53,2.04,3.07,7.68,7.12,-1.86,-3.62,Rice,Clay Loam,0.496,0.26,22.44,9,0.342,2.601.564,24.877
10.84,105.263,11,3,3.64,35.2,25.3,5.6,23.8,41,28.4,28.16,3.9,76.87,17.9,12,-3.21,-4.25,-4.47,-3.37,-0.26,0.68,3.27,0.33,8.7,4.94,0.85,-3.21,Rice,Clay Loam,0.882,0.275,18.77,9,0.464,3.035.158,28.14
10.547,106.331,11,4,3.64,45.2,28.1,6.3,15.6,39.2,26.9,27.91,4.33,79.72,18.06,12,-4.03,-4.78,-4.88,-4,0.35,2.61,7.9,-0.29,6.54,4.36,0.01,-3.83,Rice,Clay,0.763,0.292,21.81,7,0.363,1.517.579,27.884
8.891,104.95,4,1,3.64,39.7,51.5,5.4,30.6,29.7,53.5,28.04,4.45,80.82,17.74,12,-4.45,-5.29,-5.62,-3.24,-0.63,1.27,6.71,0.39,7.95,3.73,3.01,-3.78,Rice,Clay Loam,0.727,0.295,23.01,9,0.345,3.468.752,28.034
20.543,105.993,2,6,3.64,37.3,25.2,6.2,24.2,38.5,23.1,24.42,4.15,83.73,14.41,12,-3.54,-3.28,-3.86,-2.76,-1.25,4.9,0.24,4.95,8.6,3.24,-3.34,-3.95,Rice,Clay Loam,0.498,0.267,21.98,9,0.392,1.734.376,24.381
9.844,105.374,4,1,3.64,37.5,33.5,5.8,26,36.5,36.7,27.52,5.44,82.42,17.03,12,-4.68,-6.01,-6.26,-4.19,0.2,1.23,10.03,-0.2,9.39,5.07,0.41,-4.97,Rice,Clay Loam,0.646,0.282,26.31,7,0.381,2.601.564,27.514
10.21,104.897,4,2,3.64,40.2,29.6,5.4,24.1,35.6,45,27.96,4.89,80.82,18.24,12,-4.26,-5.51,-5.79,-3.48,-0.34,0.99,7.3,-0.09,10.14,4.07,1.2,-4.25,Rice,Clay,0.723,0.298,23.72,9,0.428,3.468.752,27.947
20.963,106.073,7,5,3.64,34.9,22.9,6,24.6,40.4,27.4,24.18,4.13,82.51,14.17,12,-3.45,-2.61,-3.49,-2.27,-1.12,6.4,-0.14,6.45,7.56,0.06,-3.6,-3.84,Rice,Clay Loam,0.528,0.272,20.52,9,0.369,2167.97,24.148
20.334,106.195,2,4,3.64,31.3,31.7,5.8,31.3,37.4,31.2,24.42,4.15,83.73,14.17,12,-3.54,-3.28,-3.86,-2.76,-1.25,4.9,0.24,4.95,8.6,3.24,-3.34,-3.95,Rice,Clay Loam,0.498,0.262,21.98,9,0.392,2.601.564,24.394
21.273,106.362,2,5,3.64,30.6,17.3,6.1,23.5,45.9,19.3,23.24,4.05,82.32,13.38,12,-3.55,-1.88,-3.28,-2.06,-0.89,7.01,0.69,7.59,5.4,-2.13,-3.3,-3.62,Rice,Clay Loam,0.504,0.263,20.71,8,0.367,1.951.173,23.208
21.321,105.77,7,293,3.64,31.8,26.3,5.7,29.6,38.7,27.6,23.66,4.1,82.25,14.01,12,-3.83,-2.11,-3.41,-2.35,-0.33,6.36,1.26,8.89,4.16,-1.78,-3.22,-3.69,Rice,Clay Loam,0.519,0.261,20.72,8,0.43,2.818.361,21.756
21.493,106.164,7,61,3.64,33.9,26.6,5.7,27.1,39.1,25.8,23.24,4.05,82.32,13.38,12,-3.55,-1.88,-3.28,-2.06,-0.89,7.01,0.69,7.59,5.4,-2.13,-3.3,-3.62,Rice,Clay Loam,0.504,0.264,20.71,8,0.367,2.818.361,22.844
20.912,105.848,7,8,3.64,30.6,24.5,5.8,27.5,41.9,25.9,23.88,3.84,82.73,14.41,12,-3.62,-2.57,-3.27,-2.24,-0.69,5.8,0.34,6.86,5.89,0.57,-3.41,-3.66,Rice,Clay Loam,0.512,0.263,19.46,8,0.353,2.601.564,23.828
10.233,105.922,4,4,3.64,42.4,35.3,6.4,18,39.6,46.6,27.52,5.44,82.42,17.9,12,-4.68,-6.01,-6.26,-4.19,0.2,1.23,10.03,-0.2,9.39,5.07,0.41,-4.97,Rice,Clay,0.646,0.314,26.31,7,0.381,1.300.782,27.494
21.302,106.019,2,10,3.64,30.3,22.7,6.2,34.9,34.8,23.7,23.24,4.05,82.32,13.38,12,-3.55,-1.88,-3.28,-2.06,-0.89,7.01,0.69,7.59,5.4,-2.13,-3.3,-3.62,Rice,Clay Loam,0.504,0.243,20.71,8,0.367,1.734.376,23.175
20.509,105.78,2,15,3.64,32.8,22.4,6,23.8,43.4,23.3,23.6,3.61,83.74,14.41,12,-3.31,-2.87,-3.1,-2.21,-1.23,4,0.43,4.46,7.45,2.88,-3.09,-3.44,Rice,Clay Loam,0.474,0.268,19.25,9,0.388,2167.97,23.502
21.188,106.449,2,24,3.64,33.7,22.8,6.1,25.1,41.2,26.6,24.18,4.13,82.51,13.38,12,-3.45,-2.61,-3.49,-2.27,-1.12,6.4,-0.14,6.45,7.56,0.06,-3.6,-3.84,Rice,Clay Loam,0.528,0.27,20.52,9,0.369,1.951.173,24.024
10.567,105.782,11,2,3.64,37.9,25.6,5.6,20.9,41.3,35.9,27.74,4.64,80.6,17.9,12,-4.02,-5.17,-5.35,-3.98,0.31,1.52,7.43,-0.41,8.29,5.16,0.33,-4.15,Rice,Clay Loam,0.722,0.292,23.08,9,0.36,3.035.158,27.727
10.915,104.64,11,11,3.64,26.2,27.6,5.7,41.1,32.7,43.2,27.55,3.96,77.95,18.24,12,-3.27,-4.22,-4.47,-3.28,-0.5,0.58,2.73,0.29,9.27,4.9,1.1,-3.13,Rice,Loam,0.812,0.256,18.87,9,0.491,2.818.361,27.478
10.912,105.755,11,2,3.64,35.6,27.5,5.7,20.2,44.2,39.6,28.1,3.74,77.56,17.9,12,-3.37,-4.2,-4.32,-3.49,0.06,1.63,4.58,-0.12,6.51,5.58,0.4,-3.31,Rice,Clay Loam,0.853,0.299,18.81,9,0.347,2.818.361,28.087
20.79,106.423,7,2,3.64,34.9,26.3,5.9,29.1,36,24.8,24.18,4.13,82.51,14.17,12,-3.45,-2.61,-3.49,-2.27,-1.12,6.4,-0.14,6.45,7.56,0.06,-3.6,-3.84,Rice,Clay Loam,0.528,0.258,20.52,9,0.369,2.384.767,24.167
20.802,106.122,2,3,3.64,34.8,29.9,6,23.9,41.3,30.9,24.18,4.13,82.51,14.17,12,-3.45,-2.61,-3.49,-2.27,-1.12,6.4,-0.14,6.45,7.56,0.06,-3.6,-3.84,Rice,Clay Loam,0.528,0.278,20.52,9,0.369,2167.97,24.16
10.89,106.148,11,3,3.64,39.2,23.8,5.4,19.2,41.6,22.3,28.08,3.71,77.7,18.06,12,-3.56,-4.08,-4.13,-3.62,0.1,2.86,5.77,0.03,5.64,4.65,-0.35,-3.28,Rice,Clay Loam,0.847,0.277,19.02,7,0.303,3.468.752,28.06
21.224,105.959,7,6,3.64,32.3,23,6.1,32.6,35.1,25.9,24.18,4.13,82.51,14.01,12,-3.45,-2.61,-3.49,-2.27,-1.12,6.4,-0.14,6.45,7.56,0.06,-3.6,-3.84,Rice,Clay Loam,0.528,0.251,20.52,9,0.369,1.951.173,24.141
10.639,106.408,4,3,3.64,37.7,35.6,6,20.8,41.5,37.2,27.91,4.33,79.72,18.06,12,-4.03,-4.78,-4.88,-4,0.35,2.61,7.9,-0.29,6.54,4.36,0.01,-3.83,Rice,Clay Loam,0.763,0.294,21.81,7,0.363,2167.97,27.89
10.429,104.823,4,3,3.64,32.6,40.1,5.4,25.3,42.1,35.5,27.91,4.77,79.76,18.24,12,-3.85,-5.17,-5.46,-3.66,-0.22,0.5,5.61,-0.26,10.88,4.65,0.87,-3.94,Rice,Clay Loam,0.761,0.282,22.56,9,0.483,3.468.752,27.89
20.226,105.908,2,25,3.64,34.7,24.2,5.7,29.3,35.9,35,24.21,3.5,83.74,14.41,12,-3.17,-3.04,-3.17,-2.47,-1.36,1.99,1.29,2.72,8.21,4.04,-2.02,-3.04,Rice,Clay Loam,0.491,0.272,18.27,9,0.45,2.818.361,24.048
9.683,105.351,4,1,3.64,38,40.7,5.8,27.3,34.7,53.2,27.58,5.68,82.83,17.03,12,-5.15,-6.22,-6.61,-3.85,-0.17,0.76,10.43,0.35,9.34,6.06,0.59,-5.48,Rice,Clay Loam,0.633,0.302,27.48,7,0.379,2.601.564,27.574
9.969,105.803,4,4,3.64,34.9,35.9,6.1,27,38.1,48.2,27.52,5.44,82.42,17.03,12,-4.68,-6.01,-6.26,-4.19,0.2,1.23,10.03,-0.2,9.39,5.07,0.41,-4.97,Rice,Clay Loam,0.646,0.295,26.31,7,0.381,1.951.173,27.494
10.417,105.261,11,2,3.64,43.4,33.4,5.6,20.1,36.5,38.5,27.91,4.77,79.76,17.9,12,-3.85,-5.17,-5.46,-3.66,-0.22,0.5,5.61,-0.26,10.88,4.65,0.87,-3.94,Rice,Clay,0.761,0.298,22.56,9,0.483,3.035.158,27.897
10.157,104.849,4,1,3.64,37.4,33.1,5.7,27.4,35.2,50.8,27.96,4.89,80.82,18.24,12,-4.26,-5.51,-5.79,-3.48,-0.34,0.99,7.3,-0.09,10.14,4.07,1.2,-4.25,Rice,Clay Loam,0.723,0.298,23.72,9,0.428,2.818.361,27.954
9.735,106.261,4,6,3.64,37.8,28.1,6.1,25.6,36.6,35.6,27.77,5.28,82.72,18.77,12,-4.89,-5.87,-6.07,-3.73,0.31,0.66,9.99,0.82,8.06,5.64,0.34,-5.29,Rice,Clay Loam,0.644,0.281,25.85,7,0.387,1.951.173,27.731
9.527,105.135,11,3,3.64,37.4,43,5.5,25,37.6,56.6,27.97,4.72,81.28,17.03,12,-4.59,-5.52,-5.78,-3.25,-0.54,1.6,7.82,0.24,8.31,4.06,1.94,-4.24,Rice,Clay Loam,0.706,0.312,23.92,9,0.347,3.251.955,27.95
9.236,105.385,4,2,3.64,39,35.1,5.6,32.1,28.9,39.3,27.84,5.34,82.89,17.03,12,-5.21,-5.96,-6.44,-3.2,-0.3,0.5,9.1,0.95,8.41,6.51,1.07,-5.45,Rice,Clay Loam,0.641,0.271,26.56,7,0.343,3.035.158,27.827
20.359,106.386,2,1,3.64,33.1,35.1,6.1,29.6,37.3,29.2,24.42,4.15,83.73,14.17,12,-3.54,-3.28,-3.86,-2.76,-1.25,4.9,0.24,4.95,8.6,3.24,-3.34,-3.95,Rice,Clay Loam,0.498,0.263,21.98,9,0.392,1.951.173,24.414
20.464,105.879,7,217,3.64,32.6,22.1,6.1,29.5,37.8,32,23.6,3.61,83.74,14.41,12,-3.31,-2.87,-3.1,-2.21,-1.23,4,0.43,4.46,7.45,2.88,-3.09,-3.44,Rice,Clay Loam,0.474,0.267,19.25,9,0.388,1.951.173,22.19
10.643,104.93,11,3,3.64,26.9,32.8,5.3,31.6,41.5,32.3,27.91,4.77,79.76,18.24,12,-3.85,-5.17,-5.46,-3.66,-0.22,0.5,5.61,-0.26,10.88,4.65,0.87,-3.94,Rice,Loam,0.761,0.263,22.56,9,0.483,3.685.549,27.89
8.603,104.795,4,15,3.64,36.5,50.3,5.5,32.6,30.9,78.1,28.14,3.97,81.31,17.74,12,-3.92,-4.92,-5.23,-3.15,-0.59,0.53,5.39,0.83,6.79,2.56,4.54,-2.86,Rice,Clay Loam,0.712,0.324,20.67,9,0.329,3.251.955,28.042
9.96,106.499,4,2,3.64,40.4,37.7,6.2,22.8,36.8,37.4,27.61,5.05,82.34,18.77,12,-4.58,-5.54,-5.71,-4.16,0.46,1.64,10.07,-0.1,7.61,4.57,0.32,-4.63,Rice,Clay,0.653,0.29,24.72,7,0.408,1.734.376,27.597
21.37,105.61,2,25,3.64,32.2,24.5,6.2,30.8,37,22.4,23.66,4.1,82.25,14.01,12,-3.83,-2.11,-3.41,-2.35,-0.33,6.36,1.26,8.89,4.16,-1.78,-3.22,-3.69,Rice,Clay Loam,0.519,0.251,20.72,8,0.43,1.734.376,23.498
9.592,106.354,4,3,3.64,37.1,38.1,6.1,27.2,35.7,46.1,27.77,5.28,82.72,18.77,12,-4.89,-5.87,-6.07,-3.73,0.31,0.66,9.99,0.82,8.06,5.64,0.34,-5.29,Rice,Clay Loam,0.644,0.292,25.85,7,0.387,1.951.173,27.75
10.811,106.457,11,2,3.64,36.7,33.9,5.7,21.5,41.8,27.2,28.08,3.71,77.7,18.06,12,-3.56,-4.08,-4.13,-3.62,0.1,2.86,5.77,0.03,5.64,4.65,-0.35,-3.28,Rice,Clay Loam,0.847,0.279,19.02,7,0.303,2.818.361,28.067
10.396,106.209,11,6,3.64,42.7,30.9,6.3,19.6,37.7,49.1,27.91,4.33,79.72,18.06,12,-4.03,-4.78,-4.88,-4,0.35,2.61,7.9,-0.29,6.54,4.36,0.01,-3.83,Rice,Clay,0.763,0.314,21.81,7,0.363,1.517.579,27.871
9.476,105.867,11,0,3.64,34.3,32.5,5.6,26.7,39,32.5,27.58,5.68,82.83,17.03,12,-5.15,-6.22,-6.61,-3.85,-0.17,0.76,10.43,0.35,9.34,6.06,0.59,-5.48,Rice,Clay Loam,0.633,0.274,27.48,7,0.379,3.035.158,27.58
9.648,105.191,4,1,3.64,35.7,42.4,5.5,24.8,39.5,34,27.97,4.72,81.28,17.03,12,-4.59,-5.52,-5.78,-3.25,-0.54,1.6,7.82,0.24,8.31,4.06,1.94,-4.24,Rice,Clay Loam,0.706,0.281,23.92,9,0.347,3.251.955,27.964
20.135,105.987,2,2,3.64,33.5,22,6,30.1,36.4,26.1,24.89,4.18,84.24,14.41,12,-3.87,-3.88,-4.3,-3.56,-1.35,2.53,2.04,3.07,7.68,7.12,-1.86,-3.62,Rice,Clay Loam,0.496,0.257,22.44,9,0.342,2167.97,24.877
9.486,105.381,11,1,3.64,36.7,41.4,5.3,27,36.3,35.6,27.58,5.68,82.83,17.03,12,-5.15,-6.22,-6.61,-3.85,-0.17,0.76,10.43,0.35,9.34,6.06,0.59,-5.48,Rice,Clay Loam,0.633,0.278,27.48,7,0.379,3.685.549,27.574
10.148,105.866,11,2,3.64,38.9,37.6,6.2,23.2,37.9,47,27.52,5.44,82.42,17.9,12,-4.68,-6.01,-6.26,-4.19,0.2,1.23,10.03,-0.2,9.39,5.07,0.41,-4.97,Rice,Clay Loam,0.646,0.302,26.31,7,0.381,1.734.376,27.507
20.572,105.679,7,125,3.64,34,27.4,5.5,25.3,40.7,39.7,23.6,3.61,83.74,14.41,12,-3.31,-2.87,-3.1,-2.21,-1.23,4,0.43,4.46,7.45,2.88,-3.09,-3.44,Rice,Clay Loam,0.474,0.287,19.25,9,0.388,3.251.955,22.788
9.436,104.859,4,0,3.64,36.1,40.7,5.5,25.7,38.3,56.6,27.97,4.72,81.28,18.06,12,-4.59,-5.52,-5.78,-3.25,-0.54,1.6,7.82,0.24,8.31,4.06,1.94,-4.24,Rice,Clay Loam,0.706,0.31,23.92,9,0.347,3.251.955,27.97
20.495,106.26,7,3,3.64,34.2,28.2,6,27.9,37.9,28.8,24.42,4.15,83.73,14.17,12,-3.54,-3.28,-3.86,-2.76,-1.25,4.9,0.24,4.95,8.6,3.24,-3.34,-3.95,Rice,Clay Loam,0.498,0.266,21.98,9,0.392,2167.97,24.4
9.801,105.767,11,3,3.64,37.6,39.3,5.6,27.8,34.7,54,27.52,5.44,82.42,17.03,12,-4.68,-6.01,-6.26,-4.19,0.2,1.23,10.03,-0.2,9.39,5.07,0.41,-4.97,Rice,Clay Loam,0.646,0.302,26.31,7,0.381,3.035.158,27.5
10.899,105.729,4,3,3.64,35.4,26.5,5.5,20.5,44,33.9,28.1,3.74,77.56,17.9,12,-3.37,-4.2,-4.32,-3.49,0.06,1.63,4.58,-0.12,6.51,5.58,0.4,-3.31,Rice,Clay Loam,0.853,0.29,18.81,9,0.347,3.251.955,28.08
20.301,106.221,7,4,3.64,33.7,32.9,6,28.5,37.9,37.2,24.42,4.15,83.73,14.17,12,-3.54,-3.28,-3.86,-2.76,-1.25,4.9,0.24,4.95,8.6,3.24,-3.34,-3.95,Rice,Clay Loam,0.498,0.277,21.98,9,0.392,2167.97,24.394
20.105,105.819,7,17,3.64,32.7,25.2,5.9,30.2,37.1,25.2,24.21,3.5,83.74,14.41,12,-3.17,-3.04,-3.17,-2.47,-1.36,1.99,1.29,2.72,8.21,4.04,-2.02,-3.04,Rice,Clay Loam,0.491,0.256,18.27,9,0.45,2.384.767,24.1
10.887,105.003,11,3,3.64,39.8,37.7,5.8,23.7,36.5,40.6,28.16,3.9,76.87,17.9,12,-3.21,-4.25,-4.47,-3.37,-0.26,0.68,3.27,0.33,8.7,4.94,0.85,-3.21,Rice,Clay Loam,0.882,0.292,18.77,9,0.464,2.601.564,28.14
20.613,106.539,2,2,3.64,36.6,35.2,5.9,27.8,35.6,29.5,24.42,4.15,83.73,14.17,12,-3.54,-3.28,-3.86,-2.76,-1.25,4.9,0.24,4.95,8.6,3.24,-3.34,-3.95,Rice,Clay Loam,0.498,0.267,21.98,9,0.392,2.384.767,24.407
20.584,106.32,2,2,3.64,33.9,30.5,5.9,25.8,40.4,35.2,24.42,4.15,83.73,14.17,12,-3.54,-3.28,-3.86,-2.76,-1.25,4.9,0.24,4.95,8.6,3.24,-3.34,-3.95,Rice,Clay Loam,0.498,0.28,21.98,9,0.392,2.384.767,24.407
21.489,105.898,7,24,3.64,31.9,23.7,6.2,31.7,36.4,21,23.66,4.1,82.25,14.01,12,-3.83,-2.11,-3.41,-2.35,-0.33,6.36,1.26,8.89,4.16,-1.78,-3.22,-3.69,Rice,Clay Loam,0.519,0.246,20.72,8,0.43,1.734.376,23.504
9.45,105.899,11,2,3.64,35.6,46.7,5.5,33.6,30.8,43.2,27.58,5.68,82.83,17.03,12,-5.15,-6.22,-6.61,-3.85,-0.17,0.76,10.43,0.35,9.34,6.06,0.59,-5.48,Rice,Clay Loam,0.633,0.273,27.48,7,0.379,3.251.955,27.567
9.704,106.513,11,2,3.64,38.1,33.6,6.1,27.1,34.8,40,27.77,5.28,82.72,18.77,12,-4.89,-5.87,-6.07,-3.73,0.31,0.66,9.99,0.82,8.06,5.64,0.34,-5.29,Rice,Clay Loam,0.644,0.284,25.85,7,0.387,1.951.173,27.757
20.67,105.963,2,4,3.64,33.9,26.6,6,26.1,39.9,27.5,24.42,4.15,83.73,14.41,12,-3.54,-3.28,-3.86,-2.76,-1.25,4.9,0.24,4.95,8.6,3.24,-3.34,-3.95,Rice,Clay Loam,0.498,0.268,21.98,9,0.392,2167.97,24.394
10.672,104.849,4,4,3.64,33.3,40.9,5.7,31.6,35.2,50,27.91,4.77,79.76,18.24,12,-3.85,-5.17,-5.46,-3.66,-0.22,0.5,5.61,-0.26,10.88,4.65,0.87,-3.94,Rice,Clay Loam,0.761,0.287,22.56,9,0.483,2.818.361,27.884
20.609,106.296,2,4,3.64,30.2,27.2,5.8,27.3,42.5,30,24.42,4.15,83.73,14.17,12,-3.54,-3.28,-3.86,-2.76,-1.25,4.9,0.24,4.95,8.6,3.24,-3.34,-3.95,Rice,Clay Loam,0.498,0.269,21.98,9,0.392,2.601.564,24.394
9.552,104.979,11,1,3.64,38.8,35.8,5.5,25.6,35.7,45.4,27.97,4.72,81.28,18.06,12,-4.59,-5.52,-5.78,-3.25,-0.54,1.6,7.82,0.24,8.31,4.06,1.94,-4.24,Rice,Clay Loam,0.706,0.295,23.92,9,0.347,3.251.955,27.964
10.362,106.27,11,7,3.64,38.3,32.6,6.2,20.8,40.9,63.4,27.91,4.33,79.72,18.06,12,-4.03,-4.78,-4.88,-4,0.35,2.61,7.9,-0.29,6.54,4.36,0.01,-3.83,Rice,Clay Loam,0.763,0.331,21.81,7,0.363,1.734.376,27.864
10.607,105.036,4,3,3.64,30.2,29.5,5.7,32.6,37.2,40.6,27.91,4.77,79.76,17.9,12,-3.85,-5.17,-5.46,-3.66,-0.22,0.5,5.61,-0.26,10.88,4.65,0.87,-3.94,Rice,Clay Loam,0.761,0.272,22.56,9,0.483,2.818.361,27.89
21.389,106.391,2,56,3.64,32,23.7,5.8,23.3,44.7,32.6,23.24,4.05,82.32,13.38,12,-3.55,-1.88,-3.28,-2.06,-0.89,7.01,0.69,7.59,5.4,-2.13,-3.3,-3.62,Rice,Clay Loam,0.504,0.282,20.71,8,0.367,2.601.564,22.876
8.678,104.817,4,3,3.64,41.3,65.9,5.8,28.8,29.9,61.9,28.14,3.97,81.31,17.74,12,-3.92,-4.92,-5.23,-3.15,-0.59,0.53,5.39,0.83,6.79,2.56,4.54,-2.86,Rice,Clay,0.712,0.31,20.67,9,0.329,2.601.564,28.12
20.297,105.831,7,2,3.64,35,30.7,6,26.6,38.4,23.8,23.6,3.61,83.74,14.41,12,-3.31,-2.87,-3.1,-2.21,-1.23,4,0.43,4.46,7.45,2.88,-3.09,-3.44,Rice,Clay Loam,0.474,0.262,19.25,9,0.388,2167.97,23.587
10.171,105.67,11,4,3.64,39.6,26.5,5.8,20.1,40.3,32.4,27.52,5.44,82.42,17.9,12,-4.68,-6.01,-6.26,-4.19,0.2,1.23,10.03,-0.2,9.39,5.07,0.41,-4.97,Rice,Clay Loam,0.646,0.289,26.31,7,0.381,2.601.564,27.494
21.14,105.735,7,7,3.64,27.4,21.4,5.9,31.6,41,23.9,23.88,3.84,82.73,14.01,12,-3.62,-2.57,-3.27,-2.24,-0.69,5.8,0.34,6.86,5.89,0.57,-3.41,-3.66,Rice,Clay Loam,0.512,0.251,19.46,8,0.353,2.384.767,23.834
10.442,105.916,11,2,3.64,39.4,25.1,6.3,19.1,41.5,32.2,27.74,4.64,80.6,17.9,12,-4.02,-5.17,-5.35,-3.98,0.31,1.52,7.43,-0.41,8.29,5.16,0.33,-4.15,Rice,Clay Loam,0.722,0.291,23.08,9,0.36,1.517.579,27.727
20.999,105.77,2,8,3.64,30.1,21.9,6.1,30.3,39.6,24.4,23.88,3.84,82.73,14.41,12,-3.62,-2.57,-3.27,-2.24,-0.69,5.8,0.34,6.86,5.89,0.57,-3.41,-3.66,Rice,Clay Loam,0.512,0.254,19.46,8,0.353,1.951.173,23.828
20.861,106.097,7,3,3.64,38.1,24.7,6,26.3,35.6,25.6,24.18,4.13,82.51,14.17,12,-3.45,-2.61,-3.49,-2.27,-1.12,6.4,-0.14,6.45,7.56,0.06,-3.6,-3.84,Rice,Clay Loam,0.528,0.265,20.52,9,0.369,2167.97,24.16
9.629,106.393,4,0,3.64,35.7,41.9,6.2,27,37.3,40.9,27.77,5.28,82.72,18.77,12,-4.89,-5.87,-6.07,-3.73,0.31,0.66,9.99,0.82,8.06,5.64,0.34,-5.29,Rice,Clay Loam,0.644,0.285,25.85,7,0.387,1.734.376,27.77
21.067,105.613,7,9,3.64,28.5,23.6,6,30.6,40.9,26.6,23.88,3.84,82.73,14.01,12,-3.62,-2.57,-3.27,-2.24,-0.69,5.8,0.34,6.86,5.89,0.57,-3.41,-3.66,Rice,Clay Loam,0.512,0.257,19.46,8,0.353,2167.97,23.822
9.312,105.516,11,1,3.64,44.6,43.8,5.7,30.6,24.8,50.7,27.58,5.68,82.83,17.03,12,-5.15,-6.22,-6.61,-3.85,-0.17,0.76,10.43,0.35,9.34,6.06,0.59,-5.48,Rice,Clay,0.633,0.291,27.48,7,0.379,2.818.361,27.574
10.448,104.972,11,7,3.64,36.6,34.6,5.5,34.5,28.9,35.7,27.91,4.77,79.76,18.24,12,-3.85,-5.17,-5.46,-3.66,-0.22,0.5,5.61,-0.26,10.88,4.65,0.87,-3.94,Rice,Clay Loam,0.761,0.261,22.56,9,0.483,3.251.955,27.864
20.287,106.017,2,2,3.64,33.6,28.3,6.1,28.5,37.9,34.8,24.42,4.15,83.73,14.17,12,-3.54,-3.28,-3.86,-2.76,-1.25,4.9,0.24,4.95,8.6,3.24,-3.34,-3.95,Rice,Clay Loam,0.498,0.273,21.98,9,0.392,1.951.173,24.407
10.675,104.98,4,3,3.64,33.2,25.9,6.1,26.6,40.2,26.4,27.91,4.77,79.76,18.24,12,-3.85,-5.17,-5.46,-3.66,-0.22,0.5,5.61,-0.26,10.88,4.65,0.87,-3.94,Rice,Clay Loam,0.761,0.266,22.56,9,0.483,1.951.173,27.89
20.544,106.428,7,2,3.64,35.4,36.7,5.9,27.5,37.1,40.8,24.42,4.15,83.73,14.17,12,-3.54,-3.28,-3.86,-2.76,-1.25,4.9,0.24,4.95,8.6,3.24,-3.34,-3.95,Rice,Clay Loam,0.498,0.284,21.98,9,0.392,2.384.767,24.407
20.573,106.416,7,4,3.64,34.6,35.6,6,26.6,38.7,34.8,24.42,4.15,83.73,14.17,12,-3.54,-3.28,-3.86,-2.76,-1.25,4.9,0.24,4.95,8.6,3.24,-3.34,-3.95,Rice,Clay Loam,0.498,0.278,21.98,9,0.392,2167.97,24.394
10.6,105.608,11,0,3.64,36.5,35.5,5.8,21,42.5,40.2,27.74,4.64,80.6,17.9,12,-4.02,-5.17,-5.35,-3.98,0.31,1.52,7.43,-0.41,8.29,5.16,0.33,-4.15,Rice,Clay Loam,0.722,0.298,23.08,9,0.36,2.601.564,27.74
9.318,105.659,11,2,3.64,43.9,38.1,5.8,31.1,25,48.6,27.58,5.68,82.83,17.03,12,-5.15,-6.22,-6.61,-3.85,-0.17,0.76,10.43,0.35,9.34,6.06,0.59,-5.48,Rice,Clay,0.633,0.287,27.48,7,0.379,2.601.564,27.567
10.043,105.055,11,1,3.64,36.3,31,5.9,25.1,38.6,59.8,27.96,4.89,80.82,17.9,12,-4.26,-5.51,-5.79,-3.48,-0.34,0.99,7.3,-0.09,10.14,4.07,1.2,-4.25,Rice,Clay Loam,0.723,0.316,23.72,9,0.428,2.384.767,27.954
20.452,106.392,7,3,3.64,36.3,30.9,5.9,27.2,36.5,30.9,24.42,4.15,83.73,14.17,12,-3.54,-3.28,-3.86,-2.76,-1.25,4.9,0.24,4.95,8.6,3.24,-3.34,-3.95,Rice,Clay Loam,0.498,0.271,21.98,9,0.392,2.384.767,24.4
10.656,106.424,4,3,3.64,41.3,34.5,5.8,20.7,38,30.4,27.91,4.33,79.72,18.06,12,-4.03,-4.78,-4.88,-4,0.35,2.61,7.9,-0.29,6.54,4.36,0.01,-3.83,Rice,Clay,0.763,0.285,21.81,7,0.363,2.601.564,27.89
20.37,106.48,7,4,3.64,37.1,34.5,6,26,36.9,35.6,24.42,4.15,83.73,14.17,12,-3.54,-3.28,-3.86,-2.76,-1.25,4.9,0.24,4.95,8.6,3.24,-3.34,-3.95,Rice,Clay Loam,0.498,0.28,21.98,9,0.392,2167.97,24.394
20.6,106.443,7,2,3.64,34.1,40.4,6.2,27.8,38.2,35.5,24.42,4.15,83.73,14.17,12,-3.54,-3.28,-3.86,-2.76,-1.25,4.9,0.24,4.95,8.6,3.24,-3.34,-3.95,Rice,Clay Loam,0.498,0.276,21.98,9,0.392,1.734.376,24.407
10.036,105.073,4,1,3.64,36,28.6,5.7,26,38,45.6,27.96,4.89,80.82,17.9,12,-4.26,-5.51,-5.79,-3.48,-0.34,0.99,7.3,-0.09,10.14,4.07,1.2,-4.25,Rice,Clay Loam,0.723,0.294,23.72,9,0.428,2.818.361,27.954
20.425,106.015,7,6,3.64,33,20.6,6.1,28.1,38.9,29.9,24.42,4.15,83.73,14.17,12,-3.54,-3.28,-3.86,-2.76,-1.25,4.9,0.24,4.95,8.6,3.24,-3.34,-3.95,Rice,Clay Loam,0.498,0.267,21.98,9,0.392,1.951.173,24.381
10.463,105.249,4,2,3.64,37,34,5.9,18.2,44.8,38.9,27.91,4.77,79.76,17.9,12,-3.85,-5.17,-5.46,-3.66,-0.22,0.5,5.61,-0.26,10.88,4.65,0.87,-3.94,Rice,Clay Loam,0.761,0.303,22.56,9,0.483,2.384.767,27.897
10.402,104.828,4,4,3.64,31.1,37.3,5.5,26.2,42.8,43.5,27.91,4.77,79.76,18.24,12,-3.85,-5.17,-5.46,-3.66,-0.22,0.5,5.61,-0.26,10.88,4.65,0.87,-3.94,Rice,Clay Loam,0.761,0.291,22.56,9,0.483,3.251.955,27.884
9.641,105.954,11,3,3.64,41,40,5.8,25.1,34,32.6,27.77,5.28,82.72,17.03,12,-4.89,-5.87,-6.07,-3.73,0.31,0.66,9.99,0.82,8.06,5.64,0.34,-5.29,Rice,Clay,0.644,0.278,25.85,7,0.387,2.601.564,27.75
20.214,106.082,2,4,3.64,35.8,31.9,5.9,29.5,34.7,30.3,24.89,4.18,84.24,14.17,12,-3.87,-3.88,-4.3,-3.56,-1.35,2.53,2.04,3.07,7.68,7.12,-1.86,-3.62,Rice,Clay Loam,0.496,0.265,22.44,9,0.342,2.384.767,24.864
20.525,105.964,7,3,3.64,35.5,26.5,6,24.6,39.9,26.3,24.42,4.15,83.73,14.41,12,-3.54,-3.28,-3.86,-2.76,-1.25,4.9,0.24,4.95,8.6,3.24,-3.34,-3.95,Rice,Clay Loam,0.498,0.27,21.98,9,0.392,2167.97,24.4
9.994,105.627,4,4,3.64,38.4,38.9,5.8,24,37.6,51.5,27.52,5.44,82.42,17.03,12,-4.68,-6.01,-6.26,-4.19,0.2,1.23,10.03,-0.2,9.39,5.07,0.41,-4.97,Rice,Clay Loam,0.646,0.307,26.31,7,0.381,2.601.564,27.494
10.174,106.317,4,4,3.64,35.2,29.2,6.2,22.3,42.4,44.6,27.61,5.05,82.34,18.06,12,-4.58,-5.54,-5.71,-4.16,0.46,1.64,10.07,-0.1,7.61,4.57,0.32,-4.63,Rice,Clay Loam,0.653,0.301,24.72,7,0.408,1.734.376,27.584
10.294,105.653,4,4,3.64,37.9,27.8,5.6,17.3,44.9,34.7,27.74,4.64,80.6,17.9,12,-4.02,-5.17,-5.35,-3.98,0.31,1.52,7.43,-0.41,8.29,5.16,0.33,-4.15,Rice,Clay Loam,0.722,0.299,23.08,9,0.36,3.035.158,27.714
10.137,105.513,4,2,3.64,30.9,40.4,5.8,25.2,43.9,41.9,27.52,5.44,82.42,17.9,12,-4.68,-6.01,-6.26,-4.19,0.2,1.23,10.03,-0.2,9.39,5.07,0.41,-4.97,Rice,Clay Loam,0.646,0.291,26.31,7,0.381,2.601.564,27.507
20.628,105.879,2,4,3.64,35,25.5,6,23.8,41.2,31.3,23.6,3.61,83.74,14.41,12,-3.31,-2.87,-3.1,-2.21,-1.23,4,0.43,4.46,7.45,2.88,-3.09,-3.44,Rice,Clay Loam,0.474,0.279,19.25,9,0.388,2167.97,23.574
9.205,105.302,4,3,3.64,40.3,35,5.6,31.2,28.5,36.5,28.04,4.45,80.82,17.03,12,-4.45,-5.29,-5.62,-3.24,-0.63,1.27,6.71,0.39,7.95,3.73,3.01,-3.78,Rice,Clay,0.727,0.269,23.01,9,0.345,3.035.158,28.02
10.052,105.292,4,1,3.64,36.5,28.9,5.4,25.2,38.3,34,27.96,4.89,80.82,17.9,12,-4.26,-5.51,-5.79,-3.48,-0.34,0.99,7.3,-0.09,10.14,4.07,1.2,-4.25,Rice,Clay Loam,0.723,0.28,23.72,9,0.428,3.468.752,27.954
9.583,105.544,4,5,3.64,38.6,30.4,5.9,25.2,36.2,40.4,27.58,5.68,82.83,17.03,12,-5.15,-6.22,-6.61,-3.85,-0.17,0.76,10.43,0.35,9.34,6.06,0.59,-5.48,Rice,Clay Loam,0.633,0.289,27.48,7,0.379,2.384.767,27.548
20.395,105.897,2,11,3.64,31.7,21.6,5.8,28.2,40.2,35.6,23.6,3.61,83.74,14.41,12,-3.31,-2.87,-3.1,-2.21,-1.23,4,0.43,4.46,7.45,2.88,-3.09,-3.44,Rice,Clay Loam,0.474,0.275,19.25,9,0.388,2.601.564,23.528
20.729,106.523,2,3,3.64,34.4,28.2,6,28.1,37.6,33,24.42,4.15,83.73,14.17,12,-3.54,-3.28,-3.86,-2.76,-1.25,4.9,0.24,4.95,8.6,3.24,-3.34,-3.95,Rice,Clay Loam,0.498,0.272,21.98,9,0.392,2167.97,24.4
10.588,106.143,4,2,3.64,42.6,35,6.1,17.3,40,28.3,27.91,4.33,79.72,18.06,12,-4.03,-4.78,-4.88,-4,0.35,2.61,7.9,-0.29,6.54,4.36,0.01,-3.83,Rice,Clay,0.763,0.29,21.81,7,0.363,1.951.173,27.897
20.121,106.21,2,2,3.64,34.7,39.3,6.1,28.8,36.5,39.1,24.89,4.18,84.24,14.17,12,-3.87,-3.88,-4.3,-3.56,-1.35,2.53,2.04,3.07,7.68,7.12,-1.86,-3.62,Rice,Clay Loam,0.496,0.278,22.44,9,0.342,1.951.173,24.877
21.201,105.953,7,8,3.64,32.4,22.7,6.2,32,35.6,30.4,24.18,4.13,82.51,14.01,12,-3.45,-2.61,-3.49,-2.27,-1.12,6.4,-0.14,6.45,7.56,0.06,-3.6,-3.84,Rice,Clay Loam,0.528,0.259,20.52,9,0.369,1.734.376,24.128
10.162,106.417,11,4,3.64,36.2,31.1,6.1,20.7,43.1,37.6,27.61,5.05,82.34,18.06,12,-4.58,-5.54,-5.71,-4.16,0.46,1.64,10.07,-0.1,7.61,4.57,0.32,-4.63,Rice,Clay Loam,0.653,0.295,24.72,7,0.408,1.951.173,27.584
10.511,105.274,11,3,3.64,38.3,33,6,17.9,43.8,38.2,27.91,4.77,79.76,17.9,12,-3.85,-5.17,-5.46,-3.66,-0.22,0.5,5.61,-0.26,10.88,4.65,0.87,-3.94,Rice,Clay Loam,0.761,0.302,22.56,9,0.483,2167.97,27.89
20.983,106.124,7,5,3.64,33.4,26.4,6,24.3,42.4,28.1,24.18,4.13,82.51,14.17,12,-3.45,-2.61,-3.49,-2.27,-1.12,6.4,-0.14,6.45,7.56,0.06,-3.6,-3.84,Rice,Clay Loam,0.528,0.273,20.52,9,0.369,2167.97,24.148
20.887,106.089,7,3,3.64,33.4,23.8,6,23.8,42.8,24.8,24.18,4.13,82.51,14.17,12,-3.45,-2.61,-3.49,-2.27,-1.12,6.4,-0.14,6.45,7.56,0.06,-3.6,-3.84,Rice,Clay Loam,0.528,0.27,20.52,9,0.369,2167.97,24.16
20.361,105.669,7,33,3.64,31.9,23,5.9,28.1,40.1,19.8,23.6,3.61,83.74,14.41,12,-3.31,-2.87,-3.1,-2.21,-1.23,4,0.43,4.46,7.45,2.88,-3.09,-3.44,Rice,Clay Loam,0.474,0.253,19.25,9,0.388,2.384.767,23.386
21.254,106.434,2,25,3.64,29.7,23.5,5.8,26.9,43.4,29.3,23.24,4.05,82.32,13.38,12,-3.55,-1.88,-3.28,-2.06,-0.89,7.01,0.69,7.59,5.4,-2.13,-3.3,-3.62,Rice,Clay Loam,0.504,0.269,20.71,8,0.367,2.601.564,23.077
20.977,106.444,7,3,3.64,34.2,31.3,6,28.4,37.3,34.8,24.18,4.13,82.51,14.17,12,-3.45,-2.61,-3.49,-2.27,-1.12,6.4,-0.14,6.45,7.56,0.06,-3.6,-3.84,Rice,Clay Loam,0.528,0.273,20.52,9,0.369,2167.97,24.16
10.594,104.596,11,4,3.64,32.3,37.8,5.5,27,40.7,30.6,28.02,4.28,79.32,18.24,12,-3.59,-4.73,-4.96,-3.39,-0.31,0.74,4.69,-0.22,9.83,4.01,1.31,-3.42,Rice,Clay Loam,0.783,0.271,20.62,9,0.478,3.251.955,27.994
9.79,106.221,11,2,3.64,37.5,31.5,6.2,26.5,36,36.1,27.61,5.05,82.34,18.77,12,-4.58,-5.54,-5.71,-4.16,0.46,1.64,10.07,-0.1,7.61,4.57,0.32,-4.63,Rice,Clay Loam,0.653,0.28,24.72,7,0.408,1.734.376,27.597
10.7,106.205,11,4,3.64,39.2,35.2,6.1,15.7,45.1,41.3,27.91,4.33,79.72,18.06,12,-4.03,-4.78,-4.88,-4,0.35,2.61,7.9,-0.29,6.54,4.36,0.01,-3.83,Rice,Clay Loam,0.763,0.312,21.81,7,0.363,1.951.173,27.884
20.254,105.566,7,16,3.64,32.1,23,5.9,27.4,40.6,21.1,23.6,3.61,83.74,14.41,12,-3.31,-2.87,-3.1,-2.21,-1.23,4,0.43,4.46,7.45,2.88,-3.09,-3.44,Rice,Clay Loam,0.474,0.257,19.25,9,0.388,2.384.767,23.496
21.449,106.619,2,66,3.64,29.7,21.4,6.4,26.3,44,47.7,22.33,4.4,83.68,13.38,12,-3.51,-2.18,-3.29,-2.25,-1.59,9.09,1.12,6.42,6.2,-2.75,-3.26,-3.95,Rice,Clay Loam,0.44,0.296,22.78,6,0.398,1.300.782,21.901
20.765,106.567,7,2,3.64,34.9,30.8,6.1,30.9,34.2,35,23.76,5.06,83.5,14.17,12,-3.61,-3.18,-3.97,-3.01,-1.53,10.61,0.28,6.3,8.2,-1.85,-3.74,-4.52,Rice,Clay Loam,0.485,0.268,25.41,6,0.418,1.951.173,23.747
10.581,104.875,11,16,3.64,28.8,33.4,5.9,43.2,28,37.3,27.91,4.77,79.76,18.24,12,-3.85,-5.17,-5.46,-3.66,-0.22,0.5,5.61,-0.26,10.88,4.65,0.87,-3.94,Rice,Clay Loam,0.761,0.243,22.56,9,0.483,2.384.767,27.806
20.373,105.547,7,283,3.64,31.6,30.2,5.6,26.9,41.5,38.9,23.6,3.61,83.74,14.41,12,-3.31,-2.87,-3.1,-2.21,-1.23,4,0.43,4.46,7.45,2.88,-3.09,-3.44,Rice,Clay Loam,0.474,0.283,19.25,9,0.388,3.035.158,21.76
9.591,105.605,4,3,3.64,39.3,25.5,5.8,24.5,36.2,35.7,27.58,5.68,82.83,17.03,12,-5.15,-6.22,-6.61,-3.85,-0.17,0.76,10.43,0.35,9.34,6.06,0.59,-5.48,Rice,Clay Loam,0.633,0.284,27.48,7,0.379,2.601.564,27.56
20.367,105.985,2,3,3.64,33.3,22.8,6.1,25.7,41.1,26.9,24.42,4.15,83.73,14.41,12,-3.54,-3.28,-3.86,-2.76,-1.25,4.9,0.24,4.95,8.6,3.24,-3.34,-3.95,Rice,Clay Loam,0.498,0.269,21.98,9,0.392,1.951.173,24.4
21.336,106.388,7,12,3.64,29.2,20.3,6.1,25.6,45.2,19.2,23.24,4.05,82.32,13.38,12,-3.55,-1.88,-3.28,-2.06,-0.89,7.01,0.69,7.59,5.4,-2.13,-3.3,-3.62,Rice,Clay Loam,0.504,0.258,20.71,8,0.367,1.951.173,23.162
20.974,106.041,2,5,3.64,32.3,21.7,6.1,31.5,36.2,22,24.18,4.13,82.51,14.17,12,-3.45,-2.61,-3.49,-2.27,-1.12,6.4,-0.14,6.45,7.56,0.06,-3.6,-3.84,Rice,Clay Loam,0.528,0.248,20.52,9,0.369,1.951.173,24.148
20.551,106.24,7,3,3.64,33.3,29.3,6,26.4,40.3,32.5,24.42,4.15,83.73,14.17,12,-3.54,-3.28,-3.86,-2.76,-1.25,4.9,0.24,4.95,8.6,3.24,-3.34,-3.95,Rice,Clay Loam,0.498,0.275,21.98,9,0.392,2167.97,24.4
10.891,105.126,11,4,3.64,33.5,25.1,5.5,23.3,43.3,31.3,28.16,3.9,76.87,17.9,12,-3.21,-4.25,-4.47,-3.37,-0.26,0.68,3.27,0.33,8.7,4.94,0.85,-3.21,Rice,Clay Loam,0.882,0.28,18.77,9,0.464,3.251.955,28.134
20.981,105.633,7,7,3.64,31.3,23.1,5.7,25.5,43.2,31.7,23.88,3.84,82.73,14.41,12,-3.62,-2.57,-3.27,-2.24,-0.69,5.8,0.34,6.86,5.89,0.57,-3.41,-3.66,Rice,Clay Loam,0.512,0.276,19.46,8,0.353,2.818.361,23.834
10.282,104.666,4,2,3.64,31.6,55.9,5.6,27.2,41.2,54.6,28.02,4.28,79.32,18.24,12,-3.59,-4.73,-4.96,-3.39,-0.31,0.74,4.69,-0.22,9.83,4.01,1.31,-3.42,Rice,Clay Loam,0.783,0.304,20.62,9,0.478,3.035.158,28.007
10.54,105.55,11,2,3.64,35.2,27.8,5.5,22.2,42.6,35.8,27.74,4.64,80.6,17.9,12,-4.02,-5.17,-5.35,-3.98,0.31,1.52,7.43,-0.41,8.29,5.16,0.33,-4.15,Rice,Clay Loam,0.722,0.289,23.08,9,0.36,3.251.955,27.727
9.494,105.827,11,2,3.64,41.1,45.9,5.7,27.1,31.8,39.1,27.58,5.68,82.83,17.03,12,-5.15,-6.22,-6.61,-3.85,-0.17,0.76,10.43,0.35,9.34,6.06,0.59,-5.48,Rice,Clay,0.633,0.282,27.48,7,0.379,2.818.361,27.567
20.672,106.593,2,2,3.64,32.5,31.8,6.1,30.6,37,28.3,25.01,5.24,82.62,14.17,12,-4,-4.2,-4.82,-4.01,-1.04,10.84,0.69,5.18,8.3,1.8,-3.8,-4.9,Rice,Clay Loam,0.551,0.259,26.77,6,0.404,1.951.173,24.997
10.336,105.822,11,3,3.64,39.7,26.8,6.3,18.7,41.6,40.1,27.74,4.64,80.6,17.9,12,-4.02,-5.17,-5.35,-3.98,0.31,1.52,7.43,-0.41,8.29,5.16,0.33,-4.15,Rice,Clay Loam,0.722,0.303,23.08,9,0.36,1.517.579,27.72
9.069,105.383,4,3,3.64,40.3,35.4,5.6,33.1,26.6,45.8,27.84,5.34,82.89,17.03,12,-5.21,-5.96,-6.44,-3.2,-0.3,0.5,9.1,0.95,8.41,6.51,1.07,-5.45,Rice,Clay,0.641,0.278,26.56,7,0.343,3.035.158,27.82
20.49,105.859,2,205,3.64,34.1,24.9,5.7,25.5,40.4,35.2,23.6,3.61,83.74,14.41,12,-3.31,-2.87,-3.1,-2.21,-1.23,4,0.43,4.46,7.45,2.88,-3.09,-3.44,Rice,Clay Loam,0.474,0.281,19.25,9,0.388,2.818.361,22.268
9.08,105.251,11,2,3.64,38.9,37.6,5.4,29.8,31.3,46.7,28.04,4.45,80.82,17.03,12,-4.45,-5.29,-5.62,-3.24,-0.63,1.27,6.71,0.39,7.95,3.73,3.01,-3.78,Rice,Clay Loam,0.727,0.287,23.01,9,0.345,3.468.752,28.027
20.42,106.396,2,2,3.64,33.1,32.5,5.8,28.4,38.5,34.9,24.42,4.15,83.73,14.17,12,-3.54,-3.28,-3.86,-2.76,-1.25,4.9,0.24,4.95,8.6,3.24,-3.34,-3.95,Rice,Clay Loam,0.498,0.274,21.98,9,0.392,2.601.564,24.407
21.475,105.676,2,176,3.64,36.1,31.3,5.4,28.8,35.2,35.6,23.66,4.1,82.25,14.01,12,-3.83,-2.11,-3.41,-2.35,-0.33,6.36,1.26,8.89,4.16,-1.78,-3.22,-3.69,Rice,Clay Loam,0.519,0.274,20.72,8,0.43,3.468.752,22.516
20.617,105.674,7,13,3.64,32.8,21,6,22.9,44.2,24.2,23.6,3.61,83.74,14.41,12,-3.31,-2.87,-3.1,-2.21,-1.23,4,0.43,4.46,7.45,2.88,-3.09,-3.44,Rice,Clay Loam,0.474,0.271,19.25,9,0.388,2167.97,23.516
20.47,106.527,2,2,3.64,38.2,34.7,6.2,26.1,35.7,32,24.42,4.15,83.73,14.17,12,-3.54,-3.28,-3.86,-2.76,-1.25,4.9,0.24,4.95,8.6,3.24,-3.34,-3.95,Rice,Clay Loam,0.498,0.275,21.98,9,0.392,1.734.376,24.407
20.523,105.633,7,36,3.64,30.9,24.5,5.7,24.4,44.7,38.1,23.6,3.61,83.74,14.41,12,-3.31,-2.87,-3.1,-2.21,-1.23,4,0.43,4.46,7.45,2.88,-3.09,-3.44,Rice,Clay Loam,0.474,0.287,19.25,9,0.388,2.818.361,23.366
20.299,106.015,2,3,3.64,33.4,27.9,6,27,39.6,27,24.42,4.15,83.73,14.17,12,-3.54,-3.28,-3.86,-2.76,-1.25,4.9,0.24,4.95,8.6,3.24,-3.34,-3.95,Rice,Clay Loam,0.498,0.266,21.98,9,0.392,2167.97,24.4
20.737,106.415,7,3,3.64,32.7,27.2,6,27.8,39.5,38.5,24.42,4.15,83.73,14.17,12,-3.54,-3.28,-3.86,-2.76,-1.25,4.9,0.24,4.95,8.6,3.24,-3.34,-3.95,Rice,Clay Loam,0.498,0.28,21.98,9,0.392,2167.97,24.4
20.759,105.575,7,184,3.64,33.8,27.7,5.8,26.5,39.6,34.3,23.88,3.84,82.73,14.41,12,-3.62,-2.57,-3.27,-2.24,-0.69,5.8,0.34,6.86,5.89,0.57,-3.41,-3.66,Rice,Clay Loam,0.512,0.277,19.46,8,0.353,2.601.564,22.684
20.281,105.85,2,38,3.64,32.1,25.5,5.8,28.6,39.3,31.9,23.6,3.61,83.74,14.41,12,-3.31,-2.87,-3.1,-2.21,-1.23,4,0.43,4.46,7.45,2.88,-3.09,-3.44,Rice,Clay Loam,0.474,0.269,19.25,9,0.388,2.601.564,23.353
21.27,106.642,7,82,3.64,36.4,22.1,6,25.6,38,26.6,22.33,4.4,83.68,13.38,12,-3.51,-2.18,-3.29,-2.25,-1.59,9.09,1.12,6.42,6.2,-2.75,-3.26,-3.95,Rice,Clay Loam,0.44,0.268,22.78,6,0.398,2167.97,21.797
10.165,105.469,4,5,3.64,34.7,30.6,5.6,22.4,42.9,31.4,27.52,5.44,82.42,17.9,12,-4.68,-6.01,-6.26,-4.19,0.2,1.23,10.03,-0.2,9.39,5.07,0.41,-4.97,Rice,Clay Loam,0.646,0.282,26.31,7,0.381,3.035.158,27.488
8.973,105.115,4,2,3.64,39.3,45.9,5.4,31,29.6,48.1,28.04,4.45,80.82,17.99,12,-4.45,-5.29,-5.62,-3.24,-0.63,1.27,6.71,0.39,7.95,3.73,3.01,-3.78,Rice,Clay Loam,0.727,0.286,23.01,9,0.345,3.468.752,28.027
21.033,106.469,7,3,3.64,35.1,24.1,6,28.2,36.8,28.1,24.18,4.13,82.51,13.38,12,-3.45,-2.61,-3.49,-2.27,-1.12,6.4,-0.14,6.45,7.56,0.06,-3.6,-3.84,Rice,Clay Loam,0.528,0.264,20.52,9,0.369,2167.97,24.16
21.367,106.175,2,7,3.64,30.5,22.5,6.3,28.8,40.7,21.9,23.24,4.05,82.32,13.38,12,-3.55,-1.88,-3.28,-2.06,-0.89,7.01,0.69,7.59,5.4,-2.13,-3.3,-3.62,Rice,Clay Loam,0.504,0.254,20.71,8,0.367,1.517.579,23.194
9.807,105.904,11,2,3.64,38,39,6.1,25.4,36.6,52.6,27.52,5.44,82.42,17.03,12,-4.68,-6.01,-6.26,-4.19,0.2,1.23,10.03,-0.2,9.39,5.07,0.41,-4.97,Rice,Clay Loam,0.646,0.305,26.31,7,0.381,1.951.173,27.507
20.631,106.472,2,2,3.64,33.7,31.5,6.2,29.1,37.2,32.9,24.42,4.15,83.73,14.17,12,-3.54,-3.28,-3.86,-2.76,-1.25,4.9,0.24,4.95,8.6,3.24,-3.34,-3.95,Rice,Clay Loam,0.498,0.269,21.98,9,0.392,1.734.376,24.407
20.815,106.321,2,5,3.64,36.2,27,6.1,28.8,35,22.1,24.18,4.13,82.51,14.17,12,-3.45,-2.61,-3.49,-2.27,-1.12,6.4,-0.14,6.45,7.56,0.06,-3.6,-3.84,Rice,Clay Loam,0.528,0.255,20.52,9,0.369,1.951.173,24.148
21.445,106.62,7,41,3.64,32.4,21.6,6.4,26.4,41.3,23,22.33,4.4,83.68,13.38,12,-3.51,-2.18,-3.29,-2.25,-1.59,9.09,1.12,6.42,6.2,-2.75,-3.26,-3.95,Rice,Clay Loam,0.44,0.261,22.78,6,0.398,1.300.782,22.063
10.651,106.317,4,4,3.64,40.9,29.8,6.1,16.3,42.8,24.6,27.91,4.33,79.72,18.06,12,-4.03,-4.78,-4.88,-4,0.35,2.61,7.9,-0.29,6.54,4.36,0.01,-3.83,Rice,Clay,0.763,0.287,21.81,7,0.363,1.951.173,27.884
20.896,106.412,2,6,3.64,35.2,27.2,5.9,31.6,33.3,27.7,24.18,4.13,82.51,14.17,12,-3.45,-2.61,-3.49,-2.27,-1.12,6.4,-0.14,6.45,7.56,0.06,-3.6,-3.84,Rice,Clay Loam,0.528,0.256,20.52,9,0.369,2.384.767,24.141
20.388,105.789,2,3,3.64,32.7,24.5,5.9,25.6,41.7,25.6,23.6,3.61,83.74,14.41,12,-3.31,-2.87,-3.1,-2.21,-1.23,4,0.43,4.46,7.45,2.88,-3.09,-3.44,Rice,Clay Loam,0.474,0.267,19.25,9,0.388,2.384.767,23.58
21.26,106.477,7,139,3.64,31.6,27.9,5.6,24.3,44.1,33.5,23.24,4.05,82.32,13.38,12,-3.55,-1.88,-3.28,-2.06,-0.89,7.01,0.69,7.59,5.4,-2.13,-3.3,-3.62,Rice,Clay Loam,0.504,0.281,20.71,8,0.367,3.035.158,22.336
20.348,105.819,2,2,3.64,34.1,25.8,5.9,25.7,40.2,28.5,23.6,3.61,83.74,14.41,12,-3.31,-2.87,-3.1,-2.21,-1.23,4,0.43,4.46,7.45,2.88,-3.09,-3.44,Rice,Clay Loam,0.474,0.271,19.25,9,0.388,2.384.767,23.587
9.693,105.354,11,2,3.64,39.2,36.4,5.6,26.9,33.9,48.1,27.58,5.68,82.83,17.03,12,-5.15,-6.22,-6.61,-3.85,-0.17,0.76,10.43,0.35,9.34,6.06,0.59,-5.48,Rice,Clay Loam,0.633,0.295,27.48,7,0.379,3.035.158,27.567
10.215,106.006,11,8,3.64,37.9,27,6.3,21.5,40.7,35.7,27.61,5.05,82.34,18.06,12,-4.58,-5.54,-5.71,-4.16,0.46,1.64,10.07,-0.1,7.61,4.57,0.32,-4.63,Rice,Clay Loam,0.653,0.291,24.72,7,0.408,1.517.579,27.558
20.542,106.32,7,3,3.64,32.5,32,6,27,40.5,24.9,24.42,4.15,83.73,14.17,12,-3.54,-3.28,-3.86,-2.76,-1.25,4.9,0.24,4.95,8.6,3.24,-3.34,-3.95,Rice,Clay Loam,0.498,0.263,21.98,9,0.392,2167.97,24.4
20.576,105.776,2,7,3.64,31.6,24.4,6,24.3,44.1,26.7,23.6,3.61,83.74,14.41,12,-3.31,-2.87,-3.1,-2.21,-1.23,4,0.43,4.46,7.45,2.88,-3.09,-3.44,Rice,Clay Loam,0.474,0.271,19.25,9,0.388,2167.97,23.554
20.155,105.662,7,10,3.64,31,20.3,6,28.4,40.5,23.8,24.21,3.5,83.74,14.41,12,-3.17,-3.04,-3.17,-2.47,-1.36,1.99,1.29,2.72,8.21,4.04,-2.02,-3.04,Rice,Clay Loam,0.491,0.258,18.27,9,0.45,2167.97,24.145
9.061,105.359,11,0,3.64,37.1,37.7,5.5,33.3,29.5,39.4,27.84,5.34,82.89,17.03,12,-5.21,-5.96,-6.44,-3.2,-0.3,0.5,9.1,0.95,8.41,6.51,1.07,-5.45,Rice,Clay Loam,0.641,0.269,26.56,7,0.343,3.251.955,27.84
10.824,106.466,11,7,3.64,35.1,25,5.7,23.7,41.2,33.7,28.08,3.71,77.7,18.06,12,-3.56,-4.08,-4.13,-3.62,0.1,2.86,5.77,0.03,5.64,4.65,-0.35,-3.28,Rice,Clay Loam,0.847,0.283,19.02,7,0.303,2.818.361,28.034
20.814,106.322,7,5,3.64,36.2,28.3,6.1,29.1,34.7,22.5,24.18,4.13,82.51,14.17,12,-3.45,-2.61,-3.49,-2.27,-1.12,6.4,-0.14,6.45,7.56,0.06,-3.6,-3.84,Rice,Clay Loam,0.528,0.255,20.52,9,0.369,1.951.173,24.148
10.192,106.207,11,4,3.64,37.3,31.7,6.4,20.2,42.6,45.1,27.61,5.05,82.34,18.06,12,-4.58,-5.54,-5.71,-4.16,0.46,1.64,10.07,-0.1,7.61,4.57,0.32,-4.63,Rice,Clay Loam,0.653,0.307,24.72,7,0.408,1.300.782,27.584
10.27,104.708,4,2,3.64,30.6,52.7,5.7,29.4,40,60.6,27.91,4.77,79.76,18.24,12,-3.85,-5.17,-5.46,-3.66,-0.22,0.5,5.61,-0.26,10.88,4.65,0.87,-3.94,Rice,Clay Loam,0.761,0.307,22.56,9,0.483,2.818.361,27.897
21.274,106.032,7,6,3.64,28.8,23.3,6.2,31.2,40,21.7,23.24,4.05,82.32,13.38,12,-3.55,-1.88,-3.28,-2.06,-0.89,7.01,0.69,7.59,5.4,-2.13,-3.3,-3.62,Rice,Clay Loam,0.504,0.249,20.71,8,0.367,1.734.376,23.201
20.57,106.501,7,5,3.64,36.8,33.3,6,26.3,36.9,34.3,24.42,4.15,83.73,14.17,12,-3.54,-3.28,-3.86,-2.76,-1.25,4.9,0.24,4.95,8.6,3.24,-3.34,-3.95,Rice,Clay Loam,0.498,0.278,21.98,9,0.392,2167.97,24.388
20.957,106.157,7,3,3.64,33.6,28.3,6,23.8,42.6,28.5,24.18,4.13,82.51,14.17,12,-3.45,-2.61,-3.49,-2.27,-1.12,6.4,-0.14,6.45,7.56,0.06,-3.6,-3.84,Rice,Clay Loam,0.528,0.275,20.52,9,0.369,2167.97,24.16
20.418,105.681,2,38,3.64,33.4,22.3,5.9,28.8,37.8,21.9,23.6,3.61,83.74,14.41,12,-3.31,-2.87,-3.1,-2.21,-1.23,4,0.43,4.46,7.45,2.88,-3.09,-3.44,Rice,Clay Loam,0.474,0.254,19.25,9,0.388,2.384.767,23.353
20.305,106.395,7,3,3.64,33.4,33.6,6.1,27.6,39,28.9,24.42,4.15,83.73,14.17,12,-3.54,-3.28,-3.86,-2.76,-1.25,4.9,0.24,4.95,8.6,3.24,-3.34,-3.95,Rice,Clay Loam,0.498,0.267,21.98,9,0.392,1.951.173,24.4
9.24,105.394,11,1,3.64,40.9,35.2,5.6,33.3,25.8,41.9,27.84,5.34,82.89,17.03,12,-5.21,-5.96,-6.44,-3.2,-0.3,0.5,9.1,0.95,8.41,6.51,1.07,-5.45,Rice,Clay,0.641,0.272,26.56,7,0.343,3.035.158,27.834
10.967,105.761,11,3,3.64,32.1,27.1,5.9,22.4,45.5,42.5,28.1,3.74,77.56,17.9,12,-3.37,-4.2,-4.32,-3.49,0.06,1.63,4.58,-0.12,6.51,5.58,0.4,-3.31,Rice,Clay Loam,0.853,0.298,18.81,9,0.347,2.384.767,28.08
20.349,106.443,7,1,3.64,35.4,36.7,6.2,26.3,38.3,31.3,24.42,4.15,83.73,14.17,12,-3.54,-3.28,-3.86,-2.76,-1.25,4.9,0.24,4.95,8.6,3.24,-3.34,-3.95,Rice,Clay Loam,0.498,0.273,21.98,9,0.392,1.734.376,24.414
20.188,105.655,2,50,3.64,32.2,20.3,5.9,32.2,35.6,23.7,24.21,3.5,83.74,14.41,12,-3.17,-3.04,-3.17,-2.47,-1.36,1.99,1.29,2.72,8.21,4.04,-2.02,-3.04,Rice,Clay Loam,0.491,0.249,18.27,9,0.45,2.384.767,23.885
21.256,106.208,2,7,3.64,33.1,24.2,6.2,31,35.9,24.3,23.24,4.05,82.32,13.38,12,-3.55,-1.88,-3.28,-2.06,-0.89,7.01,0.69,7.59,5.4,-2.13,-3.3,-3.62,Rice,Clay Loam,0.504,0.253,20.71,8,0.367,1.734.376,23.194
10.146,105.028,4,1,3.64,38.1,27.2,5.6,24.5,37.4,43.1,27.96,4.89,80.82,17.9,12,-4.26,-5.51,-5.79,-3.48,-0.34,0.99,7.3,-0.09,10.14,4.07,1.2,-4.25,Rice,Clay Loam,0.723,0.294,23.72,9,0.428,3.035.158,27.954
10.282,106.757,4,2,3.64,41.4,30.1,6.5,21.3,37.3,32.9,27.76,4.07,80.84,18.06,12,-3.8,-4.52,-4.6,-4.04,0.25,3.53,7.47,0.45,6.09,2.91,-0.2,-3.56,Rice,Clay,0.714,0.287,20.72,7,0.361,1.083.985,27.747
10.88,105.991,4,3,3.64,33.9,28,5.2,28.6,37.5,27.2,28.08,3.71,77.7,17.9,12,-3.56,-4.08,-4.13,-3.62,0.1,2.86,5.77,0.03,5.64,4.65,-0.35,-3.28,Rice,Clay Loam,0.847,0.262,19.02,7,0.303,3.902.346,28.06
20.707,105.517,7,69,3.64,30.6,24,6,27.5,41.8,23.9,23.6,3.61,83.74,14.41,12,-3.31,-2.87,-3.1,-2.21,-1.23,4,0.43,4.46,7.45,2.88,-3.09,-3.44,Rice,Clay Loam,0.474,0.26,19.25,9,0.388,2167.97,23.152
20.359,105.823,2,6,3.64,35,25.1,5.8,26.2,38.8,31.6,23.6,3.61,83.74,14.41,12,-3.31,-2.87,-3.1,-2.21,-1.23,4,0.43,4.46,7.45,2.88,-3.09,-3.44,Rice,Clay Loam,0.474,0.274,19.25,9,0.388,2.601.564,23.561
21.452,105.664,7,431,3.64,31.8,32,5.3,28.4,39.8,39.7,23.66,4.1,82.25,14.01,12,-3.83,-2.11,-3.41,-2.35,-0.33,6.36,1.26,8.89,4.16,-1.78,-3.22,-3.69,Rice,Clay Loam,0.519,0.28,20.72,8,0.43,3.685.549,20.858
10.154,105.73,11,2,3.64,34.7,26.8,5.9,21.6,43.7,30.5,27.52,5.44,82.42,17.9,12,-4.68,-6.01,-6.26,-4.19,0.2,1.23,10.03,-0.2,9.39,5.07,0.41,-4.97,Rice,Clay Loam,0.646,0.283,26.31,7,0.381,2.384.767,27.507
21.158,105.763,2,12,3.64,26.1,21.1,6,31.2,42.8,21.8,23.88,3.84,82.73,14.01,12,-3.62,-2.57,-3.27,-2.24,-0.69,5.8,0.34,6.86,5.89,0.57,-3.41,-3.66,Rice,Loam,0.512,0.249,19.46,8,0.353,2167.97,23.802
10.394,106.284,11,4,3.64,44.7,28.3,6.2,18.7,36.5,28.5,27.91,4.33,79.72,18.06,12,-4.03,-4.78,-4.88,-4,0.35,2.61,7.9,-0.29,6.54,4.36,0.01,-3.83,Rice,Clay,0.763,0.287,21.81,7,0.363,1.734.376,27.884
10.913,104.837,4,8,3.64,26.3,35.5,5.2,34.5,39.2,28.8,28.16,3.9,76.87,18.24,12,-3.21,-4.25,-4.47,-3.37,-0.26,0.68,3.27,0.33,8.7,4.94,0.85,-3.21,Rice,Loam,0.882,0.251,18.77,9,0.464,3.902.346,28.108
10.373,106.709,11,3,3.64,37.8,31.6,6.4,22.3,40,30.1,27.76,4.07,80.84,18.06,12,-3.8,-4.52,-4.6,-4.04,0.25,3.53,7.47,0.45,6.09,2.91,-0.2,-3.56,Rice,Clay Loam,0.714,0.281,20.72,7,0.361,1.300.782,27.74
9.781,105.689,4,2,3.64,37.5,36.6,5.9,27.5,35,42.3,27.52,5.44,82.42,17.03,12,-4.68,-6.01,-6.26,-4.19,0.2,1.23,10.03,-0.2,9.39,5.07,0.41,-4.97,Rice,Clay Loam,0.646,0.286,26.31,7,0.381,2.384.767,27.507
20.405,105.599,7,59,3.64,33.8,20.5,5.9,23.9,42.2,22.6,23.6,3.61,83.74,14.41,12,-3.31,-2.87,-3.1,-2.21,-1.23,4,0.43,4.46,7.45,2.88,-3.09,-3.44,Rice,Clay Loam,0.474,0.267,19.25,9,0.388,2.384.767,23.216
20.727,105.73,2,9,3.64,32.2,24.4,6.2,24.5,43.3,23.7,23.6,3.61,83.74,14.41,12,-3.31,-2.87,-3.1,-2.21,-1.23,4,0.43,4.46,7.45,2.88,-3.09,-3.44,Rice,Clay Loam,0.474,0.267,19.25,9,0.388,1.734.376,23.542
21.038,105.568,7,10,3.64,30.4,25.7,6.1,28.5,41.1,23.2,23.88,3.84,82.73,14.01,12,-3.62,-2.57,-3.27,-2.24,-0.69,5.8,0.34,6.86,5.89,0.57,-3.41,-3.66,Rice,Clay Loam,0.512,0.257,19.46,8,0.353,1.951.173,23.815
9.27,105.126,11,1,3.64,41.4,29.5,5.4,30.7,27.9,42.3,27.97,4.72,81.28,17.03,12,-4.59,-5.52,-5.78,-3.25,-0.54,1.6,7.82,0.24,8.31,4.06,1.94,-4.24,Rice,Clay,0.706,0.279,23.92,9,0.347,3.468.752,27.964
10.176,105.581,4,4,3.64,32.8,28,6.1,22.9,44.3,37.9,27.52,5.44,82.42,17.9,12,-4.68,-6.01,-6.26,-4.19,0.2,1.23,10.03,-0.2,9.39,5.07,0.41,-4.97,Rice,Clay Loam,0.646,0.29,26.31,7,0.381,1.951.173,27.494
20.641,106.643,2,3,3.64,37.8,33.6,6.1,30.1,32,32,25.01,5.24,82.62,14.17,12,-4,-4.2,-4.82,-4.01,-1.04,10.84,0.69,5.18,8.3,1.8,-3.8,-4.9,Rice,Clay Loam,0.551,0.266,26.77,6,0.404,1.951.173,24.99
10.797,104.719,4,5,3.64,27.1,33,5.3,37.2,35.6,30,28.16,3.9,76.87,18.24,12,-3.21,-4.25,-4.47,-3.37,-0.26,0.68,3.27,0.33,8.7,4.94,0.85,-3.21,Rice,Clay Loam,0.882,0.246,18.77,9,0.464,3.685.549,28.128
8.729,104.962,4,2,3.64,35.4,45.1,5.4,34.8,29.8,46.9,28.14,3.97,81.31,17.74,12,-3.92,-4.92,-5.23,-3.15,-0.59,0.53,5.39,0.83,6.79,2.56,4.54,-2.86,Rice,Clay Loam,0.712,0.276,20.67,9,0.329,3.468.752,28.127
20.229,105.632,2,68,3.64,31.1,26.6,5.8,30.6,38.3,32.2,24.21,3.5,83.74,14.41,12,-3.17,-3.04,-3.17,-2.47,-1.36,1.99,1.29,2.72,8.21,4.04,-2.02,-3.04,Rice,Clay Loam,0.491,0.265,18.27,9,0.45,2.601.564,23.768
20.456,105.876,2,238,3.64,32.8,23.1,5.7,28.5,38.7,33.2,23.6,3.61,83.74,14.41,12,-3.31,-2.87,-3.1,-2.21,-1.23,4,0.43,4.46,7.45,2.88,-3.09,-3.44,Rice,Clay Loam,0.474,0.271,19.25,9,0.388,2.818.361,22.053
20.88,106.165,7,3,3.64,36.9,27.8,6,24.5,38.6,31,24.18,4.13,82.51,14.17,12,-3.45,-2.61,-3.49,-2.27,-1.12,6.4,-0.14,6.45,7.56,0.06,-3.6,-3.84,Rice,Clay Loam,0.528,0.277,20.52,9,0.369,2167.97,24.16
10.466,105.089,4,3,3.64,31.3,26.6,5.5,28.2,40.5,37.3,27.91,4.77,79.76,17.9,12,-3.85,-5.17,-5.46,-3.66,-0.22,0.5,5.61,-0.26,10.88,4.65,0.87,-3.94,Rice,Clay Loam,0.761,0.277,22.56,9,0.483,3.251.955,27.89
10.658,105.801,11,5,3.64,41.1,28.7,5.9,19.8,39.1,35.4,27.74,4.64,80.6,17.9,12,-4.02,-5.17,-5.35,-3.98,0.31,1.52,7.43,-0.41,8.29,5.16,0.33,-4.15,Rice,Clay,0.722,0.294,23.08,9,0.36,2.384.767,27.708
10.511,106.043,11,2,3.64,36.5,23.8,6.2,20.4,43.1,32.3,27.91,4.33,79.72,18.06,12,-4.03,-4.78,-4.88,-4,0.35,2.61,7.9,-0.29,6.54,4.36,0.01,-3.83,Rice,Clay Loam,0.763,0.288,21.81,7,0.363,1.734.376,27.897
20.576,106.517,7,2,3.64,38.4,37.3,6,25.7,36,37.3,24.42,4.15,83.73,14.17,12,-3.54,-3.28,-3.86,-2.76,-1.25,4.9,0.24,4.95,8.6,3.24,-3.34,-3.95,Rice,Clay Loam,0.498,0.283,21.98,9,0.392,2167.97,24.407
21.181,105.999,7,6,3.64,34.1,23.4,6.1,31.9,34.1,21.9,24.18,4.13,82.51,14.01,12,-3.45,-2.61,-3.49,-2.27,-1.12,6.4,-0.14,6.45,7.56,0.06,-3.6,-3.84,Rice,Clay Loam,0.528,0.247,20.52,9,0.369,1.951.173,24.141
20.785,106.09,7,4,3.64,36.3,29.7,6,26,37.7,26.8,24.18,4.13,82.51,14.17,12,-3.45,-2.61,-3.49,-2.27,-1.12,6.4,-0.14,6.45,7.56,0.06,-3.6,-3.84,Rice,Clay Loam,0.528,0.268,20.52,9,0.369,2167.97,24.154
10.876,105.278,4,2,3.64,30.4,31,5.7,26.8,42.9,37,28.16,3.9,76.87,17.9,12,-3.21,-4.25,-4.47,-3.37,-0.26,0.68,3.27,0.33,8.7,4.94,0.85,-3.21,Rice,Clay Loam,0.882,0.28,18.77,9,0.464,2.818.361,28.147
8.841,105.182,11,3,3.64,36.9,37.7,5.6,33.7,29.4,38.2,28.04,4.45,80.82,17.99,12,-4.45,-5.29,-5.62,-3.24,-0.63,1.27,6.71,0.39,7.95,3.73,3.01,-3.78,Rice,Clay Loam,0.727,0.266,23.01,9,0.345,3.035.158,28.02
10.988,106.226,11,2,3.64,34.5,28.9,5.8,25.3,40.2,33,28.08,3.71,77.7,18.06,12,-3.56,-4.08,-4.13,-3.62,0.1,2.86,5.77,0.03,5.64,4.65,-0.35,-3.28,Rice,Clay Loam,0.847,0.278,19.02,7,0.303,2.601.564,28.067
20.581,105.887,2,4,3.64,36.5,24.5,5.9,24.7,38.7,28,23.6,3.61,83.74,14.41,12,-3.31,-2.87,-3.1,-2.21,-1.23,4,0.43,4.46,7.45,2.88,-3.09,-3.44,Rice,Clay Loam,0.474,0.272,19.25,9,0.388,2.384.767,23.574
20.778,106.569,7,4,3.64,37.4,34.2,6.1,32,30.6,37.4,23.76,5.06,83.5,14.17,12,-3.61,-3.18,-3.97,-3.01,-1.53,10.61,0.28,6.3,8.2,-1.85,-3.74,-4.52,Rice,Clay Loam,0.485,0.269,25.41,6,0.418,1.951.173,23.734
20.274,105.574,2,156,3.64,31.1,23.2,5.6,27.7,41.1,30.6,23.6,3.61,83.74,14.41,12,-3.31,-2.87,-3.1,-2.21,-1.23,4,0.43,4.46,7.45,2.88,-3.09,-3.44,Rice,Clay Loam,0.474,0.269,19.25,9,0.388,3.035.158,22.586
20.039,105.88,7,7,3.64,32.8,20.5,5.9,30.5,36.7,26.1,24.21,3.5,83.74,14.41,12,-3.17,-3.04,-3.17,-2.47,-1.36,1.99,1.29,2.72,8.21,4.04,-2.02,-3.04,Rice,Clay Loam,0.491,0.256,18.27,9,0.45,2.384.767,24.164
10.026,106.233,4,8,3.64,35.7,26.4,6.1,22.9,41.4,36.7,27.61,5.05,82.34,18.06,12,-4.58,-5.54,-5.71,-4.16,0.46,1.64,10.07,-0.1,7.61,4.57,0.32,-4.63,Rice,Clay Loam,0.653,0.289,24.72,7,0.408,1.951.173,27.558
10.608,106.696,4,3,3.64,34.6,36.4,6,22.7,42.7,31.9,27.76,4.07,80.84,18.06,12,-3.8,-4.52,-4.6,-4.04,0.25,3.53,7.47,0.45,6.09,2.91,-0.2,-3.56,Rice,Clay Loam,0.714,0.282,20.72,7,0.361,2167.97,27.74
8.743,104.963,11,0,3.64,33.7,44.6,5.3,35.2,31.1,45.8,28.14,3.97,81.31,17.74,12,-3.92,-4.92,-5.23,-3.15,-0.59,0.53,5.39,0.83,6.79,2.56,4.54,-2.86,Rice,Clay Loam,0.712,0.273,20.67,9,0.329,3.685.549,28.14
9.758,106.364,4,2,3.64,38.4,41.8,6.2,28.7,32.9,38.5,27.61,5.05,82.34,18.77,12,-4.58,-5.54,-5.71,-4.16,0.46,1.64,10.07,-0.1,7.61,4.57,0.32,-4.63,Rice,Clay Loam,0.653,0.278,24.72,7,0.408,1.734.376,27.597
21.141,106.121,2,13,3.64,28.6,21.3,6.1,32.4,38.9,22.1,24.18,4.13,82.51,13.38,12,-3.45,-2.61,-3.49,-2.27,-1.12,6.4,-0.14,6.45,7.56,0.06,-3.6,-3.84,Rice,Clay Loam,0.528,0.246,20.52,9,0.369,1.951.173,24.096
20.956,106.332,7,3,3.64,36.8,26.2,6.1,29.6,33.6,42.9,24.18,4.13,82.51,14.17,12,-3.45,-2.61,-3.49,-2.27,-1.12,6.4,-0.14,6.45,7.56,0.06,-3.6,-3.84,Rice,Clay Loam,0.528,0.282,20.52,9,0.369,1.951.173,24.16
9.829,105.203,11,3,3.64,37.7,30.7,5.6,27,35.3,38.8,27.96,4.89,80.82,17.03,12,-4.26,-5.51,-5.79,-3.48,-0.34,0.99,7.3,-0.09,10.14,4.07,1.2,-4.25,Rice,Clay Loam,0.723,0.282,23.72,9,0.428,3.035.158,27.94
10.731,106.029,11,3,3.64,41.9,33.8,5.6,17,41.1,29.4,27.91,4.33,79.72,18.06,12,-4.03,-4.78,-4.88,-4,0.35,2.61,7.9,-0.29,6.54,4.36,0.01,-3.83,Rice,Clay,0.763,0.292,21.81,7,0.363,3.035.158,27.89
10.787,106.485,11,3,3.64,41.9,30.6,5.7,25.1,33,25.8,28.08,3.71,77.7,18.06,12,-3.56,-4.08,-4.13,-3.62,0.1,2.86,5.77,0.03,5.64,4.65,-0.35,-3.28,Rice,Clay,0.847,0.268,19.02,7,0.303,2.818.361,28.06
20.78,106.04,7,4,3.64,36.7,27.1,5.8,23.7,39.5,26.8,24.18,4.13,82.51,14.17,12,-3.45,-2.61,-3.49,-2.27,-1.12,6.4,-0.14,6.45,7.56,0.06,-3.6,-3.84,Rice,Clay Loam,0.528,0.273,20.52,9,0.369,2.601.564,24.154
10.879,105.518,4,3,3.64,37,36.1,5.8,22.8,40.2,57.7,28.1,3.74,77.56,17.9,12,-3.37,-4.2,-4.32,-3.49,0.06,1.63,4.58,-0.12,6.51,5.58,0.4,-3.31,Rice,Clay Loam,0.853,0.318,18.81,9,0.347,2.601.564,28.08
10.789,105.495,11,3,3.64,35,25.2,5.5,20.4,44.6,34.9,28.1,3.74,77.56,17.9,12,-3.37,-4.2,-4.32,-3.49,0.06,1.63,4.58,-0.12,6.51,5.58,0.4,-3.31,Rice,Clay Loam,0.853,0.292,18.81,9,0.347,3.251.955,28.08
9.411,105.831,11,2,3.64,40.7,39.6,5.7,30.3,29,40.2,27.58,5.68,82.83,17.03,12,-5.15,-6.22,-6.61,-3.85,-0.17,0.76,10.43,0.35,9.34,6.06,0.59,-5.48,Rice,Clay,0.633,0.277,27.48,7,0.379,2.818.361,27.567
9.927,106.544,4,4,3.64,32.4,35.4,6.1,23.4,44.2,35.3,27.61,5.05,82.34,18.77,12,-4.58,-5.54,-5.71,-4.16,0.46,1.64,10.07,-0.1,7.61,4.57,0.32,-4.63,Rice,Clay Loam,0.653,0.286,24.72,7,0.408,1.951.173,27.584
9.874,105.822,11,3,3.64,34.7,41.2,6.2,28.3,36.9,56.7,27.52,5.44,82.42,17.03,12,-4.68,-6.01,-6.26,-4.19,0.2,1.23,10.03,-0.2,9.39,5.07,0.41,-4.97,Rice,Clay Loam,0.646,0.304,26.31,7,0.381,1.734.376,27.5
20.63,105.539,2,239,3.64,33.2,28.2,5.8,29.1,37.7,37.5,23.6,3.61,83.74,14.41,12,-3.31,-2.87,-3.1,-2.21,-1.23,4,0.43,4.46,7.45,2.88,-3.09,-3.44,Rice,Clay Loam,0.474,0.276,19.25,9,0.388,2.601.564,22.046
10.707,105.499,11,5,3.64,37,28.6,5.6,21.4,41.6,34.8,27.74,4.64,80.6,17.9,12,-4.02,-5.17,-5.35,-3.98,0.31,1.52,7.43,-0.41,8.29,5.16,0.33,-4.15,Rice,Clay Loam,0.722,0.29,23.08,9,0.36,3.035.158,27.708
10.613,106.753,4,3,3.64,32.5,34.3,6.3,24.9,42.5,35.5,27.76,4.07,80.84,18.06,12,-3.8,-4.52,-4.6,-4.04,0.25,3.53,7.47,0.45,6.09,2.91,-0.2,-3.56,Rice,Clay Loam,0.714,0.282,20.72,7,0.361,1.517.579,27.74
10.171,105.547,4,2,3.64,34,27.7,6,22.7,43.4,36,27.52,5.44,82.42,17.9,12,-4.68,-6.01,-6.26,-4.19,0.2,1.23,10.03,-0.2,9.39,5.07,0.41,-4.97,Rice,Clay Loam,0.646,0.288,26.31,7,0.381,2167.97,27.507
10.18,106.031,4,2,3.64,39.1,31.9,6.5,21.2,39.8,41,27.61,5.05,82.34,18.06,12,-4.58,-5.54,-5.71,-4.16,0.46,1.64,10.07,-0.1,7.61,4.57,0.32,-4.63,Rice,Clay Loam,0.653,0.299,24.72,7,0.408,1.083.985,27.597
21.156,105.873,2,7,3.64,29.3,20.8,6.1,33,37.7,26.1,23.88,3.84,82.73,14.01,12,-3.62,-2.57,-3.27,-2.24,-0.69,5.8,0.34,6.86,5.89,0.57,-3.41,-3.66,Rice,Clay Loam,0.512,0.251,19.46,8,0.353,1.951.173,23.834
8.916,104.906,4,3,3.64,40.6,45.8,5.4,31.9,27.4,48.4,28.04,4.45,80.82,17.74,12,-4.45,-5.29,-5.62,-3.24,-0.63,1.27,6.71,0.39,7.95,3.73,3.01,-3.78,Rice,Clay,0.727,0.284,23.01,9,0.345,3.468.752,28.02
10.058,106.148,11,6,3.64,41.9,26.5,6.2,20.5,37.6,35.2,27.61,5.05,82.34,18.06,12,-4.58,-5.54,-5.71,-4.16,0.46,1.64,10.07,-0.1,7.61,4.57,0.32,-4.63,Rice,Clay,0.653,0.292,24.72,7,0.408,1.734.376,27.571
10.664,105.246,11,2,3.64,39.7,32.8,5.9,19.6,40.7,37.7,27.91,4.77,79.76,17.9,12,-3.85,-5.17,-5.46,-3.66,-0.22,0.5,5.61,-0.26,10.88,4.65,0.87,-3.94,Rice,Clay Loam,0.761,0.298,22.56,9,0.483,2.384.767,27.897
20.603,106.234,7,3,3.64,30.3,35.4,6,26.4,43.2,31.8,24.42,4.15,83.73,14.17,12,-3.54,-3.28,-3.86,-2.76,-1.25,4.9,0.24,4.95,8.6,3.24,-3.34,-3.95,Rice,Clay Loam,0.498,0.274,21.98,9,0.392,2167.97,24.4
9.991,105.189,4,1,3.64,38.2,30.6,5.4,27.7,34.1,34.5,27.96,4.89,80.82,17.03,12,-4.26,-5.51,-5.79,-3.48,-0.34,0.99,7.3,-0.09,10.14,4.07,1.2,-4.25,Rice,Clay Loam,0.723,0.275,23.72,9,0.428,3.468.752,27.954
10.788,106.403,11,4,3.64,42.3,29.2,6,19.9,37.8,34.8,28.08,3.71,77.7,18.06,12,-3.56,-4.08,-4.13,-3.62,0.1,2.86,5.77,0.03,5.64,4.65,-0.35,-3.28,Rice,Clay,0.847,0.293,19.02,7,0.303,2167.97,28.054
10.882,105.861,11,3,3.64,30.8,23.9,5.3,26.1,43.1,34.5,28.1,3.74,77.56,17.9,12,-3.37,-4.2,-4.32,-3.49,0.06,1.63,4.58,-0.12,6.51,5.58,0.4,-3.31,Rice,Clay Loam,0.853,0.278,18.81,9,0.347,3.685.549,28.08
21.119,106.237,7,4,3.64,34.1,19.7,6.1,25.1,40.7,24.4,24.18,4.13,82.51,13.38,12,-3.45,-2.61,-3.49,-2.27,-1.12,6.4,-0.14,6.45,7.56,0.06,-3.6,-3.84,Rice,Clay Loam,0.528,0.266,20.52,9,0.369,1.951.173,24.154
10.406,104.708,4,2,3.64,33.1,41,5.6,27.9,39.1,47.3,27.91,4.77,79.76,18.24,12,-3.85,-5.17,-5.46,-3.66,-0.22,0.5,5.61,-0.26,10.88,4.65,0.87,-3.94,Rice,Clay Loam,0.761,0.292,22.56,9,0.483,3.035.158,27.897
21.291,106.008,7,10,3.64,28.5,24.1,6.1,32.8,38.6,24.8,23.24,4.05,82.32,13.38,12,-3.55,-1.88,-3.28,-2.06,-0.89,7.01,0.69,7.59,5.4,-2.13,-3.3,-3.62,Rice,Clay Loam,0.504,0.249,20.71,8,0.367,1.951.173,23.175
10.722,104.574,4,9,3.64,32.5,44.4,5.7,36.8,30.7,42.8,28.02,4.28,79.32,18.24,12,-3.59,-4.73,-4.96,-3.39,-0.31,0.74,4.69,-0.22,9.83,4.01,1.31,-3.42,Rice,Clay Loam,0.783,0.265,20.62,9,0.478,2.818.361,27.962
10.373,105.086,4,2,3.64,34.4,27.1,5.4,24,41.6,34.4,27.91,4.77,79.76,17.9,12,-3.85,-5.17,-5.46,-3.66,-0.22,0.5,5.61,-0.26,10.88,4.65,0.87,-3.94,Rice,Clay Loam,0.761,0.283,22.56,9,0.483,3.468.752,27.897
10.756,106.181,11,6,3.64,43.8,33.2,6,16.1,40.1,59,28.08,3.71,77.7,18.06,12,-3.56,-4.08,-4.13,-3.62,0.1,2.86,5.77,0.03,5.64,4.65,-0.35,-3.28,Rice,Clay,0.847,0.336,19.02,7,0.303,2167.97,28.041
20.833,105.849,2,6,3.64,27.7,27.7,6,27.5,44.7,28.5,23.88,3.84,82.73,14.41,12,-3.62,-2.57,-3.27,-2.24,-0.69,5.8,0.34,6.86,5.89,0.57,-3.41,-3.66,Rice,Clay Loam,0.512,0.267,19.46,8,0.353,2167.97,23.841
21.364,105.522,2,21,3.64,34.3,23.9,6.1,28.9,36.8,27.3,23.66,4.1,82.25,14.01,12,-3.83,-2.11,-3.41,-2.35,-0.33,6.36,1.26,8.89,4.16,-1.78,-3.22,-3.69,Rice,Clay Loam,0.519,0.262,20.72,8,0.43,1.951.173,23.524
20.72,106.26,7,3,3.64,32.5,27.9,6.1,28,39.5,26.8,24.42,4.15,83.73,14.17,12,-3.54,-3.28,-3.86,-2.76,-1.25,4.9,0.24,4.95,8.6,3.24,-3.34,-3.95,Rice,Clay Loam,0.498,0.263,21.98,9,0.392,1.951.173,24.4
20.335,106.218,7,4,3.64,30.5,29.1,5.9,29.8,39.7,25.5,24.42,4.15,83.73,14.17,12,-3.54,-3.28,-3.86,-2.76,-1.25,4.9,0.24,4.95,8.6,3.24,-3.34,-3.95,Rice,Clay Loam,0.498,0.257,21.98,9,0.392,2.384.767,24.394
10.622,105.699,4,5,3.64,40.4,32.5,5.6,19.7,40,35.6,27.74,4.64,80.6,17.9,12,-4.02,-5.17,-5.35,-3.98,0.31,1.52,7.43,-0.41,8.29,5.16,0.33,-4.15,Rice,Clay,0.722,0.295,23.08,9,0.36,3.035.158,27.708
20.799,105.754,7,5,3.64,29.9,26.8,5.9,23.4,46.7,28.6,23.88,3.84,82.73,14.41,12,-3.62,-2.57,-3.27,-2.24,-0.69,5.8,0.34,6.86,5.89,0.57,-3.41,-3.66,Rice,Clay Loam,0.512,0.276,19.46,8,0.353,2.384.767,23.848
10.159,105.821,11,3,3.64,36.5,34.8,6.2,23,40.5,36.2,27.52,5.44,82.42,17.9,12,-4.68,-6.01,-6.26,-4.19,0.2,1.23,10.03,-0.2,9.39,5.07,0.41,-4.97,Rice,Clay Loam,0.646,0.288,26.31,7,0.381,1.734.376,27.5
20.632,105.859,7,6,3.64,31.1,24.5,5.9,24.3,44.5,27.4,23.6,3.61,83.74,14.41,12,-3.31,-2.87,-3.1,-2.21,-1.23,4,0.43,4.46,7.45,2.88,-3.09,-3.44,Rice,Clay Loam,0.474,0.272,19.25,9,0.388,2.384.767,23.561
10.493,105.485,4,3,3.64,41.1,27.8,6,19.4,39.5,41.4,27.74,4.64,80.6,17.9,12,-4.02,-5.17,-5.35,-3.98,0.31,1.52,7.43,-0.41,8.29,5.16,0.33,-4.15,Rice,Clay,0.722,0.303,23.08,9,0.36,2167.97,27.72
10.194,105.682,4,2,3.64,35.6,29.7,5.9,20.7,43.7,34.4,27.52,5.44,82.42,17.9,12,-4.68,-6.01,-6.26,-4.19,0.2,1.23,10.03,-0.2,9.39,5.07,0.41,-4.97,Rice,Clay Loam,0.646,0.291,26.31,7,0.381,2.384.767,27.507
21.427,105.947,2,14,3.64,32,20.2,6.1,33.5,34.5,23.4,23.24,4.05,82.32,14.01,12,-3.55,-1.88,-3.28,-2.06,-0.89,7.01,0.69,7.59,5.4,-2.13,-3.3,-3.62,Rice,Clay Loam,0.504,0.246,20.71,8,0.367,1.951.173,23.149
21.291,105.892,2,7,3.64,27.9,23.7,6.2,31.7,40.4,24.1,23.66,4.1,82.25,14.01,12,-3.83,-2.11,-3.41,-2.35,-0.33,6.36,1.26,8.89,4.16,-1.78,-3.22,-3.69,Rice,Clay Loam,0.519,0.251,20.72,8,0.43,1.734.376,23.614
9.858,106.325,11,2,3.64,36.7,33.8,6.3,25,38.4,33.8,27.61,5.05,82.34,18.77,12,-4.58,-5.54,-5.71,-4.16,0.46,1.64,10.07,-0.1,7.61,4.57,0.32,-4.63,Rice,Clay Loam,0.653,0.28,24.72,7,0.408,1.517.579,27.597
9.001,105.241,4,2,3.64,38.4,36.5,5.4,30.3,31.4,44.6,28.04,4.45,80.82,17.03,12,-4.45,-5.29,-5.62,-3.24,-0.63,1.27,6.71,0.39,7.95,3.73,3.01,-3.78,Rice,Clay Loam,0.727,0.283,23.01,9,0.345,3.468.752,28.027
21.161,106.607,2,253,3.64,33.1,25.4,5.7,26.7,40.1,32.5,23.76,5.06,83.5,13.38,12,-3.61,-3.18,-3.97,-3.01,-1.53,10.61,0.28,6.3,8.2,-1.85,-3.74,-4.52,Rice,Clay Loam,0.485,0.274,25.41,6,0.418,2.818.361,22.116
10.794,105.761,11,3,3.64,39.8,27.1,5.5,17.9,42.2,35.8,28.1,3.74,77.56,17.9,12,-3.37,-4.2,-4.32,-3.49,0.06,1.63,4.58,-0.12,6.51,5.58,0.4,-3.31,Rice,Clay Loam,0.853,0.299,18.81,9,0.347,3.251.955,28.08
10.389,105.691,11,3,3.64,39.2,26.8,6,17.5,43.3,36,27.74,4.64,80.6,17.9,12,-4.02,-5.17,-5.35,-3.98,0.31,1.52,7.43,-0.41,8.29,5.16,0.33,-4.15,Rice,Clay Loam,0.722,0.3,23.08,9,0.36,2167.97,27.72
10.895,104.877,11,5,3.64,32.9,28.5,5.1,31.1,36,26.1,28.16,3.9,76.87,18.24,12,-3.21,-4.25,-4.47,-3.37,-0.26,0.68,3.27,0.33,8.7,4.94,0.85,-3.21,Rice,Clay Loam,0.882,0.255,18.77,9,0.464,4.119.143,28.128
21.257,105.688,2,14,3.64,29.9,21.9,6.2,31.6,38.5,23.3,23.66,4.1,82.25,14.01,12,-3.83,-2.11,-3.41,-2.35,-0.33,6.36,1.26,8.89,4.16,-1.78,-3.22,-3.69,Rice,Clay Loam,0.519,0.25,20.72,8,0.43,1.734.376,23.569
10.587,106.743,4,2,3.64,32.3,27.1,6.3,23.9,43.8,35.8,27.76,4.07,80.84,18.06,12,-3.8,-4.52,-4.6,-4.04,0.25,3.53,7.47,0.45,6.09,2.91,-0.2,-3.56,Rice,Clay Loam,0.714,0.285,20.72,7,0.361,1.517.579,27.747
9.241,105.228,4,2,3.64,40.8,36.2,5.3,31.3,27.9,48.7,28.04,4.45,80.82,17.03,12,-4.45,-5.29,-5.62,-3.24,-0.63,1.27,6.71,0.39,7.95,3.73,3.01,-3.78,Rice,Clay,0.727,0.286,23.01,9,0.345,3.685.549,28.027
10.235,105.83,11,2,3.64,38.3,31.1,6.1,19.8,41.8,38.8,27.52,5.44,82.42,17.9,12,-4.68,-6.01,-6.26,-4.19,0.2,1.23,10.03,-0.2,9.39,5.07,0.41,-4.97,Rice,Clay Loam,0.646,0.299,26.31,7,0.381,1.951.173,27.507
9.574,106.01,4,2,3.64,35.7,45.6,5.7,27.7,36.6,36.3,27.77,5.28,82.72,18.77,12,-4.89,-5.87,-6.07,-3.73,0.31,0.66,9.99,0.82,8.06,5.64,0.34,-5.29,Rice,Clay Loam,0.644,0.277,25.85,7,0.387,2.818.361,27.757
8.611,104.895,4,3,3.64,37.6,54.5,5.5,32.5,29.9,52.8,28.14,3.97,81.31,17.74,12,-3.92,-4.92,-5.23,-3.15,-0.59,0.53,5.39,0.83,6.79,2.56,4.54,-2.86,Rice,Clay Loam,0.712,0.289,20.67,9,0.329,3.251.955,28.12
10.412,106.083,11,5,3.64,40.5,24.7,6.4,19.1,40.4,29.7,27.91,4.33,79.72,18.06,12,-4.03,-4.78,-4.88,-4,0.35,2.61,7.9,-0.29,6.54,4.36,0.01,-3.83,Rice,Clay,0.763,0.288,21.81,7,0.363,1.300.782,27.878
20.539,106.24,7,2,3.64,32.9,33.1,6.1,25.5,41.6,28,24.42,4.15,83.73,14.17,12,-3.54,-3.28,-3.86,-2.76,-1.25,4.9,0.24,4.95,8.6,3.24,-3.34,-3.95,Rice,Clay Loam,0.498,0.271,21.98,9,0.392,1.951.173,24.407
10.179,106.56,11,2,3.64,41.1,35.8,6.4,20.6,38.3,46.3,27.61,5.05,82.34,18.06,12,-4.58,-5.54,-5.71,-4.16,0.46,1.64,10.07,-0.1,7.61,4.57,0.32,-4.63,Rice,Clay,0.653,0.307,24.72,7,0.408,1.300.782,27.597
10.381,106.361,4,5,3.64,35.5,34,6.2,20.1,44.4,43.5,27.91,4.33,79.72,18.06,12,-4.03,-4.78,-4.88,-4,0.35,2.61,7.9,-0.29,6.54,4.36,0.01,-3.83,Rice,Clay Loam,0.763,0.305,21.81,7,0.363,1.734.376,27.878
9.793,105.031,11,1,3.64,35.7,44.2,5.3,25.2,39.1,41.4,27.96,4.89,80.82,17.03,12,-4.26,-5.51,-5.79,-3.48,-0.34,0.99,7.3,-0.09,10.14,4.07,1.2,-4.25,Rice,Clay Loam,0.723,0.29,23.72,9,0.428,3.685.549,27.954
9.312,104.901,11,3,3.64,38.7,39.2,5.5,33,28.3,54.9,27.97,4.72,81.28,18.06,12,-4.59,-5.52,-5.78,-3.25,-0.54,1.6,7.82,0.24,8.31,4.06,1.94,-4.24,Rice,Clay Loam,0.706,0.291,23.92,9,0.347,3.251.955,27.95
9.265,105.704,11,2,3.64,43.9,39.2,5.6,30.5,25.7,44.4,27.58,5.68,82.83,17.03,12,-5.15,-6.22,-6.61,-3.85,-0.17,0.76,10.43,0.35,9.34,6.06,0.59,-5.48,Rice,Clay,0.633,0.282,27.48,7,0.379,3.035.158,27.567
20.392,106.019,7,2,3.64,31.9,20.3,6.1,27.4,40.7,26.8,24.42,4.15,83.73,14.17,12,-3.54,-3.28,-3.86,-2.76,-1.25,4.9,0.24,4.95,8.6,3.24,-3.34,-3.95,Rice,Clay Loam,0.498,0.264,21.98,9,0.392,1.951.173,24.407
9.774,105.161,11,1,3.64,37.6,39.1,5.3,26,36.4,39.5,27.96,4.89,80.82,17.03,12,-4.26,-5.51,-5.79,-3.48,-0.34,0.99,7.3,-0.09,10.14,4.07,1.2,-4.25,Rice,Clay Loam,0.723,0.286,23.72,9,0.428,3.685.549,27.954
9.821,105.076,4,1,3.64,36.3,41.4,5.4,25.5,38.2,46.3,27.96,4.89,80.82,17.03,12,-4.26,-5.51,-5.79,-3.48,-0.34,0.99,7.3,-0.09,10.14,4.07,1.2,-4.25,Rice,Clay Loam,0.723,0.296,23.72,9,0.428,3.468.752,27.954
20.363,106.161,2,5,3.64,32.9,27.4,5.9,30.5,36.5,48.4,24.42,4.15,83.73,14.17,12,-3.54,-3.28,-3.86,-2.76,-1.25,4.9,0.24,4.95,8.6,3.24,-3.34,-3.95,Rice,Clay Loam,0.498,0.288,21.98,9,0.392,2.384.767,24.388
10.622,105.801,11,3,3.64,38.6,30.5,6,20.8,40.6,51.7,27.74,4.64,80.6,17.9,12,-4.02,-5.17,-5.35,-3.98,0.31,1.52,7.43,-0.41,8.29,5.16,0.33,-4.15,Rice,Clay Loam,0.722,0.315,23.08,9,0.36,2167.97,27.72
10.798,104.83,11,5,3.64,29.6,31.9,5.3,30,40.4,30.4,28.16,3.9,76.87,18.24,12,-3.21,-4.25,-4.47,-3.37,-0.26,0.68,3.27,0.33,8.7,4.94,0.85,-3.21,Rice,Clay Loam,0.882,0.264,18.77,9,0.464,3.685.549,28.128
21.38,106.562,7,15,3.64,26.7,21.3,6.1,26,47.3,23,23.24,4.05,82.32,13.38,12,-3.55,-1.88,-3.28,-2.06,-0.89,7.01,0.69,7.59,5.4,-2.13,-3.3,-3.62,Rice,Loam,0.504,0.262,20.71,8,0.367,1.951.173,23.142
10.592,105.737,4,3,3.64,37.7,24.2,5.5,20.7,41.6,33.8,27.74,4.64,80.6,17.9,12,-4.02,-5.17,-5.35,-3.98,0.31,1.52,7.43,-0.41,8.29,5.16,0.33,-4.15,Rice,Clay Loam,0.722,0.29,23.08,9,0.36,3.251.955,27.72
21.347,105.621,7,21,3.64,31.9,24.5,6.2,27.3,40.8,24.8,23.66,4.1,82.25,14.01,12,-3.83,-2.11,-3.41,-2.35,-0.33,6.36,1.26,8.89,4.16,-1.78,-3.22,-3.69,Rice,Clay Loam,0.519,0.262,20.72,8,0.43,1.734.376,23.524
10.928,105.029,4,2,3.64,34.1,26.9,6,22.7,43.2,64.9,28.16,3.9,76.87,17.9,12,-3.21,-4.25,-4.47,-3.37,-0.26,0.68,3.27,0.33,8.7,4.94,0.85,-3.21,Rice,Clay Loam,0.882,0.329,18.77,9,0.464,2167.97,28.147
20.172,105.734,7,91,3.64,30,21.7,5.7,31.4,38.6,28.9,24.21,3.5,83.74,14.41,12,-3.17,-3.04,-3.17,-2.47,-1.36,1.99,1.29,2.72,8.21,4.04,-2.02,-3.04,Rice,Clay Loam,0.491,0.258,18.27,9,0.45,2.818.361,23.618
20.406,105.75,2,18,3.64,34.3,28.1,5.5,27.4,38.3,42.2,23.6,3.61,83.74,14.41,12,-3.31,-2.87,-3.1,-2.21,-1.23,4,0.43,4.46,7.45,2.88,-3.09,-3.44,Rice,Clay Loam,0.474,0.286,19.25,9,0.388,3.251.955,23.483
20.689,106.381,7,4,3.64,34.1,29.1,6,27,38.9,34.8,24.42,4.15,83.73,14.17,12,-3.54,-3.28,-3.86,-2.76,-1.25,4.9,0.24,4.95,8.6,3.24,-3.34,-3.95,Rice,Clay Loam,0.498,0.277,21.98,9,0.392,2167.97,24.394
20.395,106.152,2,2,3.64,32.1,27.8,6,30.3,37.6,30.1,24.42,4.15,83.73,14.17,12,-3.54,-3.28,-3.86,-2.76,-1.25,4.9,0.24,4.95,8.6,3.24,-3.34,-3.95,Rice,Clay Loam,0.498,0.262,21.98,9,0.392,2167.97,24.407
20.689,105.934,2,4,3.64,35.7,27.1,5.8,21.8,42.5,29.9,23.6,3.61,83.74,14.41,12,-3.31,-2.87,-3.1,-2.21,-1.23,4,0.43,4.46,7.45,2.88,-3.09,-3.44,Rice,Clay Loam,0.474,0.282,19.25,9,0.388,2.601.564,23.574
20.765,105.684,2,7,3.64,30.9,25,6.1,26.9,42.2,27.1,23.88,3.84,82.73,14.41,12,-3.62,-2.57,-3.27,-2.24,-0.69,5.8,0.34,6.86,5.89,0.57,-3.41,-3.66,Rice,Clay Loam,0.512,0.266,19.46,8,0.353,1.951.173,23.834
20.7,105.904,2,3,3.64,33.1,26.1,5.9,26.2,40.6,25,23.6,3.61,83.74,14.41,12,-3.31,-2.87,-3.1,-2.21,-1.23,4,0.43,4.46,7.45,2.88,-3.09,-3.44,Rice,Clay Loam,0.474,0.265,19.25,9,0.388,2.384.767,23.58
20.725,106.241,2,3,3.64,33.5,31,6.2,27.3,39.2,39.1,24.42,4.15,83.73,14.17,12,-3.54,-3.28,-3.86,-2.76,-1.25,4.9,0.24,4.95,8.6,3.24,-3.34,-3.95,Rice,Clay Loam,0.498,0.282,21.98,9,0.392,1.734.376,24.4
9.572,104.982,4,1,3.64,36.3,34.1,5.4,26.2,37.4,42.6,27.97,4.72,81.28,18.06,12,-4.59,-5.52,-5.78,-3.25,-0.54,1.6,7.82,0.24,8.31,4.06,1.94,-4.24,Rice,Clay Loam,0.706,0.289,23.92,9,0.347,3.468.752,27.964
9.759,104.887,11,0,3.64,40.1,32.6,5.6,26.9,32.9,47.2,27.96,4.89,80.82,18.06,12,-4.26,-5.51,-5.79,-3.48,-0.34,0.99,7.3,-0.09,10.14,4.07,1.2,-4.25,Rice,Clay,0.723,0.294,23.72,9,0.428,3.035.158,27.96
20.608,105.657,2,110,3.64,33.2,24.9,5.9,26.4,40.4,31.9,23.6,3.61,83.74,14.41,12,-3.31,-2.87,-3.1,-2.21,-1.23,4,0.43,4.46,7.45,2.88,-3.09,-3.44,Rice,Clay Loam,0.474,0.274,19.25,9,0.388,2.384.767,22.885
20.28,106.555,2,1,3.64,37.2,33.3,6,28.5,34.3,53.1,24.42,4.15,83.73,14.17,12,-3.54,-3.28,-3.86,-2.76,-1.25,4.9,0.24,4.95,8.6,3.24,-3.34,-3.95,Rice,Clay Loam,0.498,0.299,21.98,9,0.392,2167.97,24.414
10.3,106.213,4,6,3.64,40.7,33.9,6.2,23,36.3,62.3,27.91,4.33,79.72,18.06,12,-4.03,-4.78,-4.88,-4,0.35,2.61,7.9,-0.29,6.54,4.36,0.01,-3.83,Rice,Clay,0.763,0.324,21.81,7,0.363,1.734.376,27.871
20.904,105.845,2,7,3.64,31.2,24.3,5.9,27.5,41.3,26.8,23.88,3.84,82.73,14.41,12,-3.62,-2.57,-3.27,-2.24,-0.69,5.8,0.34,6.86,5.89,0.57,-3.41,-3.66,Rice,Clay Loam,0.512,0.264,19.46,8,0.353,2.384.767,23.834
20.452,105.719,7,24,3.64,33.8,27.5,5.7,24.6,41.7,28.2,23.6,3.61,83.74,14.41,12,-3.31,-2.87,-3.1,-2.21,-1.23,4,0.43,4.46,7.45,2.88,-3.09,-3.44,Rice,Clay Loam,0.474,0.273,19.25,9,0.388,2.818.361,23.444
10.905,105.743,11,2,3.64,36.2,27.3,5.4,21,42.8,32.9,28.1,3.74,77.56,17.9,12,-3.37,-4.2,-4.32,-3.49,0.06,1.63,4.58,-0.12,6.51,5.58,0.4,-3.31,Rice,Clay Loam,0.853,0.288,18.81,9,0.347,3.468.752,28.087
10.68,106.746,11,3,3.64,37.3,34.8,6.2,25.5,37.2,32.6,27.76,4.07,80.84,18.06,12,-3.8,-4.52,-4.6,-4.04,0.25,3.53,7.47,0.45,6.09,2.91,-0.2,-3.56,Rice,Clay Loam,0.714,0.277,20.72,7,0.361,1.734.376,27.74
20.001,106.159,2,1,3.64,32.5,38.2,6,30.4,37.1,31.4,24.89,4.18,84.24,14.17,12,-3.87,-3.88,-4.3,-3.56,-1.35,2.53,2.04,3.07,7.68,7.12,-1.86,-3.62,Rice,Clay Loam,0.496,0.264,22.44,9,0.342,2167.97,24.884
20.941,106.465,7,4,3.64,36,31.2,6,30.8,33.2,42.3,24.18,4.13,82.51,14.17,12,-3.45,-2.61,-3.49,-2.27,-1.12,6.4,-0.14,6.45,7.56,0.06,-3.6,-3.84,Rice,Clay Loam,0.528,0.278,20.52,9,0.369,2167.97,24.154
9.028,105.036,11,1,3.64,38.7,47.8,5.6,31.8,29.5,47.3,28.04,4.45,80.82,17.03,12,-4.45,-5.29,-5.62,-3.24,-0.63,1.27,6.71,0.39,7.95,3.73,3.01,-3.78,Rice,Clay Loam,0.727,0.283,23.01,9,0.345,3.035.158,28.034
10.893,105.095,4,4,3.64,31.5,25.8,5.8,28.1,40.4,26.8,28.16,3.9,76.87,17.9,12,-3.21,-4.25,-4.47,-3.37,-0.26,0.68,3.27,0.33,8.7,4.94,0.85,-3.21,Rice,Clay Loam,0.882,0.263,18.77,9,0.464,2.601.564,28.134
21.407,106.157,2,10,3.64,30.4,20.7,6.1,29.8,39.8,20.7,23.24,4.05,82.32,13.38,12,-3.55,-1.88,-3.28,-2.06,-0.89,7.01,0.69,7.59,5.4,-2.13,-3.3,-3.62,Rice,Clay Loam,0.504,0.25,20.71,8,0.367,1.951.173,23.175
10.972,105.378,11,5,3.64,30.8,26.5,5.3,30.2,39,29.8,28.1,3.74,77.56,17.9,12,-3.37,-4.2,-4.32,-3.49,0.06,1.63,4.58,-0.12,6.51,5.58,0.4,-3.31,Rice,Clay Loam,0.853,0.262,18.81,9,0.347,3.685.549,28.068
10.239,106.062,4,6,3.64,39.3,31.5,6.1,19.9,40.7,51.2,27.61,5.05,82.34,18.06,12,-4.58,-5.54,-5.71,-4.16,0.46,1.64,10.07,-0.1,7.61,4.57,0.32,-4.63,Rice,Clay Loam,0.653,0.316,24.72,7,0.408,1.951.173,27.571
20.418,105.983,7,2,3.64,33.8,23.2,6.2,27.4,38.8,28.7,24.42,4.15,83.73,14.41,12,-3.54,-3.28,-3.86,-2.76,-1.25,4.9,0.24,4.95,8.6,3.24,-3.34,-3.95,Rice,Clay Loam,0.498,0.267,21.98,9,0.392,1.734.376,24.407
8.891,105.12,4,2,3.64,40.4,51.3,5.5,32.1,27.5,50.4,28.04,4.45,80.82,17.99,12,-4.45,-5.29,-5.62,-3.24,-0.63,1.27,6.71,0.39,7.95,3.73,3.01,-3.78,Rice,Clay,0.727,0.287,23.01,9,0.345,3.251.955,28.027
20.778,106.276,7,3,3.64,36.4,24.5,6.2,26.3,37.3,27.5,24.18,4.13,82.51,14.17,12,-3.45,-2.61,-3.49,-2.27,-1.12,6.4,-0.14,6.45,7.56,0.06,-3.6,-3.84,Rice,Clay Loam,0.528,0.268,20.52,9,0.369,1.734.376,24.16
10.767,105.795,11,4,3.64,34,30.6,6,22.2,43.8,41.3,28.1,3.74,77.56,17.9,12,-3.37,-4.2,-4.32,-3.49,0.06,1.63,4.58,-0.12,6.51,5.58,0.4,-3.31,Rice,Clay Loam,0.853,0.297,18.81,9,0.347,2167.97,28.074
20.65,105.846,2,4,3.64,30.3,26.6,6,24,45.8,32.6,23.6,3.61,83.74,14.41,12,-3.31,-2.87,-3.1,-2.21,-1.23,4,0.43,4.46,7.45,2.88,-3.09,-3.44,Rice,Clay Loam,0.474,0.28,19.25,9,0.388,2167.97,23.574
20.516,105.703,2,82,3.64,31.5,28,5.6,27.3,41.1,58.7,23.6,3.61,83.74,14.41,12,-3.31,-2.87,-3.1,-2.21,-1.23,4,0.43,4.46,7.45,2.88,-3.09,-3.44,Rice,Clay Loam,0.474,0.309,19.25,9,0.388,3.035.158,23.067
10.721,104.851,11,4,3.64,28.6,40.6,5.5,31.9,39.4,33.6,27.91,4.77,79.76,18.24,12,-3.85,-5.17,-5.46,-3.66,-0.22,0.5,5.61,-0.26,10.88,4.65,0.87,-3.94,Rice,Clay Loam,0.761,0.264,22.56,9,0.483,3.251.955,27.884
9.12,104.948,11,1,3.64,36.8,51.6,5.8,32.4,30.8,61.2,28.04,4.45,80.82,18.06,12,-4.45,-5.29,-5.62,-3.24,-0.63,1.27,6.71,0.39,7.95,3.73,3.01,-3.78,Rice,Clay Loam,0.727,0.301,23.01,9,0.345,2.601.564,28.034
21.306,106.231,7,8,3.64,29.5,23.1,6.2,30.7,39.8,27.2,23.24,4.05,82.32,13.38,12,-3.55,-1.88,-3.28,-2.06,-0.89,7.01,0.69,7.59,5.4,-2.13,-3.3,-3.62,Rice,Clay Loam,0.504,0.257,20.71,8,0.367,1.734.376,23.188
10.45,105.047,11,2,3.64,32.3,34.1,5.7,35.3,32.4,37.2,27.91,4.77,79.76,17.9,12,-3.85,-5.17,-5.46,-3.66,-0.22,0.5,5.61,-0.26,10.88,4.65,0.87,-3.94,Rice,Clay Loam,0.761,0.261,22.56,9,0.483,2.818.361,27.897
9.84,105.711,11,2,3.64,36.3,41.9,6,27.6,36.1,65.4,27.52,5.44,82.42,17.03,12,-4.68,-6.01,-6.26,-4.19,0.2,1.23,10.03,-0.2,9.39,5.07,0.41,-4.97,Rice,Clay Loam,0.646,0.318,26.31,7,0.381,2167.97,27.507
20.511,105.718,7,49,3.64,32.3,26.5,5.6,25.6,42.1,41.8,23.6,3.61,83.74,14.41,12,-3.31,-2.87,-3.1,-2.21,-1.23,4,0.43,4.46,7.45,2.88,-3.09,-3.44,Rice,Clay Loam,0.474,0.29,19.25,9,0.388,3.035.158,23.282
10.482,105.189,11,2,3.64,37.3,28.1,5.6,19.6,43.1,31,27.91,4.77,79.76,17.9,12,-3.85,-5.17,-5.46,-3.66,-0.22,0.5,5.61,-0.26,10.88,4.65,0.87,-3.94,Rice,Clay Loam,0.761,0.288,22.56,9,0.483,3.035.158,27.897
10.68,105.063,11,2,3.64,38.1,33.1,5.7,21.2,40.7,33.1,27.91,4.77,79.76,17.9,12,-3.85,-5.17,-5.46,-3.66,-0.22,0.5,5.61,-0.26,10.88,4.65,0.87,-3.94,Rice,Clay Loam,0.761,0.288,22.56,9,0.483,2.818.361,27.897
10.887,106.409,4,4,3.64,41.6,24.7,5.6,20.2,38.2,29.2,28.08,3.71,77.7,18.06,12,-3.56,-4.08,-4.13,-3.62,0.1,2.86,5.77,0.03,5.64,4.65,-0.35,-3.28,Rice,Clay,0.847,0.284,19.02,7,0.303,3.035.158,28.054
9.98,105.633,11,5,3.64,38.1,33.3,5.8,22,39.9,38.7,27.52,5.44,82.42,17.03,12,-4.68,-6.01,-6.26,-4.19,0.2,1.23,10.03,-0.2,9.39,5.07,0.41,-4.97,Rice,Clay Loam,0.646,0.294,26.31,7,0.381,2.601.564,27.488
10.23,104.679,4,1,3.64,31.2,42.2,5.7,28.3,40.4,64.1,28.52,4.5,79.62,18.24,12,-3.9,-5.2,-5.39,-3.52,-0.2,1.32,6.6,-0.21,9.26,3.35,1.63,-3.74,Rice,Clay Loam,0.794,0.315,22.16,9,0.418,2.818.361,28.514
8.688,105.06,4,3,3.64,38.4,39.9,5.9,33.2,28.4,66.2,28.14,3.97,81.31,17.99,12,-3.92,-4.92,-5.23,-3.15,-0.59,0.53,5.39,0.83,6.79,2.56,4.54,-2.86,Rice,Clay Loam,0.712,0.306,20.67,9,0.329,2.384.767,28.12
10.512,104.972,11,442,3.64,28.1,36,5.6,45.3,26.6,54,27.91,4.77,79.76,18.24,12,-3.85,-5.17,-5.46,-3.66,-0.22,0.5,5.61,-0.26,10.88,4.65,0.87,-3.94,Rice,Clay Loam,0.761,0.261,22.56,9,0.483,3.035.158,25.037
10.934,106.581,4,3,3.64,40.1,29.7,6,18.6,41.3,41,27.72,3.77,78.82,18.06,12,-3.58,-4.08,-4.11,-3.8,0.17,4.25,6.49,0.93,5.24,3.01,-1.31,-3.17,Rice,Clay,0.788,0.305,20.05,7,0.323,2167.97,27.7
20.907,106.611,2,6,3.64,29.7,27.6,6,32.1,38.1,26,23.76,5.06,83.5,14.17,12,-3.61,-3.18,-3.97,-3.01,-1.53,10.61,0.28,6.3,8.2,-1.85,-3.74,-4.52,Rice,Clay Loam,0.485,0.253,25.41,6,0.418,2167.97,23.721
9.518,105.247,11,1,3.64,36.8,33.8,5.4,27.7,35.4,36.3,27.97,4.72,81.28,17.03,12,-4.59,-5.52,-5.78,-3.25,-0.54,1.6,7.82,0.24,8.31,4.06,1.94,-4.24,Rice,Clay Loam,0.706,0.277,23.92,9,0.347,3.468.752,27.964
21.145,105.635,2,14,3.64,28.8,19.4,6,28.6,42.6,21.5,23.88,3.84,82.73,14.01,12,-3.62,-2.57,-3.27,-2.24,-0.69,5.8,0.34,6.86,5.89,0.57,-3.41,-3.66,Rice,Clay Loam,0.512,0.254,19.46,8,0.353,2167.97,23.789
9.73,106.448,4,2,3.64,37.5,35.5,6.1,25.8,36.7,36,27.77,5.28,82.72,18.77,12,-4.89,-5.87,-6.07,-3.73,0.31,0.66,9.99,0.82,8.06,5.64,0.34,-5.29,Rice,Clay Loam,0.644,0.281,25.85,7,0.387,1.951.173,27.757
10.818,105.583,4,3,3.64,35.7,27.3,5.6,22.6,41.7,41.1,28.1,3.74,77.56,17.9,12,-3.37,-4.2,-4.32,-3.49,0.06,1.63,4.58,-0.12,6.51,5.58,0.4,-3.31,Rice,Clay Loam,0.853,0.296,18.81,9,0.347,3.035.158,28.08
20.244,105.664,7,211,3.64,33.2,24.6,5.6,28.6,38.2,34.6,24.21,3.5,83.74,14.41,12,-3.17,-3.04,-3.17,-2.47,-1.36,1.99,1.29,2.72,8.21,4.04,-2.02,-3.04,Rice,Clay Loam,0.491,0.273,18.27,9,0.45,3.035.158,22.838
10.115,106.419,11,4,3.64,33.9,35.5,6.3,20.7,45.4,61.8,27.61,5.05,82.34,18.06,12,-4.58,-5.54,-5.71,-4.16,0.46,1.64,10.07,-0.1,7.61,4.57,0.32,-4.63,Rice,Clay Loam,0.653,0.329,24.72,7,0.408,1.517.579,27.584
8.753,105.018,11,1,3.64,35.7,45.2,5.3,36.9,27.4,48,28.04,4.45,80.82,17.99,12,-4.45,-5.29,-5.62,-3.24,-0.63,1.27,6.71,0.39,7.95,3.73,3.01,-3.78,Rice,Clay Loam,0.727,0.272,23.01,9,0.345,3.685.549,28.034
10.833,106.581,11,128,3.64,39.3,22,5.6,24.9,35.8,29.9,27.72,3.77,78.82,18.06,12,-3.58,-4.08,-4.11,-3.8,0.17,4.25,6.49,0.93,5.24,3.01,-1.31,-3.17,Rice,Clay Loam,0.788,0.275,20.05,7,0.323,3.035.158,26.888
10.171,105.991,4,2,3.64,40.9,32.6,6.4,23,36.1,42.4,27.61,5.05,82.34,17.9,12,-4.58,-5.54,-5.71,-4.16,0.46,1.64,10.07,-0.1,7.61,4.57,0.32,-4.63,Rice,Clay,0.653,0.296,24.72,7,0.408,1.300.782,27.597
10.418,105.124,11,2,3.64,36.3,34.9,6,23.2,40.5,43.4,27.91,4.77,79.76,17.9,12,-3.85,-5.17,-5.46,-3.66,-0.22,0.5,5.61,-0.26,10.88,4.65,0.87,-3.94,Rice,Clay Loam,0.761,0.297,22.56,9,0.483,2167.97,27.897
20.971,106.684,7,3,3.64,35.6,24.5,6.2,26.8,37.6,27.3,23.76,5.06,83.5,14.17,12,-3.61,-3.18,-3.97,-3.01,-1.53,10.61,0.28,6.3,8.2,-1.85,-3.74,-4.52,Rice,Clay Loam,0.485,0.267,25.41,6,0.418,1.734.376,23.74
9.364,105.827,4,3,3.64,38.2,38.9,5.6,33,28.8,34.9,27.58,5.68,82.83,17.03,12,-5.15,-6.22,-6.61,-3.85,-0.17,0.76,10.43,0.35,9.34,6.06,0.59,-5.48,Rice,Clay Loam,0.633,0.263,27.48,7,0.379,3.035.158,27.56
10.454,104.999,11,10,3.64,33,32.9,5.5,37.9,29.1,54.4,27.91,4.77,79.76,18.24,12,-3.85,-5.17,-5.46,-3.66,-0.22,0.5,5.61,-0.26,10.88,4.65,0.87,-3.94,Rice,Clay Loam,0.761,0.279,22.56,9,0.483,3.251.955,27.845
10.641,105.192,11,3,3.64,37.6,25.4,5.5,21.2,41.1,36.9,27.91,4.77,79.76,17.9,12,-3.85,-5.17,-5.46,-3.66,-0.22,0.5,5.61,-0.26,10.88,4.65,0.87,-3.94,Rice,Clay Loam,0.761,0.293,22.56,9,0.483,3.251.955,27.89
9.569,105.784,11,3,3.64,34.5,47,5.8,26.1,39.3,42.2,27.58,5.68,82.83,17.03,12,-5.15,-6.22,-6.61,-3.85,-0.17,0.76,10.43,0.35,9.34,6.06,0.59,-5.48,Rice,Clay Loam,0.633,0.289,27.48,7,0.379,2.601.564,27.56
9.94,105.857,11,5,3.64,35.3,34.7,6.1,28.6,36.1,63.7,27.52,5.44,82.42,17.03,12,-4.68,-6.01,-6.26,-4.19,0.2,1.23,10.03,-0.2,9.39,5.07,0.41,-4.97,Rice,Clay Loam,0.646,0.313,26.31,7,0.381,1.951.173,27.488
10.879,106.118,4,4,3.64,37,28.6,5.1,21.7,41.4,27.6,28.08,3.71,77.7,18.06,12,-3.56,-4.08,-4.13,-3.62,0.1,2.86,5.77,0.03,5.64,4.65,-0.35,-3.28,Rice,Clay Loam,0.847,0.279,19.02,7,0.303,4.119.143,28.054
10.567,106.246,11,3,3.64,34.2,35.7,6.3,20.4,45.4,34.1,27.91,4.33,79.72,18.06,12,-4.03,-4.78,-4.88,-4,0.35,2.61,7.9,-0.29,6.54,4.36,0.01,-3.83,Rice,Clay Loam,0.763,0.291,21.81,7,0.363,1.517.579,27.89
20.748,105.565,2,328,3.64,34.4,28.2,5.6,25.8,39.8,43.2,23.6,3.61,83.74,14.41,12,-3.31,-2.87,-3.1,-2.21,-1.23,4,0.43,4.46,7.45,2.88,-3.09,-3.44,Rice,Clay Loam,0.474,0.291,19.25,9,0.388,3.035.158,21.468
9.6,106.336,4,7,3.64,39.1,37.3,6.1,27.3,33.6,39.3,27.77,5.28,82.72,18.77,12,-4.89,-5.87,-6.07,-3.73,0.31,0.66,9.99,0.82,8.06,5.64,0.34,-5.29,Rice,Clay Loam,0.644,0.282,25.85,7,0.387,1.951.173,27.724
9.238,105.744,11,2,3.64,38.2,36.9,5.5,31.8,30,37.5,27.84,5.34,82.89,17.03,12,-5.21,-5.96,-6.44,-3.2,-0.3,0.5,9.1,0.95,8.41,6.51,1.07,-5.45,Rice,Clay Loam,0.641,0.269,26.56,7,0.343,3.251.955,27.827
20.758,105.842,7,4,3.64,34.7,26.5,5.9,22.5,42.9,27.1,23.88,3.84,82.73,14.41,12,-3.62,-2.57,-3.27,-2.24,-0.69,5.8,0.34,6.86,5.89,0.57,-3.41,-3.66,Rice,Clay Loam,0.512,0.276,19.46,8,0.353,2.384.767,23.854
20.848,106.279,2,4,3.64,37.7,27.5,6.2,28.4,33.9,27.1,24.18,4.13,82.51,14.17,12,-3.45,-2.61,-3.49,-2.27,-1.12,6.4,-0.14,6.45,7.56,0.06,-3.6,-3.84,Rice,Clay Loam,0.528,0.263,20.52,9,0.369,1.734.376,24.154
10.587,106.291,11,3,3.64,44.6,32.3,6.1,14.9,40.5,24,27.91,4.33,79.72,18.06,12,-4.03,-4.78,-4.88,-4,0.35,2.61,7.9,-0.29,6.54,4.36,0.01,-3.83,Rice,Clay,0.763,0.289,21.81,7,0.363,1.951.173,27.89
10.315,105.753,4,4,3.64,36.1,29.9,5.8,23.1,40.8,29.8,27.74,4.64,80.6,17.9,12,-4.02,-5.17,-5.35,-3.98,0.31,1.52,7.43,-0.41,8.29,5.16,0.33,-4.15,Rice,Clay Loam,0.722,0.279,23.08,9,0.36,2.601.564,27.714
10.433,104.546,11,2,3.64,33.1,53.9,5.5,27.5,39.3,69,28.02,4.28,79.32,18.24,12,-3.59,-4.73,-4.96,-3.39,-0.31,0.74,4.69,-0.22,9.83,4.01,1.31,-3.42,Rice,Clay Loam,0.783,0.323,20.62,9,0.478,3.251.955,28.007
10.549,105.417,4,6,3.64,36.5,28,5.4,20.3,43.2,32.7,27.74,4.64,80.6,17.9,12,-4.02,-5.17,-5.35,-3.98,0.31,1.52,7.43,-0.41,8.29,5.16,0.33,-4.15,Rice,Clay Loam,0.722,0.289,23.08,9,0.36,3.468.752,27.701
20.908,105.563,2,41,3.64,35.8,21.9,5.8,25.5,38.7,27.6,23.88,3.84,82.73,14.41,12,-3.62,-2.57,-3.27,-2.24,-0.69,5.8,0.34,6.86,5.89,0.57,-3.41,-3.66,Rice,Clay Loam,0.512,0.27,19.46,8,0.353,2.601.564,23.614
9.245,105.093,11,3,3.64,41.2,32.7,5.4,30.3,28.5,47.7,28.04,4.45,80.82,17.03,12,-4.45,-5.29,-5.62,-3.24,-0.63,1.27,6.71,0.39,7.95,3.73,3.01,-3.78,Rice,Clay,0.727,0.287,23.01,9,0.345,3.468.752,28.02
20.631,106.206,7,3,3.64,34.5,29.4,6,23.3,42.2,37,24.42,4.15,83.73,14.17,12,-3.54,-3.28,-3.86,-2.76,-1.25,4.9,0.24,4.95,8.6,3.24,-3.34,-3.95,Rice,Clay Loam,0.498,0.288,21.98,9,0.392,2167.97,24.4
20.558,106.449,7,2,3.64,36.3,39.8,6.1,28,35.7,38.8,24.42,4.15,83.73,14.17,12,-3.54,-3.28,-3.86,-2.76,-1.25,4.9,0.24,4.95,8.6,3.24,-3.34,-3.95,Rice,Clay Loam,0.498,0.28,21.98,9,0.392,1.951.173,24.407
10.474,106.479,11,6,3.64,41,22.3,6.4,18.5,40.5,24.6,27.91,4.33,79.72,18.06,12,-4.03,-4.78,-4.88,-4,0.35,2.61,7.9,-0.29,6.54,4.36,0.01,-3.83,Rice,Clay,0.763,0.282,21.81,7,0.363,1.300.782,27.871
20.761,105.533,2,116,3.64,29.6,25.4,5.8,25.1,45.3,34.6,23.88,3.84,82.73,14.41,12,-3.62,-2.57,-3.27,-2.24,-0.69,5.8,0.34,6.86,5.89,0.57,-3.41,-3.66,Rice,Clay Loam,0.512,0.281,19.46,8,0.353,2.601.564,23.126
20.975,105.816,7,10,3.64,29.1,23.5,6.1,31.3,39.6,25.5,23.88,3.84,82.73,14.41,12,-3.62,-2.57,-3.27,-2.24,-0.69,5.8,0.34,6.86,5.89,0.57,-3.41,-3.66,Rice,Clay Loam,0.512,0.254,19.46,8,0.353,1.951.173,23.815
9.302,104.859,11,7,3.64,36.9,36.7,5.7,32.6,30.5,68.1,27.97,4.72,81.28,18.06,12,-4.59,-5.52,-5.78,-3.25,-0.54,1.6,7.82,0.24,8.31,4.06,1.94,-4.24,Rice,Clay Loam,0.706,0.31,23.92,9,0.347,2.818.361,27.924
21.157,106.3,2,4,3.64,33.1,20.1,6.1,24.8,42.1,23.2,24.18,4.13,82.51,13.38,12,-3.45,-2.61,-3.49,-2.27,-1.12,6.4,-0.14,6.45,7.56,0.06,-3.6,-3.84,Rice,Clay Loam,0.528,0.265,20.52,9,0.369,1.951.173,24.154
20.072,105.911,2,8,3.64,34,22.9,6,31.7,34.3,30.2,24.21,3.5,83.74,14.41,12,-3.17,-3.04,-3.17,-2.47,-1.36,1.99,1.29,2.72,8.21,4.04,-2.02,-3.04,Rice,Clay Loam,0.491,0.259,18.27,9,0.45,2167.97,24.158
21.339,106.255,2,13,3.64,28.9,21.3,6.2,32.1,38.9,23.1,23.24,4.05,82.32,13.38,12,-3.55,-1.88,-3.28,-2.06,-0.89,7.01,0.69,7.59,5.4,-2.13,-3.3,-3.62,Rice,Clay Loam,0.504,0.249,20.71,8,0.367,1.734.376,23.156
10.683,106.259,4,2,3.64,39.8,30.7,5.6,16.2,44,28.6,27.91,4.33,79.72,18.06,12,-4.03,-4.78,-4.88,-4,0.35,2.61,7.9,-0.29,6.54,4.36,0.01,-3.83,Rice,Clay Loam,0.763,0.293,21.81,7,0.363,3.035.158,27.897
20.585,105.532,7,344,3.64,35,28,5.7,24.7,40.3,35.7,23.6,3.61,83.74,14.41,12,-3.31,-2.87,-3.1,-2.21,-1.23,4,0.43,4.46,7.45,2.88,-3.09,-3.44,Rice,Clay Loam,0.474,0.283,19.25,9,0.388,2.818.361,21.364
21.308,106.137,7,9,3.64,32.3,18.8,6.2,28.8,38.8,20.6,23.24,4.05,82.32,13.38,12,-3.55,-1.88,-3.28,-2.06,-0.89,7.01,0.69,7.59,5.4,-2.13,-3.3,-3.62,Rice,Clay Loam,0.504,0.253,20.71,8,0.367,1.734.376,23.182
20.485,105.655,2,87,3.64,33,25.4,5.7,25.3,41.7,36.4,23.6,3.61,83.74,14.41,12,-3.31,-2.87,-3.1,-2.21,-1.23,4,0.43,4.46,7.45,2.88,-3.09,-3.44,Rice,Clay Loam,0.474,0.283,19.25,9,0.388,2.818.361,23.034
20.394,106.059,2,2,3.64,36.1,28.9,6,27.2,36.7,32.4,24.42,4.15,83.73,14.17,12,-3.54,-3.28,-3.86,-2.76,-1.25,4.9,0.24,4.95,8.6,3.24,-3.34,-3.95,Rice,Clay Loam,0.498,0.273,21.98,9,0.392,2167.97,24.407
20.72,106.329,2,3,3.64,33.8,33.3,6,26.4,39.9,29,24.42,4.15,83.73,14.17,12,-3.54,-3.28,-3.86,-2.76,-1.25,4.9,0.24,4.95,8.6,3.24,-3.34,-3.95,Rice,Clay Loam,0.498,0.27,21.98,9,0.392,2167.97,24.4
10.343,104.6,11,1,3.64,34.4,65.6,5.7,26,39.6,63.7,28.02,4.28,79.32,18.24,12,-3.59,-4.73,-4.96,-3.39,-0.31,0.74,4.69,-0.22,9.83,4.01,1.31,-3.42,Rice,Clay Loam,0.783,0.319,20.62,9,0.478,2.818.361,28.014
21.364,106.005,2,12,3.64,31.8,21.9,6.1,31,37.2,23,23.24,4.05,82.32,13.38,12,-3.55,-1.88,-3.28,-2.06,-0.89,7.01,0.69,7.59,5.4,-2.13,-3.3,-3.62,Rice,Clay Loam,0.504,0.251,20.71,8,0.367,1.951.173,23.162
10.405,105.79,4,2,3.64,40.6,29.9,6.1,17.4,42,40,27.74,4.64,80.6,17.9,12,-4.02,-5.17,-5.35,-3.98,0.31,1.52,7.43,-0.41,8.29,5.16,0.33,-4.15,Rice,Clay,0.722,0.306,23.08,9,0.36,1.951.173,27.727
21.199,106.653,2,209,3.64,32.9,32.9,5.6,26.4,40.7,45,23.76,5.06,83.5,13.38,12,-3.61,-3.18,-3.97,-3.01,-1.53,10.61,0.28,6.3,8.2,-1.85,-3.74,-4.52,Rice,Clay Loam,0.485,0.292,25.41,6,0.418,3.035.158,22.402
20.136,105.831,2,96,3.64,33.8,24.1,5.7,31.6,34.6,27.1,24.21,3.5,83.74,14.41,12,-3.17,-3.04,-3.17,-2.47,-1.36,1.99,1.29,2.72,8.21,4.04,-2.02,-3.04,Rice,Clay Loam,0.491,0.255,18.27,9,0.45,2.818.361,23.586
9.607,105.626,4,1,3.64,41.1,32.4,6,24.6,34.3,44.9,27.58,5.68,82.83,17.03,12,-5.15,-6.22,-6.61,-3.85,-0.17,0.76,10.43,0.35,9.34,6.06,0.59,-5.48,Rice,Clay,0.633,0.296,27.48,7,0.379,2167.97,27.574
20.968,106.334,7,3,3.64,36.5,30,5.9,31,32.5,29.3,24.18,4.13,82.51,14.17,12,-3.45,-2.61,-3.49,-2.27,-1.12,6.4,-0.14,6.45,7.56,0.06,-3.6,-3.84,Rice,Clay Loam,0.528,0.26,20.52,9,0.369,2.384.767,24.16
21.457,105.753,2,42,3.64,34.2,24.2,5.9,29.2,36.6,22.4,23.66,4.1,82.25,14.01,12,-3.83,-2.11,-3.41,-2.35,-0.33,6.36,1.26,8.89,4.16,-1.78,-3.22,-3.69,Rice,Clay Loam,0.519,0.254,20.72,8,0.43,2.384.767,23.387
21.376,106.292,7,42,3.64,30.1,21,6.3,25,44.9,20.9,23.24,4.05,82.32,13.38,12,-3.55,-1.88,-3.28,-2.06,-0.89,7.01,0.69,7.59,5.4,-2.13,-3.3,-3.62,Rice,Clay Loam,0.504,0.262,20.71,8,0.367,1.517.579,22.967
9.658,106.344,11,2,3.64,42.8,41.7,6,25.9,31.3,38.1,27.77,5.28,82.72,18.77,12,-4.89,-5.87,-6.07,-3.73,0.31,0.66,9.99,0.82,8.06,5.64,0.34,-5.29,Rice,Clay,0.644,0.284,25.85,7,0.387,2167.97,27.757
20.745,106.198,2,3,3.64,37.9,27.7,6.2,27.6,34.4,27.7,24.42,4.15,83.73,14.17,12,-3.54,-3.28,-3.86,-2.76,-1.25,4.9,0.24,4.95,8.6,3.24,-3.34,-3.95,Rice,Clay Loam,0.498,0.265,21.98,9,0.392,1.734.376,24.4
20.969,105.515,2,25,3.64,33.5,22.1,6.1,26.4,40.1,27.3,23.88,3.84,82.73,14.41,12,-3.62,-2.57,-3.27,-2.24,-0.69,5.8,0.34,6.86,5.89,0.57,-3.41,-3.66,Rice,Clay Loam,0.512,0.268,19.46,8,0.353,1.951.173,23.717
21.24,105.648,7,11,3.64,30.3,20.9,6.1,31.7,38,23.9,23.88,3.84,82.73,14.01,12,-3.62,-2.57,-3.27,-2.24,-0.69,5.8,0.34,6.86,5.89,0.57,-3.41,-3.66,Rice,Clay Loam,0.512,0.251,19.46,8,0.353,1.951.173,23.808
9.435,105.903,4,3,3.64,35.9,44.8,5.5,34.3,29.8,43.1,27.58,5.68,82.83,17.03,12,-5.15,-6.22,-6.61,-3.85,-0.17,0.76,10.43,0.35,9.34,6.06,0.59,-5.48,Rice,Clay Loam,0.633,0.271,27.48,7,0.379,3.251.955,27.56
21.012,106.267,7,5,3.64,34.9,21.4,6.2,28.8,36.4,24.2,24.18,4.13,82.51,13.38,12,-3.45,-2.61,-3.49,-2.27,-1.12,6.4,-0.14,6.45,7.56,0.06,-3.6,-3.84,Rice,Clay Loam,0.528,0.258,20.52,9,0.369,1.734.376,24.148
10.403,104.885,11,3,3.64,29.5,34.3,5.7,29.9,40.6,41.6,27.91,4.77,79.76,18.24,12,-3.85,-5.17,-5.46,-3.66,-0.22,0.5,5.61,-0.26,10.88,4.65,0.87,-3.94,Rice,Clay Loam,0.761,0.279,22.56,9,0.483,2.818.361,27.89
21.074,105.803,7,14,3.64,27.8,21.3,6,29.7,42.5,28,23.88,3.84,82.73,14.01,12,-3.62,-2.57,-3.27,-2.24,-0.69,5.8,0.34,6.86,5.89,0.57,-3.41,-3.66,Rice,Clay Loam,0.512,0.261,19.46,8,0.353,2167.97,23.789
9.552,105.548,4,1,3.64,38.3,30.5,5.9,26.2,35.5,39.3,27.58,5.68,82.83,17.03,12,-5.15,-6.22,-6.61,-3.85,-0.17,0.76,10.43,0.35,9.34,6.06,0.59,-5.48,Rice,Clay Loam,0.633,0.285,27.48,7,0.379,2.384.767,27.574
10.954,106.028,11,5,3.64,29.8,28.6,5.3,29.4,40.8,22,28.08,3.71,77.7,18.06,12,-3.56,-4.08,-4.13,-3.62,0.1,2.86,5.77,0.03,5.64,4.65,-0.35,-3.28,Rice,Clay Loam,0.847,0.253,19.02,7,0.303,3.685.549,28.048
21.406,106.404,2,265,3.64,35.1,31.1,5.7,22.6,42.3,38.8,23.24,4.05,82.32,13.38,12,-3.55,-1.88,-3.28,-2.06,-0.89,7.01,0.69,7.59,5.4,-2.13,-3.3,-3.62,Rice,Clay Loam,0.504,0.292,20.71,8,0.367,2.818.361,21.518
20.731,105.581,7,450,3.64,32.9,27.8,5.8,26,41.1,38.3,23.6,3.61,83.74,14.41,12,-3.31,-2.87,-3.1,-2.21,-1.23,4,0.43,4.46,7.45,2.88,-3.09,-3.44,Rice,Clay Loam,0.474,0.284,19.25,9,0.388,2.601.564,20.675
10.823,105.785,4,2,3.64,39.7,33.7,6,18.2,42.1,64.3,28.1,3.74,77.56,17.9,12,-3.37,-4.2,-4.32,-3.49,0.06,1.63,4.58,-0.12,6.51,5.58,0.4,-3.31,Rice,Clay Loam,0.853,0.338,18.81,9,0.347,2167.97,28.087
10.435,105.931,11,2,3.64,37.2,31.5,6.3,20,42.7,40.3,27.74,4.64,80.6,17.9,12,-4.02,-5.17,-5.35,-3.98,0.31,1.52,7.43,-0.41,8.29,5.16,0.33,-4.15,Rice,Clay Loam,0.722,0.3,23.08,9,0.36,1.517.579,27.727
10.95,106.403,4,7,3.64,38.7,21,5.6,23.2,38.1,27,28.08,3.71,77.7,18.06,12,-3.56,-4.08,-4.13,-3.62,0.1,2.86,5.77,0.03,5.64,4.65,-0.35,-3.28,Rice,Clay Loam,0.847,0.274,19.02,7,0.303,3.035.158,28.034
10.102,106.628,11,5,3.64,38.5,31,6.4,22.2,39.4,40.8,27.9,4.57,82.8,18.06,12,-4.11,-5.15,-5.27,-3.9,0.42,1.5,8.42,0.47,7.6,3.69,0.73,-4.35,Rice,Clay Loam,0.646,0.296,22.78,7,0.369,1.300.782,27.868
10.402,105.155,4,2,3.64,37.4,36.5,5.9,22.3,40.3,37,27.91,4.77,79.76,17.9,12,-3.85,-5.17,-5.46,-3.66,-0.22,0.5,5.61,-0.26,10.88,4.65,0.87,-3.94,Rice,Clay Loam,0.761,0.291,22.56,9,0.483,2.384.767,27.897
9.641,105.756,4,2,3.64,36.4,26.4,5.9,27.1,36.5,37.2,27.58,5.68,82.83,17.03,12,-5.15,-6.22,-6.61,-3.85,-0.17,0.76,10.43,0.35,9.34,6.06,0.59,-5.48,Rice,Clay Loam,0.633,0.28,27.48,7,0.379,2.384.767,27.567
9.947,105.976,11,2,3.64,37.8,42.6,6.2,25.6,36.6,68.9,27.61,5.05,82.34,17.03,12,-4.58,-5.54,-5.71,-4.16,0.46,1.64,10.07,-0.1,7.61,4.57,0.32,-4.63,Rice,Clay Loam,0.653,0.328,24.72,7,0.408,1.734.376,27.597
10.495,105.959,4,2,3.64,39.3,24.6,6.2,19.9,40.8,30.6,27.91,4.33,79.72,17.9,12,-4.03,-4.78,-4.88,-4,0.35,2.61,7.9,-0.29,6.54,4.36,0.01,-3.83,Rice,Clay Loam,0.763,0.287,21.81,7,0.363,1.734.376,27.897
10.293,106.528,4,8,3.64,34.6,27.1,6.4,20.2,45.2,45.6,27.91,4.33,79.72,18.06,12,-4.03,-4.78,-4.88,-4,0.35,2.61,7.9,-0.29,6.54,4.36,0.01,-3.83,Rice,Clay Loam,0.763,0.307,21.81,7,0.363,1.300.782,27.858
10.443,104.781,11,3,3.64,30.8,44.8,5.6,27.6,41.5,40.8,27.91,4.77,79.76,18.24,12,-3.85,-5.17,-5.46,-3.66,-0.22,0.5,5.61,-0.26,10.88,4.65,0.87,-3.94,Rice,Clay Loam,0.761,0.284,22.56,9,0.483,3.035.158,27.89
20.867,105.706,2,7,3.64,29.1,22.6,5.9,23.8,47.1,24.1,23.88,3.84,82.73,14.41,12,-3.62,-2.57,-3.27,-2.24,-0.69,5.8,0.34,6.86,5.89,0.57,-3.41,-3.66,Rice,Clay Loam,0.512,0.269,19.46,8,0.353,2.384.767,23.834
21.154,106.378,2,125,3.64,32.1,27.5,5.6,25.6,42.3,36.7,24.18,4.13,82.51,13.38,12,-3.45,-2.61,-3.49,-2.27,-1.12,6.4,-0.14,6.45,7.56,0.06,-3.6,-3.84,Rice,Clay Loam,0.528,0.282,20.52,9,0.369,3.035.158,23.368
20.274,106.075,7,2,3.64,35,27.6,5.9,30.4,34.6,25.7,24.42,4.15,83.73,14.17,12,-3.54,-3.28,-3.86,-2.76,-1.25,4.9,0.24,4.95,8.6,3.24,-3.34,-3.95,Rice,Clay Loam,0.498,0.256,21.98,9,0.392,2.384.767,24.407
21.075,106.163,7,5,3.64,36,19.7,6,25.9,38.1,30.4,24.18,4.13,82.51,13.38,12,-3.45,-2.61,-3.49,-2.27,-1.12,6.4,-0.14,6.45,7.56,0.06,-3.6,-3.84,Rice,Clay Loam,0.528,0.273,20.52,9,0.369,2167.97,24.148
20.678,106.454,7,2,3.64,35.1,31.4,6.2,27.8,37.2,33.4,24.42,4.15,83.73,14.17,12,-3.54,-3.28,-3.86,-2.76,-1.25,4.9,0.24,4.95,8.6,3.24,-3.34,-3.95,Rice,Clay Loam,0.498,0.273,21.98,9,0.392,1.734.376,24.407
20.775,105.833,2,4,3.64,32.4,26.1,6,23.1,44.5,24,23.88,3.84,82.73,14.41,12,-3.62,-2.57,-3.27,-2.24,-0.69,5.8,0.34,6.86,5.89,0.57,-3.41,-3.66,Rice,Clay Loam,0.512,0.27,19.46,8,0.353,2167.97,23.854
10.276,105.731,4,3,3.64,37.9,27.5,6,19.5,42.6,40.4,27.74,4.64,80.6,17.9,12,-4.02,-5.17,-5.35,-3.98,0.31,1.52,7.43,-0.41,8.29,5.16,0.33,-4.15,Rice,Clay Loam,0.722,0.302,23.08,9,0.36,2167.97,27.72
10.917,104.859,4,7,3.64,27.6,38.8,5.3,33.4,39,32.3,28.16,3.9,76.87,18.24,12,-3.21,-4.25,-4.47,-3.37,-0.26,0.68,3.27,0.33,8.7,4.94,0.85,-3.21,Rice,Clay Loam,0.882,0.258,18.77,9,0.464,3.685.549,28.114
10.24,106.556,11,6,3.64,45,29.7,6.4,19.2,35.9,37.7,27.61,5.05,82.34,18.06,12,-4.58,-5.54,-5.71,-4.16,0.46,1.64,10.07,-0.1,7.61,4.57,0.32,-4.63,Rice,Clay,0.653,0.299,24.72,7,0.408,1.300.782,27.571
10.807,105.685,4,3,3.64,39.3,26.9,5.5,19.5,41.2,35.5,28.1,3.74,77.56,17.9,12,-3.37,-4.2,-4.32,-3.49,0.06,1.63,4.58,-0.12,6.51,5.58,0.4,-3.31,Rice,Clay Loam,0.853,0.295,18.81,9,0.347,3.251.955,28.08
20.918,106.201,2,3,3.64,33.1,27.6,6.1,29,37.9,26.7,24.18,4.13,82.51,14.17,12,-3.45,-2.61,-3.49,-2.27,-1.12,6.4,-0.14,6.45,7.56,0.06,-3.6,-3.84,Rice,Clay Loam,0.528,0.261,20.52,9,0.369,1.951.173,24.16
21.355,106.597,7,33,3.64,33,21.3,6.2,27.1,39.9,26.9,22.33,4.4,83.68,13.38,12,-3.51,-2.18,-3.29,-2.25,-1.59,9.09,1.12,6.42,6.2,-2.75,-3.26,-3.95,Rice,Clay Loam,0.44,0.265,22.78,6,0.398,1.734.376,22.115
10.522,105.121,4,2,3.64,36.2,33.8,5.8,20,43.8,41.7,27.91,4.77,79.76,17.9,12,-3.85,-5.17,-5.46,-3.66,-0.22,0.5,5.61,-0.26,10.88,4.65,0.87,-3.94,Rice,Clay Loam,0.761,0.302,22.56,9,0.483,2.601.564,27.897
20.737,106.392,2,4,3.64,34.5,25.9,6.1,27.6,38,29.3,24.42,4.15,83.73,14.17,12,-3.54,-3.28,-3.86,-2.76,-1.25,4.9,0.24,4.95,8.6,3.24,-3.34,-3.95,Rice,Clay Loam,0.498,0.268,21.98,9,0.392,1.951.173,24.394
10.487,104.659,4,2,3.64,32.5,49.4,5.4,29.2,38.3,39.1,28.02,4.28,79.32,18.24,12,-3.59,-4.73,-4.96,-3.39,-0.31,0.74,4.69,-0.22,9.83,4.01,1.31,-3.42,Rice,Clay Loam,0.783,0.278,20.62,9,0.478,3.468.752,28.007
10.893,104.75,4,14,3.64,30.2,43,5.6,35.5,34.4,25.3,28.16,3.9,76.87,18.24,12,-3.21,-4.25,-4.47,-3.37,-0.26,0.68,3.27,0.33,8.7,4.94,0.85,-3.21,Rice,Clay Loam,0.882,0.244,18.77,9,0.464,3.035.158,28.069
21.432,106.342,2,53,3.64,28.9,21.5,6.2,23.6,47.4,27.6,23.24,4.05,82.32,13.38,12,-3.55,-1.88,-3.28,-2.06,-0.89,7.01,0.69,7.59,5.4,-2.13,-3.3,-3.62,Rice,Clay Loam,0.504,0.274,20.71,8,0.367,1.734.376,22.896
20.95,105.758,7,9,3.64,32.9,24.8,6,28,39.1,28.2,23.88,3.84,82.73,14.41,12,-3.62,-2.57,-3.27,-2.24,-0.69,5.8,0.34,6.86,5.89,0.57,-3.41,-3.66,Rice,Clay Loam,0.512,0.265,19.46,8,0.353,2167.97,23.822
21.084,105.723,2,8,3.64,29.9,22.3,6.2,31.5,38.6,26.5,23.88,3.84,82.73,14.01,12,-3.62,-2.57,-3.27,-2.24,-0.69,5.8,0.34,6.86,5.89,0.57,-3.41,-3.66,Rice,Clay Loam,0.512,0.255,19.46,8,0.353,1.734.376,23.828
9.17,104.865,11,3,3.64,39.2,53.2,5.7,32.6,28.2,56.3,28.04,4.45,80.82,18.06,12,-4.45,-5.29,-5.62,-3.24,-0.63,1.27,6.71,0.39,7.95,3.73,3.01,-3.78,Rice,Clay Loam,0.727,0.294,23.01,9,0.345,2.818.361,28.02
10.355,105.743,11,2,3.64,39,30.4,5.8,17.4,43.6,47.2,27.74,4.64,80.6,17.9,12,-4.02,-5.17,-5.35,-3.98,0.31,1.52,7.43,-0.41,8.29,5.16,0.33,-4.15,Rice,Clay Loam,0.722,0.316,23.08,9,0.36,2.601.564,27.727
20.898,106.283,7,4,3.64,35.7,26.9,6.1,28.3,36,31.2,24.18,4.13,82.51,14.17,12,-3.45,-2.61,-3.49,-2.27,-1.12,6.4,-0.14,6.45,7.56,0.06,-3.6,-3.84,Rice,Clay Loam,0.528,0.269,20.52,9,0.369,1.951.173,24.154
10.838,105.028,4,3,3.64,34.1,26,5.9,24.4,41.5,28,28.16,3.9,76.87,17.9,12,-3.21,-4.25,-4.47,-3.37,-0.26,0.68,3.27,0.33,8.7,4.94,0.85,-3.21,Rice,Clay Loam,0.882,0.273,18.77,9,0.464,2.384.767,28.14
10.48,105.159,4,2,3.64,37.7,31.2,5.5,20.4,41.9,34.3,27.91,4.77,79.76,17.9,12,-3.85,-5.17,-5.46,-3.66,-0.22,0.5,5.61,-0.26,10.88,4.65,0.87,-3.94,Rice,Clay Loam,0.761,0.291,22.56,9,0.483,3.251.955,27.897
9.622,105.627,11,1,3.64,35,31.5,5.8,27.2,37.8,48.3,27.58,5.68,82.83,17.03,12,-5.15,-6.22,-6.61,-3.85,-0.17,0.76,10.43,0.35,9.34,6.06,0.59,-5.48,Rice,Clay Loam,0.633,0.295,27.48,7,0.379,2.601.564,27.574
10.477,106.387,11,6,3.64,39.3,34,6.3,17.3,43.3,39,27.91,4.33,79.72,18.06,12,-4.03,-4.78,-4.88,-4,0.35,2.61,7.9,-0.29,6.54,4.36,0.01,-3.83,Rice,Clay Loam,0.763,0.305,21.81,7,0.363,1.517.579,27.871
10.979,104.765,4,6,3.64,28.2,28.6,5.5,35.8,36,28.4,28.16,3.9,76.87,18.24,12,-3.21,-4.25,-4.47,-3.37,-0.26,0.68,3.27,0.33,8.7,4.94,0.85,-3.21,Rice,Clay Loam,0.882,0.247,18.77,9,0.464,3.251.955,28.121
10.131,105.349,11,2,3.64,37.8,24.6,5.5,25.6,36.6,31.1,27.52,5.44,82.42,17.9,12,-4.68,-6.01,-6.26,-4.19,0.2,1.23,10.03,-0.2,9.39,5.07,0.41,-4.97,Rice,Clay Loam,0.646,0.275,26.31,7,0.381,3.251.955,27.507
10.294,106.696,4,4,3.64,38.2,33.1,6.3,20,41.7,35.7,27.76,4.07,80.84,18.06,12,-3.8,-4.52,-4.6,-4.04,0.25,3.53,7.47,0.45,6.09,2.91,-0.2,-3.56,Rice,Clay Loam,0.714,0.294,20.72,7,0.361,1.517.579,27.734
20.333,106.263,7,5,3.64,34.3,27.1,6,30.9,34.8,25.5,24.42,4.15,83.73,14.17,12,-3.54,-3.28,-3.86,-2.76,-1.25,4.9,0.24,4.95,8.6,3.24,-3.34,-3.95,Rice,Clay Loam,0.498,0.255,21.98,9,0.392,2167.97,24.388
20.561,106.379,7,2,3.64,33.2,32.9,6,27.4,39.4,31.8,24.42,4.15,83.73,14.17,12,-3.54,-3.28,-3.86,-2.76,-1.25,4.9,0.24,4.95,8.6,3.24,-3.34,-3.95,Rice,Clay Loam,0.498,0.271,21.98,9,0.392,2167.97,24.407
20.407,106.47,2,2,3.64,35.1,34.7,6,28.3,36.6,31.4,24.42,4.15,83.73,14.17,12,-3.54,-3.28,-3.86,-2.76,-1.25,4.9,0.24,4.95,8.6,3.24,-3.34,-3.95,Rice,Clay Loam,0.498,0.269,21.98,9,0.392,2167.97,24.407
10.448,104.912,11,15,3.64,35.1,35,5.6,36.4,28.5,35.6,27.91,4.77,79.76,18.24,12,-3.85,-5.17,-5.46,-3.66,-0.22,0.5,5.61,-0.26,10.88,4.65,0.87,-3.94,Rice,Clay Loam,0.761,0.256,22.56,9,0.483,3.035.158,27.812
10.708,105.239,4,3,3.64,36.5,26,5.7,21.7,41.8,33,27.91,4.77,79.76,17.9,12,-3.85,-5.17,-5.46,-3.66,-0.22,0.5,5.61,-0.26,10.88,4.65,0.87,-3.94,Rice,Clay Loam,0.761,0.286,22.56,9,0.483,2.818.361,27.89
21.025,105.728,2,7,3.64,29,21.8,6,29.9,41.1,26.5,23.88,3.84,82.73,14.01,12,-3.62,-2.57,-3.27,-2.24,-0.69,5.8,0.34,6.86,5.89,0.57,-3.41,-3.66,Rice,Clay Loam,0.512,0.258,19.46,8,0.353,2167.97,23.834
20.402,105.875,7,16,3.64,32.5,23.7,5.8,26.6,40.9,35.8,23.6,3.61,83.74,14.41,12,-3.31,-2.87,-3.1,-2.21,-1.23,4,0.43,4.46,7.45,2.88,-3.09,-3.44,Rice,Clay Loam,0.474,0.279,19.25,9,0.388,2.601.564,23.496
9.219,105.378,4,2,3.64,38.9,35.6,5.5,33.1,28,40,27.84,5.34,82.89,17.03,12,-5.21,-5.96,-6.44,-3.2,-0.3,0.5,9.1,0.95,8.41,6.51,1.07,-5.45,Rice,Clay Loam,0.641,0.27,26.56,7,0.343,3.251.955,27.827
9.374,105.854,11,4,3.64,41.5,36,5.6,32.2,26.2,36.8,27.58,5.68,82.83,17.03,12,-5.15,-6.22,-6.61,-3.85,-0.17,0.76,10.43,0.35,9.34,6.06,0.59,-5.48,Rice,Clay,0.633,0.267,27.48,7,0.379,3.035.158,27.554
20.91,105.616,7,17,3.64,32.3,22.4,6,24.6,43,24.9,23.88,3.84,82.73,14.41,12,-3.62,-2.57,-3.27,-2.24,-0.69,5.8,0.34,6.86,5.89,0.57,-3.41,-3.66,Rice,Clay Loam,0.512,0.268,19.46,8,0.353,2167.97,23.77
20.618,106.459,2,2,3.64,35.6,33.7,6.2,27.4,37,31.1,24.42,4.15,83.73,14.17,12,-3.54,-3.28,-3.86,-2.76,-1.25,4.9,0.24,4.95,8.6,3.24,-3.34,-3.95,Rice,Clay Loam,0.498,0.271,21.98,9,0.392,1.734.376,24.407
21.163,106.218,7,4,3.64,30.7,20.1,6,29.5,39.8,25.1,24.18,4.13,82.51,13.38,12,-3.45,-2.61,-3.49,-2.27,-1.12,6.4,-0.14,6.45,7.56,0.06,-3.6,-3.84,Rice,Clay Loam,0.528,0.257,20.52,9,0.369,2167.97,24.154
20.672,106.386,7,2,3.64,35.8,30.7,6.1,27.8,36.4,30.2,24.42,4.15,83.73,14.17,12,-3.54,-3.28,-3.86,-2.76,-1.25,4.9,0.24,4.95,8.6,3.24,-3.34,-3.95,Rice,Clay Loam,0.498,0.268,21.98,9,0.392,1.951.173,24.407
20.37,106.041,7,1,3.64,33.3,29.1,6.1,26.8,39.9,25.5,24.42,4.15,83.73,14.17,12,-3.54,-3.28,-3.86,-2.76,-1.25,4.9,0.24,4.95,8.6,3.24,-3.34,-3.95,Rice,Clay Loam,0.498,0.264,21.98,9,0.392,1.951.173,24.414
8.719,105.073,4,2,3.64,37.9,51,5.3,33.9,28.2,51.4,28.14,3.97,81.31,17.99,12,-3.92,-4.92,-5.23,-3.15,-0.59,0.53,5.39,0.83,6.79,2.56,4.54,-2.86,Rice,Clay Loam,0.712,0.284,20.67,9,0.329,3.685.549,28.127
10.163,105.781,4,2,3.64,35.8,36.6,6.1,21.1,43.2,40.1,27.52,5.44,82.42,17.9,12,-4.68,-6.01,-6.26,-4.19,0.2,1.23,10.03,-0.2,9.39,5.07,0.41,-4.97,Rice,Clay Loam,0.646,0.298,26.31,7,0.381,1.951.173,27.507
10.634,105.831,11,3,3.64,36.6,28.1,5.6,20.3,43.1,33.9,27.74,4.64,80.6,17.9,12,-4.02,-5.17,-5.35,-3.98,0.31,1.52,7.43,-0.41,8.29,5.16,0.33,-4.15,Rice,Clay Loam,0.722,0.291,23.08,9,0.36,3.035.158,27.72
20.386,105.933,7,3,3.64,32,23.3,6.2,25.5,42.5,31.7,23.6,3.61,83.74,14.41,12,-3.31,-2.87,-3.1,-2.21,-1.23,4,0.43,4.46,7.45,2.88,-3.09,-3.44,Rice,Clay Loam,0.474,0.276,19.25,9,0.388,1.734.376,23.58
10.341,106.629,11,3,3.64,40.1,35.5,6.4,18.1,41.8,34.8,27.76,4.07,80.84,18.06,12,-3.8,-4.52,-4.6,-4.04,0.25,3.53,7.47,0.45,6.09,2.91,-0.2,-3.56,Rice,Clay,0.714,0.297,20.72,7,0.361,1.300.782,27.74
20.38,105.657,7,32,3.64,32,22.2,5.9,28,40.1,20.6,23.6,3.61,83.74,14.41,12,-3.31,-2.87,-3.1,-2.21,-1.23,4,0.43,4.46,7.45,2.88,-3.09,-3.44,Rice,Clay Loam,0.474,0.254,19.25,9,0.388,2.384.767,23.392
8.643,105.109,11,12,3.64,32.5,43.6,5.8,34.8,32.6,71.1,28.14,3.97,81.31,17.99,12,-3.92,-4.92,-5.23,-3.15,-0.59,0.53,5.39,0.83,6.79,2.56,4.54,-2.86,Rice,Clay Loam,0.712,0.31,20.67,9,0.329,2.601.564,28.062
20.853,106.131,7,3,3.64,36.5,28.7,6.2,26.7,36.8,27.9,24.18,4.13,82.51,14.17,12,-3.45,-2.61,-3.49,-2.27,-1.12,6.4,-0.14,6.45,7.56,0.06,-3.6,-3.84,Rice,Clay Loam,0.528,0.268,20.52,9,0.369,1.734.376,24.16
21.155,106.532,7,32,3.64,37.4,24.7,5.7,28.4,34.2,26.8,24.18,4.13,82.51,13.38,12,-3.45,-2.61,-3.49,-2.27,-1.12,6.4,-0.14,6.45,7.56,0.06,-3.6,-3.84,Rice,Clay Loam,0.528,0.262,20.52,9,0.369,2.818.361,23.972
21.319,106.478,2,14,3.64,30.3,21.3,6.2,25.8,43.9,24.6,23.24,4.05,82.32,13.38,12,-3.55,-1.88,-3.28,-2.06,-0.89,7.01,0.69,7.59,5.4,-2.13,-3.3,-3.62,Rice,Clay Loam,0.504,0.265,20.71,8,0.367,1.734.376,23.149
20.661,105.865,2,4,3.64,33.4,27.7,5.9,24,42.7,26.5,23.6,3.61,83.74,14.41,12,-3.31,-2.87,-3.1,-2.21,-1.23,4,0.43,4.46,7.45,2.88,-3.09,-3.44,Rice,Clay Loam,0.474,0.272,19.25,9,0.388,2.384.767,23.574
10.804,105.571,11,3,3.64,35.5,32.7,5.5,23.2,41.3,39,28.1,3.74,77.56,17.9,12,-3.37,-4.2,-4.32,-3.49,0.06,1.63,4.58,-0.12,6.51,5.58,0.4,-3.31,Rice,Clay Loam,0.853,0.291,18.81,9,0.347,3.251.955,28.08
10.212,104.791,4,1,3.64,33.6,37.8,5.5,28.3,38.2,45.8,27.96,4.89,80.82,18.24,12,-4.26,-5.51,-5.79,-3.48,-0.34,0.99,7.3,-0.09,10.14,4.07,1.2,-4.25,Rice,Clay Loam,0.723,0.289,23.72,9,0.428,3.251.955,27.954
10.049,106.254,4,7,3.64,37.2,27.8,6.2,19.8,43,57.3,27.61,5.05,82.34,18.06,12,-4.58,-5.54,-5.71,-4.16,0.46,1.64,10.07,-0.1,7.61,4.57,0.32,-4.63,Rice,Clay Loam,0.653,0.325,24.72,7,0.408,1.734.376,27.564
9.055,104.912,11,0,3.64,39.7,43.4,5.3,32.7,27.6,50.3,28.04,4.45,80.82,18.06,12,-4.45,-5.29,-5.62,-3.24,-0.63,1.27,6.71,0.39,7.95,3.73,3.01,-3.78,Rice,Clay Loam,0.727,0.285,23.01,9,0.345,3.685.549,28.04
21.364,105.953,2,11,3.64,30.6,22.5,5.9,29.5,39.9,25.8,23.24,4.05,82.32,14.01,12,-3.55,-1.88,-3.28,-2.06,-0.89,7.01,0.69,7.59,5.4,-2.13,-3.3,-3.62,Rice,Clay Loam,0.504,0.258,20.71,8,0.367,2.384.767,23.168
9.183,105.068,11,2,3.64,37.6,43.9,5.4,32.5,29.8,37.3,28.04,4.45,80.82,17.03,12,-4.45,-5.29,-5.62,-3.24,-0.63,1.27,6.71,0.39,7.95,3.73,3.01,-3.78,Rice,Clay Loam,0.727,0.267,23.01,9,0.345,3.468.752,28.027
20.338,105.697,7,15,3.64,31.2,25.2,5.9,26.7,42.1,21.2,23.6,3.61,83.74,14.41,12,-3.31,-2.87,-3.1,-2.21,-1.23,4,0.43,4.46,7.45,2.88,-3.09,-3.44,Rice,Clay Loam,0.474,0.258,19.25,9,0.388,2.384.767,23.502
10.314,105.02,11,2,3.64,35.8,35.6,5.5,24.7,39.5,43.2,27.91,4.77,79.76,17.9,12,-3.85,-5.17,-5.46,-3.66,-0.22,0.5,5.61,-0.26,10.88,4.65,0.87,-3.94,Rice,Clay Loam,0.761,0.294,22.56,9,0.483,3.251.955,27.897
9.568,105.213,4,1,3.64,36.1,36.4,5.4,27,36.9,40.1,27.97,4.72,81.28,17.03,12,-4.59,-5.52,-5.78,-3.25,-0.54,1.6,7.82,0.24,8.31,4.06,1.94,-4.24,Rice,Clay Loam,0.706,0.284,23.92,9,0.347,3.468.752,27.964
20.656,106.301,7,3,3.64,32.5,36.7,5.9,27.9,39.6,36.5,24.42,4.15,83.73,14.17,12,-3.54,-3.28,-3.86,-2.76,-1.25,4.9,0.24,4.95,8.6,3.24,-3.34,-3.95,Rice,Clay Loam,0.498,0.277,21.98,9,0.392,2.384.767,24.4
20.365,105.696,7,16,3.64,30.8,28.2,5.8,27.3,41.9,32,23.6,3.61,83.74,14.41,12,-3.31,-2.87,-3.1,-2.21,-1.23,4,0.43,4.46,7.45,2.88,-3.09,-3.44,Rice,Clay Loam,0.474,0.272,19.25,9,0.388,2.601.564,23.496
10.764,105.192,4,3,3.64,39.5,33.4,5.9,21.8,38.7,42.2,28.16,3.9,76.87,17.9,12,-3.21,-4.25,-4.47,-3.37,-0.26,0.68,3.27,0.33,8.7,4.94,0.85,-3.21,Rice,Clay Loam,0.882,0.299,18.77,9,0.464,2.384.767,28.14
20.3,105.926,2,2,3.64,32,24.3,5.8,26.9,41.2,30,23.6,3.61,83.74,14.41,12,-3.31,-2.87,-3.1,-2.21,-1.23,4,0.43,4.46,7.45,2.88,-3.09,-3.44,Rice,Clay Loam,0.474,0.27,19.25,9,0.388,2.601.564,23.587
21.389,106.363,7,103,3.64,30.6,23.5,5.8,24.5,44.9,27.4,23.24,4.05,82.32,13.38,12,-3.55,-1.88,-3.28,-2.06,-0.89,7.01,0.69,7.59,5.4,-2.13,-3.3,-3.62,Rice,Clay Loam,0.504,0.272,20.71,8,0.367,2.601.564,22.57
8.677,104.903,11,2,3.64,40.8,57.4,5.4,31.4,27.7,53.4,28.14,3.97,81.31,17.74,12,-3.92,-4.92,-5.23,-3.15,-0.59,0.53,5.39,0.83,6.79,2.56,4.54,-2.86,Rice,Clay,0.712,0.293,20.67,9,0.329,3.468.752,28.127
20.696,105.941,7,4,3.64,35.2,27.8,5.8,24.1,40.7,31.6,24.42,4.15,83.73,14.41,12,-3.54,-3.28,-3.86,-2.76,-1.25,4.9,0.24,4.95,8.6,3.24,-3.34,-3.95,Rice,Clay Loam,0.498,0.279,21.98,9,0.392,2.601.564,24.394
10.417,104.631,4,2,3.64,35.5,52.5,5.4,25.7,38.8,46.5,28.02,4.28,79.32,18.24,12,-3.59,-4.73,-4.96,-3.39,-0.31,0.74,4.69,-0.22,9.83,4.01,1.31,-3.42,Rice,Clay Loam,0.783,0.296,20.62,9,0.478,3.468.752,28.007
9.368,104.94,11,3,3.64,41.4,32,5.8,27.1,31.5,47.3,27.97,4.72,81.28,18.06,12,-4.59,-5.52,-5.78,-3.25,-0.54,1.6,7.82,0.24,8.31,4.06,1.94,-4.24,Rice,Clay,0.706,0.294,23.92,9,0.347,2.601.564,27.95
20.663,106.404,2,3,3.64,35.4,34.1,6,26.3,38.3,30.3,24.42,4.15,83.73,14.17,12,-3.54,-3.28,-3.86,-2.76,-1.25,4.9,0.24,4.95,8.6,3.24,-3.34,-3.95,Rice,Clay Loam,0.498,0.272,21.98,9,0.392,2167.97,24.4
20.824,105.673,2,10,3.64,27.1,24,6,27.8,45,25.1,23.88,3.84,82.73,14.41,12,-3.62,-2.57,-3.27,-2.24,-0.69,5.8,0.34,6.86,5.89,0.57,-3.41,-3.66,Rice,Clay Loam,0.512,0.261,19.46,8,0.353,2167.97,23.815
10.665,105.79,4,2,3.64,40.2,34.1,5.9,20.2,39.6,35.4,27.74,4.64,80.6,17.9,12,-4.02,-5.17,-5.35,-3.98,0.31,1.52,7.43,-0.41,8.29,5.16,0.33,-4.15,Rice,Clay,0.722,0.293,23.08,9,0.36,2.384.767,27.727
21.112,106.283,7,6,3.64,35,19.1,5.9,26.2,38.8,23.3,24.18,4.13,82.51,13.38,12,-3.45,-2.61,-3.49,-2.27,-1.12,6.4,-0.14,6.45,7.56,0.06,-3.6,-3.84,Rice,Clay Loam,0.528,0.262,20.52,9,0.369,2.384.767,24.141
20.505,106.035,2,2,3.64,35.1,25.8,6.1,27,37.9,29.5,24.42,4.15,83.73,14.17,12,-3.54,-3.28,-3.86,-2.76,-1.25,4.9,0.24,4.95,8.6,3.24,-3.34,-3.95,Rice,Clay Loam,0.498,0.269,21.98,9,0.392,1.951.173,24.407
10.336,104.531,4,2,3.64,32.9,33.5,5.4,32,35.1,79.1,28.02,4.28,79.32,18.24,12,-3.59,-4.73,-4.96,-3.39,-0.31,0.74,4.69,-0.22,9.83,4.01,1.31,-3.42,Rice,Clay Loam,0.783,0.327,20.62,9,0.478,3.468.752,28.007
20.287,105.768,2,2,3.64,31.9,26.8,5.9,28.2,39.9,29.7,23.6,3.61,83.74,14.41,12,-3.31,-2.87,-3.1,-2.21,-1.23,4,0.43,4.46,7.45,2.88,-3.09,-3.44,Rice,Clay Loam,0.474,0.267,19.25,9,0.388,2.384.767,23.587
9.865,105.723,4,4,3.64,36.5,27.9,6,26.5,37,40.4,27.52,5.44,82.42,17.03,12,-4.68,-6.01,-6.26,-4.19,0.2,1.23,10.03,-0.2,9.39,5.07,0.41,-4.97,Rice,Clay Loam,0.646,0.286,26.31,7,0.381,2167.97,27.494
20.122,105.785,2,65,3.64,32.9,27.9,5.5,32.1,35,42.7,24.21,3.5,83.74,14.41,12,-3.17,-3.04,-3.17,-2.47,-1.36,1.99,1.29,2.72,8.21,4.04,-2.02,-3.04,Rice,Clay Loam,0.491,0.276,18.27,9,0.45,3.251.955,23.788
10.007,105.447,4,2,3.64,36.2,31.4,5.8,23.9,39.8,40.3,27.52,5.44,82.42,17.9,12,-4.68,-6.01,-6.26,-4.19,0.2,1.23,10.03,-0.2,9.39,5.07,0.41,-4.97,Rice,Clay Loam,0.646,0.291,26.31,7,0.381,2.601.564,27.507
9.341,105.368,11,1,3.64,40.6,29.9,5.4,30.1,29.4,35.2,27.58,5.68,82.83,17.03,12,-5.15,-6.22,-6.61,-3.85,-0.17,0.76,10.43,0.35,9.34,6.06,0.59,-5.48,Rice,Clay,0.633,0.27,27.48,7,0.379,3.468.752,27.574
10.754,104.53,4,12,3.64,30.1,33.6,5.7,35.7,34.2,46.3,27.55,3.96,77.95,18.24,12,-3.27,-4.22,-4.47,-3.28,-0.5,0.58,2.73,0.29,9.27,4.9,1.1,-3.13,Rice,Clay Loam,0.812,0.273,18.87,9,0.491,2.818.361,27.472
9.522,105.108,4,4,3.64,37.1,41.1,5.8,26.3,36.6,54,27.97,4.72,81.28,17.03,12,-4.59,-5.52,-5.78,-3.25,-0.54,1.6,7.82,0.24,8.31,4.06,1.94,-4.24,Rice,Clay Loam,0.706,0.305,23.92,9,0.347,2.601.564,27.944
10.418,104.538,11,1,3.64,33.9,52.3,5.6,26,40.1,64.5,28.02,4.28,79.32,18.24,12,-3.59,-4.73,-4.96,-3.39,-0.31,0.74,4.69,-0.22,9.83,4.01,1.31,-3.42,Rice,Clay Loam,0.783,0.32,20.62,9,0.478,3.035.158,28.014
21.315,105.564,7,20,3.64,32.6,20.7,6.2,29.6,37.9,23,23.66,4.1,82.25,14.01,12,-3.83,-2.11,-3.41,-2.35,-0.33,6.36,1.26,8.89,4.16,-1.78,-3.22,-3.69,Rice,Clay Loam,0.519,0.254,20.72,8,0.43,1.734.376,23.53
21.031,106.485,2,5,3.64,36.6,23.9,6.3,24.6,38.8,34.7,24.18,4.13,82.51,13.38,12,-3.45,-2.61,-3.49,-2.27,-1.12,6.4,-0.14,6.45,7.56,0.06,-3.6,-3.84,Rice,Clay Loam,0.528,0.282,20.52,9,0.369,1.517.579,24.148
21.347,105.854,7,9,3.64,30.1,21.5,6.1,30.1,39.8,20.9,23.66,4.1,82.25,14.01,12,-3.83,-2.11,-3.41,-2.35,-0.33,6.36,1.26,8.89,4.16,-1.78,-3.22,-3.69,Rice,Clay Loam,0.519,0.25,20.72,8,0.43,1.951.173,23.602
10.599,106.688,11,3,3.64,32.7,36.3,6,24.6,42.7,36.9,27.76,4.07,80.84,18.06,12,-3.8,-4.52,-4.6,-4.04,0.25,3.53,7.47,0.45,6.09,2.91,-0.2,-3.56,Rice,Clay Loam,0.714,0.285,20.72,7,0.361,2167.97,27.74
20.512,105.824,7,194,3.64,33.7,26,5.8,27.5,38.8,34.6,23.6,3.61,83.74,14.41,12,-3.31,-2.87,-3.1,-2.21,-1.23,4,0.43,4.46,7.45,2.88,-3.09,-3.44,Rice,Clay Loam,0.474,0.275,19.25,9,0.388,2.601.564,22.339
9.924,105.574,11,2,3.64,34,34.9,5.9,26.9,39.1,39.5,27.52,5.44,82.42,17.03,12,-4.68,-6.01,-6.26,-4.19,0.2,1.23,10.03,-0.2,9.39,5.07,0.41,-4.97,Rice,Clay Loam,0.646,0.283,26.31,7,0.381,2.384.767,27.507
9.247,105.533,4,2,3.64,42.4,34,5.4,29.7,27.9,37.2,27.84,5.34,82.89,17.03,12,-5.21,-5.96,-6.44,-3.2,-0.3,0.5,9.1,0.95,8.41,6.51,1.07,-5.45,Rice,Clay,0.641,0.274,26.56,7,0.343,3.468.752,27.827
9.714,105.175,11,1,3.64,33.4,39.6,5.5,26.5,40.1,38.9,27.97,4.72,81.28,17.03,12,-4.59,-5.52,-5.78,-3.25,-0.54,1.6,7.82,0.24,8.31,4.06,1.94,-4.24,Rice,Clay Loam,0.706,0.284,23.92,9,0.347,3.251.955,27.964
10.395,105.648,11,2,3.64,37.3,27.3,5.7,16.9,45.8,33,27.74,4.64,80.6,17.9,12,-4.02,-5.17,-5.35,-3.98,0.31,1.52,7.43,-0.41,8.29,5.16,0.33,-4.15,Rice,Clay Loam,0.722,0.297,23.08,9,0.36,2.818.361,27.727
20.6,105.663,7,20,3.64,33,24.6,5.9,24.8,42.2,29,23.6,3.61,83.74,14.41,12,-3.31,-2.87,-3.1,-2.21,-1.23,4,0.43,4.46,7.45,2.88,-3.09,-3.44,Rice,Clay Loam,0.474,0.274,19.25,9,0.388,2.384.767,23.47
9.802,105.34,4,1,3.64,35.4,34.6,5.6,27.1,37.5,38.7,27.52,5.44,82.42,17.03,12,-4.68,-6.01,-6.26,-4.19,0.2,1.23,10.03,-0.2,9.39,5.07,0.41,-4.97,Rice,Clay Loam,0.646,0.282,26.31,7,0.381,3.035.158,27.514
20.559,105.832,2,192,3.64,32,23.9,5.8,26.7,41.3,33.2,23.6,3.61,83.74,14.41,12,-3.31,-2.87,-3.1,-2.21,-1.23,4,0.43,4.46,7.45,2.88,-3.09,-3.44,Rice,Clay Loam,0.474,0.275,19.25,9,0.388,2.601.564,22.352
20.328,106.051,2,3,3.64,30.1,23.2,6,29.1,40.7,25.1,24.42,4.15,83.73,14.17,12,-3.54,-3.28,-3.86,-2.76,-1.25,4.9,0.24,4.95,8.6,3.24,-3.34,-3.95,Rice,Clay Loam,0.498,0.258,21.98,9,0.392,2167.97,24.4
21.124,105.695,2,10,3.64,28.7,21.1,6,31.7,39.7,29.5,23.88,3.84,82.73,14.01,12,-3.62,-2.57,-3.27,-2.24,-0.69,5.8,0.34,6.86,5.89,0.57,-3.41,-3.66,Rice,Clay Loam,0.512,0.258,19.46,8,0.353,2167.97,23.815
20.607,105.504,7,931,3.64,33,46.3,5.5,28.3,38.6,57,23.6,3.61,83.74,14.41,12,-3.31,-2.87,-3.1,-2.21,-1.23,4,0.43,4.46,7.45,2.88,-3.09,-3.44,Rice,Clay Loam,0.474,0.305,19.25,9,0.388,3.251.955,17.548
20.071,105.594,2,12,3.64,31.1,18.9,5.9,29.8,39.1,23.1,24.21,3.5,83.74,14.41,12,-3.17,-3.04,-3.17,-2.47,-1.36,1.99,1.29,2.72,8.21,4.04,-2.02,-3.04,Rice,Clay Loam,0.491,0.254,18.27,9,0.45,2.384.767,24.132
10.966,106.534,11,13,3.64,42,20.9,5.8,21.4,36.7,22.8,28.08,3.71,77.7,18.06,12,-3.56,-4.08,-4.13,-3.62,0.1,2.86,5.77,0.03,5.64,4.65,-0.35,-3.28,Rice,Clay,0.847,0.273,19.02,7,0.303,2.601.564,27.996
9.929,105.071,4,2,3.64,32.7,34,5.5,32,35.3,58.4,27.96,4.89,80.82,17.03,12,-4.26,-5.51,-5.79,-3.48,-0.34,0.99,7.3,-0.09,10.14,4.07,1.2,-4.25,Rice,Clay Loam,0.723,0.298,23.72,9,0.428,3.251.955,27.947
10.683,105.362,11,3,3.64,30.5,24.9,5.5,24.4,45.1,36.4,27.74,4.64,80.6,17.9,12,-4.02,-5.17,-5.35,-3.98,0.31,1.52,7.43,-0.41,8.29,5.16,0.33,-4.15,Rice,Clay Loam,0.722,0.285,23.08,9,0.36,3.251.955,27.72
9.664,105.921,4,2,3.64,40.5,24.4,6,23.9,35.5,29,27.58,5.68,82.83,17.03,12,-5.15,-6.22,-6.61,-3.85,-0.17,0.76,10.43,0.35,9.34,6.06,0.59,-5.48,Rice,Clay,0.633,0.276,27.48,7,0.379,2167.97,27.567
9.964,106.031,11,4,3.64,33.6,28.7,6.2,25,41.4,40.3,27.61,5.05,82.34,18.77,12,-4.58,-5.54,-5.71,-4.16,0.46,1.64,10.07,-0.1,7.61,4.57,0.32,-4.63,Rice,Clay Loam,0.653,0.289,24.72,7,0.408,1.734.376,27.584
20.299,105.624,7,443,3.64,34.7,31.4,5.6,30.8,34.6,40.8,23.6,3.61,83.74,14.41,12,-3.31,-2.87,-3.1,-2.21,-1.23,4,0.43,4.46,7.45,2.88,-3.09,-3.44,Rice,Clay Loam,0.474,0.276,19.25,9,0.388,3.035.158,20.72
21.279,105.721,7,10,3.64,33.1,20.5,6.1,29.5,37.4,22.6,23.66,4.1,82.25,14.01,12,-3.83,-2.11,-3.41,-2.35,-0.33,6.36,1.26,8.89,4.16,-1.78,-3.22,-3.69,Rice,Clay Loam,0.519,0.254,20.72,8,0.43,1.951.173,23.595
20.602,105.916,7,3,3.64,32.8,26,6,25.5,41.7,27.4,23.6,3.61,83.74,14.41,12,-3.31,-2.87,-3.1,-2.21,-1.23,4,0.43,4.46,7.45,2.88,-3.09,-3.44,Rice,Clay Loam,0.474,0.27,19.25,9,0.388,2167.97,23.58
21.223,105.651,2,10,3.64,31.3,22.5,6,31.2,37.5,25.8,23.88,3.84,82.73,14.01,12,-3.62,-2.57,-3.27,-2.24,-0.69,5.8,0.34,6.86,5.89,0.57,-3.41,-3.66,Rice,Clay Loam,0.512,0.254,19.46,8,0.353,2167.97,23.815
20.263,106.152,7,2,3.64,30.9,34.1,5.9,27,42.1,35.1,24.42,4.15,83.73,14.17,12,-3.54,-3.28,-3.86,-2.76,-1.25,4.9,0.24,4.95,8.6,3.24,-3.34,-3.95,Rice,Clay Loam,0.498,0.277,21.98,9,0.392,2.384.767,24.407
10.286,105.497,4,3,3.64,35.8,26.8,5.7,24,40.2,33.1,27.74,4.64,80.6,17.9,12,-4.02,-5.17,-5.35,-3.98,0.31,1.52,7.43,-0.41,8.29,5.16,0.33,-4.15,Rice,Clay Loam,0.722,0.281,23.08,9,0.36,2.818.361,27.72
21.414,106.476,7,192,3.64,30.8,28.4,5.8,24.7,44.5,32.5,23.24,4.05,82.32,13.38,12,-3.55,-1.88,-3.28,-2.06,-0.89,7.01,0.69,7.59,5.4,-2.13,-3.3,-3.62,Rice,Clay Loam,0.504,0.279,20.71,8,0.367,2.601.564,21.992
10.478,105.889,4,2,3.64,36.3,30.9,6.3,20.4,43.3,39.9,27.74,4.64,80.6,17.9,12,-4.02,-5.17,-5.35,-3.98,0.31,1.52,7.43,-0.41,8.29,5.16,0.33,-4.15,Rice,Clay Loam,0.722,0.299,23.08,9,0.36,1.517.579,27.727
10.721,106.28,11,2,3.64,42.3,32.9,5.7,16,41.7,31.4,27.91,4.33,79.72,18.06,12,-4.03,-4.78,-4.88,-4,0.35,2.61,7.9,-0.29,6.54,4.36,0.01,-3.83,Rice,Clay,0.763,0.297,21.81,7,0.363,2.818.361,27.897
20.589,106.532,2,2,3.64,38.2,39.6,6.1,27.3,34.6,31.2,24.42,4.15,83.73,14.17,12,-3.54,-3.28,-3.86,-2.76,-1.25,4.9,0.24,4.95,8.6,3.24,-3.34,-3.95,Rice,Clay Loam,0.498,0.271,21.98,9,0.392,1.951.173,24.407
10.11,105.54,4,2,3.64,32.7,36,5.9,25.3,42,37.3,27.52,5.44,82.42,17.9,12,-4.68,-6.01,-6.26,-4.19,0.2,1.23,10.03,-0.2,9.39,5.07,0.41,-4.97,Rice,Clay Loam,0.646,0.284,26.31,7,0.381,2.384.767,27.507
21.16,106.611,2,273,3.64,33.1,24.6,5.8,26.8,40.1,33.7,23.76,5.06,83.5,13.38,12,-3.61,-3.18,-3.97,-3.01,-1.53,10.61,0.28,6.3,8.2,-1.85,-3.74,-4.52,Rice,Clay Loam,0.485,0.276,25.41,6,0.418,2.601.564,21.986
9.224,105.049,4,0,3.64,40.1,41,5.7,30.4,29.5,48.4,28.04,4.45,80.82,17.03,12,-4.45,-5.29,-5.62,-3.24,-0.63,1.27,6.71,0.39,7.95,3.73,3.01,-3.78,Rice,Clay,0.727,0.288,23.01,9,0.345,2.818.361,28.04
21.119,105.884,2,7,3.64,26.9,20.2,6.1,32.6,40.5,25.1,23.88,3.84,82.73,14.01,12,-3.62,-2.57,-3.27,-2.24,-0.69,5.8,0.34,6.86,5.89,0.57,-3.41,-3.66,Rice,Loam,0.512,0.25,19.46,8,0.353,1.951.173,23.834
10.516,106.54,11,2,3.64,40,32.5,6.2,22.6,37.4,35.3,27.91,4.33,79.72,18.06,12,-4.03,-4.78,-4.88,-4,0.35,2.61,7.9,-0.29,6.54,4.36,0.01,-3.83,Rice,Clay,0.763,0.287,21.81,7,0.363,1.734.376,27.897
9.717,105.529,11,3,3.64,36.5,32.4,5.8,27.3,36.2,36.2,27.58,5.68,82.83,17.03,12,-5.15,-6.22,-6.61,-3.85,-0.17,0.76,10.43,0.35,9.34,6.06,0.59,-5.48,Rice,Clay Loam,0.633,0.278,27.48,7,0.379,2.601.564,27.56
20.287,106.094,7,3,3.64,35.6,29.5,6,27.9,36.4,27.1,24.42,4.15,83.73,14.17,12,-3.54,-3.28,-3.86,-2.76,-1.25,4.9,0.24,4.95,8.6,3.24,-3.34,-3.95,Rice,Clay Loam,0.498,0.264,21.98,9,0.392,2167.97,24.4
20.344,106.149,2,2,3.64,31.4,27.7,6,27.7,40.8,28.8,24.42,4.15,83.73,14.17,12,-3.54,-3.28,-3.86,-2.76,-1.25,4.9,0.24,4.95,8.6,3.24,-3.34,-3.95,Rice,Clay Loam,0.498,0.267,21.98,9,0.392,2167.97,24.407
10.264,106.655,4,5,3.64,42,32.3,6.2,21.3,36.7,33.1,27.76,4.07,80.84,18.06,12,-3.8,-4.52,-4.6,-4.04,0.25,3.53,7.47,0.45,6.09,2.91,-0.2,-3.56,Rice,Clay,0.714,0.287,20.72,7,0.361,1.734.376,27.728
20.807,106.555,2,2,3.64,34,27.3,5.8,30.6,35.3,35.5,24.18,4.13,82.51,14.17,12,-3.45,-2.61,-3.49,-2.27,-1.12,6.4,-0.14,6.45,7.56,0.06,-3.6,-3.84,Rice,Clay Loam,0.528,0.269,20.52,9,0.369,2.601.564,24.167
10.038,106.611,4,2,3.64,36.3,35.6,6.2,23,40.7,43,27.9,4.57,82.8,18.06,12,-4.11,-5.15,-5.27,-3.9,0.42,1.5,8.42,0.47,7.6,3.69,0.73,-4.35,Rice,Clay Loam,0.646,0.297,22.78,7,0.369,1.734.376,27.887
10.806,105.971,11,3,3.64,35.7,24.2,5.5,23.9,40.5,25.3,28.08,3.71,77.7,17.9,12,-3.56,-4.08,-4.13,-3.62,0.1,2.86,5.77,0.03,5.64,4.65,-0.35,-3.28,Rice,Clay Loam,0.847,0.27,19.02,7,0.303,3.251.955,28.06
9.532,105.332,11,1,3.64,36.5,42.6,5.7,26.1,37.3,63.7,27.58,5.68,82.83,17.03,12,-5.15,-6.22,-6.61,-3.85,-0.17,0.76,10.43,0.35,9.34,6.06,0.59,-5.48,Rice,Clay Loam,0.633,0.319,27.48,7,0.379,2.818.361,27.574
9.691,104.953,4,2,3.64,37.7,36.8,5.5,27.8,34.5,49.6,27.97,4.72,81.28,18.06,12,-4.59,-5.52,-5.78,-3.25,-0.54,1.6,7.82,0.24,8.31,4.06,1.94,-4.24,Rice,Clay Loam,0.706,0.296,23.92,9,0.347,3.251.955,27.957
9.035,104.998,4,2,3.64,39.2,42.3,5.5,29.7,31,48.1,28.04,4.45,80.82,18.06,12,-4.45,-5.29,-5.62,-3.24,-0.63,1.27,6.71,0.39,7.95,3.73,3.01,-3.78,Rice,Clay Loam,0.727,0.289,23.01,9,0.345,3.251.955,28.027
21.321,105.814,2,81,3.64,32.1,25.8,5.4,27.3,40.6,25.8,23.66,4.1,82.25,14.01,12,-3.83,-2.11,-3.41,-2.35,-0.33,6.36,1.26,8.89,4.16,-1.78,-3.22,-3.69,Rice,Clay Loam,0.519,0.263,20.72,8,0.43,3.468.752,23.134
20.396,105.811,2,10,3.64,34.1,22.8,5.8,27,39,29.6,23.6,3.61,83.74,14.41,12,-3.31,-2.87,-3.1,-2.21,-1.23,4,0.43,4.46,7.45,2.88,-3.09,-3.44,Rice,Clay Loam,0.474,0.269,19.25,9,0.388,2.601.564,23.535
21.437,106.52,7,36,3.64,32.8,21.7,6.4,24.4,42.9,22.6,23.24,4.05,82.32,13.38,12,-3.55,-1.88,-3.28,-2.06,-0.89,7.01,0.69,7.59,5.4,-2.13,-3.3,-3.62,Rice,Clay Loam,0.504,0.266,20.71,8,0.367,1.300.782,23.006
9.187,105.561,11,1,3.64,39.8,40.4,5.7,33.4,26.8,48.4,27.84,5.34,82.89,17.03,12,-5.21,-5.96,-6.44,-3.2,-0.3,0.5,9.1,0.95,8.41,6.51,1.07,-5.45,Rice,Clay Loam,0.641,0.281,26.56,7,0.343,2.818.361,27.834
21.22,105.733,2,12,3.64,27.9,21.4,6.1,32.2,39.9,19.6,23.88,3.84,82.73,14.01,12,-3.62,-2.57,-3.27,-2.24,-0.69,5.8,0.34,6.86,5.89,0.57,-3.41,-3.66,Rice,Clay Loam,0.512,0.243,19.46,8,0.353,1.951.173,23.802
20.505,106.531,7,3,3.64,36.8,29.8,6,27.3,35.8,30.8,24.42,4.15,83.73,14.17,12,-3.54,-3.28,-3.86,-2.76,-1.25,4.9,0.24,4.95,8.6,3.24,-3.34,-3.95,Rice,Clay Loam,0.498,0.27,21.98,9,0.392,2167.97,24.4
20.633,106.345,7,3,3.64,33.5,35.1,5.9,26.8,39.7,35.1,24.42,4.15,83.73,14.17,12,-3.54,-3.28,-3.86,-2.76,-1.25,4.9,0.24,4.95,8.6,3.24,-3.34,-3.95,Rice,Clay Loam,0.498,0.277,21.98,9,0.392,2.384.767,24.4
10.893,104.868,4,9,3.64,28.2,32.1,5.1,34.6,37.2,37.7,28.16,3.9,76.87,18.24,12,-3.21,-4.25,-4.47,-3.37,-0.26,0.68,3.27,0.33,8.7,4.94,0.85,-3.21,Rice,Clay Loam,0.882,0.263,18.77,9,0.464,4.119.143,28.102
20.916,106.537,7,2,3.64,35,27.3,6,29.7,35.3,32,24.18,4.13,82.51,14.17,12,-3.45,-2.61,-3.49,-2.27,-1.12,6.4,-0.14,6.45,7.56,0.06,-3.6,-3.84,Rice,Clay Loam,0.528,0.266,20.52,9,0.369,2167.97,24.167
21.102,105.506,2,10,3.64,30.9,25.6,5.8,25.9,43.2,26,23.88,3.84,82.73,14.01,12,-3.62,-2.57,-3.27,-2.24,-0.69,5.8,0.34,6.86,5.89,0.57,-3.41,-3.66,Rice,Clay Loam,0.512,0.267,19.46,8,0.353,2.601.564,23.815
10.669,106.278,11,3,3.64,41.8,32.5,5.8,15.8,42.5,22.5,27.91,4.33,79.72,18.06,12,-4.03,-4.78,-4.88,-4,0.35,2.61,7.9,-0.29,6.54,4.36,0.01,-3.83,Rice,Clay,0.763,0.285,21.81,7,0.363,2.601.564,27.89
10.173,105.916,4,4,3.64,42.1,35.7,6.2,20,38,37.4,27.52,5.44,82.42,17.9,12,-4.68,-6.01,-6.26,-4.19,0.2,1.23,10.03,-0.2,9.39,5.07,0.41,-4.97,Rice,Clay,0.646,0.296,26.31,7,0.381,1.734.376,27.494
10.804,105.386,11,3,3.64,36,26.1,5.5,23.7,40.4,34.6,28.1,3.74,77.56,17.9,12,-3.37,-4.2,-4.32,-3.49,0.06,1.63,4.58,-0.12,6.51,5.58,0.4,-3.31,Rice,Clay Loam,0.853,0.284,18.81,9,0.347,3.251.955,28.08
21.48,105.855,7,29,3.64,31.5,22.1,6.1,31,37.5,20.1,23.66,4.1,82.25,14.01,12,-3.83,-2.11,-3.41,-2.35,-0.33,6.36,1.26,8.89,4.16,-1.78,-3.22,-3.69,Rice,Clay Loam,0.519,0.247,20.72,8,0.43,1.951.173,23.472
9.481,105.955,4,2,3.64,37.5,32.1,5.6,23.5,39,38.1,27.77,5.28,82.72,17.03,12,-4.89,-5.87,-6.07,-3.73,0.31,0.66,9.99,0.82,8.06,5.64,0.34,-5.29,Rice,Clay Loam,0.644,0.289,25.85,7,0.387,3.035.158,27.757
20.718,106.371,7,3,3.64,31.2,31.5,6,26.8,42,25.1,24.42,4.15,83.73,14.17,12,-3.54,-3.28,-3.86,-2.76,-1.25,4.9,0.24,4.95,8.6,3.24,-3.34,-3.95,Rice,Clay Loam,0.498,0.263,21.98,9,0.392,2167.97,24.4
20.943,106.242,7,4,3.64,37.3,29,6,27.4,35.4,25.5,24.18,4.13,82.51,14.17,12,-3.45,-2.61,-3.49,-2.27,-1.12,6.4,-0.14,6.45,7.56,0.06,-3.6,-3.84,Rice,Clay Loam,0.528,0.263,20.52,9,0.369,2167.97,24.154
20.763,106.105,2,4,3.64,34.1,25.5,5.9,26.8,39.1,25,24.18,4.13,82.51,14.17,12,-3.45,-2.61,-3.49,-2.27,-1.12,6.4,-0.14,6.45,7.56,0.06,-3.6,-3.84,Rice,Clay Loam,0.528,0.263,20.52,9,0.369,2.384.767,24.154
10.867,105.372,11,2,3.64,34.9,31.4,5.5,20.5,44.6,35.5,28.1,3.74,77.56,17.9,12,-3.37,-4.2,-4.32,-3.49,0.06,1.63,4.58,-0.12,6.51,5.58,0.4,-3.31,Rice,Clay Loam,0.853,0.293,18.81,9,0.347,3.251.955,28.087
21.102,106.126,2,5,3.64,34.5,23.4,6.2,29.8,35.7,25,24.18,4.13,82.51,13.38,12,-3.45,-2.61,-3.49,-2.27,-1.12,6.4,-0.14,6.45,7.56,0.06,-3.6,-3.84,Rice,Clay Loam,0.528,0.256,20.52,9,0.369,1.734.376,24.148
10.392,104.841,4,4,3.64,30.5,30.3,5.6,25.6,43.9,36.3,27.91,4.77,79.76,18.24,12,-3.85,-5.17,-5.46,-3.66,-0.22,0.5,5.61,-0.26,10.88,4.65,0.87,-3.94,Rice,Clay Loam,0.761,0.282,22.56,9,0.483,3.035.158,27.884
20.988,106.275,7,1,3.64,35.8,25.4,6.1,30.7,33.5,24.4,24.18,4.13,82.51,14.17,12,-3.45,-2.61,-3.49,-2.27,-1.12,6.4,-0.14,6.45,7.56,0.06,-3.6,-3.84,Rice,Clay Loam,0.528,0.254,20.52,9,0.369,1.951.173,24.174
10.806,106.182,4,2,3.64,39.4,30.7,5.5,17,43.6,28.9,28.08,3.71,77.7,18.06,12,-3.56,-4.08,-4.13,-3.62,0.1,2.86,5.77,0.03,5.64,4.65,-0.35,-3.28,Rice,Clay Loam,0.847,0.291,19.02,7,0.303,3.251.955,28.067
21.061,105.749,7,9,3.64,27.6,21.3,6.1,29.8,42.7,25.7,23.88,3.84,82.73,14.01,12,-3.62,-2.57,-3.27,-2.24,-0.69,5.8,0.34,6.86,5.89,0.57,-3.41,-3.66,Rice,Clay Loam,0.512,0.257,19.46,8,0.353,1.951.173,23.822
21.357,106.051,2,11,3.64,29.1,25,6.1,32.2,38.7,24.2,23.24,4.05,82.32,13.38,12,-3.55,-1.88,-3.28,-2.06,-0.89,7.01,0.69,7.59,5.4,-2.13,-3.3,-3.62,Rice,Clay Loam,0.504,0.25,20.71,8,0.367,1.951.173,23.168
9.977,106.37,11,4,3.64,35.1,38.1,6.4,20.8,44.1,43.6,27.61,5.05,82.34,18.77,12,-4.58,-5.54,-5.71,-4.16,0.46,1.64,10.07,-0.1,7.61,4.57,0.32,-4.63,Rice,Clay Loam,0.653,0.303,24.72,7,0.408,1.300.782,27.584
20.539,105.82,7,33,3.64,33.9,25.5,5.9,25.1,41,29.6,23.6,3.61,83.74,14.41,12,-3.31,-2.87,-3.1,-2.21,-1.23,4,0.43,4.46,7.45,2.88,-3.09,-3.44,Rice,Clay Loam,0.474,0.274,19.25,9,0.388,2.384.767,23.386
21.482,105.719,7,64,3.64,33.5,26.6,5.7,29.1,37.4,25.6,23.66,4.1,82.25,14.01,12,-3.83,-2.11,-3.41,-2.35,-0.33,6.36,1.26,8.89,4.16,-1.78,-3.22,-3.69,Rice,Clay Loam,0.519,0.259,20.72,8,0.43,2.818.361,23.244
9.645,106.491,11,4,3.64,38.2,31.9,6.1,25.2,36.6,35.2,27.77,5.28,82.72,18.77,12,-4.89,-5.87,-6.07,-3.73,0.31,0.66,9.99,0.82,8.06,5.64,0.34,-5.29,Rice,Clay Loam,0.644,0.281,25.85,7,0.387,1.951.173,27.744
9.582,105.125,4,4,3.64,37,40.6,5.5,25.9,37.1,58.4,27.97,4.72,81.28,17.03,12,-4.59,-5.52,-5.78,-3.25,-0.54,1.6,7.82,0.24,8.31,4.06,1.94,-4.24,Rice,Clay Loam,0.706,0.312,23.92,9,0.347,3.251.955,27.944
20.723,106.073,2,4,3.64,35.5,28.8,5.8,26.2,38.3,25.6,24.42,4.15,83.73,14.17,12,-3.54,-3.28,-3.86,-2.76,-1.25,4.9,0.24,4.95,8.6,3.24,-3.34,-3.95,Rice,Clay Loam,0.498,0.266,21.98,9,0.392,2.601.564,24.394
21.385,106.573,2,15,3.64,29.5,20.7,6,26.2,44.3,23.5,22.33,4.4,83.68,13.38,12,-3.51,-2.18,-3.29,-2.25,-1.59,9.09,1.12,6.42,6.2,-2.75,-3.26,-3.95,Rice,Clay Loam,0.44,0.263,22.78,6,0.398,2167.97,22.232
20.222,105.787,7,79,3.64,26.8,24,5.8,32.6,40.6,27.2,24.21,3.5,83.74,14.41,12,-3.17,-3.04,-3.17,-2.47,-1.36,1.99,1.29,2.72,8.21,4.04,-2.02,-3.04,Rice,Loam,0.491,0.253,18.27,9,0.45,2.601.564,23.696
10.598,106.105,4,3,3.64,39.3,33.4,6,19,41.7,24.6,27.91,4.33,79.72,18.06,12,-4.03,-4.78,-4.88,-4,0.35,2.61,7.9,-0.29,6.54,4.36,0.01,-3.83,Rice,Clay Loam,0.763,0.281,21.81,7,0.363,2167.97,27.89
20.695,105.897,2,6,3.64,32.6,30.4,6,26.9,40.5,30.3,23.6,3.61,83.74,14.41,12,-3.31,-2.87,-3.1,-2.21,-1.23,4,0.43,4.46,7.45,2.88,-3.09,-3.44,Rice,Clay Loam,0.474,0.271,19.25,9,0.388,2167.97,23.561
10.928,105.582,4,3,3.64,33.3,36.6,5.8,24.7,41.9,42.5,28.1,3.74,77.56,17.9,12,-3.37,-4.2,-4.32,-3.49,0.06,1.63,4.58,-0.12,6.51,5.58,0.4,-3.31,Rice,Clay Loam,0.853,0.293,18.81,9,0.347,2.601.564,28.08
20.496,105.914,2,3,3.64,36.5,26.8,6,24.7,38.8,32.6,23.6,3.61,83.74,14.41,12,-3.31,-2.87,-3.1,-2.21,-1.23,4,0.43,4.46,7.45,2.88,-3.09,-3.44,Rice,Clay Loam,0.474,0.279,19.25,9,0.388,2167.97,23.58
10.382,104.679,11,2,3.64,31.4,42.4,5.6,27.3,41.3,37,28.02,4.28,79.32,18.24,12,-3.59,-4.73,-4.96,-3.39,-0.31,0.74,4.69,-0.22,9.83,4.01,1.31,-3.42,Rice,Clay Loam,0.783,0.279,20.62,9,0.478,3.035.158,28.007
10.237,105.204,4,2,3.64,41.5,31.8,5.6,24.1,34.5,35.6,27.96,4.89,80.82,17.9,12,-4.26,-5.51,-5.79,-3.48,-0.34,0.99,7.3,-0.09,10.14,4.07,1.2,-4.25,Rice,Clay,0.723,0.284,23.72,9,0.428,3.035.158,27.947
21.146,105.578,7,13,3.64,30,22,6.1,28.5,41.5,22.4,23.88,3.84,82.73,14.01,12,-3.62,-2.57,-3.27,-2.24,-0.69,5.8,0.34,6.86,5.89,0.57,-3.41,-3.66,Rice,Clay Loam,0.512,0.256,19.46,8,0.353,1.951.173,23.796
9.574,105.595,4,2,3.64,40.2,29.3,5.7,26,33.8,34.2,27.58,5.68,82.83,17.03,12,-5.15,-6.22,-6.61,-3.85,-0.17,0.76,10.43,0.35,9.34,6.06,0.59,-5.48,Rice,Clay,0.633,0.278,27.48,7,0.379,2.818.361,27.567
20.978,106.464,7,4,3.64,34.6,30,6.2,29.6,35.8,37.6,24.18,4.13,82.51,14.17,12,-3.45,-2.61,-3.49,-2.27,-1.12,6.4,-0.14,6.45,7.56,0.06,-3.6,-3.84,Rice,Clay Loam,0.528,0.275,20.52,9,0.369,1.734.376,24.154
10.834,104.995,11,3,3.64,31.1,25,5.7,26.4,42.6,36,28.16,3.9,76.87,18.24,12,-3.21,-4.25,-4.47,-3.37,-0.26,0.68,3.27,0.33,8.7,4.94,0.85,-3.21,Rice,Clay Loam,0.882,0.28,18.77,9,0.464,2.818.361,28.14
9.563,105.233,4,1,3.64,35.8,43.7,5.6,25,39.1,54,27.97,4.72,81.28,17.03,12,-4.59,-5.52,-5.78,-3.25,-0.54,1.6,7.82,0.24,8.31,4.06,1.94,-4.24,Rice,Clay Loam,0.706,0.308,23.92,9,0.347,3.035.158,27.964
20.239,105.966,2,3,3.64,33.6,25,5.9,26.4,40,25.4,24.89,4.18,84.24,14.41,12,-3.87,-3.88,-4.3,-3.56,-1.35,2.53,2.04,3.07,7.68,7.12,-1.86,-3.62,Rice,Clay Loam,0.496,0.265,22.44,9,0.342,2.384.767,24.87
20.295,105.955,2,7,3.64,34,21.9,6.1,28.6,37.5,26.2,24.42,4.15,83.73,14.41,12,-3.54,-3.28,-3.86,-2.76,-1.25,4.9,0.24,4.95,8.6,3.24,-3.34,-3.95,Rice,Clay Loam,0.498,0.261,21.98,9,0.392,1.951.173,24.374
20.89,105.728,2,11,3.64,28.9,22.9,5.9,28.1,43,24.3,23.88,3.84,82.73,14.41,12,-3.62,-2.57,-3.27,-2.24,-0.69,5.8,0.34,6.86,5.89,0.57,-3.41,-3.66,Rice,Clay Loam,0.512,0.259,19.46,8,0.353,2.384.767,23.808
8.654,104.973,11,3,3.64,39.9,54.3,5.4,32.1,28,52.3,28.14,3.97,81.31,17.74,12,-3.92,-4.92,-5.23,-3.15,-0.59,0.53,5.39,0.83,6.79,2.56,4.54,-2.86,Rice,Clay Loam,0.712,0.289,20.67,9,0.329,3.468.752,28.12
10.369,106.033,4,3,3.64,40.8,26.2,6.2,17.1,42.1,34.9,27.91,4.33,79.72,18.06,12,-4.03,-4.78,-4.88,-4,0.35,2.61,7.9,-0.29,6.54,4.36,0.01,-3.83,Rice,Clay,0.763,0.3,21.81,7,0.363,1.734.376,27.89
9.281,105.502,11,2,3.64,44.2,42.1,6,30.3,25.5,45.1,27.58,5.68,82.83,17.03,12,-5.15,-6.22,-6.61,-3.85,-0.17,0.76,10.43,0.35,9.34,6.06,0.59,-5.48,Rice,Clay,0.633,0.283,27.48,7,0.379,2167.97,27.567
20.302,105.694,7,247,3.64,36.6,26.2,5.6,26.5,37,43.1,23.6,3.61,83.74,14.41,12,-3.31,-2.87,-3.1,-2.21,-1.23,4,0.43,4.46,7.45,2.88,-3.09,-3.44,Rice,Clay Loam,0.474,0.289,19.25,9,0.388,3.035.158,21.995
9.463,105.038,11,1,3.64,37.9,28.6,5.4,23.8,38.3,40.6,27.97,4.72,81.28,17.03,12,-4.59,-5.52,-5.78,-3.25,-0.54,1.6,7.82,0.24,8.31,4.06,1.94,-4.24,Rice,Clay Loam,0.706,0.292,23.92,9,0.347,3.468.752,27.964
20.774,105.983,2,5,3.64,36.2,26.2,5.8,27.9,35.9,25.4,24.18,4.13,82.51,14.41,12,-3.45,-2.61,-3.49,-2.27,-1.12,6.4,-0.14,6.45,7.56,0.06,-3.6,-3.84,Rice,Clay Loam,0.528,0.261,20.52,9,0.369,2.601.564,24.148
10.141,105.916,11,1,3.64,39.6,33.4,6.3,23.4,37.1,37.2,27.52,5.44,82.42,17.9,12,-4.68,-6.01,-6.26,-4.19,0.2,1.23,10.03,-0.2,9.39,5.07,0.41,-4.97,Rice,Clay Loam,0.646,0.288,26.31,7,0.381,1.517.579,27.514
10.372,105.034,4,2,3.64,36,39.6,5.5,33,31,41.1,27.91,4.77,79.76,17.9,12,-3.85,-5.17,-5.46,-3.66,-0.22,0.5,5.61,-0.26,10.88,4.65,0.87,-3.94,Rice,Clay Loam,0.761,0.272,22.56,9,0.483,3.251.955,27.897
21.228,106.652,7,114,3.64,32,31.8,5.6,26.1,41.9,38.6,23.76,5.06,83.5,13.38,12,-3.61,-3.18,-3.97,-3.01,-1.53,10.61,0.28,6.3,8.2,-1.85,-3.74,-4.52,Rice,Clay Loam,0.485,0.284,25.41,6,0.418,3.035.158,23.019
9.46,106.178,4,2,3.64,38.9,40.3,6,26.1,35,33.5,27.77,5.28,82.72,18.77,12,-4.89,-5.87,-6.07,-3.73,0.31,0.66,9.99,0.82,8.06,5.64,0.34,-5.29,Rice,Clay Loam,0.644,0.277,25.85,7,0.387,2167.97,27.757
10.314,106.728,11,3,3.64,38.3,34.2,6.4,19.2,42.5,42.3,27.76,4.07,80.84,18.06,12,-3.8,-4.52,-4.6,-4.04,0.25,3.53,7.47,0.45,6.09,2.91,-0.2,-3.56,Rice,Clay Loam,0.714,0.305,20.72,7,0.361,1.300.782,27.74
21.257,106.624,2,48,3.64,37.3,23.8,5.8,25.9,36.8,22.5,22.33,4.4,83.68,13.38,12,-3.51,-2.18,-3.29,-2.25,-1.59,9.09,1.12,6.42,6.2,-2.75,-3.26,-3.95,Rice,Clay Loam,0.44,0.262,22.78,6,0.398,2.601.564,22.018
9.213,105.444,4,3,3.64,41.6,31.1,5.6,33.4,25,37.6,27.84,5.34,82.89,17.03,12,-5.21,-5.96,-6.44,-3.2,-0.3,0.5,9.1,0.95,8.41,6.51,1.07,-5.45,Rice,Clay,0.641,0.266,26.56,7,0.343,3.035.158,27.82
20.467,105.854,7,255,3.64,33.8,27,5.9,26.2,39.9,39.4,23.6,3.61,83.74,14.41,12,-3.31,-2.87,-3.1,-2.21,-1.23,4,0.43,4.46,7.45,2.88,-3.09,-3.44,Rice,Clay Loam,0.474,0.285,19.25,9,0.388,2.384.767,21.943
20.173,105.735,7,89,3.64,30,21.7,5.7,31.4,38.6,28.9,24.21,3.5,83.74,14.41,12,-3.17,-3.04,-3.17,-2.47,-1.36,1.99,1.29,2.72,8.21,4.04,-2.02,-3.04,Rice,Clay Loam,0.491,0.258,18.27,9,0.45,2.818.361,23.632
9.562,104.92,4,5,3.64,37.6,32.9,5.6,23.2,39.2,63.2,27.97,4.72,81.28,18.06,12,-4.59,-5.52,-5.78,-3.25,-0.54,1.6,7.82,0.24,8.31,4.06,1.94,-4.24,Rice,Clay Loam,0.706,0.325,23.92,9,0.347,3.035.158,27.938
10.09,105.999,4,3,3.64,37.4,35.6,6.1,25.6,37,43.4,27.61,5.05,82.34,17.9,12,-4.58,-5.54,-5.71,-4.16,0.46,1.64,10.07,-0.1,7.61,4.57,0.32,-4.63,Rice,Clay Loam,0.653,0.292,24.72,7,0.408,1.951.173,27.59
20.79,106.18,7,3,3.64,35.2,26.8,6,27,37.7,23.3,24.18,4.13,82.51,14.17,12,-3.45,-2.61,-3.49,-2.27,-1.12,6.4,-0.14,6.45,7.56,0.06,-3.6,-3.84,Rice,Clay Loam,0.528,0.261,20.52,9,0.369,2167.97,24.16
8.585,104.783,11,6,3.64,34.2,62.8,5.5,32.5,33.3,52.8,28.14,3.97,81.31,17.74,12,-3.92,-4.92,-5.23,-3.15,-0.59,0.53,5.39,0.83,6.79,2.56,4.54,-2.86,Rice,Clay Loam,0.712,0.289,20.67,9,0.329,3.251.955,28.101
9.938,106.384,4,3,3.64,35.3,33.2,6.2,24,40.6,36.2,27.61,5.05,82.34,18.77,12,-4.58,-5.54,-5.71,-4.16,0.46,1.64,10.07,-0.1,7.61,4.57,0.32,-4.63,Rice,Clay Loam,0.653,0.285,24.72,7,0.408,1.734.376,27.59
9.217,105.207,4,2,3.64,41.5,34.2,5.4,28.2,30.3,43.5,28.04,4.45,80.82,17.03,12,-4.45,-5.29,-5.62,-3.24,-0.63,1.27,6.71,0.39,7.95,3.73,3.01,-3.78,Rice,Clay,0.727,0.286,23.01,9,0.345,3.468.752,28.027
9.103,104.818,11,1,3.64,42.1,50.7,5.6,31.1,26.8,51.9,28.04,4.45,80.82,18.06,12,-4.45,-5.29,-5.62,-3.24,-0.63,1.27,6.71,0.39,7.95,3.73,3.01,-3.78,Rice,Clay,0.727,0.291,23.01,9,0.345,3.035.158,28.034
9.898,105.513,11,3,3.64,37,37.9,6,24.3,38.6,42.4,27.52,5.44,82.42,17.03,12,-4.68,-6.01,-6.26,-4.19,0.2,1.23,10.03,-0.2,9.39,5.07,0.41,-4.97,Rice,Clay Loam,0.646,0.293,26.31,7,0.381,2167.97,27.5
9.39,106.148,11,2,3.64,37.7,39.5,5.9,31.9,30.4,38.3,27.77,5.28,82.72,18.77,12,-4.89,-5.87,-6.07,-3.73,0.31,0.66,9.99,0.82,8.06,5.64,0.34,-5.29,Rice,Clay Loam,0.644,0.27,25.85,7,0.387,2.384.767,27.757
10.172,105.494,11,4,3.64,33.5,28.5,5.9,23.3,43.2,35.4,27.52,5.44,82.42,17.9,12,-4.68,-6.01,-6.26,-4.19,0.2,1.23,10.03,-0.2,9.39,5.07,0.41,-4.97,Rice,Clay Loam,0.646,0.286,26.31,7,0.381,2.384.767,27.494
20.994,105.622,7,7,3.64,32.7,24.7,6,25.9,41.5,29.5,23.88,3.84,82.73,14.41,12,-3.62,-2.57,-3.27,-2.24,-0.69,5.8,0.34,6.86,5.89,0.57,-3.41,-3.66,Rice,Clay Loam,0.512,0.272,19.46,8,0.353,2167.97,23.834
21.285,106.079,7,7,3.64,32.8,23.6,6.2,31.4,35.8,24.8,23.24,4.05,82.32,13.38,12,-3.55,-1.88,-3.28,-2.06,-0.89,7.01,0.69,7.59,5.4,-2.13,-3.3,-3.62,Rice,Clay Loam,0.504,0.252,20.71,8,0.367,1.734.376,23.194
21.056,105.709,7,7,3.64,28.9,21.5,6,32.2,38.9,22.3,23.88,3.84,82.73,14.01,12,-3.62,-2.57,-3.27,-2.24,-0.69,5.8,0.34,6.86,5.89,0.57,-3.41,-3.66,Rice,Clay Loam,0.512,0.247,19.46,8,0.353,2167.97,23.834
10.921,105.708,11,3,3.64,32.4,38.2,5.9,24.8,42.8,49.2,28.1,3.74,77.56,17.9,12,-3.37,-4.2,-4.32,-3.49,0.06,1.63,4.58,-0.12,6.51,5.58,0.4,-3.31,Rice,Clay Loam,0.853,0.302,18.81,9,0.347,2.384.767,28.08
9.569,105.743,4,9,3.64,34.9,32.3,5.9,27.3,37.8,67.1,27.58,5.68,82.83,17.03,12,-5.15,-6.22,-6.61,-3.85,-0.17,0.76,10.43,0.35,9.34,6.06,0.59,-5.48,Rice,Clay Loam,0.633,0.321,27.48,7,0.379,2.384.767,27.522
20.747,105.823,2,5,3.64,29.6,26.7,6.2,23,47.5,28.4,23.6,3.61,83.74,14.41,12,-3.31,-2.87,-3.1,-2.21,-1.23,4,0.43,4.46,7.45,2.88,-3.09,-3.44,Rice,Clay Loam,0.474,0.277,19.25,9,0.388,1.734.376,23.568
10.812,106.135,11,2,3.64,41.6,29.9,5.4,15.2,43.2,27.3,28.08,3.71,77.7,18.06,12,-3.56,-4.08,-4.13,-3.62,0.1,2.86,5.77,0.03,5.64,4.65,-0.35,-3.28,Rice,Clay,0.847,0.293,19.02,7,0.303,3.468.752,28.067
20.861,105.997,7,6,3.64,32.7,26.6,6.1,26.4,40.9,21.2,24.18,4.13,82.51,14.41,12,-3.45,-2.61,-3.49,-2.27,-1.12,6.4,-0.14,6.45,7.56,0.06,-3.6,-3.84,Rice,Clay Loam,0.528,0.259,20.52,9,0.369,1.951.173,24.141
10.954,105.79,11,2,3.64,34,32,5.9,22.7,43.4,50.7,28.1,3.74,77.56,17.9,12,-3.37,-4.2,-4.32,-3.49,0.06,1.63,4.58,-0.12,6.51,5.58,0.4,-3.31,Rice,Clay Loam,0.853,0.309,18.81,9,0.347,2.384.767,28.087
20.648,106.111,7,5,3.64,30.5,25.5,5.9,27.6,41.8,23.8,24.42,4.15,83.73,14.17,12,-3.54,-3.28,-3.86,-2.76,-1.25,4.9,0.24,4.95,8.6,3.24,-3.34,-3.95,Rice,Clay Loam,0.498,0.26,21.98,9,0.392,2.384.767,24.388
21.203,105.937,2,6,3.64,30.6,24.7,6.1,32.5,36.9,26.7,23.88,3.84,82.73,14.01,12,-3.62,-2.57,-3.27,-2.24,-0.69,5.8,0.34,6.86,5.89,0.57,-3.41,-3.66,Rice,Clay Loam,0.512,0.253,19.46,8,0.353,1.951.173,23.841
10.166,105.266,11,2,3.64,41.7,27.5,5.5,23.7,34.6,32,27.96,4.89,80.82,17.9,12,-4.26,-5.51,-5.79,-3.48,-0.34,0.99,7.3,-0.09,10.14,4.07,1.2,-4.25,Rice,Clay,0.723,0.28,23.72,9,0.428,3.251.955,27.947
10.315,105.612,4,2,3.64,35.7,30,5.7,18.8,45.4,35.1,27.74,4.64,80.6,17.9,12,-4.02,-5.17,-5.35,-3.98,0.31,1.52,7.43,-0.41,8.29,5.16,0.33,-4.15,Rice,Clay Loam,0.722,0.296,23.08,9,0.36,2.818.361,27.727
9.337,105.104,4,1,3.64,40.9,32.6,5.5,28.4,30.7,47.6,27.97,4.72,81.28,17.03,12,-4.59,-5.52,-5.78,-3.25,-0.54,1.6,7.82,0.24,8.31,4.06,1.94,-4.24,Rice,Clay,0.706,0.291,23.92,9,0.347,3.251.955,27.964
10.959,105.093,11,5,3.64,29.3,24.5,5.5,27.1,43.7,25.6,28.16,3.9,76.87,17.9,12,-3.21,-4.25,-4.47,-3.37,-0.26,0.68,3.27,0.33,8.7,4.94,0.85,-3.21,Rice,Clay Loam,0.882,0.264,18.77,9,0.464,3.251.955,28.128
9.956,106.044,11,2,3.64,33.5,33.7,6.3,23.5,43,43.6,27.61,5.05,82.34,18.77,12,-4.58,-5.54,-5.71,-4.16,0.46,1.64,10.07,-0.1,7.61,4.57,0.32,-4.63,Rice,Clay Loam,0.653,0.297,24.72,7,0.408,1.517.579,27.597
10.416,106.397,11,3,3.64,40.1,32.4,6.3,16.5,43.4,40.9,27.91,4.33,79.72,18.06,12,-4.03,-4.78,-4.88,-4,0.35,2.61,7.9,-0.29,6.54,4.36,0.01,-3.83,Rice,Clay,0.763,0.309,21.81,7,0.363,1.517.579,27.89
9.842,105.087,11,4,3.64,35.3,34.9,5.5,27.1,37.6,51.6,27.96,4.89,80.82,17.03,12,-4.26,-5.51,-5.79,-3.48,-0.34,0.99,7.3,-0.09,10.14,4.07,1.2,-4.25,Rice,Clay Loam,0.723,0.3,23.72,9,0.428,3.251.955,27.934
20.254,106.096,2,1,3.64,34.8,29.2,5.8,29.9,35.3,45,24.42,4.15,83.73,14.17,12,-3.54,-3.28,-3.86,-2.76,-1.25,4.9,0.24,4.95,8.6,3.24,-3.34,-3.95,Rice,Clay Loam,0.498,0.284,21.98,9,0.392,2.601.564,24.414
21.229,106.505,2,260,3.64,31.8,29.7,5.6,25.3,42.9,38.2,24.18,4.13,82.51,13.38,12,-3.45,-2.61,-3.49,-2.27,-1.12,6.4,-0.14,6.45,7.56,0.06,-3.6,-3.84,Rice,Clay Loam,0.528,0.285,20.52,9,0.369,3.035.158,22.49
9.135,104.919,4,1,3.64,36.1,52.7,5.7,33.7,30.1,56,28.04,4.45,80.82,18.06,12,-4.45,-5.29,-5.62,-3.24,-0.63,1.27,6.71,0.39,7.95,3.73,3.01,-3.78,Rice,Clay Loam,0.727,0.291,23.01,9,0.345,2.818.361,28.034
10.076,106.563,11,4,3.64,36.7,36.1,6.2,21.5,41.8,41.7,27.9,4.57,82.8,18.06,12,-4.11,-5.15,-5.27,-3.9,0.42,1.5,8.42,0.47,7.6,3.69,0.73,-4.35,Rice,Clay Loam,0.646,0.299,22.78,7,0.369,1.734.376,27.874
20.504,106.332,2,4,3.64,33.3,31.9,6,28.8,38,34.5,24.42,4.15,83.73,14.17,12,-3.54,-3.28,-3.86,-2.76,-1.25,4.9,0.24,4.95,8.6,3.24,-3.34,-3.95,Rice,Clay Loam,0.498,0.272,21.98,9,0.392,2167.97,24.394
8.605,104.724,4,14,3.64,35.5,52,5.7,32,32.5,93.9,28.14,3.97,81.31,17.74,12,-3.92,-4.92,-5.23,-3.15,-0.59,0.53,5.39,0.83,6.79,2.56,4.54,-2.86,Rice,Clay Loam,0.712,0.348,20.67,9,0.329,2.818.361,28.049
8.981,105.069,11,1,3.64,39.5,47.7,5.4,30.1,30.4,49.9,28.04,4.45,80.82,17.99,12,-4.45,-5.29,-5.62,-3.24,-0.63,1.27,6.71,0.39,7.95,3.73,3.01,-3.78,Rice,Clay Loam,0.727,0.291,23.01,9,0.345,3.468.752,28.034
20.385,105.865,2,3,3.64,33.3,21.1,5.9,24.7,41.9,31.4,23.6,3.61,83.74,14.41,12,-3.31,-2.87,-3.1,-2.21,-1.23,4,0.43,4.46,7.45,2.88,-3.09,-3.44,Rice,Clay Loam,0.474,0.277,19.25,9,0.388,2.384.767,23.58
9.791,106.083,11,4,3.64,37.3,31.8,6.1,30.4,32.3,41,27.61,5.05,82.34,18.77,12,-4.58,-5.54,-5.71,-4.16,0.46,1.64,10.07,-0.1,7.61,4.57,0.32,-4.63,Rice,Clay Loam,0.653,0.277,24.72,7,0.408,1.951.173,27.584
10.835,104.778,4,10,3.64,31.8,49.9,5.4,29.7,38.5,47.8,28.16,3.9,76.87,18.24,12,-3.21,-4.25,-4.47,-3.37,-0.26,0.68,3.27,0.33,8.7,4.94,0.85,-3.21,Rice,Clay Loam,0.882,0.289,18.77,9,0.464,3.468.752,28.095
8.606,104.775,11,13,3.64,34.3,55.3,5.7,33.3,32.4,72.6,28.14,3.97,81.31,17.74,12,-3.92,-4.92,-5.23,-3.15,-0.59,0.53,5.39,0.83,6.79,2.56,4.54,-2.86,Rice,Clay Loam,0.712,0.315,20.67,9,0.329,2.818.361,28.056
10.721,106.056,11,2,3.64,40.3,24.4,5.6,20.8,39,32.2,27.91,4.33,79.72,18.06,12,-4.03,-4.78,-4.88,-4,0.35,2.61,7.9,-0.29,6.54,4.36,0.01,-3.83,Rice,Clay,0.763,0.287,21.81,7,0.363,3.035.158,27.897
10.393,105.559,4,3,3.64,41.7,34.9,5.6,16,42.3,36.8,27.74,4.64,80.6,17.9,12,-4.02,-5.17,-5.35,-3.98,0.31,1.52,7.43,-0.41,8.29,5.16,0.33,-4.15,Rice,Clay,0.722,0.305,23.08,9,0.36,3.035.158,27.72
9.919,105.469,11,2,3.64,39,34.4,5.9,24.7,36.3,39.6,27.52,5.44,82.42,17.03,12,-4.68,-6.01,-6.26,-4.19,0.2,1.23,10.03,-0.2,9.39,5.07,0.41,-4.97,Rice,Clay Loam,0.646,0.289,26.31,7,0.381,2.384.767,27.507
9.4,105.304,4,1,3.64,40.3,42.7,5.6,31.4,28.3,50.1,27.97,4.72,81.28,17.03,12,-4.59,-5.52,-5.78,-3.25,-0.54,1.6,7.82,0.24,8.31,4.06,1.94,-4.24,Rice,Clay,0.706,0.288,23.92,9,0.347,3.035.158,27.964
10.536,104.986,11,25,3.64,29.5,30.8,5.7,42.2,28.3,37.1,27.91,4.77,79.76,18.24,12,-3.85,-5.17,-5.46,-3.66,-0.22,0.5,5.61,-0.26,10.88,4.65,0.87,-3.94,Rice,Clay Loam,0.761,0.245,22.56,9,0.483,2.818.361,27.748
9.908,106.646,4,2,3.64,34.4,35.3,6.2,22.6,43.1,42.1,27.9,4.57,82.8,18.77,12,-4.11,-5.15,-5.27,-3.9,0.42,1.5,8.42,0.47,7.6,3.69,0.73,-4.35,Rice,Clay Loam,0.646,0.297,22.78,7,0.369,1.734.376,27.887
9.42,105.75,4,3,3.64,41.2,36.4,5.5,33.6,25.2,42.1,27.58,5.68,82.83,17.03,12,-5.15,-6.22,-6.61,-3.85,-0.17,0.76,10.43,0.35,9.34,6.06,0.59,-5.48,Rice,Clay,0.633,0.272,27.48,7,0.379,3.251.955,27.56
10.371,105.034,4,2,3.64,35.5,38.3,5.5,33.3,31.2,41.7,27.91,4.77,79.76,17.9,12,-3.85,-5.17,-5.46,-3.66,-0.22,0.5,5.61,-0.26,10.88,4.65,0.87,-3.94,Rice,Clay Loam,0.761,0.272,22.56,9,0.483,3.251.955,27.897
21.013,106.428,7,3,3.64,34.5,27.6,6.1,28.3,37.2,36.7,24.18,4.13,82.51,13.38,12,-3.45,-2.61,-3.49,-2.27,-1.12,6.4,-0.14,6.45,7.56,0.06,-3.6,-3.84,Rice,Clay Loam,0.528,0.276,20.52,9,0.369,1.951.173,24.16
10.636,105.068,4,2,3.64,35.3,33.8,5.5,21,43.7,36.2,27.91,4.77,79.76,17.9,12,-3.85,-5.17,-5.46,-3.66,-0.22,0.5,5.61,-0.26,10.88,4.65,0.87,-3.94,Rice,Clay Loam,0.761,0.292,22.56,9,0.483,3.251.955,27.897
10.287,105.156,11,2,3.64,35.3,30.6,5.6,24.9,39.8,32.9,27.91,4.77,79.76,17.9,12,-3.85,-5.17,-5.46,-3.66,-0.22,0.5,5.61,-0.26,10.88,4.65,0.87,-3.94,Rice,Clay Loam,0.761,0.279,22.56,9,0.483,3.035.158,27.897
21.297,106.12,2,4,3.64,28.3,20.1,6.1,28.1,43.6,29.8,23.24,4.05,82.32,13.38,12,-3.55,-1.88,-3.28,-2.06,-0.89,7.01,0.69,7.59,5.4,-2.13,-3.3,-3.62,Rice,Clay Loam,0.504,0.267,20.71,8,0.367,1.951.173,23.214
20.974,105.936,2,5,3.64,30,23.7,6.1,30.6,39.4,26.4,23.88,3.84,82.73,14.41,12,-3.62,-2.57,-3.27,-2.24,-0.69,5.8,0.34,6.86,5.89,0.57,-3.41,-3.66,Rice,Clay Loam,0.512,0.257,19.46,8,0.353,1.951.173,23.848
20.654,105.753,2,4,3.64,34.6,26.9,5.9,22.2,43.2,26.1,23.6,3.61,83.74,14.41,12,-3.31,-2.87,-3.1,-2.21,-1.23,4,0.43,4.46,7.45,2.88,-3.09,-3.44,Rice,Clay Loam,0.474,0.275,19.25,9,0.388,2.384.767,23.574
21.07,106.114,7,5,3.64,30.9,22.2,5.9,29.7,39.4,22.7,24.18,4.13,82.51,13.38,12,-3.45,-2.61,-3.49,-2.27,-1.12,6.4,-0.14,6.45,7.56,0.06,-3.6,-3.84,Rice,Clay Loam,0.528,0.253,20.52,9,0.369,2.384.767,24.148
20.733,105.982,7,9,3.64,34.1,24.9,5.9,30.6,35.4,26.1,24.42,4.15,83.73,14.41,12,-3.54,-3.28,-3.86,-2.76,-1.25,4.9,0.24,4.95,8.6,3.24,-3.34,-3.95,Rice,Clay Loam,0.498,0.256,21.98,9,0.392,2.384.767,24.362
10.313,104.855,11,3,3.64,32.3,35.6,5.9,29.8,37.9,53.7,27.91,4.77,79.76,18.24,12,-3.85,-5.17,-5.46,-3.66,-0.22,0.5,5.61,-0.26,10.88,4.65,0.87,-3.94,Rice,Clay Loam,0.761,0.297,22.56,9,0.483,2.384.767,27.89
10.869,104.886,4,5,3.64,31.7,30.9,5.2,32.1,36.2,22.4,28.16,3.9,76.87,18.24,12,-3.21,-4.25,-4.47,-3.37,-0.26,0.68,3.27,0.33,8.7,4.94,0.85,-3.21,Rice,Clay Loam,0.882,0.248,18.77,9,0.464,3.902.346,28.128
21.004,106.447,7,3,3.64,33,31.4,6,28.7,38.2,29.3,24.18,4.13,82.51,13.38,12,-3.45,-2.61,-3.49,-2.27,-1.12,6.4,-0.14,6.45,7.56,0.06,-3.6,-3.84,Rice,Clay Loam,0.528,0.265,20.52,9,0.369,2167.97,24.16
21.262,105.786,7,12,3.64,27.7,19.9,6.1,30.5,41.8,24,23.66,4.1,82.25,14.01,12,-3.83,-2.11,-3.41,-2.35,-0.33,6.36,1.26,8.89,4.16,-1.78,-3.22,-3.69,Rice,Clay Loam,0.519,0.253,20.72,8,0.43,1.951.173,23.582
20.077,105.961,7,22,3.64,33.6,24.8,5.6,31.3,35.2,38.1,24.89,4.18,84.24,14.41,12,-3.87,-3.88,-4.3,-3.56,-1.35,2.53,2.04,3.07,7.68,7.12,-1.86,-3.62,Rice,Clay Loam,0.496,0.271,22.44,9,0.342,3.035.158,24.747
20.225,106.454,7,2,3.64,35.5,30,6,29,35.5,25.5,24.89,4.18,84.24,14.17,12,-3.87,-3.88,-4.3,-3.56,-1.35,2.53,2.04,3.07,7.68,7.12,-1.86,-3.62,Rice,Clay Loam,0.496,0.259,22.44,9,0.342,2167.97,24.877
21.289,106.067,2,7,3.64,32.2,23.8,6.2,31.5,36.3,22.7,23.24,4.05,82.32,13.38,12,-3.55,-1.88,-3.28,-2.06,-0.89,7.01,0.69,7.59,5.4,-2.13,-3.3,-3.62,Rice,Clay Loam,0.504,0.249,20.71,8,0.367,1.734.376,23.194
9.497,104.91,11,5,3.64,37.3,34.4,5.6,26.1,36.7,76.1,27.97,4.72,81.28,18.06,12,-4.59,-5.52,-5.78,-3.25,-0.54,1.6,7.82,0.24,8.31,4.06,1.94,-4.24,Rice,Clay Loam,0.706,0.337,23.92,9,0.347,3.035.158,27.938
10.107,105.497,4,2,3.64,34.7,30.1,6.1,25.7,39.7,32.7,27.52,5.44,82.42,17.9,12,-4.68,-6.01,-6.26,-4.19,0.2,1.23,10.03,-0.2,9.39,5.07,0.41,-4.97,Rice,Clay Loam,0.646,0.277,26.31,7,0.381,1.951.173,27.507
20.741,106.638,7,5,3.64,34,31.3,6.1,30.4,35.6,28.6,25.01,5.24,82.62,14.17,12,-4,-4.2,-4.82,-4.01,-1.04,10.84,0.69,5.18,8.3,1.8,-3.8,-4.9,Rice,Clay Loam,0.551,0.26,26.77,6,0.404,1.951.173,24.978
21.016,106.106,7,4,3.64,34.3,23.1,6.1,26.3,39.4,28.8,24.18,4.13,82.51,13.38,12,-3.45,-2.61,-3.49,-2.27,-1.12,6.4,-0.14,6.45,7.56,0.06,-3.6,-3.84,Rice,Clay Loam,0.528,0.27,20.52,9,0.369,1.951.173,24.154
21.32,105.894,7,7,3.64,28.2,22.1,6,30.3,41.5,23.7,23.66,4.1,82.25,14.01,12,-3.83,-2.11,-3.41,-2.35,-0.33,6.36,1.26,8.89,4.16,-1.78,-3.22,-3.69,Rice,Clay Loam,0.519,0.253,20.72,8,0.43,2167.97,23.614
20.39,106.458,2,1,3.64,35.4,35.9,6,27.2,37.4,32.2,24.42,4.15,83.73,14.17,12,-3.54,-3.28,-3.86,-2.76,-1.25,4.9,0.24,4.95,8.6,3.24,-3.34,-3.95,Rice,Clay Loam,0.498,0.273,21.98,9,0.392,2167.97,24.414
20.769,105.737,2,5,3.64,33.2,27.8,5.9,23,43.8,30,23.88,3.84,82.73,14.41,12,-3.62,-2.57,-3.27,-2.24,-0.69,5.8,0.34,6.86,5.89,0.57,-3.41,-3.66,Rice,Clay Loam,0.512,0.279,19.46,8,0.353,2.384.767,23.848
9.554,105.727,4,4,3.64,33.4,31.6,5.9,26.2,40.5,48.8,27.58,5.68,82.83,17.03,12,-5.15,-6.22,-6.61,-3.85,-0.17,0.76,10.43,0.35,9.34,6.06,0.59,-5.48,Rice,Clay Loam,0.633,0.298,27.48,7,0.379,2.384.767,27.554
10.96,105.728,11,2,3.64,32.9,33.7,6,22.9,44.2,52.4,28.1,3.74,77.56,17.9,12,-3.37,-4.2,-4.32,-3.49,0.06,1.63,4.58,-0.12,6.51,5.58,0.4,-3.31,Rice,Clay Loam,0.853,0.311,18.81,9,0.347,2167.97,28.087
20.387,106.251,2,2,3.64,32.5,30.5,6,25,42.5,31.9,24.42,4.15,83.73,14.17,12,-3.54,-3.28,-3.86,-2.76,-1.25,4.9,0.24,4.95,8.6,3.24,-3.34,-3.95,Rice,Clay Loam,0.498,0.277,21.98,9,0.392,2167.97,24.407
10.834,105.91,4,3,3.64,33.6,21.3,5.4,23.5,42.9,23.4,28.1,3.74,77.56,17.9,12,-3.37,-4.2,-4.32,-3.49,0.06,1.63,4.58,-0.12,6.51,5.58,0.4,-3.31,Rice,Clay Loam,0.853,0.269,18.81,9,0.347,3.468.752,28.08
10.789,106.44,11,3,3.64,37.9,25.7,5.9,21.8,40.4,30.8,28.08,3.71,77.7,18.06,12,-3.56,-4.08,-4.13,-3.62,0.1,2.86,5.77,0.03,5.64,4.65,-0.35,-3.28,Rice,Clay Loam,0.847,0.283,19.02,7,0.303,2.384.767,28.06
10.145,106.263,4,7,3.64,37.4,38.9,6.2,23.6,39,50.8,27.61,5.05,82.34,18.06,12,-4.58,-5.54,-5.71,-4.16,0.46,1.64,10.07,-0.1,7.61,4.57,0.32,-4.63,Rice,Clay Loam,0.653,0.307,24.72,7,0.408,1.734.376,27.564
20.119,105.551,7,19,3.64,30.8,16,5.9,28,41.2,21.5,24.21,3.5,83.74,14.41,12,-3.17,-3.04,-3.17,-2.47,-1.36,1.99,1.29,2.72,8.21,4.04,-2.02,-3.04,Rice,Clay Loam,0.491,0.256,18.27,9,0.45,2.384.767,24.086
10.032,106.288,11,3,3.64,38.9,31.5,6.2,19.3,41.8,32.6,27.61,5.05,82.34,18.06,12,-4.58,-5.54,-5.71,-4.16,0.46,1.64,10.07,-0.1,7.61,4.57,0.32,-4.63,Rice,Clay Loam,0.653,0.291,24.72,7,0.408,1.734.376,27.59
9.722,105.177,4,1,3.64,34.7,40.3,5.5,26.3,39,41.5,27.97,4.72,81.28,17.03,12,-4.59,-5.52,-5.78,-3.25,-0.54,1.6,7.82,0.24,8.31,4.06,1.94,-4.24,Rice,Clay Loam,0.706,0.288,23.92,9,0.347,3.251.955,27.964
20.176,106.098,2,3,3.64,36.1,26.5,5.8,28.4,35.5,28.7,24.89,4.18,84.24,14.17,12,-3.87,-3.88,-4.3,-3.56,-1.35,2.53,2.04,3.07,7.68,7.12,-1.86,-3.62,Rice,Clay Loam,0.496,0.265,22.44,9,0.342,2.601.564,24.87
9.996,105.282,4,1,3.64,36.1,29.9,5.5,28.7,35.2,44.9,27.96,4.89,80.82,17.03,12,-4.26,-5.51,-5.79,-3.48,-0.34,0.99,7.3,-0.09,10.14,4.07,1.2,-4.25,Rice,Clay Loam,0.723,0.287,23.72,9,0.428,3.251.955,27.954
21.457,106.416,2,177,3.64,33.7,32.3,5.8,22.9,43.5,44.4,23.24,4.05,82.32,13.38,12,-3.55,-1.88,-3.28,-2.06,-0.89,7.01,0.69,7.59,5.4,-2.13,-3.3,-3.62,Rice,Clay Loam,0.504,0.299,20.71,8,0.367,2.601.564,22.089
10.886,106.15,4,2,3.64,40.9,28.2,5.3,20.1,39,22.3,28.08,3.71,77.7,18.06,12,-3.56,-4.08,-4.13,-3.62,0.1,2.86,5.77,0.03,5.64,4.65,-0.35,-3.28,Rice,Clay,0.847,0.275,19.02,7,0.303,3.685.549,28.067
21.19,105.503,7,14,3.64,30.3,20.9,6,29.8,39.8,22.7,23.88,3.84,82.73,14.01,12,-3.62,-2.57,-3.27,-2.24,-0.69,5.8,0.34,6.86,5.89,0.57,-3.41,-3.66,Rice,Clay Loam,0.512,0.253,19.46,8,0.353,2167.97,23.789
10.048,105.92,4,2,3.64,31.4,32.7,6.2,25.1,43.5,43.1,27.52,5.44,82.42,17.9,12,-4.68,-6.01,-6.26,-4.19,0.2,1.23,10.03,-0.2,9.39,5.07,0.41,-4.97,Rice,Clay Loam,0.646,0.293,26.31,7,0.381,1.734.376,27.507
8.763,105.16,4,4,3.64,38.1,50.8,5.4,30.1,31.8,49.7,28.04,4.45,80.82,17.99,12,-4.45,-5.29,-5.62,-3.24,-0.63,1.27,6.71,0.39,7.95,3.73,3.01,-3.78,Rice,Clay Loam,0.727,0.29,23.01,9,0.345,3.468.752,28.014
10.994,106.066,4,5,3.64,30,33.4,5.3,31.1,38.9,30,28.08,3.71,77.7,18.06,12,-3.56,-4.08,-4.13,-3.62,0.1,2.86,5.77,0.03,5.64,4.65,-0.35,-3.28,Rice,Clay Loam,0.847,0.26,19.02,7,0.303,3.685.549,28.048
20.58,106.392,7,3,3.64,32.3,35.4,6.1,26.8,40.8,34,24.42,4.15,83.73,14.17,12,-3.54,-3.28,-3.86,-2.76,-1.25,4.9,0.24,4.95,8.6,3.24,-3.34,-3.95,Rice,Clay Loam,0.498,0.276,21.98,9,0.392,1.951.173,24.4
9.397,105.003,11,3,3.64,42.8,30.7,5.6,27.4,29.8,59.3,27.97,4.72,81.28,17.03,12,-4.59,-5.52,-5.78,-3.25,-0.54,1.6,7.82,0.24,8.31,4.06,1.94,-4.24,Rice,Clay,0.706,0.31,23.92,9,0.347,3.035.158,27.95
9.095,104.843,4,1,3.64,37.5,52.7,5.5,34,28.5,57.6,28.04,4.45,80.82,18.06,12,-4.45,-5.29,-5.62,-3.24,-0.63,1.27,6.71,0.39,7.95,3.73,3.01,-3.78,Rice,Clay Loam,0.727,0.292,23.01,9,0.345,3.251.955,28.034
10.649,104.748,4,38,3.64,26.8,39.7,5.8,41.8,31.3,42.4,27.91,4.77,79.76,18.24,12,-3.85,-5.17,-5.46,-3.66,-0.22,0.5,5.61,-0.26,10.88,4.65,0.87,-3.94,Rice,Loam,0.761,0.253,22.56,9,0.483,2.601.564,27.663
9.088,104.868,4,2,3.64,38.1,42.1,5.7,33.7,28.2,54.5,28.04,4.45,80.82,18.06,12,-4.45,-5.29,-5.62,-3.24,-0.63,1.27,6.71,0.39,7.95,3.73,3.01,-3.78,Rice,Clay Loam,0.727,0.289,23.01,9,0.345,2.818.361,28.027
20.673,106.533,2,2,3.64,35.4,35.4,6.2,29.1,35.4,30.4,24.42,4.15,83.73,14.17,12,-3.54,-3.28,-3.86,-2.76,-1.25,4.9,0.24,4.95,8.6,3.24,-3.34,-3.95,Rice,Clay Loam,0.498,0.266,21.98,9,0.392,1.734.376,24.407
8.959,104.882,4,2,3.64,40.7,52.5,5.4,29.8,29.4,47,28.04,4.45,80.82,17.74,12,-4.45,-5.29,-5.62,-3.24,-0.63,1.27,6.71,0.39,7.95,3.73,3.01,-3.78,Rice,Clay,0.727,0.287,23.01,9,0.345,3.468.752,28.027
10.908,105.225,4,3,3.64,33.7,34.5,5.6,24.3,42,36.2,28.16,3.9,76.87,17.9,12,-3.21,-4.25,-4.47,-3.37,-0.26,0.68,3.27,0.33,8.7,4.94,0.85,-3.21,Rice,Clay Loam,0.882,0.285,18.77,9,0.464,3.035.158,28.14
21.208,105.94,7,6,3.64,31.6,25.2,6.1,30.8,37.6,32.3,24.18,4.13,82.51,14.01,12,-3.45,-2.61,-3.49,-2.27,-1.12,6.4,-0.14,6.45,7.56,0.06,-3.6,-3.84,Rice,Clay Loam,0.528,0.264,20.52,9,0.369,1.951.173,24.141
8.726,104.839,11,3,3.64,41.6,51,5.5,27.4,30.9,66.1,28.14,3.97,81.31,17.74,12,-3.92,-4.92,-5.23,-3.15,-0.59,0.53,5.39,0.83,6.79,2.56,4.54,-2.86,Rice,Clay,0.712,0.32,20.67,9,0.329,3.251.955,28.12
10.71,105.88,11,2,3.64,38.3,33.1,5.9,20.1,41.6,37.7,27.74,4.64,80.6,17.9,12,-4.02,-5.17,-5.35,-3.98,0.31,1.52,7.43,-0.41,8.29,5.16,0.33,-4.15,Rice,Clay Loam,0.722,0.297,23.08,9,0.36,2.384.767,27.727
21.018,106.507,2,3,3.64,35.1,25.8,6.2,27.2,37.7,31.1,24.18,4.13,82.51,13.38,12,-3.45,-2.61,-3.49,-2.27,-1.12,6.4,-0.14,6.45,7.56,0.06,-3.6,-3.84,Rice,Clay Loam,0.528,0.271,20.52,9,0.369,1.734.376,24.16
9.229,104.996,4,3,3.64,41,39.8,5.7,29.8,29.2,56.8,28.04,4.45,80.82,18.06,12,-4.45,-5.29,-5.62,-3.24,-0.63,1.27,6.71,0.39,7.95,3.73,3.01,-3.78,Rice,Clay,0.727,0.301,23.01,9,0.345,2.818.361,28.02
9.904,105.018,11,1,3.64,36.6,43.6,5.3,26.8,36.5,40.1,27.96,4.89,80.82,17.03,12,-4.26,-5.51,-5.79,-3.48,-0.34,0.99,7.3,-0.09,10.14,4.07,1.2,-4.25,Rice,Clay Loam,0.723,0.285,23.72,9,0.428,3.685.549,27.954
10.276,104.968,11,2,3.64,35.6,23.3,5.9,25.8,38.5,40.1,27.91,4.77,79.76,18.24,12,-3.85,-5.17,-5.46,-3.66,-0.22,0.5,5.61,-0.26,10.88,4.65,0.87,-3.94,Rice,Clay Loam,0.761,0.287,22.56,9,0.483,2.384.767,27.897
9.169,105.124,4,1,3.64,37.9,49.7,5.3,31.5,30.6,46.4,28.04,4.45,80.82,17.03,12,-4.45,-5.29,-5.62,-3.24,-0.63,1.27,6.71,0.39,7.95,3.73,3.01,-3.78,Rice,Clay Loam,0.727,0.283,23.01,9,0.345,3.685.549,28.034
10.999,104.751,11,8,3.64,26.6,29.1,5.6,39.5,33.9,25.9,28.16,3.9,76.87,18.24,12,-3.21,-4.25,-4.47,-3.37,-0.26,0.68,3.27,0.33,8.7,4.94,0.85,-3.21,Rice,Loam,0.882,0.235,18.77,9,0.464,3.035.158,28.108
9.026,105.193,11,2,3.64,39.9,42,5.6,30.2,29.9,46.6,28.04,4.45,80.82,17.03,12,-4.45,-5.29,-5.62,-3.24,-0.63,1.27,6.71,0.39,7.95,3.73,3.01,-3.78,Rice,Clay Loam,0.727,0.286,23.01,9,0.345,3.035.158,28.027
10.728,104.55,4,8,3.64,34.6,52.1,5.6,32.9,32.5,45.3,28.02,4.28,79.32,18.24,12,-3.59,-4.73,-4.96,-3.39,-0.31,0.74,4.69,-0.22,9.83,4.01,1.31,-3.42,Rice,Clay Loam,0.783,0.278,20.62,9,0.478,3.035.158,27.968
20.94,106.181,7,4,3.64,33.6,26.7,6.3,28.7,37.7,25.7,24.18,4.13,82.51,14.17,12,-3.45,-2.61,-3.49,-2.27,-1.12,6.4,-0.14,6.45,7.56,0.06,-3.6,-3.84,Rice,Clay Loam,0.528,0.26,20.52,9,0.369,1.517.579,24.154
20.955,106.57,2,3,3.64,35.6,27,6.2,26,38.4,36.9,23.76,5.06,83.5,14.17,12,-3.61,-3.18,-3.97,-3.01,-1.53,10.61,0.28,6.3,8.2,-1.85,-3.74,-4.52,Rice,Clay Loam,0.485,0.282,25.41,6,0.418,1.734.376,23.74
20.74,106.636,2,5,3.64,34,31.3,6.1,30.4,35.6,28.6,25.01,5.24,82.62,14.17,12,-4,-4.2,-4.82,-4.01,-1.04,10.84,0.69,5.18,8.3,1.8,-3.8,-4.9,Rice,Clay Loam,0.551,0.26,26.77,6,0.404,1.951.173,24.978
20.699,106.498,2,3,3.64,36.4,27.4,6.1,28,35.6,30.7,24.42,4.15,83.73,14.17,12,-3.54,-3.28,-3.86,-2.76,-1.25,4.9,0.24,4.95,8.6,3.24,-3.34,-3.95,Rice,Clay Loam,0.498,0.269,21.98,9,0.392,1.951.173,24.4
9.808,105.116,11,1,3.64,35.8,47.5,5.3,25.6,38.5,44,27.96,4.89,80.82,17.03,12,-4.26,-5.51,-5.79,-3.48,-0.34,0.99,7.3,-0.09,10.14,4.07,1.2,-4.25,Rice,Clay Loam,0.723,0.293,23.72,9,0.428,3.685.549,27.954
20.283,105.672,2,318,3.64,35.8,27.8,5.4,28.5,35.7,46.1,23.6,3.61,83.74,14.41,12,-3.31,-2.87,-3.1,-2.21,-1.23,4,0.43,4.46,7.45,2.88,-3.09,-3.44,Rice,Clay Loam,0.474,0.289,19.25,9,0.388,3.468.752,21.533
21.175,106.69,7,485,3.64,35,31,5.5,24.2,40.8,44.2,23.76,5.06,83.5,13.38,12,-3.61,-3.18,-3.97,-3.01,-1.53,10.61,0.28,6.3,8.2,-1.85,-3.74,-4.52,Rice,Clay Loam,0.485,0.296,25.41,6,0.418,3.251.955,20.608
21.351,106.092,7,9,3.64,33.4,21.8,6.1,31,35.6,21.8,23.24,4.05,82.32,13.38,12,-3.55,-1.88,-3.28,-2.06,-0.89,7.01,0.69,7.59,5.4,-2.13,-3.3,-3.62,Rice,Clay Loam,0.504,0.249,20.71,8,0.367,1.951.173,23.182
21.435,106.184,7,9,3.64,33,21.2,6.2,27.3,39.8,21.3,23.24,4.05,82.32,13.38,12,-3.55,-1.88,-3.28,-2.06,-0.89,7.01,0.69,7.59,5.4,-2.13,-3.3,-3.62,Rice,Clay Loam,0.504,0.257,20.71,8,0.367,1.734.376,23.182
10.185,105.206,4,3,3.64,41.8,25.4,5.5,23.6,34.6,34,27.96,4.89,80.82,17.9,12,-4.26,-5.51,-5.79,-3.48,-0.34,0.99,7.3,-0.09,10.14,4.07,1.2,-4.25,Rice,Clay,0.723,0.283,23.72,9,0.428,3.251.955,27.94
10.269,106.604,11,4,3.64,39.1,32.5,6.3,18.6,42.3,37.1,27.76,4.07,80.84,18.06,12,-3.8,-4.52,-4.6,-4.04,0.25,3.53,7.47,0.45,6.09,2.91,-0.2,-3.56,Rice,Clay Loam,0.714,0.299,20.72,7,0.361,1.517.579,27.734
21.139,106.075,2,6,3.64,27.3,17.8,6,32.5,40.2,19.8,24.18,4.13,82.51,13.38,12,-3.45,-2.61,-3.49,-2.27,-1.12,6.4,-0.14,6.45,7.56,0.06,-3.6,-3.84,Rice,Clay Loam,0.528,0.243,20.52,9,0.369,2167.97,24.141
21.438,105.559,2,34,3.64,33.3,26.7,6.1,26.6,40.1,23.9,23.66,4.1,82.25,14.01,12,-3.83,-2.11,-3.41,-2.35,-0.33,6.36,1.26,8.89,4.16,-1.78,-3.22,-3.69,Rice,Clay Loam,0.519,0.262,20.72,8,0.43,1.951.173,23.439
20.838,105.686,2,7,3.64,31.3,28,6.1,26.6,42.1,29.2,23.88,3.84,82.73,14.41,12,-3.62,-2.57,-3.27,-2.24,-0.69,5.8,0.34,6.86,5.89,0.57,-3.41,-3.66,Rice,Clay Loam,0.512,0.27,19.46,8,0.353,1.951.173,23.834
20.399,106.223,2,5,3.64,32.1,26.2,6,29,38.9,25.2,24.42,4.15,83.73,14.17,12,-3.54,-3.28,-3.86,-2.76,-1.25,4.9,0.24,4.95,8.6,3.24,-3.34,-3.95,Rice,Clay Loam,0.498,0.259,21.98,9,0.392,2167.97,24.388
9.629,104.96,11,0,3.64,38.8,37.1,5.7,25.2,36,49.8,27.97,4.72,81.28,18.06,12,-4.59,-5.52,-5.78,-3.25,-0.54,1.6,7.82,0.24,8.31,4.06,1.94,-4.24,Rice,Clay Loam,0.706,0.302,23.92,9,0.347,2.818.361,27.97
10.199,104.661,4,1,3.64,29.2,39.3,5.7,29.6,41.1,59.3,28.52,4.5,79.62,18.24,12,-3.9,-5.2,-5.39,-3.52,-0.2,1.32,6.6,-0.21,9.26,3.35,1.63,-3.74,Rice,Clay Loam,0.794,0.305,22.16,9,0.418,2.818.361,28.514
10.393,104.921,4,2,3.64,33.7,31,5.6,25.3,41,37.8,27.91,4.77,79.76,18.24,12,-3.85,-5.17,-5.46,-3.66,-0.22,0.5,5.61,-0.26,10.88,4.65,0.87,-3.94,Rice,Clay Loam,0.761,0.285,22.56,9,0.483,3.035.158,27.897
20.275,106.028,2,2,3.64,32.9,30.2,6.1,28.5,38.6,35.6,24.42,4.15,83.73,14.17,12,-3.54,-3.28,-3.86,-2.76,-1.25,4.9,0.24,4.95,8.6,3.24,-3.34,-3.95,Rice,Clay Loam,0.498,0.274,21.98,9,0.392,1.951.173,24.407
10.497,105.758,4,3,3.64,36.4,28.2,6,18.5,45,36,27.74,4.64,80.6,17.9,12,-4.02,-5.17,-5.35,-3.98,0.31,1.52,7.43,-0.41,8.29,5.16,0.33,-4.15,Rice,Clay Loam,0.722,0.298,23.08,9,0.36,2167.97,27.72
10.504,105.446,11,3,3.64,39.3,27.8,5.9,17.4,43.4,36.1,27.74,4.64,80.6,17.9,12,-4.02,-5.17,-5.35,-3.98,0.31,1.52,7.43,-0.41,8.29,5.16,0.33,-4.15,Rice,Clay Loam,0.722,0.301,23.08,9,0.36,2.384.767,27.72
10.352,105.253,11,2,3.64,40.9,33.1,5.9,21.5,37.5,38.3,27.91,4.77,79.76,17.9,12,-3.85,-5.17,-5.46,-3.66,-0.22,0.5,5.61,-0.26,10.88,4.65,0.87,-3.94,Rice,Clay,0.761,0.294,22.56,9,0.483,2.384.767,27.897
10.828,105.139,11,3,3.64,34.5,27.1,5.5,24.9,40.6,38.2,28.16,3.9,76.87,17.9,12,-3.21,-4.25,-4.47,-3.37,-0.26,0.68,3.27,0.33,8.7,4.94,0.85,-3.21,Rice,Clay Loam,0.882,0.286,18.77,9,0.464,3.251.955,28.14
20.924,106.249,2,4,3.64,37.8,27.3,6.1,29.2,33,27.8,24.18,4.13,82.51,14.17,12,-3.45,-2.61,-3.49,-2.27,-1.12,6.4,-0.14,6.45,7.56,0.06,-3.6,-3.84,Rice,Clay Loam,0.528,0.262,20.52,9,0.369,1.951.173,24.154
20.842,105.599,7,31,3.64,32.3,22.3,6,23.9,43.8,22.1,23.88,3.84,82.73,14.41,12,-3.62,-2.57,-3.27,-2.24,-0.69,5.8,0.34,6.86,5.89,0.57,-3.41,-3.66,Rice,Clay Loam,0.512,0.266,19.46,8,0.353,2167.97,23.678
10.114,105.456,11,2,3.64,33.9,37.4,5.7,23.4,42.7,35.8,27.52,5.44,82.42,17.9,12,-4.68,-6.01,-6.26,-4.19,0.2,1.23,10.03,-0.2,9.39,5.07,0.41,-4.97,Rice,Clay Loam,0.646,0.286,26.31,7,0.381,2.818.361,27.507
9.629,106.505,11,3,3.64,40,32.4,6.2,23.6,36.5,33.9,27.77,5.28,82.72,18.77,12,-4.89,-5.87,-6.07,-3.73,0.31,0.66,9.99,0.82,8.06,5.64,0.34,-5.29,Rice,Clay,0.644,0.283,25.85,7,0.387,1.734.376,27.75
21.146,106.468,2,33,3.64,30.7,20.4,6.3,27.7,41.6,22.4,24.18,4.13,82.51,13.38,12,-3.45,-2.61,-3.49,-2.27,-1.12,6.4,-0.14,6.45,7.56,0.06,-3.6,-3.84,Rice,Clay Loam,0.528,0.258,20.52,9,0.369,1.517.579,23.966
10.714,105.748,4,2,3.64,39.3,31.9,5.4,20.7,40,36.8,27.74,4.64,80.6,17.9,12,-4.02,-5.17,-5.35,-3.98,0.31,1.52,7.43,-0.41,8.29,5.16,0.33,-4.15,Rice,Clay Loam,0.722,0.294,23.08,9,0.36,3.468.752,27.727
8.992,104.992,4,1,3.64,40,50.7,5.7,29.2,30.7,54.5,28.04,4.45,80.82,17.74,12,-4.45,-5.29,-5.62,-3.24,-0.63,1.27,6.71,0.39,7.95,3.73,3.01,-3.78,Rice,Clay,0.727,0.299,23.01,9,0.345,2.818.361,28.034
8.737,104.972,4,1,3.64,38.6,54.3,5.4,33.2,28.2,52,28.14,3.97,81.31,17.74,12,-3.92,-4.92,-5.23,-3.15,-0.59,0.53,5.39,0.83,6.79,2.56,4.54,-2.86,Rice,Clay Loam,0.712,0.286,20.67,9,0.329,3.468.752,28.134
9.799,105.848,11,1,3.64,34.8,34.5,6.1,28.3,36.9,45.3,27.52,5.44,82.42,17.03,12,-4.68,-6.01,-6.26,-4.19,0.2,1.23,10.03,-0.2,9.39,5.07,0.41,-4.97,Rice,Clay Loam,0.646,0.288,26.31,7,0.381,1.951.173,27.514
9.885,105.574,4,2,3.64,36.1,37.4,6,23.7,40.2,53.4,27.52,5.44,82.42,17.03,12,-4.68,-6.01,-6.26,-4.19,0.2,1.23,10.03,-0.2,9.39,5.07,0.41,-4.97,Rice,Clay Loam,0.646,0.31,26.31,7,0.381,2167.97,27.507
10.174,105.778,11,2,3.64,35.5,29.5,6.1,20.7,43.8,39.7,27.52,5.44,82.42,17.9,12,-4.68,-6.01,-6.26,-4.19,0.2,1.23,10.03,-0.2,9.39,5.07,0.41,-4.97,Rice,Clay Loam,0.646,0.298,26.31,7,0.381,1.951.173,27.507
8.892,105.292,4,3,3.64,38.7,42.8,5.6,32.5,28.8,49.6,28.04,4.45,80.82,17.99,12,-4.45,-5.29,-5.62,-3.24,-0.63,1.27,6.71,0.39,7.95,3.73,3.01,-3.78,Rice,Clay Loam,0.727,0.285,23.01,9,0.345,3.035.158,28.02
10.067,106.228,11,3,3.64,38.6,31.3,6.2,20.8,40.6,41,27.61,5.05,82.34,18.06,12,-4.58,-5.54,-5.71,-4.16,0.46,1.64,10.07,-0.1,7.61,4.57,0.32,-4.63,Rice,Clay Loam,0.653,0.3,24.72,7,0.408,1.734.376,27.59
9.544,104.859,11,0,3.64,36.3,33.1,5.7,26,37.7,54.9,27.97,4.72,81.28,18.06,12,-4.59,-5.52,-5.78,-3.25,-0.54,1.6,7.82,0.24,8.31,4.06,1.94,-4.24,Rice,Clay Loam,0.706,0.307,23.92,9,0.347,2.818.361,27.97
10.168,106.016,11,2,3.64,40.6,34.5,6.3,22.5,36.9,37.5,27.61,5.05,82.34,18.06,12,-4.58,-5.54,-5.71,-4.16,0.46,1.64,10.07,-0.1,7.61,4.57,0.32,-4.63,Rice,Clay,0.653,0.291,24.72,7,0.408,1.517.579,27.597
21.108,106.412,2,6,3.64,35.1,22.3,6.2,29.3,35.6,31.5,24.18,4.13,82.51,13.38,12,-3.45,-2.61,-3.49,-2.27,-1.12,6.4,-0.14,6.45,7.56,0.06,-3.6,-3.84,Rice,Clay Loam,0.528,0.267,20.52,9,0.369,1.734.376,24.141
10.753,105.133,11,4,3.64,34.1,28.6,5.4,24.8,41.1,35.2,28.16,3.9,76.87,17.9,12,-3.21,-4.25,-4.47,-3.37,-0.26,0.68,3.27,0.33,8.7,4.94,0.85,-3.21,Rice,Clay Loam,0.882,0.282,18.77,9,0.464,3.468.752,28.134
21.143,106.211,7,4,3.64,28.7,18.8,6.1,31.7,39.7,21.7,24.18,4.13,82.51,13.38,12,-3.45,-2.61,-3.49,-2.27,-1.12,6.4,-0.14,6.45,7.56,0.06,-3.6,-3.84,Rice,Clay Loam,0.528,0.247,20.52,9,0.369,1.951.173,24.154
10.048,106.572,11,2,3.64,40.4,31.2,6.2,20.9,38.7,38.5,27.9,4.57,82.8,18.06,12,-4.11,-5.15,-5.27,-3.9,0.42,1.5,8.42,0.47,7.6,3.69,0.73,-4.35,Rice,Clay,0.646,0.296,22.78,7,0.369,1.734.376,27.887
8.614,104.961,4,4,3.64,31.3,52.7,5.7,36.8,31.9,56.4,28.14,3.97,81.31,17.74,12,-3.92,-4.92,-5.23,-3.15,-0.59,0.53,5.39,0.83,6.79,2.56,4.54,-2.86,Rice,Clay Loam,0.712,0.284,20.67,9,0.329,2.818.361,28.114
10.756,106.767,4,5,3.64,38.5,33.3,6.3,25.8,35.7,31.9,27.72,3.77,78.82,18.06,12,-3.58,-4.08,-4.11,-3.8,0.17,4.25,6.49,0.93,5.24,3.01,-1.31,-3.17,Rice,Clay Loam,0.788,0.275,20.05,7,0.323,1.517.579,27.688
10.269,105.833,11,7,3.64,37,31.2,6.1,23.6,39.3,35.1,27.74,4.64,80.6,17.9,12,-4.02,-5.17,-5.35,-3.98,0.31,1.52,7.43,-0.41,8.29,5.16,0.33,-4.15,Rice,Clay Loam,0.722,0.285,23.08,9,0.36,1.951.173,27.694
10.519,106.435,4,6,3.64,38.5,27.2,6.3,19.5,42,27.3,27.91,4.33,79.72,18.06,12,-4.03,-4.78,-4.88,-4,0.35,2.61,7.9,-0.29,6.54,4.36,0.01,-3.83,Rice,Clay Loam,0.763,0.283,21.81,7,0.363,1.517.579,27.871
9.588,104.856,4,2,3.64,37.2,36.4,5.6,25.3,37.5,45.7,27.97,4.72,81.28,18.06,12,-4.59,-5.52,-5.78,-3.25,-0.54,1.6,7.82,0.24,8.31,4.06,1.94,-4.24,Rice,Clay Loam,0.706,0.296,23.92,9,0.347,3.035.158,27.957
20.202,106.18,7,2,3.64,31.5,28.1,6,28.7,39.9,24.7,24.89,4.18,84.24,14.17,12,-3.87,-3.88,-4.3,-3.56,-1.35,2.53,2.04,3.07,7.68,7.12,-1.86,-3.62,Rice,Clay Loam,0.496,0.259,22.44,9,0.342,2167.97,24.877
8.861,104.951,11,1,3.64,41.6,53.4,5.4,29.4,29.1,52.2,28.04,4.45,80.82,17.74,12,-4.45,-5.29,-5.62,-3.24,-0.63,1.27,6.71,0.39,7.95,3.73,3.01,-3.78,Rice,Clay,0.727,0.295,23.01,9,0.345,3.468.752,28.034
21.079,106.152,2,10,3.64,35.3,27.1,6.3,27.7,36.9,31.4,24.18,4.13,82.51,13.38,12,-3.45,-2.61,-3.49,-2.27,-1.12,6.4,-0.14,6.45,7.56,0.06,-3.6,-3.84,Rice,Clay Loam,0.528,0.27,20.52,9,0.369,1.517.579,24.115
9.078,105.228,11,1,3.64,42.2,33.4,5.4,28,29.8,47.1,28.04,4.45,80.82,17.03,12,-4.45,-5.29,-5.62,-3.24,-0.63,1.27,6.71,0.39,7.95,3.73,3.01,-3.78,Rice,Clay,0.727,0.292,23.01,9,0.345,3.468.752,28.034
9.61,106.468,11,3,3.64,37,35.5,6.1,24.9,38.1,34.7,27.77,5.28,82.72,18.77,12,-4.89,-5.87,-6.07,-3.73,0.31,0.66,9.99,0.82,8.06,5.64,0.34,-5.29,Rice,Clay Loam,0.644,0.281,25.85,7,0.387,1.951.173,27.75
10.562,106.4,11,3,3.64,40.1,34,6.1,18,41.9,48.9,27.91,4.33,79.72,18.06,12,-4.03,-4.78,-4.88,-4,0.35,2.61,7.9,-0.29,6.54,4.36,0.01,-3.83,Rice,Clay,0.763,0.317,21.81,7,0.363,1.951.173,27.89
9.413,106.028,4,2,3.64,38.2,36.6,5.7,32.9,29,34.1,27.77,5.28,82.72,18.77,12,-4.89,-5.87,-6.07,-3.73,0.31,0.66,9.99,0.82,8.06,5.64,0.34,-5.29,Rice,Clay Loam,0.644,0.262,25.85,7,0.387,2.818.361,27.757
9.364,105.809,11,2,3.64,41.6,36.3,5.7,32.5,25.9,34.8,27.58,5.68,82.83,17.03,12,-5.15,-6.22,-6.61,-3.85,-0.17,0.76,10.43,0.35,9.34,6.06,0.59,-5.48,Rice,Clay,0.633,0.264,27.48,7,0.379,2.818.361,27.567
10.623,104.752,4,62,3.64,33.1,41.1,5.8,38.3,28.6,54,27.91,4.77,79.76,18.24,12,-3.85,-5.17,-5.46,-3.66,-0.22,0.5,5.61,-0.26,10.88,4.65,0.87,-3.94,Rice,Clay Loam,0.761,0.278,22.56,9,0.483,2.601.564,27.507
21.086,106.412,7,19,3.64,35.8,23.8,6.3,27.8,36.4,29,24.18,4.13,82.51,13.38,12,-3.45,-2.61,-3.49,-2.27,-1.12,6.4,-0.14,6.45,7.56,0.06,-3.6,-3.84,Rice,Clay Loam,0.528,0.267,20.52,9,0.369,1.517.579,24.056
20.709,106.483,7,3,3.64,35.1,28.4,5.9,29.1,35.8,32.3,24.42,4.15,83.73,14.17,12,-3.54,-3.28,-3.86,-2.76,-1.25,4.9,0.24,4.95,8.6,3.24,-3.34,-3.95,Rice,Clay Loam,0.498,0.268,21.98,9,0.392,2.384.767,24.4
10.254,104.91,11,6,3.64,34.5,29,5.9,25.3,40.3,61.9,27.91,4.77,79.76,18.24,12,-3.85,-5.17,-5.46,-3.66,-0.22,0.5,5.61,-0.26,10.88,4.65,0.87,-3.94,Rice,Clay Loam,0.761,0.318,22.56,9,0.483,2.384.767,27.871
10.573,104.969,4,26,3.64,28,33.4,5.7,40.9,31.1,37.9,27.91,4.77,79.76,18.24,12,-3.85,-5.17,-5.46,-3.66,-0.22,0.5,5.61,-0.26,10.88,4.65,0.87,-3.94,Rice,Clay Loam,0.761,0.249,22.56,9,0.483,2.818.361,27.741
20.782,106.248,2,3,3.64,34.7,29.5,6,25.8,39.5,29.7,24.18,4.13,82.51,14.17,12,-3.45,-2.61,-3.49,-2.27,-1.12,6.4,-0.14,6.45,7.56,0.06,-3.6,-3.84,Rice,Clay Loam,0.528,0.272,20.52,9,0.369,2167.97,24.16
20.477,106.132,7,5,3.64,33.3,25,5.9,29,37.7,27.4,24.42,4.15,83.73,14.17,12,-3.54,-3.28,-3.86,-2.76,-1.25,4.9,0.24,4.95,8.6,3.24,-3.34,-3.95,Rice,Clay Loam,0.498,0.262,21.98,9,0.392,2.384.767,24.388
20.384,105.721,2,39,3.64,30.8,25.3,5.7,30.3,38.9,28.8,23.6,3.61,83.74,14.41,12,-3.31,-2.87,-3.1,-2.21,-1.23,4,0.43,4.46,7.45,2.88,-3.09,-3.44,Rice,Clay Loam,0.474,0.261,19.25,9,0.388,2.818.361,23.347
10.578,106.675,11,2,3.64,42,28.9,6.1,20.9,37.1,33.3,27.76,4.07,80.84,18.06,12,-3.8,-4.52,-4.6,-4.04,0.25,3.53,7.47,0.45,6.09,2.91,-0.2,-3.56,Rice,Clay,0.714,0.289,20.72,7,0.361,1.951.173,27.747
20.604,105.942,2,3,3.64,34.2,26.3,6.1,24.8,41,22.3,24.42,4.15,83.73,14.41,12,-3.54,-3.28,-3.86,-2.76,-1.25,4.9,0.24,4.95,8.6,3.24,-3.34,-3.95,Rice,Clay Loam,0.498,0.264,21.98,9,0.392,1.951.173,24.4
9.912,105.613,11,5,3.64,36.2,37.4,5.7,24.2,39.7,41.6,27.52,5.44,82.42,17.03,12,-4.68,-6.01,-6.26,-4.19,0.2,1.23,10.03,-0.2,9.39,5.07,0.41,-4.97,Rice,Clay Loam,0.646,0.293,26.31,7,0.381,2.818.361,27.488
21.294,105.554,7,13,3.64,32.8,21.7,6.2,31.7,35.5,22.8,23.66,4.1,82.25,14.01,12,-3.83,-2.11,-3.41,-2.35,-0.33,6.36,1.26,8.89,4.16,-1.78,-3.22,-3.69,Rice,Clay Loam,0.519,0.249,20.72,8,0.43,1.734.376,23.576
9.606,106.312,11,3,3.64,40.7,35.3,6.2,27.3,32,40.6,27.77,5.28,82.72,18.77,12,-4.89,-5.87,-6.07,-3.73,0.31,0.66,9.99,0.82,8.06,5.64,0.34,-5.29,Rice,Clay,0.644,0.284,25.85,7,0.387,1.734.376,27.75
9.88,105.314,11,2,3.64,39.6,36.7,5.8,26.1,34.2,36.9,27.52,5.44,82.42,17.03,12,-4.68,-6.01,-6.26,-4.19,0.2,1.23,10.03,-0.2,9.39,5.07,0.41,-4.97,Rice,Clay Loam,0.646,0.282,26.31,7,0.381,2.601.564,27.507
9.403,105.012,11,2,3.64,41.4,30.5,5.6,30.1,28.5,56.2,27.97,4.72,81.28,17.03,12,-4.59,-5.52,-5.78,-3.25,-0.54,1.6,7.82,0.24,8.31,4.06,1.94,-4.24,Rice,Clay,0.706,0.299,23.92,9,0.347,3.035.158,27.957
10.076,105.132,11,2,3.64,36.5,28.5,5.5,25.2,38.2,36.6,27.96,4.89,80.82,17.9,12,-4.26,-5.51,-5.79,-3.48,-0.34,0.99,7.3,-0.09,10.14,4.07,1.2,-4.25,Rice,Clay Loam,0.723,0.283,23.72,9,0.428,3.251.955,27.947
20.103,106.08,2,4,3.64,33.1,32.6,5.7,30.1,36.8,26.9,24.89,4.18,84.24,14.17,12,-3.87,-3.88,-4.3,-3.56,-1.35,2.53,2.04,3.07,7.68,7.12,-1.86,-3.62,Rice,Clay Loam,0.496,0.258,22.44,9,0.342,2.818.361,24.864
21.105,106.12,2,4,3.64,32.2,21.8,6,30.9,36.9,23.7,24.18,4.13,82.51,13.38,12,-3.45,-2.61,-3.49,-2.27,-1.12,6.4,-0.14,6.45,7.56,0.06,-3.6,-3.84,Rice,Clay Loam,0.528,0.252,20.52,9,0.369,2167.97,24.154
10.915,104.654,4,9,3.64,27.4,26.3,5.6,41.7,30.9,44.8,27.55,3.96,77.95,18.24,12,-3.27,-4.22,-4.47,-3.28,-0.5,0.58,2.73,0.29,9.27,4.9,1.1,-3.13,Rice,Clay Loam,0.812,0.257,18.87,9,0.491,3.035.158,27.492
9.9,106.13,11,5,3.64,34.3,26.1,6.2,24.4,41.3,32.5,27.61,5.05,82.34,18.77,12,-4.58,-5.54,-5.71,-4.16,0.46,1.64,10.07,-0.1,7.61,4.57,0.32,-4.63,Rice,Clay Loam,0.653,0.279,24.72,7,0.408,1.734.376,27.578
20.824,105.8,7,9,3.64,31.2,24.2,6.1,26.5,42.3,21.9,23.88,3.84,82.73,14.41,12,-3.62,-2.57,-3.27,-2.24,-0.69,5.8,0.34,6.86,5.89,0.57,-3.41,-3.66,Rice,Clay Loam,0.512,0.26,19.46,8,0.353,1.951.173,23.822
21.107,106.286,7,9,3.64,34.8,22,5.9,25.1,40.1,30.8,24.18,4.13,82.51,13.38,12,-3.45,-2.61,-3.49,-2.27,-1.12,6.4,-0.14,6.45,7.56,0.06,-3.6,-3.84,Rice,Clay Loam,0.528,0.275,20.52,9,0.369,2.384.767,24.122
10.015,105.509,11,2,3.64,34.6,33.1,5.7,25.3,40.2,39,27.52,5.44,82.42,17.9,12,-4.68,-6.01,-6.26,-4.19,0.2,1.23,10.03,-0.2,9.39,5.07,0.41,-4.97,Rice,Clay Loam,0.646,0.286,26.31,7,0.381,2.818.361,27.507
10.988,105.482,11,4,3.64,31.6,31.7,5.5,27,41.4,30.2,28.1,3.74,77.56,17.9,12,-3.37,-4.2,-4.32,-3.49,0.06,1.63,4.58,-0.12,6.51,5.58,0.4,-3.31,Rice,Clay Loam,0.853,0.27,18.81,9,0.347,3.251.955,28.074
20.769,105.621,2,61,3.64,32.4,26.2,6.1,24.2,43.4,31.9,23.88,3.84,82.73,14.41,12,-3.62,-2.57,-3.27,-2.24,-0.69,5.8,0.34,6.86,5.89,0.57,-3.41,-3.66,Rice,Clay Loam,0.512,0.279,19.46,8,0.353,1.951.173,23.484
20.447,105.58,7,86,3.64,33.7,23.3,5.6,25.3,41,34.4,23.6,3.61,83.74,14.41,12,-3.31,-2.87,-3.1,-2.21,-1.23,4,0.43,4.46,7.45,2.88,-3.09,-3.44,Rice,Clay Loam,0.474,0.28,19.25,9,0.388,3.035.158,23.041
10.914,105.456,4,3,3.64,36.3,31.4,5.6,20.9,42.8,36.9,28.1,3.74,77.56,17.9,12,-3.37,-4.2,-4.32,-3.49,0.06,1.63,4.58,-0.12,6.51,5.58,0.4,-3.31,Rice,Clay Loam,0.853,0.294,18.81,9,0.347,3.035.158,28.08
10.554,105.059,4,2,3.64,34.9,37.2,5.4,25.2,39.8,36.8,27.91,4.77,79.76,17.9,12,-3.85,-5.17,-5.46,-3.66,-0.22,0.5,5.61,-0.26,10.88,4.65,0.87,-3.94,Rice,Clay Loam,0.761,0.284,22.56,9,0.483,3.468.752,27.897
21.39,106.388,7,99,3.64,32.4,28.5,5.8,23.7,43.9,36.7,23.24,4.05,82.32,13.38,12,-3.55,-1.88,-3.28,-2.06,-0.89,7.01,0.69,7.59,5.4,-2.13,-3.3,-3.62,Rice,Clay Loam,0.504,0.287,20.71,8,0.367,2.601.564,22.596
8.927,105.089,11,1,3.64,38.7,51.6,5.4,29.9,31.4,48.1,28.04,4.45,80.82,17.99,12,-4.45,-5.29,-5.62,-3.24,-0.63,1.27,6.71,0.39,7.95,3.73,3.01,-3.78,Rice,Clay Loam,0.727,0.289,23.01,9,0.345,3.468.752,28.034
21.248,106.618,7,42,3.64,35.3,21.5,6,24.5,40.1,20.3,23.76,5.06,83.5,13.38,12,-3.61,-3.18,-3.97,-3.01,-1.53,10.61,0.28,6.3,8.2,-1.85,-3.74,-4.52,Rice,Clay Loam,0.485,0.262,25.41,6,0.418,2167.97,23.487
10.118,105.441,4,3,3.64,32.2,31.4,5.5,24.8,43,36.6,27.52,5.44,82.42,17.9,12,-4.68,-6.01,-6.26,-4.19,0.2,1.23,10.03,-0.2,9.39,5.07,0.41,-4.97,Rice,Clay Loam,0.646,0.284,26.31,7,0.381,3.251.955,27.5
9.053,104.915,4,1,3.64,38.6,43.1,5.3,32.6,28.8,50,28.04,4.45,80.82,18.06,12,-4.45,-5.29,-5.62,-3.24,-0.63,1.27,6.71,0.39,7.95,3.73,3.01,-3.78,Rice,Clay Loam,0.727,0.285,23.01,9,0.345,3.685.549,28.034
10.114,105.985,11,6,3.64,36.4,35.8,6.1,25.4,38.2,41.2,27.61,5.05,82.34,17.9,12,-4.58,-5.54,-5.71,-4.16,0.46,1.64,10.07,-0.1,7.61,4.57,0.32,-4.63,Rice,Clay Loam,0.653,0.289,24.72,7,0.408,1.951.173,27.571
20.516,106.067,7,3,3.64,35.8,28.8,5.9,27.2,37,33.7,24.42,4.15,83.73,14.17,12,-3.54,-3.28,-3.86,-2.76,-1.25,4.9,0.24,4.95,8.6,3.24,-3.34,-3.95,Rice,Clay Loam,0.498,0.275,21.98,9,0.392,2.384.767,24.4
9.511,105.506,4,2,3.64,37.7,44.8,5.7,28.2,34.1,49,27.58,5.68,82.83,17.03,12,-5.15,-6.22,-6.61,-3.85,-0.17,0.76,10.43,0.35,9.34,6.06,0.59,-5.48,Rice,Clay Loam,0.633,0.294,27.48,7,0.379,2.818.361,27.567
20.35,106.291,7,3,3.64,31.9,25,6.1,29.9,38.2,30.4,24.42,4.15,83.73,14.17,12,-3.54,-3.28,-3.86,-2.76,-1.25,4.9,0.24,4.95,8.6,3.24,-3.34,-3.95,Rice,Clay Loam,0.498,0.264,21.98,9,0.392,1.951.173,24.4
9.625,104.984,4,2,3.64,37.3,34,5.7,25.9,36.8,45.5,27.97,4.72,81.28,18.06,12,-4.59,-5.52,-5.78,-3.25,-0.54,1.6,7.82,0.24,8.31,4.06,1.94,-4.24,Rice,Clay Loam,0.706,0.294,23.92,9,0.347,2.818.361,27.957
10.371,106.517,4,4,3.64,37.3,27.2,6.3,21.2,41.4,34.9,27.91,4.33,79.72,18.06,12,-4.03,-4.78,-4.88,-4,0.35,2.61,7.9,-0.29,6.54,4.36,0.01,-3.83,Rice,Clay Loam,0.763,0.29,21.81,7,0.363,1.517.579,27.884
20.57,105.597,2,163,3.64,34.2,30.2,5.5,26.8,39,38.6,23.6,3.61,83.74,14.41,12,-3.31,-2.87,-3.1,-2.21,-1.23,4,0.43,4.46,7.45,2.88,-3.09,-3.44,Rice,Clay Loam,0.474,0.282,19.25,9,0.388,3.251.955,22.54
20.634,106.269,7,4,3.64,32.3,32.4,6,27.6,40.2,30.2,24.42,4.15,83.73,14.17,12,-3.54,-3.28,-3.86,-2.76,-1.25,4.9,0.24,4.95,8.6,3.24,-3.34,-3.95,Rice,Clay Loam,0.498,0.269,21.98,9,0.392,2167.97,24.394
10.221,106.084,4,1,3.64,39.6,37,6.4,20.3,40.1,40.2,27.61,5.05,82.34,18.06,12,-4.58,-5.54,-5.71,-4.16,0.46,1.64,10.07,-0.1,7.61,4.57,0.32,-4.63,Rice,Clay Loam,0.653,0.3,24.72,7,0.408,1.300.782,27.604
21.133,105.556,7,11,3.64,29.4,24.1,5.9,28.7,42,28.2,23.88,3.84,82.73,14.01,12,-3.62,-2.57,-3.27,-2.24,-0.69,5.8,0.34,6.86,5.89,0.57,-3.41,-3.66,Rice,Clay Loam,0.512,0.263,19.46,8,0.353,2.384.767,23.808
8.842,105.084,11,1,3.64,39.9,55,5.5,30.8,29.3,57.3,28.04,4.45,80.82,17.99,12,-4.45,-5.29,-5.62,-3.24,-0.63,1.27,6.71,0.39,7.95,3.73,3.01,-3.78,Rice,Clay Loam,0.727,0.299,23.01,9,0.345,3.251.955,28.034
9.355,106.111,11,2,3.64,38.4,35.8,5.6,31.3,30.3,40.1,27.77,5.28,82.72,18.77,12,-4.89,-5.87,-6.07,-3.73,0.31,0.66,9.99,0.82,8.06,5.64,0.34,-5.29,Rice,Clay Loam,0.644,0.274,25.85,7,0.387,3.035.158,27.757
10.969,105.352,11,5,3.64,29.2,28.1,5.3,31.5,39.3,22.2,28.1,3.74,77.56,17.9,12,-3.37,-4.2,-4.32,-3.49,0.06,1.63,4.58,-0.12,6.51,5.58,0.4,-3.31,Rice,Clay Loam,0.853,0.249,18.81,9,0.347,3.685.549,28.068
8.962,105.305,4,1,3.64,38.9,36.2,5.5,29.9,31.2,46.6,28.04,4.45,80.82,17.99,12,-4.45,-5.29,-5.62,-3.24,-0.63,1.27,6.71,0.39,7.95,3.73,3.01,-3.78,Rice,Clay Loam,0.727,0.286,23.01,9,0.345,3.251.955,28.034
20.508,105.951,2,4,3.64,32,25.8,6,24.3,43.7,25.1,24.42,4.15,83.73,14.41,12,-3.54,-3.28,-3.86,-2.76,-1.25,4.9,0.24,4.95,8.6,3.24,-3.34,-3.95,Rice,Clay Loam,0.498,0.269,21.98,9,0.392,2167.97,24.394
20.798,105.69,2,6,3.64,29.9,25.7,6.1,26.2,43.9,27.6,23.88,3.84,82.73,14.41,12,-3.62,-2.57,-3.27,-2.24,-0.69,5.8,0.34,6.86,5.89,0.57,-3.41,-3.66,Rice,Clay Loam,0.512,0.268,19.46,8,0.353,1.951.173,23.841
9.208,105.289,11,1,3.64,40.2,38.1,5.6,32.1,27.8,42.3,28.04,4.45,80.82,17.03,12,-4.45,-5.29,-5.62,-3.24,-0.63,1.27,6.71,0.39,7.95,3.73,3.01,-3.78,Rice,Clay,0.727,0.275,23.01,9,0.345,3.035.158,28.034
10.255,106.437,11,0,3.64,38.3,33.5,6.3,22.6,39.1,48.8,27.91,4.33,79.72,18.06,12,-4.03,-4.78,-4.88,-4,0.35,2.61,7.9,-0.29,6.54,4.36,0.01,-3.83,Rice,Clay Loam,0.763,0.306,21.81,7,0.363,1.517.579,27.91
10.215,106.637,4,3,3.64,40.9,38.2,6.2,20.4,38.8,33.9,27.9,4.57,82.8,18.06,12,-4.11,-5.15,-5.27,-3.9,0.42,1.5,8.42,0.47,7.6,3.69,0.73,-4.35,Rice,Clay,0.646,0.291,22.78,7,0.369,1.734.376,27.88
9.907,106.565,4,2,3.64,35.3,40.3,6.2,23.3,41.5,43.2,27.9,4.57,82.8,18.77,12,-4.11,-5.15,-5.27,-3.9,0.42,1.5,8.42,0.47,7.6,3.69,0.73,-4.35,Rice,Clay Loam,0.646,0.297,22.78,7,0.369,1.734.376,27.887
10.491,105.601,11,3,3.64,35.2,26.5,5.6,20.3,44.5,35.2,27.74,4.64,80.6,17.9,12,-4.02,-5.17,-5.35,-3.98,0.31,1.52,7.43,-0.41,8.29,5.16,0.33,-4.15,Rice,Clay Loam,0.722,0.293,23.08,9,0.36,3.035.158,27.72
20.712,106.158,2,4,3.64,35.1,27.4,6.1,26.6,38.3,32.6,24.42,4.15,83.73,14.17,12,-3.54,-3.28,-3.86,-2.76,-1.25,4.9,0.24,4.95,8.6,3.24,-3.34,-3.95,Rice,Clay Loam,0.498,0.274,21.98,9,0.392,1.951.173,24.394
9.266,105.877,4,2,3.64,37.7,39.5,5.5,30.3,32,33.6,27.58,5.68,82.83,17.03,12,-5.15,-6.22,-6.61,-3.85,-0.17,0.76,10.43,0.35,9.34,6.06,0.59,-5.48,Rice,Clay Loam,0.633,0.267,27.48,7,0.379,3.251.955,27.567
9.447,105.636,11,1,3.64,45,37.8,5.8,27.3,27.8,44.2,27.58,5.68,82.83,17.03,12,-5.15,-6.22,-6.61,-3.85,-0.17,0.76,10.43,0.35,9.34,6.06,0.59,-5.48,Rice,Clay,0.633,0.289,27.48,7,0.379,2.601.564,27.574
10.822,105.97,4,3,3.64,40.5,23.6,5.4,21.7,37.8,30.1,28.08,3.71,77.7,17.9,12,-3.56,-4.08,-4.13,-3.62,0.1,2.86,5.77,0.03,5.64,4.65,-0.35,-3.28,Rice,Clay,0.847,0.282,19.02,7,0.303,3.468.752,28.06
20.655,105.765,2,5,3.64,36.1,26.3,5.9,20.2,43.7,29.6,23.6,3.61,83.74,14.41,12,-3.31,-2.87,-3.1,-2.21,-1.23,4,0.43,4.46,7.45,2.88,-3.09,-3.44,Rice,Clay Loam,0.474,0.285,19.25,9,0.388,2.384.767,23.568
9.763,106.008,4,5,3.64,33.2,38.6,6,30,36.8,64.2,27.61,5.05,82.34,18.77,12,-4.58,-5.54,-5.71,-4.16,0.46,1.64,10.07,-0.1,7.61,4.57,0.32,-4.63,Rice,Clay Loam,0.653,0.311,24.72,7,0.408,2167.97,27.578
10.845,104.825,11,6,3.64,28.6,33,5,34.2,37.2,37.6,28.16,3.9,76.87,18.24,12,-3.21,-4.25,-4.47,-3.37,-0.26,0.68,3.27,0.33,8.7,4.94,0.85,-3.21,Rice,Clay Loam,0.882,0.264,18.77,9,0.464,4335.94,28.121
10.819,105.042,11,3,3.64,34.7,34.7,5.8,24.5,40.8,37.1,28.16,3.9,76.87,17.9,12,-3.21,-4.25,-4.47,-3.37,-0.26,0.68,3.27,0.33,8.7,4.94,0.85,-3.21,Rice,Clay Loam,0.882,0.286,18.77,9,0.464,2.601.564,28.14
21.391,105.939,2,13,3.64,30.3,21.9,6.1,32.3,37.4,23.7,23.24,4.05,82.32,14.01,12,-3.55,-1.88,-3.28,-2.06,-0.89,7.01,0.69,7.59,5.4,-2.13,-3.3,-3.62,Rice,Clay Loam,0.504,0.249,20.71,8,0.367,1.951.173,23.156
9.745,105.238,11,1,3.64,36.1,41,5.5,27.1,36.8,35.5,27.97,4.72,81.28,17.03,12,-4.59,-5.52,-5.78,-3.25,-0.54,1.6,7.82,0.24,8.31,4.06,1.94,-4.24,Rice,Clay Loam,0.706,0.277,23.92,9,0.347,3.251.955,27.964
9.963,106.389,4,3,3.64,37.9,38.8,6.3,20.6,41.5,40.8,27.61,5.05,82.34,18.77,12,-4.58,-5.54,-5.71,-4.16,0.46,1.64,10.07,-0.1,7.61,4.57,0.32,-4.63,Rice,Clay Loam,0.653,0.3,24.72,7,0.408,1.517.579,27.59
20.817,105.84,7,6,3.64,30,27.2,5.9,25.7,44.3,25.8,23.88,3.84,82.73,14.41,12,-3.62,-2.57,-3.27,-2.24,-0.69,5.8,0.34,6.86,5.89,0.57,-3.41,-3.66,Rice,Clay Loam,0.512,0.267,19.46,8,0.353,2.384.767,23.841
21.238,106.347,7,4,3.64,33.1,19.8,6.3,26.7,40.1,27.2,24.18,4.13,82.51,13.38,12,-3.45,-2.61,-3.49,-2.27,-1.12,6.4,-0.14,6.45,7.56,0.06,-3.6,-3.84,Rice,Clay Loam,0.528,0.267,20.52,9,0.369,1.517.579,24.154
20.491,106.074,2,4,3.64,33.4,27.3,5.9,26.9,39.7,31.6,24.42,4.15,83.73,14.17,12,-3.54,-3.28,-3.86,-2.76,-1.25,4.9,0.24,4.95,8.6,3.24,-3.34,-3.95,Rice,Clay Loam,0.498,0.272,21.98,9,0.392,2.384.767,24.394
10.226,106.771,11,3,3.64,39.1,37.5,6.3,20.8,40.1,35.9,27.9,4.57,82.8,18.06,12,-4.11,-5.15,-5.27,-3.9,0.42,1.5,8.42,0.47,7.6,3.69,0.73,-4.35,Rice,Clay Loam,0.646,0.292,22.78,7,0.369,1.517.579,27.88
9.662,106.147,4,4,3.64,38.1,37,6,26.3,35.6,43.5,27.77,5.28,82.72,18.77,12,-4.89,-5.87,-6.07,-3.73,0.31,0.66,9.99,0.82,8.06,5.64,0.34,-5.29,Rice,Clay Loam,0.644,0.29,25.85,7,0.387,2167.97,27.744
9.41,105.428,11,2,3.64,41.9,46.4,5.6,32.1,26,40.6,27.58,5.68,82.83,17.03,12,-5.15,-6.22,-6.61,-3.85,-0.17,0.76,10.43,0.35,9.34,6.06,0.59,-5.48,Rice,Clay,0.633,0.273,27.48,7,0.379,3.035.158,27.567
21.105,106.117,7,4,3.64,31.9,22.8,6,31.6,36.5,22.7,24.18,4.13,82.51,13.38,12,-3.45,-2.61,-3.49,-2.27,-1.12,6.4,-0.14,6.45,7.56,0.06,-3.6,-3.84,Rice,Clay Loam,0.528,0.249,20.52,9,0.369,2167.97,24.154
20.628,105.673,7,32,3.64,32.1,23.4,5.8,25.5,42.4,27.5,23.6,3.61,83.74,14.41,12,-3.31,-2.87,-3.1,-2.21,-1.23,4,0.43,4.46,7.45,2.88,-3.09,-3.44,Rice,Clay Loam,0.474,0.27,19.25,9,0.388,2.601.564,23.392
9.479,105.726,11,2,3.64,41.4,45.4,5.7,30.8,27.8,40.9,27.58,5.68,82.83,17.03,12,-5.15,-6.22,-6.61,-3.85,-0.17,0.76,10.43,0.35,9.34,6.06,0.59,-5.48,Rice,Clay,0.633,0.276,27.48,7,0.379,2.818.361,27.567
10.233,104.601,4,1,3.64,30.1,39.3,5.5,28.6,41.3,51.4,28.52,4.5,79.62,18.24,12,-3.9,-5.2,-5.39,-3.52,-0.2,1.32,6.6,-0.21,9.26,3.35,1.63,-3.74,Rice,Clay Loam,0.794,0.296,22.16,9,0.418,3.251.955,28.514
9.75,105.722,4,2,3.64,37.4,41,6,28.1,34.5,59,27.58,5.68,82.83,17.03,12,-5.15,-6.22,-6.61,-3.85,-0.17,0.76,10.43,0.35,9.34,6.06,0.59,-5.48,Rice,Clay Loam,0.633,0.308,27.48,7,0.379,2167.97,27.567
10.118,106.038,4,2,3.64,40.2,33.6,6.2,22.4,37.5,36.2,27.61,5.05,82.34,18.06,12,-4.58,-5.54,-5.71,-4.16,0.46,1.64,10.07,-0.1,7.61,4.57,0.32,-4.63,Rice,Clay,0.653,0.289,24.72,7,0.408,1.734.376,27.597
9.448,105.665,11,2,3.64,38.8,47,5.8,31.4,29.8,42.4,27.58,5.68,82.83,17.03,12,-5.15,-6.22,-6.61,-3.85,-0.17,0.76,10.43,0.35,9.34,6.06,0.59,-5.48,Rice,Clay Loam,0.633,0.277,27.48,7,0.379,2.601.564,27.567
20.173,105.794,7,108,3.64,30.3,24,5.8,28.9,40.8,29.9,24.21,3.5,83.74,14.41,12,-3.17,-3.04,-3.17,-2.47,-1.36,1.99,1.29,2.72,8.21,4.04,-2.02,-3.04,Rice,Clay Loam,0.491,0.265,18.27,9,0.45,2.601.564,23.508
20.714,106.428,7,3,3.64,35,30.6,5.9,28.6,36.4,32.2,24.42,4.15,83.73,14.17,12,-3.54,-3.28,-3.86,-2.76,-1.25,4.9,0.24,4.95,8.6,3.24,-3.34,-3.95,Rice,Clay Loam,0.498,0.269,21.98,9,0.392,2.384.767,24.4
21.252,106.402,2,5,3.64,31,23.3,6.1,25.2,43.7,26.1,23.24,4.05,82.32,13.38,12,-3.55,-1.88,-3.28,-2.06,-0.89,7.01,0.69,7.59,5.4,-2.13,-3.3,-3.62,Rice,Clay Loam,0.504,0.269,20.71,8,0.367,1.951.173,23.208
11.503,107.807,6,939,3.64,36,47.2,5.5,35.4,28.6,56.6,25.44,4.33,82.47,17.7,12,-3.98,-4.45,-4.47,-4.24,0.37,4.29,8.47,1.81,5.78,2.43,-2.37,-3.66,Rubber,Clay Loam,0.57,0.288,23.17,7,0.366,3.251.955,19.336
11.516,107.832,5,768,3.64,35,38.1,5.4,34,31.1,34.5,23.2,3.85,84.54,17.7,12,-3.06,-4.21,-4.3,-4.18,1.21,3.58,6.86,1.88,6.08,0.96,-1.99,-2.85,Rubber,Clay Loam,0.44,0.26,20.59,7,0.333,3.468.752,18.208
11.525,107.949,6,780,3.64,39.4,33.3,5.5,30.8,29.8,31.4,23.2,3.85,84.54,17.7,12,-3.06,-4.21,-4.3,-4.18,1.21,3.58,6.86,1.88,6.08,0.96,-1.99,-2.85,Rubber,Clay Loam,0.44,0.263,20.59,7,0.333,3.251.955,18.13
11.539,108.014,5,1020,3.64,32.9,37.5,5.5,30.8,36.4,33,23.2,3.85,84.54,18.81,12,-3.06,-4.21,-4.3,-4.18,1.21,3.58,6.86,1.88,6.08,0.96,-1.99,-2.85,Rubber,Clay Loam,0.44,0.265,20.59,7,0.333,3.251.955,16.57
11.549,108.337,5,930,3.64,34,30.6,5.7,36.6,29.4,27.7,23.2,3.85,84.54,18.81,12,-3.06,-4.21,-4.3,-4.18,1.21,3.58,6.86,1.88,6.08,0.96,-1.99,-2.85,Rubber,Clay Loam,0.44,0.245,20.59,7,0.333,2.818.361,17.155
11.551,107.76,5,804,3.64,35.7,40.1,5.3,34.8,29.5,37.3,25.44,4.33,82.47,17.7,12,-3.98,-4.45,-4.47,-4.24,0.37,4.29,8.47,1.81,5.78,2.43,-2.37,-3.66,Rubber,Clay Loam,0.57,0.262,23.17,7,0.366,3.685.549,20.214
11.551,108.187,6,1167,3.64,34.4,41.7,5.4,31.3,34.3,45.4,23.2,3.85,84.54,18.81,12,-3.06,-4.21,-4.3,-4.18,1.21,3.58,6.86,1.88,6.08,0.96,-1.99,-2.85,Rubber,Clay Loam,0.44,0.282,20.59,7,0.333,3.468.752,15.614
11.574,108.074,6,972,3.64,34.8,28.9,5.5,33.3,31.9,35.5,23.2,3.85,84.54,18.81,12,-3.06,-4.21,-4.3,-4.18,1.21,3.58,6.86,1.88,6.08,0.96,-1.99,-2.85,Rubber,Clay Loam,0.44,0.263,20.59,7,0.333,3.251.955,16.882
11.594,108.29,6,930,3.64,33.6,23.8,5.6,35.8,30.6,29.9,23.2,3.85,84.54,18.81,12,-3.06,-4.21,-4.3,-4.18,1.21,3.58,6.86,1.88,6.08,0.96,-1.99,-2.85,Rubber,Clay Loam,0.44,0.25,20.59,7,0.333,3.035.158,17.155
11.605,107.718,5,664,12.88,36,3.9,5.3,33.5,30.4,39.7,25.43,130.08,81.9,18.1,4,-152.74,-154.63,-137.49,-110.69,31.22,138.37,202.96,143.62,113.65,109.21,-68.87,-114.61,Rubber,Clay Loam,0.588,0.269,739.03,7,0.275,3.199.349,21.114
11.607,108.353,5,885,3.64,36.5,23.7,5.8,34.9,28.6,25,23.2,3.85,84.54,18.81,12,-3.06,-4.21,-4.3,-4.18,1.21,3.58,6.86,1.88,6.08,0.96,-1.99,-2.85,Rubber,Clay Loam,0.44,0.245,20.59,7,0.333,2.601.564,17.447
11.614,107.557,6,529,3.64,30.5,42.9,5.1,36.8,32.7,49.5,25.44,4.33,82.47,17.7,12,-3.98,-4.45,-4.47,-4.24,0.37,4.29,8.47,1.81,5.78,2.43,-2.37,-3.66,Rubber,Clay Loam,0.57,0.275,23.17,7,0.366,4.119.143,22.002
11.616,107.817,5,860,3.64,34.5,36.1,5.4,35,30.5,32.4,23.2,3.85,84.54,17.7,12,-3.06,-4.21,-4.3,-4.18,1.21,3.58,6.86,1.88,6.08,0.96,-1.99,-2.85,Rubber,Clay Loam,0.44,0.255,20.59,7,0.333,3.468.752,17.61
11.63,107.728,5,696,5.37,35,3.46,5.4,34.1,30.9,37.8,25.43,130.08,81.9,18.1,4,-152.74,-154.63,-137.49,-110.69,31.22,138.37,202.96,143.62,113.65,109.21,-68.87,-114.61,Rubber,Clay Loam,0.588,0.264,739.03,7,0.275,3.011.152,20.906
11.634,107.615,5,233,17.47,36.5,3.59,5.3,28.9,34.6,38.8,25.43,130.08,81.9,18.1,4,-152.74,-154.63,-137.49,-110.69,31.22,138.37,202.96,143.62,113.65,109.21,-68.87,-114.61,Rubber,Clay Loam,0.588,0.278,739.03,7,0.275,3.199.349,23.916
11.659,107.675,6,668,3.64,33.5,39.4,5,34.1,32.3,45.4,25.44,4.33,82.47,17.7,12,-3.98,-4.45,-4.47,-4.24,0.37,4.29,8.47,1.81,5.78,2.43,-2.37,-3.66,Rubber,Clay Loam,0.57,0.275,23.17,7,0.366,4335.94,21.098
11.664,108.021,6,944,3.64,34.6,34.2,5.5,35.6,29.9,35.5,23.2,3.85,84.54,18.81,12,-3.06,-4.21,-4.3,-4.18,1.21,3.58,6.86,1.88,6.08,0.96,-1.99,-2.85,Rubber,Clay Loam,0.44,0.258,20.59,7,0.333,3.251.955,17.064
11.664,108.142,6,690,15.49,33.6,3.22,5.7,36.5,29.8,38.2,23.13,106.55,83.84,18.82,4,-132.23,-138.73,-126.4,-98.9,29.53,75.46,156.75,108.52,121.36,101.45,-24.68,-72.15,Rubber,Clay Loam,0.458,0.26,593.09,7,0.264,2.222.337,18.645
11.664,108.209,6,703,3.64,32.7,27.7,5.8,36.6,30.6,28.3,23.2,3.85,84.54,18.81,12,-3.06,-4.21,-4.3,-4.18,1.21,3.58,6.86,1.88,6.08,0.96,-1.99,-2.85,Rubber,Clay Loam,0.44,0.245,20.59,7,0.333,2.601.564,18.63
11.668,108.135,5,684,2.68,33.3,2.84,5.7,37.4,29.3,34.6,23.13,106.55,83.84,18.82,4,-132.23,-138.73,-126.4,-98.9,29.53,75.46,156.75,108.52,121.36,101.45,-24.68,-72.15,Rubber,Clay Loam,0.458,0.252,593.09,7,0.264,2.222.337,18.684
11.67,108.277,5,844,3.64,34.8,31.8,5.7,36.4,28.8,28.9,23.2,3.85,84.54,18.81,12,-3.06,-4.21,-4.3,-4.18,1.21,3.58,6.86,1.88,6.08,0.96,-1.99,-2.85,Rubber,Clay Loam,0.44,0.247,20.59,7,0.333,2.818.361,17.714
11.672,107.777,6,894,3.64,33.8,37.6,5.2,35.8,30.4,34.4,25.44,4.33,82.47,17.7,12,-3.98,-4.45,-4.47,-4.24,0.37,4.29,8.47,1.81,5.78,2.43,-2.37,-3.66,Rubber,Clay Loam,0.57,0.256,23.17,7,0.366,3.902.346,19.629
11.675,108.317,5,874,3.64,34.1,28.7,5.7,35.9,30,26.6,23.2,3.85,84.54,18.81,12,-3.06,-4.21,-4.3,-4.18,1.21,3.58,6.86,1.88,6.08,0.96,-1.99,-2.85,Rubber,Clay Loam,0.44,0.245,20.59,7,0.333,2.818.361,17.519
11.676,107.775,6,879,3.64,33.8,38.4,5.2,36.5,29.7,34.9,25.44,4.33,82.47,17.7,12,-3.98,-4.45,-4.47,-4.24,0.37,4.29,8.47,1.81,5.78,2.43,-2.37,-3.66,Rubber,Clay Loam,0.57,0.255,23.17,7,0.366,3.902.346,19.726
11.716,107.904,6,906,3.64,32.6,34.2,5.4,34.9,32.5,32.5,23.2,3.85,84.54,17.7,12,-3.06,-4.21,-4.3,-4.18,1.21,3.58,6.86,1.88,6.08,0.96,-1.99,-2.85,Rubber,Clay Loam,0.44,0.255,20.59,7,0.333,3.468.752,17.311
11.723,108.157,6,948,3.64,35.3,29.7,5.6,38.7,26,27.1,23.2,3.85,84.54,18.81,12,-3.06,-4.21,-4.3,-4.18,1.21,3.58,6.86,1.88,6.08,0.96,-1.99,-2.85,Rubber,Clay Loam,0.44,0.239,20.59,7,0.333,3.035.158,17.038
11.736,108.418,6,995,3.64,33,28.8,5.6,34.2,32.7,31.2,23.2,3.85,84.54,18.81,12,-3.06,-4.21,-4.3,-4.18,1.21,3.58,6.86,1.88,6.08,0.96,-1.99,-2.85,Rubber,Clay Loam,0.44,0.255,20.59,7,0.333,3.035.158,16.732
11.74,107.702,6,835,3.64,33.5,43.6,5.1,33.8,32.7,44.5,25.44,4.33,82.47,17.7,12,-3.98,-4.45,-4.47,-4.24,0.37,4.29,8.47,1.81,5.78,2.43,-2.37,-3.66,Rubber,Clay Loam,0.57,0.275,23.17,7,0.366,4.119.143,20.013
11.741,108.34,5,895,3.64,36.1,29.2,5.7,34.3,29.6,26.3,23.2,3.85,84.54,18.81,12,-3.06,-4.21,-4.3,-4.18,1.21,3.58,6.86,1.88,6.08,0.96,-1.99,-2.85,Rubber,Clay Loam,0.44,0.248,20.59,7,0.333,2.818.361,17.382
11.76,107.667,6,734,17.29,32.4,3.85,5.2,32.4,35.2,40.9,24.04,181.62,82.12,18.1,4,-188.5,-190,-176.72,-153.36,10.7,136.2,344.01,256.97,158.52,68.86,-111.48,-155.21,Rubber,Clay Loam,0.535,0.273,975.27,7,0.353,4160.07,19.269
11.763,108.232,5,879,3.64,32.7,31.3,5.6,35.1,32.2,28.3,22.01,4.8,86.45,18.81,12,-3.64,-4.95,-5.06,-4.94,2.06,2.54,10.12,2.23,7.25,0.26,-2.31,-3.54,Rubber,Clay Loam,0.358,0.249,24.44,7,0.414,3.035.158,16.297
11.773,108.079,5,935,3.64,36.3,31.7,5.4,35.1,28.6,33.2,22.01,4.8,86.45,18.81,12,-3.64,-4.95,-5.06,-4.94,2.06,2.54,10.12,2.23,7.25,0.26,-2.31,-3.54,Rubber,Clay Loam,0.358,0.256,24.44,7,0.414,3.468.752,15.933
11.776,107.78,5,932,3.64,35.5,32.7,5.2,33.5,30.9,40.2,24.09,6.14,82.81,17.7,12,-5.22,-5.74,-5.76,-5.53,1.01,4.33,14.19,3.44,7.41,0.73,-3.78,-5.08,Rubber,Clay Loam,0.516,0.269,31.11,7,0.456,3.902.346,18.032
11.784,108.017,5,740,3.64,34.2,42.7,5.2,32.3,33.4,46.1,22.01,4.8,86.45,18.81,12,-3.64,-4.95,-5.06,-4.94,2.06,2.54,10.12,2.23,7.25,0.26,-2.31,-3.54,Rubber,Clay Loam,0.358,0.28,24.44,7,0.414,3.902.346,17.2
11.786,107.622,6,682,9.37,32.8,3.35,5.2,35.1,32.1,42.4,24.04,181.62,82.12,18.1,4,-188.5,-190,-176.72,-153.36,10.7,136.2,344.01,256.97,158.52,68.86,-111.48,-155.21,Rubber,Clay Loam,0.535,0.269,975.27,7,0.353,4160.07,19.607
11.791,108.341,6,1004,3.64,33.3,36.2,5.3,36.1,30.6,36.7,22.01,4.8,86.45,18.81,12,-3.64,-4.95,-5.06,-4.94,2.06,2.54,10.12,2.23,7.25,0.26,-2.31,-3.54,Rubber,Clay Loam,0.358,0.258,24.44,7,0.414,3.685.549,15.484
11.794,108.014,5,1005,3.64,33.8,44.4,5.1,33,33.2,54.6,22.01,4.8,86.45,18.81,12,-3.64,-4.95,-5.06,-4.94,2.06,2.54,10.12,2.23,7.25,0.26,-2.31,-3.54,Rubber,Clay Loam,0.358,0.291,24.44,7,0.414,4.119.143,15.478
11.801,107.684,5,616,3.64,33.4,38.2,5.1,32.9,33.7,34.6,24.09,6.14,82.81,17.7,12,-5.22,-5.74,-5.76,-5.53,1.01,4.33,14.19,3.44,7.41,0.73,-3.78,-5.08,Rubber,Clay Loam,0.516,0.263,31.11,7,0.456,4.119.143,20.086
11.804,108.14,5,993,3.64,39,26.1,5.6,34.1,26.9,29.3,22.01,4.8,86.45,18.81,12,-3.64,-4.95,-5.06,-4.94,2.06,2.54,10.12,2.23,7.25,0.26,-2.31,-3.54,Rubber,Clay Loam,0.358,0.253,24.44,7,0.414,3.035.158,15.556
11.811,108.061,6,1045,3.64,35.3,34.2,5.3,33.5,31.2,40.4,22.01,4.8,86.45,18.81,12,-3.64,-4.95,-5.06,-4.94,2.06,2.54,10.12,2.23,7.25,0.26,-2.31,-3.54,Rubber,Clay Loam,0.358,0.27,24.44,7,0.414,3.685.549,15.218
11.819,108.097,5,1007,3.64,34.5,33.5,5.4,33.9,31.6,35.1,22.01,4.8,86.45,18.81,12,-3.64,-4.95,-5.06,-4.94,2.06,2.54,10.12,2.23,7.25,0.26,-2.31,-3.54,Rubber,Clay Loam,0.358,0.261,24.44,7,0.414,3.468.752,15.465
11.831,107.857,5,784,3.64,34.4,39.2,5.2,32.3,33.3,51.5,22.01,4.8,86.45,17.7,12,-3.64,-4.95,-5.06,-4.94,2.06,2.54,10.12,2.23,7.25,0.26,-2.31,-3.54,Rubber,Clay Loam,0.358,0.288,24.44,7,0.414,3.902.346,16.914
11.857,107.73,6,642,3.64,31,44.5,5.1,36.1,32.9,45.8,24.09,6.14,82.81,17.7,12,-5.22,-5.74,-5.76,-5.53,1.01,4.33,14.19,3.44,7.41,0.73,-3.78,-5.08,Rubber,Clay Loam,0.516,0.271,31.11,7,0.456,4.119.143,19.917
11.857,107.74,6,674,3.64,33.1,44.7,5.1,35.7,31.3,47.4,24.09,6.14,82.81,17.7,12,-5.22,-5.74,-5.76,-5.53,1.01,4.33,14.19,3.44,7.41,0.73,-3.78,-5.08,Rubber,Clay Loam,0.516,0.274,31.11,7,0.456,4.119.143,19.709
11.878,108.238,5,942,3.64,36.1,24.9,5.6,32.7,31.1,34.6,22.01,4.8,86.45,18.81,12,-3.64,-4.95,-5.06,-4.94,2.06,2.54,10.12,2.23,7.25,0.26,-2.31,-3.54,Rubber,Clay Loam,0.358,0.263,24.44,7,0.414,3.035.158,15.887
11.888,108.059,5,1038,3.64,32.3,33.8,5.2,31.9,35.9,41.1,22.01,4.8,86.45,18.81,12,-3.64,-4.95,-5.06,-4.94,2.06,2.54,10.12,2.23,7.25,0.26,-2.31,-3.54,Rubber,Clay Loam,0.358,0.274,24.44,7,0.414,3.902.346,15.263
11.914,107.89,5,786,3.64,32.3,38.2,5.2,32.7,35,37.5,22.01,4.8,86.45,17.7,12,-3.64,-4.95,-5.06,-4.94,2.06,2.54,10.12,2.23,7.25,0.26,-2.31,-3.54,Rubber,Clay Loam,0.358,0.267,24.44,7,0.414,3.902.346,16.901
11.927,108.11,5,978,3.64,34.4,29.4,5.5,33.6,32,29.1,22.01,4.8,86.45,18.81,12,-3.64,-4.95,-5.06,-4.94,2.06,2.54,10.12,2.23,7.25,0.26,-2.31,-3.54,Rubber,Clay Loam,0.358,0.253,24.44,7,0.414,3.251.955,15.653
11.932,107.683,5,530,10.74,32.4,3.22,5.5,33.2,34.3,32.8,24.04,181.62,82.12,18.1,4,-188.5,-190,-176.72,-153.36,10.7,136.2,344.01,256.97,158.52,68.86,-111.48,-155.21,Rubber,Clay Loam,0.535,0.26,975.27,7,0.353,3.466.725,20.595
11.932,107.811,6,599,18.31,32.9,3.37,5.3,32.5,34.6,31.4,24.04,181.62,82.12,18.1,4,-188.5,-190,-176.72,-153.36,10.7,136.2,344.01,256.97,158.52,68.86,-111.48,-155.21,Rubber,Clay Loam,0.535,0.259,975.27,7,0.353,3.928.955,20.146
11.933,107.661,6,592,3.64,36.8,35.9,5.4,31.8,31.4,35.7,24.09,6.14,82.81,17.7,12,-5.22,-5.74,-5.76,-5.53,1.01,4.33,14.19,3.44,7.41,0.73,-3.78,-5.08,Rubber,Clay Loam,0.516,0.267,31.11,7,0.456,3.468.752,20.242
11.939,107.661,5,498,3.64,34.9,32.7,5.2,31.8,33.3,39.1,24.09,6.14,82.81,17.7,12,-5.22,-5.74,-5.76,-5.53,1.01,4.33,14.19,3.44,7.41,0.73,-3.78,-5.08,Rubber,Clay Loam,0.516,0.272,31.11,7,0.456,3.902.346,20.853
11.939,108.048,5,833,3.64,33.5,34.1,5.2,31.6,35,37.4,22.01,4.8,86.45,18.81,12,-3.64,-4.95,-5.06,-4.94,2.06,2.54,10.12,2.23,7.25,0.26,-2.31,-3.54,Rubber,Clay Loam,0.358,0.27,24.44,7,0.414,3.902.346,16.596
11.943,108.086,5,1016,3.64,32.8,31.8,5.3,32.3,34.9,32.9,22.01,4.8,86.45,18.81,12,-3.64,-4.95,-5.06,-4.94,2.06,2.54,10.12,2.23,7.25,0.26,-2.31,-3.54,Rubber,Clay Loam,0.358,0.262,24.44,7,0.414,3.685.549,15.406
11.949,107.982,5,917,3.64,31,36.1,5.3,35.6,33.4,41.3,22.01,4.8,86.45,17.7,12,-3.64,-4.95,-5.06,-4.94,2.06,2.54,10.12,2.23,7.25,0.26,-2.31,-3.54,Rubber,Clay Loam,0.358,0.266,24.44,7,0.414,3.685.549,16.05
11.952,107.711,6,618,17.88,37.6,3.07,5.4,36.5,25.9,39.3,24.04,181.62,82.12,18.1,4,-188.5,-190,-176.72,-153.36,10.7,136.2,344.01,256.97,158.52,68.86,-111.48,-155.21,Rubber,Clay Loam,0.535,0.261,975.27,7,0.353,3697.84,20.023
11.962,107.81,5,666,4.75,32.4,3.82,5.4,32.9,34.7,42.2,24.04,181.62,82.12,18.1,4,-188.5,-190,-176.72,-153.36,10.7,136.2,344.01,256.97,158.52,68.86,-111.48,-155.21,Rubber,Clay Loam,0.535,0.273,975.27,7,0.353,3697.84,19.711
11.97,107.683,6,624,3.64,36.4,30.4,5.3,33.8,29.8,33.8,24.09,6.14,82.81,17.7,12,-5.22,-5.74,-5.76,-5.53,1.01,4.33,14.19,3.44,7.41,0.73,-3.78,-5.08,Rubber,Clay Loam,0.516,0.26,31.11,7,0.456,3.685.549,20.034
11.974,107.612,6,651,12.09,36.1,2.95,5.4,35.2,28.6,33.9,24.04,181.62,82.12,18.1,4,-188.5,-190,-176.72,-153.36,10.7,136.2,344.01,256.97,158.52,68.86,-111.48,-155.21,Rubber,Clay Loam,0.535,0.256,975.27,7,0.353,3697.84,19.808
11.977,107.742,5,632,1.88,35.2,2.92,5.4,34.2,30.6,29.3,24.04,181.62,82.12,18.1,4,-188.5,-190,-176.72,-153.36,10.7,136.2,344.01,256.97,158.52,68.86,-111.48,-155.21,Rubber,Clay Loam,0.535,0.252,975.27,7,0.353,3697.84,19.932
11.978,107.682,6,589,9.91,34.9,3,5.3,33.5,31.5,28.6,24.04,181.62,82.12,18.1,4,-188.5,-190,-176.72,-153.36,10.7,136.2,344.01,256.97,158.52,68.86,-111.48,-155.21,Rubber,Clay Loam,0.535,0.253,975.27,7,0.353,3.928.955,20.212
11.983,107.591,6,655,3.64,35.8,30.4,5.3,34.3,29.9,35.5,24.09,6.14,82.81,17.7,12,-5.22,-5.74,-5.76,-5.53,1.01,4.33,14.19,3.44,7.41,0.73,-3.78,-5.08,Rubber,Clay Loam,0.516,0.261,31.11,7,0.456,3.685.549,19.832
11.984,107.808,5,770,18.85,32,3.8,5.4,33.3,34.7,42,24.04,181.62,82.12,18.1,4,-188.5,-190,-176.72,-153.36,10.7,136.2,344.01,256.97,158.52,68.86,-111.48,-155.21,Rubber,Clay Loam,0.535,0.272,975.27,7,0.353,3697.84,19.035
11.988,108.29,6,1236,3.64,37.3,35.3,5.3,32.1,30.6,39.6,22.01,4.8,86.45,18.81,12,-3.64,-4.95,-5.06,-4.94,2.06,2.54,10.12,2.23,7.25,0.26,-2.31,-3.54,Rubber,Clay Loam,0.358,0.272,24.44,7,0.414,3.685.549,13.976
11.993,108.094,5,993,3.64,32,32,5.2,33.9,34.1,33.4,22.01,4.8,86.45,18.81,12,-3.64,-4.95,-5.06,-4.94,2.06,2.54,10.12,2.23,7.25,0.26,-2.31,-3.54,Rubber,Clay Loam,0.358,0.259,24.44,7,0.414,3.902.346,15.556
11.993,108.101,6,1027,3.64,32,39.9,5.2,32.9,35.1,37.4,22.01,4.8,86.45,18.81,12,-3.64,-4.95,-5.06,-4.94,2.06,2.54,10.12,2.23,7.25,0.26,-2.31,-3.54,Rubber,Clay Loam,0.358,0.267,24.44,7,0.414,3.902.346,15.335
11.995,107.644,6,617,11.67,35.2,2.85,5.5,33.5,31.2,28.2,24.04,181.62,82.12,18.1,4,-188.5,-190,-176.72,-153.36,10.7,136.2,344.01,256.97,158.52,68.86,-111.48,-155.21,Rubber,Clay Loam,0.535,0.252,975.27,7,0.353,3.466.725,20.03
12.002,108.152,5,760,3.64,31.3,43,5.3,33.7,35,47.3,22.01,4.8,86.45,16.64,12,-3.64,-4.95,-5.06,-4.94,2.06,2.54,10.12,2.23,7.25,0.26,-2.31,-3.54,Rubber,Clay Loam,0.358,0.279,24.44,7,0.414,3.685.549,17.07
12.005,108.193,5,1066,3.64,35.1,37.5,5.2,32.8,32.1,45.9,22.01,4.8,86.45,16.64,12,-3.64,-4.95,-5.06,-4.94,2.06,2.54,10.12,2.23,7.25,0.26,-2.31,-3.54,Rubber,Clay Loam,0.358,0.279,24.44,7,0.414,3.902.346,15.081
12.011,107.657,5,646,9.85,34.8,2.64,5.4,33.6,31.5,30,24.04,181.62,82.12,17.87,4,-188.5,-190,-176.72,-153.36,10.7,136.2,344.01,256.97,158.52,68.86,-111.48,-155.21,Rubber,Clay Loam,0.535,0.255,975.27,7,0.353,3697.84,19.841
12.025,108.427,5,1568,3.64,37.6,36.4,5.5,34.8,27.6,42.7,22.01,4.8,86.45,16.64,12,-3.64,-4.95,-5.06,-4.94,2.06,2.54,10.12,2.23,7.25,0.26,-2.31,-3.54,Rubber,Clay Loam,0.358,0.27,24.44,7,0.414,3.251.955,11.818
12.027,108.251,5,1876,3.64,35.8,43.2,5.2,28.3,36,71.1,22.01,4.8,86.45,16.64,12,-3.64,-4.95,-5.06,-4.94,2.06,2.54,10.12,2.23,7.25,0.26,-2.31,-3.54,Rubber,Clay Loam,0.358,0.324,24.44,7,0.414,3.902.346,9.816
12.032,107.698,5,696,10.43,36,2.63,5.4,34.3,29.7,34.9,24.04,181.62,82.12,17.87,4,-188.5,-190,-176.72,-153.36,10.7,136.2,344.01,256.97,158.52,68.86,-111.48,-155.21,Rubber,Clay Loam,0.535,0.26,975.27,7,0.353,3697.84,19.516
12.039,107.723,5,716,3.64,34.3,23.1,5.5,35.5,30.2,31.6,24.09,6.14,82.81,17.53,12,-5.22,-5.74,-5.76,-5.53,1.01,4.33,14.19,3.44,7.41,0.73,-3.78,-5.08,Rubber,Clay Loam,0.516,0.253,31.11,7,0.456,3.251.955,19.436
12.041,108.137,6,556,3.64,31.7,31.5,5.4,36.1,32.1,32,22.01,4.8,86.45,16.64,12,-3.64,-4.95,-5.06,-4.94,2.06,2.54,10.12,2.23,7.25,0.26,-2.31,-3.54,Rubber,Clay Loam,0.358,0.252,24.44,7,0.414,3.468.752,18.396
12.054,108.328,5,1514,3.64,33.8,37.7,5.3,32.1,34.1,48.8,22.01,4.8,86.45,16.64,12,-3.64,-4.95,-5.06,-4.94,2.06,2.54,10.12,2.23,7.25,0.26,-2.31,-3.54,Rubber,Clay Loam,0.358,0.284,24.44,7,0.414,3.685.549,12.169
12.06,107.568,6,713,3.64,35.6,28,5.4,34.9,29.4,32.9,24.09,6.14,82.81,17.53,12,-5.22,-5.74,-5.76,-5.53,1.01,4.33,14.19,3.44,7.41,0.73,-3.78,-5.08,Rubber,Clay Loam,0.516,0.256,31.11,7,0.456,3.468.752,19.456
12.063,107.976,5,559,3.64,32.1,30.1,5.4,33.7,34.1,34.4,22.01,4.8,86.45,17.53,12,-3.64,-4.95,-5.06,-4.94,2.06,2.54,10.12,2.23,7.25,0.26,-2.31,-3.54,Rubber,Clay Loam,0.358,0.261,24.44,7,0.414,3.468.752,18.376
12.067,107.698,6,655,3.64,33.7,29.6,5.5,32,34.3,33.5,24.09,6.14,82.81,17.53,12,-5.22,-5.74,-5.76,-5.53,1.01,4.33,14.19,3.44,7.41,0.73,-3.78,-5.08,Rubber,Clay Loam,0.516,0.263,31.11,7,0.456,3.251.955,19.832
12.069,107.678,6,719,7.68,36.2,3.16,5.4,33.5,30.3,37.4,24.04,181.62,82.12,17.87,4,-188.5,-190,-176.72,-153.36,10.7,136.2,344.01,256.97,158.52,68.86,-111.48,-155.21,Rubber,Clay Loam,0.535,0.265,975.27,7,0.353,3697.84,19.366
12.072,107.729,5,707,9.01,37.3,3.25,5.3,31,31.6,30.9,24.04,181.62,82.12,17.87,4,-188.5,-190,-176.72,-153.36,10.7,136.2,344.01,256.97,158.52,68.86,-111.48,-155.21,Rubber,Clay Loam,0.535,0.262,975.27,7,0.353,3.928.955,19.444
12.079,107.677,5,702,3.64,33.2,28,5.4,36.6,30.2,31.4,24.09,6.14,82.81,17.53,12,-5.22,-5.74,-5.76,-5.53,1.01,4.33,14.19,3.44,7.41,0.73,-3.78,-5.08,Rubber,Clay Loam,0.516,0.25,31.11,7,0.456,3.468.752,19.527
12.089,108.007,6,734,3.64,33.9,37.6,5.3,33.9,32.1,41.1,22.01,4.8,86.45,16.64,12,-3.64,-4.95,-5.06,-4.94,2.06,2.54,10.12,2.23,7.25,0.26,-2.31,-3.54,Rubber,Clay Loam,0.358,0.27,24.44,7,0.414,3.685.549,17.239
12.09,108.078,5,602,3.64,30.2,34.4,5.4,33.8,36,42.7,22.01,4.8,86.45,16.64,12,-3.64,-4.95,-5.06,-4.94,2.06,2.54,10.12,2.23,7.25,0.26,-2.31,-3.54,Rubber,Clay Loam,0.358,0.272,24.44,7,0.414,3.468.752,18.097
12.095,107.83,5,833,3.64,29.7,37.2,5.1,32.2,38.2,40.9,22.01,4.8,86.45,17.53,12,-3.64,-4.95,-5.06,-4.94,2.06,2.54,10.12,2.23,7.25,0.26,-2.31,-3.54,Rubber,Clay Loam,0.358,0.273,24.44,7,0.414,4.119.143,16.596
12.114,107.67,5,794,3.64,33.9,29.7,5.5,36.2,30,35.1,24.09,6.14,82.81,17.53,12,-5.22,-5.74,-5.76,-5.53,1.01,4.33,14.19,3.44,7.41,0.73,-3.78,-5.08,Rubber,Clay Loam,0.516,0.256,31.11,7,0.456,3.251.955,18.929
12.131,107.715,6,799,3.64,36.8,34,5.3,32.8,30.4,33.4,24.09,6.14,82.81,17.53,12,-5.22,-5.74,-5.76,-5.53,1.01,4.33,14.19,3.44,7.41,0.73,-3.78,-5.08,Rubber,Clay Loam,0.516,0.261,31.11,7,0.456,3.685.549,18.896
12.131,108.414,5,1744,3.64,33.7,49,5.2,32,34.3,64.7,22.01,4.8,86.45,16.64,12,-3.64,-4.95,-5.06,-4.94,2.06,2.54,10.12,2.23,7.25,0.26,-2.31,-3.54,Rubber,Clay Loam,0.358,0.307,24.44,7,0.414,3.902.346,10.674
12.133,108.148,6,128,3.64,32.5,35.6,5.5,33.1,34.4,44.1,22.01,4.8,86.45,16.64,12,-3.64,-4.95,-5.06,-4.94,2.06,2.54,10.12,2.23,7.25,0.26,-2.31,-3.54,Rubber,Clay Loam,0.358,0.276,24.44,7,0.414,3.251.955,21.178
12.138,107.651,5,806,3.64,34,25.3,5.4,33,32.9,28.5,24.09,6.14,82.81,17.53,12,-5.22,-5.74,-5.76,-5.53,1.01,4.33,14.19,3.44,7.41,0.73,-3.78,-5.08,Rubber,Clay Loam,0.516,0.254,31.11,7,0.456,3.468.752,18.851
12.144,107.967,5,773,3.64,33.5,33.7,5.2,31.1,35.4,37,22.01,4.8,86.45,17.53,12,-3.64,-4.95,-5.06,-4.94,2.06,2.54,10.12,2.23,7.25,0.26,-2.31,-3.54,Rubber,Clay Loam,0.358,0.27,24.44,7,0.414,3.902.346,16.986
12.145,108.054,5,530,3.64,34.6,29.1,5.6,31.6,33.9,36.1,22.01,4.8,86.45,16.64,12,-3.64,-4.95,-5.06,-4.94,2.06,2.54,10.12,2.23,7.25,0.26,-2.31,-3.54,Rubber,Clay Loam,0.358,0.268,24.44,7,0.414,3.035.158,18.565
12.146,107.664,6,744,6.37,34.5,2.74,5.5,34.9,30.7,33.2,24.04,181.62,82.12,17.87,4,-188.5,-190,-176.72,-153.36,10.7,136.2,344.01,256.97,158.52,68.86,-111.48,-155.21,Rubber,Clay Loam,0.535,0.256,975.27,7,0.353,3.466.725,19.204
12.15,107.657,5,730,3.64,33.1,25,5.4,35.4,31.6,27.5,24.09,6.14,82.81,17.53,12,-5.22,-5.74,-5.76,-5.53,1.01,4.33,14.19,3.44,7.41,0.73,-3.78,-5.08,Rubber,Clay Loam,0.516,0.247,31.11,7,0.456,3.468.752,19.345
12.153,107.702,6,741,3.64,34,30.4,5.4,33.4,32.6,30.6,24.09,6.14,82.81,17.53,12,-5.22,-5.74,-5.76,-5.53,1.01,4.33,14.19,3.44,7.41,0.73,-3.78,-5.08,Rubber,Clay Loam,0.516,0.256,31.11,7,0.456,3.468.752,19.274
12.158,108.143,5,577,3.64,35.6,30.6,5.5,34.1,30.3,31.9,22.01,4.8,86.45,16.64,12,-3.64,-4.95,-5.06,-4.94,2.06,2.54,10.12,2.23,7.25,0.26,-2.31,-3.54,Rubber,Clay Loam,0.358,0.256,24.44,7,0.414,3.251.955,18.26
12.162,108.046,6,592,3.64,32.7,30.9,5.7,32.5,34.9,33.2,22.01,4.8,86.45,16.64,12,-3.64,-4.95,-5.06,-4.94,2.06,2.54,10.12,2.23,7.25,0.26,-2.31,-3.54,Rubber,Clay Loam,0.358,0.262,24.44,7,0.414,2.818.361,18.162
12.163,107.715,5,789,3.64,30.6,28.5,5.5,33.6,35.8,30.5,24.09,6.14,82.81,17.53,12,-5.22,-5.74,-5.76,-5.53,1.01,4.33,14.19,3.44,7.41,0.73,-3.78,-5.08,Rubber,Clay Loam,0.516,0.255,31.11,7,0.456,3.251.955,18.962
12.165,108.412,6,1549,3.64,37.6,37.6,5.2,33.4,29,42.7,22.01,4.8,86.45,16.64,12,-3.64,-4.95,-5.06,-4.94,2.06,2.54,10.12,2.23,7.25,0.26,-2.31,-3.54,Rubber,Clay Loam,0.358,0.273,24.44,7,0.414,3.902.346,11.942
12.169,107.927,6,787,3.64,36.2,29,5.6,31.9,32,31.5,22.01,4.8,86.45,17.53,12,-3.64,-4.95,-5.06,-4.94,2.06,2.54,10.12,2.23,7.25,0.26,-2.31,-3.54,Rubber,Clay Loam,0.358,0.261,24.44,7,0.414,3.035.158,16.894
12.175,108.466,5,1641,3.64,37.2,51.9,5.3,30.7,32.1,67.6,23.08,3.4,87.81,16.64,12,-1.41,-4.39,-4.86,-4.79,1.72,1.3,4.06,0.14,6.53,2.15,0.83,-1.27,Rubber,Clay Loam,0.344,0.314,16.72,9,0.39,3.685.549,12.414
12.178,108.277,6,639,3.64,33.3,38.3,5.6,35.4,31.3,47.2,22.01,4.8,86.45,16.64,12,-3.64,-4.95,-5.06,-4.94,2.06,2.54,10.12,2.23,7.25,0.26,-2.31,-3.54,Rubber,Clay Loam,0.358,0.275,24.44,7,0.414,3.035.158,17.856
12.182,108.087,6,579,3.64,34.8,32.5,5.6,33.1,32.1,35.6,22.01,4.8,86.45,16.64,12,-3.64,-4.95,-5.06,-4.94,2.06,2.54,10.12,2.23,7.25,0.26,-2.31,-3.54,Rubber,Clay Loam,0.358,0.264,24.44,7,0.414,3.035.158,18.246
12.193,107.912,5,793,3.64,31.2,25.3,5.5,33.7,35.2,24.5,22.01,4.8,86.45,17.53,12,-3.64,-4.95,-5.06,-4.94,2.06,2.54,10.12,2.23,7.25,0.26,-2.31,-3.54,Rubber,Clay Loam,0.358,0.247,24.44,7,0.414,3.251.955,16.856
12.198,107.924,5,764,3.64,31.8,21.7,5.7,33.1,35.1,26.5,22.01,4.8,86.45,17.53,12,-3.64,-4.95,-5.06,-4.94,2.06,2.54,10.12,2.23,7.25,0.26,-2.31,-3.54,Rubber,Clay Loam,0.358,0.251,24.44,7,0.414,2.818.361,17.044
12.207,107.686,6,908,3.64,30.6,31,5.2,35,34.5,32.8,24.09,6.14,82.81,17.53,12,-5.22,-5.74,-5.76,-5.53,1.01,4.33,14.19,3.44,7.41,0.73,-3.78,-5.08,Rubber,Clay Loam,0.516,0.255,31.11,7,0.456,3.902.346,18.188
12.215,108.34,6,766,3.64,32.9,38.8,5.4,32.4,34.7,48.5,22.01,4.8,86.45,16.64,12,-3.64,-4.95,-5.06,-4.94,2.06,2.54,10.12,2.23,7.25,0.26,-2.31,-3.54,Rubber,Clay Loam,0.358,0.283,24.44,7,0.414,3.468.752,17.031
12.223,108.348,6,934,3.64,34.1,39.7,5.4,33.3,32.6,51.6,22.01,4.8,86.45,16.64,12,-3.64,-4.95,-5.06,-4.94,2.06,2.54,10.12,2.23,7.25,0.26,-2.31,-3.54,Rubber,Clay Loam,0.358,0.286,24.44,7,0.414,3.468.752,15.939
12.224,108.091,6,485,3.64,33.9,26.1,5.9,33.1,33,27,22.01,4.8,86.45,16.64,12,-3.64,-4.95,-5.06,-4.94,2.06,2.54,10.12,2.23,7.25,0.26,-2.31,-3.54,Rubber,Clay Loam,0.358,0.252,24.44,7,0.414,2.384.767,18.858
12.227,107.82,5,817,3.64,30.6,26.3,5.2,32.8,36.6,40.7,22.01,4.8,86.45,17.53,12,-3.64,-4.95,-5.06,-4.94,2.06,2.54,10.12,2.23,7.25,0.26,-2.31,-3.54,Rubber,Clay Loam,0.358,0.272,24.44,7,0.414,3.902.346,16.7
12.231,108.088,5,485,3.64,35.7,24.5,5.8,33.7,30.5,26.1,22.01,4.8,86.45,16.64,12,-3.64,-4.95,-5.06,-4.94,2.06,2.54,10.12,2.23,7.25,0.26,-2.31,-3.54,Rubber,Clay Loam,0.358,0.249,24.44,7,0.414,2.601.564,18.858
12.252,107.981,5,606,6.68,35.5,2.58,5.6,29.3,35.2,27.3,23.35,141.43,84.51,17.87,4,-162.08,-169.35,-158.73,-138.82,7,56.24,226.23,162.74,189.26,115.44,-29.2,-98.71,Rubber,Clay Loam,0.444,0.261,756.89,7,0.299,2.956.198,19.411
12.254,108.044,5,485,0,36,2.95,5.6,32,32,29.1,23.35,141.43,84.51,17.08,4,-162.08,-169.35,-158.73,-138.82,7,56.24,226.23,162.74,189.26,115.44,-29.2,-98.71,Rubber,Clay Loam,0.444,0.257,756.89,7,0.299,2.956.198,20.198
12.256,107.874,5,742,18.81,33.2,3.82,5.2,34.5,32.3,41.6,23.35,141.43,84.51,17.87,4,-162.08,-169.35,-158.73,-138.82,7,56.24,226.23,162.74,189.26,115.44,-29.2,-98.71,Rubber,Clay Loam,0.444,0.269,756.89,7,0.299,3.800.826,18.527
12.257,108.084,5,485,2.11,35,2.5,5.8,34,31.1,23.3,23.35,141.43,84.51,17.08,4,-162.08,-169.35,-158.73,-138.82,7,56.24,226.23,162.74,189.26,115.44,-29.2,-98.71,Rubber,Clay Loam,0.444,0.244,756.89,7,0.299,2.533.884,20.198
12.262,107.965,6,721,17.16,34.4,2.87,5.6,32.5,33.1,33.8,23.35,141.43,84.51,17.87,4,-162.08,-169.35,-158.73,-138.82,7,56.24,226.23,162.74,189.26,115.44,-29.2,-98.71,Rubber,Clay Loam,0.444,0.263,756.89,7,0.299,2.956.198,18.664
12.275,108.05,5,485,0,34,3.12,5.8,32,33.9,28.8,23.35,141.43,84.51,17.08,4,-162.08,-169.35,-158.73,-138.82,7,56.24,226.23,162.74,189.26,115.44,-29.2,-98.71,Rubber,Clay Loam,0.444,0.257,756.89,7,0.299,2.533.884,20.198
12.277,107.871,6,549,14.93,34.2,3.25,5.3,31.1,34.7,35.3,23.35,141.43,84.51,17.87,4,-162.08,-169.35,-158.73,-138.82,7,56.24,226.23,162.74,189.26,115.44,-29.2,-98.71,Rubber,Clay Loam,0.444,0.268,756.89,7,0.299,3.589.669,19.782
12.277,107.9,5,519,3.64,35.5,30.5,5.4,35.2,29.3,37.1,23.41,5.24,85.72,17.53,12,-3.95,-5.3,-5.47,-5.3,2.67,1.83,10.91,2.04,8.44,0.71,-2.42,-4.14,Rubber,Clay Loam,0.411,0.261,26.58,7,0.41,3.468.752,20.036
12.282,107.639,5,811,3.64,31.6,25.7,5.4,35.5,32.9,31.7,23.78,8.07,84.94,17.53,12,-6.53,-7.12,-7.14,-6.8,1.78,5.04,19.69,5.03,8.76,-0.75,-5.38,-6.63,Rubber,Clay Loam,0.443,0.253,40.35,7,0.489,3.468.752,18.508
12.283,107.831,5,660,3.64,28.2,29.9,5.3,35.6,36.2,39,23.41,5.24,85.72,17.53,12,-3.95,-5.3,-5.47,-5.3,2.67,1.83,10.91,2.04,8.44,0.71,-2.42,-4.14,Rubber,Clay Loam,0.411,0.263,26.58,7,0.41,3.685.549,19.12
12.283,108.145,5,578,3.64,34.2,28,5.6,32.2,33.6,35.1,23.41,5.24,85.72,16.64,12,-3.95,-5.3,-5.47,-5.3,2.67,1.83,10.91,2.04,8.44,0.71,-2.42,-4.14,Rubber,Clay Loam,0.411,0.265,26.58,7,0.41,3.035.158,19.653
12.29,107.889,5,560,8.9,31.4,2.96,5.4,32.3,36.2,36,23.35,141.43,84.51,17.87,4,-162.08,-169.35,-158.73,-138.82,7,56.24,226.23,162.74,189.26,115.44,-29.2,-98.71,Rubber,Clay Loam,0.444,0.266,756.89,7,0.299,3.378.512,19.71
12.293,107.653,5,861,3.64,33,24.2,5.4,35.6,31.4,30.7,23.78,8.07,84.94,17.53,12,-6.53,-7.12,-7.14,-6.8,1.78,5.04,19.69,5.03,8.76,-0.75,-5.38,-6.63,Rubber,Clay Loam,0.443,0.251,40.35,7,0.489,3.468.752,18.184
12.293,107.801,6,781,3.64,31.9,32.1,5.4,33.5,34.6,37.9,23.78,8.07,84.94,17.53,12,-6.53,-7.12,-7.14,-6.8,1.78,5.04,19.69,5.03,8.76,-0.75,-5.38,-6.63,Rubber,Clay Loam,0.443,0.266,40.35,7,0.489,3.468.752,18.704
12.294,107.602,6,891,3.64,29.7,25.9,5.6,36.2,34.1,32.5,23.78,8.07,84.94,17.53,12,-6.53,-7.12,-7.14,-6.8,1.78,5.04,19.69,5.03,8.76,-0.75,-5.38,-6.63,Rubber,Clay Loam,0.443,0.252,40.35,7,0.489,3.035.158,17.989
12.296,107.882,5,572,3.64,33.5,31.7,5.4,32.8,33.7,32.4,23.41,5.24,85.72,17.53,12,-3.95,-5.3,-5.47,-5.3,2.67,1.83,10.91,2.04,8.44,0.71,-2.42,-4.14,Rubber,Clay Loam,0.411,0.26,26.58,7,0.41,3.468.752,19.692
12.308,107.96,5,429,0.53,32.3,2.73,5.7,33.3,34.4,30.5,23.35,141.43,84.51,17.87,4,-162.08,-169.35,-158.73,-138.82,7,56.24,226.23,162.74,189.26,115.44,-29.2,-98.71,Rubber,Clay Loam,0.444,0.256,756.89,7,0.299,2.745.041,20.562
12.309,108.437,5,832,3.64,34.7,38,5.4,35.1,30.2,44.3,23.41,5.24,85.72,16.64,12,-3.95,-5.3,-5.47,-5.3,2.67,1.83,10.91,2.04,8.44,0.71,-2.42,-4.14,Rubber,Clay Loam,0.411,0.271,26.58,7,0.41,3.468.752,18.002
12.311,108.387,6,1055,3.64,36.1,33.4,5.3,32.7,31.1,40.3,23.41,5.24,85.72,16.64,12,-3.95,-5.3,-5.47,-5.3,2.67,1.83,10.91,2.04,8.44,0.71,-2.42,-4.14,Rubber,Clay Loam,0.411,0.271,26.58,7,0.41,3.685.549,16.553
12.315,107.699,5,694,14.07,31.9,3.02,5.4,30.8,37.3,31.8,23.73,231.98,84.06,17.87,4,-223.28,-224.48,-213.24,-190.37,2.58,142.09,478.49,339.12,196.45,35.26,-147.65,-194.95,Rubber,Clay Loam,0.468,0.264,1193.97,7,0.401,4.375.152,19.219
12.316,107.824,5,526,3.02,33.8,1.91,5.6,31.2,35,33.3,23.35,141.43,84.51,17.87,4,-162.08,-169.35,-158.73,-138.82,7,56.24,226.23,162.74,189.26,115.44,-29.2,-98.71,Rubber,Clay Loam,0.444,0.265,756.89,7,0.299,2.956.198,19.931
12.318,107.981,6,478,14.68,32.9,2.97,5.5,31.1,36,35.5,23.35,141.43,84.51,17.87,4,-162.08,-169.35,-158.73,-138.82,7,56.24,226.23,162.74,189.26,115.44,-29.2,-98.71,Rubber,Clay Loam,0.444,0.268,756.89,7,0.299,3.167.355,20.243
12.32,107.777,6,649,3.64,35.1,31.9,5.3,33.9,31,41.5,23.78,8.07,84.94,17.53,12,-6.53,-7.12,-7.14,-6.8,1.78,5.04,19.69,5.03,8.76,-0.75,-5.38,-6.63,Rubber,Clay Loam,0.443,0.27,40.35,7,0.489,3.685.549,19.562
12.324,108.155,5,680,17.95,36.7,2.98,5.5,31.3,32,38.1,23.35,141.43,84.51,17.08,4,-162.08,-169.35,-158.73,-138.82,7,56.24,226.23,162.74,189.26,115.44,-29.2,-98.71,Rubber,Clay Loam,0.444,0.271,756.89,7,0.299,3.167.355,18.93
12.325,108.081,6,539,3.64,31.3,34.4,5.6,32.5,36.2,45.5,23.41,5.24,85.72,16.64,12,-3.95,-5.3,-5.47,-5.3,2.67,1.83,10.91,2.04,8.44,0.71,-2.42,-4.14,Rubber,Clay Loam,0.411,0.279,26.58,7,0.41,3.035.158,19.906
12.326,107.626,5,854,3.64,31.9,23.3,5.6,35,33.1,26.4,23.78,8.07,84.94,17.53,12,-6.53,-7.12,-7.14,-6.8,1.78,5.04,19.69,5.03,8.76,-0.75,-5.38,-6.63,Rubber,Clay Loam,0.443,0.246,40.35,7,0.489,3.035.158,18.229
12.332,107.67,6,825,3.64,34.1,29.2,5.5,35.2,30.8,36.6,23.78,8.07,84.94,17.53,12,-6.53,-7.12,-7.14,-6.8,1.78,5.04,19.69,5.03,8.76,-0.75,-5.38,-6.63,Rubber,Clay Loam,0.443,0.26,40.35,7,0.489,3.251.955,18.418
12.338,108.105,6,532,0.53,32.3,3.32,5.5,32,35.7,41.2,23.35,141.43,84.51,17.08,4,-162.08,-169.35,-158.73,-138.82,7,56.24,226.23,162.74,189.26,115.44,-29.2,-98.71,Rubber,Clay Loam,0.444,0.274,756.89,7,0.299,3.167.355,19.892
12.339,107.502,6,859,3.64,33.8,29.1,5.3,36.7,29.5,47.8,23.78,8.07,84.94,17.53,12,-6.53,-7.12,-7.14,-6.8,1.78,5.04,19.69,5.03,8.76,-0.75,-5.38,-6.63,Rubber,Clay Loam,0.443,0.273,40.35,7,0.489,3.685.549,18.196
12.346,108.034,6,547,5.54,30.3,2.81,5.5,32.4,37.3,37.3,23.35,141.43,84.51,17.08,4,-162.08,-169.35,-158.73,-138.82,7,56.24,226.23,162.74,189.26,115.44,-29.2,-98.71,Rubber,Clay Loam,0.444,0.268,756.89,7,0.299,3.167.355,19.795
12.348,107.659,6,795,3.64,33.6,24.7,5.4,35.7,30.7,31.3,23.78,8.07,84.94,17.53,12,-6.53,-7.12,-7.14,-6.8,1.78,5.04,19.69,5.03,8.76,-0.75,-5.38,-6.63,Rubber,Clay Loam,0.443,0.252,40.35,7,0.489,3.468.752,18.612
12.352,108.23,6,553,18.19,35.4,3.26,5.8,31.7,32.9,30.6,23.35,141.43,84.51,17.08,4,-162.08,-169.35,-158.73,-138.82,7,56.24,226.23,162.74,189.26,115.44,-29.2,-98.71,Rubber,Clay Loam,0.444,0.26,756.89,7,0.299,2.533.884,19.756
12.354,108.177,5,442,0.53,35.2,2.91,5.8,32.4,32.4,33.9,23.35,141.43,84.51,17.08,4,-162.08,-169.35,-158.73,-138.82,7,56.24,226.23,162.74,189.26,115.44,-29.2,-98.71,Rubber,Clay Loam,0.444,0.263,756.89,7,0.299,2.533.884,20.477
12.355,107.62,6,811,3.64,32.7,24.8,5.4,34.7,32.6,37.1,23.78,8.07,84.94,17.53,12,-6.53,-7.12,-7.14,-6.8,1.78,5.04,19.69,5.03,8.76,-0.75,-5.38,-6.63,Rubber,Clay Loam,0.443,0.262,40.35,7,0.489,3.468.752,18.508
12.358,108.028,5,609,9.32,30.9,2.84,5.4,30.1,39,41.9,23.35,141.43,84.51,17.08,4,-162.08,-169.35,-158.73,-138.82,7,56.24,226.23,162.74,189.26,115.44,-29.2,-98.71,Rubber,Clay Loam,0.444,0.279,756.89,7,0.299,3.378.512,19.392
12.359,107.846,6,512,8.05,33.9,3.27,5.6,30.3,35.8,36.7,23.35,141.43,84.51,17.87,4,-162.08,-169.35,-158.73,-138.82,7,56.24,226.23,162.74,189.26,115.44,-29.2,-98.71,Rubber,Clay Loam,0.444,0.272,756.89,7,0.299,2.956.198,20.022
12.363,107.645,5,811,3.64,31.7,24.8,5.4,34.5,33.8,38.5,23.78,8.07,84.94,17.53,12,-6.53,-7.12,-7.14,-6.8,1.78,5.04,19.69,5.03,8.76,-0.75,-5.38,-6.63,Rubber,Clay Loam,0.443,0.265,40.35,7,0.489,3.468.752,18.508
12.363,107.842,5,519,5.59,32.7,2.32,5.6,32,35.3,30.6,23.35,141.43,84.51,17.87,4,-162.08,-169.35,-158.73,-138.82,7,56.24,226.23,162.74,189.26,115.44,-29.2,-98.71,Rubber,Clay Loam,0.444,0.259,756.89,7,0.299,2.956.198,19.976
12.372,108.416,5,1963,3.64,35.1,45.9,5.1,31,33.8,70.6,23.41,5.24,85.72,16.64,12,-3.95,-5.3,-5.47,-5.3,2.67,1.83,10.91,2.04,8.44,0.71,-2.42,-4.14,Rubber,Clay Loam,0.411,0.318,26.58,7,0.41,4.119.143,10.651
12.373,107.876,5,467,16.58,33,2.37,5.9,34.6,32.4,29.2,23.35,141.43,84.51,17.87,4,-162.08,-169.35,-158.73,-138.82,7,56.24,226.23,162.74,189.26,115.44,-29.2,-98.71,Rubber,Clay Loam,0.444,0.251,756.89,7,0.299,2.322.727,20.315
12.376,107.61,5,757,6.36,31.6,2.68,5.4,37.9,30.6,46.7,23.73,231.98,84.06,17.87,4,-223.28,-224.48,-213.24,-190.37,2.58,142.09,478.49,339.12,196.45,35.26,-147.65,-194.95,Rubber,Clay Loam,0.468,0.268,1193.97,7,0.401,4.375.152,18.81
12.377,108.077,5,439,13.38,35.4,2.68,5.6,32.7,31.9,34,23.35,141.43,84.51,17.08,4,-162.08,-169.35,-158.73,-138.82,7,56.24,226.23,162.74,189.26,115.44,-29.2,-98.71,Rubber,Clay Loam,0.444,0.262,756.89,7,0.299,2.956.198,20.496
12.378,108.437,6,1395,3.64,37.1,35.3,5.2,33,29.9,54.2,23.41,5.24,85.72,16.64,12,-3.95,-5.3,-5.47,-5.3,2.67,1.83,10.91,2.04,8.44,0.71,-2.42,-4.14,Rubber,Clay Loam,0.411,0.29,26.58,7,0.41,3.902.346,14.343
12.397,107.95,6,671,3.64,35.4,26.2,5.4,28.8,35.9,46.5,23.41,5.24,85.72,17.53,12,-3.95,-5.3,-5.47,-5.3,2.67,1.83,10.91,2.04,8.44,0.71,-2.42,-4.14,Rubber,Clay Loam,0.411,0.289,26.58,7,0.41,3.468.752,19.048
12.399,107.867,5,520,2.34,34,2.53,5.7,35.5,30.5,28.3,23.35,141.43,84.51,17.87,4,-162.08,-169.35,-158.73,-138.82,7,56.24,226.23,162.74,189.26,115.44,-29.2,-98.71,Rubber,Clay Loam,0.444,0.248,756.89,7,0.299,2.745.041,19.97
12.413,107.566,6,692,3.64,30.5,24.7,5.5,36.2,33.4,56.6,23.78,8.07,84.94,17.53,12,-6.53,-7.12,-7.14,-6.8,1.78,5.04,19.69,5.03,8.76,-0.75,-5.38,-6.63,Rubber,Clay Loam,0.443,0.286,40.35,7,0.489,3.251.955,19.282
12.415,108.478,5,1442,3.64,36.9,47,5.3,32.3,30.8,52.6,23.46,3.64,87.08,16.64,12,-1.76,-4.32,-5.02,-4.88,1.67,-0.01,3.68,-0.7,7.04,3.99,1.88,-1.6,Rubber,Clay Loam,0.373,0.289,18.29,9,0.386,3.685.549,14.087
12.417,107.903,5,419,0.51,33.4,2.01,5.7,32.8,33.8,47.7,23.35,141.43,84.51,17.87,4,-162.08,-169.35,-158.73,-138.82,7,56.24,226.23,162.74,189.26,115.44,-29.2,-98.71,Rubber,Clay Loam,0.444,0.281,756.89,7,0.299,2.745.041,20.626
12.422,107.889,5,446,5.64,32.9,2.7,5.7,34.6,32.5,30.6,23.35,141.43,84.51,17.87,4,-162.08,-169.35,-158.73,-138.82,7,56.24,226.23,162.74,189.26,115.44,-29.2,-98.71,Rubber,Clay Loam,0.444,0.253,756.89,7,0.299,2.745.041,20.451
12.426,107.625,5,735,10.98,33.4,2.35,5.5,35.3,31.3,32.5,23.73,231.98,84.06,17.87,4,-223.28,-224.48,-213.24,-190.37,2.58,142.09,478.49,339.12,196.45,35.26,-147.65,-194.95,Rubber,Clay Loam,0.468,0.254,1193.97,7,0.401,4.101.705,18.952
12.426,107.67,5,686,0.74,32.9,2.29,5.4,37.1,30,29.4,23.73,231.98,84.06,17.87,4,-223.28,-224.48,-213.24,-190.37,2.58,142.09,478.49,339.12,196.45,35.26,-147.65,-194.95,Rubber,Clay Loam,0.468,0.246,1193.97,7,0.401,4.375.152,19.271
12.43,107.974,6,423,4.17,34.7,2,5.7,35,30.3,28.2,23.35,141.43,84.51,17.87,4,-162.08,-169.35,-158.73,-138.82,7,56.24,226.23,162.74,189.26,115.44,-29.2,-98.71,Rubber,Clay Loam,0.444,0.249,756.89,7,0.299,2.745.041,20.6
12.434,107.806,5,542,3.32,35.1,2.67,5.7,32.4,32.5,26.1,23.73,231.98,84.06,17.87,4,-223.28,-224.48,-213.24,-190.37,2.58,142.09,478.49,339.12,196.45,35.26,-147.65,-194.95,Rubber,Clay Loam,0.468,0.252,1193.97,7,0.401,3.554.811,20.207
12.435,107.847,6,482,7.34,34.2,2.38,5.7,35.1,30.7,27.8,23.35,141.43,84.51,17.87,4,-162.08,-169.35,-158.73,-138.82,7,56.24,226.23,162.74,189.26,115.44,-29.2,-98.71,Rubber,Clay Loam,0.444,0.248,756.89,7,0.299,2.745.041,20.217
12.443,108.46,5,979,3.64,39,35,5.4,34.4,26.6,39,23.46,3.64,87.08,16.64,12,-1.76,-4.32,-5.02,-4.88,1.67,-0.01,3.68,-0.7,7.04,3.99,1.88,-1.6,Rubber,Clay Loam,0.373,0.265,18.29,9,0.386,3.468.752,17.097
12.448,107.631,5,734,1.16,31.9,2.04,5.5,36.3,31.8,38.9,23.73,231.98,84.06,17.87,4,-223.28,-224.48,-213.24,-190.37,2.58,142.09,478.49,339.12,196.45,35.26,-147.65,-194.95,Rubber,Clay Loam,0.468,0.261,1193.97,7,0.401,4.101.705,18.959
12.449,108.208,6,446,2.31,35.2,1.98,6,37.2,27.6,26.5,23.35,141.43,84.51,17.08,4,-162.08,-169.35,-158.73,-138.82,7,56.24,226.23,162.74,189.26,115.44,-29.2,-98.71,Rubber,Clay Loam,0.444,0.242,756.89,7,0.299,2111.57,20.451
12.45,108.427,6,1301,3.64,37.9,42.2,5.3,33,29.1,46,23.41,5.24,85.72,16.64,12,-3.95,-5.3,-5.47,-5.3,2.67,1.83,10.91,2.04,8.44,0.71,-2.42,-4.14,Rubber,Clay Loam,0.411,0.278,26.58,7,0.41,3.685.549,14.954
12.451,107.68,6,712,13.16,31.2,2.39,5.4,37.8,31,39,23.73,231.98,84.06,17.87,4,-223.28,-224.48,-213.24,-190.37,2.58,142.09,478.49,339.12,196.45,35.26,-147.65,-194.95,Rubber,Clay Loam,0.468,0.258,1193.97,7,0.401,4.375.152,19.102
12.451,107.717,6,642,13.49,33.8,2.49,5.5,34.4,31.8,35.4,23.73,231.98,84.06,17.87,4,-223.28,-224.48,-213.24,-190.37,2.58,142.09,478.49,339.12,196.45,35.26,-147.65,-194.95,Rubber,Clay Loam,0.468,0.26,1193.97,7,0.401,4.101.705,19.557
12.459,108.026,6,441,14.6,34.9,2.09,5.9,34.5,30.6,26.2,23.35,141.43,84.51,17.08,4,-162.08,-169.35,-158.73,-138.82,7,56.24,226.23,162.74,189.26,115.44,-29.2,-98.71,Rubber,Clay Loam,0.444,0.247,756.89,7,0.299,2.322.727,20.484
12.459,108.041,5,434,3.64,34.9,19.5,5.7,33.8,31.3,29.5,23.41,5.24,85.72,16.64,12,-3.95,-5.3,-5.47,-5.3,2.67,1.83,10.91,2.04,8.44,0.71,-2.42,-4.14,Rubber,Clay Loam,0.411,0.254,26.58,7,0.41,2.818.361,20.589
12.461,108.128,6,466,1.03,30.9,2.18,5.8,34.7,34.4,28.4,23.35,141.43,84.51,17.08,4,-162.08,-169.35,-158.73,-138.82,7,56.24,226.23,162.74,189.26,115.44,-29.2,-98.71,Rubber,Clay Loam,0.444,0.25,756.89,7,0.299,2.533.884,20.321
12.463,107.766,5,553,3.02,35.3,2.45,5.5,34.3,30.4,34.1,23.73,231.98,84.06,17.87,4,-223.28,-224.48,-213.24,-190.37,2.58,142.09,478.49,339.12,196.45,35.26,-147.65,-194.95,Rubber,Clay Loam,0.468,0.259,1193.97,7,0.401,4.101.705,20.136
12.467,107.864,6,399,2.59,34.9,2.53,5.7,32.7,32.4,24.1,23.35,141.43,84.51,17.87,4,-162.08,-169.35,-158.73,-138.82,7,56.24,226.23,162.74,189.26,115.44,-29.2,-98.71,Rubber,Clay Loam,0.444,0.249,756.89,7,0.299,2.745.041,20.757
12.467,107.906,5,421,3.64,32.9,18.3,5.7,33.1,34,25.9,23.41,5.24,85.72,17.53,12,-3.95,-5.3,-5.47,-5.3,2.67,1.83,10.91,2.04,8.44,0.71,-2.42,-4.14,Rubber,Clay Loam,0.411,0.25,26.58,7,0.41,2.818.361,20.674
12.471,108.22,6,492,3.64,37.3,20.7,6,33.6,29.1,29.1,23.41,5.24,85.72,16.64,12,-3.95,-5.3,-5.47,-5.3,2.67,1.83,10.91,2.04,8.44,0.71,-2.42,-4.14,Rubber,Clay Loam,0.411,0.253,26.58,7,0.41,2167.97,20.212
12.475,108.003,5,415,0.74,33.1,1.95,5.8,37.1,29.9,26.4,23.35,141.43,84.51,17.08,4,-162.08,-169.35,-158.73,-138.82,7,56.24,226.23,162.74,189.26,115.44,-29.2,-98.71,Rubber,Clay Loam,0.444,0.242,756.89,7,0.299,2.533.884,20.653
12.477,108.063,5,461,1.03,33.8,2.11,5.6,34.7,31.5,28.9,23.35,141.43,84.51,17.08,4,-162.08,-169.35,-158.73,-138.82,7,56.24,226.23,162.74,189.26,115.44,-29.2,-98.71,Rubber,Clay Loam,0.444,0.251,756.89,7,0.299,2.956.198,20.354
12.48,108.014,6,415,0,33.4,2.18,5.7,37.3,29.4,28.2,23.35,141.43,84.51,17.08,4,-162.08,-169.35,-158.73,-138.82,7,56.24,226.23,162.74,189.26,115.44,-29.2,-98.71,Rubber,Clay Loam,0.444,0.244,756.89,7,0.299,2.745.041,20.653
12.48,108.062,5,463,0.74,33.3,2,5.6,35.2,31.4,30.4,23.35,141.43,84.51,17.08,4,-162.08,-169.35,-158.73,-138.82,7,56.24,226.23,162.74,189.26,115.44,-29.2,-98.71,Rubber,Clay Loam,0.444,0.252,756.89,7,0.299,2.956.198,20.341
12.481,107.884,6,390,0.53,31.6,2.6,5.5,32.7,35.7,29.4,23.35,141.43,84.51,17.87,4,-162.08,-169.35,-158.73,-138.82,7,56.24,226.23,162.74,189.26,115.44,-29.2,-98.71,Rubber,Clay Loam,0.444,0.256,756.89,7,0.299,3.167.355,20.815
12.483,107.831,5,462,2.31,33.4,2.24,5.7,34.2,32.4,24.6,23.35,141.43,84.51,17.87,4,-162.08,-169.35,-158.73,-138.82,7,56.24,226.23,162.74,189.26,115.44,-29.2,-98.71,Rubber,Clay Loam,0.444,0.246,756.89,7,0.299,2.745.041,20.347
12.486,108.048,5,434,4.84,32.9,2.59,5.8,34.3,32.8,24.3,23.35,141.43,84.51,17.08,4,-162.08,-169.35,-158.73,-138.82,7,56.24,226.23,162.74,189.26,115.44,-29.2,-98.71,Rubber,Clay Loam,0.444,0.245,756.89,7,0.299,2.533.884,20.529
12.497,107.943,6,447,1.16,36,1.72,5.7,33,31,29.3,23.35,141.43,84.51,17.87,4,-162.08,-169.35,-158.73,-138.82,7,56.24,226.23,162.74,189.26,115.44,-29.2,-98.71,Rubber,Clay Loam,0.444,0.255,756.89,7,0.299,2.745.041,20.444
12.501,108.253,6,457,7.83,33.6,2.25,5.9,36.1,30.3,26,23.35,141.43,84.51,17.08,4,-162.08,-169.35,-158.73,-138.82,7,56.24,226.23,162.74,189.26,115.44,-29.2,-98.71,Rubber,Clay Loam,0.444,0.243,756.89,7,0.299,2.322.727,20.38
12.502,108.145,5,458,3.64,32.9,24,5.7,37,30.1,28.7,23.41,5.24,85.72,16.64,12,-3.95,-5.3,-5.47,-5.3,2.67,1.83,10.91,2.04,8.44,0.71,-2.42,-4.14,Rubber,Clay Loam,0.411,0.245,26.58,7,0.41,2.818.361,20.433
12.504,108.31,5,443,3.64,32.8,19.7,5.9,37.1,30.1,21.8,23.41,5.24,85.72,16.64,12,-3.95,-5.3,-5.47,-5.3,2.67,1.83,10.91,2.04,8.44,0.71,-2.42,-4.14,Rubber,Clay Loam,0.411,0.235,26.58,7,0.41,2.384.767,20.53
12.512,107.863,5,394,3.64,33.4,22.4,5.7,36.7,29.9,29.1,23.41,5.24,85.72,17.53,12,-3.95,-5.3,-5.47,-5.3,2.67,1.83,10.91,2.04,8.44,0.71,-2.42,-4.14,Rubber,Clay Loam,0.411,0.246,26.58,7,0.41,2.818.361,20.849
12.515,108.221,6,423,0.74,31.5,2.04,6,36.8,31.7,26.5,23.35,141.43,84.51,17.08,4,-162.08,-169.35,-158.73,-138.82,7,56.24,226.23,162.74,189.26,115.44,-29.2,-98.71,Rubber,Clay Loam,0.444,0.242,756.89,7,0.299,2111.57,20.6
12.515,108.293,5,437,0,30.8,1.84,6,38.7,30.5,24.1,23.35,141.43,84.51,17.08,4,-162.08,-169.35,-158.73,-138.82,7,56.24,226.23,162.74,189.26,115.44,-29.2,-98.71,Rubber,Clay Loam,0.444,0.235,756.89,7,0.299,2111.57,20.51
12.531,107.793,5,417,2.78,34,2.29,5.8,34,31.9,32.5,23.73,231.98,84.06,17.87,4,-223.28,-224.48,-213.24,-190.37,2.58,142.09,478.49,339.12,196.45,35.26,-147.65,-194.95,Rubber,Clay Loam,0.468,0.257,1193.97,7,0.401,3.281.364,21.02
12.532,108.043,6,444,4.24,31.6,1.89,5.7,36.4,31.9,28.1,23.35,141.43,84.51,17.08,4,-162.08,-169.35,-158.73,-138.82,7,56.24,226.23,162.74,189.26,115.44,-29.2,-98.71,Rubber,Clay Loam,0.444,0.246,756.89,7,0.299,2.745.041,20.464
12.535,107.66,6,511,15.45,32.4,2.4,5.4,34.6,32.9,32.1,23.73,231.98,84.06,17.87,4,-223.28,-224.48,-213.24,-190.37,2.58,142.09,478.49,339.12,196.45,35.26,-147.65,-194.95,Rubber,Clay Loam,0.468,0.255,1193.97,7,0.401,4.375.152,20.408
12.538,107.604,5,454,5.51,35.8,2.44,5.4,32.9,31.3,36.2,23.73,231.98,84.06,17.87,4,-223.28,-224.48,-213.24,-190.37,2.58,142.09,478.49,339.12,196.45,35.26,-147.65,-194.95,Rubber,Clay Loam,0.468,0.265,1193.97,7,0.401,4.375.152,20.779
12.541,108.415,5,435,3.64,32,20.2,5.9,39.4,28.7,23.6,23.41,5.24,85.72,16.64,12,-3.95,-5.3,-5.47,-5.3,2.67,1.83,10.91,2.04,8.44,0.71,-2.42,-4.14,Rubber,Clay Loam,0.411,0.232,26.58,7,0.41,2.384.767,20.582
12.544,107.988,5,462,3.64,33.6,23.4,5.6,35.3,31.1,28.7,23.41,5.24,85.72,17.53,12,-3.95,-5.3,-5.47,-5.3,2.67,1.83,10.91,2.04,8.44,0.71,-2.42,-4.14,Rubber,Clay Loam,0.411,0.249,26.58,7,0.41,3.035.158,20.407
12.548,108.152,5,513,3.64,31.4,27.8,5.7,36.5,32.2,33,23.41,5.24,85.72,16.64,12,-3.95,-5.3,-5.47,-5.3,2.67,1.83,10.91,2.04,8.44,0.71,-2.42,-4.14,Rubber,Clay Loam,0.411,0.252,26.58,7,0.41,2.818.361,20.076
12.553,107.96,5,419,3.64,30.9,23.7,5.7,35.9,33.2,26.1,23.41,5.24,85.72,17.53,12,-3.95,-5.3,-5.47,-5.3,2.67,1.83,10.91,2.04,8.44,0.71,-2.42,-4.14,Rubber,Clay Loam,0.411,0.244,26.58,7,0.41,2.818.361,20.686
12.554,108.213,5,441,1.16,32.8,2.32,5.8,38,29.3,26.9,23.35,141.43,84.51,17.08,4,-162.08,-169.35,-158.73,-138.82,7,56.24,226.23,162.74,189.26,115.44,-29.2,-98.71,Rubber,Clay Loam,0.444,0.24,756.89,7,0.299,2.533.884,20.484
12.555,107.694,5,505,6.32,37.9,2.16,5.6,32.4,29.7,32.6,23.73,231.98,84.06,17.87,4,-223.28,-224.48,-213.24,-190.37,2.58,142.09,478.49,339.12,196.45,35.26,-147.65,-194.95,Rubber,Clay Loam,0.468,0.261,1193.97,7,0.401,3.828.258,20.448
12.56,107.758,6,456,7.95,35.7,2.72,5.9,33.4,30.9,28,23.73,231.98,84.06,17.87,4,-223.28,-224.48,-213.24,-190.37,2.58,142.09,478.49,339.12,196.45,35.26,-147.65,-194.95,Rubber,Clay Loam,0.468,0.252,1193.97,7,0.401,3.007.917,20.766
12.56,108.205,6,429,0.53,30.7,2.15,5.6,36.3,33,27.5,23.35,141.43,84.51,17.08,4,-162.08,-169.35,-158.73,-138.82,7,56.24,226.23,162.74,189.26,115.44,-29.2,-98.71,Rubber,Clay Loam,0.444,0.245,756.89,7,0.299,2.956.198,20.562
12.562,107.736,5,550,4.74,39.2,2.3,5.6,33,27.8,29.3,23.73,231.98,84.06,17.87,4,-223.28,-224.48,-213.24,-190.37,2.58,142.09,478.49,339.12,196.45,35.26,-147.65,-194.95,Rubber,Clay Loam,0.468,0.255,1193.97,7,0.401,3.828.258,20.155
12.562,108.131,5,542,1.03,33.5,2.68,5.7,33.8,32.8,28.1,23.35,141.43,84.51,17.08,4,-162.08,-169.35,-158.73,-138.82,7,56.24,226.23,162.74,189.26,115.44,-29.2,-98.71,Rubber,Clay Loam,0.444,0.252,756.89,7,0.299,2.745.041,19.827
12.571,107.934,6,347,3.64,33.6,22.4,5.6,37.1,29.3,30.2,23.41,5.24,85.72,17.53,12,-3.95,-5.3,-5.47,-5.3,2.67,1.83,10.91,2.04,8.44,0.71,-2.42,-4.14,Rubber,Clay Loam,0.411,0.247,26.58,7,0.41,3.035.158,21.154
12.572,107.841,6,401,3.64,31.8,21.6,5.7,36.7,31.5,28.3,23.41,5.24,85.72,17.53,12,-3.95,-5.3,-5.47,-5.3,2.67,1.83,10.91,2.04,8.44,0.71,-2.42,-4.14,Rubber,Clay Loam,0.411,0.245,26.58,7,0.41,2.818.361,20.804
12.575,108.31,6,437,1.05,29.5,1.71,6,39.9,30.6,22.2,23.35,141.43,84.51,17.08,4,-162.08,-169.35,-158.73,-138.82,7,56.24,226.23,162.74,189.26,115.44,-29.2,-98.71,Rubber,Clay Loam,0.444,0.229,756.89,7,0.299,2111.57,20.51
12.576,108.047,5,446,0.74,32.4,2.06,5.8,36.7,30.8,29.8,23.35,141.43,84.51,17.08,4,-162.08,-169.35,-158.73,-138.82,7,56.24,226.23,162.74,189.26,115.44,-29.2,-98.71,Rubber,Clay Loam,0.444,0.247,756.89,7,0.299,2.533.884,20.451
12.577,107.725,5,467,3.32,39.9,2.32,5.9,32,28,33.1,23.73,231.98,84.06,17.87,4,-223.28,-224.48,-213.24,-190.37,2.58,142.09,478.49,339.12,196.45,35.26,-147.65,-194.95,Rubber,Clay Loam,0.468,0.263,1193.97,7,0.401,3.007.917,20.694
12.579,108.231,6,436,3.64,31.5,23.7,5.9,37.9,30.6,26.3,23.41,5.24,85.72,16.64,12,-3.95,-5.3,-5.47,-5.3,2.67,1.83,10.91,2.04,8.44,0.71,-2.42,-4.14,Rubber,Clay Loam,0.411,0.24,26.58,7,0.41,2.384.767,20.576
12.581,107.809,6,380,9.06,31.6,2.05,5.8,36.2,32.2,28.9,23.73,231.98,84.06,17.87,4,-223.28,-224.48,-213.24,-190.37,2.58,142.09,478.49,339.12,196.45,35.26,-147.65,-194.95,Rubber,Clay Loam,0.468,0.247,1193.97,7,0.401,3.281.364,21.26
12.583,107.871,5,369,1.17,32.4,2.09,5.7,34.6,33,26.3,23.35,141.43,84.51,17.87,4,-162.08,-169.35,-158.73,-138.82,7,56.24,226.23,162.74,189.26,115.44,-29.2,-98.71,Rubber,Clay Loam,0.444,0.247,756.89,7,0.299,2.745.041,20.952
12.584,107.651,5,389,5.9,32,2.64,5.4,34.1,33.8,32.2,23.73,231.98,84.06,17.87,4,-223.28,-224.48,-213.24,-190.37,2.58,142.09,478.49,339.12,196.45,35.26,-147.65,-194.95,Rubber,Clay Loam,0.468,0.257,1193.97,7,0.401,4.375.152,21.202
12.585,107.91,6,384,19.44,31.8,2.75,5.6,35.4,32.8,31.2,23.35,141.43,84.51,17.87,4,-162.08,-169.35,-158.73,-138.82,7,56.24,226.23,162.74,189.26,115.44,-29.2,-98.71,Rubber,Clay Loam,0.444,0.252,756.89,7,0.299,2.956.198,20.854
12.589,107.537,6,395,3.64,31.8,21.8,5.6,34.9,33.4,29.4,23.78,8.07,84.94,17.53,12,-6.53,-7.12,-7.14,-6.8,1.78,5.04,19.69,5.03,8.76,-0.75,-5.38,-6.63,Rubber,Clay Loam,0.443,0.251,40.35,7,0.489,3.035.158,21.213
12.594,107.836,5,373,12.17,33,2.24,5.9,38.8,28.2,25.8,23.35,141.43,84.51,17.87,4,-162.08,-169.35,-158.73,-138.82,7,56.24,226.23,162.74,189.26,115.44,-29.2,-98.71,Rubber,Clay Loam,0.444,0.237,756.89,7,0.299,2.322.727,20.926
12.606,107.639,5,371,3.68,32,2.69,5.3,31.8,36.1,32.5,23.73,231.98,84.06,17.87,4,-223.28,-224.48,-213.24,-190.37,2.58,142.09,478.49,339.12,196.45,35.26,-147.65,-194.95,Rubber,Clay Loam,0.468,0.262,1193.97,7,0.401,4.648.599,21.318
12.607,107.948,6,346,1.54,32.7,2.36,5.8,36.7,30.6,23.6,23.35,141.43,84.51,17.87,4,-162.08,-169.35,-158.73,-138.82,7,56.24,226.23,162.74,189.26,115.44,-29.2,-98.71,Rubber,Clay Loam,0.444,0.239,756.89,7,0.299,2.533.884,21.101
12.621,108.143,5,505,1.16,28.4,2.09,5.8,37.7,33.9,31.2,23.35,141.43,84.51,17.08,4,-162.08,-169.35,-158.73,-138.82,7,56.24,226.23,162.74,189.26,115.44,-29.2,-98.71,Rubber,Clay Loam,0.444,0.247,756.89,7,0.299,2.533.884,20.068
12.622,108.334,5,458,3.64,30.6,23.3,5.8,41,28.4,23.9,23.41,5.24,85.72,16.64,12,-3.95,-5.3,-5.47,-5.3,2.67,1.83,10.91,2.04,8.44,0.71,-2.42,-4.14,Rubber,Clay Loam,0.411,0.229,26.58,7,0.41,2.601.564,20.433
12.626,108.365,5,446,2.12,30.9,2.1,6,39.6,29.5,19.2,23.35,141.43,84.51,17.08,4,-162.08,-169.35,-158.73,-138.82,7,56.24,226.23,162.74,189.26,115.44,-29.2,-98.71,Rubber,Clay Loam,0.444,0.226,756.89,7,0.299,2111.57,20.451
12.632,107.791,6,371,0,31.8,1.86,5.8,36.7,31.5,26.3,23.73,231.98,84.06,17.87,4,-223.28,-224.48,-213.24,-190.37,2.58,142.09,478.49,339.12,196.45,35.26,-147.65,-194.95,Rubber,Clay Loam,0.468,0.242,1193.97,7,0.401,3.281.364,21.318
12.633,108.398,6,438,1.05,31,1.96,6,38.8,30.2,17.1,23.35,141.43,84.51,17.08,4,-162.08,-169.35,-158.73,-138.82,7,56.24,226.23,162.74,189.26,115.44,-29.2,-98.71,Rubber,Clay Loam,0.444,0.225,756.89,7,0.299,2111.57,20.503
12.634,107.918,5,317,3.83,29.5,2.79,5.7,34.3,36.2,24.2,23.35,141.43,84.51,17.87,4,-162.08,-169.35,-158.73,-138.82,7,56.24,226.23,162.74,189.26,115.44,-29.2,-98.71,Rubber,Clay Loam,0.444,0.245,756.89,7,0.299,2.745.041,21.29
12.635,107.934,6,328,1.17,32.7,2.17,5.8,35.8,31.6,19.2,23.35,141.43,84.51,17.87,4,-162.08,-169.35,-158.73,-138.82,7,56.24,226.23,162.74,189.26,115.44,-29.2,-98.71,Rubber,Clay Loam,0.444,0.235,756.89,7,0.299,2.533.884,21.218
12.638,107.895,6,328,3.64,33.8,22.4,5.9,35,31.2,24.3,23.41,5.24,85.72,17.53,12,-3.95,-5.3,-5.47,-5.3,2.67,1.83,10.91,2.04,8.44,0.71,-2.42,-4.14,Rubber,Clay Loam,0.411,0.244,26.58,7,0.41,2.384.767,21.278
12.638,108.146,6,514,3.64,29.4,21.2,5.7,36.3,34.3,26.8,23.41,5.24,85.72,16.64,12,-3.95,-5.3,-5.47,-5.3,2.67,1.83,10.91,2.04,8.44,0.71,-2.42,-4.14,Rubber,Clay Loam,0.411,0.244,26.58,7,0.41,2.818.361,20.069
12.639,108.027,5,395,1.17,32.3,2.47,5.8,34.1,33.7,25.1,23.35,141.43,84.51,17.08,4,-162.08,-169.35,-158.73,-138.82,7,56.24,226.23,162.74,189.26,115.44,-29.2,-98.71,Rubber,Clay Loam,0.444,0.247,756.89,7,0.299,2.533.884,20.783
12.644,107.832,5,421,3.64,34,23.8,5.8,36.1,29.9,24.2,23.41,5.24,85.72,17.53,12,-3.95,-5.3,-5.47,-5.3,2.67,1.83,10.91,2.04,8.44,0.71,-2.42,-4.14,Rubber,Clay Loam,0.411,0.241,26.58,7,0.41,2.601.564,20.674
12.644,108.059,5,519,0.51,34.3,2.4,5.6,33.8,31.8,33.1,23.35,141.43,84.51,17.08,4,-162.08,-169.35,-158.73,-138.82,7,56.24,226.23,162.74,189.26,115.44,-29.2,-98.71,Rubber,Clay Loam,0.444,0.259,756.89,7,0.299,2.956.198,19.976
12.655,108.157,5,531,3.64,30.7,21.3,5.7,36.8,32.5,31.5,23.41,5.24,85.72,16.64,12,-3.95,-5.3,-5.47,-5.3,2.67,1.83,10.91,2.04,8.44,0.71,-2.42,-4.14,Rubber,Clay Loam,0.411,0.249,26.58,7,0.41,2.818.361,19.958
12.657,107.852,5,361,0.74,33.8,2.45,5.8,37.2,29,21.9,23.35,141.43,84.51,17.87,4,-162.08,-169.35,-158.73,-138.82,7,56.24,226.23,162.74,189.26,115.44,-29.2,-98.71,Rubber,Clay Loam,0.444,0.235,756.89,7,0.299,2.533.884,21.004
12.661,107.791,5,365,3.64,29.6,20.1,5.8,37.6,32.8,24.3,23.78,8.07,84.94,17.53,12,-6.53,-7.12,-7.14,-6.8,1.78,5.04,19.69,5.03,8.76,-0.75,-5.38,-6.63,Rubber,Clay Loam,0.443,0.238,40.35,7,0.489,2.601.564,21.408
12.665,107.561,6,351,3.64,30.7,23.9,5.4,34.1,35.2,29.1,23.78,8.07,84.94,17.53,12,-6.53,-7.12,-7.14,-6.8,1.78,5.04,19.69,5.03,8.76,-0.75,-5.38,-6.63,Rubber,Clay Loam,0.443,0.252,40.35,7,0.489,3.468.752,21.498
12.667,107.961,5,360,1.47,31.4,2.14,5.7,35.4,33.2,23,23.35,141.43,84.51,17.87,4,-162.08,-169.35,-158.73,-138.82,7,56.24,226.23,162.74,189.26,115.44,-29.2,-98.71,Rubber,Clay Loam,0.444,0.241,756.89,7,0.299,2.745.041,21.01
12.672,107.789,5,362,3.64,30.2,19.2,5.8,37.3,32.5,21,23.78,8.07,84.94,17.53,12,-6.53,-7.12,-7.14,-6.8,1.78,5.04,19.69,5.03,8.76,-0.75,-5.38,-6.63,Rubber,Clay Loam,0.443,0.234,40.35,7,0.489,2.601.564,21.427
12.675,108.004,5,407,5.16,31.5,2.27,5.6,36.2,32.3,25.4,23.35,141.43,84.51,17.08,4,-162.08,-169.35,-158.73,-138.82,7,56.24,226.23,162.74,189.26,115.44,-29.2,-98.71,Rubber,Clay Loam,0.444,0.242,756.89,7,0.299,2.956.198,20.705
12.675,108.219,6,538,5.29,32.3,1.91,5.8,37.4,30.2,31.7,23.35,141.43,84.51,17.08,4,-162.08,-169.35,-158.73,-138.82,7,56.24,226.23,162.74,189.26,115.44,-29.2,-98.71,Rubber,Clay Loam,0.444,0.248,756.89,7,0.299,2.533.884,19.853
12.679,108.113,5,529,1.17,33.4,1.88,5.5,35.3,31.4,27.3,23.35,141.43,84.51,17.08,4,-162.08,-169.35,-158.73,-138.82,7,56.24,226.23,162.74,189.26,115.44,-29.2,-98.71,Rubber,Clay Loam,0.444,0.247,756.89,7,0.299,3.167.355,19.912
12.685,107.881,5,334,2.69,33.8,2.61,6,35.6,30.6,22.8,23.35,141.43,84.51,17.87,4,-162.08,-169.35,-158.73,-138.82,7,56.24,226.23,162.74,189.26,115.44,-29.2,-98.71,Rubber,Clay Loam,0.444,0.24,756.89,7,0.299,2111.57,21.179
12.689,107.53,5,332,3.64,33.1,22.8,5.5,32.7,34.2,29.6,23.78,8.07,84.94,17.53,12,-6.53,-7.12,-7.14,-6.8,1.78,5.04,19.69,5.03,8.76,-0.75,-5.38,-6.63,Rubber,Clay Loam,0.443,0.256,40.35,7,0.489,3.251.955,21.622
12.695,108.008,5,399,1.47,32.2,2.29,5.7,35.4,32.3,27.5,23.35,141.43,84.51,17.08,4,-162.08,-169.35,-158.73,-138.82,7,56.24,226.23,162.74,189.26,115.44,-29.2,-98.71,Rubber,Clay Loam,0.444,0.247,756.89,7,0.299,2.745.041,20.757
12.697,108.196,6,583,1.16,32,2.32,5.5,35.7,32.3,29.8,23.35,141.43,84.51,17.08,4,-162.08,-169.35,-158.73,-138.82,7,56.24,226.23,162.74,189.26,115.44,-29.2,-98.71,Rubber,Clay Loam,0.444,0.25,756.89,7,0.299,3.167.355,19.56
12.699,108.26,6,545,3.64,32,23.2,5.7,37.9,30.2,30.4,23.41,5.24,85.72,16.64,12,-3.95,-5.3,-5.47,-5.3,2.67,1.83,10.91,2.04,8.44,0.71,-2.42,-4.14,Rubber,Clay Loam,0.411,0.245,26.58,7,0.41,2.818.361,19.868
12.701,108.266,6,546,5.39,31.3,2.29,5.7,38.1,30.6,30.5,23.35,141.43,84.51,17.08,4,-162.08,-169.35,-158.73,-138.82,7,56.24,226.23,162.74,189.26,115.44,-29.2,-98.71,Rubber,Clay Loam,0.444,0.245,756.89,7,0.299,2.745.041,19.801
12.702,107.886,6,309,1.17,33.2,2.4,5.8,34.4,32.4,24.9,23.35,141.43,84.51,17.87,4,-162.08,-169.35,-158.73,-138.82,7,56.24,226.23,162.74,189.26,115.44,-29.2,-98.71,Rubber,Clay Loam,0.444,0.246,756.89,7,0.299,2.533.884,21.342
12.704,108.222,5,562,1.47,32.6,2.15,5.6,37.2,30.3,33.2,23.35,141.43,84.51,17.08,4,-162.08,-169.35,-158.73,-138.82,7,56.24,226.23,162.74,189.26,115.44,-29.2,-98.71,Rubber,Clay Loam,0.444,0.251,756.89,7,0.299,2.956.198,19.697
12.706,108.123,5,553,1.47,32.2,2.12,5.5,32.6,35.2,33.2,23.35,141.43,84.51,17.08,4,-162.08,-169.35,-158.73,-138.82,7,56.24,226.23,162.74,189.26,115.44,-29.2,-98.71,Rubber,Clay Loam,0.444,0.262,756.89,7,0.299,3.167.355,19.756
12.707,108.118,6,550,0.74,31.8,2.15,5.4,32.9,35.3,33.2,23.35,141.43,84.51,17.08,4,-162.08,-169.35,-158.73,-138.82,7,56.24,226.23,162.74,189.26,115.44,-29.2,-98.71,Rubber,Clay Loam,0.444,0.261,756.89,7,0.299,3.378.512,19.775
12.717,108.379,5,468,2.31,28.8,2.29,6,40.4,30.8,25.5,23.35,141.43,84.51,17.08,4,-162.08,-169.35,-158.73,-138.82,7,56.24,226.23,162.74,189.26,115.44,-29.2,-98.71,Rubber,Clay Loam,0.444,0.233,756.89,7,0.299,2111.57,20.308
12.718,108.1,6,537,6.74,32.7,1.92,5.6,35.9,31.4,30.4,23.35,141.43,84.51,17.08,4,-162.08,-169.35,-158.73,-138.82,7,56.24,226.23,162.74,189.26,115.44,-29.2,-98.71,Rubber,Clay Loam,0.444,0.25,756.89,7,0.299,2.956.198,19.86
12.725,108.445,6,448,3.64,35.3,22,6,35.3,29.4,27.8,23.46,3.64,87.08,16.64,12,-1.76,-4.32,-5.02,-4.88,1.67,-0.01,3.68,-0.7,7.04,3.99,1.88,-1.6,Rubber,Clay Loam,0.373,0.248,18.29,9,0.386,2167.97,20.548
12.733,107.97,6,309,1.03,33.4,2.25,5.8,35.6,31,19.3,23.35,141.43,84.51,17.87,4,-162.08,-169.35,-158.73,-138.82,7,56.24,226.23,162.74,189.26,115.44,-29.2,-98.71,Rubber,Clay Loam,0.444,0.235,756.89,7,0.299,2.533.884,21.342
12.734,107.736,5,342,3.64,32.1,23.8,5.5,33.3,34.5,40.2,23.78,8.07,84.94,17.53,12,-6.53,-7.12,-7.14,-6.8,1.78,5.04,19.69,5.03,8.76,-0.75,-5.38,-6.63,Rubber,Clay Loam,0.443,0.27,40.35,7,0.489,3.251.955,21.557
12.739,107.77,6,294,4.8,28.6,2.83,5.5,33.6,37.9,38.3,23.73,231.98,84.06,17.87,4,-223.28,-224.48,-213.24,-190.37,2.58,142.09,478.49,339.12,196.45,35.26,-147.65,-194.95,Rubber,Clay Loam,0.468,0.266,1193.97,7,0.401,4.101.705,21.819
12.741,107.746,6,341,3.26,31.7,2.37,5.5,35.8,32.5,36.9,23.73,231.98,84.06,17.87,4,-223.28,-224.48,-213.24,-190.37,2.58,142.09,478.49,339.12,196.45,35.26,-147.65,-194.95,Rubber,Clay Loam,0.468,0.259,1193.97,7,0.401,4.101.705,21.514
12.745,108.132,6,583,1.87,34.7,2.11,5.6,33.6,31.8,29.1,23.35,141.43,84.51,17.08,4,-162.08,-169.35,-158.73,-138.82,7,56.24,226.23,162.74,189.26,115.44,-29.2,-98.71,Rubber,Clay Loam,0.444,0.253,756.89,7,0.299,2.956.198,19.56
12.746,108.025,6,398,3.64,32.5,26.5,5.6,35.4,32.1,31.2,23.41,5.24,85.72,16.64,12,-3.95,-5.3,-5.47,-5.3,2.67,1.83,10.91,2.04,8.44,0.71,-2.42,-4.14,Rubber,Clay Loam,0.411,0.252,26.58,7,0.41,3.035.158,20.823
12.751,108.365,5,460,3.64,29.9,23.8,5.8,42,28.1,27.7,24.75,5.04,84.49,16.64,12,-3.85,-5.19,-5.49,-5.13,2.87,2.02,9.17,1.47,8.91,1.97,-2.38,-4.35,Rubber,Clay Loam,0.484,0.232,26.39,7,0.347,2.601.564,21.76
12.751,108.388,6,474,2.17,29.6,1.83,5.9,41.8,28.6,25,24.7,138.1,83.27,17.08,4,-159.26,-166.84,-154.61,-137.12,20.29,47.68,185.83,130.34,211.42,150.74,-24.92,-103.53,Rubber,Clay Loam,0.521,0.229,746.28,9,0.283,2322.43,21.619
12.754,107.938,5,294,1.66,33.8,2.16,5.8,36.7,29.4,23.8,24.7,138.1,83.27,17.87,4,-159.26,-166.84,-154.61,-137.12,20.29,47.68,185.83,130.34,211.42,150.74,-24.92,-103.53,Rubber,Clay Loam,0.521,0.239,746.28,9,0.283,2533.56,22.789
12.755,107.787,5,228,3.64,31.9,25.8,5.5,32.3,35.8,29.4,25.86,8.09,82.95,17.53,12,-6.57,-7.33,-7.36,-6.7,2.7,5.61,18.96,4.97,9.12,-0.51,-5.8,-7.04,Rubber,Clay Loam,0.568,0.257,41.31,7,0.458,3.251.955,24.378
12.756,108.367,5,466,0,29.1,2.44,5.9,41.8,29.1,28.9,24.7,138.1,83.27,17.08,4,-159.26,-166.84,-154.61,-137.12,20.29,47.68,185.83,130.34,211.42,150.74,-24.92,-103.53,Rubber,Clay Loam,0.521,0.234,746.28,9,0.283,2322.43,21.671
12.757,108.135,5,607,3.26,31.8,2.1,5.5,35.1,33.1,28.6,24.7,138.1,83.27,17.08,4,-159.26,-166.84,-154.61,-137.12,20.29,47.68,185.83,130.34,211.42,150.74,-24.92,-103.53,Rubber,Clay Loam,0.521,0.249,746.28,9,0.283,3166.95,20.754
12.759,108.385,5,467,2.17,31.2,1.8,6,39.4,29.4,22.3,24.7,138.1,83.27,17.08,4,-159.26,-166.84,-154.61,-137.12,20.29,47.68,185.83,130.34,211.42,150.74,-24.92,-103.53,Rubber,Clay Loam,0.521,0.231,746.28,9,0.283,2111.3,21.664
12.759,108.486,5,463,3.64,37.5,21.9,5.9,35.3,27.2,22.1,24.28,4.01,86.9,16.64,12,-2.28,-4.3,-5.22,-4.96,1.43,-0.34,3.67,-1.16,7.2,6.13,2.22,-2.39,Rubber,Clay Loam,0.398,0.24,20.65,9,0.349,2.384.767,21.271
12.761,107.716,5,329,1.16,33.5,2.75,5.4,33.1,33.4,30.8,25.82,227.9,82.05,17.87,4,-222.95,-224.84,-212.6,-186.27,25.42,125.85,462.77,319.67,217.47,42.22,-150.03,-196.73,Rubber,Clay Loam,0.597,0.257,1193.42,7,0.388,4406.88,23.682
12.77,107.943,5,321,3.2,31,2.14,5.7,35.7,33.4,25.9,24.7,138.1,83.27,17.87,4,-159.26,-166.84,-154.61,-137.12,20.29,47.68,185.83,130.34,211.42,150.74,-24.92,-103.53,Rubber,Clay Loam,0.521,0.244,746.28,9,0.283,2744.69,22.614
12.771,107.867,6,232,3.64,28.9,21.7,5.9,38.4,32.6,23.7,24.75,5.04,84.49,17.53,12,-3.85,-5.19,-5.49,-5.13,2.87,2.02,9.17,1.47,8.91,1.97,-2.38,-4.35,Rubber,Clay Loam,0.484,0.235,26.39,7,0.347,2.384.767,23.242
12.772,108.389,5,485,3.64,30.4,22.8,6.1,40.3,29.3,20.1,24.75,5.04,84.49,16.64,12,-3.85,-5.19,-5.49,-5.13,2.87,2.02,9.17,1.47,8.91,1.97,-2.38,-4.35,Rubber,Clay Loam,0.484,0.225,26.39,7,0.347,1.951.173,21.598
12.773,107.821,5,251,1.89,32.7,2.1,5.9,36.3,30.9,24.5,24.7,138.1,83.27,17.87,4,-159.26,-166.84,-154.61,-137.12,20.29,47.68,185.83,130.34,211.42,150.74,-24.92,-103.53,Rubber,Clay Loam,0.521,0.241,746.28,9,0.283,2322.43,23.068
12.775,107.661,6,242,3.69,30,2.49,5.6,36.9,33.1,27.7,25.82,227.9,82.05,17.87,4,-222.95,-224.84,-212.6,-186.27,25.42,125.85,462.77,319.67,217.47,42.22,-150.03,-196.73,Rubber,Clay Loam,0.597,0.244,1193.42,7,0.388,3856.02,24.247
12.777,108.013,5,360,0.74,30.7,1.82,5.7,38.1,31.2,26.3,24.7,138.1,83.27,17.08,4,-159.26,-166.84,-154.61,-137.12,20.29,47.68,185.83,130.34,211.42,150.74,-24.92,-103.53,Rubber,Clay Loam,0.521,0.239,746.28,9,0.283,2744.69,22.36
12.78,108.348,6,493,4.88,35,2.1,6,35.4,29.5,25.1,24.7,138.1,83.27,17.08,4,-159.26,-166.84,-154.61,-137.12,20.29,47.68,185.83,130.34,211.42,150.74,-24.92,-103.53,Rubber,Clay Loam,0.521,0.244,746.28,9,0.283,2111.3,21.496
12.78,108.355,5,479,0,34.2,2.18,5.8,38,27.8,21.8,24.7,138.1,83.27,17.08,4,-159.26,-166.84,-154.61,-137.12,20.29,47.68,185.83,130.34,211.42,150.74,-24.92,-103.53,Rubber,Clay Loam,0.521,0.233,746.28,9,0.283,2533.56,21.586
12.781,108.178,6,634,3.26,37.3,2.36,5.6,34.1,28.6,33.6,24.7,138.1,83.27,17.08,4,-159.26,-166.84,-154.61,-137.12,20.29,47.68,185.83,130.34,211.42,150.74,-24.92,-103.53,Rubber,Clay Loam,0.521,0.259,746.28,9,0.283,2955.82,20.579
12.789,107.77,6,247,1.63,32.3,2.48,5.6,33.8,33.9,25.7,25.82,227.9,82.05,17.87,4,-222.95,-224.84,-212.6,-186.27,25.42,125.85,462.77,319.67,217.47,42.22,-150.03,-196.73,Rubber,Clay Loam,0.597,0.248,1193.42,7,0.388,3856.02,24.214
12.79,108.241,6,636,4.85,32.7,2.25,5.6,37.3,30,31,24.7,138.1,83.27,17.08,4,-159.26,-166.84,-154.61,-137.12,20.29,47.68,185.83,130.34,211.42,150.74,-24.92,-103.53,Rubber,Clay Loam,0.521,0.248,746.28,9,0.283,2955.82,20.566
12.791,107.666,5,257,11.19,30.7,2.5,5.6,33.3,36,28.6,25.82,227.9,82.05,17.87,4,-222.95,-224.84,-212.6,-186.27,25.42,125.85,462.77,319.67,217.47,42.22,-150.03,-196.73,Rubber,Clay Loam,0.597,0.253,1193.42,7,0.388,3856.02,24.15
12.793,108.385,5,496,1.17,30.6,2.13,6.1,39.6,29.8,22.1,24.7,138.1,83.27,17.08,4,-159.26,-166.84,-154.61,-137.12,20.29,47.68,185.83,130.34,211.42,150.74,-24.92,-103.53,Rubber,Clay Loam,0.521,0.23,746.28,9,0.283,1900.17,21.476
12.794,108.221,6,665,3.64,30.9,17.8,5.8,37.1,32,25.3,24.75,5.04,84.49,16.64,12,-3.85,-5.19,-5.49,-5.13,2.87,2.02,9.17,1.47,8.91,1.97,-2.38,-4.35,Rubber,Clay Loam,0.484,0.24,26.39,7,0.347,2.601.564,20.428
12.794,108.37,6,479,0,31.1,2.39,5.9,38.9,29.9,19,24.7,138.1,83.27,17.08,4,-159.26,-166.84,-154.61,-137.12,20.29,47.68,185.83,130.34,211.42,150.74,-24.92,-103.53,Rubber,Clay Loam,0.521,0.227,746.28,9,0.283,2322.43,21.586
12.8,107.968,5,322,2.12,34.4,2.5,5.9,35.1,30.5,21.3,24.7,138.1,83.27,17.87,4,-159.26,-166.84,-154.61,-137.12,20.29,47.68,185.83,130.34,211.42,150.74,-24.92,-103.53,Rubber,Clay Loam,0.521,0.239,746.28,9,0.283,2322.43,22.607
12.801,107.688,5,233,1.66,28.5,2.26,5.7,38,33.5,21.9,25.82,227.9,82.05,17.87,4,-222.95,-224.84,-212.6,-186.27,25.42,125.85,462.77,319.67,217.47,42.22,-150.03,-196.73,Rubber,Clay Loam,0.597,0.233,1193.42,7,0.388,3580.59,24.306
12.802,108.259,5,633,3.64,32,23.6,5.7,37.6,30.3,27.6,24.75,5.04,84.49,16.64,12,-3.85,-5.19,-5.49,-5.13,2.87,2.02,9.17,1.47,8.91,1.97,-2.38,-4.35,Rubber,Clay Loam,0.484,0.242,26.39,7,0.347,2.818.361,20.636
12.803,107.763,5,271,3.64,34.1,26.5,5.6,32.8,33.1,27.6,25.86,8.09,82.95,17.53,12,-6.57,-7.33,-7.36,-6.7,2.7,5.61,18.96,4.97,9.12,-0.51,-5.8,-7.04,Rubber,Clay Loam,0.568,0.253,41.31,7,0.458,3.035.158,24.098
12.815,107.931,5,287,3.09,30.5,2.41,6,36.7,32.8,24.6,24.7,138.1,83.27,17.87,4,-159.26,-166.84,-154.61,-137.12,20.29,47.68,185.83,130.34,211.42,150.74,-24.92,-103.53,Rubber,Clay Loam,0.521,0.24,746.28,9,0.283,2111.3,22.834
12.816,108.311,5,549,3.64,28.9,23.2,5.8,38.7,32.3,31.5,24.75,5.04,84.49,16.64,12,-3.85,-5.19,-5.49,-5.13,2.87,2.02,9.17,1.47,8.91,1.97,-2.38,-4.35,Rubber,Clay Loam,0.484,0.245,26.39,7,0.347,2.601.564,21.182
12.819,107.843,5,198,0.51,31.6,1.99,5.8,34.8,33.6,23.9,24.7,138.1,83.27,17.87,4,-159.26,-166.84,-154.61,-137.12,20.29,47.68,185.83,130.34,211.42,150.74,-24.92,-103.53,Rubber,Clay Loam,0.521,0.243,746.28,9,0.283,2533.56,23.413
12.82,107.88,5,226,1.16,31.4,2.12,5.8,34.4,34.2,22,24.7,138.1,83.27,17.87,4,-159.26,-166.84,-154.61,-137.12,20.29,47.68,185.83,130.34,211.42,150.74,-24.92,-103.53,Rubber,Clay Loam,0.521,0.242,746.28,9,0.283,2533.56,23.231
12.821,108.057,6,420,2.78,30.3,2.06,5.6,36.4,33.3,29.5,24.7,138.1,83.27,17.08,4,-159.26,-166.84,-154.61,-137.12,20.29,47.68,185.83,130.34,211.42,150.74,-24.92,-103.53,Rubber,Clay Loam,0.521,0.248,746.28,9,0.283,2955.82,21.97
12.825,107.681,6,207,1.87,30.7,2.23,5.6,35.3,34,29.6,25.82,227.9,82.05,17.87,4,-222.95,-224.84,-212.6,-186.27,25.42,125.85,462.77,319.67,217.47,42.22,-150.03,-196.73,Rubber,Clay Loam,0.597,0.25,1193.42,7,0.388,3856.02,24.474
12.826,107.778,6,204,2.06,33.5,2.38,5.6,34.6,31.9,27.6,25.82,227.9,82.05,17.87,4,-222.95,-224.84,-212.6,-186.27,25.42,125.85,462.77,319.67,217.47,42.22,-150.03,-196.73,Rubber,Clay Loam,0.597,0.249,1193.42,7,0.388,3856.02,24.494
12.826,108.128,5,539,3.64,27.6,22.2,5.5,39.5,32.8,34.8,24.75,5.04,84.49,16.64,12,-3.85,-5.19,-5.49,-5.13,2.87,2.02,9.17,1.47,8.91,1.97,-2.38,-4.35,Rubber,Clay Loam,0.484,0.248,26.39,7,0.347,3.251.955,21.246
12.829,107.88,5,217,0,29.5,2.2,5.8,35,35.5,20.6,24.7,138.1,83.27,17.87,4,-159.26,-166.84,-154.61,-137.12,20.29,47.68,185.83,130.34,211.42,150.74,-24.92,-103.53,Rubber,Clay Loam,0.521,0.238,746.28,9,0.283,2533.56,23.29
12.837,108.127,5,523,11.23,30.5,2.13,5.5,36,33.4,60.7,24.7,138.1,83.27,17.08,4,-159.26,-166.84,-154.61,-137.12,20.29,47.68,185.83,130.34,211.42,150.74,-24.92,-103.53,Rubber,Clay Loam,0.521,0.292,746.28,9,0.283,3166.95,21.3
12.838,108.081,5,448,13.17,32.2,2.19,5.4,38.3,29.5,38.2,24.7,138.1,83.27,17.08,4,-159.26,-166.84,-154.61,-137.12,20.29,47.68,185.83,130.34,211.42,150.74,-24.92,-103.53,Rubber,Clay Loam,0.521,0.255,746.28,9,0.283,3378.08,21.788
12.839,107.803,5,205,0,37.1,2.28,5.7,33.1,29.8,22.8,25.82,227.9,82.05,17.87,4,-222.95,-224.84,-212.6,-186.27,25.42,125.85,462.77,319.67,217.47,42.22,-150.03,-196.73,Rubber,Clay Loam,0.597,0.246,1193.42,7,0.388,3580.59,24.488
12.84,107.646,5,340,3.64,32.3,29.8,5.4,37.4,30.3,39.7,25.86,8.09,82.95,17.53,12,-6.57,-7.33,-7.36,-6.7,2.7,5.61,18.96,4.97,9.12,-0.51,-5.8,-7.04,Rubber,Clay Loam,0.568,0.26,41.31,7,0.458,3.468.752,23.65
12.841,108.155,5,553,3.64,33.7,22.1,5.6,34.2,32.1,36.5,24.75,5.04,84.49,16.64,12,-3.85,-5.19,-5.49,-5.13,2.87,2.02,9.17,1.47,8.91,1.97,-2.38,-4.35,Rubber,Clay Loam,0.484,0.262,26.39,7,0.347,3.035.158,21.156
12.843,107.942,5,330,2.31,28.7,2.96,5.7,38.9,32.4,27.9,24.7,138.1,83.27,17.87,4,-159.26,-166.84,-154.61,-137.12,20.29,47.68,185.83,130.34,211.42,150.74,-24.92,-103.53,Rubber,Clay Loam,0.521,0.24,746.28,9,0.283,2744.69,22.555
12.843,108.061,5,450,1.16,31.5,2.09,5.5,35.1,33.4,32.4,24.7,138.1,83.27,17.08,4,-159.26,-166.84,-154.61,-137.12,20.29,47.68,185.83,130.34,211.42,150.74,-24.92,-103.53,Rubber,Clay Loam,0.521,0.255,746.28,9,0.283,3166.95,21.775
12.847,108.142,5,531,10.44,31.9,2.01,5.7,35.6,32.5,31.6,24.7,138.1,83.27,17.08,4,-159.26,-166.84,-154.61,-137.12,20.29,47.68,185.83,130.34,211.42,150.74,-24.92,-103.53,Rubber,Clay Loam,0.521,0.252,746.28,9,0.283,2744.69,21.248
12.854,108.105,5,540,1.16,35.3,2.22,5.7,35.1,29.6,26.3,24.7,138.1,83.27,17.08,4,-159.26,-166.84,-154.61,-137.12,20.29,47.68,185.83,130.34,211.42,150.74,-24.92,-103.53,Rubber,Clay Loam,0.521,0.246,746.28,9,0.283,2744.69,21.19
12.86,108.26,5,633,1.47,33.1,1.54,5.8,34.8,32.1,21.1,24.7,138.1,83.27,17.08,4,-159.26,-166.84,-154.61,-137.12,20.29,47.68,185.83,130.34,211.42,150.74,-24.92,-103.53,Rubber,Clay Loam,0.521,0.24,746.28,9,0.283,2533.56,20.586
12.862,108.157,6,590,11.66,34,2.12,5.7,33.8,32.2,25.9,24.7,138.1,83.27,17.08,4,-159.26,-166.84,-154.61,-137.12,20.29,47.68,185.83,130.34,211.42,150.74,-24.92,-103.53,Rubber,Clay Loam,0.521,0.249,746.28,9,0.283,2744.69,20.865
12.863,108.261,5,636,3.64,32.1,14.8,5.8,36.3,31.6,20.5,24.75,5.04,84.49,16.64,12,-3.85,-5.19,-5.49,-5.13,2.87,2.02,9.17,1.47,8.91,1.97,-2.38,-4.35,Rubber,Clay Loam,0.484,0.235,26.39,7,0.347,2.601.564,20.616
12.865,108.078,6,491,8.92,30.1,2.11,5.5,36,33.9,37.6,24.7,138.1,83.27,17.08,4,-159.26,-166.84,-154.61,-137.12,20.29,47.68,185.83,130.34,211.42,150.74,-24.92,-103.53,Rubber,Clay Loam,0.521,0.26,746.28,9,0.283,3166.95,21.508
12.867,107.77,6,184,2.64,32.8,2.16,5.8,35.6,31.6,20.7,25.82,227.9,82.05,17.87,4,-222.95,-224.84,-212.6,-186.27,25.42,125.85,462.77,319.67,217.47,42.22,-150.03,-196.73,Rubber,Clay Loam,0.597,0.237,1193.42,7,0.388,3305.16,24.624
12.87,108.18,5,635,14.15,33.9,2.27,5.5,34.4,31.7,31,24.7,138.1,83.27,17.08,4,-159.26,-166.84,-154.61,-137.12,20.29,47.68,185.83,130.34,211.42,150.74,-24.92,-103.53,Rubber,Clay Loam,0.521,0.254,746.28,9,0.283,3166.95,20.572
12.873,108.293,6,602,3.75,31,1.99,5.7,40.6,28.4,29.4,24.7,138.1,83.27,17.08,4,-159.26,-166.84,-154.61,-137.12,20.29,47.68,185.83,130.34,211.42,150.74,-24.92,-103.53,Rubber,Clay Loam,0.521,0.238,746.28,9,0.283,2744.69,20.787
12.878,107.801,5,193,1.17,32.6,1.98,6,33.6,33.8,24.3,25.82,227.9,82.05,17.87,4,-222.95,-224.84,-212.6,-186.27,25.42,125.85,462.77,319.67,217.47,42.22,-150.03,-196.73,Rubber,Clay Loam,0.597,0.247,1193.42,7,0.388,2754.3,24.566
12.878,108.179,6,665,5.52,33.6,2.14,5.6,34.9,31.6,37.4,24.7,138.1,83.27,17.08,4,-159.26,-166.84,-154.61,-137.12,20.29,47.68,185.83,130.34,211.42,150.74,-24.92,-103.53,Rubber,Clay Loam,0.521,0.262,746.28,9,0.283,2955.82,20.377
12.882,107.833,6,209,3.09,29.6,2.11,5.9,33.9,36.5,23.9,24.7,138.1,83.27,17.87,4,-159.26,-166.84,-154.61,-137.12,20.29,47.68,185.83,130.34,211.42,150.74,-24.92,-103.53,Rubber,Clay Loam,0.521,0.245,746.28,9,0.283,2322.43,23.342
12.883,108.158,6,643,3.64,30.8,21.2,5.5,36.1,33.1,30.1,24.75,5.04,84.49,16.64,12,-3.85,-5.19,-5.49,-5.13,2.87,2.02,9.17,1.47,8.91,1.97,-2.38,-4.35,Rubber,Clay Loam,0.484,0.249,26.39,7,0.347,3.251.955,20.57
12.883,108.39,6,539,3.64,31.1,26.7,5.9,39.1,29.7,33.9,24.75,5.04,84.49,16.64,12,-3.85,-5.19,-5.49,-5.13,2.87,2.02,9.17,1.47,8.91,1.97,-2.38,-4.35,Rubber,Clay Loam,0.484,0.248,26.39,7,0.347,2.384.767,21.246
12.889,108.248,5,639,7.69,34.8,2.04,5.7,35.6,29.6,31.6,24.7,138.1,83.27,17.08,4,-159.26,-166.84,-154.61,-137.12,20.29,47.68,185.83,130.34,211.42,150.74,-24.92,-103.53,Rubber,Clay Loam,0.521,0.252,746.28,9,0.283,2744.69,20.546
12.891,107.615,5,213,3.64,34.5,20.7,5.9,35.5,30,21.8,25.86,8.09,82.95,17.53,12,-6.57,-7.33,-7.36,-6.7,2.7,5.61,18.96,4.97,9.12,-0.51,-5.8,-7.04,Rubber,Clay Loam,0.568,0.239,41.31,7,0.458,2.384.767,24.476
12.893,108.222,6,709,2.31,33.6,2.38,5.5,34.7,31.7,27.2,24.7,138.1,83.27,17.08,4,-159.26,-166.84,-154.61,-137.12,20.29,47.68,185.83,130.34,211.42,150.74,-24.92,-103.53,Rubber,Clay Loam,0.521,0.248,746.28,9,0.283,3166.95,20.092
12.894,108.23,6,708,3.64,35.4,24,5.5,35.4,29.3,29.1,24.75,5.04,84.49,16.64,12,-3.85,-5.19,-5.49,-5.13,2.87,2.02,9.17,1.47,8.91,1.97,-2.38,-4.35,Rubber,Clay Loam,0.484,0.249,26.39,7,0.347,3.251.955,20.148
12.895,107.788,5,183,0,30.5,2,5.7,35.4,34.1,23.3,25.82,227.9,82.05,17.87,4,-222.95,-224.84,-212.6,-186.27,25.42,125.85,462.77,319.67,217.47,42.22,-150.03,-196.73,Rubber,Clay Loam,0.597,0.241,1193.42,7,0.388,3580.59,24.63
12.899,107.909,5,228,0.74,36.6,2.29,5.9,34.3,29.1,25.2,24.7,138.1,83.27,17.87,4,-159.26,-166.84,-154.61,-137.12,20.29,47.68,185.83,130.34,211.42,150.74,-24.92,-103.53,Rubber,Clay Loam,0.521,0.246,746.28,9,0.283,2322.43,23.218
12.902,108.185,6,703,1.58,32.6,2.2,5.5,34.6,32.8,28.4,24.7,138.1,83.27,17.08,4,-159.26,-166.84,-154.61,-137.12,20.29,47.68,185.83,130.34,211.42,150.74,-24.92,-103.53,Rubber,Clay Loam,0.521,0.25,746.28,9,0.283,3166.95,20.13
12.906,108.333,5,624,4.93,33,2.13,6,36.6,30.4,28.3,24.7,138.1,83.27,17.08,4,-159.26,-166.84,-154.61,-137.12,20.29,47.68,185.83,130.34,211.42,150.74,-24.92,-103.53,Rubber,Clay Loam,0.521,0.245,746.28,9,0.283,2111.3,20.644
12.913,108.103,5,570,1.63,33.1,1.99,5.5,33.8,33.2,32.2,24.7,138.1,83.27,17.08,4,-159.26,-166.84,-154.61,-137.12,20.29,47.68,185.83,130.34,211.42,150.74,-24.92,-103.53,Rubber,Clay Loam,0.521,0.257,746.28,9,0.283,3166.95,20.995
12.913,108.22,5,702,4.74,32.8,2.4,5.5,34.2,33,34.6,24.7,138.1,83.27,17.08,4,-159.26,-166.84,-154.61,-137.12,20.29,47.68,185.83,130.34,211.42,150.74,-24.92,-103.53,Rubber,Clay Loam,0.521,0.26,746.28,9,0.283,3166.95,20.137
12.915,107.835,5,217,3.64,29.5,25.1,5.7,34.7,35.8,22.9,24.75,5.04,84.49,17.53,12,-3.85,-5.19,-5.49,-5.13,2.87,2.02,9.17,1.47,8.91,1.97,-2.38,-4.35,Rubber,Clay Loam,0.484,0.242,26.39,7,0.347,2.818.361,23.34
12.917,107.94,6,300,3.64,30.8,20.9,5.8,37.5,31.7,22.8,24.75,5.04,84.49,17.53,12,-3.85,-5.19,-5.49,-5.13,2.87,2.02,9.17,1.47,8.91,1.97,-2.38,-4.35,Rubber,Clay Loam,0.484,0.236,26.39,7,0.347,2.601.564,22.8
12.919,108.395,5,555,3.64,30,18.4,5.9,38.7,31.3,25.3,24.75,5.04,84.49,16.64,12,-3.85,-5.19,-5.49,-5.13,2.87,2.02,9.17,1.47,8.91,1.97,-2.38,-4.35,Rubber,Clay Loam,0.484,0.236,26.39,7,0.347,2.384.767,21.142
12.923,107.896,6,255,2.12,33.9,2.11,5.9,33.7,32.4,20.4,24.7,138.1,83.27,17.87,4,-159.26,-166.84,-154.61,-137.12,20.29,47.68,185.83,130.34,211.42,150.74,-24.92,-103.53,Rubber,Clay Loam,0.521,0.241,746.28,9,0.283,2322.43,23.042
12.924,107.848,5,299,11.6,29.6,2.5,5.7,34.4,35.9,25.7,24.7,138.1,83.27,17.87,4,-159.26,-166.84,-154.61,-137.12,20.29,47.68,185.83,130.34,211.42,150.74,-24.92,-103.53,Rubber,Clay Loam,0.521,0.247,746.28,9,0.283,2744.69,22.756
12.926,107.96,6,354,2.78,29.7,2.33,6,37.4,32.9,21.7,24.7,138.1,83.27,17.87,4,-159.26,-166.84,-154.61,-137.12,20.29,47.68,185.83,130.34,211.42,150.74,-24.92,-103.53,Rubber,Clay Loam,0.521,0.234,746.28,9,0.283,2111.3,22.399
12.928,107.917,5,264,0.74,32.7,2.26,6,35.4,31.9,25.4,24.7,138.1,83.27,17.87,4,-159.26,-166.84,-154.61,-137.12,20.29,47.68,185.83,130.34,211.42,150.74,-24.92,-103.53,Rubber,Clay Loam,0.521,0.244,746.28,9,0.283,2111.3,22.984
12.93,107.991,6,371,2.21,32.5,2.66,5.8,34.5,32.9,25.3,24.7,138.1,83.27,17.87,4,-159.26,-166.84,-154.61,-137.12,20.29,47.68,185.83,130.34,211.42,150.74,-24.92,-103.53,Rubber,Clay Loam,0.521,0.246,746.28,9,0.283,2533.56,22.288
12.93,108.324,5,684,2.69,30.8,2.15,5.9,36.7,32.5,27.5,24.7,138.1,83.27,17.08,4,-159.26,-166.84,-154.61,-137.12,20.29,47.68,185.83,130.34,211.42,150.74,-24.92,-103.53,Rubber,Clay Loam,0.521,0.244,746.28,9,0.283,2322.43,20.254
12.931,107.955,6,357,2.78,30.2,2.17,5.9,36.8,33,24.6,24.7,138.1,83.27,17.87,4,-159.26,-166.84,-154.61,-137.12,20.29,47.68,185.83,130.34,211.42,150.74,-24.92,-103.53,Rubber,Clay Loam,0.521,0.24,746.28,9,0.283,2322.43,22.38
12.934,107.643,6,191,0.53,38.3,2.01,5.8,31.8,29.8,21.4,25.82,227.9,82.05,17.87,4,-222.95,-224.84,-212.6,-186.27,25.42,125.85,462.77,319.67,217.47,42.22,-150.03,-196.73,Rubber,Clay Loam,0.597,0.247,1193.42,7,0.388,3305.16,24.578
12.934,107.735,6,253,15.17,33.1,2.6,5.7,34.3,32.6,35.4,25.82,227.9,82.05,17.87,4,-222.95,-224.84,-212.6,-186.27,25.42,125.85,462.77,319.67,217.47,42.22,-150.03,-196.73,Rubber,Clay Loam,0.597,0.261,1193.42,7,0.388,3580.59,24.176
12.942,107.668,6,180,1.17,39.1,2.76,5.7,31.3,29.6,29.2,25.82,227.9,82.05,17.87,4,-222.95,-224.84,-212.6,-186.27,25.42,125.85,462.77,319.67,217.47,42.22,-150.03,-196.73,Rubber,Clay Loam,0.597,0.259,1193.42,7,0.388,3580.59,24.65
12.952,107.607,6,178,1.03,38.4,2.04,5.8,31.2,30.4,22.3,25.82,227.9,82.05,17.87,4,-222.95,-224.84,-212.6,-186.27,25.42,125.85,462.77,319.67,217.47,42.22,-150.03,-196.73,Rubber,Clay Loam,0.597,0.249,1193.42,7,0.388,3305.16,24.663
12.954,108.356,5,678,0.53,31.8,2.4,5.7,38.7,29.5,32.3,24.7,138.1,83.27,17.08,4,-159.26,-166.84,-154.61,-137.12,20.29,47.68,185.83,130.34,211.42,150.74,-24.92,-103.53,Rubber,Clay Loam,0.521,0.246,746.28,9,0.283,2744.69,20.293
12.956,108.092,5,520,3.68,32.4,2.6,5.6,36.2,31.5,29.9,24.7,138.1,83.27,17.08,4,-159.26,-166.84,-154.61,-137.12,20.29,47.68,185.83,130.34,211.42,150.74,-24.92,-103.53,Rubber,Clay Loam,0.521,0.249,746.28,9,0.283,2955.82,21.32
12.956,108.32,5,739,1.47,32.4,1.9,5.8,36.6,30.9,26.1,24.7,138.1,83.27,17.08,4,-159.26,-166.84,-154.61,-137.12,20.29,47.68,185.83,130.34,211.42,150.74,-24.92,-103.53,Rubber,Clay Loam,0.521,0.242,746.28,9,0.283,2533.56,19.896
12.961,107.771,5,229,1.47,29.6,2.26,5.8,38.6,31.7,24.5,25.82,227.9,82.05,17.87,4,-222.95,-224.84,-212.6,-186.27,25.42,125.85,462.77,319.67,217.47,42.22,-150.03,-196.73,Rubber,Clay Loam,0.597,0.236,1193.42,7,0.388,3305.16,24.332
12.961,108.218,5,708,4.93,34.4,2.36,5.5,36.5,29,34.5,24.7,138.1,83.27,17.08,4,-159.26,-166.84,-154.61,-137.12,20.29,47.68,185.83,130.34,211.42,150.74,-24.92,-103.53,Rubber,Clay Loam,0.521,0.254,746.28,9,0.283,3166.95,20.098
12.964,108.085,6,486,4.14,30.2,2.4,5.7,35.3,34.5,35.2,24.7,138.1,83.27,17.08,4,-159.26,-166.84,-154.61,-137.12,20.29,47.68,185.83,130.34,211.42,150.74,-24.92,-103.53,Rubber,Clay Loam,0.521,0.258,746.28,9,0.283,2744.69,21.541
12.964,108.358,6,659,3.52,35,2.04,5.7,36.2,28.8,31.4,24.7,138.1,83.27,17.08,4,-159.26,-166.84,-154.61,-137.12,20.29,47.68,185.83,130.34,211.42,150.74,-24.92,-103.53,Rubber,Clay Loam,0.521,0.251,746.28,9,0.283,2744.69,20.416
12.968,108.232,5,752,1.87,33.8,1.84,5.7,34.8,31.4,24.6,24.7,138.1,83.27,17.08,4,-159.26,-166.84,-154.61,-137.12,20.29,47.68,185.83,130.34,211.42,150.74,-24.92,-103.53,Rubber,Clay Loam,0.521,0.244,746.28,9,0.283,2744.69,19.812
12.969,107.955,6,301,3.26,31.9,2.78,5.5,36.5,31.6,31.9,24.7,138.1,83.27,17.87,4,-159.26,-166.84,-154.61,-137.12,20.29,47.68,185.83,130.34,211.42,150.74,-24.92,-103.53,Rubber,Clay Loam,0.521,0.251,746.28,9,0.283,3166.95,22.744
12.97,107.768,5,234,3.64,32.9,23.3,5.7,36.7,30.5,26,25.86,8.09,82.95,17.53,12,-6.57,-7.33,-7.36,-6.7,2.7,5.61,18.96,4.97,9.12,-0.51,-5.8,-7.04,Rubber,Clay Loam,0.568,0.242,41.31,7,0.458,2.818.361,24.339
12.973,108.336,5,702,3.64,33.8,23.7,5.6,38.6,27.7,32.5,24.75,5.04,84.49,16.64,12,-3.85,-5.19,-5.49,-5.13,2.87,2.02,9.17,1.47,8.91,1.97,-2.38,-4.35,Rubber,Clay Loam,0.484,0.247,26.39,7,0.347,3.035.158,20.187
12.974,108.453,6,618,3.64,34.5,22.7,5.9,36.2,29.2,30.5,24.28,4.01,86.9,16.64,12,-2.28,-4.3,-5.22,-4.96,1.43,-0.34,3.67,-1.16,7.2,6.13,2.22,-2.39,Rubber,Clay Loam,0.398,0.249,20.65,9,0.349,2.384.767,20.263
12.977,108.269,6,728,3.73,35.3,2.55,5.5,33.1,31.6,36.3,24.7,138.1,83.27,17.08,4,-159.26,-166.84,-154.61,-137.12,20.29,47.68,185.83,130.34,211.42,150.74,-24.92,-103.53,Rubber,Clay Loam,0.521,0.265,746.28,9,0.283,3166.95,19.968
12.987,107.92,6,237,1.67,34.3,2.18,5.8,35.2,30.6,22.5,24.7,138.1,83.27,17.87,4,-159.26,-166.84,-154.61,-137.12,20.29,47.68,185.83,130.34,211.42,150.74,-24.92,-103.53,Rubber,Clay Loam,0.521,0.241,746.28,9,0.283,2533.56,23.159
12.988,107.903,6,239,1.63,32.1,2.1,5.9,34.5,33.4,21.7,24.7,138.1,83.27,17.87,4,-159.26,-166.84,-154.61,-137.12,20.29,47.68,185.83,130.34,211.42,150.74,-24.92,-103.53,Rubber,Clay Loam,0.521,0.241,746.28,9,0.283,2322.43,23.146
12.988,108.225,5,715,8.11,32.9,2.28,5.5,36.1,31,33.9,24.7,138.1,83.27,17.08,4,-159.26,-166.84,-154.61,-137.12,20.29,47.68,185.83,130.34,211.42,150.74,-24.92,-103.53,Rubber,Clay Loam,0.521,0.254,746.28,9,0.283,3166.95,20.052
12.99,107.815,5,260,3.74,30.1,2.21,5.7,37.2,32.7,21.7,24.7,138.1,83.27,17.87,4,-159.26,-166.84,-154.61,-137.12,20.29,47.68,185.83,130.34,211.42,150.74,-24.92,-103.53,Rubber,Clay Loam,0.521,0.235,746.28,9,0.283,2744.69,23.01
12.992,108.24,6,782,5.29,33.5,2.37,5.5,33.9,32.7,33.7,24.7,138.1,83.27,17.08,4,-159.26,-166.84,-154.61,-137.12,20.29,47.68,185.83,130.34,211.42,150.74,-24.92,-103.53,Rubber,Clay Loam,0.521,0.259,746.28,9,0.283,3166.95,19.617
12.993,108.267,6,724,11.98,34.1,2.72,5.5,33.4,32.5,40.6,24.7,138.1,83.27,17.08,4,-159.26,-166.84,-154.61,-137.12,20.29,47.68,185.83,130.34,211.42,150.74,-24.92,-103.53,Rubber,Clay Loam,0.521,0.27,746.28,9,0.283,3166.95,19.994
12.995,107.927,5,225,3.64,34,22.4,5.9,34.7,31.3,24.3,24.75,5.04,84.49,17.53,12,-3.85,-5.19,-5.49,-5.13,2.87,2.02,9.17,1.47,8.91,1.97,-2.38,-4.35,Rubber,Clay Loam,0.484,0.244,26.39,7,0.347,2.384.767,23.288
12.998,107.764,6,268,14.77,34.9,2.75,5.5,34.4,30.7,31.3,25.82,227.9,82.05,17.87,4,-222.95,-224.84,-212.6,-186.27,25.42,125.85,462.77,319.67,217.47,42.22,-150.03,-196.73,Rubber,Clay Loam,0.597,0.255,1193.42,7,0.388,4131.45,24.078
12.999,108.468,5,643,3.64,32,27.3,5.8,37.3,30.7,50.8,24.28,4.01,86.9,16.64,12,-2.28,-4.3,-5.22,-4.96,1.43,-0.34,3.67,-1.16,7.2,6.13,2.22,-2.39,Rubber,Clay Loam,0.398,0.275,20.65,9,0.349,2.601.564,20.1
13,108.328,6,720,4.81,35.8,2.13,5.7,34.7,29.5,30.1,24.7,138.1,83.27,17.08,4,-159.26,-166.84,-154.61,-137.12,20.29,47.68,185.83,130.34,211.42,150.74,-24.92,-103.53,Rubber,Clay Loam,0.521,0.252,746.28,9,0.283,2744.69,20.02
13.003,108.116,6,523,1.87,30.3,2.99,5.8,35.3,34.4,31.3,24.7,138.1,83.27,17.25,4,-159.26,-166.84,-154.61,-137.12,20.29,47.68,185.83,130.34,211.42,150.74,-24.92,-103.53,Rubber,Clay Loam,0.521,0.253,746.28,9,0.283,2533.56,21.3
13.01,107.987,6,240,3.33,36.7,2.3,5.8,34.8,28.5,28.1,24.7,138.1,83.27,18.14,4,-159.26,-166.84,-154.61,-137.12,20.29,47.68,185.83,130.34,211.42,150.74,-24.92,-103.53,Rubber,Clay Loam,0.521,0.249,746.28,9,0.283,2533.56,23.14
13.011,107.935,6,236,5.08,37,2.28,5.8,35.7,27.3,25,24.7,138.1,83.27,18.14,4,-159.26,-166.84,-154.61,-137.12,20.29,47.68,185.83,130.34,211.42,150.74,-24.92,-103.53,Rubber,Clay Loam,0.521,0.243,746.28,9,0.283,2533.56,23.166
13.023,107.841,6,219,3.64,35.7,21.1,5.8,34.3,30,23.7,24.75,5.04,84.49,17.67,12,-3.85,-5.19,-5.49,-5.13,2.87,2.02,9.17,1.47,8.91,1.97,-2.38,-4.35,Rubber,Clay Loam,0.484,0.244,26.39,7,0.347,2.601.564,23.326
13.024,107.78,5,231,4.42,38.5,2.42,5.7,32.4,29,28.6,25.82,227.9,82.05,18.14,4,-222.95,-224.84,-212.6,-186.27,25.42,125.85,462.77,319.67,217.47,42.22,-150.03,-196.73,Rubber,Clay Loam,0.597,0.256,1193.42,7,0.388,3580.59,24.318
13.025,107.998,5,237,5.79,32.1,2.04,5.8,34.8,33.1,23,24.7,138.1,83.27,18.14,4,-159.26,-166.84,-154.61,-137.12,20.29,47.68,185.83,130.34,211.42,150.74,-24.92,-103.53,Rubber,Clay Loam,0.521,0.242,746.28,9,0.283,2533.56,23.159
13.027,108.029,5,381,3.64,31.6,27.9,5.6,35.9,32.5,33.1,24.75,5.04,84.49,16.78,12,-3.85,-5.19,-5.49,-5.13,2.87,2.02,9.17,1.47,8.91,1.97,-2.38,-4.35,Rubber,Clay Loam,0.484,0.254,26.39,7,0.347,3.035.158,22.274
13.032,107.876,6,211,1.18,34.1,1.99,6,33.7,32.2,21.9,24.7,138.1,83.27,18.14,4,-159.26,-166.84,-154.61,-137.12,20.29,47.68,185.83,130.34,211.42,150.74,-24.92,-103.53,Rubber,Clay Loam,0.521,0.243,746.28,9,0.283,2111.3,23.328
13.035,107.783,5,226,3.64,34.3,22.9,5.7,35.4,30.2,28,25.86,8.09,82.95,17.67,12,-6.57,-7.33,-7.36,-6.7,2.7,5.61,18.96,4.97,9.12,-0.51,-5.8,-7.04,Rubber,Clay Loam,0.568,0.248,41.31,7,0.458,2.818.361,24.391
13.044,107.959,5,214,0,32.4,2.49,5.7,34.2,33.4,23.1,24.7,138.1,83.27,18.14,4,-159.26,-166.84,-154.61,-137.12,20.29,47.68,185.83,130.34,211.42,150.74,-24.92,-103.53,Rubber,Clay Loam,0.521,0.244,746.28,9,0.283,2744.69,23.309
13.045,107.719,5,219,3.64,35.2,22.3,5.7,31.7,33.1,23.2,25.86,8.09,82.95,17.67,12,-6.57,-7.33,-7.36,-6.7,2.7,5.61,18.96,4.97,9.12,-0.51,-5.8,-7.04,Rubber,Clay Loam,0.568,0.25,41.31,7,0.458,2.818.361,24.436
13.046,108.263,6,721,5.49,35.1,2.37,5.6,33.8,31.1,41.6,24.7,138.1,83.27,17.25,4,-159.26,-166.84,-154.61,-137.12,20.29,47.68,185.83,130.34,211.42,150.74,-24.92,-103.53,Rubber,Clay Loam,0.521,0.27,746.28,9,0.283,2955.82,20.014
13.055,108.072,5,402,1.16,32.1,2.49,5.6,34.3,33.7,32.3,24.7,138.1,83.27,17.25,4,-159.26,-166.84,-154.61,-137.12,20.29,47.68,185.83,130.34,211.42,150.74,-24.92,-103.53,Rubber,Clay Loam,0.521,0.256,746.28,9,0.283,2955.82,22.087
13.055,108.223,6,732,4.46,36.6,2.27,5.5,34.4,28.9,37.6,24.7,138.1,83.27,17.25,4,-159.26,-166.84,-154.61,-137.12,20.29,47.68,185.83,130.34,211.42,150.74,-24.92,-103.53,Rubber,Clay Loam,0.521,0.264,746.28,9,0.283,3166.95,19.942
13.056,107.89,5,200,1.06,38.2,2.32,5.9,31.5,30.3,34.2,24.7,138.1,83.27,18.14,4,-159.26,-166.84,-154.61,-137.12,20.29,47.68,185.83,130.34,211.42,150.74,-24.92,-103.53,Rubber,Clay Loam,0.521,0.265,746.28,9,0.283,2322.43,23.4
13.057,108.334,5,752,4.94,34.6,2.16,5.7,33.1,32.3,39.9,24.7,138.1,83.27,17.25,4,-159.26,-166.84,-154.61,-137.12,20.29,47.68,185.83,130.34,211.42,150.74,-24.92,-103.53,Rubber,Clay Loam,0.521,0.27,746.28,9,0.283,2744.69,19.812
13.061,107.766,5,212,1.03,33.7,2.28,5.8,36.8,29.5,27,25.82,227.9,82.05,18.14,4,-222.95,-224.84,-212.6,-186.27,25.42,125.85,462.77,319.67,217.47,42.22,-150.03,-196.73,Rubber,Clay Loam,0.597,0.243,1193.42,7,0.388,3305.16,24.442
13.063,107.953,6,230,3.21,29.4,1.9,5.7,36.3,34.3,26.2,24.7,138.1,83.27,18.14,4,-159.26,-166.84,-154.61,-137.12,20.29,47.68,185.83,130.34,211.42,150.74,-24.92,-103.53,Rubber,Clay Loam,0.521,0.243,746.28,9,0.283,2744.69,23.205
13.064,107.86,5,193,1.03,34.8,2.24,5.9,33.4,31.8,24.7,24.7,138.1,83.27,18.14,4,-159.26,-166.84,-154.61,-137.12,20.29,47.68,185.83,130.34,211.42,150.74,-24.92,-103.53,Rubber,Clay Loam,0.521,0.248,746.28,9,0.283,2322.43,23.446
13.065,107.618,5,337,14.93,33.5,2.62,5.6,36.4,30.1,42.5,25.82,227.9,82.05,18.14,4,-222.95,-224.84,-212.6,-186.27,25.42,125.85,462.77,319.67,217.47,42.22,-150.03,-196.73,Rubber,Clay Loam,0.597,0.266,1193.42,7,0.388,3856.02,23.63
13.065,107.639,6,218,2.12,30.9,2.11,5.7,38.2,30.9,23.1,25.82,227.9,82.05,18.14,4,-222.95,-224.84,-212.6,-186.27,25.42,125.85,462.77,319.67,217.47,42.22,-150.03,-196.73,Rubber,Clay Loam,0.597,0.234,1193.42,7,0.388,3580.59,24.403
13.065,107.757,5,204,0,31.8,2.24,5.8,37.1,31.1,29.7,25.82,227.9,82.05,18.14,4,-222.95,-224.84,-212.6,-186.27,25.42,125.85,462.77,319.67,217.47,42.22,-150.03,-196.73,Rubber,Clay Loam,0.597,0.246,1193.42,7,0.388,3305.16,24.494
13.066,108.201,6,639,7.51,36.4,2.68,5.6,35.5,28.2,29.9,24.7,138.1,83.27,17.25,4,-159.26,-166.84,-154.61,-137.12,20.29,47.68,185.83,130.34,211.42,150.74,-24.92,-103.53,Rubber,Clay Loam,0.521,0.25,746.28,9,0.283,2955.82,20.546
13.067,107.792,5,213,1.06,34,1.9,5.9,31.9,34.1,22.7,25.82,227.9,82.05,18.14,4,-222.95,-224.84,-212.6,-186.27,25.42,125.85,462.77,319.67,217.47,42.22,-150.03,-196.73,Rubber,Clay Loam,0.597,0.248,1193.42,7,0.388,3029.73,24.436
13.067,108.064,5,401,6.86,32,2.13,5.8,33.3,34.6,23.8,24.7,138.1,83.27,17.25,4,-159.26,-166.84,-154.61,-137.12,20.29,47.68,185.83,130.34,211.42,150.74,-24.92,-103.53,Rubber,Clay Loam,0.521,0.247,746.28,9,0.283,2533.56,22.094
13.067,108.147,5,556,14.02,32.5,2.61,5.7,35,32.5,31.6,24.7,138.1,83.27,17.25,4,-159.26,-166.84,-154.61,-137.12,20.29,47.68,185.83,130.34,211.42,150.74,-24.92,-103.53,Rubber,Clay Loam,0.521,0.254,746.28,9,0.283,2744.69,21.086
13.069,108.198,6,672,7.47,33.5,2.69,5.7,37.3,29.2,30.7,24.7,138.1,83.27,17.25,4,-159.26,-166.84,-154.61,-137.12,20.29,47.68,185.83,130.34,211.42,150.74,-24.92,-103.53,Rubber,Clay Loam,0.521,0.247,746.28,9,0.283,2744.69,20.332
13.07,107.645,6,232,3.64,32.7,22.7,5.6,36.8,30.5,28.8,25.86,8.09,82.95,17.67,12,-6.57,-7.33,-7.36,-6.7,2.7,5.61,18.96,4.97,9.12,-0.51,-5.8,-7.04,Rubber,Clay Loam,0.568,0.246,41.31,7,0.458,3.035.158,24.352
13.073,108.468,6,846,3.64,32.1,23.3,5.8,37,30.9,30.4,24.28,4.01,86.9,16.78,12,-2.28,-4.3,-5.22,-4.96,1.43,-0.34,3.67,-1.16,7.2,6.13,2.22,-2.39,Rubber,Clay Loam,0.398,0.247,20.65,9,0.349,2.601.564,18.781
13.076,107.702,6,200,3.64,31.1,18.8,5.8,36.7,32.2,24.8,25.86,8.09,82.95,17.67,12,-6.57,-7.33,-7.36,-6.7,2.7,5.61,18.96,4.97,9.12,-0.51,-5.8,-7.04,Rubber,Clay Loam,0.568,0.24,41.31,7,0.458,2.601.564,24.56
13.076,107.845,6,189,1.18,36,2.17,5.8,34.3,29.7,23.8,24.7,138.1,83.27,18.14,4,-159.26,-166.84,-154.61,-137.12,20.29,47.68,185.83,130.34,211.42,150.74,-24.92,-103.53,Rubber,Clay Loam,0.521,0.244,746.28,9,0.283,2533.56,23.472
13.08,107.608,6,236,5.17,31.1,2.8,5.6,37.9,31,33.2,25.82,227.9,82.05,18.14,4,-222.95,-224.84,-212.6,-186.27,25.42,125.85,462.77,319.67,217.47,42.22,-150.03,-196.73,Rubber,Clay Loam,0.597,0.249,1193.42,7,0.388,3856.02,24.286
13.08,107.706,6,196,1.16,36,2.06,5.8,31.4,32.6,23.7,25.82,227.9,82.05,18.14,4,-222.95,-224.84,-212.6,-186.27,25.42,125.85,462.77,319.67,217.47,42.22,-150.03,-196.73,Rubber,Clay Loam,0.597,0.251,1193.42,7,0.388,3305.16,24.546
13.083,107.736,5,205,0.53,35.5,1.94,5.8,31.1,33.3,23.7,25.82,227.9,82.05,18.14,4,-222.95,-224.84,-212.6,-186.27,25.42,125.85,462.77,319.67,217.47,42.22,-150.03,-196.73,Rubber,Clay Loam,0.597,0.252,1193.42,7,0.388,3305.16,24.488
13.085,107.765,6,193,1.16,36.6,2.19,5.9,31.9,31.4,24.1,25.82,227.9,82.05,18.14,4,-222.95,-224.84,-212.6,-186.27,25.42,125.85,462.77,319.67,217.47,42.22,-150.03,-196.73,Rubber,Clay Loam,0.597,0.25,1193.42,7,0.388,3029.73,24.566
13.087,107.604,5,204,7.39,31.7,2.08,5.7,38.9,29.4,27.8,25.82,227.9,82.05,18.14,4,-222.95,-224.84,-212.6,-186.27,25.42,125.85,462.77,319.67,217.47,42.22,-150.03,-196.73,Rubber,Clay Loam,0.597,0.239,1193.42,7,0.388,3580.59,24.494
13.087,107.798,5,189,3.64,33.5,21.3,5.8,33.3,33.2,24.9,25.86,8.09,82.95,17.67,12,-6.57,-7.33,-7.36,-6.7,2.7,5.61,18.96,4.97,9.12,-0.51,-5.8,-7.04,Rubber,Clay Loam,0.568,0.248,41.31,7,0.458,2.601.564,24.632
13.088,108.171,5,638,3.64,33.2,26.2,5.8,38.1,28.7,23.8,24.75,5.04,84.49,16.78,12,-3.85,-5.19,-5.49,-5.13,2.87,2.02,9.17,1.47,8.91,1.97,-2.38,-4.35,Rubber,Clay Loam,0.484,0.236,26.39,7,0.347,2.601.564,20.603
13.09,107.797,5,188,0.51,34.2,2.19,5.8,32.6,33.1,25.2,25.82,227.9,82.05,18.14,4,-222.95,-224.84,-212.6,-186.27,25.42,125.85,462.77,319.67,217.47,42.22,-150.03,-196.73,Rubber,Clay Loam,0.597,0.25,1193.42,7,0.388,3305.16,24.598
13.091,107.946,5,230,3.64,35.3,19.4,5.9,34.8,29.9,20.2,24.75,5.04,84.49,17.67,12,-3.85,-5.19,-5.49,-5.13,2.87,2.02,9.17,1.47,8.91,1.97,-2.38,-4.35,Rubber,Clay Loam,0.484,0.238,26.39,7,0.347,2.384.767,23.255
13.093,107.907,5,196,3.64,33.8,19.6,5.9,34.7,31.5,22.9,24.75,5.04,84.49,17.67,12,-3.85,-5.19,-5.49,-5.13,2.87,2.02,9.17,1.47,8.91,1.97,-2.38,-4.35,Rubber,Clay Loam,0.484,0.242,26.39,7,0.347,2.384.767,23.476
13.1,107.87,6,187,1.67,36.7,2.01,6,33.1,30.1,27.1,24.7,138.1,83.27,18.14,4,-159.26,-166.84,-154.61,-137.12,20.29,47.68,185.83,130.34,211.42,150.74,-24.92,-103.53,Rubber,Clay Loam,0.521,0.252,746.28,9,0.283,2111.3,23.484
13.105,107.616,5,178,3.64,34.3,19,5.9,33.2,32.5,29.7,25.86,8.09,82.95,17.67,12,-6.57,-7.33,-7.36,-6.7,2.7,5.61,18.96,4.97,9.12,-0.51,-5.8,-7.04,Rubber,Clay Loam,0.568,0.255,41.31,7,0.458,2.384.767,24.703
13.106,107.996,5,289,3.64,36.8,27.3,5.7,33.5,29.7,29.9,24.75,5.04,84.49,17.67,12,-3.85,-5.19,-5.49,-5.13,2.87,2.02,9.17,1.47,8.91,1.97,-2.38,-4.35,Rubber,Clay Loam,0.484,0.255,26.39,7,0.347,2.818.361,22.872
13.107,107.925,6,224,3.64,33.7,23.4,5.8,32.1,34.2,28.3,24.75,5.04,84.49,17.67,12,-3.85,-5.19,-5.49,-5.13,2.87,2.02,9.17,1.47,8.91,1.97,-2.38,-4.35,Rubber,Clay Loam,0.484,0.256,26.39,7,0.347,2.601.564,23.294
13.11,107.985,6,287,9.27,37.9,2.22,5.9,33.2,28.9,26.2,24.7,138.1,83.27,18.14,4,-159.26,-166.84,-154.61,-137.12,20.29,47.68,185.83,130.34,211.42,150.74,-24.92,-103.53,Rubber,Clay Loam,0.521,0.25,746.28,9,0.283,2322.43,22.834
13.112,107.986,5,256,10.3,38.7,2.35,5.9,32.7,28.6,27.8,24.7,138.1,83.27,18.14,4,-159.26,-166.84,-154.61,-137.12,20.29,47.68,185.83,130.34,211.42,150.74,-24.92,-103.53,Rubber,Clay Loam,0.521,0.254,746.28,9,0.283,2322.43,23.036
13.116,107.868,5,186,1.16,36.6,2.22,5.9,31.9,31.5,27.7,24.7,138.1,83.27,18.14,4,-159.26,-166.84,-154.61,-137.12,20.29,47.68,185.83,130.34,211.42,150.74,-24.92,-103.53,Rubber,Clay Loam,0.521,0.255,746.28,9,0.283,2322.43,23.491
13.118,107.775,6,193,0.74,34.4,2.05,5.9,31.9,33.7,23.2,25.82,227.9,82.05,18.14,4,-222.95,-224.84,-212.6,-186.27,25.42,125.85,462.77,319.67,217.47,42.22,-150.03,-196.73,Rubber,Clay Loam,0.597,0.249,1193.42,7,0.388,3029.73,24.566
13.123,108.053,6,372,3.64,36.2,26.5,5.7,32.7,31.1,28.1,24.75,5.04,84.49,16.78,12,-3.85,-5.19,-5.49,-5.13,2.87,2.02,9.17,1.47,8.91,1.97,-2.38,-4.35,Rubber,Clay Loam,0.484,0.254,26.39,7,0.347,2.818.361,22.332
13.124,107.617,5,181,3.64,34.1,17.9,6.1,33.2,32.7,19.8,25.86,8.09,82.95,17.67,12,-6.57,-7.33,-7.36,-6.7,2.7,5.61,18.96,4.97,9.12,-0.51,-5.8,-7.04,Rubber,Clay Loam,0.568,0.241,41.31,7,0.458,1.951.173,24.684
13.129,107.683,6,191,3.64,35,18.7,5.9,32.5,32.5,24.9,25.86,8.09,82.95,17.67,12,-6.57,-7.33,-7.36,-6.7,2.7,5.61,18.96,4.97,9.12,-0.51,-5.8,-7.04,Rubber,Clay Loam,0.568,0.25,41.31,7,0.458,2.384.767,24.618
13.13,107.903,5,198,0.53,32.5,2.04,6,34,33.5,25.1,24.7,138.1,83.27,18.14,4,-159.26,-166.84,-154.61,-137.12,20.29,47.68,185.83,130.34,211.42,150.74,-24.92,-103.53,Rubber,Clay Loam,0.521,0.247,746.28,9,0.283,2111.3,23.413
13.132,108.455,6,1002,3.64,34.6,30.9,5.7,33.7,31.8,37,24.28,4.01,86.9,16.78,12,-2.28,-4.3,-5.22,-4.96,1.43,-0.34,3.67,-1.16,7.2,6.13,2.22,-2.39,Rubber,Clay Loam,0.398,0.264,20.65,9,0.349,2.818.361,17.767
13.133,107.978,6,234,1.03,36.8,2.39,5.7,34.6,28.6,27.7,24.7,138.1,83.27,18.14,4,-159.26,-166.84,-154.61,-137.12,20.29,47.68,185.83,130.34,211.42,150.74,-24.92,-103.53,Rubber,Clay Loam,0.521,0.249,746.28,9,0.283,2744.69,23.179
13.134,107.827,5,177,0.51,33.9,2.4,6,33.3,32.8,23.7,24.7,138.1,83.27,18.14,4,-159.26,-166.84,-154.61,-137.12,20.29,47.68,185.83,130.34,211.42,150.74,-24.92,-103.53,Rubber,Clay Loam,0.521,0.247,746.28,9,0.283,2111.3,23.55
13.134,108.408,6,911,3.64,34.9,20.4,5.7,32.9,32.1,33.6,24.75,5.04,84.49,16.78,12,-3.85,-5.19,-5.49,-5.13,2.87,2.02,9.17,1.47,8.91,1.97,-2.38,-4.35,Rubber,Clay Loam,0.484,0.261,26.39,7,0.347,2.818.361,18.828
13.137,107.678,5,196,1.48,35.1,1.92,5.9,32.3,32.6,22.9,25.82,227.9,82.05,18.14,4,-222.95,-224.84,-212.6,-186.27,25.42,125.85,462.77,319.67,217.47,42.22,-150.03,-196.73,Rubber,Clay Loam,0.597,0.248,1193.42,7,0.388,3029.73,24.546
13.139,108.018,5,315,3.64,33.6,24.1,5.7,32.5,33.9,25.8,24.75,5.04,84.49,16.78,12,-3.85,-5.19,-5.49,-5.13,2.87,2.02,9.17,1.47,8.91,1.97,-2.38,-4.35,Rubber,Clay Loam,0.484,0.251,26.39,7,0.347,2.818.361,22.702
13.139,108.034,5,310,3.64,34.7,22.6,5.7,33,32.3,25.5,24.75,5.04,84.49,16.78,12,-3.85,-5.19,-5.49,-5.13,2.87,2.02,9.17,1.47,8.91,1.97,-2.38,-4.35,Rubber,Clay Loam,0.484,0.25,26.39,7,0.347,2.818.361,22.735
13.144,107.698,5,183,3.64,35.2,18.4,5.9,32.4,32.4,21.5,25.86,8.09,82.95,17.67,12,-6.57,-7.33,-7.36,-6.7,2.7,5.61,18.96,4.97,9.12,-0.51,-5.8,-7.04,Rubber,Clay Loam,0.568,0.246,41.31,7,0.458,2.384.767,24.67
13.146,107.648,6,174,3.64,32.5,20,6,34.3,33.2,24.5,25.86,8.09,82.95,17.67,12,-6.57,-7.33,-7.36,-6.7,2.7,5.61,18.96,4.97,9.12,-0.51,-5.8,-7.04,Rubber,Clay Loam,0.568,0.245,41.31,7,0.458,2167.97,24.729
13.147,107.861,5,184,1.16,35.9,2,5.9,33.5,30.6,22.2,24.7,138.1,83.27,18.14,4,-159.26,-166.84,-154.61,-137.12,20.29,47.68,185.83,130.34,211.42,150.74,-24.92,-103.53,Rubber,Clay Loam,0.521,0.244,746.28,9,0.283,2322.43,23.504
13.15,108.222,6,716,5.27,32.4,2.1,5.6,34.8,32.8,26.9,24.7,138.1,83.27,17.25,4,-159.26,-166.84,-154.61,-137.12,20.29,47.68,185.83,130.34,211.42,150.74,-24.92,-103.53,Rubber,Clay Loam,0.521,0.248,746.28,9,0.283,2955.82,20.046
13.153,107.985,6,343,11.75,31.6,2.6,5.7,35.6,32.8,30.6,24.7,138.1,83.27,18.14,4,-159.26,-166.84,-154.61,-137.12,20.29,47.68,185.83,130.34,211.42,150.74,-24.92,-103.53,Rubber,Clay Loam,0.521,0.251,746.28,9,0.283,2744.69,22.47
13.157,107.828,6,180,1.16,34.1,2.09,5.9,33.4,32.4,22.4,24.7,138.1,83.27,18.14,4,-159.26,-166.84,-154.61,-137.12,20.29,47.68,185.83,130.34,211.42,150.74,-24.92,-103.53,Rubber,Clay Loam,0.521,0.245,746.28,9,0.283,2322.43,23.53
13.161,107.674,6,190,1.18,35.9,1.82,6,33.3,30.8,23.3,25.82,227.9,82.05,18.14,4,-222.95,-224.84,-212.6,-186.27,25.42,125.85,462.77,319.67,217.47,42.22,-150.03,-196.73,Rubber,Clay Loam,0.597,0.246,1193.42,7,0.388,2754.3,24.585
13.161,107.774,5,177,3.64,35,19.2,5.9,31.9,33.1,22.6,25.86,8.09,82.95,17.67,12,-6.57,-7.33,-7.36,-6.7,2.7,5.61,18.96,4.97,9.12,-0.51,-5.8,-7.04,Rubber,Clay Loam,0.568,0.248,41.31,7,0.458,2.384.767,24.71
13.162,108.167,5,649,3.64,33,27.6,5.6,34.1,32.9,27.3,24.75,5.04,84.49,16.78,12,-3.85,-5.19,-5.49,-5.13,2.87,2.02,9.17,1.47,8.91,1.97,-2.38,-4.35,Rubber,Clay Loam,0.484,0.25,26.39,7,0.347,3.035.158,20.532
13.166,107.785,5,174,3.64,34.8,20.3,5.9,31.7,33.5,22.2,25.86,8.09,82.95,17.67,12,-6.57,-7.33,-7.36,-6.7,2.7,5.61,18.96,4.97,9.12,-0.51,-5.8,-7.04,Rubber,Clay Loam,0.568,0.248,41.31,7,0.458,2.384.767,24.729
13.169,108.151,6,607,7.02,30.6,3,5.7,36.6,32.8,27.8,24.7,138.1,83.27,17.25,4,-159.26,-166.84,-154.61,-137.12,20.29,47.68,185.83,130.34,211.42,150.74,-24.92,-103.53,Rubber,Clay Loam,0.521,0.245,746.28,9,0.283,2744.69,20.754
13.171,107.698,5,169,1.06,33.9,1.86,5.8,32.3,33.8,21.4,25.82,227.9,82.05,18.14,4,-222.95,-224.84,-212.6,-186.27,25.42,125.85,462.77,319.67,217.47,42.22,-150.03,-196.73,Rubber,Clay Loam,0.597,0.246,1193.42,7,0.388,3305.16,24.722
13.172,107.956,6,207,3.64,34,22.2,5.9,33.7,32.3,23.2,24.75,5.04,84.49,17.67,12,-3.85,-5.19,-5.49,-5.13,2.87,2.02,9.17,1.47,8.91,1.97,-2.38,-4.35,Rubber,Clay Loam,0.484,0.245,26.39,7,0.347,2.384.767,23.404
13.172,108.256,6,684,4.49,33.4,2.18,5.6,35.5,31.1,38.3,24.7,138.1,83.27,17.25,4,-159.26,-166.84,-154.61,-137.12,20.29,47.68,185.83,130.34,211.42,150.74,-24.92,-103.53,Rubber,Clay Loam,0.521,0.262,746.28,9,0.283,2955.82,20.254
13.172,108.287,5,727,14.49,35.8,2.34,5.8,35.7,28.4,25.4,24.7,138.1,83.27,17.25,4,-159.26,-166.84,-154.61,-137.12,20.29,47.68,185.83,130.34,211.42,150.74,-24.92,-103.53,Rubber,Clay Loam,0.521,0.243,746.28,9,0.283,2533.56,19.974
13.176,107.801,6,175,0.51,38.2,2.16,5.9,30.4,31.4,20.7,25.82,227.9,82.05,18.14,4,-222.95,-224.84,-212.6,-186.27,25.42,125.85,462.77,319.67,217.47,42.22,-150.03,-196.73,Rubber,Clay Loam,0.597,0.249,1193.42,7,0.388,3029.73,24.682
13.177,108.009,5,309,14.48,34,2.45,5.6,32.3,33.7,30,24.7,138.1,83.27,17.25,4,-159.26,-166.84,-154.61,-137.12,20.29,47.68,185.83,130.34,211.42,150.74,-24.92,-103.53,Rubber,Clay Loam,0.521,0.258,746.28,9,0.283,2955.82,22.691
13.177,108.482,6,788,3.64,33.9,35.6,5.4,32.1,34,51.9,24.28,4.01,86.9,16.78,12,-2.28,-4.3,-5.22,-4.96,1.43,-0.34,3.67,-1.16,7.2,6.13,2.22,-2.39,Rubber,Clay Loam,0.398,0.289,20.65,9,0.349,3.468.752,19.158
13.179,107.701,6,174,3.64,34,18.3,5.8,31.7,34.2,21,25.86,8.09,82.95,17.67,12,-6.57,-7.33,-7.36,-6.7,2.7,5.61,18.96,4.97,9.12,-0.51,-5.8,-7.04,Rubber,Clay Loam,0.568,0.246,41.31,7,0.458,2.601.564,24.729
13.188,107.583,5,151,3.64,32.5,17.2,5.9,33.3,34.1,20.5,25.86,8.09,82.95,17.67,12,-6.57,-7.33,-7.36,-6.7,2.7,5.61,18.96,4.97,9.12,-0.51,-5.8,-7.04,Rubber,Clay Loam,0.568,0.242,41.31,7,0.458,2.384.767,24.878
13.192,107.565,6,147,3.64,37.1,19.3,5.9,31.9,31,21.1,25.86,8.09,82.95,17.67,12,-6.57,-7.33,-7.36,-6.7,2.7,5.61,18.96,4.97,9.12,-0.51,-5.8,-7.04,Rubber,Clay Loam,0.568,0.246,41.31,7,0.458,2.384.767,24.904
13.193,108.121,5,464,17.96,35.9,2.84,5.8,35.8,28.3,30.5,24.7,138.1,83.27,17.25,4,-159.26,-166.84,-154.61,-137.12,20.29,47.68,185.83,130.34,211.42,150.74,-24.92,-103.53,Rubber,Clay Loam,0.521,0.25,746.28,9,0.283,2533.56,21.684
13.198,107.788,5,168,0,35,2.19,5.8,32.1,32.8,22.1,25.82,227.9,82.05,18.14,4,-222.95,-224.84,-212.6,-186.27,25.42,125.85,462.77,319.67,217.47,42.22,-150.03,-196.73,Rubber,Clay Loam,0.597,0.247,1193.42,7,0.388,3305.16,24.728
13.2,107.659,5,179,0.74,34.7,1.93,6,32.8,32.5,22.3,25.82,227.9,82.05,18.14,4,-222.95,-224.84,-212.6,-186.27,25.42,125.85,462.77,319.67,217.47,42.22,-150.03,-196.73,Rubber,Clay Loam,0.597,0.246,1193.42,7,0.388,2754.3,24.656
13.201,107.634,6,174,1.67,35.1,1.79,5.9,34.1,30.8,21.4,25.82,227.9,82.05,18.14,4,-222.95,-224.84,-212.6,-186.27,25.42,125.85,462.77,319.67,217.47,42.22,-150.03,-196.73,Rubber,Clay Loam,0.597,0.242,1193.42,7,0.388,3029.73,24.689
13.208,108.265,6,684,3.7,30.7,2.46,5.9,37.4,31.8,32.4,24.7,138.1,83.27,17.25,4,-159.26,-166.84,-154.61,-137.12,20.29,47.68,185.83,130.34,211.42,150.74,-24.92,-103.53,Rubber,Clay Loam,0.521,0.249,746.28,9,0.283,2322.43,20.254
13.213,108.258,6,690,3.13,30.4,2.56,5.7,35.9,33.7,25.8,24.7,138.1,83.27,17.25,4,-159.26,-166.84,-154.61,-137.12,20.29,47.68,185.83,130.34,211.42,150.74,-24.92,-103.53,Rubber,Clay Loam,0.521,0.244,746.28,9,0.283,2744.69,20.215
13.215,108.28,6,635,3.06,30,1.99,5.7,37.3,32.7,28.7,24.7,138.1,83.27,17.25,4,-159.26,-166.84,-154.61,-137.12,20.29,47.68,185.83,130.34,211.42,150.74,-24.92,-103.53,Rubber,Clay Loam,0.521,0.244,746.28,9,0.283,2744.69,20.572
13.219,108.107,6,465,5.49,32,2.98,5.7,34.9,33.1,38.6,24.7,138.1,83.27,17.25,4,-159.26,-166.84,-154.61,-137.12,20.29,47.68,185.83,130.34,211.42,150.74,-24.92,-103.53,Rubber,Clay Loam,0.521,0.264,746.28,9,0.283,2744.69,21.678
13.222,108.325,5,672,4.88,36.1,3.13,5.8,34.6,29.4,32.5,24.7,138.1,83.27,17.25,4,-159.26,-166.84,-154.61,-137.12,20.29,47.68,185.83,130.34,211.42,150.74,-24.92,-103.53,Rubber,Clay Loam,0.521,0.256,746.28,9,0.283,2533.56,20.332
13.223,108.188,5,608,3.64,28.3,27.2,5.6,35.7,36,33.2,24.75,5.04,84.49,16.78,12,-3.85,-5.19,-5.49,-5.13,2.87,2.02,9.17,1.47,8.91,1.97,-2.38,-4.35,Rubber,Clay Loam,0.484,0.254,26.39,7,0.347,3.035.158,20.798
13.227,108.389,5,941,3.64,32.8,34.5,5.8,34.1,33,45.2,24.75,5.04,84.49,16.78,12,-3.85,-5.19,-5.49,-5.13,2.87,2.02,9.17,1.47,8.91,1.97,-2.38,-4.35,Rubber,Clay Loam,0.484,0.275,26.39,7,0.347,2.601.564,18.634
13.23,108.022,6,401,6.56,34,2.49,5.7,35,31,31.1,24.7,138.1,83.27,17.25,4,-159.26,-166.84,-154.61,-137.12,20.29,47.68,185.83,130.34,211.42,150.74,-24.92,-103.53,Rubber,Clay Loam,0.521,0.253,746.28,9,0.283,2744.69,22.094
13.231,108.153,5,558,4.49,31.1,2.53,5.8,37,32,25.7,24.7,138.1,83.27,17.25,4,-159.26,-166.84,-154.61,-137.12,20.29,47.68,185.83,130.34,211.42,150.74,-24.92,-103.53,Rubber,Clay Loam,0.521,0.241,746.28,9,0.283,2533.56,21.073
13.231,108.167,6,608,2.62,31.2,2.93,5.7,34.3,34.5,39.6,24.7,138.1,83.27,17.25,4,-159.26,-166.84,-154.61,-137.12,20.29,47.68,185.83,130.34,211.42,150.74,-24.92,-103.53,Rubber,Clay Loam,0.521,0.267,746.28,9,0.283,2744.69,20.748
13.231,108.323,6,629,3.13,35.2,2.58,5.8,35.8,29,36.5,24.7,138.1,83.27,17.25,4,-159.26,-166.84,-154.61,-137.12,20.29,47.68,185.83,130.34,211.42,150.74,-24.92,-103.53,Rubber,Clay Loam,0.521,0.259,746.28,9,0.283,2533.56,20.612
13.232,108.353,5,605,3.26,32.9,2.34,5.7,37.2,30,36,24.7,138.1,83.27,17.25,4,-159.26,-166.84,-154.61,-137.12,20.29,47.68,185.83,130.34,211.42,150.74,-24.92,-103.53,Rubber,Clay Loam,0.521,0.255,746.28,9,0.283,2744.69,20.768
13.234,108.389,6,856,3.64,32.6,29,5.5,35.4,31.9,39.9,24.75,5.04,84.49,16.78,12,-3.85,-5.19,-5.49,-5.13,2.87,2.02,9.17,1.47,8.91,1.97,-2.38,-4.35,Rubber,Clay Loam,0.484,0.264,26.39,7,0.347,3.251.955,19.186
13.235,108.256,5,585,6.91,32.2,2,5.9,34.8,33,30.6,24.7,138.1,83.27,17.25,4,-159.26,-166.84,-154.61,-137.12,20.29,47.68,185.83,130.34,211.42,150.74,-24.92,-103.53,Rubber,Clay Loam,0.521,0.253,746.28,9,0.283,2322.43,20.898
13.238,107.656,6,162,1.63,34.1,1.93,5.9,33.2,32.7,19.2,25.82,227.9,82.05,18.14,4,-222.95,-224.84,-212.6,-186.27,25.42,125.85,462.77,319.67,217.47,42.22,-150.03,-196.73,Rubber,Clay Loam,0.597,0.241,1193.42,7,0.388,3029.73,24.767
13.239,108.13,5,459,3.33,30.7,2.29,5.8,34.9,34.4,24.3,24.7,138.1,83.27,17.25,4,-159.26,-166.84,-154.61,-137.12,20.29,47.68,185.83,130.34,211.42,150.74,-24.92,-103.53,Rubber,Clay Loam,0.521,0.244,746.28,9,0.283,2533.56,21.716
13.242,107.906,5,202,4.08,33.9,2.18,5.6,33.8,32.3,26.4,24.7,138.1,83.27,18.14,4,-159.26,-166.84,-154.61,-137.12,20.29,47.68,185.83,130.34,211.42,150.74,-24.92,-103.53,Rubber,Clay Loam,0.521,0.249,746.28,9,0.283,2955.82,23.387
13.243,107.991,6,465,3.64,34.7,29.5,5.5,34.6,30.7,36.4,24.75,5.04,84.49,17.67,12,-3.85,-5.19,-5.49,-5.13,2.87,2.02,9.17,1.47,8.91,1.97,-2.38,-4.35,Rubber,Clay Loam,0.484,0.261,26.39,7,0.347,3.251.955,21.728
13.244,107.845,6,191,3.64,33.7,18.1,5.9,33.5,32.8,29.3,24.75,5.04,84.49,17.67,12,-3.85,-5.19,-5.49,-5.13,2.87,2.02,9.17,1.47,8.91,1.97,-2.38,-4.35,Rubber,Clay Loam,0.484,0.254,26.39,7,0.347,2.384.767,23.508
13.248,107.97,6,369,10.22,29.9,2.89,5.5,35.9,34.2,33,24.7,138.1,83.27,18.14,4,-159.26,-166.84,-154.61,-137.12,20.29,47.68,185.83,130.34,211.42,150.74,-24.92,-103.53,Rubber,Clay Loam,0.521,0.254,746.28,9,0.283,3166.95,22.302
13.249,107.735,5,161,1.54,34.2,2.04,6,32.3,33.5,22.7,25.82,227.9,82.05,18.14,4,-222.95,-224.84,-212.6,-186.27,25.42,125.85,462.77,319.67,217.47,42.22,-150.03,-196.73,Rubber,Clay Loam,0.597,0.247,1193.42,7,0.388,2754.3,24.774
13.251,108.098,6,456,3.13,31.8,2.19,5.9,33.8,34.3,28.2,24.57,141.28,83.7,17.25,4,-159.46,-169.36,-154.13,-136.02,24.8,37.8,167.03,113.53,221.94,194.62,-29.94,-110.79,Rubber,Clay Loam,0.503,0.252,759.7,9,0.292,2.384.767,21.606
13.256,107.758,5,160,2.6,32.3,1.71,6,34.2,33.5,19.3,25.96,199.04,81.8,18.14,3,-202.41,-205.29,-190.82,-159.08,55.01,90.16,368.73,274.99,223.54,69.09,-144.32,-179.6,Rubber,Clay Loam,0.61,0.238,1081.52,7,0.341,2536.08,24.92
13.258,108.319,6,636,5.66,32,2.21,5.9,37.7,30.4,27.8,24.57,141.28,83.7,17.25,4,-159.46,-169.36,-154.13,-136.02,24.8,37.8,167.03,113.53,221.94,194.62,-29.94,-110.79,Rubber,Clay Loam,0.503,0.242,759.7,9,0.292,2.384.767,20.436
13.259,107.818,5,186,1.06,36.5,1.99,5.7,32.9,30.6,22.1,24.57,141.28,83.7,18.14,4,-159.46,-169.36,-154.13,-136.02,24.8,37.8,167.03,113.53,221.94,194.62,-29.94,-110.79,Rubber,Clay Loam,0.503,0.245,759.7,9,0.292,2.818.361,23.361
13.264,108.205,6,485,4.35,30.5,2.38,5.8,35.3,34.1,23.8,24.57,141.28,83.7,17.25,4,-159.46,-169.36,-154.13,-136.02,24.8,37.8,167.03,113.53,221.94,194.62,-29.94,-110.79,Rubber,Clay Loam,0.503,0.242,759.7,9,0.292,2.601.564,21.418
13.266,107.762,5,163,0.74,31.6,1.76,5.8,32.8,35.6,21.4,25.96,199.04,81.8,18.14,3,-202.41,-205.29,-190.82,-159.08,55.01,90.16,368.73,274.99,223.54,69.09,-144.32,-179.6,Rubber,Clay Loam,0.61,0.245,1081.52,7,0.341,3.043.296,24.9
13.271,107.953,6,253,2.84,34.1,2.31,5.7,36.2,29.8,28.4,24.57,141.28,83.7,18.14,4,-159.46,-169.36,-154.13,-136.02,24.8,37.8,167.03,113.53,221.94,194.62,-29.94,-110.79,Rubber,Clay Loam,0.503,0.246,759.7,9,0.292,2.818.361,22.926
13.277,108.267,5,511,4.69,35.6,2.39,5.9,34.2,30.2,29.5,24.57,141.28,83.7,17.25,4,-159.46,-169.36,-154.13,-136.02,24.8,37.8,167.03,113.53,221.94,194.62,-29.94,-110.79,Rubber,Clay Loam,0.503,0.253,759.7,9,0.292,2.384.767,21.248
13.277,108.271,5,496,2.78,34.7,2.31,5.9,33.4,31.9,25.2,24.57,141.28,83.7,17.25,4,-159.46,-169.36,-154.13,-136.02,24.8,37.8,167.03,113.53,221.94,194.62,-29.94,-110.79,Rubber,Clay Loam,0.503,0.248,759.7,9,0.292,2.384.767,21.346
13.283,108.214,5,464,2.95,37.1,2.46,5.8,31.2,31.7,29.6,24.57,141.28,83.7,17.25,4,-159.46,-169.36,-154.13,-136.02,24.8,37.8,167.03,113.53,221.94,194.62,-29.94,-110.79,Rubber,Clay Loam,0.503,0.26,759.7,9,0.292,2.601.564,21.554
13.284,108.262,5,586,3.74,29.7,2.83,5.6,37.8,32.4,32.4,24.57,141.28,83.7,17.25,4,-159.46,-169.36,-154.13,-136.02,24.8,37.8,167.03,113.53,221.94,194.62,-29.94,-110.79,Rubber,Clay Loam,0.503,0.248,759.7,9,0.292,3.035.158,20.761
13.287,107.806,6,191,0.74,37.9,1.86,5.7,31.4,30.7,22.4,25.96,199.04,81.8,18.14,3,-202.41,-205.29,-190.82,-159.08,55.01,90.16,368.73,274.99,223.54,69.09,-144.32,-179.6,Rubber,Clay Loam,0.61,0.249,1081.52,7,0.341,3.296.904,24.719
13.295,107.867,6,198,0.53,31.4,2.1,5.8,34.1,34.5,24.1,24.57,141.28,83.7,18.14,4,-159.46,-169.36,-154.13,-136.02,24.8,37.8,167.03,113.53,221.94,194.62,-29.94,-110.79,Rubber,Clay Loam,0.503,0.245,759.7,9,0.292,2.601.564,23.283
13.299,108.154,6,469,3.64,31.2,20.2,5.7,35,33.7,26.1,24.64,4.92,84.79,16.78,12,-3.74,-5.15,-5.62,-5,2.51,2.76,7.89,1.25,8.92,3.13,-2.41,-4.49,Rubber,Clay Loam,0.472,0.246,26.41,9,0.337,2.818.361,21.592
13.3,107.635,5,152,2.18,34.1,1.93,6,32.9,33,23.4,25.96,199.04,81.8,18.14,3,-202.41,-205.29,-190.82,-159.08,55.01,90.16,368.73,274.99,223.54,69.09,-144.32,-179.6,Rubber,Clay Loam,0.61,0.247,1081.52,7,0.341,2536.08,24.972
13.3,107.928,5,208,1.87,32.2,1.92,5.7,36.4,31.4,23.2,24.57,141.28,83.7,18.14,4,-159.46,-169.36,-154.13,-136.02,24.8,37.8,167.03,113.53,221.94,194.62,-29.94,-110.79,Rubber,Clay Loam,0.503,0.239,759.7,9,0.292,2.818.361,23.218
13.3,108.014,6,332,7,32.9,2.46,5.7,35.7,31.4,27.7,24.57,141.28,83.7,17.25,4,-159.46,-169.36,-154.13,-136.02,24.8,37.8,167.03,113.53,221.94,194.62,-29.94,-110.79,Rubber,Clay Loam,0.503,0.247,759.7,9,0.292,2.818.361,22.412
13.303,107.803,5,182,2.6,36.9,1.87,5.7,32.3,30.8,23.6,25.96,199.04,81.8,18.14,3,-202.41,-205.29,-190.82,-159.08,55.01,90.16,368.73,274.99,223.54,69.09,-144.32,-179.6,Rubber,Clay Loam,0.61,0.249,1081.52,7,0.341,3.296.904,24.777
13.304,108.385,6,664,14.71,30.3,2.85,5.6,36.9,32.8,44.4,24.57,141.28,83.7,17.25,4,-159.46,-169.36,-154.13,-136.02,24.8,37.8,167.03,113.53,221.94,194.62,-29.94,-110.79,Rubber,Clay Loam,0.503,0.267,759.7,9,0.292,3.035.158,20.254
13.306,107.658,6,152,1.63,34.8,2.18,5.9,32.2,33,25.3,25.96,199.04,81.8,18.14,3,-202.41,-205.29,-190.82,-159.08,55.01,90.16,368.73,274.99,223.54,69.09,-144.32,-179.6,Rubber,Clay Loam,0.61,0.251,1081.52,7,0.341,2.789.688,24.972
13.308,108.138,6,438,4.75,32.9,2.5,5.8,32.8,34.4,29,24.57,141.28,83.7,17.25,4,-159.46,-169.36,-154.13,-136.02,24.8,37.8,167.03,113.53,221.94,194.62,-29.94,-110.79,Rubber,Clay Loam,0.503,0.255,759.7,9,0.292,2.601.564,21.723
13.31,108.31,6,424,0,39.9,2.01,5.9,32.4,27.7,24.9,24.57,141.28,83.7,17.25,4,-159.46,-169.36,-154.13,-136.02,24.8,37.8,167.03,113.53,221.94,194.62,-29.94,-110.79,Rubber,Clay Loam,0.503,0.25,759.7,9,0.292,2.384.767,21.814
13.311,108.044,5,426,3.64,29.9,28.5,5.6,35.3,34.8,29.6,24.64,4.92,84.79,16.78,12,-3.74,-5.15,-5.62,-5,2.51,2.76,7.89,1.25,8.92,3.13,-2.41,-4.49,Rubber,Clay Loam,0.472,0.25,26.41,9,0.337,3.035.158,21.871
13.32,108.102,6,484,16.56,28.5,2.79,5.5,36.5,35.1,39.3,24.57,141.28,83.7,17.25,4,-159.46,-169.36,-154.13,-136.02,24.8,37.8,167.03,113.53,221.94,194.62,-29.94,-110.79,Rubber,Clay Loam,0.503,0.261,759.7,9,0.292,3.251.955,21.424
13.322,108.395,5,465,10.19,35.6,3.23,5.7,35.2,29.2,42.2,24.57,141.28,83.7,17.25,4,-159.46,-169.36,-154.13,-136.02,24.8,37.8,167.03,113.53,221.94,194.62,-29.94,-110.79,Rubber,Clay Loam,0.503,0.268,759.7,9,0.292,2.818.361,21.548
13.323,107.936,6,206,0.53,32.9,1.84,5.8,36.7,30.4,22,24.57,141.28,83.7,18.14,4,-159.46,-169.36,-154.13,-136.02,24.8,37.8,167.03,113.53,221.94,194.62,-29.94,-110.79,Rubber,Clay Loam,0.503,0.236,759.7,9,0.292,2.601.564,23.231
13.327,107.661,6,151,2.6,34.9,2.24,5.9,31.8,33.3,27.8,25.96,199.04,81.8,18.14,3,-202.41,-205.29,-190.82,-159.08,55.01,90.16,368.73,274.99,223.54,69.09,-144.32,-179.6,Rubber,Clay Loam,0.61,0.256,1081.52,7,0.341,2.789.688,24.978
13.34,107.884,5,209,3.21,32.8,2.3,5.8,36.9,30.3,23.9,24.57,141.28,83.7,18.14,4,-159.46,-169.36,-154.13,-136.02,24.8,37.8,167.03,113.53,221.94,194.62,-29.94,-110.79,Rubber,Clay Loam,0.503,0.239,759.7,9,0.292,2.601.564,23.212
13.341,108.256,5,423,4.17,39.6,2.14,5.9,32.1,28.4,35.6,24.57,141.28,83.7,17.25,4,-159.46,-169.36,-154.13,-136.02,24.8,37.8,167.03,113.53,221.94,194.62,-29.94,-110.79,Rubber,Clay Loam,0.503,0.266,759.7,9,0.292,2.384.767,21.82
13.343,107.69,5,160,0.53,37.6,2.14,5.9,33.2,29.2,22.3,25.96,199.04,81.8,18.14,3,-202.41,-205.29,-190.82,-159.08,55.01,90.16,368.73,274.99,223.54,69.09,-144.32,-179.6,Rubber,Clay Loam,0.61,0.245,1081.52,7,0.341,2.789.688,24.92
13.343,107.711,6,170,0.51,37.4,2.05,5.9,31.7,30.9,22.7,25.96,199.04,81.8,18.14,3,-202.41,-205.29,-190.82,-159.08,55.01,90.16,368.73,274.99,223.54,69.09,-144.32,-179.6,Rubber,Clay Loam,0.61,0.249,1081.52,7,0.341,2.789.688,24.855
13.343,108.117,5,318,8.93,37.5,2.42,5.8,32.9,29.6,30.3,24.57,141.28,83.7,17.25,4,-159.46,-169.36,-154.13,-136.02,24.8,37.8,167.03,113.53,221.94,194.62,-29.94,-110.79,Rubber,Clay Loam,0.503,0.257,759.7,9,0.292,2.601.564,22.503
13.345,107.857,6,240,15.62,31.7,2.13,5.6,38.3,30.1,24.2,24.57,141.28,83.7,18.14,4,-159.46,-169.36,-154.13,-136.02,24.8,37.8,167.03,113.53,221.94,194.62,-29.94,-110.79,Rubber,Clay Loam,0.503,0.236,759.7,9,0.292,3.035.158,23.01
13.349,108.207,5,392,13.51,38.9,2.24,5.9,31.5,29.6,25.1,24.57,141.28,83.7,17.25,4,-159.46,-169.36,-154.13,-136.02,24.8,37.8,167.03,113.53,221.94,194.62,-29.94,-110.79,Rubber,Clay Loam,0.503,0.253,759.7,9,0.292,2.384.767,22.022
13.35,108.098,5,291,6.92,37.1,2.43,5.9,32.3,30.6,28.8,24.57,141.28,83.7,17.25,4,-159.46,-169.36,-154.13,-136.02,24.8,37.8,167.03,113.53,221.94,194.62,-29.94,-110.79,Rubber,Clay Loam,0.503,0.256,759.7,9,0.292,2.384.767,22.678
13.351,108.212,6,417,15.14,39,2.13,5.7,32,29,28.8,24.57,141.28,83.7,17.25,4,-159.46,-169.36,-154.13,-136.02,24.8,37.8,167.03,113.53,221.94,194.62,-29.94,-110.79,Rubber,Clay Loam,0.503,0.257,759.7,9,0.292,2.818.361,21.86
13.355,107.672,5,153,1.16,35.7,2.14,6,33,31.2,23.3,25.96,199.04,81.8,18.14,3,-202.41,-205.29,-190.82,-159.08,55.01,90.16,368.73,274.99,223.54,69.09,-144.32,-179.6,Rubber,Clay Loam,0.61,0.247,1081.52,7,0.341,2536.08,24.966
13.357,107.998,6,234,3.64,34.9,20.3,5.9,35.3,29.7,22.4,24.64,4.92,84.79,17.67,12,-3.74,-5.15,-5.62,-5,2.51,2.76,7.89,1.25,8.92,3.13,-2.41,-4.49,Rubber,Clay Loam,0.472,0.24,26.41,9,0.337,2.384.767,23.119
13.358,107.75,6,165,0.74,35.1,2.16,5.9,32.3,32.6,25.5,25.96,199.04,81.8,18.14,3,-202.41,-205.29,-190.82,-159.08,55.01,90.16,368.73,274.99,223.54,69.09,-144.32,-179.6,Rubber,Clay Loam,0.61,0.251,1081.52,7,0.341,2.789.688,24.888
13.359,108.36,5,431,18.13,32.8,2.41,6,37.7,29.5,34.6,24.57,141.28,83.7,17.25,4,-159.46,-169.36,-154.13,-136.02,24.8,37.8,167.03,113.53,221.94,194.62,-29.94,-110.79,Rubber,Clay Loam,0.503,0.252,759.7,9,0.292,2167.97,21.768
13.36,107.685,5,155,1.18,33.7,1.85,5.8,33.7,32.6,24,25.96,199.04,81.8,18.14,3,-202.41,-205.29,-190.82,-159.08,55.01,90.16,368.73,274.99,223.54,69.09,-144.32,-179.6,Rubber,Clay Loam,0.61,0.246,1081.52,7,0.341,3.043.296,24.952
13.362,108.054,5,247,0.74,35.7,2.19,5.8,32.6,31.7,26.1,24.57,141.28,83.7,17.25,4,-159.46,-169.36,-154.13,-136.02,24.8,37.8,167.03,113.53,221.94,194.62,-29.94,-110.79,Rubber,Clay Loam,0.503,0.252,759.7,9,0.292,2.601.564,22.964
13.364,108.144,5,344,3.09,33.9,2.23,5.9,34.6,31.4,22.6,24.57,141.28,83.7,17.25,4,-159.46,-169.36,-154.13,-136.02,24.8,37.8,167.03,113.53,221.94,194.62,-29.94,-110.79,Rubber,Clay Loam,0.503,0.242,759.7,9,0.292,2.384.767,22.334
13.365,108.016,5,234,3.64,35.7,22.6,6.1,34,30.3,28,24.64,4.92,84.79,16.78,12,-3.74,-5.15,-5.62,-5,2.51,2.76,7.89,1.25,8.92,3.13,-2.41,-4.49,Rubber,Clay Loam,0.472,0.251,26.41,9,0.337,1.951.173,23.119
13.368,107.815,5,429,3.64,33,30.3,5.6,34.2,32.8,40.2,24.64,4.92,84.79,17.67,12,-3.74,-5.15,-5.62,-5,2.51,2.76,7.89,1.25,8.92,3.13,-2.41,-4.49,Rubber,Clay Loam,0.472,0.268,26.41,9,0.337,3.035.158,21.852
13.371,108.138,6,329,3.33,34.3,2.16,5.8,35.1,30.6,23.8,24.57,141.28,83.7,17.25,4,-159.46,-169.36,-154.13,-136.02,24.8,37.8,167.03,113.53,221.94,194.62,-29.94,-110.79,Rubber,Clay Loam,0.503,0.243,759.7,9,0.292,2.601.564,22.432
13.372,107.996,6,228,1.18,34.3,2.04,5.9,34.6,31.2,22.7,24.57,141.28,83.7,18.14,4,-159.46,-169.36,-154.13,-136.02,24.8,37.8,167.03,113.53,221.94,194.62,-29.94,-110.79,Rubber,Clay Loam,0.503,0.242,759.7,9,0.292,2.384.767,23.088
13.374,108.26,6,374,4.42,32.3,2.09,5.8,36.3,31.4,26.6,24.57,141.28,83.7,17.25,4,-159.46,-169.36,-154.13,-136.02,24.8,37.8,167.03,113.53,221.94,194.62,-29.94,-110.79,Rubber,Clay Loam,0.503,0.244,759.7,9,0.292,2.601.564,22.139
13.378,107.761,6,183,1.03,33.4,2.42,5.7,34.6,32,33.7,25.96,199.04,81.8,18.14,3,-202.41,-205.29,-190.82,-159.08,55.01,90.16,368.73,274.99,223.54,69.09,-144.32,-179.6,Rubber,Clay Loam,0.61,0.258,1081.52,7,0.341,3.296.904,24.771
13.382,107.834,5,260,3.64,32.8,24.9,5.6,37.9,29.4,28,24.64,4.92,84.79,17.67,12,-3.74,-5.15,-5.62,-5,2.51,2.76,7.89,1.25,8.92,3.13,-2.41,-4.49,Rubber,Clay Loam,0.472,0.242,26.41,9,0.337,3.035.158,22.95
13.383,107.838,5,214,4.5,31.7,2.42,5.8,38.7,29.6,23.8,24.57,141.28,83.7,18.14,4,-159.46,-169.36,-154.13,-136.02,24.8,37.8,167.03,113.53,221.94,194.62,-29.94,-110.79,Rubber,Clay Loam,0.503,0.234,759.7,9,0.292,2.601.564,23.179
13.385,107.969,6,217,1.03,37.9,2.23,5.8,34.3,27.9,21.3,24.57,141.28,83.7,18.14,4,-159.46,-169.36,-154.13,-136.02,24.8,37.8,167.03,113.53,221.94,194.62,-29.94,-110.79,Rubber,Clay Loam,0.503,0.241,759.7,9,0.292,2.601.564,23.16
13.385,108.322,5,359,3.17,37.6,2.32,6,35.2,27.3,28.7,24.57,141.28,83.7,17.25,4,-159.46,-169.36,-154.13,-136.02,24.8,37.8,167.03,113.53,221.94,194.62,-29.94,-110.79,Rubber,Clay Loam,0.503,0.249,759.7,9,0.292,2167.97,22.236
13.385,108.499,5,150,3.64,30.1,20.4,6.2,37,32.9,33,24.61,4.18,86.41,16.78,12,-2.54,-4.25,-5.39,-5.02,0.71,-0.08,3.92,-1.15,7.21,7,2.28,-2.68,Rubber,Clay Loam,0.421,0.251,21.11,9,0.341,1.734.376,23.635
13.387,107.783,5,173,3.64,33.9,18.9,5.9,34.6,31.4,21.7,26.03,6.93,82.59,17.67,12,-5.74,-6.67,-6.72,-5.6,3.27,5.56,14.57,4.05,8.95,0.25,-5.41,-6.56,Rubber,Clay Loam,0.586,0.241,36.7,7,0.398,2.384.767,24.906
13.387,108.262,6,380,3.64,36.8,20.4,6,32,31.2,29.1,24.64,4.92,84.79,16.78,12,-3.74,-5.15,-5.62,-5,2.51,2.76,7.89,1.25,8.92,3.13,-2.41,-4.49,Rubber,Clay Loam,0.472,0.257,26.41,9,0.337,2167.97,22.17
13.388,107.692,6,164,3.64,34.5,17.5,5.8,33.3,32.2,21.4,26.03,6.93,82.59,17.67,12,-5.74,-6.67,-6.72,-5.6,3.27,5.56,14.57,4.05,8.95,0.25,-5.41,-6.56,Rubber,Clay Loam,0.586,0.243,36.7,7,0.398,2.601.564,24.964
13.388,107.748,5,184,1.18,35.3,2.17,5.6,33.8,30.9,27.7,25.96,199.04,81.8,18.14,3,-202.41,-205.29,-190.82,-159.08,55.01,90.16,368.73,274.99,223.54,69.09,-144.32,-179.6,Rubber,Clay Loam,0.61,0.251,1081.52,7,0.341,3.550.512,24.764
13.389,108.128,5,296,1.54,35.7,2.36,5.9,34.3,30,22.8,24.57,141.28,83.7,17.25,4,-159.46,-169.36,-154.13,-136.02,24.8,37.8,167.03,113.53,221.94,194.62,-29.94,-110.79,Rubber,Clay Loam,0.503,0.243,759.7,9,0.292,2.384.767,22.646
13.39,107.747,6,182,2.12,34.2,2.31,5.6,34.9,30.9,26.6,25.96,199.04,81.8,18.14,3,-202.41,-205.29,-190.82,-159.08,55.01,90.16,368.73,274.99,223.54,69.09,-144.32,-179.6,Rubber,Clay Loam,0.61,0.247,1081.52,7,0.341,3.550.512,24.777
13.392,107.668,5,175,1.16,32,1.9,5.9,32.4,35.6,22.5,25.96,199.04,81.8,18.14,3,-202.41,-205.29,-190.82,-159.08,55.01,90.16,368.73,274.99,223.54,69.09,-144.32,-179.6,Rubber,Clay Loam,0.61,0.247,1081.52,7,0.341,2.789.688,24.822
13.4,107.607,5,155,0.51,36.5,2.16,5.7,32.3,31.2,25.1,25.96,199.04,81.8,18.14,3,-202.41,-205.29,-190.82,-159.08,55.01,90.16,368.73,274.99,223.54,69.09,-144.32,-179.6,Rubber,Clay Loam,0.61,0.251,1081.52,7,0.341,3.296.904,24.952
13.402,107.67,6,181,3.64,32.9,18.7,5.9,33.6,33.5,21.4,26.03,6.93,82.59,17.67,12,-5.74,-6.67,-6.72,-5.6,3.27,5.56,14.57,4.05,8.95,0.25,-5.41,-6.56,Rubber,Clay Loam,0.586,0.243,36.7,7,0.398,2.384.767,24.854
13.404,107.941,6,212,1.16,37,2.21,5.9,33.8,29.2,22.6,24.57,141.28,83.7,18.14,4,-159.46,-169.36,-154.13,-136.02,24.8,37.8,167.03,113.53,221.94,194.62,-29.94,-110.79,Rubber,Clay Loam,0.503,0.244,759.7,9,0.292,2.384.767,23.192
13.404,108.308,6,370,3.64,33.1,21.4,5.9,37.3,29.6,31,24.64,4.92,84.79,16.78,12,-3.74,-5.15,-5.62,-5,2.51,2.76,7.89,1.25,8.92,3.13,-2.41,-4.49,Rubber,Clay Loam,0.472,0.248,26.41,9,0.337,2.384.767,22.235
13.406,107.77,5,187,2.57,34.9,2.17,5.7,34.1,31.1,26,25.96,199.04,81.8,18.14,3,-202.41,-205.29,-190.82,-159.08,55.01,90.16,368.73,274.99,223.54,69.09,-144.32,-179.6,Rubber,Clay Loam,0.61,0.248,1081.52,7,0.341,3.296.904,24.745
13.41,108.197,5,367,3.64,33.9,25.9,5.8,36.2,30,28.6,24.64,4.92,84.79,16.78,12,-3.74,-5.15,-5.62,-5,2.51,2.76,7.89,1.25,8.92,3.13,-2.41,-4.49,Rubber,Clay Loam,0.472,0.247,26.41,9,0.337,2.601.564,22.254
13.414,107.751,6,186,3.13,35.7,2.23,5.6,34.5,29.9,26.9,25.96,199.04,81.8,18.14,3,-202.41,-205.29,-190.82,-159.08,55.01,90.16,368.73,274.99,223.54,69.09,-144.32,-179.6,Rubber,Clay Loam,0.61,0.248,1081.52,7,0.341,3.550.512,24.751
13.416,108.195,6,356,3.64,34.7,25.1,6,35.9,29.4,26.8,24.64,4.92,84.79,16.78,12,-3.74,-5.15,-5.62,-5,2.51,2.76,7.89,1.25,8.92,3.13,-2.41,-4.49,Rubber,Clay Loam,0.472,0.245,26.41,9,0.337,2167.97,22.326
13.422,107.734,6,176,3.64,38.7,20.2,5.8,30.6,30.6,24.9,26.03,6.93,82.59,17.67,12,-5.74,-6.67,-6.72,-5.6,3.27,5.56,14.57,4.05,8.95,0.25,-5.41,-6.56,Rubber,Clay Loam,0.586,0.254,36.7,7,0.398,2.601.564,24.886
13.422,108.336,5,341,15.12,36.7,2.71,5.9,35.2,28.1,34.3,24.57,141.28,83.7,17.25,4,-159.46,-169.36,-154.13,-136.02,24.8,37.8,167.03,113.53,221.94,194.62,-29.94,-110.79,Rubber,Clay Loam,0.503,0.257,759.7,9,0.292,2.384.767,22.354
13.425,107.625,5,171,1.67,29.4,1.98,5.9,37.5,33.1,22.7,25.96,199.04,81.8,18.14,3,-202.41,-205.29,-190.82,-159.08,55.01,90.16,368.73,274.99,223.54,69.09,-144.32,-179.6,Rubber,Clay Loam,0.61,0.236,1081.52,7,0.341,2.789.688,24.848
13.428,108.03,6,256,2.31,34.3,1.93,5.9,36.4,29.3,24.7,24.57,141.28,83.7,17.25,4,-159.46,-169.36,-154.13,-136.02,24.8,37.8,167.03,113.53,221.94,194.62,-29.94,-110.79,Rubber,Clay Loam,0.503,0.241,759.7,9,0.292,2.384.767,22.906
13.43,108.121,6,310,3.64,35.9,24.9,5.9,35.7,28.4,24.5,24.64,4.92,84.79,16.78,12,-3.74,-5.15,-5.62,-5,2.51,2.76,7.89,1.25,8.92,3.13,-2.41,-4.49,Rubber,Clay Loam,0.472,0.242,26.41,9,0.337,2.384.767,22.625
13.432,107.968,5,224,2.78,35.3,2.15,6,35.3,29.4,23.1,24.57,141.28,83.7,18.14,4,-159.46,-169.36,-154.13,-136.02,24.8,37.8,167.03,113.53,221.94,194.62,-29.94,-110.79,Rubber,Clay Loam,0.503,0.241,759.7,9,0.292,2167.97,23.114
13.434,108.041,6,303,3.64,32.7,23.6,5.9,34.2,33.2,26.7,24.64,4.92,84.79,16.78,12,-3.74,-5.15,-5.62,-5,2.51,2.76,7.89,1.25,8.92,3.13,-2.41,-4.49,Rubber,Clay Loam,0.472,0.249,26.41,9,0.337,2.384.767,22.67
13.434,108.28,6,239,5.24,37.6,2.66,6,35.9,26.5,33.1,24.57,141.28,83.7,17.25,4,-159.46,-169.36,-154.13,-136.02,24.8,37.8,167.03,113.53,221.94,194.62,-29.94,-110.79,Rubber,Clay Loam,0.503,0.254,759.7,9,0.292,2167.97,23.016
13.434,108.323,6,663,11.79,32.4,3.57,5.6,35.9,31.6,42.2,24.57,141.28,83.7,17.25,4,-159.46,-169.36,-154.13,-136.02,24.8,37.8,167.03,113.53,221.94,194.62,-29.94,-110.79,Rubber,Clay Loam,0.503,0.267,759.7,9,0.292,3.035.158,20.26
13.436,107.702,6,182,3.64,34.4,21,5.8,32.9,32.7,23.5,26.03,6.93,82.59,17.67,12,-5.74,-6.67,-6.72,-5.6,3.27,5.56,14.57,4.05,8.95,0.25,-5.41,-6.56,Rubber,Clay Loam,0.586,0.247,36.7,7,0.398,2.601.564,24.847
13.439,107.635,6,170,3.64,31.6,21.3,5.8,36.7,31.7,28.3,26.03,6.93,82.59,17.67,12,-5.74,-6.67,-6.72,-5.6,3.27,5.56,14.57,4.05,8.95,0.25,-5.41,-6.56,Rubber,Clay Loam,0.586,0.245,36.7,7,0.398,2.601.564,24.925
13.439,108.332,5,420,12.78,39.1,2.73,5.9,34.9,26,34.3,24.57,141.28,83.7,17.25,4,-159.46,-169.36,-154.13,-136.02,24.8,37.8,167.03,113.53,221.94,194.62,-29.94,-110.79,Rubber,Clay Loam,0.503,0.258,759.7,9,0.292,2.384.767,21.84
13.443,107.698,6,180,1.59,31.4,1.83,5.9,34.9,33.6,22.5,25.96,199.04,81.8,18.14,3,-202.41,-205.29,-190.82,-159.08,55.01,90.16,368.73,274.99,223.54,69.09,-144.32,-179.6,Rubber,Clay Loam,0.61,0.241,1081.52,7,0.341,2.789.688,24.79
13.443,107.981,6,215,1.06,34.3,1.98,5.8,35.8,29.9,21.4,24.57,141.28,83.7,18.14,4,-159.46,-169.36,-154.13,-136.02,24.8,37.8,167.03,113.53,221.94,194.62,-29.94,-110.79,Rubber,Clay Loam,0.503,0.238,759.7,9,0.292,2.601.564,23.172
13.451,107.933,6,202,0.51,35.6,1.77,5.8,34.4,29.9,23.4,24.57,141.28,83.7,18.14,4,-159.46,-169.36,-154.13,-136.02,24.8,37.8,167.03,113.53,221.94,194.62,-29.94,-110.79,Rubber,Clay Loam,0.503,0.244,759.7,9,0.292,2.601.564,23.257
13.453,107.818,6,225,3.35,35.4,2.02,5.8,35.4,29.2,23.4,24.57,141.28,83.7,18.14,4,-159.46,-169.36,-154.13,-136.02,24.8,37.8,167.03,113.53,221.94,194.62,-29.94,-110.79,Rubber,Clay Loam,0.503,0.241,759.7,9,0.292,2.601.564,23.108
13.453,108.393,5,168,0.53,35.7,1.87,6,33.1,31.3,23.9,24.57,141.28,83.7,17.25,4,-159.46,-169.36,-154.13,-136.02,24.8,37.8,167.03,113.53,221.94,194.62,-29.94,-110.79,Rubber,Clay Loam,0.503,0.247,759.7,9,0.292,2167.97,23.478
13.454,108.378,5,180,1.16,36.4,1.99,6,35.8,27.8,22.7,24.57,141.28,83.7,17.25,4,-159.46,-169.36,-154.13,-136.02,24.8,37.8,167.03,113.53,221.94,194.62,-29.94,-110.79,Rubber,Clay Loam,0.503,0.239,759.7,9,0.292,2167.97,23.4
13.455,108.198,5,527,16.11,32.7,3.71,5.5,35.4,32,42.3,24.57,141.28,83.7,17.25,4,-159.46,-169.36,-154.13,-136.02,24.8,37.8,167.03,113.53,221.94,194.62,-29.94,-110.79,Rubber,Clay Loam,0.503,0.268,759.7,9,0.292,3.251.955,21.144
13.457,107.935,6,202,1.54,34.7,1.93,5.8,34.5,30.7,24,24.57,141.28,83.7,18.14,4,-159.46,-169.36,-154.13,-136.02,24.8,37.8,167.03,113.53,221.94,194.62,-29.94,-110.79,Rubber,Clay Loam,0.503,0.244,759.7,9,0.292,2.601.564,23.257
13.461,108.13,6,327,8.47,29.9,2.45,5.9,35.3,34.8,23.7,24.57,141.28,83.7,17.25,4,-159.46,-169.36,-154.13,-136.02,24.8,37.8,167.03,113.53,221.94,194.62,-29.94,-110.79,Rubber,Clay Loam,0.503,0.242,759.7,9,0.292,2.384.767,22.444
13.464,107.718,6,197,1.03,33.5,1.93,5.8,36.8,29.7,25.9,25.96,199.04,81.8,18.14,3,-202.41,-205.29,-190.82,-159.08,55.01,90.16,368.73,274.99,223.54,69.09,-144.32,-179.6,Rubber,Clay Loam,0.61,0.242,1081.52,7,0.341,3.043.296,24.68
13.469,108.262,5,221,3.02,36.9,2.7,6,36,27.1,30.8,24.57,141.28,83.7,17.25,4,-159.46,-169.36,-154.13,-136.02,24.8,37.8,167.03,113.53,221.94,194.62,-29.94,-110.79,Rubber,Clay Loam,0.503,0.25,759.7,9,0.292,2167.97,23.134
13.473,107.713,5,185,1.06,31.8,1.84,5.9,35,33.2,23.5,25.96,199.04,81.8,18.14,3,-202.41,-205.29,-190.82,-159.08,55.01,90.16,368.73,274.99,223.54,69.09,-144.32,-179.6,Rubber,Clay Loam,0.61,0.242,1081.52,7,0.341,2.789.688,24.758
13.473,107.747,5,179,3.64,34.5,20,5.9,32.1,33.4,22.3,26.03,6.93,82.59,17.67,12,-5.74,-6.67,-6.72,-5.6,3.27,5.56,14.57,4.05,8.95,0.25,-5.41,-6.56,Rubber,Clay Loam,0.586,0.247,36.7,7,0.398,2.384.767,24.867
13.478,107.888,6,202,3.64,34.1,16.3,5.9,35.5,30.4,22.6,24.64,4.92,84.79,17.67,12,-3.74,-5.15,-5.62,-5,2.51,2.76,7.89,1.25,8.92,3.13,-2.41,-4.49,Rubber,Clay Loam,0.472,0.24,26.41,9,0.337,2.384.767,23.327
13.486,108.285,6,271,3.64,35,22.9,6,35.4,29.6,29.7,24.64,4.92,84.79,16.78,12,-3.74,-5.15,-5.62,-5,2.51,2.76,7.89,1.25,8.92,3.13,-2.41,-4.49,Rubber,Clay Loam,0.472,0.25,26.41,9,0.337,2167.97,22.879
13.491,107.947,6,329,16.05,33.5,2.87,5.5,38.7,27.8,28,24.57,141.28,83.7,18.14,4,-159.46,-169.36,-154.13,-136.02,24.8,37.8,167.03,113.53,221.94,194.62,-29.94,-110.79,Rubber,Clay Loam,0.503,0.24,759.7,9,0.292,3.251.955,22.432
13.495,108.076,5,370,3.21,31.8,2.17,5.8,35,33.2,26.3,24.57,141.28,83.7,17.25,4,-159.46,-169.36,-154.13,-136.02,24.8,37.8,167.03,113.53,221.94,194.62,-29.94,-110.79,Rubber,Clay Loam,0.503,0.246,759.7,9,0.292,2.601.564,22.165
13.498,108.026,5,235,1.48,35.4,2.21,6,32.8,31.7,22.8,24.57,141.28,83.7,17.25,4,-159.46,-169.36,-154.13,-136.02,24.8,37.8,167.03,113.53,221.94,194.62,-29.94,-110.79,Rubber,Clay Loam,0.503,0.246,759.7,9,0.292,2167.97,23.042
13.499,108.069,5,349,6,33.9,2.39,5.7,35.8,30.3,24.6,24.57,141.28,83.7,17.25,4,-159.46,-169.36,-154.13,-136.02,24.8,37.8,167.03,113.53,221.94,194.62,-29.94,-110.79,Rubber,Clay Loam,0.503,0.242,759.7,9,0.292,2.818.361,22.302
13.5,107.959,6,339,15.93,31,2.88,5.5,35.4,33.6,32.3,24.57,141.28,83.7,18.14,4,-159.46,-169.36,-154.13,-136.02,24.8,37.8,167.03,113.53,221.94,194.62,-29.94,-110.79,Rubber,Clay Loam,0.503,0.254,759.7,9,0.292,3.251.955,22.367
13.5,108.127,5,432,3.64,32.3,23.9,5.8,35.1,32.5,30.1,24.64,4.92,84.79,16.78,12,-3.74,-5.15,-5.62,-5,2.51,2.76,7.89,1.25,8.92,3.13,-2.41,-4.49,Rubber,Clay Loam,0.472,0.251,26.41,9,0.337,2.601.564,21.832
13.503,107.729,6,199,5.66,32.2,2.07,5.7,35.7,32.2,24.8,25.96,199.04,81.8,18.14,3,-202.41,-205.29,-190.82,-159.08,55.01,90.16,368.73,274.99,223.54,69.09,-144.32,-179.6,Rubber,Clay Loam,0.61,0.243,1081.52,7,0.341,3.296.904,24.666
13.506,107.576,5,176,3.64,30,22,5.8,34.9,35.1,31.5,26.03,6.93,82.59,17.67,12,-5.74,-6.67,-6.72,-5.6,3.27,5.56,14.57,4.05,8.95,0.25,-5.41,-6.56,Rubber,Clay Loam,0.586,0.254,36.7,7,0.398,2.601.564,24.886
13.506,107.894,6,219,2.69,32.6,1.74,5.9,39.6,27.8,21.7,24.57,141.28,83.7,18.14,4,-159.46,-169.36,-154.13,-136.02,24.8,37.8,167.03,113.53,221.94,194.62,-29.94,-110.79,Rubber,Clay Loam,0.503,0.229,759.7,9,0.292,2.384.767,23.146
13.507,107.848,5,234,3.53,35.1,1.87,5.7,36.6,28.3,22.1,24.57,141.28,83.7,18.14,4,-159.46,-169.36,-154.13,-136.02,24.8,37.8,167.03,113.53,221.94,194.62,-29.94,-110.79,Rubber,Clay Loam,0.503,0.237,759.7,9,0.292,2.818.361,23.049
13.51,107.601,5,183,1.03,28.7,2.15,5.8,37.2,34,27,25.96,199.04,81.8,18.14,3,-202.41,-205.29,-190.82,-159.08,55.01,90.16,368.73,274.99,223.54,69.09,-144.32,-179.6,Rubber,Clay Loam,0.61,0.242,1081.52,7,0.341,3.043.296,24.771
13.51,108.047,5,290,0.74,35.1,2.16,5.9,32.4,32.5,29.1,24.57,141.28,83.7,17.25,4,-159.46,-169.36,-154.13,-136.02,24.8,37.8,167.03,113.53,221.94,194.62,-29.94,-110.79,Rubber,Clay Loam,0.503,0.256,759.7,9,0.292,2.384.767,22.685
13.511,108.331,6,180,0.53,34.9,2.77,5.8,35.4,29.7,25.1,24.57,141.28,83.7,17.25,4,-159.46,-169.36,-154.13,-136.02,24.8,37.8,167.03,113.53,221.94,194.62,-29.94,-110.79,Rubber,Clay Loam,0.503,0.244,759.7,9,0.292,2.601.564,23.4
13.512,108.142,5,383,5.89,34.9,2.42,5.8,33.2,31.9,28.5,24.57,141.28,83.7,17.25,4,-159.46,-169.36,-154.13,-136.02,24.8,37.8,167.03,113.53,221.94,194.62,-29.94,-110.79,Rubber,Clay Loam,0.503,0.254,759.7,9,0.292,2.601.564,22.08
13.513,107.769,5,201,1.18,30.4,1.91,5.9,34.6,35,21.3,25.96,199.04,81.8,18.14,3,-202.41,-205.29,-190.82,-159.08,55.01,90.16,368.73,274.99,223.54,69.09,-144.32,-179.6,Rubber,Clay Loam,0.61,0.24,1081.52,7,0.341,2.789.688,24.654
13.517,108.392,5,185,3.64,40.2,19.7,6,31.5,28.3,24,24.64,4.92,84.79,16.78,12,-3.74,-5.15,-5.62,-5,2.51,2.76,7.89,1.25,8.92,3.13,-2.41,-4.49,Rubber,Clay,0.472,0.251,26.41,9,0.337,2167.97,23.438
13.526,107.702,5,206,0.53,30.8,2.23,5.7,33.8,35.3,27.7,25.96,199.04,81.8,18.14,3,-202.41,-205.29,-190.82,-159.08,55.01,90.16,368.73,274.99,223.54,69.09,-144.32,-179.6,Rubber,Clay Loam,0.61,0.251,1081.52,7,0.341,3.296.904,24.621
13.527,108.079,5,383,3.09,35.9,2.06,5.8,31.6,32.5,23.4,24.57,141.28,83.7,17.25,4,-159.46,-169.36,-154.13,-136.02,24.8,37.8,167.03,113.53,221.94,194.62,-29.94,-110.79,Rubber,Clay Loam,0.503,0.25,759.7,9,0.292,2.601.564,22.08
13.53,108.043,6,251,5.19,36.1,2.16,5.9,31.9,32,25.9,24.57,141.28,83.7,17.25,4,-159.46,-169.36,-154.13,-136.02,24.8,37.8,167.03,113.53,221.94,194.62,-29.94,-110.79,Rubber,Clay Loam,0.503,0.253,759.7,9,0.292,2.384.767,22.938
13.531,107.68,6,313,17.47,28.4,2.82,5.6,39.9,31.7,29.1,25.96,199.04,81.8,18.14,3,-202.41,-205.29,-190.82,-159.08,55.01,90.16,368.73,274.99,223.54,69.09,-144.32,-179.6,Rubber,Clay Loam,0.61,0.239,1081.52,7,0.341,3.550.512,23.926
13.531,108.378,5,182,0.53,35.2,2.62,6,34.7,30.1,23.7,24.57,141.28,83.7,17.25,4,-159.46,-169.36,-154.13,-136.02,24.8,37.8,167.03,113.53,221.94,194.62,-29.94,-110.79,Rubber,Clay Loam,0.503,0.243,759.7,9,0.292,2167.97,23.387
13.532,107.682,6,412,3.64,27.5,30.6,5.6,39.4,33.1,31.9,26.03,6.93,82.59,17.67,12,-5.74,-6.67,-6.72,-5.6,3.27,5.56,14.57,4.05,8.95,0.25,-5.41,-6.56,Rubber,Clay Loam,0.586,0.244,36.7,7,0.398,3.035.158,23.352
13.535,107.776,5,200,2.35,31.7,2.31,5.7,34.7,33.7,26,25.96,199.04,81.8,18.14,3,-202.41,-205.29,-190.82,-159.08,55.01,90.16,368.73,274.99,223.54,69.09,-144.32,-179.6,Rubber,Clay Loam,0.61,0.247,1081.52,7,0.341,3.296.904,24.66
13.535,108.321,6,177,0.53,36.4,2.14,5.8,34.3,29.3,22.1,24.57,141.28,83.7,17.25,4,-159.46,-169.36,-154.13,-136.02,24.8,37.8,167.03,113.53,221.94,194.62,-29.94,-110.79,Rubber,Clay Loam,0.503,0.242,759.7,9,0.292,2.601.564,23.42
13.541,107.92,6,252,7.72,34.2,2.33,5.7,37.5,28.3,26.4,24.57,141.28,83.7,18.14,4,-159.46,-169.36,-154.13,-136.02,24.8,37.8,167.03,113.53,221.94,194.62,-29.94,-110.79,Rubber,Clay Loam,0.503,0.241,759.7,9,0.292,2.818.361,22.932
13.546,108.291,6,183,3.64,35.7,22.2,5.8,34.6,29.7,23.1,24.64,4.92,84.79,16.78,12,-3.74,-5.15,-5.62,-5,2.51,2.76,7.89,1.25,8.92,3.13,-2.41,-4.49,Rubber,Clay Loam,0.472,0.243,26.41,9,0.337,2.601.564,23.45
13.552,107.51,5,180,3.64,32.1,23.9,5.9,34.5,33.4,29.3,26.03,6.93,82.59,17.67,12,-5.74,-6.67,-6.72,-5.6,3.27,5.56,14.57,4.05,8.95,0.25,-5.41,-6.56,Rubber,Clay Loam,0.586,0.252,36.7,7,0.398,2.384.767,24.86
13.556,107.706,5,248,7.39,30.2,2.58,5.7,36.7,33.2,27.2,25.96,199.04,81.8,18.14,3,-202.41,-205.29,-190.82,-159.08,55.01,90.16,368.73,274.99,223.54,69.09,-144.32,-179.6,Rubber,Clay Loam,0.61,0.244,1081.52,7,0.341,3.296.904,24.348
13.559,107.901,5,235,0.74,32.6,2.04,5.9,38.7,28.6,24,24.57,141.28,83.7,18.14,4,-159.46,-169.36,-154.13,-136.02,24.8,37.8,167.03,113.53,221.94,194.62,-29.94,-110.79,Rubber,Clay Loam,0.503,0.235,759.7,9,0.292,2.384.767,23.042
13.566,108.166,5,336,3.64,33.7,24.7,5.9,36.1,30.2,26.9,24.64,4.92,84.79,16.78,12,-3.74,-5.15,-5.62,-5,2.51,2.76,7.89,1.25,8.92,3.13,-2.41,-4.49,Rubber,Clay Loam,0.472,0.245,26.41,9,0.337,2.384.767,22.456
13.575,108.312,6,187,3.64,36.2,23.5,6,33.1,30.7,26.2,24.64,4.92,84.79,16.78,12,-3.74,-5.15,-5.62,-5,2.51,2.76,7.89,1.25,8.92,3.13,-2.41,-4.49,Rubber,Clay Loam,0.472,0.251,26.41,9,0.337,2167.97,23.425
13.576,108.232,6,354,3.06,37.1,2.52,6,33.2,29.7,27.8,24.57,141.28,83.7,17.25,4,-159.46,-169.36,-154.13,-136.02,24.8,37.8,167.03,113.53,221.94,194.62,-29.94,-110.79,Rubber,Clay Loam,0.503,0.253,759.7,9,0.292,2167.97,22.269
13.577,107.987,6,373,3.33,30.8,1.84,5.9,36,33.3,22.8,24.57,141.28,83.7,18.14,4,-159.46,-169.36,-154.13,-136.02,24.8,37.8,167.03,113.53,221.94,194.62,-29.94,-110.79,Rubber,Clay Loam,0.503,0.239,759.7,9,0.292,2.384.767,22.146
13.582,108.419,6,184,3.64,33.9,22.7,6,33.8,32.4,21.7,24.64,4.92,84.79,16.78,12,-3.74,-5.15,-5.62,-5,2.51,2.76,7.89,1.25,8.92,3.13,-2.41,-4.49,Rubber,Clay Loam,0.472,0.243,26.41,9,0.337,2167.97,23.444
13.583,108.071,5,383,3.84,31.4,1.99,5.9,36.5,32,26.6,24.57,141.28,83.7,17.25,4,-159.46,-169.36,-154.13,-136.02,24.8,37.8,167.03,113.53,221.94,194.62,-29.94,-110.79,Rubber,Clay Loam,0.503,0.243,759.7,9,0.292,2.384.767,22.08
13.584,107.849,5,263,3.64,32.3,22,5.7,37.2,30.5,26.5,24.64,4.92,84.79,17.67,12,-3.74,-5.15,-5.62,-5,2.51,2.76,7.89,1.25,8.92,3.13,-2.41,-4.49,Rubber,Clay Loam,0.472,0.242,26.41,9,0.337,2.818.361,22.931
13.587,108.033,5,350,3.74,32,2.09,5.8,35.7,32.3,25.5,24.57,141.28,83.7,17.25,4,-159.46,-169.36,-154.13,-136.02,24.8,37.8,167.03,113.53,221.94,194.62,-29.94,-110.79,Rubber,Clay Loam,0.503,0.244,759.7,9,0.292,2.601.564,22.295
13.595,107.995,6,415,15.15,31.8,2.51,5.7,34.5,33.7,27.5,24.57,141.28,83.7,18.14,4,-159.46,-169.36,-154.13,-136.02,24.8,37.8,167.03,113.53,221.94,194.62,-29.94,-110.79,Rubber,Clay Loam,0.503,0.249,759.7,9,0.292,2.818.361,21.873
13.596,108.021,6,421,8.47,30.8,2.4,5.9,36.7,32.4,29.7,24.57,141.28,83.7,17.25,4,-159.46,-169.36,-154.13,-136.02,24.8,37.8,167.03,113.53,221.94,194.62,-29.94,-110.79,Rubber,Clay Loam,0.503,0.247,759.7,9,0.292,2.384.767,21.834
13.597,108.23,6,359,1.18,36.9,2.36,6,33.4,29.8,39.2,24.57,141.28,83.7,17.25,4,-159.46,-169.36,-154.13,-136.02,24.8,37.8,167.03,113.53,221.94,194.62,-29.94,-110.79,Rubber,Clay Loam,0.503,0.268,759.7,9,0.292,2167.97,22.236
13.599,107.989,5,433,3.64,30.1,30.4,5.6,35,34.9,33.9,24.64,4.92,84.79,17.67,12,-3.74,-5.15,-5.62,-5,2.51,2.76,7.89,1.25,8.92,3.13,-2.41,-4.49,Rubber,Clay Loam,0.472,0.257,26.41,9,0.337,3.035.158,21.826
13.61,108.052,5,432,3.26,33.9,2.45,5.9,35.6,30.5,32.8,24.57,141.28,83.7,17.25,4,-159.46,-169.36,-154.13,-136.02,24.8,37.8,167.03,113.53,221.94,194.62,-29.94,-110.79,Rubber,Clay Loam,0.503,0.254,759.7,9,0.292,2.384.767,21.762
13.616,107.882,6,292,3.69,31.7,2.04,5.9,36.7,31.7,26.5,24.57,141.28,83.7,18.14,4,-159.46,-169.36,-154.13,-136.02,24.8,37.8,167.03,113.53,221.94,194.62,-29.94,-110.79,Rubber,Clay Loam,0.503,0.243,759.7,9,0.292,2.384.767,22.672
13.618,107.943,6,380,7.47,32.7,2.07,5.7,34.9,32.4,26.5,24.57,141.28,83.7,18.14,4,-159.46,-169.36,-154.13,-136.02,24.8,37.8,167.03,113.53,221.94,194.62,-29.94,-110.79,Rubber,Clay Loam,0.503,0.247,759.7,9,0.292,2.818.361,22.1
13.621,107.896,5,286,4.01,31.6,2.07,5.8,36.4,31.9,25.5,24.57,141.28,83.7,18.14,4,-159.46,-169.36,-154.13,-136.02,24.8,37.8,167.03,113.53,221.94,194.62,-29.94,-110.79,Rubber,Clay Loam,0.503,0.242,759.7,9,0.292,2.601.564,22.711
13.626,108.017,5,440,4.4,31.3,2.35,5.9,36.3,32.4,29,24.57,141.28,83.7,17.25,4,-159.46,-169.36,-154.13,-136.02,24.8,37.8,167.03,113.53,221.94,194.62,-29.94,-110.79,Rubber,Clay Loam,0.503,0.247,759.7,9,0.292,2.384.767,21.71
13.631,107.634,5,185,5.28,32.7,2.19,5.8,33.9,33.4,24.4,25.96,199.04,81.8,18.14,3,-202.41,-205.29,-190.82,-159.08,55.01,90.16,368.73,274.99,223.54,69.09,-144.32,-179.6,Rubber,Clay Loam,0.61,0.246,1081.52,7,0.341,3.043.296,24.758
13.632,108.372,5,201,1.54,33.9,2.62,6.1,34.5,31.6,29.2,24.57,141.28,83.7,17.25,4,-159.46,-169.36,-154.13,-136.02,24.8,37.8,167.03,113.53,221.94,194.62,-29.94,-110.79,Rubber,Clay Loam,0.503,0.252,759.7,9,0.292,1.951.173,23.264
13.634,107.981,6,458,2.6,27.2,2.31,5.9,36.5,36.3,26.8,24.57,141.28,83.7,18.14,4,-159.46,-169.36,-154.13,-136.02,24.8,37.8,167.03,113.53,221.94,194.62,-29.94,-110.79,Rubber,Clay Loam,0.503,0.244,759.7,9,0.292,2.384.767,21.593
13.636,108.019,6,463,8.79,32.3,3.09,5.9,36.6,31,32.7,24.57,141.28,83.7,17.25,4,-159.46,-169.36,-154.13,-136.02,24.8,37.8,167.03,113.53,221.94,194.62,-29.94,-110.79,Rubber,Clay Loam,0.503,0.252,759.7,9,0.292,2.384.767,21.56
13.644,107.811,5,249,2.18,30,2.03,5.8,38,32,22.7,25.96,199.04,81.8,18.14,3,-202.41,-205.29,-190.82,-159.08,55.01,90.16,368.73,274.99,223.54,69.09,-144.32,-179.6,Rubber,Clay Loam,0.61,0.234,1081.52,7,0.341,3.043.296,24.342
13.646,107.854,5,292,3.64,32.2,19.3,5.9,37.1,30.7,24.2,24.64,4.92,84.79,17.67,12,-3.74,-5.15,-5.62,-5,2.51,2.76,7.89,1.25,8.92,3.13,-2.41,-4.49,Rubber,Clay Loam,0.472,0.239,26.41,9,0.337,2.384.767,22.742
13.646,108.015,5,465,3.64,33.1,23.6,5.9,33.9,33,30.4,24.64,4.92,84.79,16.78,12,-3.74,-5.15,-5.62,-5,2.51,2.76,7.89,1.25,8.92,3.13,-2.41,-4.49,Rubber,Clay Loam,0.472,0.255,26.41,9,0.337,2.384.767,21.618
13.65,107.623,6,196,3.64,32.9,20.6,6,34.4,32.7,25,26.03,6.93,82.59,17.67,12,-5.74,-6.67,-6.72,-5.6,3.27,5.56,14.57,4.05,8.95,0.25,-5.41,-6.56,Rubber,Clay Loam,0.586,0.246,36.7,7,0.398,2167.97,24.756
13.652,108.002,6,499,3.64,31.5,23.4,6,37.6,31,26.3,24.64,4.92,84.79,16.78,12,-3.74,-5.15,-5.62,-5,2.51,2.76,7.89,1.25,8.92,3.13,-2.41,-4.49,Rubber,Clay Loam,0.472,0.24,26.41,9,0.337,2167.97,21.396
13.656,108.008,6,499,2.95,28.9,2.34,5.8,36.9,34.2,29.8,24.57,141.28,83.7,17.25,4,-159.46,-169.36,-154.13,-136.02,24.8,37.8,167.03,113.53,221.94,194.62,-29.94,-110.79,Rubber,Clay Loam,0.503,0.247,759.7,9,0.292,2.601.564,21.326
13.665,108.17,5,212,1.18,38.4,2.13,6.1,34.2,27.5,29.3,24.57,141.28,83.7,17.25,4,-159.46,-169.36,-154.13,-136.02,24.8,37.8,167.03,113.53,221.94,194.62,-29.94,-110.79,Rubber,Clay Loam,0.503,0.252,759.7,9,0.292,1.951.173,23.192
13.666,107.71,6,224,1.16,29,1.92,6,37.1,33.9,23.7,25.96,199.04,81.8,18.14,3,-202.41,-205.29,-190.82,-159.08,55.01,90.16,368.73,274.99,223.54,69.09,-144.32,-179.6,Rubber,Clay Loam,0.61,0.238,1081.52,7,0.341,2536.08,24.504
13.669,107.532,5,232,3.64,33.1,20.9,5.8,35.6,31.3,23.2,26.03,6.93,82.59,17.67,12,-5.74,-6.67,-6.72,-5.6,3.27,5.56,14.57,4.05,8.95,0.25,-5.41,-6.56,Rubber,Clay Loam,0.586,0.241,36.7,7,0.398,2.601.564,24.522
13.68,108.038,6,498,2.12,29.2,2.23,5.6,36.3,34.5,34.1,24.57,141.28,83.7,17.25,4,-159.46,-169.36,-154.13,-136.02,24.8,37.8,167.03,113.53,221.94,194.62,-29.94,-110.79,Rubber,Clay Loam,0.503,0.254,759.7,9,0.292,3.035.158,21.333
13.682,107.661,5,204,5.87,30.3,1.98,6.1,34.2,35.4,25.5,25.96,199.04,81.8,18.14,3,-202.41,-205.29,-190.82,-159.08,55.01,90.16,368.73,274.99,223.54,69.09,-144.32,-179.6,Rubber,Clay Loam,0.61,0.247,1081.52,7,0.341,2.282.472,24.634
13.684,108.28,6,347,5.24,37,2.38,5.9,33.8,29.3,28.3,24.57,141.28,83.7,17.25,4,-159.46,-169.36,-154.13,-136.02,24.8,37.8,167.03,113.53,221.94,194.62,-29.94,-110.79,Rubber,Clay Loam,0.503,0.252,759.7,9,0.292,2.384.767,22.314
13.686,108.207,6,209,2.31,33.7,2.16,6,34.4,31.8,27.2,24.57,141.28,83.7,17.25,4,-159.46,-169.36,-154.13,-136.02,24.8,37.8,167.03,113.53,221.94,194.62,-29.94,-110.79,Rubber,Clay Loam,0.503,0.249,759.7,9,0.292,2167.97,23.212
13.689,107.647,6,197,1.48,28.7,2.03,5.9,34.5,36.7,27.8,25.96,199.04,81.8,18.14,3,-202.41,-205.29,-190.82,-159.08,55.01,90.16,368.73,274.99,223.54,69.09,-144.32,-179.6,Rubber,Clay Loam,0.61,0.25,1081.52,7,0.341,2.789.688,24.68
13.692,107.916,6,485,2.95,27.6,1.99,5.7,36.6,35.8,27.1,24.57,141.28,83.7,18.14,4,-159.46,-169.36,-154.13,-136.02,24.8,37.8,167.03,113.53,221.94,194.62,-29.94,-110.79,Rubber,Clay Loam,0.503,0.244,759.7,9,0.292,2.818.361,21.418
13.704,107.649,6,205,1.48,29.5,1.95,5.9,35.4,35.1,27.4,25.96,199.04,81.8,18.14,3,-202.41,-205.29,-190.82,-159.08,55.01,90.16,368.73,274.99,223.54,69.09,-144.32,-179.6,Rubber,Clay Loam,0.61,0.247,1081.52,7,0.341,2.789.688,24.628
13.705,107.82,6,394,3.64,29.3,23.2,5.8,37.6,33.2,23.9,24.64,4.92,84.79,17.67,12,-3.74,-5.15,-5.62,-5,2.51,2.76,7.89,1.25,8.92,3.13,-2.41,-4.49,Rubber,Clay Loam,0.472,0.237,26.41,9,0.337,2.601.564,22.079
13.709,107.855,6,476,7.75,29.7,2.36,5.7,37,33.3,29.1,24.57,141.28,83.7,18.14,4,-159.46,-169.36,-154.13,-136.02,24.8,37.8,167.03,113.53,221.94,194.62,-29.94,-110.79,Rubber,Clay Loam,0.503,0.246,759.7,9,0.292,2.818.361,21.476
13.709,108.265,6,367,1.48,35,2.35,5.9,34.5,30.5,28.5,24.57,141.28,83.7,17.25,4,-159.46,-169.36,-154.13,-136.02,24.8,37.8,167.03,113.53,221.94,194.62,-29.94,-110.79,Rubber,Clay Loam,0.503,0.251,759.7,9,0.292,2.384.767,22.184
13.714,107.902,6,462,3.64,27.8,22.6,5.7,35.8,36.4,26.4,24.64,4.92,84.79,17.67,12,-3.74,-5.15,-5.62,-5,2.51,2.76,7.89,1.25,8.92,3.13,-2.41,-4.49,Rubber,Clay Loam,0.472,0.245,26.41,9,0.337,2.818.361,21.637
13.715,108.264,5,386,4.62,35.9,2.51,5.9,34.7,29.5,29.9,24.57,141.28,83.7,17.25,4,-159.46,-169.36,-154.13,-136.02,24.8,37.8,167.03,113.53,221.94,194.62,-29.94,-110.79,Rubber,Clay Loam,0.503,0.252,759.7,9,0.292,2.384.767,22.061
13.716,107.766,6,256,1.54,28.4,2.46,6.1,36.3,35.4,23.4,25.96,199.04,81.8,18.14,3,-202.41,-205.29,-190.82,-159.08,55.01,90.16,368.73,274.99,223.54,69.09,-144.32,-179.6,Rubber,Clay Loam,0.61,0.239,1081.52,7,0.341,2.282.472,24.296
13.716,107.865,5,484,9.56,29.5,2.53,5.6,35.4,35.1,25.9,24.57,141.28,83.7,18.14,4,-159.46,-169.36,-154.13,-136.02,24.8,37.8,167.03,113.53,221.94,194.62,-29.94,-110.79,Rubber,Clay Loam,0.503,0.245,759.7,9,0.292,3.035.158,21.424
13.718,107.529,6,236,3.64,32.1,24.8,5.8,36.4,31.5,27.7,26.03,6.93,82.59,17.67,12,-5.74,-6.67,-6.72,-5.6,3.27,5.56,14.57,4.05,8.95,0.25,-5.41,-6.56,Rubber,Clay Loam,0.586,0.245,36.7,7,0.398,2.601.564,24.496
13.722,107.836,5,382,3.64,27.2,20.5,5.7,38.2,34.6,27.3,24.64,4.92,84.79,17.67,12,-3.74,-5.15,-5.62,-5,2.51,2.76,7.89,1.25,8.92,3.13,-2.41,-4.49,Rubber,Clay Loam,0.472,0.24,26.41,9,0.337,2.818.361,22.157
13.722,108.312,5,404,7.02,38.5,2.52,5.8,32.2,29.3,27.4,24.57,141.28,83.7,17.25,4,-159.46,-169.36,-154.13,-136.02,24.8,37.8,167.03,113.53,221.94,194.62,-29.94,-110.79,Rubber,Clay Loam,0.503,0.254,759.7,9,0.292,2.601.564,21.944
13.724,107.626,6,263,7.65,29.3,1.88,5.9,37.5,33.2,24.5,25.96,199.04,81.8,18.14,3,-202.41,-205.29,-190.82,-159.08,55.01,90.16,368.73,274.99,223.54,69.09,-144.32,-179.6,Rubber,Clay Loam,0.61,0.238,1081.52,7,0.341,2.789.688,24.251
13.728,107.641,6,275,2.6,30.7,2.17,5.9,35.3,33.9,24.9,25.96,199.04,81.8,18.14,3,-202.41,-205.29,-190.82,-159.08,55.01,90.16,368.73,274.99,223.54,69.09,-144.32,-179.6,Rubber,Clay Loam,0.61,0.244,1081.52,7,0.341,2.789.688,24.172
13.734,108.329,6,444,5.24,39,2.67,5.8,31.3,29.7,33.1,24.57,141.28,83.7,17.25,4,-159.46,-169.36,-154.13,-136.02,24.8,37.8,167.03,113.53,221.94,194.62,-29.94,-110.79,Rubber,Clay Loam,0.503,0.264,759.7,9,0.292,2.601.564,21.684
13.737,107.693,5,288,3.26,28.7,1.99,6,37.4,33.8,25.1,25.96,199.04,81.8,18.14,3,-202.41,-205.29,-190.82,-159.08,55.01,90.16,368.73,274.99,223.54,69.09,-144.32,-179.6,Rubber,Clay Loam,0.61,0.239,1081.52,7,0.341,2536.08,24.088
13.739,107.522,5,181,3.64,30.7,26,5.8,36.3,33,29.8,26.03,6.93,82.59,17.67,12,-5.74,-6.67,-6.72,-5.6,3.27,5.56,14.57,4.05,8.95,0.25,-5.41,-6.56,Rubber,Clay Loam,0.586,0.248,36.7,7,0.398,2.601.564,24.854
13.743,108.247,5,489,4.35,37,2.01,5.9,34,29,24.5,24.57,141.28,83.7,17.25,4,-159.46,-169.36,-154.13,-136.02,24.8,37.8,167.03,113.53,221.94,194.62,-29.94,-110.79,Rubber,Clay Loam,0.503,0.246,759.7,9,0.292,2.384.767,21.392
13.751,108.139,5,515,3.18,34.7,2.06,5.9,34.7,30.6,28,23.3,147.86,84.74,17.25,4,-159.46,-175.05,-157.67,-141.05,-0.75,18.07,145.89,104.16,223.27,261.45,-15.89,-102.98,Rubber,Clay Loam,0.437,0.249,752.85,10,0.347,2.498.584,19.952
13.751,108.365,6,674,17.19,28.8,3.5,5.6,36.5,34.7,44.7,23.3,147.86,84.74,17.25,4,-159.46,-175.05,-157.67,-141.05,-0.75,18.07,145.89,104.16,223.27,261.45,-15.89,-102.98,Rubber,Clay Loam,0.437,0.269,752.85,10,0.347,3.180.016,18.919
13.758,107.7,5,324,3.64,28.2,20.3,6,38.4,33.3,27.2,25.32,5.63,82.4,17.67,12,-4.7,-5.63,-5.75,-4.35,2.73,4.7,10.96,3.35,7.89,0.86,-4.51,-5.56,Rubber,Clay Loam,0.568,0.24,30.5,7,0.359,2167.97,23.214
13.765,108.029,6,630,14.49,28.5,2.71,5.7,36.1,35.4,30.7,23.3,147.86,84.74,17.25,4,-159.46,-175.05,-157.67,-141.05,-0.75,18.07,145.89,104.16,223.27,261.45,-15.89,-102.98,Rubber,Clay Loam,0.437,0.25,752.85,10,0.347,2.952.872,19.205
13.765,108.274,6,510,1.87,35.3,2.42,5.9,33.3,31.4,29.7,23.3,147.86,84.74,17.25,4,-159.46,-175.05,-157.67,-141.05,-0.75,18.07,145.89,104.16,223.27,261.45,-15.89,-102.98,Rubber,Clay Loam,0.437,0.255,752.85,10,0.347,2.498.584,19.985
13.766,108.188,5,478,1.18,33.9,2.53,5.6,36.3,29.7,32.4,23.3,147.86,84.74,17.25,4,-159.46,-175.05,-157.67,-141.05,-0.75,18.07,145.89,104.16,223.27,261.45,-15.89,-102.98,Rubber,Clay Loam,0.437,0.252,752.85,10,0.347,3.180.016,20.193
13.766,108.294,5,461,7.16,33.8,2.31,5.8,34.6,31.5,29.5,23.3,147.86,84.74,17.25,4,-159.46,-175.05,-157.67,-141.05,-0.75,18.07,145.89,104.16,223.27,261.45,-15.89,-102.98,Rubber,Clay Loam,0.437,0.252,752.85,10,0.347,2.725.728,20.304
13.767,108.19,5,471,1.89,33.9,2.46,5.6,35.7,30.4,28.8,23.3,147.86,84.74,17.25,4,-159.46,-175.05,-157.67,-141.05,-0.75,18.07,145.89,104.16,223.27,261.45,-15.89,-102.98,Rubber,Clay Loam,0.437,0.248,752.85,10,0.347,3.180.016,20.239
13.771,107.806,6,397,3.64,28.5,20.6,6,36.1,35.5,28.7,25.32,5.63,82.4,17.67,12,-4.7,-5.63,-5.75,-4.35,2.73,4.7,10.96,3.35,7.89,0.86,-4.51,-5.56,Rubber,Clay Loam,0.568,0.247,30.5,7,0.359,2167.97,22.74
13.772,108.141,5,587,9.47,33.5,2.14,5.7,33.7,32.8,28.3,23.3,147.86,84.74,17.25,4,-159.46,-175.05,-157.67,-141.05,-0.75,18.07,145.89,104.16,223.27,261.45,-15.89,-102.98,Rubber,Clay Loam,0.437,0.252,752.85,10,0.347,2.952.872,19.484
13.773,107.885,6,479,5.31,28.5,2.32,5.8,35.4,36.1,32.5,23.3,147.86,84.74,18.14,4,-159.46,-175.05,-157.67,-141.05,-0.75,18.07,145.89,104.16,223.27,261.45,-15.89,-102.98,Rubber,Clay Loam,0.437,0.254,752.85,10,0.347,2.725.728,20.187
13.776,107.923,5,571,2.57,27.9,1.96,5.7,37.2,35,25.6,23.3,147.86,84.74,18.14,4,-159.46,-175.05,-157.67,-141.05,-0.75,18.07,145.89,104.16,223.27,261.45,-15.89,-102.98,Rubber,Clay Loam,0.437,0.24,752.85,10,0.347,2.952.872,19.588
13.78,107.637,5,384,3.02,28.3,2.34,5.7,35.7,36,30.1,25.25,174.14,81.48,18.14,3,-179.93,-183.32,-167.16,-135.46,50.28,69.26,300.26,253.27,195.98,90.33,-133.36,-160.15,Rubber,Clay Loam,0.595,0.25,959.38,7,0.313,2.976.155,22.754
13.781,107.771,6,372,1.16,29.4,2.28,5.8,35.8,34.7,28.4,25.25,174.14,81.48,18.14,3,-179.93,-183.32,-167.16,-135.46,50.28,69.26,300.26,253.27,195.98,90.33,-133.36,-160.15,Rubber,Clay Loam,0.595,0.247,959.38,7,0.313,2747.22,22.832
13.784,107.679,5,405,1.54,27.3,2.66,5.7,36.1,36.6,35,25.25,174.14,81.48,18.14,3,-179.93,-183.32,-167.16,-135.46,50.28,69.26,300.26,253.27,195.98,90.33,-133.36,-160.15,Rubber,Clay Loam,0.595,0.256,959.38,7,0.313,2.976.155,22.618
13.785,107.739,6,352,2.95,31.1,1.98,5.9,35.7,33.2,25.2,25.25,174.14,81.48,18.14,3,-179.93,-183.32,-167.16,-135.46,50.28,69.26,300.26,253.27,195.98,90.33,-133.36,-160.15,Rubber,Clay Loam,0.595,0.243,959.38,7,0.313,2.518.285,22.962
13.79,107.9,5,588,3.64,27.3,21.2,5.6,38,34.6,28.4,23.37,4.74,85.96,17.67,12,-3.49,-5.08,-5.82,-5.01,1.27,2.46,6.48,1.14,8.68,5.17,-1.63,-4.16,Rubber,Clay Loam,0.403,0.242,25.19,9,0.344,3.035.158,19.548
13.792,108.228,6,544,13.97,34.2,2.52,5.9,35.8,30,28.4,23.3,147.86,84.74,17.25,4,-159.46,-175.05,-157.67,-141.05,-0.75,18.07,145.89,104.16,223.27,261.45,-15.89,-102.98,Rubber,Clay Loam,0.437,0.247,752.85,10,0.347,2.498.584,19.764
13.793,107.683,5,374,11.92,25.8,2.42,5.7,36.8,37.4,23.9,25.25,174.14,81.48,18.14,3,-179.93,-183.32,-167.16,-135.46,50.28,69.26,300.26,253.27,195.98,90.33,-133.36,-160.15,Rubber,Loam,0.595,0.239,959.38,7,0.313,2.976.155,22.819
13.794,107.785,6,373,3.22,28.7,2.38,5.9,35.6,35.7,26.8,25.25,174.14,81.48,18.14,3,-179.93,-183.32,-167.16,-135.46,50.28,69.26,300.26,253.27,195.98,90.33,-133.36,-160.15,Rubber,Clay Loam,0.595,0.246,959.38,7,0.313,2.518.285,22.825
13.802,108.055,5,640,4.79,29.1,2.24,5.8,36.3,34.6,24.8,23.3,147.86,84.74,17.25,4,-159.46,-175.05,-157.67,-141.05,-0.75,18.07,145.89,104.16,223.27,261.45,-15.89,-102.98,Rubber,Clay Loam,0.437,0.241,752.85,10,0.347,2.725.728,19.14
13.802,108.312,6,551,1.03,32.2,2.14,5.7,34.3,33.5,27.3,23.3,147.86,84.74,17.25,4,-159.46,-175.05,-157.67,-141.05,-0.75,18.07,145.89,104.16,223.27,261.45,-15.89,-102.98,Rubber,Clay Loam,0.437,0.249,752.85,10,0.347,2.952.872,19.719
13.804,107.715,6,396,10.91,27.4,2.52,5.7,39.4,33.2,27.4,25.25,174.14,81.48,18.14,3,-179.93,-183.32,-167.16,-135.46,50.28,69.26,300.26,253.27,195.98,90.33,-133.36,-160.15,Rubber,Clay Loam,0.595,0.238,959.38,7,0.313,2.976.155,22.676
13.804,107.915,5,611,3.33,27.9,2.13,5.6,37.2,34.9,30.1,23.3,147.86,84.74,18.14,4,-159.46,-175.05,-157.67,-141.05,-0.75,18.07,145.89,104.16,223.27,261.45,-15.89,-102.98,Rubber,Clay Loam,0.437,0.247,752.85,10,0.347,3.180.016,19.328
13.81,107.713,6,415,4.89,25.8,2.28,5.6,37.2,37,34.3,25.25,174.14,81.48,18.14,3,-179.93,-183.32,-167.16,-135.46,50.28,69.26,300.26,253.27,195.98,90.33,-133.36,-160.15,Rubber,Loam,0.595,0.252,959.38,7,0.313,3205.09,22.553
13.81,108.116,6,682,2.57,28.8,2.45,5.9,34.4,36.8,26.9,23.3,147.86,84.74,17.25,4,-159.46,-175.05,-157.67,-141.05,-0.75,18.07,145.89,104.16,223.27,261.45,-15.89,-102.98,Rubber,Clay Loam,0.437,0.249,752.85,10,0.347,2.498.584,18.867
13.81,108.328,6,575,3.64,31.9,23.8,5.7,32.4,35.7,28.9,23.37,4.74,85.96,16.78,12,-3.49,-5.08,-5.82,-5.01,1.27,2.46,6.48,1.14,8.68,5.17,-1.63,-4.16,Rubber,Clay Loam,0.403,0.256,25.19,9,0.344,2.818.361,19.632
13.819,107.661,6,399,5.16,26.9,2.32,5.7,38.3,34.8,27.1,25.25,174.14,81.48,18.14,3,-179.93,-183.32,-167.16,-135.46,50.28,69.26,300.26,253.27,195.98,90.33,-133.36,-160.15,Rubber,Loam,0.595,0.24,959.38,7,0.313,2.976.155,22.656
13.82,107.8,5,484,3.74,27.5,2.46,5.7,37,35.6,27.1,25.25,174.14,81.48,18.14,3,-179.93,-183.32,-167.16,-135.46,50.28,69.26,300.26,253.27,195.98,90.33,-133.36,-160.15,Rubber,Clay Loam,0.595,0.243,959.38,7,0.313,2.976.155,22.104
13.82,108.144,5,652,12.08,31.3,2.26,5.8,34.5,34.1,28.2,23.3,147.86,84.74,17.25,4,-159.46,-175.05,-157.67,-141.05,-0.75,18.07,145.89,104.16,223.27,261.45,-15.89,-102.98,Rubber,Clay Loam,0.437,0.25,752.85,10,0.347,2.725.728,19.062
13.825,107.958,6,684,3.64,28.6,24,5.7,33.3,38.1,63.5,23.37,4.74,85.96,17.67,12,-3.49,-5.08,-5.82,-5.01,1.27,2.46,6.48,1.14,8.68,5.17,-1.63,-4.16,Rubber,Clay Loam,0.403,0.302,25.19,9,0.344,2.818.361,18.924
13.825,108.104,6,685,1.89,29.9,2.44,5.7,35,35.1,31.8,23.3,147.86,84.74,17.25,4,-159.46,-175.05,-157.67,-141.05,-0.75,18.07,145.89,104.16,223.27,261.45,-15.89,-102.98,Rubber,Clay Loam,0.437,0.254,752.85,10,0.347,2.952.872,18.848
13.83,108.033,6,729,4.88,25.8,2.02,5.6,39.2,35,25.8,23.3,147.86,84.74,17.25,4,-159.46,-175.05,-157.67,-141.05,-0.75,18.07,145.89,104.16,223.27,261.45,-15.89,-102.98,Rubber,Loam,0.437,0.236,752.85,10,0.347,3.180.016,18.562
13.831,107.744,6,403,7.99,27.9,2.34,5.8,36.8,35.4,29,25.25,174.14,81.48,18.14,3,-179.93,-183.32,-167.16,-135.46,50.28,69.26,300.26,253.27,195.98,90.33,-133.36,-160.15,Rubber,Clay Loam,0.595,0.246,959.38,7,0.313,2747.22,22.63
13.831,107.887,6,599,3.64,28.5,19.3,5.6,35.7,35.9,27.9,23.37,4.74,85.96,17.67,12,-3.49,-5.08,-5.82,-5.01,1.27,2.46,6.48,1.14,8.68,5.17,-1.63,-4.16,Rubber,Clay Loam,0.403,0.247,25.19,9,0.344,3.035.158,19.476
13.831,108.034,5,737,6.35,25.8,2.02,5.6,39.2,35,25.8,23.3,147.86,84.74,17.25,4,-159.46,-175.05,-157.67,-141.05,-0.75,18.07,145.89,104.16,223.27,261.45,-15.89,-102.98,Rubber,Loam,0.437,0.236,752.85,10,0.347,3.180.016,18.51
13.832,107.633,6,523,7.32,25.9,2.24,5.8,36.8,37.3,33.7,25.25,174.14,81.48,18.14,3,-179.93,-183.32,-167.16,-135.46,50.28,69.26,300.26,253.27,195.98,90.33,-133.36,-160.15,Rubber,Loam,0.595,0.253,959.38,7,0.313,2747.22,21.85
13.835,107.633,5,521,3.75,26.5,2.36,5.8,36.9,36.6,32.3,25.25,174.14,81.48,18.14,3,-179.93,-183.32,-167.16,-135.46,50.28,69.26,300.26,253.27,195.98,90.33,-133.36,-160.15,Rubber,Loam,0.595,0.25,959.38,7,0.313,2747.22,21.864
13.835,108.232,5,665,4.82,29.5,2.19,5.9,38,32.4,25.1,23.3,147.86,84.74,17.25,4,-159.46,-175.05,-157.67,-141.05,-0.75,18.07,145.89,104.16,223.27,261.45,-15.89,-102.98,Rubber,Clay Loam,0.437,0.238,752.85,10,0.347,2.498.584,18.978
13.838,107.998,6,740,1.67,26.7,2.02,5.7,35.6,37.7,24.7,23.3,147.86,84.74,18.14,4,-159.46,-175.05,-157.67,-141.05,-0.75,18.07,145.89,104.16,223.27,261.45,-15.89,-102.98,Rubber,Loam,0.437,0.243,752.85,10,0.347,2.952.872,18.49
13.84,107.635,5,493,8.76,25.8,2.27,5.7,35.8,38.4,25.8,25.25,174.14,81.48,18.14,3,-179.93,-183.32,-167.16,-135.46,50.28,69.26,300.26,253.27,195.98,90.33,-133.36,-160.15,Rubber,Loam,0.595,0.244,959.38,7,0.313,2.976.155,22.046
13.843,108.112,6,661,3.64,31.5,21.9,5.8,33.9,34.6,24.3,23.37,4.74,85.96,16.78,12,-3.49,-5.08,-5.82,-5.01,1.27,2.46,6.48,1.14,8.68,5.17,-1.63,-4.16,Rubber,Clay Loam,0.403,0.246,25.19,9,0.344,2.601.564,19.074
13.844,107.8,6,451,9.32,26.9,2.29,5.7,35.8,37.3,28.4,25.25,174.14,81.48,18.14,3,-179.93,-183.32,-167.16,-135.46,50.28,69.26,300.26,253.27,195.98,90.33,-133.36,-160.15,Rubber,Loam,0.595,0.247,959.38,7,0.313,2.976.155,22.318
13.844,108.213,5,517,4.41,34.8,1.92,5.7,34.8,30.5,25.4,23.3,147.86,84.74,17.25,4,-159.46,-175.05,-157.67,-141.05,-0.75,18.07,145.89,104.16,223.27,261.45,-15.89,-102.98,Rubber,Clay Loam,0.437,0.246,752.85,10,0.347,2.952.872,19.94
13.845,107.619,5,379,17.7,26.8,2.69,5.8,36,37.3,35.7,25.25,174.14,81.48,18.14,3,-179.93,-183.32,-167.16,-135.46,50.28,69.26,300.26,253.27,195.98,90.33,-133.36,-160.15,Rubber,Loam,0.595,0.257,959.38,7,0.313,2747.22,22.786
13.847,108.168,5,547,3.64,32.4,22.5,5.9,36.2,31.3,26.2,23.37,4.74,85.96,16.78,12,-3.49,-5.08,-5.82,-5.01,1.27,2.46,6.48,1.14,8.68,5.17,-1.63,-4.16,Rubber,Clay Loam,0.403,0.243,25.19,9,0.344,2.384.767,19.815
13.847,108.201,5,503,7.16,32.5,1.98,5.8,36,31.6,28.1,23.3,147.86,84.74,17.25,4,-159.46,-175.05,-157.67,-141.05,-0.75,18.07,145.89,104.16,223.27,261.45,-15.89,-102.98,Rubber,Clay Loam,0.437,0.247,752.85,10,0.347,2.725.728,20.03
13.848,108.151,5,623,2.6,33.6,2.13,5.8,33.7,32.7,24.5,23.3,147.86,84.74,17.25,4,-159.46,-175.05,-157.67,-141.05,-0.75,18.07,145.89,104.16,223.27,261.45,-15.89,-102.98,Rubber,Clay Loam,0.437,0.247,752.85,10,0.347,2.725.728,19.251
13.848,108.257,6,658,4.17,30.8,2.12,5.8,35.3,33.9,25.8,23.3,147.86,84.74,17.25,4,-159.46,-175.05,-157.67,-141.05,-0.75,18.07,145.89,104.16,223.27,261.45,-15.89,-102.98,Rubber,Clay Loam,0.437,0.245,752.85,10,0.347,2.725.728,19.023
13.849,107.829,5,546,12.66,26.6,2.19,5.8,35.2,38.2,27.8,23.3,147.86,84.74,18.14,4,-159.46,-175.05,-157.67,-141.05,-0.75,18.07,145.89,104.16,223.27,261.45,-15.89,-102.98,Rubber,Loam,0.437,0.248,752.85,10,0.347,2.725.728,19.751
13.854,108.299,6,799,3.64,33.6,28,5.5,34.1,32.3,34.5,23.37,4.74,85.96,16.78,12,-3.49,-5.08,-5.82,-5.01,1.27,2.46,6.48,1.14,8.68,5.17,-1.63,-4.16,Rubber,Clay Loam,0.403,0.26,25.19,9,0.344,3.251.955,18.176
13.855,107.751,6,501,4.24,30,2.75,5.8,36.9,33.1,49.2,25.25,174.14,81.48,18.14,3,-179.93,-183.32,-167.16,-135.46,50.28,69.26,300.26,253.27,195.98,90.33,-133.36,-160.15,Rubber,Clay Loam,0.595,0.274,959.38,7,0.313,2747.22,21.994
13.86,107.775,5,499,3.64,25.6,30.1,5.8,38,36.4,40.9,25.32,5.63,82.4,17.67,12,-4.7,-5.63,-5.75,-4.35,2.73,4.7,10.96,3.35,7.89,0.86,-4.51,-5.56,Rubber,Loam,0.568,0.26,30.5,7,0.359,2.601.564,22.076
13.861,107.694,5,415,11.88,25.9,2.32,5.7,36.5,37.6,29,25.25,174.14,81.48,18.14,3,-179.93,-183.32,-167.16,-135.46,50.28,69.26,300.26,253.27,195.98,90.33,-133.36,-160.15,Rubber,Loam,0.595,0.247,959.38,7,0.313,2.976.155,22.553
13.871,108.075,6,728,2.7,27.2,2.25,5.8,36.2,36.6,25.5,23.3,147.86,84.74,17.25,4,-159.46,-175.05,-157.67,-141.05,-0.75,18.07,145.89,104.16,223.27,261.45,-15.89,-102.98,Rubber,Clay Loam,0.437,0.242,752.85,10,0.347,2.725.728,18.568
13.874,107.626,5,393,1.67,27.5,2.8,5.7,38.9,33.6,32.3,25.25,174.14,81.48,18.14,3,-179.93,-183.32,-167.16,-135.46,50.28,69.26,300.26,253.27,195.98,90.33,-133.36,-160.15,Rubber,Clay Loam,0.595,0.246,959.38,7,0.313,2.976.155,22.696
13.876,107.634,6,406,1.03,26.8,2.85,5.6,36.5,36.6,31.1,25.25,174.14,81.48,18.14,3,-179.93,-183.32,-167.16,-135.46,50.28,69.26,300.26,253.27,195.98,90.33,-133.36,-160.15,Rubber,Loam,0.595,0.25,959.38,7,0.313,3205.09,22.611
13.877,107.856,5,598,2.12,29.6,2.2,5.7,36.8,33.6,26.3,23.3,147.86,84.74,18.14,4,-159.46,-175.05,-157.67,-141.05,-0.75,18.07,145.89,104.16,223.27,261.45,-15.89,-102.98,Rubber,Clay Loam,0.437,0.242,752.85,10,0.347,2.952.872,19.413
13.878,107.625,6,377,10.4,27.2,2.73,5.7,38.1,34.7,30.2,25.25,174.14,81.48,18.14,3,-179.93,-183.32,-167.16,-135.46,50.28,69.26,300.26,253.27,195.98,90.33,-133.36,-160.15,Rubber,Clay Loam,0.595,0.245,959.38,7,0.313,2.976.155,22.8
13.886,107.69,6,421,3.64,27.8,28.4,5.7,36.2,36.1,30,25.32,5.63,82.4,17.67,12,-4.7,-5.63,-5.75,-4.35,2.73,4.7,10.96,3.35,7.89,0.86,-4.51,-5.56,Rubber,Clay Loam,0.568,0.249,30.5,7,0.359,2.818.361,22.584
13.886,107.957,5,710,6.42,26.8,2.52,5.8,38.7,34.5,30,23.3,147.86,84.74,18.14,4,-159.46,-175.05,-157.67,-141.05,-0.75,18.07,145.89,104.16,223.27,261.45,-15.89,-102.98,Rubber,Loam,0.437,0.243,752.85,10,0.347,2.725.728,18.685
13.888,108.28,5,653,4.26,32.7,2.3,5.8,34,33.3,33.2,23.3,147.86,84.74,17.25,4,-159.46,-175.05,-157.67,-141.05,-0.75,18.07,145.89,104.16,223.27,261.45,-15.89,-102.98,Rubber,Clay Loam,0.437,0.258,752.85,10,0.347,2.725.728,19.056
13.89,107.731,6,436,6.15,27.1,2.27,6,38.2,34.7,26.6,25.25,174.14,81.48,18.14,3,-179.93,-183.32,-167.16,-135.46,50.28,69.26,300.26,253.27,195.98,90.33,-133.36,-160.15,Rubber,Clay Loam,0.595,0.239,959.38,7,0.313,2289.35,22.416
13.894,107.752,6,423,2.63,27.3,1.97,5.9,35.5,37.2,23.3,25.25,174.14,81.48,18.14,3,-179.93,-183.32,-167.16,-135.46,50.28,69.26,300.26,253.27,195.98,90.33,-133.36,-160.15,Rubber,Clay Loam,0.595,0.241,959.38,7,0.313,2.518.285,22.5
13.895,107.63,5,375,2.6,25.9,2,5.9,38.1,36.1,23.1,25.25,174.14,81.48,18.14,3,-179.93,-183.32,-167.16,-135.46,50.28,69.26,300.26,253.27,195.98,90.33,-133.36,-160.15,Rubber,Loam,0.595,0.235,959.38,7,0.313,2.518.285,22.812
13.896,108.333,6,779,9.39,34.1,2.25,5.6,32.5,33.4,30,23.3,147.86,84.74,17.25,4,-159.46,-175.05,-157.67,-141.05,-0.75,18.07,145.89,104.16,223.27,261.45,-15.89,-102.98,Rubber,Clay Loam,0.437,0.257,752.85,10,0.347,3.180.016,18.236
13.898,107.874,5,626,2.78,30.8,2.28,5.6,37.9,31.3,29.6,23.3,147.86,84.74,18.14,4,-159.46,-175.05,-157.67,-141.05,-0.75,18.07,145.89,104.16,223.27,261.45,-15.89,-102.98,Rubber,Clay Loam,0.437,0.244,752.85,10,0.347,3.180.016,19.231
13.904,107.875,6,576,10.38,29.2,1.99,5.8,37.5,33.3,26.9,23.3,147.86,84.74,18.14,4,-159.46,-175.05,-157.67,-141.05,-0.75,18.07,145.89,104.16,223.27,261.45,-15.89,-102.98,Rubber,Clay Loam,0.437,0.241,752.85,10,0.347,2.725.728,19.556
13.909,108.211,5,733,4.89,32.1,2.25,5.9,35.3,32.6,30.2,23.3,147.86,84.74,17.25,4,-159.46,-175.05,-157.67,-141.05,-0.75,18.07,145.89,104.16,223.27,261.45,-15.89,-102.98,Rubber,Clay Loam,0.437,0.251,752.85,10,0.347,2.498.584,18.536
13.916,108.077,6,747,1.16,30.5,1.78,5.6,36.1,33.4,24.4,23.3,147.86,84.74,17.25,4,-159.46,-175.05,-157.67,-141.05,-0.75,18.07,145.89,104.16,223.27,261.45,-15.89,-102.98,Rubber,Clay Loam,0.437,0.241,752.85,10,0.347,3.180.016,18.444
13.92,107.7,5,408,4.27,27.6,2.35,5.7,36.7,35.7,30.5,25.25,174.14,81.48,18.14,3,-179.93,-183.32,-167.16,-135.46,50.28,69.26,300.26,253.27,195.98,90.33,-133.36,-160.15,Rubber,Clay Loam,0.595,0.248,959.38,7,0.313,2.976.155,22.598
13.92,108.221,6,648,3.64,31,28,5.8,33.9,35.1,31.5,23.37,4.74,85.96,16.78,12,-3.49,-5.08,-5.82,-5.01,1.27,2.46,6.48,1.14,8.68,5.17,-1.63,-4.16,Rubber,Clay Loam,0.403,0.256,25.19,9,0.344,2.601.564,19.158
13.928,107.691,5,393,4.36,28.7,2.55,5.7,37.3,34,26.9,25.25,174.14,81.48,18.14,3,-179.93,-183.32,-167.16,-135.46,50.28,69.26,300.26,253.27,195.98,90.33,-133.36,-160.15,Rubber,Clay Loam,0.595,0.242,959.38,7,0.313,2.976.155,22.696
13.942,107.867,5,606,1.87,27.4,2.06,5.9,36,36.7,26.5,23.3,147.86,84.74,18.14,4,-159.46,-175.05,-157.67,-141.05,-0.75,18.07,145.89,104.16,223.27,261.45,-15.89,-102.98,Rubber,Clay Loam,0.437,0.244,752.85,10,0.347,2.498.584,19.361
13.942,108.19,5,678,3.13,32,2.54,5.8,35,33.1,29.7,23.3,147.86,84.74,17.25,4,-159.46,-175.05,-157.67,-141.05,-0.75,18.07,145.89,104.16,223.27,261.45,-15.89,-102.98,Rubber,Clay Loam,0.437,0.251,752.85,10,0.347,2.725.728,18.893
13.944,107.825,5,528,5.16,29.1,2.12,5.9,36.7,34.2,27.6,23.3,147.86,84.74,18.14,4,-159.46,-175.05,-157.67,-141.05,-0.75,18.07,145.89,104.16,223.27,261.45,-15.89,-102.98,Rubber,Clay Loam,0.437,0.244,752.85,10,0.347,2.498.584,19.868
13.956,108.099,5,702,0,31.2,2.2,5.8,35.2,33.6,22.7,23.3,147.86,84.74,17.25,4,-159.46,-175.05,-157.67,-141.05,-0.75,18.07,145.89,104.16,223.27,261.45,-15.89,-102.98,Rubber,Clay Loam,0.437,0.241,752.85,10,0.347,2.725.728,18.737
13.957,107.641,5,303,1.03,29.6,2.14,5.8,34.5,35.9,23.3,25.25,174.14,81.48,18.14,3,-179.93,-183.32,-167.16,-135.46,50.28,69.26,300.26,253.27,195.98,90.33,-133.36,-160.15,Rubber,Clay Loam,0.595,0.243,959.38,7,0.313,2747.22,23.28
13.963,108.008,6,766,3.07,26.1,2.15,5.7,37.3,36.6,27.6,23.3,147.86,84.74,17.25,4,-159.46,-175.05,-157.67,-141.05,-0.75,18.07,145.89,104.16,223.27,261.45,-15.89,-102.98,Rubber,Loam,0.437,0.243,752.85,10,0.347,2.952.872,18.321
13.965,108.266,6,633,8.05,31.6,1.69,5.8,34.6,33.8,24.5,23.3,147.86,84.74,17.25,4,-159.46,-175.05,-157.67,-141.05,-0.75,18.07,145.89,104.16,223.27,261.45,-15.89,-102.98,Rubber,Clay Loam,0.437,0.245,752.85,10,0.347,2.725.728,19.186
13.972,107.658,5,322,7.98,30.7,1.9,6,36.9,32.4,25.2,25.25,174.14,81.48,18.14,3,-179.93,-183.32,-167.16,-135.46,50.28,69.26,300.26,253.27,195.98,90.33,-133.36,-160.15,Rubber,Clay Loam,0.595,0.24,959.38,7,0.313,2289.35,23.157
13.981,107.742,6,326,2.18,30.1,1.85,5.9,36.5,33.3,26.4,25.25,174.14,81.48,18.14,3,-179.93,-183.32,-167.16,-135.46,50.28,69.26,300.26,253.27,195.98,90.33,-133.36,-160.15,Rubber,Clay Loam,0.595,0.243,959.38,7,0.313,2.518.285,23.131
13.984,108.176,5,720,2.18,34.1,1.66,5.8,34.5,31.4,25.1,23.3,147.86,84.74,17.25,4,-159.46,-175.05,-157.67,-141.05,-0.75,18.07,145.89,104.16,223.27,261.45,-15.89,-102.98,Rubber,Clay Loam,0.437,0.246,752.85,10,0.347,2.725.728,18.62
13.986,108.137,6,736,3.71,32.1,1.93,5.8,34.3,33.5,26,23.3,147.86,84.74,17.25,4,-159.46,-175.05,-157.67,-141.05,-0.75,18.07,145.89,104.16,223.27,261.45,-15.89,-102.98,Rubber,Clay Loam,0.437,0.248,752.85,10,0.347,2.725.728,18.516
13.987,107.956,5,770,3.64,27.7,19.7,5.7,38.6,33.7,24.7,23.37,4.74,85.96,17.67,12,-3.49,-5.08,-5.82,-5.01,1.27,2.46,6.48,1.14,8.68,5.17,-1.63,-4.16,Rubber,Clay Loam,0.403,0.236,25.19,9,0.344,2.818.361,18.365
13.991,108.15,5,725,2.36,33,2.38,5.7,34.5,32.5,30.4,23.3,147.86,84.74,17.25,4,-159.46,-175.05,-157.67,-141.05,-0.75,18.07,145.89,104.16,223.27,261.45,-15.89,-102.98,Rubber,Clay Loam,0.437,0.253,752.85,10,0.347,2.952.872,18.588
13.993,107.648,6,302,6.88,28.8,2.59,5.8,39,32.2,34.3,25.25,174.14,81.48,18.14,3,-179.93,-183.32,-167.16,-135.46,50.28,69.26,300.26,253.27,195.98,90.33,-133.36,-160.15,Rubber,Clay Loam,0.595,0.248,959.38,7,0.313,2747.22,23.287
14.002,107.607,5,287,10.68,33.5,2.66,6,36.6,29.9,28.2,25.25,174.14,81.48,17.66,3,-179.93,-183.32,-167.16,-135.46,50.28,69.26,300.26,253.27,195.98,90.33,-133.36,-160.15,Rubber,Clay Loam,0.595,0.245,959.38,7,0.313,2289.35,23.384
14.008,108.465,6,472,3.64,37.2,23.8,6,35.5,27.3,27.6,24.18,4.49,86.94,16.21,12,-2.61,-4.36,-5.8,-5.3,-0.41,-0.02,4.01,-1.26,7.79,7.85,2.68,-2.56,Rubber,Clay Loam,0.394,0.247,22.32,10,0.352,2167.97,21.112
14.009,108.005,6,753,1.89,28.2,1.92,5.8,35,36.8,25.4,23.3,147.86,84.74,16.63,4,-159.46,-175.05,-157.67,-141.05,-0.75,18.07,145.89,104.16,223.27,261.45,-15.89,-102.98,Rubber,Clay Loam,0.437,0.245,752.85,10,0.347,2.725.728,18.406
14.018,107.738,5,477,3.64,26.9,25.8,5.7,38.2,34.9,36.8,25.32,5.63,82.4,17.25,12,-4.7,-5.63,-5.75,-4.35,2.73,4.7,10.96,3.35,7.89,0.86,-4.51,-5.56,Rubber,Loam,0.568,0.254,30.5,7,0.359,2.818.361,22.22
14.026,108.154,5,721,3.64,32.7,27.4,5.8,33.6,33.7,30,23.37,4.74,85.96,16.21,12,-3.49,-5.08,-5.82,-5.01,1.27,2.46,6.48,1.14,8.68,5.17,-1.63,-4.16,Rubber,Clay Loam,0.403,0.255,25.19,9,0.344,2.601.564,18.684
14.026,108.209,6,754,3.64,34.3,18.1,6,35.9,29.8,24.7,23.37,4.74,85.96,16.21,12,-3.49,-5.08,-5.82,-5.01,1.27,2.46,6.48,1.14,8.68,5.17,-1.63,-4.16,Rubber,Clay Loam,0.403,0.242,25.19,9,0.344,2167.97,18.469
14.03,108.199,5,763,2.63,34.3,1.79,5.9,35.8,29.9,24.8,23.3,147.86,84.74,16.63,4,-159.46,-175.05,-157.67,-141.05,-0.75,18.07,145.89,104.16,223.27,261.45,-15.89,-102.98,Rubber,Clay Loam,0.437,0.242,752.85,10,0.347,2.498.584,18.341
14.037,107.907,6,666,0.51,29.1,2.01,5.6,36.9,34,28.9,23.3,147.86,84.74,17.66,4,-159.46,-175.05,-157.67,-141.05,-0.75,18.07,145.89,104.16,223.27,261.45,-15.89,-102.98,Rubber,Clay Loam,0.437,0.246,752.85,10,0.347,3.180.016,18.971
14.043,107.854,6,612,0.74,27.8,1.72,5.7,38,34.3,22,23.3,147.86,84.74,17.66,4,-159.46,-175.05,-157.67,-141.05,-0.75,18.07,145.89,104.16,223.27,261.45,-15.89,-102.98,Rubber,Clay Loam,0.437,0.233,752.85,10,0.347,2.952.872,19.322
14.043,108.092,6,682,4.24,30,2.21,5.7,35.8,34.1,26.1,23.3,147.86,84.74,16.63,4,-159.46,-175.05,-157.67,-141.05,-0.75,18.07,145.89,104.16,223.27,261.45,-15.89,-102.98,Rubber,Clay Loam,0.437,0.244,752.85,10,0.347,2.952.872,18.867
14.044,107.615,6,281,1.06,30,2.31,5.9,34.2,35.9,27.2,25.25,174.14,81.48,17.66,3,-179.93,-183.32,-167.16,-135.46,50.28,69.26,300.26,253.27,195.98,90.33,-133.36,-160.15,Rubber,Clay Loam,0.595,0.249,959.38,7,0.313,2.518.285,23.424
14.046,107.618,5,274,8.44,28.2,2.36,6,35.6,36.2,31.4,25.25,174.14,81.48,17.66,3,-179.93,-183.32,-167.16,-135.46,50.28,69.26,300.26,253.27,195.98,90.33,-133.36,-160.15,Rubber,Clay Loam,0.595,0.252,959.38,7,0.313,2289.35,23.469
14.048,108.13,6,755,3.64,32.2,29.7,5.8,37,30.8,37.3,23.37,4.74,85.96,16.21,12,-3.49,-5.08,-5.82,-5.01,1.27,2.46,6.48,1.14,8.68,5.17,-1.63,-4.16,Rubber,Clay Loam,0.403,0.257,25.19,9,0.344,2.601.564,18.463
14.049,108.116,6,735,3.34,33.2,2.07,5.8,37,29.8,26.5,23.3,147.86,84.74,16.63,4,-159.46,-175.05,-157.67,-141.05,-0.75,18.07,145.89,104.16,223.27,261.45,-15.89,-102.98,Rubber,Clay Loam,0.437,0.242,752.85,10,0.347,2.725.728,18.522
14.049,108.332,5,735,1.59,33.1,2.2,5.7,32.1,34.8,32.9,23.3,147.86,84.74,16.63,4,-159.46,-175.05,-157.67,-141.05,-0.75,18.07,145.89,104.16,223.27,261.45,-15.89,-102.98,Rubber,Clay Loam,0.437,0.262,752.85,10,0.347,2.952.872,18.522
14.054,107.647,6,253,3.64,29.6,18.4,5.8,35,35.4,23.4,25.32,5.63,82.4,17.25,12,-4.7,-5.63,-5.75,-4.35,2.73,4.7,10.96,3.35,7.89,0.86,-4.51,-5.56,Rubber,Clay Loam,0.568,0.242,30.5,7,0.359,2.601.564,23.676
14.057,108.067,5,730,4.62,29.7,2.37,5.8,36.6,33.6,25,23.3,147.86,84.74,16.63,4,-159.46,-175.05,-157.67,-141.05,-0.75,18.07,145.89,104.16,223.27,261.45,-15.89,-102.98,Rubber,Clay Loam,0.437,0.241,752.85,10,0.347,2.725.728,18.555
14.06,107.693,6,567,3.64,27.5,32.1,5.5,38.8,33.7,41.2,25.32,5.63,82.4,17.25,12,-4.7,-5.63,-5.75,-4.35,2.73,4.7,10.96,3.35,7.89,0.86,-4.51,-5.56,Rubber,Clay Loam,0.568,0.258,30.5,7,0.359,3.251.955,21.634
14.062,108.276,6,757,8.44,32.3,2.27,5.8,32,35.7,33,23.3,147.86,84.74,16.63,4,-159.46,-175.05,-157.67,-141.05,-0.75,18.07,145.89,104.16,223.27,261.45,-15.89,-102.98,Rubber,Clay Loam,0.437,0.263,752.85,10,0.347,2.725.728,18.38
14.063,107.804,5,916,3.64,26,33,5.4,39.2,34.8,48.9,25.32,5.63,82.4,17.25,12,-4.7,-5.63,-5.75,-4.35,2.73,4.7,10.96,3.35,7.89,0.86,-4.51,-5.56,Rubber,Loam,0.568,0.268,30.5,7,0.359,3.468.752,19.366
14.063,108.064,6,779,5.53,30.3,2.21,5.9,37.9,31.9,29.4,23.3,147.86,84.74,16.63,4,-159.46,-175.05,-157.67,-141.05,-0.75,18.07,145.89,104.16,223.27,261.45,-15.89,-102.98,Rubber,Clay Loam,0.437,0.244,752.85,10,0.347,2.498.584,18.236
14.063,108.413,5,929,3.64,30.8,32.7,5.5,35.3,33.8,44.9,23.37,4.74,85.96,16.21,12,-3.49,-5.08,-5.82,-5.01,1.27,2.46,6.48,1.14,8.68,5.17,-1.63,-4.16,Rubber,Clay Loam,0.403,0.272,25.19,9,0.344,3.251.955,17.332
14.068,107.729,6,659,19.96,27.2,3.02,5.6,37.7,35.1,42.1,25.25,174.14,81.48,17.66,3,-179.93,-183.32,-167.16,-135.46,50.28,69.26,300.26,253.27,195.98,90.33,-133.36,-160.15,Rubber,Clay Loam,0.595,0.262,959.38,7,0.313,3205.09,20.966
14.07,107.576,6,469,3.64,26.5,38.2,5.6,39.7,33.8,45.5,25.32,5.63,82.4,17.25,12,-4.7,-5.63,-5.75,-4.35,2.73,4.7,10.96,3.35,7.89,0.86,-4.51,-5.56,Rubber,Loam,0.568,0.262,30.5,7,0.359,3.035.158,22.272
14.072,107.79,5,979,3.64,25,34.1,5.5,38.3,36.8,50.7,25.32,5.63,82.4,17.25,12,-4.7,-5.63,-5.75,-4.35,2.73,4.7,10.96,3.35,7.89,0.86,-4.51,-5.56,Rubber,Loam,0.568,0.273,30.5,7,0.359,3.251.955,18.957
14.072,107.807,6,833,3.64,24.4,30.2,5.5,39.8,35.8,36,25.32,5.63,82.4,17.25,12,-4.7,-5.63,-5.75,-4.35,2.73,4.7,10.96,3.35,7.89,0.86,-4.51,-5.56,Rubber,Loam,0.568,0.249,30.5,7,0.359,3.251.955,19.906
14.078,108.311,6,699,3.64,31.9,18.1,5.9,32.1,36,25.3,23.37,4.74,85.96,16.21,12,-3.49,-5.08,-5.82,-5.01,1.27,2.46,6.48,1.14,8.68,5.17,-1.63,-4.16,Rubber,Clay Loam,0.403,0.252,25.19,9,0.344,2.384.767,18.827
14.086,107.754,5,869,3.64,25.6,33.6,5.5,38.4,36,54.4,25.32,5.63,82.4,17.25,12,-4.7,-5.63,-5.75,-4.35,2.73,4.7,10.96,3.35,7.89,0.86,-4.51,-5.56,Rubber,Loam,0.568,0.278,30.5,7,0.359,3.251.955,19.672
14.087,107.952,5,711,3.69,31,1.79,5.7,38.2,30.8,23.9,23.3,147.86,84.74,17.66,4,-159.46,-175.05,-157.67,-141.05,-0.75,18.07,145.89,104.16,223.27,261.45,-15.89,-102.98,Rubber,Clay Loam,0.437,0.236,752.85,10,0.347,2.952.872,18.678
14.088,108.051,5,1007,3.64,30,33.8,5.5,35.8,34.2,40.8,23.37,4.74,85.96,16.21,12,-3.49,-5.08,-5.82,-5.01,1.27,2.46,6.48,1.14,8.68,5.17,-1.63,-4.16,Rubber,Clay Loam,0.403,0.265,25.19,9,0.344,3.251.955,16.824
14.09,107.96,6,694,11.85,30.6,2.04,5.6,37.5,31.9,28,23.3,147.86,84.74,17.66,4,-159.46,-175.05,-157.67,-141.05,-0.75,18.07,145.89,104.16,223.27,261.45,-15.89,-102.98,Rubber,Clay Loam,0.437,0.243,752.85,10,0.347,3.180.016,18.789
14.093,107.603,5,327,8.96,30.5,2.54,5.8,36.5,33,32.3,25.25,174.14,81.48,17.66,3,-179.93,-183.32,-167.16,-135.46,50.28,69.26,300.26,253.27,195.98,90.33,-133.36,-160.15,Rubber,Clay Loam,0.595,0.251,959.38,7,0.313,2747.22,23.124
14.093,108.175,6,699,5.89,30.1,1.9,5.9,37,32.9,28.5,23.3,147.86,84.74,16.63,4,-159.46,-175.05,-157.67,-141.05,-0.75,18.07,145.89,104.16,223.27,261.45,-15.89,-102.98,Rubber,Clay Loam,0.437,0.245,752.85,10,0.347,2.498.584,18.757
14.094,107.943,6,660,5.96,31.3,2.14,5.6,39.3,29.4,27.2,23.3,147.86,84.74,17.66,4,-159.46,-175.05,-157.67,-141.05,-0.75,18.07,145.89,104.16,223.27,261.45,-15.89,-102.98,Rubber,Clay Loam,0.437,0.238,752.85,10,0.347,3.180.016,19.01
14.095,107.622,6,217,3.64,29.8,27.7,5.9,34.6,35.6,29.5,25.32,5.63,82.4,17.25,12,-4.7,-5.63,-5.75,-4.35,2.73,4.7,10.96,3.35,7.89,0.86,-4.51,-5.56,Rubber,Clay Loam,0.568,0.252,30.5,7,0.359,2.384.767,23.91
14.096,107.876,6,638,3.93,26.5,1.96,5.5,38.6,34.9,27.8,23.3,147.86,84.74,17.66,4,-159.46,-175.05,-157.67,-141.05,-0.75,18.07,145.89,104.16,223.27,261.45,-15.89,-102.98,Rubber,Loam,0.437,0.24,752.85,10,0.347,3407.16,19.153
14.097,108.32,6,733,1.18,30.6,1.77,5.9,32.6,36.7,22.7,23.3,147.86,84.74,16.63,4,-159.46,-175.05,-157.67,-141.05,-0.75,18.07,145.89,104.16,223.27,261.45,-15.89,-102.98,Rubber,Clay Loam,0.437,0.247,752.85,10,0.347,2.498.584,18.536
14.099,107.933,5,651,7.34,31.9,2.12,5.5,38.5,29.5,26.6,23.3,147.86,84.74,17.66,4,-159.46,-175.05,-157.67,-141.05,-0.75,18.07,145.89,104.16,223.27,261.45,-15.89,-102.98,Rubber,Clay Loam,0.437,0.239,752.85,10,0.347,3407.16,19.068
14.101,108.127,5,687,3.85,30.8,2.07,5.7,35.7,33.5,26.6,23.3,147.86,84.74,16.63,4,-159.46,-175.05,-157.67,-141.05,-0.75,18.07,145.89,104.16,223.27,261.45,-15.89,-102.98,Rubber,Clay Loam,0.437,0.245,752.85,10,0.347,2.952.872,18.835
14.103,107.666,6,281,11.85,30.4,2.62,5.8,37.6,32.1,27.9,25.25,174.14,81.48,17.66,3,-179.93,-183.32,-167.16,-135.46,50.28,69.26,300.26,253.27,195.98,90.33,-133.36,-160.15,Rubber,Clay Loam,0.595,0.243,959.38,7,0.313,2747.22,23.424
14.108,108.041,6,763,1.18,30.8,1.85,5.8,37,32.1,33.6,23.3,147.86,84.74,16.63,4,-159.46,-175.05,-157.67,-141.05,-0.75,18.07,145.89,104.16,223.27,261.45,-15.89,-102.98,Rubber,Clay Loam,0.437,0.252,752.85,10,0.347,2.725.728,18.341
14.11,107.688,6,514,3.64,27,29.8,5.7,40.9,32.1,44.6,25.32,5.63,82.4,17.25,12,-4.7,-5.63,-5.75,-4.35,2.73,4.7,10.96,3.35,7.89,0.86,-4.51,-5.56,Rubber,Clay Loam,0.568,0.258,30.5,7,0.359,2.818.361,21.979
14.117,108.425,6,980,3.64,35.3,33.6,5.5,32.3,32.4,38.8,23.37,4.74,85.96,16.21,12,-3.49,-5.08,-5.82,-5.01,1.27,2.46,6.48,1.14,8.68,5.17,-1.63,-4.16,Rubber,Clay Loam,0.403,0.27,25.19,9,0.344,3.251.955,17
14.118,107.612,6,564,18.94,26.4,3.58,5.5,38.8,34.8,48.7,25.25,174.14,81.48,17.66,3,-179.93,-183.32,-167.16,-135.46,50.28,69.26,300.26,253.27,195.98,90.33,-133.36,-160.15,Rubber,Loam,0.595,0.269,959.38,7,0.313,3.434.025,21.584
14.121,107.868,6,642,0.74,25.9,1.93,5.7,38.3,35.7,22.8,23.3,147.86,84.74,17.66,4,-159.46,-175.05,-157.67,-141.05,-0.75,18.07,145.89,104.16,223.27,261.45,-15.89,-102.98,Rubber,Loam,0.437,0.234,752.85,10,0.347,2.952.872,19.127
14.13,107.666,6,316,8.8,27.9,3.55,5.7,36.3,35.9,30.2,25.25,174.14,81.48,17.66,3,-179.93,-183.32,-167.16,-135.46,50.28,69.26,300.26,253.27,195.98,90.33,-133.36,-160.15,Rubber,Clay Loam,0.595,0.249,959.38,7,0.313,2.976.155,23.196
14.133,108.041,6,1145,3.64,30.1,35.9,5.6,37.4,32.5,40.7,23.37,4.74,85.96,16.21,12,-3.49,-5.08,-5.82,-5.01,1.27,2.46,6.48,1.14,8.68,5.17,-1.63,-4.16,Rubber,Clay Loam,0.403,0.261,25.19,9,0.344,3.035.158,15.928
14.135,108.192,5,821,3.64,30.5,25.9,5.6,35.3,34.2,34.6,23.37,4.74,85.96,16.21,12,-3.49,-5.08,-5.82,-5.01,1.27,2.46,6.48,1.14,8.68,5.17,-1.63,-4.16,Rubber,Clay Loam,0.403,0.257,25.19,9,0.344,3.035.158,18.034
14.147,108.302,6,738,0.51,31.4,2.09,5.8,32.7,35.9,25.1,23.3,147.86,84.74,16.63,4,-159.46,-175.05,-157.67,-141.05,-0.75,18.07,145.89,104.16,223.27,261.45,-15.89,-102.98,Rubber,Clay Loam,0.437,0.25,752.85,10,0.347,2.725.728,18.503
14.149,107.964,5,726,11.64,30.4,2.09,5.8,35.7,34,31.6,23.3,147.86,84.74,17.66,4,-159.46,-175.05,-157.67,-141.05,-0.75,18.07,145.89,104.16,223.27,261.45,-15.89,-102.98,Rubber,Clay Loam,0.437,0.252,752.85,10,0.347,2.725.728,18.581
14.15,107.796,6,842,3.64,26.3,30.8,5.5,38.9,34.8,45.1,25.32,5.63,82.4,17.25,12,-4.7,-5.63,-5.75,-4.35,2.73,4.7,10.96,3.35,7.89,0.86,-4.51,-5.56,Rubber,Loam,0.568,0.264,30.5,7,0.359,3.251.955,19.847
14.155,107.948,5,715,3.64,28.8,23.7,5.6,38,33.2,34.3,23.37,4.74,85.96,17.25,12,-3.49,-5.08,-5.82,-5.01,1.27,2.46,6.48,1.14,8.68,5.17,-1.63,-4.16,Rubber,Clay Loam,0.403,0.251,25.19,9,0.344,3.035.158,18.722
14.163,108.271,6,1032,3.64,26.1,34.2,5.4,37.3,36.6,45.3,23.37,4.74,85.96,16.21,12,-3.49,-5.08,-5.82,-5.01,1.27,2.46,6.48,1.14,8.68,5.17,-1.63,-4.16,Rubber,Loam,0.403,0.268,25.19,9,0.344,3.468.752,16.662
14.169,108.023,5,1003,3.64,28.9,29.3,5.5,36.2,34.9,35.1,23.37,4.74,85.96,16.21,12,-3.49,-5.08,-5.82,-5.01,1.27,2.46,6.48,1.14,8.68,5.17,-1.63,-4.16,Rubber,Clay Loam,0.403,0.256,25.19,9,0.344,3.251.955,16.85
14.178,108.368,5,1307,3.64,32.7,42.5,5.5,33.5,33.9,49.6,23.37,4.74,85.96,16.21,12,-3.49,-5.08,-5.82,-5.01,1.27,2.46,6.48,1.14,8.68,5.17,-1.63,-4.16,Rubber,Clay Loam,0.403,0.282,25.19,9,0.344,3.251.955,14.875
14.182,107.855,6,635,2.57,26.9,1.89,5.7,37.6,35.4,21.7,23.3,147.86,84.74,17.66,4,-159.46,-175.05,-157.67,-141.05,-0.75,18.07,145.89,104.16,223.27,261.45,-15.89,-102.98,Rubber,Loam,0.437,0.234,752.85,10,0.347,2.952.872,19.172
14.183,108,5,790,13.77,28.9,2.63,5.6,36.8,34.4,31.5,23.3,147.86,84.74,16.63,4,-159.46,-175.05,-157.67,-141.05,-0.75,18.07,145.89,104.16,223.27,261.45,-15.89,-102.98,Rubber,Clay Loam,0.437,0.249,752.85,10,0.347,3.180.016,18.165
14.186,107.569,5,756,3.64,27,48.6,5.5,37.8,35.2,46.3,25.32,5.63,82.4,17.25,12,-4.7,-5.63,-5.75,-4.35,2.73,4.7,10.96,3.35,7.89,0.86,-4.51,-5.56,Rubber,Clay Loam,0.568,0.268,30.5,7,0.359,3.251.955,20.406
14.187,107.933,6,676,3.64,29.9,25.8,5.7,35.9,34.2,29.5,23.37,4.74,85.96,17.25,12,-3.49,-5.08,-5.82,-5.01,1.27,2.46,6.48,1.14,8.68,5.17,-1.63,-4.16,Rubber,Clay Loam,0.403,0.249,25.19,9,0.344,2.818.361,18.976
14.19,107.616,6,589,3.64,27.2,42.5,5.6,36.5,36.3,50.4,25.32,5.63,82.4,17.25,12,-4.7,-5.63,-5.75,-4.35,2.73,4.7,10.96,3.35,7.89,0.86,-4.51,-5.56,Rubber,Clay Loam,0.568,0.277,30.5,7,0.359,3.035.158,21.492
14.191,108.49,6,662,3.64,32.1,33.8,5.6,35.8,32.1,40.5,24.18,4.49,86.94,16.21,12,-2.61,-4.36,-5.8,-5.3,-0.41,-0.02,4.01,-1.26,7.79,7.85,2.68,-2.56,Rubber,Clay Loam,0.394,0.264,22.32,10,0.352,3.035.158,19.877
14.193,107.978,6,682,3.93,29.3,2.32,5.8,36.2,34.5,28.4,23.3,147.86,84.74,17.66,4,-159.46,-175.05,-157.67,-141.05,-0.75,18.07,145.89,104.16,223.27,261.45,-15.89,-102.98,Rubber,Clay Loam,0.437,0.246,752.85,10,0.347,2.725.728,18.867
14.197,108.105,6,594,9,28.3,2.24,5.7,34.5,37.2,30,23.3,147.86,84.74,16.63,4,-159.46,-175.05,-157.67,-141.05,-0.75,18.07,145.89,104.16,223.27,261.45,-15.89,-102.98,Rubber,Clay Loam,0.437,0.253,752.85,10,0.347,2.952.872,19.439
14.202,107.85,6,570,2.96,28.6,1.75,5.6,39.7,31.7,24.1,23.3,147.86,84.74,17.66,4,-159.46,-175.05,-157.67,-141.05,-0.75,18.07,145.89,104.16,223.27,261.45,-15.89,-102.98,Rubber,Clay Loam,0.437,0.232,752.85,10,0.347,3.180.016,19.595
14.203,108.132,6,647,2.78,29.8,2.75,5.6,35,35.2,31.5,23.3,147.86,84.74,16.63,4,-159.46,-175.05,-157.67,-141.05,-0.75,18.07,145.89,104.16,223.27,261.45,-15.89,-102.98,Rubber,Clay Loam,0.437,0.254,752.85,10,0.347,3.180.016,19.094
14.205,108.078,6,626,4.82,30.6,1.91,5.8,36.2,33.2,27.2,23.3,147.86,84.74,16.63,4,-159.46,-175.05,-157.67,-141.05,-0.75,18.07,145.89,104.16,223.27,261.45,-15.89,-102.98,Rubber,Clay Loam,0.437,0.245,752.85,10,0.347,2.725.728,19.231
14.215,107.957,5,674,2.6,30.9,2.05,5.7,36.9,32.2,24.5,23.3,147.86,84.74,17.66,4,-159.46,-175.05,-157.67,-141.05,-0.75,18.07,145.89,104.16,223.27,261.45,-15.89,-102.98,Rubber,Clay Loam,0.437,0.239,752.85,10,0.347,2.952.872,18.919
14.217,108.103,5,632,3.64,29.7,23.7,5.6,35.5,34.7,27.4,23.37,4.74,85.96,16.21,12,-3.49,-5.08,-5.82,-5.01,1.27,2.46,6.48,1.14,8.68,5.17,-1.63,-4.16,Rubber,Clay Loam,0.403,0.247,25.19,9,0.344,3.035.158,19.262
14.222,107.782,6,304,3.64,29.4,28.4,5.7,34.4,36.2,34.4,25.32,5.63,82.4,17.25,12,-4.7,-5.63,-5.75,-4.35,2.73,4.7,10.96,3.35,7.89,0.86,-4.51,-5.56,Rubber,Clay Loam,0.568,0.259,30.5,7,0.359,2.818.361,23.344
14.229,107.745,6,629,9.2,26.8,3.35,5.6,39.9,33.2,43.1,25.25,174.14,81.48,17.66,3,-179.93,-183.32,-167.16,-135.46,50.28,69.26,300.26,253.27,195.98,90.33,-133.36,-160.15,Rubber,Loam,0.595,0.259,959.38,7,0.313,3205.09,21.162
14.236,108.13,5,669,18.58,30.9,2.92,5.7,34.9,34.2,35,23.3,147.86,84.74,16.63,4,-159.46,-175.05,-157.67,-141.05,-0.75,18.07,145.89,104.16,223.27,261.45,-15.89,-102.98,Rubber,Clay Loam,0.437,0.259,752.85,10,0.347,2.952.872,18.952
14.237,108.112,6,597,3.64,30.3,24.4,5.6,36.3,33.5,30.6,23.37,4.74,85.96,16.21,12,-3.49,-5.08,-5.82,-5.01,1.27,2.46,6.48,1.14,8.68,5.17,-1.63,-4.16,Rubber,Clay Loam,0.403,0.249,25.19,9,0.344,3.035.158,19.49
14.238,108.049,6,622,2.62,28.8,1.7,5.8,34.3,36.9,25.6,23.3,147.86,84.74,16.63,4,-159.46,-175.05,-157.67,-141.05,-0.75,18.07,145.89,104.16,223.27,261.45,-15.89,-102.98,Rubber,Clay Loam,0.437,0.247,752.85,10,0.347,2.725.728,19.257
14.24,107.624,6,1426,3.64,26.4,56.1,5.6,35.7,37.9,52.8,25.32,5.63,82.4,17.25,12,-4.7,-5.63,-5.75,-4.35,2.73,4.7,10.96,3.35,7.89,0.86,-4.51,-5.56,Rubber,Loam,0.568,0.282,30.5,7,0.359,3.035.158,16.051
14.242,108.099,6,616,5.37,31,2.16,5.7,35.9,33.1,27.6,23.3,147.86,84.74,16.63,4,-159.46,-175.05,-157.67,-141.05,-0.75,18.07,145.89,104.16,223.27,261.45,-15.89,-102.98,Rubber,Clay Loam,0.437,0.246,752.85,10,0.347,2.952.872,19.296
14.245,108.122,6,628,3.64,31.5,25,5.6,34.5,33.9,32.1,23.37,4.74,85.96,16.21,12,-3.49,-5.08,-5.82,-5.01,1.27,2.46,6.48,1.14,8.68,5.17,-1.63,-4.16,Rubber,Clay Loam,0.403,0.256,25.19,9,0.344,3.035.158,19.288
14.258,107.719,5,374,13.49,26.3,3.66,5.7,37.3,36.4,38.8,23.36,139.49,84.71,17.66,3,-150.13,-154.94,-139.28,-111.93,18.2,34.11,207.98,194.59,162.57,151.62,-93.27,-119.51,Rubber,Loam,0.439,0.259,769.06,7,0.27,2.580.994,20.929
14.262,107.75,5,597,3.64,29.7,27.2,5.5,39.1,31.2,32.5,23.46,3.98,85.67,17.25,12,-3.38,-4.28,-4.61,-3.17,1.38,2.6,6.7,1.94,6.46,2.84,-2.5,-3.93,Rubber,Clay Loam,0.414,0.246,21.87,7,0.306,3.251.955,19.58
14.264,107.733,6,375,3.64,26.8,33.2,5.6,37.6,35.6,42.2,23.46,3.98,85.67,17.25,12,-3.38,-4.28,-4.61,-3.17,1.38,2.6,6.7,1.94,6.46,2.84,-2.5,-3.93,Rubber,Loam,0.414,0.263,21.87,7,0.306,3.035.158,21.022
14.273,108.187,5,1091,3.64,27.1,31.9,5.4,36.1,36.9,49.5,21.85,4.86,88.25,16.21,12,-2.89,-4.84,-6.32,-5.44,-0.87,0.44,3.51,0.03,8.25,9.58,1.25,-2.71,Rubber,Clay Loam,0.308,0.276,23.07,10,0.415,3.468.752,14.759
14.283,107.752,6,573,3.64,29.3,24.3,5.5,37.4,33.3,29.7,23.46,3.98,85.67,17.25,12,-3.38,-4.28,-4.61,-3.17,1.38,2.6,6.7,1.94,6.46,2.84,-2.5,-3.93,Rubber,Clay Loam,0.414,0.246,21.87,7,0.306,3.251.955,19.736
14.288,107.504,6,428,3.64,27,34.3,5.6,38.8,34.2,33.3,23.46,3.98,85.67,17.25,12,-3.38,-4.28,-4.61,-3.17,1.38,2.6,6.7,1.94,6.46,2.84,-2.5,-3.93,Rubber,Clay Loam,0.414,0.247,21.87,7,0.306,3.035.158,20.678
14.293,107.698,6,381,9.74,27.7,4.45,5.7,36.2,36.2,44.1,23.36,139.49,84.71,17.66,3,-150.13,-154.94,-139.28,-111.93,18.2,34.11,207.98,194.59,162.57,151.62,-93.27,-119.51,Rubber,Clay Loam,0.439,0.268,769.06,7,0.27,2.580.994,20.883
14.302,108.101,5,612,3.64,33.3,24.9,5.7,34.4,32.3,32.9,21.85,4.86,88.25,16.21,12,-2.89,-4.84,-6.32,-5.44,-0.87,0.44,3.51,0.03,8.25,9.58,1.25,-2.71,Rubber,Clay Loam,0.308,0.257,23.07,10,0.415,2.818.361,17.872
14.306,108.352,6,1183,3.64,33.5,33.9,5.4,34,32.5,46.3,21.85,4.86,88.25,16.21,12,-2.89,-4.84,-6.32,-5.44,-0.87,0.44,3.51,0.03,8.25,9.58,1.25,-2.71,Rubber,Clay Loam,0.308,0.277,23.07,10,0.415,3.468.752,14.161
14.319,107.584,6,380,3.64,28.4,36.3,5.6,35.5,36.1,38,23.46,3.98,85.67,17.25,12,-3.38,-4.28,-4.61,-3.17,1.38,2.6,6.7,1.94,6.46,2.84,-2.5,-3.93,Rubber,Clay Loam,0.414,0.262,21.87,7,0.306,3.035.158,20.99
14.32,108.256,5,807,3.64,32.5,27.9,5.6,32.6,34.9,34.7,21.85,4.86,88.25,16.21,12,-2.89,-4.84,-6.32,-5.44,-0.87,0.44,3.51,0.03,8.25,9.58,1.25,-2.71,Rubber,Clay Loam,0.308,0.264,23.07,10,0.415,3.035.158,16.604
14.321,108.188,6,868,3.64,28.3,33.9,5.4,34.8,36.9,41.3,21.85,4.86,88.25,16.21,12,-2.89,-4.84,-6.32,-5.44,-0.87,0.44,3.51,0.03,8.25,9.58,1.25,-2.71,Rubber,Clay Loam,0.308,0.268,23.07,10,0.415,3.468.752,16.208
14.321,108.389,5,1649,3.64,34.4,51.3,5.4,32.9,32.7,65.2,21.85,4.86,88.25,16.21,12,-2.89,-4.84,-6.32,-5.44,-0.87,0.44,3.51,0.03,8.25,9.58,1.25,-2.71,Rubber,Clay Loam,0.308,0.306,23.07,10,0.415,3.468.752,11.132
14.324,108.019,6,521,3.64,29.7,18.7,5.8,34.6,35.7,42.1,21.85,4.86,88.25,16.21,12,-2.89,-4.84,-6.32,-5.44,-0.87,0.44,3.51,0.03,8.25,9.58,1.25,-2.71,Rubber,Clay Loam,0.308,0.269,23.07,10,0.415,2.601.564,18.464
14.325,107.769,6,645,18.3,30.3,2.31,5.7,36.7,33,29.3,23.36,139.49,84.71,17.66,3,-150.13,-154.94,-139.28,-111.93,18.2,34.11,207.98,194.59,162.57,151.62,-93.27,-119.51,Rubber,Clay Loam,0.439,0.247,769.06,7,0.27,2.580.994,19.168
14.326,107.575,6,279,3.64,28.1,34.9,5.6,36,35.9,35.5,23.46,3.98,85.67,17.25,12,-3.38,-4.28,-4.61,-3.17,1.38,2.6,6.7,1.94,6.46,2.84,-2.5,-3.93,Rubber,Clay Loam,0.414,0.257,21.87,7,0.306,3.035.158,21.646
14.336,107.646,5,369,15.38,27,3.46,5.6,37.3,35.6,33.9,23.36,139.49,84.71,17.66,3,-150.13,-154.94,-139.28,-111.93,18.2,34.11,207.98,194.59,162.57,151.62,-93.27,-119.51,Rubber,Clay Loam,0.439,0.252,769.06,7,0.27,2.779.532,20.962
14.337,108.253,6,735,3.64,30.5,28.8,5.5,33.2,36.3,38.4,21.85,4.86,88.25,16.21,12,-2.89,-4.84,-6.32,-5.44,-0.87,0.44,3.51,0.03,8.25,9.58,1.25,-2.71,Rubber,Clay Loam,0.308,0.267,23.07,10,0.415,3.251.955,17.072
14.34,108.282,6,843,3.64,32.6,32,5.6,31.7,35.7,44.5,21.85,4.86,88.25,16.21,12,-2.89,-4.84,-6.32,-5.44,-0.87,0.44,3.51,0.03,8.25,9.58,1.25,-2.71,Rubber,Clay Loam,0.308,0.279,23.07,10,0.415,3.035.158,16.37
14.358,107.762,6,599,3.64,28.4,25.6,5.8,38.1,33.6,32.3,23.46,3.98,85.67,17.25,12,-3.38,-4.28,-4.61,-3.17,1.38,2.6,6.7,1.94,6.46,2.84,-2.5,-3.93,Rubber,Clay Loam,0.414,0.248,21.87,7,0.306,2.601.564,19.566
14.369,108.329,5,825,3.64,33.8,26,5.6,32.9,33.3,38.3,21.85,4.86,88.25,16.21,12,-2.89,-4.84,-6.32,-5.44,-0.87,0.44,3.51,0.03,8.25,9.58,1.25,-2.71,Rubber,Clay Loam,0.308,0.268,23.07,10,0.415,3.035.158,16.488
14.372,107.505,6,348,3.64,27.6,36.9,5.6,37.9,34.5,40,23.46,3.98,85.67,17.25,12,-3.38,-4.28,-4.61,-3.17,1.38,2.6,6.7,1.94,6.46,2.84,-2.5,-3.93,Rubber,Clay Loam,0.414,0.259,21.87,7,0.306,3.035.158,21.198
14.38,108.479,5,971,3.64,33.6,35.5,5.5,38.1,28.3,40.3,24.17,5.49,87.16,16.21,12,-2.38,-4.67,-7.06,-6.45,-2.54,-0.81,2.81,-2.36,8.45,10.99,5.33,-1.29,Rubber,Clay Loam,0.387,0.259,27.56,10,0.398,3.251.955,17.859
14.384,107.937,6,563,3.64,32,23.7,5.7,35.5,32.5,23.6,21.85,4.86,88.25,17.25,12,-2.89,-4.84,-6.32,-5.44,-0.87,0.44,3.51,0.03,8.25,9.58,1.25,-2.71,Rubber,Clay Loam,0.308,0.241,23.07,10,0.415,2.818.361,18.19
14.389,107.843,5,601,3.64,30.2,22.1,5.8,38,31.9,27,21.85,4.86,88.25,17.25,12,-2.89,-4.84,-6.32,-5.44,-0.87,0.44,3.51,0.03,8.25,9.58,1.25,-2.71,Rubber,Clay Loam,0.308,0.24,23.07,10,0.415,2.601.564,17.944
14.398,107.794,5,555,8,30.4,1.8,5.8,37.3,32.3,20.2,23.36,139.49,84.71,17.66,3,-150.13,-154.94,-139.28,-111.93,18.2,34.11,207.98,194.59,162.57,151.62,-93.27,-119.51,Rubber,Clay Loam,0.439,0.232,769.06,7,0.27,2.382.456,19.752
14.398,108.233,5,1169,3.64,30,33.1,5.3,33.5,36.5,61.6,21.85,4.86,88.25,16.21,12,-2.89,-4.84,-6.32,-5.44,-0.87,0.44,3.51,0.03,8.25,9.58,1.25,-2.71,Rubber,Clay Loam,0.308,0.299,23.07,10,0.415,3.685.549,14.252
14.407,107.779,6,592,5.24,30.7,1.89,5.8,39.1,30.2,25.6,23.36,139.49,84.71,17.66,3,-150.13,-154.94,-139.28,-111.93,18.2,34.11,207.98,194.59,162.57,151.62,-93.27,-119.51,Rubber,Clay Loam,0.439,0.236,769.06,7,0.27,2.382.456,19.512
14.416,107.768,5,592,3.64,29.7,20.3,5.8,37,33.3,26.8,23.46,3.98,85.67,17.25,12,-3.38,-4.28,-4.61,-3.17,1.38,2.6,6.7,1.94,6.46,2.84,-2.5,-3.93,Rubber,Clay Loam,0.414,0.242,21.87,7,0.306,2.601.564,19.612
14.418,107.686,5,735,13.19,28.1,4.12,5.6,38.4,33.5,45.8,23.36,139.49,84.71,17.66,3,-150.13,-154.94,-139.28,-111.93,18.2,34.11,207.98,194.59,162.57,151.62,-93.27,-119.51,Rubber,Clay Loam,0.439,0.266,769.06,7,0.27,2.779.532,18.582
14.419,107.748,5,641,4.27,28.1,2.61,5.7,36.6,35.4,29.1,23.36,139.49,84.71,17.66,3,-150.13,-154.94,-139.28,-111.93,18.2,34.11,207.98,194.59,162.57,151.62,-93.27,-119.51,Rubber,Clay Loam,0.439,0.247,769.06,7,0.27,2.580.994,19.194
14.421,107.707,6,730,17.22,27.2,3.26,5.6,37.8,35,40.3,23.36,139.49,84.71,17.66,3,-150.13,-154.94,-139.28,-111.93,18.2,34.11,207.98,194.59,162.57,151.62,-93.27,-119.51,Rubber,Clay Loam,0.439,0.259,769.06,7,0.27,2.779.532,18.615
14.424,108.253,5,1358,3.64,33.9,34.8,5.3,33.4,32.7,53.7,21.85,4.86,88.25,16.21,12,-2.89,-4.84,-6.32,-5.44,-0.87,0.44,3.51,0.03,8.25,9.58,1.25,-2.71,Rubber,Clay Loam,0.308,0.288,23.07,10,0.415,3.685.549,13.023
14.432,108.253,5,1326,3.64,34.4,39.7,5.3,32.7,32.8,60.2,21.85,4.86,88.25,16.21,12,-2.89,-4.84,-6.32,-5.44,-0.87,0.44,3.51,0.03,8.25,9.58,1.25,-2.71,Rubber,Clay Loam,0.308,0.299,23.07,10,0.415,3.685.549,13.231
14.434,108.381,5,1137,3.64,35.3,34.6,5.5,34.5,30.2,50.1,21.85,4.86,88.25,16.21,12,-2.89,-4.84,-6.32,-5.44,-0.87,0.44,3.51,0.03,8.25,9.58,1.25,-2.71,Rubber,Clay Loam,0.308,0.281,23.07,10,0.415,3.251.955,14.46
14.441,108.43,5,986,3.64,34.7,31.5,5.6,33.7,31.6,43.8,21.85,4.86,88.25,16.21,12,-2.89,-4.84,-6.32,-5.44,-0.87,0.44,3.51,0.03,8.25,9.58,1.25,-2.71,Rubber,Clay Loam,0.308,0.274,23.07,10,0.415,3.035.158,15.441
14.445,108.043,6,641,3.64,32.3,21.8,5.7,34.1,33.6,26,21.85,4.86,88.25,16.21,12,-2.89,-4.84,-6.32,-5.44,-0.87,0.44,3.51,0.03,8.25,9.58,1.25,-2.71,Rubber,Clay Loam,0.308,0.248,23.07,10,0.415,2.818.361,17.684
14.473,108.331,5,706,3.64,34.3,34.4,5.5,35.1,30.5,40.9,21.85,4.86,88.25,16.21,12,-2.89,-4.84,-6.32,-5.44,-0.87,0.44,3.51,0.03,8.25,9.58,1.25,-2.71,Rubber,Clay Loam,0.308,0.267,23.07,10,0.415,3.251.955,17.261
14.474,107.785,6,611,3.64,32.7,20.2,5.8,35.7,31.7,26.5,23.46,3.98,85.67,17.25,12,-3.38,-4.28,-4.61,-3.17,1.38,2.6,6.7,1.94,6.46,2.84,-2.5,-3.93,Rubber,Clay Loam,0.414,0.245,21.87,7,0.306,2.601.564,19.489
14.488,107.99,6,606,3.64,30.5,24,5.9,34.2,35.3,33.2,21.85,4.86,88.25,17.25,12,-2.89,-4.84,-6.32,-5.44,-0.87,0.44,3.51,0.03,8.25,9.58,1.25,-2.71,Rubber,Clay Loam,0.308,0.258,23.07,10,0.415,2.384.767,17.911
14.499,107.671,6,598,12.18,27.4,4.18,5.6,38.2,34.5,46,23.36,139.49,84.71,17.66,3,-150.13,-154.94,-139.28,-111.93,18.2,34.11,207.98,194.59,162.57,151.62,-93.27,-119.51,Rubber,Clay Loam,0.439,0.267,769.06,7,0.27,2.779.532,19.473
14.503,107.765,5,603,3.02,26.4,2.52,5.7,36.3,37.3,25.1,23.36,139.49,84.71,17.66,3,-150.13,-154.94,-139.28,-111.93,18.2,34.11,207.98,194.59,162.57,151.62,-93.27,-119.51,Rubber,Loam,0.439,0.242,769.06,7,0.27,2.580.994,19.44
14.512,107.549,5,661,3.64,24.1,35.3,5.5,39.2,36.7,47.1,23.46,3.98,85.67,17.25,12,-3.38,-4.28,-4.61,-3.17,1.38,2.6,6.7,1.94,6.46,2.84,-2.5,-3.93,Rubber,Loam,0.414,0.266,21.87,7,0.306,3.251.955,19.164
14.518,108.487,5,1113,3.64,36.9,39,5.4,35.3,27.8,57.4,24.17,5.49,87.16,16.21,12,-2.38,-4.67,-7.06,-6.45,-2.54,-0.81,2.81,-2.36,8.45,10.99,5.33,-1.29,Rubber,Clay Loam,0.387,0.289,27.56,10,0.398,3.468.752,16.936
14.519,107.709,6,661,4.96,28.5,3.65,5.5,37.9,33.7,37.8,23.36,139.49,84.71,17.66,3,-150.13,-154.94,-139.28,-111.93,18.2,34.11,207.98,194.59,162.57,151.62,-93.27,-119.51,Rubber,Clay Loam,0.439,0.256,769.06,7,0.27,2978.07,19.063
14.525,108.031,6,879,3.64,33.6,31,5.5,34.3,32.2,38.1,21.85,4.86,88.25,16.21,12,-2.89,-4.84,-6.32,-5.44,-0.87,0.44,3.51,0.03,8.25,9.58,1.25,-2.71,Rubber,Clay Loam,0.308,0.264,23.07,10,0.415,3.251.955,16.137
14.554,107.586,6,790,3.64,27.5,32.1,5.4,36.7,35.8,39.8,23.46,3.98,85.67,17.25,12,-3.38,-4.28,-4.61,-3.17,1.38,2.6,6.7,1.94,6.46,2.84,-2.5,-3.93,Rubber,Clay Loam,0.414,0.261,21.87,7,0.306,3.468.752,18.325
14.56,107.666,6,406,3.64,29.4,34,5.6,34.5,36,36.1,23.46,3.98,85.67,17.25,12,-3.38,-4.28,-4.61,-3.17,1.38,2.6,6.7,1.94,6.46,2.84,-2.5,-3.93,Rubber,Clay Loam,0.414,0.261,21.87,7,0.306,3.035.158,20.821
14.567,107.724,6,656,2.85,30.3,2.27,5.7,36,33.7,24.9,23.36,139.49,84.71,17.66,3,-150.13,-154.94,-139.28,-111.93,18.2,34.11,207.98,194.59,162.57,151.62,-93.27,-119.51,Rubber,Clay Loam,0.439,0.242,769.06,7,0.27,2.580.994,19.096
14.573,108.022,5,897,3.64,34.2,26.4,5.5,32.6,33.1,34.3,21.85,4.86,88.25,16.21,12,-2.89,-4.84,-6.32,-5.44,-0.87,0.44,3.51,0.03,8.25,9.58,1.25,-2.71,Rubber,Clay Loam,0.308,0.263,23.07,10,0.415,3.251.955,16.02
14.574,108.468,6,961,3.64,34.9,39.6,5.4,37.9,27.2,58.4,24.17,5.49,87.16,16.21,12,-2.38,-4.67,-7.06,-6.45,-2.54,-0.81,2.81,-2.36,8.45,10.99,5.33,-1.29,Rubber,Clay Loam,0.387,0.285,27.56,10,0.398,3.468.752,17.924
14.579,108.296,5,1148,3.64,34.6,32.5,5.5,33.4,32,47.5,21.85,4.86,88.25,16.21,12,-2.89,-4.84,-6.32,-5.44,-0.87,0.44,3.51,0.03,8.25,9.58,1.25,-2.71,Rubber,Clay Loam,0.308,0.28,23.07,10,0.415,3.251.955,14.388
14.583,107.734,6,656,14.58,31.3,2.43,5.6,35.8,32.9,29.5,23.36,139.49,84.71,17.66,3,-150.13,-154.94,-139.28,-111.93,18.2,34.11,207.98,194.59,162.57,151.62,-93.27,-119.51,Rubber,Clay Loam,0.439,0.249,769.06,7,0.27,2.779.532,19.096
14.598,107.562,5,893,3.64,26,36,5.4,37.4,36.6,50.2,23.46,3.98,85.67,17.25,12,-3.38,-4.28,-4.61,-3.17,1.38,2.6,6.7,1.94,6.46,2.84,-2.5,-3.93,Rubber,Loam,0.414,0.274,21.87,7,0.306,3.468.752,17.656
14.607,107.706,6,696,16.52,30.4,2.54,5.6,34.4,35.2,24.9,23.36,139.49,84.71,17.66,3,-150.13,-154.94,-139.28,-111.93,18.2,34.11,207.98,194.59,162.57,151.62,-93.27,-119.51,Rubber,Clay Loam,0.439,0.246,769.06,7,0.27,2.779.532,18.836
14.61,107.685,5,668,8.51,29.3,2.54,5.5,35.4,35.3,32.1,23.36,139.49,84.71,17.66,3,-150.13,-154.94,-139.28,-111.93,18.2,34.11,207.98,194.59,162.57,151.62,-93.27,-119.51,Rubber,Clay Loam,0.439,0.254,769.06,7,0.27,2978.07,19.018
14.611,107.787,5,795,12.82,31.3,2.82,5.5,34.2,34.5,31.9,23.36,139.49,84.71,17.66,3,-150.13,-154.94,-139.28,-111.93,18.2,34.11,207.98,194.59,162.57,151.62,-93.27,-119.51,Rubber,Clay Loam,0.439,0.256,769.06,7,0.27,2978.07,18.192
14.617,108.029,5,1124,3.64,37.3,34.7,5.5,32.1,30.5,40.6,21.85,4.86,88.25,16.21,12,-2.89,-4.84,-6.32,-5.44,-0.87,0.44,3.51,0.03,8.25,9.58,1.25,-2.71,Rubber,Clay Loam,0.308,0.273,23.07,10,0.415,3.251.955,14.544
14.625,107.672,6,652,2.85,31,2.01,5.8,34.4,34.6,25.9,23.36,139.49,84.71,17.66,3,-150.13,-154.94,-139.28,-111.93,18.2,34.11,207.98,194.59,162.57,151.62,-93.27,-119.51,Rubber,Clay Loam,0.439,0.247,769.06,7,0.27,2.382.456,19.122
14.626,107.684,6,673,3.09,29.5,1.96,5.7,33.5,37.1,27.7,23.36,139.49,84.71,17.66,3,-150.13,-154.94,-139.28,-111.93,18.2,34.11,207.98,194.59,162.57,151.62,-93.27,-119.51,Rubber,Clay Loam,0.439,0.252,769.06,7,0.27,2.580.994,18.986
14.626,107.841,5,622,3.64,34,19.8,5.9,32.6,33.4,24.4,21.85,4.86,88.25,17.25,12,-2.89,-4.84,-6.32,-5.44,-0.87,0.44,3.51,0.03,8.25,9.58,1.25,-2.71,Rubber,Clay Loam,0.308,0.249,23.07,10,0.415,2.384.767,17.807
14.629,107.78,5,642,6.54,32.4,2.94,5.7,33,34.6,32.2,23.36,139.49,84.71,17.66,3,-150.13,-154.94,-139.28,-111.93,18.2,34.11,207.98,194.59,162.57,151.62,-93.27,-119.51,Rubber,Clay Loam,0.439,0.259,769.06,7,0.27,2.580.994,19.187
14.633,107.67,5,652,2.63,30.9,2.1,5.8,34.5,34.7,24.7,23.36,139.49,84.71,17.66,3,-150.13,-154.94,-139.28,-111.93,18.2,34.11,207.98,194.59,162.57,151.62,-93.27,-119.51,Rubber,Clay Loam,0.439,0.245,769.06,7,0.27,2.382.456,19.122
14.635,107.656,5,679,5.42,30.3,2.08,5.6,34.4,35.2,48.8,23.36,139.49,84.71,17.66,3,-150.13,-154.94,-139.28,-111.93,18.2,34.11,207.98,194.59,162.57,151.62,-93.27,-119.51,Rubber,Clay Loam,0.439,0.279,769.06,7,0.27,2.779.532,18.946
14.641,108.36,5,1128,3.64,35.5,43.2,5.4,34,30.5,54.6,21.85,4.86,88.25,16.21,12,-2.89,-4.84,-6.32,-5.44,-0.87,0.44,3.51,0.03,8.25,9.58,1.25,-2.71,Rubber,Clay Loam,0.308,0.288,23.07,10,0.415,3.468.752,14.518
14.647,107.832,6,614,3.64,35.4,29.4,5.8,32.4,32.2,31.4,21.85,4.86,88.25,17.25,12,-2.89,-4.84,-6.32,-5.44,-0.87,0.44,3.51,0.03,8.25,9.58,1.25,-2.71,Rubber,Clay Loam,0.308,0.259,23.07,10,0.415,2.601.564,17.859
14.65,107.636,5,740,8.45,29.7,2.41,5.9,34.4,35.9,27.5,23.36,139.49,84.71,17.66,3,-150.13,-154.94,-139.28,-111.93,18.2,34.11,207.98,194.59,162.57,151.62,-93.27,-119.51,Rubber,Clay Loam,0.439,0.249,769.06,7,0.27,2.183.918,18.55
14.658,108.02,5,1147,3.64,33.9,33.3,5.4,33.6,32.5,36.4,21.85,4.86,88.25,16.21,12,-2.89,-4.84,-6.32,-5.44,-0.87,0.44,3.51,0.03,8.25,9.58,1.25,-2.71,Rubber,Clay Loam,0.308,0.264,23.07,10,0.415,3.468.752,14.394
14.659,108.303,5,1153,3.64,32.9,36.1,5.4,33.8,33.4,48.1,21.85,4.86,88.25,16.21,12,-2.89,-4.84,-6.32,-5.44,-0.87,0.44,3.51,0.03,8.25,9.58,1.25,-2.71,Rubber,Clay Loam,0.308,0.28,23.07,10,0.415,3.468.752,14.356
14.66,108.017,5,1132,3.64,30.8,32.6,5.4,34.7,34.5,39.5,21.85,4.86,88.25,16.21,12,-2.89,-4.84,-6.32,-5.44,-0.87,0.44,3.51,0.03,8.25,9.58,1.25,-2.71,Rubber,Clay Loam,0.308,0.265,23.07,10,0.415,3.468.752,14.492
14.661,107.695,5,667,5.68,34.3,2.25,5.8,34.2,31.5,23.6,23.36,139.49,84.71,17.66,3,-150.13,-154.94,-139.28,-111.93,18.2,34.11,207.98,194.59,162.57,151.62,-93.27,-119.51,Rubber,Clay Loam,0.439,0.244,769.06,7,0.27,2.382.456,19.024
14.68,107.869,5,944,3.64,36.5,31.9,5.6,33.8,29.7,38.2,21.85,4.86,88.25,17.25,12,-2.89,-4.84,-6.32,-5.44,-0.87,0.44,3.51,0.03,8.25,9.58,1.25,-2.71,Rubber,Clay Loam,0.308,0.266,23.07,10,0.415,3.035.158,15.714
14.682,107.81,5,737,3.64,34.1,27.3,5.7,35.2,30.7,31.1,23.46,3.98,85.67,17.25,12,-3.38,-4.28,-4.61,-3.17,1.38,2.6,6.7,1.94,6.46,2.84,-2.5,-3.93,Rubber,Clay Loam,0.414,0.253,21.87,7,0.306,2.818.361,18.67
14.689,107.692,6,652,5.97,31.2,2.19,5.6,34.6,34.2,25.1,23.36,139.49,84.71,17.66,3,-150.13,-154.94,-139.28,-111.93,18.2,34.11,207.98,194.59,162.57,151.62,-93.27,-119.51,Rubber,Clay Loam,0.439,0.246,769.06,7,0.27,2.779.532,19.122
14.692,107.623,6,730,14.74,29.9,3.16,5.7,34.4,35.7,30.9,23.36,139.49,84.71,17.66,3,-150.13,-154.94,-139.28,-111.93,18.2,34.11,207.98,194.59,162.57,151.62,-93.27,-119.51,Rubber,Clay Loam,0.439,0.254,769.06,7,0.27,2.580.994,18.615
14.699,108.447,5,1145,3.64,35.3,48,5.4,36.5,28.1,59,24.17,5.49,87.16,16.21,12,-2.38,-4.67,-7.06,-6.45,-2.54,-0.81,2.81,-2.36,8.45,10.99,5.33,-1.29,Rubber,Clay Loam,0.387,0.289,27.56,10,0.398,3.468.752,16.728
14.702,107.614,6,657,12.03,29.9,2.45,5.8,34.3,35.7,30.1,23.36,139.49,84.71,17.66,3,-150.13,-154.94,-139.28,-111.93,18.2,34.11,207.98,194.59,162.57,151.62,-93.27,-119.51,Rubber,Clay Loam,0.439,0.253,769.06,7,0.27,2.382.456,19.09
14.712,108.006,5,756,3.64,30.3,34.4,5.5,33.9,35.8,39.3,21.85,4.86,88.25,16.21,12,-2.89,-4.84,-6.32,-5.44,-0.87,0.44,3.51,0.03,8.25,9.58,1.25,-2.71,Rubber,Clay Loam,0.308,0.267,23.07,10,0.415,3.251.955,16.936
14.717,107.635,5,659,9.1,31.8,2.73,5.7,34.6,33.7,26.5,23.36,139.49,84.71,17.66,3,-150.13,-154.94,-139.28,-111.93,18.2,34.11,207.98,194.59,162.57,151.62,-93.27,-119.51,Rubber,Clay Loam,0.439,0.248,769.06,7,0.27,2.580.994,19.076
14.721,107.715,5,651,6.37,30.4,2.39,5.8,33.3,36.3,25.8,23.36,139.49,84.71,17.66,3,-150.13,-154.94,-139.28,-111.93,18.2,34.11,207.98,194.59,162.57,151.62,-93.27,-119.51,Rubber,Clay Loam,0.439,0.25,769.06,7,0.27,2.382.456,19.128
14.734,107.801,6,799,3.64,31.2,32.3,5.6,34.3,34.4,35.7,23.46,3.98,85.67,17.25,12,-3.38,-4.28,-4.61,-3.17,1.38,2.6,6.7,1.94,6.46,2.84,-2.5,-3.93,Rubber,Clay Loam,0.414,0.261,21.87,7,0.306,3.035.158,18.266
14.741,107.876,5,840,3.64,30.5,31,5.6,35.2,34.3,35,21.85,4.86,88.25,17.25,12,-2.89,-4.84,-6.32,-5.44,-0.87,0.44,3.51,0.03,8.25,9.58,1.25,-2.71,Rubber,Clay Loam,0.308,0.258,23.07,10,0.415,3.035.158,16.39
14.749,107.865,6,841,3.64,31.8,29.8,5.6,33.8,34.4,34,21.85,4.86,88.25,17.25,12,-2.89,-4.84,-6.32,-5.44,-0.87,0.44,3.51,0.03,8.25,9.58,1.25,-2.71,Rubber,Clay Loam,0.308,0.26,23.07,10,0.415,3.035.158,16.384
14.762,107.994,6,831,3.64,31.5,33.5,5.4,33.6,34.9,35.3,21.92,6.65,88.47,17.25,12,-2.37,-4.83,-7.48,-6.64,-3.47,-2.32,-0.47,-2.52,7.66,16.85,5.94,-0.38,Rubber,Clay Loam,0.303,0.262,30.48,10,0.553,3.468.752,16.519
14.794,107.969,6,1082,3.64,33.5,31.1,5.5,33.6,32.9,42.6,21.92,6.65,88.47,17.25,12,-2.37,-4.83,-7.48,-6.64,-3.47,-2.32,-0.47,-2.52,7.66,16.85,5.94,-0.38,Rubber,Clay Loam,0.303,0.272,30.48,10,0.553,3.251.955,14.887
14.802,108.442,6,376,3.64,32.8,47.6,5.6,33.4,33.8,67.1,25.35,8.4,86.26,16.21,12,-2.03,-5.34,-9.74,-9.16,-5.8,-2.91,0.2,-5.39,8.55,19.02,11.28,1.31,Rubber,Clay Loam,0.444,0.307,40.37,10,0.471,3.035.158,22.906
14.807,107.534,6,441,3.64,29.4,38.9,5.6,37.7,32.9,41.3,22.38,3.4,85.43,17.25,12,-2.44,-3.48,-4.33,-2.88,-0.4,0.18,2.16,-0.16,5.83,7.11,0.4,-2.03,Rubber,Clay Loam,0.394,0.261,15.72,10,0.453,3.035.158,19.514
14.819,107.725,6,745,15.4,29.2,3.04,5.5,36.1,34.8,38.3,22.29,128.66,84.34,17.66,3,-131.57,-142.11,-127.6,-99.38,-28.03,-18.86,94.18,104.34,155.5,290.96,-33.08,-64.36,Rubber,Clay Loam,0.421,0.261,644.99,10,0.451,2856.99,17.447
14.826,107.764,6,1242,3.64,30.6,38.1,5.5,36.6,32.8,46.7,22.38,3.4,85.43,17.25,12,-2.44,-3.48,-4.33,-2.88,-0.4,0.18,2.16,-0.16,5.83,7.11,0.4,-2.03,Rubber,Clay Loam,0.394,0.271,15.72,10,0.453,3.251.955,14.307
14.829,107.693,5,643,9.07,29.8,2.36,5.6,32.3,37.9,27.6,22.29,128.66,84.34,17.66,3,-131.57,-142.11,-127.6,-99.38,-28.03,-18.86,94.18,104.34,155.5,290.96,-33.08,-64.36,Rubber,Clay Loam,0.421,0.254,644.99,10,0.451,2.666.524,18.11
14.83,108.147,5,1232,3.64,33.4,37.8,5.5,33.9,32.7,46.1,21.92,6.65,88.47,16.21,12,-2.37,-4.83,-7.48,-6.64,-3.47,-2.32,-0.47,-2.52,7.66,16.85,5.94,-0.38,Rubber,Clay Loam,0.303,0.277,30.48,10,0.553,3.251.955,13.912
14.835,107.889,6,861,3.64,30.7,29.3,5.6,33.4,35.9,38.1,21.92,6.65,88.47,17.25,12,-2.37,-4.83,-7.48,-6.64,-3.47,-2.32,-0.47,-2.52,7.66,16.85,5.94,-0.38,Rubber,Clay Loam,0.303,0.267,30.48,10,0.553,3.035.158,16.324
14.84,108.344,6,1078,3.64,34.6,52.7,5.4,36.1,29.3,56.2,21.92,6.65,88.47,16.21,12,-2.37,-4.83,-7.48,-6.64,-3.47,-2.32,-0.47,-2.52,7.66,16.85,5.94,-0.38,Rubber,Clay Loam,0.303,0.286,30.48,10,0.553,3.468.752,14.913
14.842,107.726,5,855,3.64,31.4,32.9,5.5,34.4,34.2,36.3,22.38,3.4,85.43,17.25,12,-2.44,-3.48,-4.33,-2.88,-0.4,0.18,2.16,-0.16,5.83,7.11,0.4,-2.03,Rubber,Clay Loam,0.394,0.262,15.72,10,0.453,3.251.955,16.822
14.845,108.37,6,554,3.64,32.8,47.7,5.8,33.5,33.7,46.7,21.92,6.65,88.47,16.21,12,-2.37,-4.83,-7.48,-6.64,-3.47,-2.32,-0.47,-2.52,7.66,16.85,5.94,-0.38,Rubber,Clay Loam,0.303,0.278,30.48,10,0.553,2.601.564,18.319
14.852,107.774,6,1205,3.64,29.5,38.8,5.5,37.8,32.8,48.3,22.38,3.4,85.43,17.25,12,-2.44,-3.48,-4.33,-2.88,-0.4,0.18,2.16,-0.16,5.83,7.11,0.4,-2.03,Rubber,Clay Loam,0.394,0.271,15.72,10,0.453,3.251.955,14.548
14.854,107.694,5,667,3.64,31.4,31.6,5.6,33.3,35.2,30.9,22.38,3.4,85.43,17.25,12,-2.44,-3.48,-4.33,-2.88,-0.4,0.18,2.16,-0.16,5.83,7.11,0.4,-2.03,Rubber,Clay Loam,0.394,0.257,15.72,10,0.453,3.035.158,18.044
14.861,108.058,6,1237,3.64,36,32.5,5.4,33.2,30.9,39.4,21.92,6.65,88.47,16.21,12,-2.37,-4.83,-7.48,-6.64,-3.47,-2.32,-0.47,-2.52,7.66,16.85,5.94,-0.38,Rubber,Clay Loam,0.303,0.269,30.48,10,0.553,3.468.752,13.88
14.876,108.497,5,616,3.64,36.1,59.9,5.8,33.3,30.5,75.6,25.35,8.4,86.26,16.21,12,-2.03,-5.34,-9.74,-9.16,-5.8,-2.91,0.2,-5.39,8.55,19.02,11.28,1.31,Rubber,Clay Loam,0.444,0.319,40.37,10,0.471,2.601.564,21.346
14.878,108.3,5,1185,3.64,34.3,49.7,5.5,33.8,31.9,64.6,21.92,6.65,88.47,16.21,12,-2.37,-4.83,-7.48,-6.64,-3.47,-2.32,-0.47,-2.52,7.66,16.85,5.94,-0.38,Rubber,Clay Loam,0.303,0.303,30.48,10,0.553,3.251.955,14.218
14.882,107.862,5,883,3.64,32.3,26.3,5.7,33.8,34,34.7,21.92,6.65,88.47,17.25,12,-2.37,-4.83,-7.48,-6.64,-3.47,-2.32,-0.47,-2.52,7.66,16.85,5.94,-0.38,Rubber,Clay Loam,0.303,0.261,30.48,10,0.553,2.818.361,16.181
14.898,108.249,6,748,3.64,34.9,48.9,5.6,36.6,28.5,54.1,21.92,6.65,88.47,16.21,12,-2.37,-4.83,-7.48,-6.64,-3.47,-2.32,-0.47,-2.52,7.66,16.85,5.94,-0.38,Rubber,Clay Loam,0.303,0.282,30.48,10,0.553,3.035.158,17.058
14.901,108.451,6,501,3.64,36,51.4,5.6,32.2,31.8,69.8,25.35,8.4,86.26,16.21,12,-2.03,-5.34,-9.74,-9.16,-5.8,-2.91,0.2,-5.39,8.55,19.02,11.28,1.31,Rubber,Clay Loam,0.444,0.314,40.37,10,0.471,3.035.158,22.094
14.903,108.358,6,895,3.64,34.4,57.9,5.5,38.8,26.8,74.9,21.92,6.65,88.47,16.21,12,-2.37,-4.83,-7.48,-6.64,-3.47,-2.32,-0.47,-2.52,7.66,16.85,5.94,-0.38,Rubber,Clay Loam,0.303,0.306,30.48,10,0.553,3.251.955,16.103
14.905,108.217,6,900,3.64,34.7,47,5.4,36.5,28.7,53.8,21.92,6.65,88.47,16.21,12,-2.37,-4.83,-7.48,-6.64,-3.47,-2.32,-0.47,-2.52,7.66,16.85,5.94,-0.38,Rubber,Clay Loam,0.303,0.281,30.48,10,0.553,3.468.752,16.07
14.952,107.525,6,1028,3.64,31.1,34.3,5.5,35.9,33,40,22.38,3.4,85.43,17.25,12,-2.44,-3.48,-4.33,-2.88,-0.4,0.18,2.16,-0.16,5.83,7.11,0.4,-2.03,Rubber,Clay Loam,0.394,0.263,15.72,10,0.453,3.251.955,15.698
14.957,107.965,5,1723,3.64,32.6,72.2,5.3,35.6,31.8,58.3,21.92,6.65,88.47,17.25,12,-2.37,-4.83,-7.48,-6.64,-3.47,-2.32,-0.47,-2.52,7.66,16.85,5.94,-0.38,Rubber,Clay Loam,0.303,0.29,30.48,10,0.553,3.685.549,10.721
14.968,107.64,5,1145,3.64,29.9,30.5,5.3,37.4,32.7,47.5,22.38,3.4,85.43,17.25,12,-2.44,-3.48,-4.33,-2.88,-0.4,0.18,2.16,-0.16,5.83,7.11,0.4,-2.03,Rubber,Clay Loam,0.394,0.27,15.72,10,0.453,3.685.549,14.938
14.974,107.994,6,1491,3.64,34,51.3,5.4,34.7,31.3,50.3,21.92,6.65,88.47,17.25,12,-2.37,-4.83,-7.48,-6.64,-3.47,-2.32,-0.47,-2.52,7.66,16.85,5.94,-0.38,Rubber,Clay Loam,0.303,0.281,30.48,10,0.553,3.468.752,12.229
14.982,107.585,5,1038,3.64,30.5,38.2,5.4,37.3,32.2,36.1,22.38,3.4,85.43,17.25,12,-2.44,-3.48,-4.33,-2.88,-0.4,0.18,2.16,-0.16,5.83,7.11,0.4,-2.03,Rubber,Clay Loam,0.394,0.255,15.72,10,0.453,3.468.752,15.633
14.987,107.685,5,885,3.64,33,34.1,5.5,34.9,32.1,37.4,22.38,3.4,85.43,17.25,12,-2.44,-3.48,-4.33,-2.88,-0.4,0.18,2.16,-0.16,5.83,7.11,0.4,-2.03,Rubber,Clay Loam,0.394,0.262,15.72,10,0.453,3.251.955,16.627
14.991,107.62,5,1043,3.64,32.1,33.9,5.4,35.6,32.2,41.8,22.38,3.4,85.43,17.25,12,-2.44,-3.48,-4.33,-2.88,-0.4,0.18,2.16,-0.16,5.83,7.11,0.4,-2.03,Rubber,Clay Loam,0.394,0.267,15.72,10,0.453,3.468.752,15.6
14.356,107.662,5.732,386.074,3.64,27.798,38.621,5.6,36.644,35.532,38.632,23.46,3.98,85.67,17.25,12,-3.38,-4.28,-4.61,-3.17,1.38,2.6,6.7,1.94,6.46,2.84,-2.5,-3.93,Coffee,Clay Loam,0.414,0.26,21.87,7,0.306,3.035.158,20.951
11.883,108.364,5.515,1.215.485,3.64,35.113,37.169,5.3,34.399,30.388,45.522,22.561,4.079,87.15,18.81,12,-2.492,-4.662,-4.957,-4.863,1.885,1.902,7.001,1.154,6.879,1.233,-0.694,-2.372,Coffee,Clay Loam,0.352,0.275,20.04,7,0.349,3.685.549,14.66
13.613,107.547,5.627,162.745,3.64,30.327,20.79,5.863,34.386,35.261,24.281,26.03,6.93,82.59,17.67,12,-5.74,-6.67,-6.72,-5.6,3.27,5.56,14.57,4.05,8.95,0.25,-5.41,-6.56,Coffee,Clay Loam,0.586,0.245,36.7,7,0.398,2.464.982,24.972
13.511,108.151,5,336.973,3.64,36.19,25.758,5.961,32.658,31.192,27.476,24.64,4.92,84.79,16.78,12,-3.74,-5.15,-5.62,-5,2.51,2.76,7.89,1.25,8.92,3.13,-2.41,-4.49,Coffee,Clay Loam,0.472,0.253,26.41,9,0.337,2.252.521,22.45
13.74,107.619,5.156,285.091,3.64,29.069,23.865,5.716,36.853,34.078,27.273,26.03,6.93,82.59,17.67,12,-5.74,-6.67,-6.72,-5.6,3.27,5.56,14.57,4.05,8.95,0.25,-5.41,-6.56,Coffee,Clay Loam,0.586,0.243,36.7,7,0.398,2.783.673,24.177
14.042,108.152,5.07,739.14,3.64,32.386,21.358,5.807,35.677,31.937,29.747,23.37,4.74,85.96,16.25,12,-3.49,-5.08,-5.82,-5.01,1.27,2.46,6.48,1.14,8.68,5.17,-1.63,-4.16,Coffee,Clay Loam,0.403,0.25,25.19,9,0.344,2.586.388,18.566
11.655,107.846,6,868,3.64,34.256,34.051,5.135,35.552,30.099,31.325,23.2,3.85,84.54,17.778,12,-3.06,-4.21,-4.3,-4.18,1.21,3.58,6.86,1.88,6.08,0.96,-1.99,-2.85,Coffee,Clay Loam,0.44,0.252,20.59,7,0.333,4.043.264,17.558
13.071,107.952,6,386,3.64,31.795,27.231,5.542,34.124,34.081,33.902,24.47,5.082,84.747,17.641,12,-3.871,-5.213,-5.486,-5.166,2.828,1.98,9.534,1.589,8.812,1.707,-2.388,-4.306,Coffee,Clay Loam,0.468,0.259,26.43,7,0.36,3160.9,21.961
13.843,107.802,5,246.671,3.64,32.807,27.988,5.766,34.249,32.944,37.481,25.096,5.397,83.186,17.377,12,-4.384,-5.472,-5.707,-4.564,2.658,4.062,9.95,2.659,8.229,1.607,-3.819,-5.208,Coffee,Clay Loam,0.536,0.264,29.154,7,0.341,2.675.275,23.493
14.643,107.583,5,668.641,3.64,27.516,24.493,5.564,36.217,36.266,31.461,23.46,3.98,85.67,17.25,12,-3.38,-4.28,-4.61,-3.17,1.38,2.6,6.7,1.94,6.46,2.84,-2.5,-3.93,Coffee,Clay Loam,0.414,0.251,21.87,7,0.306,3.113.205,19.114
11.954,108.16,5.746,595.492,3.64,31.693,36.39,5.402,36.442,31.865,43.892,22.312,4.559,85.965,17.192,12,-3.493,-4.762,-4.867,-4.747,1.844,2.804,9.291,2.141,6.953,0.438,-2.229,-3.365,Coffee,Clay Loam,0.378,0.268,23.463,7,0.396,3.464.416,18.441
11.7,108.152,5.705,831.228,3.64,35.972,34.254,5.47,36.389,27.638,27.076,22.361,4.519,85.886,18.482,12,-3.469,-4.731,-4.836,-4.716,1.809,2.847,9.157,2.127,6.905,0.467,-2.216,-3.336,Coffee,Clay Loam,0.381,0.244,23.304,7,0.393,3.316.994,16.958
13.381,107.876,6,848.903,3.64,29.1,33.922,5.571,35.713,35.087,39.577,24.038,4.608,84.834,17.395,12,-3.648,-4.877,-5.385,-4.762,0.98,3.05,7.122,1.356,7.745,4.286,-1.869,-3.999,Coffee,Clay Loam,0.454,0.263,24.54,9,0.316,3.098.029,18.52
12.437,108.014,5.151,415.151,3.64,35.282,21.176,5.7,34.23,30.503,28.689,23.41,5.24,85.72,16.64,12,-3.95,-5.3,-5.47,-5.3,2.67,1.83,10.91,2.04,8.44,0.71,-2.42,-4.14,Coffee,Clay Loam,0.411,0.251,26.58,7,0.41,2.818.361,20.712
13.579,108.194,5,337.59,3.64,36.555,21.197,5.914,32.155,31.291,40.269,24.64,4.92,84.79,16.78,12,-3.74,-5.15,-5.62,-5,2.51,2.76,7.89,1.25,8.92,3.13,-2.41,-4.49,Coffee,Clay Loam,0.472,0.272,26.41,9,0.337,2.354.415,22.446
13.531,107.528,5,172.873,3.64,32.513,23.378,5.871,34.567,32.991,26.249,26.03,6.93,82.59,17.67,12,-5.74,-6.67,-6.72,-5.6,3.27,5.56,14.57,4.05,8.95,0.25,-5.41,-6.56,Coffee,Clay Loam,0.586,0.247,36.7,7,0.398,2.447.638,24.906
14.09,107.89,5.553,648.342,3.64,28.676,17.898,5.755,35.94,35.384,21.389,23.37,4.74,85.96,17.25,12,-3.49,-5.08,-5.82,-5.01,1.27,2.46,6.48,1.14,8.68,5.17,-1.63,-4.16,Coffee,Clay Loam,0.403,0.237,25.19,9,0.344,2.699.123,19.156
11.966,108.469,5.703,1.411.151,3.64,36.374,33.601,5.33,34.715,28.881,42.613,23.08,3.4,87.81,18.167,12,-1.41,-4.39,-4.86,-4.79,1.72,1.3,4.06,0.14,6.53,2.15,0.83,-1.27,Coffee,Clay Loam,0.344,0.27,16.72,9,0.39,3620.51,13.908
12.994,108.215,5.42,301.42,3.64,31.206,24.694,5.932,37.2,31.536,27.584,24.124,5.054,85.18,17.095,12,-3.828,-5.213,-5.557,-5.126,2.577,2.37,9.158,1.582,8.719,2.114,-2.414,-4.343,Coffee,Clay Loam,0.446,0.243,26.481,7,0.345,2.315.392,22.165
12.769,107.594,5.744,287,3.64,35.162,21.21,5.774,32.5,32.338,23.937,25.86,8.09,82.95,17.53,12,-6.57,-7.33,-7.36,-6.7,2.7,5.61,18.96,4.97,9.12,-0.51,-5.8,-7.04,Coffee,Clay Loam,0.568,0.249,41.31,7,0.458,2.657.931,23.994
13.968,107.572,6,263,3.64,30.977,21.255,5.961,36.105,32.918,26.349,25.32,5.63,82.4,17.507,12,-4.7,-5.63,-5.75,-4.35,2.73,4.7,10.96,3.35,7.89,0.86,-4.51,-5.56,Coffee,Clay Loam,0.568,0.244,30.5,7,0.359,2.252.521,23.61
14.827,107.97,6,1.386.592,3.64,35.924,47.9,5.3,32.81,31.357,45.749,21.914,6.504,88.452,17.165,12,-2.412,-4.831,-7.385,-6.542,-3.258,-2.095,-0.145,-2.312,7.708,16.257,5.557,-0.57,Coffee,Clay Loam,0.304,0.279,29.55,10,0.551,3.685.549,12.901
12.46,108.378,5.995,1.435.922,3.64,36.306,39.778,5.201,31.711,31.883,45.722,23.408,5.23,85.731,16.64,12,-3.937,-5.295,-5.467,-5.297,2.665,1.827,10.874,2.03,8.43,0.717,-2.403,-4.125,Coffee,Clay Loam,0.411,0.281,26.524,7,0.41,3.900.178,14.075
14.596,107.777,5,766.628,3.64,30.209,28.091,5.688,36.533,33.295,32.847,22.861,4.307,86.63,16.863,12,-3.198,-4.488,-5.246,-4.015,0.543,1.796,5.513,1.229,7.126,5.348,-1.105,-3.476,Coffee,Clay Loam,0.372,0.252,21.528,9,0.331,2.844.377,17.878
12.214,108.229,5.194,678.777,3.64,33.503,36.039,5.522,32.514,33.983,40.717,23.138,5.155,85.862,16.813,12,-3.89,-5.232,-5.39,-5.23,2.551,1.968,10.757,2.077,8.209,0.623,-2.399,-4.023,Coffee,Clay Loam,0.401,0.272,26.164,7,0.411,3204.26,18.726
12.486,107.511,5.929,651,3.64,35.121,27.141,5.2,34.606,30.265,43.734,23.802,7.933,84.789,17.542,12,-6.437,-7.022,-7.042,-6.71,1.725,4.99,19.3,4.917,8.664,-0.645,-5.266,-6.52,Coffee,Clay Loam,0.449,0.272,39.642,7,0.487,3.902.346,19.57
11.595,108.073,5.603,871.174,3.64,35.913,33.638,5.521,33.759,30.329,33.983,23.2,3.85,84.54,18.37,12,-3.06,-4.21,-4.3,-4.18,1.21,3.58,6.86,1.88,6.08,0.96,-1.99,-2.85,Coffee,Clay Loam,0.44,0.26,20.59,7,0.333,3.206.428,17.537
12.538,108.309,6,441.949,3.64,33.319,27.238,5.88,39.258,27.423,33.524,23.478,5.23,85.658,16.64,12,-3.945,-5.294,-5.471,-5.291,2.68,1.84,10.822,2.011,8.464,0.774,-2.418,-4.151,Coffee,Clay Loam,0.415,0.247,26.57,7,0.407,2.428.126,20.605
12.57,108.095,5.113,487,3.64,30.521,21.502,5.6,37.657,31.834,32.4,23.41,5.24,85.72,16.64,12,-3.95,-5.3,-5.47,-5.3,2.67,1.83,10.91,2.04,8.44,0.71,-2.42,-4.14,Coffee,Clay Loam,0.411,0.249,26.58,7,0.41,3.035.158,20.245
13.312,107.975,5.972,307.028,3.64,34.848,21.794,5.703,34.852,30.3,28.597,24.606,4.929,84.816,17.666,12,-3.746,-5.154,-5.616,-5.008,2.514,2.734,7.973,1.272,8.907,3.063,-2.41,-4.48,Coffee,Clay Loam,0.47,0.25,26.414,9,0.337,2.811.857,22.61
12.255,108.255,5.579,746.421,3.64,34.51,37.358,5.474,36.158,29.332,44.847,22.849,4.129,86.815,17.015,12,-2.552,-4.585,-5.037,-4.905,1.834,1.064,6.392,0.534,7.128,2.419,0.115,-2.417,Coffee,Clay Loam,0.367,0.27,19.496,9,0.366,3.308.322,17.997
14.5,107.901,6,606.685,3.64,31.535,23.273,5.612,35.956,32.508,32.272,21.85,4.86,88.25,17.25,12,-2.89,-4.84,-6.32,-5.44,-0.87,0.44,3.51,0.03,8.25,9.58,1.25,-2.71,Coffee,Clay Loam,0.308,0.252,23.07,10,0.415,3.009.142,17.907
12.006,107.976,5,633,3.64,32.726,35.442,5.366,34.369,32.905,38.432,22.01,4.8,86.45,17.586,12,-3.64,-4.95,-5.06,-4.94,2.06,2.54,10.12,2.23,7.25,0.26,-2.31,-3.54,Coffee,Clay Loam,0.358,0.265,24.44,7,0.414,3.542.463,17.896
13.014,108.186,5,1.627.812,3.64,33.551,51.119,5.333,32.244,34.205,53.741,21.98,5.407,87.113,16.84,12,-3.223,-4.911,-5.854,-5.498,0.245,0.945,6.645,0.671,7.385,5.704,0.397,-2.503,Coffee,Clay Loam,0.34,0.291,21.989,9,0.336,3.614.006,11.399
12.889,108.238,5.155,643.465,3.64,32.581,20.816,5.784,35.955,31.38,26.331,24.75,5.04,84.49,16.64,12,-3.85,-5.19,-5.49,-5.13,2.87,2.02,9.17,1.47,8.91,1.97,-2.38,-4.35,Coffee,Clay Loam,0.484,0.244,26.39,7,0.347,2.636.252,20.567
13.066,107.971,5.982,234.036,3.64,36.653,20.229,5.9,34.882,28.367,24.936,24.75,5.04,84.49,17.67,12,-3.85,-5.19,-5.49,-5.13,2.87,2.02,9.17,1.47,8.91,1.97,-2.38,-4.35,Coffee,Clay Loam,0.484,0.245,26.39,7,0.347,2.384.767,23.229
14.35,108.398,5,961.127,3.64,34.697,43.382,5.432,35.022,30.281,60.163,23.136,5.048,86.364,16.21,12,-3.31,-5.04,-6.087,-5.273,0.507,1.69,5.361,0.55,8.516,7.051,-0.411,-3.551,Coffee,Clay Loam,0.386,0.294,23.672,9,0.36,3.399.377,16.889
13.597,107.523,6,158.558,3.64,33.625,20.684,5.9,32.307,34.054,24.491,26.03,6.93,82.59,17.67,12,-5.74,-6.67,-6.72,-5.6,3.27,5.56,14.57,4.05,8.95,0.25,-5.41,-6.56,Coffee,Clay Loam,0.586,0.25,36.7,7,0.398,2.384.767,24.999
14.853,108.457,5.75,668.506,3.64,34.5,53.45,5.725,34.026,31.475,70.696,24.492,7.962,86.813,16.21,12,-2.115,-5.212,-9.174,-8.529,-5.217,-2.762,0.032,-4.672,8.327,18.477,9.944,0.887,Coffee,Clay Loam,0.405,0.311,37.681,10,0.491,2.764.162,20.147
14.74,108.426,6,890.456,3.64,33.673,47.712,5.596,36.641,29.683,51.116,24.083,5.535,87.211,16.21,12,-2.38,-4.676,-7.076,-6.457,-2.576,-0.869,2.683,-2.366,8.419,11.218,5.354,-1.255,Coffee,Clay Loam,0.384,0.277,27.655,10,0.405,3043.83,18.295
13.539,107.632,5.303,486.361,3.64,29.05,37.382,5.379,36.293,34.657,46.995,24.06,4.086,84.7,17.386,12,-3.562,-4.332,-4.568,-3.494,1.074,3.113,7.237,1.901,6.254,2.716,-2.461,-3.848,Coffee,Clay Loam,0.458,0.272,22.265,7,0.325,3.514.279,20.899
12.211,107.696,5,581.834,3.64,35.348,26.122,5.485,34.598,30.007,28.758,23.946,7.033,83.796,17.621,12,-5.826,-6.379,-6.399,-6.118,1.366,4.659,16.736,4.176,8.035,0.045,-4.521,-5.798,Coffee,Clay Loam,0.482,0.251,35.041,7,0.478,3.284.475,20.164
13.798,108.492,6,649.96,3.64,35.287,35.729,5.633,35.041,29.739,46.103,24.213,4.333,86.927,16.35,12,-2.502,-4.34,-5.611,-5.189,0.191,-0.125,3.899,-1.227,7.597,7.288,2.53,-2.504,Coffee,Clay Loam,0.395,0.274,21.498,9,0.353,2.963.615,19.988
14.079,108.059,6,760.172,3.64,31.773,23.098,5.883,36.196,32.031,28.38,23.37,4.74,85.96,16.308,12,-3.49,-5.08,-5.82,-5.01,1.27,2.46,6.48,1.14,8.68,5.17,-1.63,-4.16,Coffee,Clay Loam,0.403,0.246,25.19,9,0.344,2.421.622,18.429
13.979,108.214,6,594.901,3.64,33.634,39.984,5.527,35.296,31.07,47.111,24.004,3.968,86.144,16.908,12,-2.513,-4.041,-5.102,-4.439,0.409,-0.009,3.442,-0.881,6.835,7.03,1.769,-2.503,Coffee,Clay Loam,0.414,0.275,19.488,10,0.361,3193.42,20.137
12.501,108.325,6,1.009.931,3.64,36.55,30.614,5.4,32.028,31.422,38.515,23.409,5.223,85.728,16.625,12,-3.934,-5.292,-5.482,-5.29,2.621,1.852,10.756,2.009,8.448,0.865,-2.393,-4.141,Coffee,Clay Loam,0.411,0.27,26.532,7,0.405,3.468.752,16.844
11.777,108.187,5,937.201,3.64,35.331,34.96,5.6,35.297,29.426,36.418,22.01,4.8,86.45,18.81,12,-3.64,-4.95,-5.06,-4.94,2.06,2.54,10.12,2.23,7.25,0.26,-2.31,-3.54,Coffee,Clay Loam,0.358,0.26,24.44,7,0.414,3.035.158,15.918
14.631,108.423,5.158,1.197.106,3.64,36.079,46.531,5.484,35.484,28.437,60.69,22.217,4.96,88.078,16.21,12,-2.809,-4.813,-6.437,-5.6,-1.134,0.243,3.399,-0.348,8.282,9.803,1.895,-2.486,Coffee,Clay Loam,0.319,0.293,23.627,10,0.415,3.286.643,14.436
12.704,107.949,5,308,3.64,27.522,22.808,5.719,38.311,34.167,26.486,23.41,5.24,85.72,17.53,12,-3.95,-5.3,-5.47,-5.3,2.67,1.83,10.91,2.04,8.44,0.71,-2.42,-4.14,Coffee,Clay Loam,0.411,0.239,26.58,7,0.41,2777.17,21.408
11.854,108.077,5.589,128,3.64,32.382,30.336,5.465,35.946,31.713,31.096,23.24,4.261,86.36,18.057,12,-2.743,-4.765,-4.957,-4.85,1.813,2.487,7.619,1.527,7.106,0.778,-1.121,-2.865,Coffee,Clay Loam,0.389,0.251,21.301,7,0.357,3.327.834,22.408
12.899,107.929,5.7,368.099,3.64,31.332,30.079,5.78,36.189,32.479,30.615,24.75,5.04,84.49,17.572,12,-3.85,-5.19,-5.49,-5.13,2.87,2.02,9.17,1.47,8.91,1.97,-2.38,-4.35,Coffee,Clay Loam,0.484,0.25,26.39,7,0.347,2.644.923,22.357
14.093,108.379,6,1429,3.64,35.484,47.823,5.458,33.172,31.43,62.526,22.02,4.658,88.189,16.269,12,-2.685,-4.778,-6.118,-5.35,-0.512,0.559,3.586,0.045,8.012,8.552,1.192,-2.511,Coffee,Clay Loam,0.313,0.301,21.954,10,0.39,3343.01,12.732
12.686,108.259,6,615.938,3.64,30.326,25.368,5.673,38.527,31.147,40.077,23.588,5.213,85.557,16.64,12,-3.937,-5.285,-5.473,-5.277,2.697,1.855,10.679,1.964,8.502,0.877,-2.415,-4.168,Coffee,Clay Loam,0.42,0.257,26.555,7,0.402,2.876.896,19.584
12.345,108.314,5.03,1.054.213,3.64,36.391,29.863,5.312,32.934,30.579,36.099,23.367,5.227,85.742,16.706,12,-3.941,-5.289,-5.458,-5.289,2.651,1.852,10.886,2.046,8.404,0.696,-2.417,-4.122,Coffee,Clay Loam,0.41,0.265,26.516,7,0.41,3.659.533,16.515
12.846,107.77,5,236.856,3.64,32.599,22.901,5.729,32.714,34.787,26.643,25.86,8.09,82.95,17.53,12,-6.57,-7.33,-7.36,-6.7,2.7,5.61,18.96,4.97,9.12,-0.51,-5.8,-7.04,Coffee,Clay Loam,0.568,0.252,41.31,7,0.458,2755.49,24.32
14.467,108.474,5,1.234.287,3.64,36.682,47.521,5.4,34.504,28.91,66.668,24.141,5.414,87.157,16.228,12,-2.355,-4.656,-6.976,-6.386,-2.367,-0.777,2.846,-2.292,8.392,10.703,5.188,-1.303,Coffee,Clay Loam,0.386,0.304,27.112,10,0.395,3.468.752,16.118
13.453,107.777,5.601,613.202,3.64,28.992,37.786,5.4,35.687,35.38,47.292,24.558,5.474,83.724,17.007,12,-4.401,-5.498,-5.638,-4.729,2.706,3.555,10.94,2.828,8.109,0.8,-3.676,-4.994,Coffee,Clay Loam,0.502,0.274,28.936,7,0.378,3.468.752,20.572
13.741,108.172,6,485,3.64,34.947,21.06,5.7,35.916,29.08,24.81,24.089,4.842,85.297,16.78,12,-3.632,-5.12,-5.707,-5.004,1.972,2.63,7.279,1.202,8.816,4.014,-2.072,-4.347,Coffee,Clay Loam,0.441,0.242,25.882,9,0.34,2.818.361,20.936
11.708,108.166,5,832.952,3.64,36.356,34.48,5.549,35.807,27.838,29.707,22.315,4.557,85.961,18.526,12,-3.492,-4.761,-4.865,-4.745,1.842,2.806,9.286,2.14,6.951,0.439,-2.228,-3.363,Coffee,Clay Loam,0.378,0.249,23.454,7,0.396,3.145.724,16.901
13.506,108.109,5.749,600.247,3.64,28.977,20.949,5.725,36.75,34.198,30.422,24.426,4.774,84.786,16.898,12,-3.732,-4.962,-5.269,-4.638,2.496,2.165,8.55,1.588,8.295,2.188,-2.41,-4.245,Coffee,Clay Loam,0.466,0.248,25.256,7,0.338,2.764.162,20.524
11.856,107.811,5.184,550.184,3.64,32.06,37.181,5.218,33.676,34.264,41.055,24.09,6.14,82.81,17.7,12,-5.22,-5.74,-5.76,-5.53,1.01,4.33,14.19,3.44,7.41,0.73,-3.78,-5.08,Coffee,Clay Loam,0.516,0.27,31.11,7,0.456,3.863.323,20.514
14.452,107.752,5,747.728,3.64,27.915,32.137,5.5,37.946,34.138,40.221,23.46,3.98,85.67,17.25,12,-3.38,-4.28,-4.61,-3.17,1.38,2.6,6.7,1.94,6.46,2.84,-2.5,-3.93,Coffee,Clay Loam,0.414,0.259,21.87,7,0.306,3.251.955,18.6
13.09,108.399,5.572,1.291.858,3.64,34.914,39.527,5.414,32.243,32.843,45.338,22.553,4.025,87.998,17.696,12,-2.044,-4.583,-5.485,-5.068,0.611,0.932,3.824,0.093,7.267,5.332,1.01,-1.887,Coffee,Clay Loam,0.328,0.279,19.067,9,0.381,3438.4,14.156
12.686,107.744,5,550.312,3.64,30.4,37.028,5.325,36.125,33.475,42.261,23.894,5.467,83.701,17.56,12,-4.647,-5.285,-5.402,-4.795,1.125,3.791,11.857,2.973,7.114,1.387,-3.381,-4.722,Coffee,Clay Loam,0.483,0.266,28.232,7,0.42,3631.35,20.317
13.999,107.575,5,224.709,3.64,28.826,24.709,5.623,35.866,35.308,38.612,25.28,5.589,82.539,17.223,12,-4.644,-5.602,-5.742,-4.388,2.717,4.587,10.781,3.228,7.95,0.992,-4.388,-5.498,Coffee,Clay Loam,0.562,0.262,30.262,7,0.356,2.985.295,23.819
14.377,107.857,6,591.254,3.64,31.407,24.735,5.7,35.168,33.425,29.174,21.85,4.86,88.25,17.25,12,-2.89,-4.84,-6.32,-5.44,-0.87,0.44,3.51,0.03,8.25,9.58,1.25,-2.71,Coffee,Clay Loam,0.308,0.25,23.07,10,0.415,2.818.361,18.007
14.16,107.658,5.442,660.019,3.64,27.706,35.021,5.556,38.604,33.746,43.227,25.32,5.63,82.4,17.25,12,-4.7,-5.63,-5.75,-4.35,2.73,4.7,10.96,3.35,7.89,0.86,-4.51,-5.56,Coffee,Clay Loam,0.568,0.262,30.5,7,0.359,3.130.549,21.03
14.407,107.975,5,659.52,3.64,31.064,19.988,5.828,34.316,34.62,28.68,22.214,4.831,87.701,16.56,12,-3.034,-4.898,-6.2,-5.337,-0.357,0.924,4.222,0.296,8.353,8.523,0.559,-3.058,Coffee,Clay Loam,0.329,0.251,22.884,10,0.373,2.540.861,17.927
14.676,107.871,5,771.531,3.64,28.193,21.266,5.7,34.425,37.291,30.84,22.056,6.471,88.234,17.206,12,-2.475,-4.853,-7.324,-6.487,-3.025,-1.871,0.182,-2.176,7.756,15.754,5.229,-0.735,Coffee,Clay Loam,0.312,0.254,28.946,10,0.545,2.818.361,17.041
12.225,107.899,5,1.116.829,3.64,34.909,43.23,5.073,33.054,32.038,56.95,24.106,5.838,83.565,17.428,12,-4.743,-5.488,-5.767,-5.488,0.75,3.535,12.328,2.581,7.479,2.032,-2.599,-4.619,Coffee,Clay Loam,0.494,0.294,28.704,7,0.429,4.177.678,16.847
13.153,107.632,5,173.869,3.64,35.97,19.435,6.08,32.569,31.461,23.754,25.871,8.014,82.926,17.67,12,-6.516,-7.287,-7.318,-6.628,2.737,5.607,18.673,4.91,9.109,-0.46,-5.774,-7.009,Coffee,Clay Loam,0.57,0.248,40.992,7,0.455,1.994.532,24.741
13.309,108.05,5.362,180.809,3.64,35.185,20.609,5.936,35.87,29.045,25.796,24.64,4.92,84.79,17.348,12,-3.74,-5.15,-5.62,-5,2.51,2.76,7.89,1.25,8.92,3.13,-2.41,-4.49,Coffee,Clay Loam,0.472,0.244,26.41,9,0.337,2306.72,23.465
14.003,107.636,6,259.45,3.64,28.817,20.775,5.9,36.772,34.363,25.607,25.32,5.63,82.4,17.453,12,-4.7,-5.63,-5.75,-4.35,2.73,4.7,10.96,3.35,7.89,0.86,-4.51,-5.56,Coffee,Clay Loam,0.568,0.241,30.5,7,0.359,2.384.767,23.634
13.196,108.201,5.657,1.594.343,3.64,34.04,53.043,5.234,33.792,32.103,55.198,23.057,4.609,85.621,16.849,12,-3.432,-4.676,-5.079,-4.47,1.617,1.264,7.91,1.286,7.545,2.904,-1.453,-3.417,Coffee,Clay Loam,0.405,0.29,22.527,7,0.351,3.828.635,12.694
14.795,107.888,5,901.208,3.64,34.713,33.146,5.556,32.902,32.385,36.18,21.89,5.87,88.374,17.25,12,-2.597,-4.834,-6.975,-6.117,-2.337,-1.118,1.264,-1.409,7.917,13.683,3.897,-1.395,Coffee,Clay Loam,0.305,0.265,26.782,10,0.511,3.130.549,16.032
14.554,108.172,5,851.38,3.64,31.531,32.646,5.6,34.759,33.783,40.294,21.85,4.86,88.25,16.21,12,-2.89,-4.84,-6.32,-5.44,-0.87,0.44,3.51,0.03,8.25,9.58,1.25,-2.71,Coffee,Clay Loam,0.308,0.266,23.07,10,0.415,3.035.158,16.316
13.567,107.778,6,216,3.64,32,17.996,5.795,34.995,33.1,24.814,26.03,6.93,82.59,17.67,12,-5.74,-6.67,-6.72,-5.6,3.27,5.56,14.57,4.05,8.95,0.25,-5.41,-6.56,Coffee,Clay Loam,0.586,0.244,36.7,7,0.398,2.612.404,24.626
12.231,107.95,5.434,580.962,3.64,34.289,28.904,5.413,35.209,30.502,34.628,22.618,4.991,86.133,17.53,12,-3.775,-5.102,-5.238,-5.096,2.325,2.232,10.463,2.148,7.766,0.455,-2.358,-3.8,Coffee,Clay Loam,0.381,0.257,25.369,7,0.412,3.440.568,18.842
11.533,107.805,5,790.572,3.64,36,38.596,5.452,35.675,28.325,35.694,25.085,4.254,82.798,17.7,12,-3.834,-4.412,-4.443,-4.23,0.503,4.177,8.215,1.821,5.828,2.197,-2.31,-3.531,Coffee,Clay Loam,0.548,0.258,22.76,7,0.361,3.356.018,19.946
14.527,108.147,5,858.841,3.64,31.572,33.236,5.412,33.812,34.716,40.28,21.85,4.86,88.25,16.21,12,-2.89,-4.84,-6.32,-5.44,-0.87,0.44,3.51,0.03,8.25,9.58,1.25,-2.71,Coffee,Clay Loam,0.308,0.269,23.07,10,0.415,3.442.736,16.268
12.442,108.103,5.658,508.658,3.64,37.764,23.354,5.866,31.852,30.418,27.979,23.41,5.24,85.72,16.944,12,-3.95,-5.3,-5.47,-5.3,2.67,1.83,10.91,2.04,8.44,0.71,-2.42,-4.14,Coffee,Clay Loam,0.411,0.256,26.58,7,0.41,2.458.478,20.104
13.567,107.727,5.908,251.459,3.64,29.12,20.264,5.872,36.091,34.789,22.742,26.014,7.036,82.623,17.657,12,-5.816,-6.731,-6.779,-5.701,3.218,5.565,14.973,4.134,8.966,0.18,-5.446,-6.604,Coffee,Clay Loam,0.585,0.239,37.077,7,0.404,2445.47,24.38
12.205,107.581,6,864.471,3.64,33.166,26.847,5.491,35.609,31.125,29.677,23.894,6.014,83.153,17.651,12,-5.071,-5.666,-5.694,-5.474,1.109,4.161,13.807,3.326,7.395,0.686,-3.642,-4.935,Coffee,Clay Loam,0.5,0.25,30.482,7,0.453,3.271.467,18.275
12.51,108.099,5.311,460.311,3.64,32.951,22.087,5.7,36.369,30.749,29.966,23.41,5.24,85.72,16.64,12,-3.95,-5.3,-5.47,-5.3,2.67,1.83,10.91,2.04,8.44,0.71,-2.42,-4.14,Coffee,Clay Loam,0.411,0.248,26.58,7,0.41,2.818.361,20.418
13.826,107.559,5,287.959,3.64,29.092,22.157,5.894,36.17,34.739,31.047,25.335,5.657,82.404,17.67,12,-4.721,-5.651,-5.77,-4.376,2.741,4.718,11.034,3.364,7.912,0.848,-4.528,-5.58,Coffee,Clay Loam,0.569,0.25,30.626,7,0.36,2.397.775,23.463
13.722,107.989,6,520.701,3.64,27.915,19.34,5.818,36.456,35.611,26.207,24.417,4.888,84.995,17.514,12,-3.696,-5.138,-5.655,-5.002,2.293,2.707,7.643,1.231,8.878,3.488,-2.273,-4.432,Coffee,Clay Loam,0.459,0.243,26.196,9,0.338,2.562.541,21.032
14.109,107.709,5.017,497.966,3.64,25.71,41.882,5.602,40.755,33.534,41.575,25.32,5.63,82.4,17.257,12,-4.7,-5.63,-5.75,-4.35,2.73,4.7,10.96,3.35,7.89,0.86,-4.51,-5.56,Coffee,Loam,0.568,0.254,30.5,7,0.359,3.030.822,22.083
11.724,108.322,5.763,876.947,3.64,37.074,27.23,5.7,35.666,27.284,25.592,23.2,3.85,84.54,18.81,12,-3.06,-4.21,-4.3,-4.18,1.21,3.58,6.86,1.88,6.08,0.96,-1.99,-2.85,Coffee,Clay Loam,0.44,0.244,20.59,7,0.333,2.818.361,17.5
14.053,107.852,5.193,616.159,3.64,27.716,24.393,5.6,38.108,34.176,31.002,23.37,4.74,85.96,17.331,12,-3.49,-5.08,-5.82,-5.01,1.27,2.46,6.48,1.14,8.68,5.17,-1.63,-4.16,Coffee,Clay Loam,0.403,0.246,25.19,9,0.344,3.035.158,19.365
12.816,108.48,6,443.117,3.64,33.45,23.257,5.9,39.565,26.984,24.277,23.996,3.882,86.962,16.64,12,-2.1,-4.307,-5.151,-4.932,1.513,-0.226,3.673,-1.001,7.145,5.389,2.102,-2.116,Coffee,Clay Loam,0.389,0.233,19.833,9,0.36,2.384.767,21.116
13.705,107.873,5.535,399.141,3.64,29.159,25.663,5.746,35.86,34.982,30.652,25.004,5.3,83.511,17.256,12,-4.254,-5.407,-5.69,-4.652,2.628,3.799,9.533,2.374,8.369,1.915,-3.534,-5.063,Coffee,Clay Loam,0.522,0.25,28.6,7,0.333,2.718.634,22.41
12.824,108.365,5.65,568.3,3.64,32.55,21.886,5.765,38.024,29.49,30.567,24.281,5.11,84.921,16.64,12,-3.885,-5.229,-5.483,-5.19,2.8,1.953,9.779,1.67,8.745,1.529,-2.394,-4.276,Coffee,Clay Loam,0.458,0.245,26.457,7,0.369,2.677.443,20.587
13.894,108.242,5.952,604.144,3.64,30.719,18.481,5.805,36.649,32.532,25.004,23.436,4.754,85.889,16.773,12,-3.507,-5.085,-5.804,-5.016,1.347,2.439,6.609,1.156,8.691,5.016,-1.666,-4.169,Coffee,Clay Loam,0.407,0.241,25.247,9,0.344,2.590.724,19.509
14.076,108.39,5,816.153,3.64,34.103,32.319,5.505,31.922,33.969,38.332,23.293,4.746,86.076,16.263,12,-3.459,-5.068,-5.845,-5.032,1.161,2.357,6.329,1.084,8.658,5.394,-1.484,-4.086,Coffee,Clay Loam,0.398,0.27,24.974,9,0.347,3.241.115,17.988
12.524,108.208,6,474.773,3.64,31.393,19.364,5.723,35.672,32.847,25.526,23.416,5.059,85.874,16.64,12,-3.702,-5.189,-5.419,-5.252,2.557,1.621,10.091,1.73,8.281,1.082,-1.933,-3.852,Coffee,Clay Loam,0.407,0.244,25.347,7,0.398,2.768.498,20.33
14.25,107.662,6,407.565,3.64,27.478,33.7,5.6,36.07,36.452,34.265,23.945,4.41,84.817,17.25,12,-3.724,-4.632,-4.907,-3.478,1.732,3.148,7.811,2.308,6.833,2.323,-3.024,-4.355,Coffee,Clay Loam,0.452,0.255,24.12,7,0.323,3.035.158,21.296
12.415,108.305,5.015,1.067.985,3.64,35.3,31.85,5.295,31.811,32.988,42.552,23.42,5.254,85.675,16.656,12,-3.969,-5.307,-5.474,-5.304,2.645,1.868,10.96,2.061,8.424,0.71,-2.441,-4.154,Coffee,Clay Loam,0.413,0.276,26.649,7,0.411,3.696.389,16.478
14.773,108.142,6,1.590.135,3.64,33.907,53.9,5.3,34.633,31.46,66.66,21.92,6.65,88.47,16.21,12,-2.37,-4.83,-7.48,-6.64,-3.47,-2.32,-0.47,-2.52,7.66,16.85,5.94,-0.38,Coffee,Clay Loam,0.303,0.304,30.48,10,0.553,3.685.549,11.584
12.517,108.349,5.499,444.505,3.64,33.099,28.752,5.85,38.097,28.753,33.299,23.41,5.24,85.72,16.64,12,-3.95,-5.3,-5.47,-5.3,2.67,1.83,10.91,2.04,8.44,0.71,-2.42,-4.14,Coffee,Clay Loam,0.411,0.249,26.58,7,0.41,2.493.166,20.521
14.6,108.248,5,1.160.988,3.64,32.929,38.391,5.4,33.376,33.648,49.03,21.85,4.86,88.25,16.21,12,-2.89,-4.84,-6.32,-5.44,-0.87,0.44,3.51,0.03,8.25,9.58,1.25,-2.71,Coffee,Clay Loam,0.308,0.282,23.07,10,0.415,3.468.752,14.304
13.085,108.038,5,336.58,3.64,33.937,27.3,5.968,34.61,31.484,26.626,24.715,5.002,84.585,17.293,12,-3.815,-5.177,-5.531,-5.089,2.756,2.254,8.765,1.4,8.913,2.337,-2.389,-4.394,Coffee,Clay Loam,0.48,0.248,26.395,9,0.337,2.237.345,22.527
14.571,108.205,5.384,1.039.616,3.64,33.44,35.102,5.462,32.553,34.007,44.723,21.85,4.86,88.25,16.21,12,-2.89,-4.84,-6.32,-5.44,-0.87,0.44,3.51,0.03,8.25,9.58,1.25,-2.71,Coffee,Clay Loam,0.308,0.278,23.07,10,0.415,3.334.338,15.092
13.05,107.705,5,236.168,3.64,34.817,21.211,5.706,35.01,30.179,27.227,25.86,8.09,82.95,17.662,12,-6.57,-7.33,-7.36,-6.7,2.7,5.61,18.96,4.97,9.12,-0.51,-5.8,-7.04,Coffee,Clay Loam,0.568,0.248,41.31,7,0.458,2.805.353,24.325
12.186,107.996,5.944,578.721,3.64,31.923,32.334,5.394,33.894,34.183,33.601,22.01,4.8,86.45,16.699,12,-3.64,-4.95,-5.06,-4.94,2.06,2.54,10.12,2.23,7.25,0.26,-2.31,-3.54,Coffee,Clay Loam,0.358,0.259,24.44,7,0.414,3481.76,18.248
14.35,107.976,5,517.133,3.64,33.04,19.84,5.713,33.066,33.894,24.126,21.85,4.86,88.25,17.25,12,-2.89,-4.84,-6.32,-5.44,-0.87,0.44,3.51,0.03,8.25,9.58,1.25,-2.71,Coffee,Clay Loam,0.308,0.248,23.07,10,0.415,2.790.177,18.489
11.643,108.301,5.636,875.182,3.64,35.5,30.518,5.636,35.209,29.291,30.636,23.2,3.85,84.54,18.81,12,-3.06,-4.21,-4.3,-4.18,1.21,3.58,6.86,1.88,6.08,0.96,-1.99,-2.85,Coffee,Clay Loam,0.44,0.252,20.59,7,0.333,2.957.111,17.511
12.63,108.137,5.801,1.058.009,3.64,32.246,40.514,5.34,35.074,32.7,57.36,22.669,4.965,85.644,16.761,12,-3.851,-5.085,-5.197,-4.823,2.193,2.97,10.287,2.453,7.377,0.379,-2.748,-3.942,Coffee,Clay Loam,0.395,0.29,25.646,7,0.401,3598.83,15.792
12.666,107.924,6,994.291,3.64,32.362,40.8,5.297,34.72,32.95,45.637,23.079,5.068,85.143,18.306,12,-3.982,-5.17,-5.283,-4.75,2.276,3.237,10.391,2.592,7.457,0.454,-3.02,-4.192,Coffee,Clay Loam,0.419,0.274,26.397,7,0.393,3.692.053,16.616
13.219,107.752,6,170.72,3.64,36.904,20.031,5.9,31.227,31.812,26.045,25.86,8.09,82.95,17.67,12,-6.57,-7.33,-7.36,-6.7,2.7,5.61,18.96,4.97,9.12,-0.51,-5.8,-7.04,Coffee,Clay Loam,0.568,0.255,41.31,7,0.458,2.384.767,24.75
11.577,107.926,6,784.771,3.64,33.293,33.06,5.213,32.363,34.431,36.026,23.2,3.85,84.54,17.7,12,-3.06,-4.21,-4.3,-4.18,1.21,3.58,6.86,1.88,6.08,0.96,-1.99,-2.85,Coffee,Clay Loam,0.44,0.266,20.59,7,0.333,3.874.162,18.099
13.524,108.45,5.811,275.867,3.64,33.766,26.656,6.081,35.804,30.43,34.531,24.616,4.32,86.104,16.78,12,-2.767,-4.42,-5.433,-5.016,1.05,0.456,4.67,-0.697,7.533,6.269,1.395,-3.022,Coffee,Clay Loam,0.43,0.256,21.355,9,0.352,1.992.364,22.823
13.316,108.323,5.179,541.179,3.64,32.716,21.562,5.654,35.433,31.769,32.941,24.502,4.986,84.754,16.94,12,-3.785,-5.17,-5.549,-5.108,2.583,2.099,8.688,1.411,8.869,2.544,-2.245,-4.316,Coffee,Clay Loam,0.469,0.255,26.173,9,0.339,2.918.088,20.984
14.433,108.416,5.374,1.033.382,3.64,34.01,38.251,5.4,35.9,29.99,48.001,22.718,5.096,87.842,16.21,12,-2.699,-4.776,-6.597,-5.818,-1.495,-0.028,3.248,-0.864,8.325,10.107,2.776,-2.179,Coffee,Clay Loam,0.336,0.275,24.456,10,0.413,3.468.752,16.001
13.592,108.191,5.82,439.359,3.64,32.23,25.229,5.91,37.959,29.811,37.029,24.762,5.047,84.361,16.864,12,-3.912,-5.236,-5.643,-4.883,2.55,3.108,8.441,1.627,8.735,2.722,-2.787,-4.682,Coffee,Clay Loam,0.488,0.255,27.143,9,0.321,2.363.087,21.906
12.181,107.731,5.349,670.651,3.64,32.292,30.859,5.305,35.506,32.201,33.7,23.647,5.554,84.706,17.53,12,-4.393,-5.453,-5.571,-5.38,2.091,2.701,12.053,2.528,8.081,0.717,-2.894,-4.468,Coffee,Clay Loam,0.447,0.256,28.159,7,0.428,3.674.709,19.288
14.302,107.761,5,387.14,3.64,30.651,32.033,5.621,35.235,34.035,40.28,23.704,4.174,85.488,17.153,12,-3.454,-4.46,-4.819,-3.548,1.614,2.633,6.946,1.797,6.968,2.9,-2.481,-4.046,Coffee,Clay Loam,0.425,0.265,22.808,9,0.305,2.989.631,21.188
12.574,108.343,5.726,1213.63,3.64,34.092,37.197,5.327,35.123,30.74,44.244,22.743,3.8,87.931,18.098,12,-1.815,-4.513,-5.26,-4.968,1.01,1.064,3.909,0.11,7.001,4.186,0.945,-1.665,Coffee,Clay Loam,0.334,0.271,18.221,9,0.384,3.627.014,14.854
12.547,107.852,5.785,465.142,3.64,35.106,23.664,5.857,34.4,30.472,24.194,23.701,7.463,85.107,17.339,12,-5.976,-6.729,-6.782,-6.478,1.971,4.351,17.806,4.388,8.691,-0.437,-4.745,-6.096,Coffee,Clay Loam,0.436,0.245,37.243,7,0.479,2477.99,20.678
14.467,107.986,5.377,831.886,3.64,30.591,31.889,5.5,35.304,34.205,46.432,22.457,4.528,87.277,16.602,12,-3.075,-4.629,-5.675,-4.584,-0.021,1.255,4.713,0.751,7.575,7.037,-0.165,-3.17,Coffee,Clay Loam,0.346,0.274,21.319,9,0.355,3.251.955,17.05
14.865,108.372,5.039,593.896,3.64,31.755,51.906,5.604,34.742,33.504,66.722,21.92,6.65,88.47,16.21,12,-2.37,-4.83,-7.48,-6.64,-3.47,-2.32,-0.47,-2.52,7.66,16.85,5.94,-0.38,Coffee,Clay Loam,0.303,0.304,30.48,10,0.553,3.026.486,18.06
13.548,107.533,5,172,3.64,29.2,22.013,5.824,35.94,34.86,30.273,26.03,6.93,82.59,17.67,12,-5.74,-6.67,-6.72,-5.6,3.27,5.56,14.57,4.05,8.95,0.25,-5.41,-6.56,Coffee,Clay Loam,0.586,0.25,36.7,7,0.398,2.549.533,24.912
14.096,108.356,5.663,1.139.634,3.64,32.013,34.276,5.5,34.07,33.917,46.646,22.858,4.78,86.731,16.588,12,-3.288,-4.999,-5.988,-5.155,0.55,1.78,5.48,0.766,8.535,6.654,-0.661,-3.672,Coffee,Clay Loam,0.37,0.277,23.763,9,0.359,3.251.955,15.45
13.851,108.244,6,1.670.525,3.64,32.328,55.31,5.231,34.675,32.931,60.559,22.273,4.357,88.099,16.358,12,-2.38,-4.685,-5.817,-5.216,0.022,0.736,3.699,0.068,7.658,7.022,1.105,-2.214,Coffee,Clay Loam,0.32,0.295,20.312,9,0.377,3.835.139,11.415
14.43,107.873,6,612.542,3.64,31.882,24.147,5.839,34.329,33.788,29.362,21.85,4.86,88.25,17.25,12,-2.89,-4.84,-6.32,-5.44,-0.87,0.44,3.51,0.03,8.25,9.58,1.25,-2.71,Coffee,Clay Loam,0.308,0.252,23.07,10,0.415,2.517.013,17.868
14.055,107.906,5.682,656.637,3.64,26.933,21.173,5.6,37.999,35.068,28.087,23.37,4.74,85.96,17.384,12,-3.49,-5.08,-5.82,-5.01,1.27,2.46,6.48,1.14,8.68,5.17,-1.63,-4.16,Coffee,Loam,0.403,0.242,25.19,9,0.344,3.035.158,19.102
14.05,108.011,5,705.703,3.64,28.662,19.841,5.702,36.298,35.041,24.559,23.37,4.74,85.96,17.09,12,-3.49,-5.08,-5.82,-5.01,1.27,2.46,6.48,1.14,8.68,5.17,-1.63,-4.16,Coffee,Clay Loam,0.403,0.241,25.19,9,0.344,2.814.025,18.783
12.037,107.73,6,832.261,3.64,35.388,35.851,5.322,33.53,31.156,42.061,24.09,6.14,82.81,17.574,12,-5.22,-5.74,-5.76,-5.53,1.01,4.33,14.19,3.44,7.41,0.73,-3.78,-5.08,Coffee,Clay Loam,0.516,0.272,31.11,7,0.456,3.637.854,18.68
13.069,108.021,5.496,274.488,3.64,31.868,22.047,5.85,36.265,31.817,25.132,24.02,5.081,85.259,17.158,12,-3.846,-5.226,-5.544,-5.151,2.591,2.291,9.412,1.648,8.678,1.91,-2.415,-4.314,Coffee,Clay Loam,0.44,0.242,26.496,7,0.355,2.493.166,22.236
13.166,107.99,6,292.693,3.64,35.531,23.064,5.708,34.176,30.262,26.708,24.716,5.003,84.582,17.67,12,-3.816,-5.178,-5.53,-5.09,2.759,2.247,8.777,1.402,8.913,2.326,-2.389,-4.393,Coffee,Clay Loam,0.48,0.249,26.396,9,0.337,2.801.017,22.813
11.82,107.664,5.348,474.303,3.64,34.064,35.348,5.23,31.689,34.247,39.817,24.56,5.51,82.692,17.7,12,-4.788,-5.291,-5.311,-5.081,0.787,4.316,12.198,2.872,6.842,1.322,-3.289,-4.585,Coffee,Clay Loam,0.534,0.273,28.345,7,0.43,3.837.307,21.477
13.698,107.524,6,224.747,3.64,34.14,23.046,5.813,35.727,30.139,28.11,25.985,6.848,82.578,17.643,12,-5.674,-6.604,-6.659,-5.521,3.236,5.506,14.341,4.006,8.883,0.289,-5.353,-6.497,Coffee,Clay Loam,0.585,0.247,36.308,7,0.395,2573.38,24.524
12.723,107.922,6,296.843,3.64,34.098,22.396,5.808,37.198,28.704,22.912,23.458,5.227,85.684,17.501,12,-3.942,-5.294,-5.476,-5.288,2.664,1.866,10.792,2.009,8.459,0.805,-2.42,-4.154,Coffee,Clay Loam,0.413,0.237,26.574,7,0.406,2584.22,21.529
13.991,107.965,5,612.254,3.64,27.552,17.533,5.684,36.518,35.988,25.675,23.37,4.74,85.96,17.06,12,-3.49,-5.08,-5.82,-5.01,1.27,2.46,6.48,1.14,8.68,5.17,-1.63,-4.16,Coffee,Clay Loam,0.403,0.242,25.19,9,0.344,2.853.049,19.39
11.587,107.526,6,140.579,3.64,30.504,22.558,5.694,34.816,34.583,27.772,25.374,4.36,82.575,17.694,12,-3.979,-4.478,-4.502,-4.274,0.445,4.21,8.549,1.817,5.866,2.374,-2.372,-3.676,Coffee,Clay Loam,0.564,0.249,23.281,7,0.368,2.831.369,24.46
13.034,108.21,6,710.096,3.64,33.548,26.222,5.61,36.286,30.22,32.885,24.75,5.04,84.49,16.717,12,-3.85,-5.19,-5.49,-5.13,2.87,2.02,9.17,1.47,8.91,1.97,-2.38,-4.35,Coffee,Clay Loam,0.484,0.253,26.39,7,0.347,3.013.478,20.134
14.014,107.933,5,392.459,3.64,32.41,27.562,5.715,33.786,33.705,43.898,24.14,4.522,85.163,16.979,12,-3.588,-4.782,-5.192,-4.225,2.031,2.692,7.386,1.542,7.878,3.007,-2.448,-4.253,Coffee,Clay Loam,0.446,0.274,24.488,9,0.321,2.785.841,21.589
12.259,107.608,5.569,757.294,3.64,35.267,30.566,5.473,34.376,30.357,35.182,23.914,7.237,84.021,17.53,12,-5.965,-6.525,-6.545,-6.252,1.448,4.734,17.317,4.344,8.178,-0.111,-4.69,-5.961,Coffee,Clay Loam,0.474,0.26,36.049,7,0.481,3310.49,18.992
13.692,108.365,5.424,241.759,3.64,37.294,31.708,5.815,32.324,30.382,36.418,24.64,4.92,84.79,16.78,12,-3.74,-5.15,-5.62,-5,2.51,2.76,7.89,1.25,8.92,3.13,-2.41,-4.49,Coffee,Clay Loam,0.472,0.267,26.41,9,0.337,2.569.044,23.069
14.34,107.978,5.268,520.147,3.64,32.951,19.966,5.8,33.607,33.442,25.842,21.85,4.86,88.25,16.971,12,-2.89,-4.84,-6.32,-5.44,-0.87,0.44,3.51,0.03,8.25,9.58,1.25,-2.71,Coffee,Clay Loam,0.308,0.249,23.07,10,0.415,2.601.564,18.469
12.318,108.311,5,1.341.745,3.64,36.917,37.885,5.4,31.717,31.366,42.407,21.99,4.808,86.68,18.478,12,-3.544,-4.936,-5.221,-5.004,1.686,2.272,9.276,1.949,7.378,1.45,-1.855,-3.434,Coffee,Clay Loam,0.352,0.276,23.994,7,0.386,3.468.752,13.269
14.117,108.224,5.25,833.75,3.64,31.275,21.975,5.675,33.975,34.75,29.675,23.37,4.74,85.96,16.21,12,-3.49,-5.08,-5.82,-5.01,1.27,2.46,6.48,1.14,8.68,5.17,-1.63,-4.16,Coffee,Clay Loam,0.403,0.253,25.19,9,0.344,2872.56,17.951
13.609,107.949,5.419,394.483,3.64,29.371,23.242,5.842,35.836,34.794,29.436,24.925,5.218,83.788,17.153,12,-4.143,-5.351,-5.675,-4.727,2.602,3.574,9.178,2.131,8.488,2.178,-3.291,-4.939,Coffee,Clay Loam,0.511,0.249,28.126,7,0.326,2.510.509,22.361
14.328,107.923,5.133,585.664,3.64,30.3,19.6,5.787,36.613,33.16,26.201,21.85,4.86,88.25,17.25,12,-2.89,-4.84,-6.32,-5.44,-0.87,0.44,3.51,0.03,8.25,9.58,1.25,-2.71,Coffee,Clay Loam,0.308,0.242,23.07,10,0.415,2.629.748,18.043
13.058,107.902,5.562,476.686,3.64,34.702,42.751,5.407,34.199,31.099,45.424,23.898,5.346,85.099,17.047,12,-3.275,-4.616,-5.789,-5.292,-1.312,1.394,4.553,-0.087,6.604,8.748,1.271,-2.223,Coffee,Clay Loam,0.442,0.275,22.594,10,0.388,3.453.576,20.8
13.697,108.334,5,245.284,3.64,36.7,30.158,5.9,31.805,31.495,35.233,24.64,4.92,84.79,16.78,12,-3.74,-5.15,-5.62,-5,2.51,2.76,7.89,1.25,8.92,3.13,-2.41,-4.49,Coffee,Clay Loam,0.472,0.266,26.41,9,0.337,2.384.767,23.046
13.021,107.967,5.32,380.32,3.64,29.116,22.712,5.8,37.104,33.78,26.064,23.804,5.138,85.422,16.97,12,-3.883,-5.252,-5.518,-5.204,2.619,2.128,9.943,1.787,8.594,1.485,-2.417,-4.252,Coffee,Clay Loam,0.43,0.241,26.526,7,0.374,2.601.564,21.332
12.805,108.247,5.74,538.78,3.64,31.458,25.504,5.674,36.458,32.058,31.672,23.759,5.188,85.4,16.676,12,-3.924,-5.271,-5.475,-5.256,2.722,1.879,10.457,1.892,8.562,1.038,-2.41,-4.195,Coffee,Clay Loam,0.429,0.25,26.531,7,0.394,2.874.728,20.257
12.945,108.207,5.238,730.953,3.64,33.695,21.9,5.624,34.8,31.505,33.423,24.75,5.04,84.49,16.64,12,-3.85,-5.19,-5.49,-5.13,2.87,2.02,9.17,1.47,8.91,1.97,-2.38,-4.35,Coffee,Clay Loam,0.484,0.257,26.39,7,0.347,2.983.127,19.999
11.667,107.555,5.622,471.867,3.64,32.349,37.889,5.138,34.1,33.551,41.991,25.44,4.33,82.47,17.7,12,-3.98,-4.45,-4.47,-4.24,0.37,4.29,8.47,1.81,5.78,2.43,-2.37,-3.66,Coffee,Clay Loam,0.57,0.27,23.17,7,0.366,4036.76,22.373
12.222,108.227,6,611.206,3.64,34.681,30.868,5.547,31.434,33.885,37.741,22.01,4.8,86.45,16.64,12,-3.64,-4.95,-5.06,-4.94,2.06,2.54,10.12,2.23,7.25,0.26,-2.31,-3.54,Coffee,Clay Loam,0.358,0.271,24.44,7,0.414,3150.06,18.037
14.516,108.114,6,707.966,3.64,33.349,26.168,5.6,33.236,33.415,32.608,21.85,4.86,88.25,16.21,12,-2.89,-4.84,-6.32,-5.44,-0.87,0.44,3.51,0.03,8.25,9.58,1.25,-2.71,Coffee,Clay Loam,0.308,0.259,23.07,10,0.415,3.035.158,17.248
12.052,107.583,5.39,712.61,3.64,34.522,29.108,5.461,35.056,30.422,31.339,24.09,6.14,82.81,17.53,12,-5.22,-5.74,-5.76,-5.53,1.01,4.33,14.19,3.44,7.41,0.73,-3.78,-5.08,Coffee,Clay Loam,0.516,0.253,31.11,7,0.456,3.336.506,19.458
12.931,107.91,6,288.786,3.64,36.57,23.283,6,35.473,27.957,26.852,23.776,5.145,85.443,17.307,12,-3.887,-5.255,-5.515,-5.211,2.622,2.107,10.011,1.805,8.583,1.43,-2.417,-4.244,Coffee,Clay Loam,0.429,0.246,26.529,7,0.377,2167.97,21.899
12.967,107.616,5.9,182.6,3.64,37.65,21.15,5.82,31.33,30.93,24.63,25.86,8.09,82.95,17.544,12,-6.57,-7.33,-7.36,-6.7,2.7,5.61,18.96,4.97,9.12,-0.51,-5.8,-7.04,Coffee,Clay Loam,0.568,0.252,41.31,7,0.458,2.558.205,24.673
13.514,107.828,5.947,215,3.64,32.827,19.953,5.705,37.393,29.78,24.689,24.646,4.926,84.774,17.663,12,-3.746,-5.152,-5.613,-5.007,2.529,2.72,7.958,1.262,8.919,3.068,-2.408,-4.483,Coffee,Clay Loam,0.472,0.239,26.409,9,0.337,2.807.521,23.248
12.03,108.324,5,1.560.295,3.64,37.063,35.169,5.488,32.066,30.871,45.827,22.054,4.742,86.506,16.64,12,-3.548,-4.927,-5.052,-4.934,2.046,2.489,9.869,2.143,7.22,0.338,-2.18,-3.446,Coffee,Clay Loam,0.358,0.28,24.087,7,0.409,3.277.971,11.912
14.055,107.616,6,244.611,3.64,29.631,25.327,5.885,35.922,34.362,28.838,25.32,5.63,82.4,17.25,12,-4.7,-5.63,-5.75,-4.35,2.73,4.7,10.96,3.35,7.89,0.86,-4.51,-5.56,Coffee,Clay Loam,0.568,0.248,30.5,7,0.359,2.417.287,23.73
11.969,108.247,5,1.217.775,3.64,35.939,36.606,5.335,31.813,32.184,45.861,22.01,4.8,86.45,18.81,12,-3.64,-4.95,-5.06,-4.94,2.06,2.54,10.12,2.23,7.25,0.26,-2.31,-3.54,Coffee,Clay Loam,0.358,0.281,24.44,7,0.414,3609.67,14.094
12.101,108.152,5.957,563.87,3.64,33.758,29.027,5.513,35.712,30.53,29.743,22.128,4.81,86.365,16.64,12,-3.649,-4.96,-5.079,-4.948,2.095,2.518,10.079,2.197,7.322,0.334,-2.313,-3.575,Coffee,Clay Loam,0.363,0.25,24.524,7,0.411,3.223.771,18.463
14.355,108.336,5.677,1.261.737,3.64,34.162,37.528,5.4,34.975,30.864,50.082,21.85,4.86,88.25,16.21,12,-2.89,-4.84,-6.32,-5.44,-0.87,0.44,3.51,0.03,8.25,9.58,1.25,-2.71,Coffee,Clay Loam,0.308,0.28,23.07,10,0.415,3.468.752,13.649
14.373,108.051,5.517,647.552,3.64,31.32,22.272,5.803,36.601,32.079,30.167,21.85,4.86,88.25,16.21,12,-2.89,-4.84,-6.32,-5.44,-0.87,0.44,3.51,0.03,8.25,9.58,1.25,-2.71,Coffee,Clay Loam,0.308,0.248,23.07,10,0.415,2595.06,17.641
12.227,108.323,5,1.439.972,3.64,36.052,42.173,5.3,33.476,30.472,48.687,22.7,5.017,86.09,16.64,12,-3.793,-5.123,-5.262,-5.117,2.361,2.19,10.509,2.136,7.837,0.482,-2.364,-3.836,Coffee,Clay Loam,0.384,0.281,25.495,7,0.412,3.685.549,13.34
13.025,108.276,5,670.833,3.64,32.308,20.608,5.7,36.775,30.917,28.967,24.635,5.015,84.612,16.604,12,-3.82,-5.181,-5.517,-5.12,2.737,2.057,8.946,1.443,8.891,2.237,-2.318,-4.334,Coffee,Clay Loam,0.477,0.246,26.29,7,0.34,2.818.361,20.275
11.733,107.881,5.092,882.633,3.64,30.529,36.701,5.372,36.679,32.783,33.672,23.405,3.894,84.35,17.7,12,-3.144,-4.232,-4.316,-4.186,1.133,3.645,7.008,1.874,6.052,1.095,-2.025,-2.924,Coffee,Clay Loam,0.451,0.253,20.827,7,0.337,3.529.455,17.668
13.4,108.117,6,272.82,3.64,36.557,23.314,5.94,33.863,29.581,26.923,24.64,4.92,84.79,16.78,12,-3.74,-5.15,-5.62,-5,2.51,2.76,7.89,1.25,8.92,3.13,-2.41,-4.49,Coffee,Clay Loam,0.472,0.25,26.41,9,0.337,2.298.048,22.867
11.72,108.128,5,1.247.215,3.64,35.511,38.605,5.211,34.031,30.403,46.208,24.594,4.673,84.704,18.315,12,-3.138,-5.053,-5.234,-5.082,1.259,3.267,8.57,1.823,7.128,1.167,-1.366,-3.319,Coffee,Clay Loam,0.473,0.276,23.192,7,0.369,3.878.498,16.487
14.652,108.262,5,1.133.425,3.64,34.643,37.859,5.5,34.204,31.132,42.953,21.865,5.241,88.297,16.431,12,-2.779,-4.838,-6.567,-5.695,-1.423,-0.147,2.663,-0.512,8.124,11.127,2.248,-2.214,Coffee,Clay Loam,0.307,0.271,24.175,10,0.461,3.251.955,14.498
12.63,108.036,5,398.785,3.64,33.965,26.404,5.911,36.911,29.13,25.698,23.451,5.2,85.786,16.648,12,-3.878,-5.249,-5.488,-5.3,2.504,1.73,10.539,1.862,8.405,1.094,-2.146,-4.055,Coffee,Clay Loam,0.41,0.241,26.116,7,0.403,2.360.919,20.859
14.34,107.974,5.219,519.75,3.64,33.016,19.991,5.8,33.587,33.397,25.797,21.85,4.86,88.25,17.023,12,-2.89,-4.84,-6.32,-5.44,-0.87,0.44,3.51,0.03,8.25,9.58,1.25,-2.71,Coffee,Clay Loam,0.308,0.249,23.07,10,0.415,2.601.564,18.472
13.776,108.163,5,751.227,3.64,32.193,24.397,5.877,36.055,31.752,29.002,23.351,4.639,85.799,16.505,12,-3.441,-4.981,-5.648,-4.916,1.263,2.587,6.523,1.224,8.385,4.692,-1.671,-4.011,Coffee,Clay Loam,0.408,0.248,24.668,9,0.34,2434.63,18.468
12.819,107.953,5.931,306.207,3.64,31.773,23.497,5.793,35.797,32.431,24.073,24.742,5.032,84.511,17.54,12,-3.842,-5.187,-5.499,-5.121,2.845,2.071,9.082,1.455,8.911,2.05,-2.382,-4.36,Coffee,Clay Loam,0.483,0.241,26.391,7,0.344,2616.74,22.752
13.503,107.929,5,221.948,3.64,33.759,19.313,5.805,37.508,28.736,25.902,24.64,4.92,84.79,17.67,12,-3.74,-5.15,-5.62,-5,2.51,2.76,7.89,1.25,8.92,3.13,-2.41,-4.49,Coffee,Clay Loam,0.472,0.24,26.41,9,0.337,2.590.724,23.197
14.471,108.083,6,1.272.012,3.64,34.408,43.474,5.399,34.284,31.309,57.967,21.851,4.86,88.243,16.212,12,-2.893,-4.84,-6.315,-5.438,-0.858,0.449,3.537,0.039,8.246,9.542,1.236,-2.713,Coffee,Clay Loam,0.308,0.292,23.057,10,0.414,3470.92,13.583
13.801,107.597,6,401.559,3.64,27.673,35.362,5.694,35.689,36.638,45.493,25.216,5.538,82.583,17.647,12,-4.626,-5.555,-5.686,-4.284,2.655,4.583,10.722,3.271,7.81,0.971,-4.398,-5.469,Coffee,Clay Loam,0.559,0.272,30.018,7,0.357,2.831.369,22.606
13.508,108.286,5.263,380.263,3.64,35.01,26.716,5.753,34.758,30.232,38.216,24.632,4.725,85.216,16.78,12,-3.424,-4.913,-5.56,-5.005,2.037,2.013,6.846,0.619,8.47,4.148,-1.177,-4.014,Coffee,Clay Loam,0.458,0.264,24.093,9,0.351,2.703.459,22.16
13.591,108.315,5,429.638,3.64,38.764,26.053,5.9,32.998,28.292,31.535,24.64,4.92,84.79,16.78,12,-3.74,-5.15,-5.62,-5,2.51,2.76,7.89,1.25,8.92,3.13,-2.41,-4.49,Coffee,Clay Loam,0.472,0.258,26.41,9,0.337,2.384.767,21.847
12.993,107.668,5.294,236,3.64,34.065,21.73,5.671,35.424,30.482,26.77,25.86,8.09,82.95,17.629,12,-6.57,-7.33,-7.36,-6.7,2.7,5.61,18.96,4.97,9.12,-0.51,-5.8,-7.04,Coffee,Clay Loam,0.568,0.246,41.31,7,0.458,2.881.232,24.326
11.741,108.167,6,978.655,3.64,32.341,27.222,5.6,37.122,30.534,31.191,23.2,3.85,84.54,18.81,12,-3.06,-4.21,-4.3,-4.18,1.21,3.58,6.86,1.88,6.08,0.96,-1.99,-2.85,Coffee,Clay Loam,0.44,0.248,20.59,7,0.333,3.035.158,16.839
13.565,108.217,5.688,509.624,3.64,33.455,23.805,5.8,34.675,31.801,28.837,23.801,4.834,85.501,16.78,12,-3.602,-5.114,-5.717,-5.047,1.769,2.323,7.319,1.243,8.752,4.172,-1.864,-4.219,Coffee,Clay Loam,0.427,0.251,25.563,9,0.342,2.601.564,20.488
12.192,107.688,6,610.978,3.64,31.845,43.574,5.198,36.229,31.926,63.328,24.866,4.708,83.448,17.457,12,-3.718,-4.512,-4.961,-4.631,-0.256,3.212,7.012,1.104,6.087,4.781,-1.015,-3.125,Coffee,Clay Loam,0.52,0.295,22.218,7,0.316,3.906.682,20.895
13.164,108.256,5.867,679.266,3.64,30.559,23.093,5.6,37.167,32.347,31.173,24.75,5.04,84.49,16.78,12,-3.85,-5.19,-5.49,-5.13,2.87,2.02,9.17,1.47,8.91,1.97,-2.38,-4.35,Coffee,Clay Loam,0.484,0.248,26.39,7,0.347,3.035.158,20.335
12.478,108.3,5.162,451.323,3.64,31.308,21.364,5.968,37.799,30.894,22.122,23.41,5.24,85.72,16.64,12,-3.95,-5.3,-5.47,-5.3,2.67,1.83,10.91,2.04,8.44,0.71,-2.42,-4.14,Coffee,Clay Loam,0.411,0.234,26.58,7,0.41,2.237.345,20.476
13.531,107.756,5.574,790.426,3.64,29.903,27.842,5.43,33.953,36.144,31.688,22.842,4.329,86.002,17.369,12,-3.491,-4.565,-4.802,-3.924,1.67,2.574,8.157,2.064,6.797,1.741,-2.419,-3.764,Coffee,Clay Loam,0.39,0.256,22.965,7,0.355,3.403.713,17.704
12.598,107.879,5,363.668,3.64,32.622,22.478,5.778,35.433,31.945,23.866,23.41,5.24,85.72,17.53,12,-3.95,-5.3,-5.47,-5.3,2.67,1.83,10.91,2.04,8.44,0.71,-2.42,-4.14,Coffee,Clay Loam,0.411,0.242,26.58,7,0.41,2.649.259,21.046
14.364,108.096,6,711.017,3.64,32.627,23.164,5.679,34.824,32.509,30.448,22.453,4.812,87.342,16.21,12,-3.128,-4.935,-6.122,-5.269,-0.021,1.241,4.688,0.47,8.421,7.831,0.108,-3.285,Coffee,Clay Loam,0.344,0.253,22.76,9,0.37,2.863.888,17.831
12.981,108.399,6,932.676,3.64,33.73,28.8,5.578,35.732,30.538,44.814,24.582,4.911,84.495,16.999,12,-3.765,-5.084,-5.361,-5.027,2.691,2.189,8.92,1.514,8.604,1.861,-2.338,-4.188,Coffee,Clay Loam,0.479,0.271,25.763,7,0.346,3.082.853,18.52
14.237,107.612,5.853,631.293,3.64,25.659,43.285,5.5,38.081,36.275,50.362,25.32,5.63,82.4,17.25,12,-4.7,-5.63,-5.75,-4.35,2.73,4.7,10.96,3.35,7.89,0.86,-4.51,-5.56,Coffee,Loam,0.568,0.273,30.5,7,0.359,3.251.955,21.217
12.153,108.097,5,584.513,3.64,32.797,27.522,5.551,35.035,32.167,31.087,22.01,4.8,86.45,17.073,12,-3.64,-4.95,-5.06,-4.94,2.06,2.54,10.12,2.23,7.25,0.26,-2.31,-3.54,Coffee,Clay Loam,0.358,0.253,24.44,7,0.414,3.141.389,18.211
13.984,108.092,5.767,702.233,3.64,30.2,20.017,5.723,36.31,33.49,23.643,23.37,4.74,85.96,16.647,12,-3.49,-5.08,-5.82,-5.01,1.27,2.46,6.48,1.14,8.68,5.17,-1.63,-4.16,Coffee,Clay Loam,0.403,0.24,25.19,9,0.344,2.768.498,18.805
14.093,108.436,6,201.093,3.64,37.683,40.406,5.942,30.675,31.6,49.521,24.937,6.377,85.405,16.541,12,-3.024,-5.23,-7.345,-6.742,-0.969,0.386,4.67,-1.53,8.765,9.783,3.322,-2.062,Coffee,Clay Loam,0.461,0.289,26.902,10,0.363,2.293.712,23.63
12.293,107.901,5,818.589,3.64,33.554,29.551,5.714,33.993,32.454,27.337,22.385,4.833,86.182,17.427,12,-3.669,-4.983,-5.119,-4.966,2.171,2.469,9.99,2.126,7.477,0.494,-2.32,-3.651,Coffee,Clay Loam,0.374,0.25,24.708,7,0.404,2.788.009,17.064
12.049,107.562,5,685.88,3.64,31.949,26.269,5.224,36.56,31.491,33.707,24.053,6.371,83.065,17.68,12,-5.377,-5.905,-5.925,-5.682,1.102,4.415,14.848,3.63,7.572,0.553,-3.971,-5.265,Coffee,Clay Loam,0.507,0.253,32.125,7,0.462,3.850.315,19.595
11.821,107.615,5.237,590.527,3.64,32.289,35.237,5.147,34.343,33.345,42.169,24.628,4.441,83.412,17.66,12,-3.9,-4.568,-4.61,-4.406,0.77,3.876,8.861,1.909,6.128,1.916,-2.356,-3.632,Coffee,Clay Loam,0.514,0.27,23.472,7,0.378,4.017.248,20.79
12.527,107.97,5.908,485.092,3.64,33.385,22.975,5.591,33.117,33.498,31.168,23.444,5.501,85.648,16.722,12,-4.188,-5.468,-5.624,-5.438,2.588,2.126,11.72,2.316,8.47,0.575,-2.693,-4.37,Coffee,Clay Loam,0.414,0.257,27.781,7,0.422,3054.67,20.291
14.652,107.898,5.408,1008,3.64,30.31,33.19,5.4,35.404,34.285,44.186,22.784,3.947,85.646,16.826,12,-2.869,-4.133,-4.938,-3.749,0.282,1.11,3.923,0.371,6.993,6.318,-0.428,-2.899,Coffee,Clay Loam,0.398,0.27,19.016,9,0.368,3.468.752,16.232
14.251,107.709,5.35,887.65,3.64,24.845,35.86,5.5,38.835,36.32,44.446,24.669,5.052,83.545,17.25,12,-4.238,-5.157,-5.351,-3.937,2.257,3.965,9.468,2.856,7.389,1.553,-3.806,-4.989,Coffee,Loam,0.511,0.263,27.478,7,0.344,3.251.955,18.899
12.539,108.268,5.292,566.708,3.64,34.28,26.688,5.671,35.204,30.517,36.488,23.001,5.112,85.933,16.64,12,-3.86,-5.198,-5.35,-5.195,2.492,2.037,10.679,2.095,8.093,0.579,-2.388,-3.965,Coffee,Clay Loam,0.395,0.26,25.956,7,0.411,2.881.232,19.317
14.328,108.277,6,1.211.927,3.64,33.188,35.256,5.448,33.652,33.16,49.304,22.582,4.802,87.147,16.485,12,-3.179,-4.956,-6.079,-5.233,0.161,1.413,4.941,0.565,8.457,7.456,-0.137,-3.408,Coffee,Clay Loam,0.352,0.282,22.992,9,0.368,3.364.689,14.704
12.551,107.698,5.622,394.622,3.64,34.342,25.382,5.538,32.735,32.985,29.729,23.64,7,85.235,17.53,12,-5.555,-6.432,-6.509,-6.233,2.116,3.827,16.371,3.9,8.639,-0.198,-4.261,-5.689,Coffee,Clay Loam,0.431,0.256,34.877,7,0.47,3.169.572,21.075
12.057,108.001,5,631.525,3.64,33.037,35.263,5.329,34.323,32.64,38.807,22.01,4.8,86.45,17.268,12,-3.64,-4.95,-5.06,-4.94,2.06,2.54,10.12,2.23,7.25,0.26,-2.31,-3.54,Coffee,Clay Loam,0.358,0.265,24.44,7,0.414,3.622.678,17.905
12.249,108.229,6,512.005,3.64,37.021,27.98,5.9,32.603,30.451,26.824,22.358,4.909,86.268,16.64,12,-3.717,-5.037,-5.162,-5.03,2.212,2.363,10.316,2.183,7.546,0.372,-2.337,-3.689,Coffee,Clay Loam,0.371,0.253,24.972,7,0.413,2.384.767,19.03
14.718,108.009,5,906,3.64,33.908,33.916,5.567,32.164,33.961,39.811,21.897,6.059,88.397,16.907,12,-2.542,-4.833,-7.097,-6.244,-2.611,-1.409,0.844,-1.678,7.855,14.449,4.391,-1.149,Coffee,Clay Loam,0.305,0.272,27.563,10,0.525,3.106.701,16.008
12.569,108.163,5.566,461.131,3.64,32.352,23.653,5.7,37.248,30.387,30.787,23.41,5.24,85.72,16.64,12,-3.95,-5.3,-5.47,-5.3,2.67,1.83,10.91,2.04,8.44,0.71,-2.42,-4.14,Coffee,Clay Loam,0.411,0.247,26.58,7,0.41,2.818.361,20.413
12.237,107.732,5,1.223.956,3.64,34.291,41.753,5.2,33.258,32.376,51.872,24.011,6.63,83.35,17.53,12,-5.552,-6.09,-6.11,-5.852,1.205,4.51,15.585,3.843,7.752,0.355,-4.186,-5.473,Coffee,Clay Loam,0.497,0.286,33.263,7,0.469,3.902.346,16.055
13.55,107.726,5,261.595,3.64,32.059,22.954,5.859,35.548,32.352,25.611,25.089,5.391,83.247,17.67,12,-4.356,-5.452,-5.645,-4.666,2.787,3.614,10.235,2.588,8.303,1.31,-3.647,-5.07,Coffee,Clay Loam,0.534,0.244,28.836,7,0.355,2.473.654,23.389
12.752,108.057,6,760.143,3.64,30.786,31.686,5.414,32.957,36.2,35.886,23.273,4.231,85.149,17.061,12,-3.244,-4.583,-4.951,-4.536,1.236,3.1,6.697,1.563,7.194,2.764,-1.836,-3.411,Coffee,Clay Loam,0.424,0.264,22.561,9,0.319,3438.4,18.332
12.281,108.221,5.741,609.036,3.64,33.863,34.011,5.548,31.159,34.978,41.104,22.373,4.914,86.261,16.64,12,-3.72,-5.041,-5.166,-5.033,2.218,2.356,10.325,2.181,7.558,0.377,-2.338,-3.695,Coffee,Clay Loam,0.372,0.276,24.993,7,0.413,3.147.892,18.414
13.398,108.299,6,273.37,3.64,37.63,24.853,6.077,34.428,27.942,29.192,24.64,4.92,84.79,16.78,12,-3.74,-5.15,-5.62,-5,2.51,2.76,7.89,1.25,8.92,3.13,-2.41,-4.49,Coffee,Clay Loam,0.472,0.252,26.41,9,0.337,2.001.036,22.863
12.226,107.577,5.177,882.177,3.64,33.823,26.762,5.429,35.399,30.778,28.173,24.09,6.14,82.81,17.53,12,-5.22,-5.74,-5.76,-5.53,1.01,4.33,14.19,3.44,7.41,0.73,-3.78,-5.08,Coffee,Clay Loam,0.516,0.248,31.11,7,0.456,3.405.881,18.356
14.297,108.025,5,666,3.64,30.16,24.149,5.674,35.835,33.93,32.833,23.393,4.546,85.886,16.476,12,-3.462,-4.875,-5.51,-4.539,1.298,2.496,6.536,1.345,8.112,4.574,-1.853,-4.101,Coffee,Clay Loam,0.406,0.254,24.34,9,0.333,2.874.728,19.064
14.475,108.229,5.681,800.276,3.64,33.751,27.397,5.6,33.026,33.223,37.353,21.85,4.86,88.25,16.21,12,-2.89,-4.84,-6.32,-5.44,-0.87,0.44,3.51,0.03,8.25,9.58,1.25,-2.71,Coffee,Clay Loam,0.308,0.266,23.07,10,0.415,3.035.158,16.648
13.55,107.548,5,524,3.64,26.681,35.091,5.529,38.561,34.681,38.565,25.028,5.751,82.497,17.357,12,-4.824,-5.656,-5.752,-4.63,2.321,4.612,11.727,3.371,7.776,0.829,-4.337,-5.446,Coffee,Loam,0.555,0.255,30.645,7,0.383,3.189.084,21.622
13.228,107.889,5.6,378.198,3.64,29.381,22.58,5.76,37.72,32.9,26.899,24.148,5.048,85.162,17.614,12,-3.824,-5.21,-5.56,-5.12,2.574,2.388,9.099,1.566,8.728,2.161,-2.414,-4.35,Coffee,Clay Loam,0.447,0.241,26.478,7,0.343,2.688.283,21.69
13.313,107.62,6,270.134,3.64,31.976,27.122,5.548,37.399,30.678,34.245,25.941,7.536,82.778,17.67,12,-6.173,-7.015,-7.054,-6.175,2.972,5.586,16.863,4.531,9.039,-0.147,-5.614,-6.811,Coffee,Clay Loam,0.577,0.252,38.989,7,0.432,3.147.892,24.185
11.598,107.755,5,874.166,3.64,33.448,36.109,5.308,36.293,30.259,36.16,25.254,4.29,82.642,17.7,12,-3.904,-4.43,-4.456,-4.235,0.44,4.231,8.337,1.816,5.805,2.308,-2.339,-3.593,Coffee,Clay Loam,0.558,0.257,22.957,7,0.363,3.668.205,19.572
14.025,108.09,5.472,702.528,3.64,30.2,19.279,5.753,36.576,33.224,25.089,23.37,4.74,85.96,16.479,12,-3.49,-5.08,-5.82,-5.01,1.27,2.46,6.48,1.14,8.68,5.17,-1.63,-4.16,Coffee,Clay Loam,0.403,0.241,25.19,9,0.344,2.703.459,18.804
14.766,107.907,5,759.509,3.64,31.773,32.558,5.6,33.1,35.171,42.06,22.149,4.037,86.66,16.796,12,-2.636,-4.073,-5.198,-3.997,-0.605,0.293,2.749,-0.077,6.886,8.188,0.771,-2.327,Coffee,Clay Loam,0.356,0.273,18.913,10,0.434,3.035.158,17.212
11.973,108.031,5,678,3.64,30.289,31.647,5.52,32.541,37.17,39.215,22.287,4.887,86.306,17.49,12,-3.701,-5.019,-5.141,-5.011,2.181,2.399,10.276,2.192,7.485,0.349,-2.332,-3.659,Coffee,Clay Loam,0.368,0.27,24.863,7,0.413,3.208.596,17.88
13.751,107.825,6,412.022,3.64,28.844,22.204,5.802,36.376,34.78,29.45,23.398,4.744,85.934,17.67,12,-3.496,-5.082,-5.816,-5.01,1.297,2.467,6.511,1.142,8.685,5.125,-1.647,-4.167,Coffee,Clay Loam,0.405,0.248,25.218,9,0.344,2.597.228,20.72
13.368,108.396,5,430.22,3.64,36.357,27.889,5.767,35.267,28.376,36.874,24.627,4.591,85.509,16.78,12,-3.207,-4.75,-5.518,-5.009,1.711,1.499,6.127,0.184,8.161,4.848,-0.328,-3.686,Coffee,Clay Loam,0.449,0.261,22.498,9,0.362,2.673.107,21.831
12.663,107.569,5.677,351.55,3.64,30.89,24.058,5.4,33.032,36.077,31.865,23.78,8.07,84.94,17.53,12,-6.53,-7.12,-7.14,-6.8,1.78,5.04,19.69,5.03,8.76,-0.75,-5.38,-6.63,Coffee,Clay Loam,0.443,0.259,40.35,7,0.489,3.468.752,21.495
14.139,107.682,5.957,577.826,3.64,27.973,40.391,5.491,37.361,34.665,51.688,25.176,5.594,82.576,17.27,12,-4.654,-5.6,-5.72,-4.376,2.701,4.606,10.924,3.301,7.862,0.834,-4.415,-5.472,Coffee,Clay Loam,0.558,0.276,30.237,7,0.361,3.271.467,21.42
14.705,108.154,6,1.385.452,3.64,34.053,42.084,5.308,33.587,32.36,54.903,21.85,4.86,88.25,16.21,12,-2.89,-4.84,-6.32,-5.44,-0.87,0.44,3.51,0.03,8.25,9.58,1.25,-2.71,Coffee,Clay Loam,0.308,0.29,23.07,10,0.415,3.668.205,12.845
12.778,108.302,6,514,3.64,32.557,20.535,5.976,36.425,31.018,21.916,24.642,5.056,84.589,16.64,12,-3.858,-5.199,-5.488,-5.144,2.854,2.005,9.311,1.516,8.872,1.868,-2.383,-4.333,Coffee,Clay Loam,0.478,0.237,26.405,7,0.352,2.220.001,21.301
12.299,108.368,6,1.519.988,3.64,37.778,38.911,5.275,32.205,30.092,50.052,23.056,5.129,85.905,16.64,12,-3.872,-5.211,-5.366,-5.209,2.516,2.01,10.71,2.088,8.139,0.596,-2.392,-3.988,Coffee,Clay Loam,0.397,0.286,26.038,7,0.411,3.739.748,13.176
12.63,108.131,6,579.086,3.64,35.497,23.088,5.856,36.265,28.168,29.24,24.549,5.375,83.978,16.963,12,-4.267,-5.358,-5.572,-5.252,2.303,2.724,10.699,2.07,8.453,1.592,-2.806,-4.572,Coffee,Clay Loam,0.494,0.248,27.827,7,0.384,2.480.158,20.785
13.288,107.927,5,261.075,3.64,32.008,24.304,5.808,36.379,31.521,24.728,24.793,5.085,84.332,17.67,12,-3.914,-5.223,-5.51,-5.071,2.859,2.222,9.305,1.612,8.833,1.886,-2.541,-4.441,Coffee,Clay Loam,0.49,0.241,26.7,7,0.348,2584.22,23.096
13.845,108.492,5,436.335,3.64,36.551,25.499,5.85,33.766,29.683,33.679,24.251,4.438,86.852,16.78,12,-2.598,-4.342,-5.732,-5.253,-0.224,-0.03,3.995,-1.242,7.694,7.709,2.614,-2.58,Coffee,Clay Loam,0.398,0.259,22.001,10,0.35,2.493.166,21.415
13.941,108.098,5.217,725.084,3.64,31.618,19.572,5.878,36.013,32.369,24.635,23.37,4.74,85.96,16.656,12,-3.49,-5.08,-5.82,-5.01,1.27,2.46,6.48,1.14,8.68,5.17,-1.63,-4.16,Coffee,Clay Loam,0.403,0.242,25.19,9,0.344,2.432.462,18.657
12.43,108.201,5,584.706,3.64,31.875,26.471,5.6,35.207,32.918,30.272,22.817,4.871,85.873,16.681,12,-3.702,-5.021,-5.187,-4.996,2.299,2.387,9.84,2.006,7.739,0.764,-2.331,-3.779,Coffee,Clay Loam,0.393,0.251,25.016,7,0.393,3.035.158,19.016
13.217,107.972,6,385.979,3.64,30.527,27.899,5.502,34.503,34.97,34.818,24.749,5.036,84.498,17.666,12,-3.845,-5.186,-5.49,-5.13,2.861,2.011,9.148,1.459,8.903,1.991,-2.361,-4.343,Coffee,Clay Loam,0.484,0.259,26.355,7,0.347,3.247.619,22.24
13.211,107.731,5.697,170.515,3.64,35.73,19.43,5.961,32.073,32.197,24.845,25.86,8.09,82.95,17.67,12,-6.57,-7.33,-7.36,-6.7,2.7,5.61,18.96,4.97,9.12,-0.51,-5.8,-7.04,Coffee,Clay Loam,0.568,0.251,41.31,7,0.458,2.252.521,24.752
14.609,108.196,5.616,1.381.926,3.64,34.576,40.586,5.3,33.546,31.877,54.146,21.85,4.86,88.25,16.21,12,-2.89,-4.84,-6.32,-5.44,-0.87,0.44,3.51,0.03,8.25,9.58,1.25,-2.71,Coffee,Clay Loam,0.308,0.289,23.07,10,0.415,3.685.549,12.867
12.293,108.457,6,1430.84,3.64,37.922,44.444,5.2,32.658,29.394,50.417,23.167,3.884,87.261,16.64,12,-2.078,-4.629,-5.02,-4.924,1.97,1.439,5.861,0.64,7.032,1.771,-0.024,-2.025,Coffee,Clay Loam,0.362,0.285,18.7,9,0.376,3.902.346,13.867
13.691,108.376,5.085,245.153,3.64,36.819,30.181,5.883,31.985,31.197,35.603,24.64,4.92,84.79,16.78,12,-3.74,-5.15,-5.62,-5,2.51,2.76,7.89,1.25,8.92,3.13,-2.41,-4.49,Coffee,Clay Loam,0.472,0.266,26.41,9,0.337,2.421.622,23.047
11.554,107.931,5,782.752,3.64,35.847,33.862,5.208,31.395,32.758,34.732,23.2,3.85,84.54,17.7,12,-3.06,-4.21,-4.3,-4.18,1.21,3.58,6.86,1.88,6.08,0.96,-1.99,-2.85,Coffee,Clay Loam,0.44,0.266,20.59,7,0.333,3.885.002,18.112
12.316,107.541,5.058,833.058,3.64,34.863,23.312,5.5,35.888,29.249,36.935,23.78,8.07,84.94,17.53,12,-6.53,-7.12,-7.14,-6.8,1.78,5.04,19.69,5.03,8.76,-0.75,-5.38,-6.63,Coffee,Clay Loam,0.443,0.259,40.35,7,0.489,3.251.955,18.365
12.685,108.415,5.395,551.605,3.64,34.559,24.818,5.839,37.732,27.709,30.78,23.969,4.192,86.058,16.64,12,-2.585,-4.663,-5.205,-4.979,2.143,0.791,5.846,0.156,7.778,3.193,0.199,-2.685,Coffee,Clay Loam,0.415,0.246,20.117,9,0.387,2.517.013,20.384
13.503,108.235,5,244.32,3.64,33.133,25.314,6.057,37.901,28.966,35.552,24.713,4.996,84.535,16.875,12,-3.842,-5.201,-5.634,-4.931,2.533,2.967,8.218,1.474,8.81,2.888,-2.634,-4.604,Coffee,Clay Loam,0.482,0.253,26.846,9,0.328,2.044.396,23.125
13.543,108.191,5.664,667.007,3.64,30.37,21.659,5.7,36.699,32.931,28.571,24.287,4.939,84.983,16.589,12,-3.729,-5.153,-5.601,-5.09,2.333,2.168,8.267,1.359,8.833,3.044,-2.128,-4.286,Coffee,Clay Loam,0.456,0.246,25.987,9,0.34,2.818.361,19.951
12.557,108.056,5.83,454.188,3.64,30.46,21.651,5.617,38.144,31.33,31.315,23.41,5.24,85.72,16.64,12,-3.95,-5.3,-5.47,-5.3,2.67,1.83,10.91,2.04,8.44,0.71,-2.42,-4.14,Coffee,Clay Loam,0.411,0.246,26.58,7,0.41,2.998.303,20.458
11.848,107.818,6,833,3.64,31.1,43.059,5.165,33.9,35,47.845,22.745,5.273,85.165,17.7,12,-4.198,-5.229,-5.307,-5.148,1.689,3.172,11.557,2.657,7.307,0.426,-2.829,-4.084,Coffee,Clay Loam,0.41,0.279,26.795,7,0.431,3.978.225,17.33
14.634,108.003,6,722,3.64,31.729,28.084,5.539,33.306,34.965,36.149,21.85,4.86,88.25,16.846,12,-2.89,-4.84,-6.32,-5.44,-0.87,0.44,3.51,0.03,8.25,9.58,1.25,-2.71,Coffee,Clay Loam,0.308,0.264,23.07,10,0.415,3.167.404,17.157
13.744,108.019,5.771,508,3.64,27.468,23.549,5.746,35.887,36.645,28.079,24.349,4.879,85.058,17.466,12,-3.683,-5.134,-5.666,-5.002,2.226,2.691,7.567,1.225,8.865,3.598,-2.231,-4.414,Coffee,Clay Loam,0.455,0.247,26.13,9,0.339,2.718.634,21.047
14.09,108.044,5.266,614.468,3.64,30.286,21.965,5.727,35.567,34.147,28.304,23.37,4.74,85.96,16.598,12,-3.49,-5.08,-5.82,-5.01,1.27,2.46,6.48,1.14,8.68,5.17,-1.63,-4.16,Coffee,Clay Loam,0.403,0.248,25.19,9,0.344,2.759.826,19.376
13.181,107.875,5.36,189.081,3.64,36.749,21.265,5.8,33.871,29.38,22.18,24.75,5.04,84.49,17.67,12,-3.85,-5.19,-5.49,-5.13,2.87,2.02,9.17,1.47,8.91,1.97,-2.38,-4.35,Coffee,Clay Loam,0.484,0.243,26.39,7,0.347,2.601.564,23.521
13.48,107.586,6,190.26,3.64,30.786,22.034,5.752,35.324,33.89,29.372,26.03,6.93,82.59,17.67,12,-5.74,-6.67,-6.72,-5.6,3.27,5.56,14.57,4.05,8.95,0.25,-5.41,-6.56,Coffee,Clay Loam,0.586,0.25,36.7,7,0.398,2.705.627,24.793
13.284,107.645,5.453,270.281,3.64,32.004,25.78,5.545,36.741,31.255,33.856,25.937,7.564,82.787,17.67,12,-6.194,-7.031,-7.07,-6.201,2.958,5.587,16.97,4.553,9.043,-0.166,-5.623,-6.822,Coffee,Clay Loam,0.576,0.253,39.107,7,0.434,3.154.396,24.18
13.848,108.364,6,1.143.129,3.64,30.832,33.407,5.494,33.697,35.471,48.926,23.321,4.744,86.034,16.762,12,-3.471,-5.072,-5.836,-5.024,1.201,2.395,6.384,1.104,8.666,5.313,-1.537,-4.113,Coffee,Clay Loam,0.4,0.281,25.053,9,0.346,3.264.963,15.891
12.166,108.017,5.72,619.161,3.64,30.048,28.502,5.5,34,35.952,30.807,22.402,4.923,86.246,17.403,12,-3.727,-5.048,-5.175,-5.041,2.231,2.341,10.341,2.177,7.583,0.386,-2.341,-3.708,Coffee,Clay Loam,0.373,0.255,25.04,7,0.413,3.251.955,18.377
13.074,107.941,5.411,260.589,3.64,30.89,23.883,5.841,36.664,32.428,24.6,24.75,5.04,84.49,17.612,12,-3.85,-5.19,-5.49,-5.13,2.87,2.02,9.17,1.47,8.91,1.97,-2.38,-4.35,Coffee,Clay Loam,0.484,0.24,26.39,7,0.347,2.512.677,23.056
13.402,108.103,6,266.192,3.64,35.893,23.133,5.94,33.14,30.967,26.26,24.64,4.92,84.79,16.78,12,-3.74,-5.15,-5.62,-5,2.51,2.76,7.89,1.25,8.92,3.13,-2.41,-4.49,Coffee,Clay Loam,0.472,0.251,26.41,9,0.337,2.298.048,22.91
13.099,108.288,5.271,301.271,3.64,31.31,24.59,5.992,37.2,31.417,27.554,24.307,5.007,85.042,16.983,12,-3.797,-5.191,-5.579,-5.081,2.553,2.508,8.708,1.464,8.79,2.474,-2.413,-4.395,Coffee,Clay Loam,0.455,0.243,26.456,9,0.332,2.185.314,22.349
14.593,107.517,5,668.133,3.64,25.84,27.034,5.513,37.234,36.927,32.68,23.46,3.98,85.67,17.25,12,-3.38,-4.28,-4.61,-3.17,1.38,2.6,6.7,1.94,6.46,2.84,-2.5,-3.93,Coffee,Loam,0.414,0.25,21.87,7,0.306,3.223.771,19.117
12.83,107.837,5.924,187,3.64,34.901,18.907,5.808,35.932,29.167,20.297,24.75,5.04,84.49,17.541,12,-3.85,-5.19,-5.49,-5.13,2.87,2.02,9.17,1.47,8.91,1.97,-2.38,-4.35,Coffee,Clay Loam,0.484,0.236,26.39,7,0.347,2584.22,23.534
11.855,107.811,5.059,550.059,3.64,32.223,37.668,5.206,33.963,33.814,41.492,24.09,6.14,82.81,17.7,12,-5.22,-5.74,-5.76,-5.53,1.01,4.33,14.19,3.44,7.41,0.73,-3.78,-5.08,Coffee,Clay Loam,0.516,0.27,31.11,7,0.456,3.889.338,20.515
14.022,108.029,5.417,704.833,3.64,30.275,20.958,5.767,35.317,34.408,24.275,23.37,4.74,85.96,17.054,12,-3.49,-5.08,-5.82,-5.01,1.27,2.46,6.48,1.14,8.68,5.17,-1.63,-4.16,Coffee,Clay Loam,0.403,0.243,25.19,9,0.344,2.673.107,18.789
12.812,108.187,5.581,541.419,3.64,31.021,25.912,5.774,37.308,31.67,30.911,23.538,4.87,85.485,16.721,12,-3.698,-5.066,-5.385,-4.975,2.322,2.668,8.824,1.66,8.221,1.928,-2.368,-4.092,Coffee,Clay Loam,0.421,0.247,25.584,7,0.344,2.657.931,20.019
12.728,107.866,5,302.758,3.64,33.817,22.36,5.9,36.727,29.448,23.087,23.518,5.224,85.621,17.53,12,-3.942,-5.291,-5.472,-5.286,2.686,1.845,10.769,1.994,8.478,0.812,-2.417,-4.157,Coffee,Clay Loam,0.417,0.238,26.565,7,0.405,2.384.767,21.55
14.809,107.92,5,987,3.64,36.921,35.677,5.492,31.949,31.13,36.272,22.04,6.492,88.262,17.164,12,-2.463,-4.851,-7.343,-6.505,-3.078,-1.924,0.105,-2.217,7.744,15.883,5.314,-0.693,Coffee,Clay Loam,0.311,0.267,29.074,10,0.547,3.269.299,15.624
13.764,108.038,5.877,646,3.64,29.96,19.374,5.788,34.601,35.526,24.177,23.37,4.74,85.96,16.78,12,-3.49,-5.08,-5.82,-5.01,1.27,2.46,6.48,1.14,8.68,5.17,-1.63,-4.16,Coffee,Clay Loam,0.403,0.244,25.19,9,0.344,2627.58,19.171
12.632,108.378,5.448,486.103,3.64,34.162,25.772,5.89,38.707,27.131,31.141,24.011,5.15,85.168,16.64,12,-3.905,-5.251,-5.479,-5.224,2.76,1.915,10.13,1.784,8.651,1.275,-2.402,-4.234,Coffee,Clay Loam,0.443,0.245,26.495,7,0.382,2.406.447,20.851
11.682,107.727,5.165,618.165,3.64,34.599,34.856,5.5,34.668,30.733,40.237,24.875,4.407,83.126,17.525,12,-3.924,-4.532,-4.567,-4.355,0.649,4.002,8.742,1.879,6.022,2.072,-2.36,-3.64,Coffee,Clay Loam,0.531,0.267,23.378,7,0.374,3.251.955,20.857
13.468,107.754,5,199.411,3.64,31.677,23.371,5.682,35.941,32.382,28.144,26.03,6.93,82.59,17.67,12,-5.74,-6.67,-6.72,-5.6,3.27,5.56,14.57,4.05,8.95,0.25,-5.41,-6.56,Coffee,Clay Loam,0.586,0.247,36.7,7,0.398,2.857.384,24.734
13.497,108.326,5.778,707,3.64,30.189,27.544,5.622,35.433,34.378,39.777,24.358,4.88,85.05,16.653,12,-3.684,-5.134,-5.664,-5.002,2.234,2.693,7.576,1.226,8.867,3.584,-2.237,-4.417,Coffee,Clay Loam,0.456,0.264,26.138,9,0.339,2.987.463,19.763
13.738,107.737,5,382.48,3.64,27.624,20.716,5.856,37.14,35.187,25.412,25.689,6.306,82.499,17.67,12,-5.24,-6.17,-6.254,-5,3.011,5.147,12.836,3.714,8.441,0.543,-4.978,-6.08,Coffee,Clay Loam,0.578,0.24,33.722,7,0.381,2.480.158,23.203
14.886,107.758,5.015,1.085.059,3.64,31.572,41.366,5.399,36.281,32.146,48.349,22.372,3.421,85.471,17.235,12,-2.447,-3.5,-4.359,-2.918,-0.407,0.184,2.18,-0.157,5.866,7.146,0.413,-2.04,Coffee,Clay Loam,0.393,0.274,15.828,10,0.453,3470.92,15.319
14.885,108.25,6,882.274,3.64,33.264,47.887,5.538,34.245,32.429,51.349,22.768,6.213,87.976,16.21,12,-2.374,-4.77,-7.322,-6.568,-3.12,-1.751,0.766,-2.46,7.958,14.642,5.71,-0.723,Coffee,Clay Loam,0.333,0.283,29.088,10,0.504,3.169.572,17.033
14.256,107.951,5.75,626.998,3.64,31.2,19.551,5.7,34.999,33.801,25.376,22.989,4.77,86.533,16.99,12,-3.34,-5.02,-5.945,-5.118,0.734,1.954,5.736,0.862,8.572,6.274,-0.909,-3.797,Coffee,Clay Loam,0.378,0.245,24.129,9,0.355,2.818.361,18.914
13.429,107.612,6,156.179,3.64,34.586,20.843,5.9,32.243,33.172,28.706,26.03,6.93,82.59,17.67,12,-5.74,-6.67,-6.72,-5.6,3.27,5.56,14.57,4.05,8.95,0.25,-5.41,-6.56,Coffee,Clay Loam,0.586,0.256,36.7,7,0.398,2.384.767,25.015
13.914,108,5.171,618.171,3.64,29.088,21.059,5.717,36.175,34.737,28.742,23.11,4.761,86.351,17.421,12,-3.387,-5.039,-5.905,-5.083,0.904,2.115,5.973,0.95,8.607,5.923,-1.138,-3.912,Coffee,Clay Loam,0.386,0.247,24.464,9,0.352,2.781.506,19.092
14.509,108.244,6,1.066.829,3.64,35.003,35.423,5.357,34.333,30.607,46.292,21.85,4.86,88.25,16.21,12,-2.89,-4.84,-6.32,-5.44,-0.87,0.44,3.51,0.03,8.25,9.58,1.25,-2.71,Coffee,Clay Loam,0.308,0.276,23.07,10,0.415,3.561.975,14.916
14.308,108.124,5.064,837.572,3.64,30.254,35.129,5.419,35.538,34.202,44.613,21.947,4.852,88.105,16.276,12,-2.928,-4.855,-6.288,-5.413,-0.734,0.568,3.699,0.1,8.277,9.3,1.067,-2.802,Coffee,Clay Loam,0.313,0.271,23.02,10,0.404,3.427.561,16.503
12.312,108.166,5.963,697.926,3.64,36.226,33.867,5.689,31.607,32.167,39.981,23.358,5.224,85.747,16.64,12,-3.939,-5.287,-5.455,-5.287,2.648,1.856,10.881,2.047,8.396,0.693,-2.416,-4.118,Coffee,Clay Loam,0.409,0.273,26.502,7,0.41,2.842.209,18.821
11.829,108.413,6,1.240.331,3.64,35.587,37.243,5.446,32.872,31.541,42.45,23.096,3.46,87.372,18.81,12,-1.631,-4.366,-4.785,-4.708,1.652,1.605,4.435,0.373,6.47,1.991,0.453,-1.481,Coffee,Clay Loam,0.357,0.274,16.971,9,0.381,3.369.025,15.034
12.788,108.416,5.014,471.055,3.64,31.397,22.064,5.996,38.556,30.045,28.07,24.732,5.043,84.507,16.64,12,-3.851,-5.192,-5.49,-5.132,2.867,2.017,9.194,1.478,8.904,1.953,-2.381,-4.347,Coffee,Clay Loam,0.483,0.241,26.393,7,0.348,2.176.642,21.67
11.886,108.389,5.925,1.418.226,3.64,33.986,40.123,5.4,36.112,29.894,50.185,22.091,4.694,86.552,18.646,12,-3.472,-4.908,-5.045,-4.929,2.034,2.447,9.663,2.072,7.196,0.402,-2.073,-3.369,Coffee,Clay Loam,0.358,0.277,23.796,7,0.406,3.468.752,12.873
12.46,108.281,5.308,451.617,3.64,32.041,20.968,5.938,36.889,31.07,21.961,23.41,5.24,85.72,16.64,12,-3.95,-5.3,-5.47,-5.3,2.67,1.83,10.91,2.04,8.44,0.71,-2.42,-4.14,Coffee,Clay Loam,0.411,0.236,26.58,7,0.41,2.302.384,20.474
12.741,108.179,6,514,3.64,32.874,20.173,5.84,34.883,32.243,22.007,24.034,5.147,85.147,16.64,12,-3.903,-5.249,-5.479,-5.221,2.763,1.918,10.1,1.775,8.659,1.297,-2.401,-4.238,Coffee,Clay Loam,0.444,0.241,26.491,7,0.381,2.514.845,20.693
11.561,107.543,5.75,161.251,3.64,32.95,26.476,5.475,34.349,32.7,38.15,25.44,4.33,82.47,17.7,12,-3.98,-4.45,-4.47,-4.24,0.37,4.29,8.47,1.81,5.78,2.43,-2.37,-3.66,Coffee,Clay Loam,0.57,0.264,23.17,7,0.366,3.306.154,24.392
11.695,108.171,5,942.174,3.64,33.265,27.718,5.5,36.113,30.713,27.326,23.2,3.85,84.54,18.81,12,-3.06,-4.21,-4.3,-4.18,1.21,3.58,6.86,1.88,6.08,0.96,-1.99,-2.85,Coffee,Clay Loam,0.44,0.245,20.59,7,0.333,3.251.955,17.076
12.751,108.212,6,514,3.64,32.79,20.268,5.876,35.29,31.92,21.983,24.194,5.123,85,16.64,12,-3.891,-5.236,-5.482,-5.201,2.787,1.941,9.892,1.706,8.715,1.447,-2.397,-4.263,Coffee,Clay Loam,0.453,0.24,26.47,7,0.373,2.436.798,20.853
11.703,107.802,5.726,885.178,3.64,33.35,35.366,5.4,38.089,28.561,35.297,24.827,4.199,83.037,17.7,12,-3.728,-4.384,-4.423,-4.224,0.6,4.096,8.029,1.829,5.862,2.027,-2.266,-3.438,Coffee,Clay Loam,0.532,0.252,22.463,7,0.358,3.468.752,19.073
13.431,108.024,5,236.486,3.64,35.581,23.024,5.924,34.268,30.126,24.553,24.64,4.92,84.79,16.78,12,-3.74,-5.15,-5.62,-5,2.51,2.76,7.89,1.25,8.92,3.13,-2.41,-4.49,Coffee,Clay Loam,0.472,0.246,26.41,9,0.337,2.332.736,23.103
11.662,108.094,5,1.355.221,3.64,35.253,46.076,5.1,31.651,33.033,56.027,22.75,4.209,85.262,18.81,12,-3.279,-4.49,-4.587,-4.467,1.531,3.187,8.092,2.012,6.522,0.696,-2.111,-3.111,Coffee,Clay Loam,0.408,0.296,22.045,7,0.367,4.119.143,13.941
11.968,108.321,6,1.078.759,3.64,35.203,27.057,5.604,34.507,30.29,33.61,22.348,4.906,86.274,18.287,12,-3.715,-5.034,-5.159,-5.027,2.207,2.369,10.31,2.184,7.537,0.368,-2.337,-3.685,Coffee,Clay Loam,0.371,0.258,24.957,7,0.413,3.026.486,15.336
12.589,108.207,6,461.795,3.64,31.844,24.487,5.7,37.572,30.505,30.126,23.41,5.24,85.72,16.64,12,-3.95,-5.3,-5.47,-5.3,2.67,1.83,10.91,2.04,8.44,0.71,-2.42,-4.14,Coffee,Clay Loam,0.411,0.246,26.58,7,0.41,2.818.361,20.408
13.342,108.295,5.749,962.743,3.64,32.4,30.687,5.575,32.654,34.946,39.907,23.028,4.755,86.083,17.29,12,-3.528,-5.047,-5.629,-4.992,1.469,2.48,7.395,1.414,8.32,3.935,-1.801,-4.004,Coffee,Clay Loam,0.392,0.271,25.001,9,0.333,3.089.357,16.77
10.255,106.136,5.313,3,3.64,37.112,35.618,6.2,23.662,39.226,44.3,27.816,4.555,80.54,18.01,12,-4.202,-5.018,-5.14,-4.05,0.384,2.307,8.579,-0.231,6.875,4.426,0.107,-4.08,Durian,Clay Loam,0.728,0.298,22.721,7,0.378,1.734.376,27.796
10.553,105.279,5,2,3.64,37.64,34.26,6.04,20.71,41.738,45.885,27.91,4.77,79.76,17.9,12,-3.85,-5.17,-5.46,-3.66,-0.22,0.5,5.61,-0.26,10.88,4.65,0.87,-3.94,Durian,Clay Loam,0.761,0.307,22.56,9,0.483,2.081.251,27.897
10.191,105.317,5,2,3.64,41.346,31.526,5.527,22.061,36.592,35.392,27.52,5.44,82.42,17.9,12,-4.68,-6.01,-6.26,-4.19,0.2,1.23,10.03,-0.2,9.39,5.07,0.41,-4.97,Durian,Clay,0.646,0.289,26.31,7,0.381,3193.42,27.507
10.441,106.431,5.807,2.807,3.64,39.819,27.884,6.342,18.739,41.523,35.366,27.756,4.18,80.794,18.029,12,-3.842,-4.645,-4.744,-4.028,0.262,3.143,7.462,0.284,6.514,3.343,-0.098,-3.674,Durian,Clay Loam,0.716,0.296,21.031,7,0.355,1.426.524,27.738
10.326,105.45,5.115,2,3.64,35.496,30.238,5.665,20.338,44.165,37.265,27.74,4.64,80.6,17.9,12,-4.02,-5.17,-5.35,-3.98,0.31,1.52,7.43,-0.41,8.29,5.16,0.33,-4.15,Durian,Clay Loam,0.722,0.295,23.08,9,0.36,2894.24,27.727
10.136,105.965,5.422,7,3.64,37.044,32.106,5.911,22.895,40.103,41.103,27.685,4.813,81.334,18.267,12,-4.256,-5.326,-5.502,-4.056,0.373,1.571,8.543,-0.279,8.003,4.911,0.326,-4.352,Durian,Clay Loam,0.693,0.295,23.771,7,0.36,2.360.919,27.64
10.778,106.353,5.205,3.614,3.64,35.866,34.672,5.698,23.362,40.773,27.088,28.08,3.71,77.7,18.027,12,-3.56,-4.08,-4.13,-3.62,0.1,2.86,5.77,0.03,5.64,4.65,-0.35,-3.28,Durian,Clay Loam,0.847,0.274,19.02,7,0.303,2.822.697,28.057
10.611,105.607,6,2.51,3.64,40.365,34.39,5.898,22.157,37.504,44.429,27.796,4.704,80.656,17.987,12,-4.081,-5.257,-5.462,-3.853,0.144,1.385,7.397,-0.328,8.762,4.882,0.552,-4.175,Durian,Clay,0.723,0.301,23.156,9,0.379,2.389.103,27.78
10.745,104.807,5.945,7.78,3.64,27.576,33.846,5.5,37.6,34.824,35.413,28.146,3.948,77.029,18.221,12,-3.245,-4.3,-4.524,-3.386,-0.258,0.67,3.398,0.298,8.82,4.924,0.851,-3.25,Durian,Clay Loam,0.876,0.253,18.963,9,0.465,3.251.955,28.095
9.219,105.583,6,2,3.64,38.509,37.52,5.437,31.318,30.128,42.628,27.722,5.495,82.863,17.03,12,-5.183,-6.078,-6.517,-3.496,-0.241,0.618,9.705,0.677,8.833,6.305,0.852,-5.464,Durian,Clay Loam,0.637,0.278,26.979,7,0.36,3.388.537,27.709
9.811,105.939,5,2,3.64,40.187,33.597,5.887,24.839,35.027,37.188,27.639,5.364,82.563,17.861,12,-4.78,-5.943,-6.169,-3.97,0.253,0.958,10.011,0.287,8.755,5.342,0.377,-5.123,Durian,Clay,0.645,0.285,25.985,7,0.385,2.412.951,27.626
10.569,105.752,5,2,3.64,37.004,27.305,5.764,20.094,42.966,29.463,27.74,4.64,80.6,17.9,12,-4.02,-5.17,-5.35,-3.98,0.31,1.52,7.43,-0.41,8.29,5.16,0.33,-4.15,Durian,Clay Loam,0.722,0.285,23.08,9,0.36,2.679.611,27.727
9.532,105.769,5,1.65,3.64,35.97,45.859,5.73,26.495,37.535,44.775,27.58,5.68,82.83,17.03,12,-5.15,-6.22,-6.61,-3.85,-0.17,0.76,10.43,0.35,9.34,6.06,0.59,-5.48,Durian,Clay Loam,0.633,0.292,27.48,7,0.379,2.753.322,27.569
10.555,104.971,5,20.353,3.64,28.487,28.894,5.827,42.555,28.994,37.002,27.91,4.77,79.76,18.24,12,-3.85,-5.17,-5.46,-3.66,-0.22,0.5,5.61,-0.26,10.88,4.65,0.87,-3.94,Durian,Clay Loam,0.761,0.244,22.56,9,0.483,2.543.029,27.778
9.138,104.982,5,1.879,3.64,42.32,40.38,5.576,30.291,27.446,48.367,28.04,4.45,80.82,17.483,12,-4.45,-5.29,-5.62,-3.24,-0.63,1.27,6.71,0.39,7.95,3.73,3.01,-3.78,Durian,Clay,0.727,0.288,23.01,9,0.345,3.087.189,28.028
10.488,106.312,5.481,2,3.64,39.159,29.21,6.348,18.137,42.704,38.203,27.91,4.33,79.72,18.06,12,-4.03,-4.78,-4.88,-4,0.35,2.61,7.9,-0.29,6.54,4.36,0.01,-3.83,Durian,Clay Loam,0.763,0.302,21.81,7,0.363,1.413.516,27.897
10.677,105.295,5,4.115,3.64,35.447,25.761,5.523,20.981,43.484,33.292,27.89,4.755,79.857,17.9,12,-3.87,-5.17,-5.447,-3.697,-0.159,0.617,5.819,-0.277,10.582,4.709,0.808,-3.964,Durian,Clay Loam,0.757,0.288,22.584,9,0.47,3.202.092,27.863
10.098,105.65,5.53,2.47,3.64,33.494,35.601,5.835,24.4,42.106,34.668,27.52,5.44,82.42,17.9,12,-4.68,-6.01,-6.26,-4.19,0.2,1.23,10.03,-0.2,9.39,5.07,0.41,-4.97,Durian,Clay Loam,0.646,0.282,26.31,7,0.381,2.525.685,27.504
10.601,106.193,5,2.882,3.64,37.491,32.732,6,23.724,38.841,38.467,28.005,3.983,78.591,17.989,12,-3.767,-4.389,-4.461,-3.788,0.21,2.75,6.709,-0.111,6.037,4.522,-0.191,-3.523,Durian,Clay Loam,0.809,0.289,20.23,7,0.332,2167.97,27.986
9.147,105.467,5.596,2.596,3.64,38.431,39.06,5.381,32.649,28.919,34.973,27.84,5.34,82.89,17.03,12,-5.21,-5.96,-6.44,-3.2,-0.3,0.5,9.1,0.95,8.41,6.51,1.07,-5.45,Durian,Clay Loam,0.641,0.264,26.56,7,0.343,3.509.943,27.823
10.67,106.473,5,2,3.64,37.113,31.443,6.114,24.301,38.686,38.932,27.983,4.065,78.856,18.06,12,-3.829,-4.481,-4.559,-3.838,0.243,2.717,6.989,-0.153,6.155,4.484,-0.144,-3.595,Durian,Clay Loam,0.798,0.289,20.599,7,0.339,1.920.821,27.97
10.411,106.469,5,3,3.64,42.23,35.316,6.28,17.447,40.323,38.151,27.91,4.33,79.72,18.06,12,-4.03,-4.78,-4.88,-4,0.35,2.61,7.9,-0.29,6.54,4.36,0.01,-3.83,Durian,Clay,0.763,0.303,21.81,7,0.363,1.560.938,27.89
9.81,105.876,5.462,1.538,3.64,38.877,36.646,5.869,26.915,34.208,37.6,27.655,5.354,82.582,17.967,12,-4.793,-5.935,-6.158,-3.942,0.259,0.923,10.008,0.349,8.674,5.377,0.372,-5.142,Durian,Clay Loam,0.645,0.281,25.97,7,0.385,2.451.974,27.645
10.01,105.405,5.338,3.647,3.64,36.525,33.534,5.798,24.844,38.631,52.1,27.818,4.667,80.83,17.954,12,-4.213,-5.288,-5.495,-3.733,0.022,1.547,7.562,-0.19,8.297,4.788,0.875,-4.18,Durian,Clay Loam,0.717,0.306,23.099,9,0.359,2605.9,27.794
10.727,104.721,5,59.214,3.64,26.21,31.284,5.726,40.773,32.944,37.436,27.644,4.172,78.424,18.24,12,-3.422,-4.469,-4.73,-3.38,-0.427,0.559,3.485,0.146,9.692,4.834,1.04,-3.342,Durian,Loam,0.799,0.249,19.77,9,0.491,2.761.994,27.259
10.631,106.01,5,2,3.64,36.16,30.315,5.992,20.456,43.435,29.64,27.822,4.491,80.178,17.977,12,-4.025,-4.983,-5.124,-3.99,0.329,2.043,7.656,-0.352,7.45,4.776,0.176,-3.996,Durian,Clay Loam,0.742,0.284,22.47,7,0.341,2.185.314,27.809
9.954,106.195,5.573,2.427,3.64,33.44,33.789,6.185,24.129,42.531,41.233,27.61,5.05,82.34,18.77,12,-4.58,-5.54,-5.71,-4.16,0.46,1.64,10.07,-0.1,7.61,4.57,0.32,-4.63,Durian,Clay Loam,0.653,0.292,24.72,7,0.408,1.766.896,27.594
9.599,105.758,5.123,1.123,3.64,36.727,33.703,5.9,25.86,37.325,43.204,27.58,5.68,82.83,17.03,12,-5.15,-6.22,-6.61,-3.85,-0.17,0.76,10.43,0.35,9.34,6.06,0.59,-5.48,Durian,Clay Loam,0.633,0.291,27.48,7,0.379,2.384.767,27.573
10.472,104.709,6,2.835,3.64,31.599,40.992,5.516,28.823,39.578,37.09,27.956,4.565,79.576,18.24,12,-3.741,-4.986,-5.251,-3.547,-0.258,0.6,5.226,-0.243,10.442,4.383,1.054,-3.723,Durian,Clay Loam,0.77,0.276,21.749,9,0.481,3.217.267,27.938
10.184,106.069,6,3.538,3.64,36.539,34.745,6.208,21.508,41.954,38.354,27.568,5.23,82.377,17.986,12,-4.626,-5.757,-5.964,-4.174,0.34,1.451,10.052,-0.146,8.432,4.801,0.362,-4.787,Durian,Clay Loam,0.65,0.294,25.454,7,0.395,1.717.032,27.545
9.661,105.837,5.99,3.048,3.64,39.278,30.881,5.996,25.248,35.474,68.378,27.584,5.671,82.815,17.03,12,-5.145,-6.213,-6.602,-3.844,-0.174,0.768,10.405,0.349,9.33,6.041,0.603,-5.468,Durian,Clay Loam,0.634,0.328,27.446,7,0.378,2.176.642,27.564
10.318,106.083,5,2,3.64,39.299,30.701,6.2,21.6,39.1,42,27.91,4.33,79.72,18.06,12,-4.03,-4.78,-4.88,-4,0.35,2.61,7.9,-0.29,6.54,4.36,0.01,-3.83,Durian,Clay Loam,0.763,0.299,21.81,7,0.363,1.734.376,27.897
9.718,105.934,5.185,2,3.64,41.747,36.445,5.937,23.689,34.564,47.344,27.724,5.31,82.664,17.03,12,-4.851,-5.896,-6.105,-3.815,0.29,0.766,9.997,0.631,8.307,5.534,0.353,-5.231,Durian,Clay,0.645,0.302,25.898,7,0.386,2.304.552,27.711
10.562,104.921,6,13.544,3.64,30.48,34,5.623,36.984,32.536,38.55,28.006,4.436,78.65,18.031,12,-3.604,-4.817,-5.08,-3.549,-0.235,0.569,4.712,-0.033,10.043,4.761,0.862,-3.66,Durian,Clay Loam,0.807,0.259,20.978,9,0.479,2.985.295,27.918
9.207,104.903,5.067,4.472,3.64,36.874,44.413,5.507,34.264,28.862,68.588,28.047,4.418,80.853,18.038,12,-4.414,-5.265,-5.594,-3.234,-0.627,1.22,6.621,0.42,7.872,3.651,3.113,-3.718,Durian,Clay Loam,0.726,0.307,22.852,9,0.344,3.236.779,28.018
9.38,105.507,6,1,3.64,40.193,44.221,5.693,33.116,26.691,47.515,27.598,5.656,82.834,17.03,12,-5.154,-6.202,-6.598,-3.804,-0.179,0.742,10.337,0.392,9.275,6.092,0.624,-5.478,Durian,Clay,0.634,0.28,27.415,7,0.376,2.833.537,27.592
9.931,106.031,6,5.962,3.64,32.503,39.057,6.1,25.191,42.208,45.272,27.61,5.05,82.34,18.77,12,-4.58,-5.54,-5.71,-4.16,0.46,1.64,10.07,-0.1,7.61,4.57,0.32,-4.63,Durian,Clay Loam,0.653,0.295,24.72,7,0.408,1.951.173,27.571
10.016,105.709,6,3.895,3.64,36.284,41.158,5.679,27.368,36.347,43.411,27.544,5.402,82.36,17.854,12,-4.675,-5.984,-6.235,-4.14,0.161,1.249,9.914,-0.177,9.333,5.017,0.491,-4.932,Durian,Clay Loam,0.649,0.288,26.143,7,0.379,2.863.888,27.519
10.672,105.855,6,2.089,3.64,40.358,34.711,5.935,19.471,40.171,37.905,27.728,4.676,80.754,17.914,12,-4.07,-5.203,-5.382,-3.996,0.323,1.531,7.664,-0.383,8.23,5.108,0.329,-4.193,Durian,Clay,0.716,0.298,23.227,9,0.355,2.308.888,27.714
9.695,106.274,5,2,3.64,39.159,37.826,6.074,27.153,33.689,37.668,27.778,5.259,82.666,18.705,12,-4.879,-5.857,-6.059,-3.712,0.278,0.695,9.908,0.798,8.069,5.581,0.4,-5.251,Durian,Clay Loam,0.647,0.28,25.758,7,0.385,2007.54,27.765
10.195,105.359,5.48,2,3.64,40.105,29.888,5.548,23.147,36.748,36.508,27.52,5.44,82.42,17.9,12,-4.68,-6.01,-6.26,-4.19,0.2,1.23,10.03,-0.2,9.39,5.07,0.41,-4.97,Durian,Clay,0.646,0.288,26.31,7,0.381,3.147.892,27.507
10.063,105.749,5.581,6.419,3.64,38.955,25.665,5.81,26.732,34.313,34.013,27.753,4.908,81.489,18.265,12,-4.385,-5.463,-5.652,-3.875,0.31,1.159,8.503,0.106,8.194,5.361,0.334,-4.628,Durian,Clay Loam,0.69,0.276,24.003,7,0.355,2.579.884,27.711
10.802,105.128,6,2.728,3.64,33.618,30.769,5.737,25.162,41.22,30.927,28.092,4.136,77.655,17.9,12,-3.384,-4.5,-4.739,-3.449,-0.249,0.631,3.906,0.17,9.292,4.861,0.855,-3.408,Durian,Clay Loam,0.849,0.275,19.729,9,0.471,2.738.146,28.074
10.591,106.327,5.602,2,3.64,44.113,32.779,6.019,14.913,41.034,27.975,27.91,4.33,79.72,18.06,12,-4.03,-4.78,-4.88,-4,0.35,2.61,7.9,-0.29,6.54,4.36,0.01,-3.83,Durian,Clay,0.763,0.295,21.81,7,0.363,2.126.779,27.897
9.895,105.415,5.092,2.183,3.64,37.537,32.529,5.691,26.644,35.819,38.273,27.52,5.44,82.42,17.03,12,-4.68,-6.01,-6.26,-4.19,0.2,1.23,10.03,-0.2,9.39,5.07,0.41,-4.97,Durian,Clay Loam,0.646,0.282,26.31,7,0.381,2.837.873,27.506
10.163,106.634,5.664,2.664,3.64,40.864,34.271,6.233,21.098,38.038,36.401,27.9,4.57,82.8,18.06,12,-4.11,-5.15,-5.27,-3.9,0.42,1.5,8.42,0.47,7.6,3.69,0.73,-4.35,Durian,Clay,0.646,0.292,22.78,7,0.369,1.662.833,27.883
9.163,105.504,6,2.477,3.64,40.844,34.577,5.443,30.497,28.659,42.877,27.716,5.502,82.861,17.03,12,-5.181,-6.084,-6.521,-3.51,-0.238,0.624,9.735,0.664,8.854,6.295,0.841,-5.464,Durian,Clay,0.637,0.28,26.998,7,0.36,3.375.529,27.7
10.183,105.988,6,2.535,3.64,37.132,34.216,6.373,20.355,42.586,37.727,27.544,5.336,82.399,17.943,12,-4.653,-5.884,-6.113,-4.182,0.27,1.34,10.041,-0.173,8.913,4.936,0.386,-4.879,Durian,Clay Loam,0.648,0.296,25.884,7,0.388,1.359.317,27.528
9.902,106.363,5,2.997,3.64,36.795,35.693,6.099,25.503,37.702,35.202,27.61,5.051,82.34,18.767,12,-4.58,-5.542,-5.712,-4.16,0.459,1.639,10.07,-0.1,7.616,4.572,0.32,-4.631,Durian,Clay Loam,0.653,0.281,24.725,7,0.408,1.953.341,27.591
10.17,106.178,6,3.065,3.64,36.867,34.825,6.347,20.806,42.374,37.753,27.568,5.232,82.377,17.985,12,-4.627,-5.76,-5.967,-4.174,0.338,1.448,10.051,-0.147,8.442,4.804,0.362,-4.789,Durian,Clay Loam,0.65,0.295,25.464,7,0.395,1.415.684,27.548
9.696,104.98,6,1.297,3.64,36.281,36.069,5.37,26.8,36.919,44.444,27.963,4.84,80.957,17.754,12,-4.358,-5.513,-5.787,-3.412,-0.399,1.171,7.454,0.008,9.596,4.067,1.42,-4.247,Durian,Clay Loam,0.718,0.291,23.716,9,0.405,3.533.791,27.955
10.381,105.42,5,2.294,3.64,35.359,25.856,5.585,20.815,43.897,31.75,27.765,4.659,80.476,17.9,12,-3.995,-5.17,-5.366,-3.933,0.232,1.37,7.162,-0.388,8.671,5.085,0.409,-4.119,Durian,Clay Loam,0.728,0.287,22.971,9,0.378,3.067.678,27.75
10.379,106.427,5.284,2.284,3.64,37.859,35.104,6.343,20.143,41.998,36.974,27.91,4.33,79.72,18.06,12,-4.03,-4.78,-4.88,-4,0.35,2.61,7.9,-0.29,6.54,4.36,0.01,-3.83,Durian,Clay Loam,0.763,0.295,21.81,7,0.363,1.424.356,27.895
10.005,105.458,5,2,3.64,34.314,33.97,5.659,26.382,39.304,36.047,27.52,5.44,82.42,17.543,12,-4.68,-6.01,-6.26,-4.19,0.2,1.23,10.03,-0.2,9.39,5.07,0.41,-4.97,Durian,Clay Loam,0.646,0.28,26.31,7,0.381,2.907.248,27.507
10.604,105.792,5.277,2,3.64,40.371,27.871,6.1,18.734,40.867,37.538,27.74,4.64,80.6,17.9,12,-4.02,-5.17,-5.35,-3.98,0.31,1.52,7.43,-0.41,8.29,5.16,0.33,-4.15,Durian,Clay,0.722,0.299,23.08,9,0.36,1.951.173,27.727
10.387,106.028,5.91,3.179,3.64,43.001,30.005,6.255,17.9,39.099,33.31,27.895,4.358,79.799,18.046,12,-4.029,-4.815,-4.922,-3.998,0.346,2.512,7.858,-0.301,6.697,4.432,0.039,-3.859,Durian,Clay,0.759,0.295,21.924,7,0.359,1.615.138,27.874
10.608,104.828,5.955,34.053,3.64,29.977,32.423,5.795,41.706,28.322,41.021,27.91,4.77,79.76,18.24,12,-3.85,-5.17,-5.46,-3.66,-0.22,0.5,5.61,-0.26,10.88,4.65,0.87,-3.94,Durian,Clay Loam,0.761,0.252,22.56,9,0.483,2.612.404,27.689
9.885,105.25,6,1,3.64,36.269,26.739,5.6,27.155,36.577,33.285,27.96,4.89,80.82,17.03,12,-4.26,-5.51,-5.79,-3.48,-0.34,0.99,7.3,-0.09,10.14,4.07,1.2,-4.25,Durian,Clay Loam,0.723,0.274,23.72,9,0.428,3.035.158,27.954
8.917,104.806,6,8.65,3.64,38.918,45.422,5.6,31.039,30.003,74.34,28.101,4.158,81.118,17.865,12,-4.128,-5.065,-5.383,-3.185,-0.606,0.82,5.907,0.658,7.244,3.018,3.941,-3.22,Durian,Clay Loam,0.718,0.323,21.587,9,0.336,3.035.158,28.045
10.01,105.475,5,2,3.64,35.001,33.712,5.688,26.325,38.674,35.875,27.52,5.44,82.42,17.792,12,-4.68,-6.01,-6.26,-4.19,0.2,1.23,10.03,-0.2,9.39,5.07,0.41,-4.97,Durian,Clay Loam,0.646,0.28,26.31,7,0.381,2.844.377,27.507
9.142,104.86,6,3.087,3.64,38.492,42.3,5.696,32.343,29.161,61.136,28.04,4.45,80.82,18.06,12,-4.45,-5.29,-5.62,-3.24,-0.63,1.27,6.71,0.39,7.95,3.73,3.01,-3.78,Durian,Clay Loam,0.727,0.301,23.01,9,0.345,2.827.033,28.02
10.441,106.326,5.798,2.606,3.64,38.799,30.623,6.36,18.702,42.499,38.995,27.91,4.33,79.72,18.06,12,-4.03,-4.78,-4.88,-4,0.35,2.61,7.9,-0.29,6.54,4.36,0.01,-3.83,Durian,Clay Loam,0.763,0.302,21.81,7,0.363,1.387.501,27.893
9.654,105.717,5.741,2.518,3.64,35.863,32.404,5.926,26.715,37.422,40.504,27.564,5.618,82.724,17.03,12,-5.028,-6.166,-6.519,-3.938,-0.074,0.882,10.326,0.208,9.353,5.804,0.543,-5.348,Durian,Clay Loam,0.637,0.285,27.073,7,0.381,2328.4,27.548
9.749,106.448,5.411,2,3.64,40.623,32.747,6.241,24.977,34.441,35.765,27.704,5.185,82.564,18.77,12,-4.762,-5.734,-5.922,-3.907,0.372,1.063,10.023,0.441,7.875,5.2,0.332,-5.018,Durian,Clay,0.648,0.283,25.343,7,0.396,1.645.489,27.691
9.55,105.786,5,1.982,3.64,36.584,44.566,5.796,26.6,36.816,44.664,27.58,5.68,82.83,17.03,12,-5.15,-6.22,-6.61,-3.85,-0.17,0.76,10.43,0.35,9.34,6.06,0.59,-5.48,Durian,Clay Loam,0.633,0.291,27.48,7,0.379,2.610.236,27.567
10.228,105.017,5.884,3.116,3.64,36.535,41.127,5.6,32.527,30.938,46.272,27.937,4.677,79.939,17.91,12,-3.858,-5.141,-5.433,-3.601,-0.263,0.503,5.585,-0.134,10.406,4.408,1.295,-3.815,Durian,Clay Loam,0.756,0.28,22.245,9,0.469,3.035.158,27.917
9.325,105.911,5.399,1.399,3.64,37.379,38.139,5.6,30.559,32.022,43.381,27.58,5.68,82.83,17.03,12,-5.15,-6.22,-6.61,-3.85,-0.17,0.76,10.43,0.35,9.34,6.06,0.59,-5.48,Durian,Clay Loam,0.633,0.28,27.48,7,0.379,3.035.158,27.571
10.048,105.664,5,1.904,3.64,33.831,34.379,6.1,23.061,43.198,45.823,27.529,5.402,82.412,17.984,12,-4.67,-5.965,-6.207,-4.187,0.225,1.269,10.034,-0.19,9.219,5.022,0.401,-4.937,Durian,Clay Loam,0.647,0.301,26.156,7,0.383,1.951.173,27.517
10.489,105.194,6,2,3.64,35.983,28.188,5.803,18.514,45.503,33.295,27.908,4.769,79.769,17.9,12,-3.852,-5.17,-5.459,-3.663,-0.214,0.511,5.63,-0.262,10.852,4.656,0.864,-3.942,Durian,Clay Loam,0.761,0.294,22.562,9,0.482,2595.06,27.895
10.087,105.2,6,1.743,3.64,38.407,33.959,5.549,23.827,37.841,45.543,27.96,4.89,80.82,17.941,12,-4.26,-5.51,-5.79,-3.48,-0.34,0.99,7.3,-0.09,10.14,4.07,1.2,-4.25,Durian,Clay Loam,0.723,0.299,23.72,9,0.428,3.145.724,27.949
10.131,106.347,5,4.935,3.64,37.865,31.295,6.206,17.906,44.229,37.6,27.629,5.003,82.17,18.06,12,-4.544,-5.491,-5.656,-4.15,0.453,1.703,9.929,-0.112,7.54,4.556,0.3,-4.578,Durian,Clay Loam,0.66,0.301,24.531,7,0.406,1.721.368,27.597
10.624,104.862,5,10.787,3.64,30.235,31.603,5.58,38.202,31.623,31.394,27.765,4.445,79.033,18.24,12,-3.617,-4.788,-5.062,-3.507,-0.332,0.532,4.453,-0.039,10.233,4.75,0.962,-3.615,Durian,Clay Loam,0.782,0.246,20.96,9,0.489,3.078.517,27.695
9.235,105.828,5.162,1.324,3.64,36.522,37.678,5.568,30.378,33.1,44.122,27.622,5.625,82.84,17.03,12,-5.16,-6.178,-6.582,-3.745,-0.191,0.718,10.214,0.447,9.189,6.133,0.668,-5.475,Durian,Clay Loam,0.634,0.282,27.331,7,0.373,3.104.533,27.613
10.568,104.814,5.231,4.231,3.64,32.308,47.532,5.354,27.869,39.823,36.2,27.91,4.77,79.76,18.24,12,-3.85,-5.17,-5.46,-3.66,-0.22,0.5,5.61,-0.26,10.88,4.65,0.87,-3.94,Durian,Clay Loam,0.761,0.277,22.56,9,0.483,3.568.479,27.882
10.214,105.714,6,3.169,3.64,36.649,33.823,6.134,21.434,41.917,38.797,27.535,5.374,82.406,17.927,12,-4.663,-5.93,-6.167,-4.185,0.244,1.299,10.037,-0.183,9.089,4.985,0.395,-4.912,Durian,Clay Loam,0.647,0.295,26.04,7,0.385,1.877.462,27.514
10.578,105.798,5,2,3.64,40.492,32.497,5.6,17.365,42.144,32.356,27.74,4.64,80.6,17.9,12,-4.02,-5.17,-5.35,-3.98,0.31,1.52,7.43,-0.41,8.29,5.16,0.33,-4.15,Durian,Clay,0.722,0.295,23.08,9,0.36,3.035.158,27.727
10.575,105.974,5.047,2.047,3.64,41.992,28.477,6.114,18.319,39.694,34.809,27.903,4.318,79.773,17.908,12,-4.019,-4.768,-4.867,-4.002,0.345,2.653,7.88,-0.255,6.519,4.292,0,-3.817,Durian,Clay,0.76,0.297,21.728,7,0.363,1.920.821,27.89
9.905,105.731,6,2,3.64,39.747,27.554,5.892,24.547,35.767,37.901,27.592,5.438,82.642,17.426,12,-4.931,-5.959,-6.264,-3.969,0.072,1.098,10.292,0.177,8.676,5.488,0.486,-5.154,Durian,Clay Loam,0.641,0.287,26.277,7,0.391,2.402.111,27.579
9.97,106.017,5.037,1.073,3.64,36.026,32.399,6.104,22.7,41.274,45.071,27.61,5.05,82.34,18.738,12,-4.58,-5.54,-5.71,-4.16,0.46,1.64,10.07,-0.1,7.61,4.57,0.32,-4.63,Durian,Clay Loam,0.653,0.301,24.72,7,0.408,1.942.501,27.603
9.032,104.984,6,0.085,3.64,39.278,48.767,5.304,29.507,31.215,53.589,28.04,4.45,80.82,18.057,12,-4.45,-5.29,-5.62,-3.24,-0.63,1.27,6.71,0.39,7.95,3.73,3.01,-3.78,Durian,Clay Loam,0.727,0.297,23.01,9,0.345,3.676.877,28.039
9.252,105.165,5.174,1.826,3.64,42.231,31.422,5.452,29.217,28.552,47.039,28.028,4.497,80.9,17.03,12,-4.474,-5.33,-5.648,-3.242,-0.614,1.327,6.903,0.364,8.013,3.787,2.824,-3.86,Durian,Clay,0.723,0.289,23.168,9,0.345,3.356.018,28.016
10.142,106.281,5,5,3.64,37.34,32.939,6.22,21.217,41.443,50.659,27.636,4.968,81.993,18.028,12,-4.468,-5.466,-5.638,-4.124,0.43,1.616,9.544,-0.162,7.745,4.688,0.322,-4.534,Durian,Clay Loam,0.666,0.312,24.392,7,0.392,1.691.017,27.604
10.566,106.273,5.37,3.63,3.64,41.167,23.789,6.215,20.555,38.278,26.14,27.91,4.33,79.72,18.06,12,-4.03,-4.78,-4.88,-4,0.35,2.61,7.9,-0.29,6.54,4.36,0.01,-3.83,Durian,Clay,0.763,0.279,21.81,7,0.363,1.701.856,27.886
10.595,104.977,5,4.216,3.64,30.297,30.962,5.478,36.756,32.947,39.242,27.91,4.77,79.76,17.974,12,-3.85,-5.17,-5.46,-3.66,-0.22,0.5,5.61,-0.26,10.88,4.65,0.87,-3.94,Durian,Clay Loam,0.761,0.26,22.56,9,0.483,3299.65,27.883
10.211,105.807,5.518,2.518,3.64,37.519,33.015,6.148,21.063,41.37,39.193,27.563,5.252,82.381,17.977,12,-4.632,-5.784,-5.995,-4.176,0.325,1.428,10.049,-0.152,8.533,4.829,0.367,-4.806,Durian,Clay Loam,0.649,0.296,25.545,7,0.394,1847.11,27.547
10.191,105.226,6,1.597,3.64,39.825,34.285,5.681,22.679,37.556,44.874,27.96,4.89,80.82,17.9,12,-4.26,-5.51,-5.79,-3.48,-0.34,0.99,7.3,-0.09,10.14,4.07,1.2,-4.25,Durian,Clay Loam,0.723,0.301,23.72,9,0.428,2.859.552,27.95
10.701,104.831,5.525,6.1,3.64,28.237,30.832,5.5,37.337,34.425,37.965,27.721,4.345,78.81,18.079,12,-3.545,-4.671,-4.94,-3.46,-0.367,0.542,4.098,0.029,10.035,4.781,0.991,-3.515,Durian,Clay Loam,0.788,0.257,20.498,9,0.49,3.251.955,27.681
9.79,105.168,6,1.26,3.64,37.727,42.059,5.656,27.09,35.182,61.851,27.845,5.033,81.236,17.792,12,-4.369,-5.64,-5.912,-3.665,-0.199,1.052,8.01,-0.119,9.945,4.33,0.994,-4.437,Durian,Clay Loam,0.703,0.314,24.341,9,0.409,2.913.752,27.837
10.424,106.383,5,2.485,3.64,36.939,33.736,6.2,24.358,38.755,42.239,27.91,4.33,79.72,18.06,12,-4.03,-4.78,-4.88,-4,0.35,2.61,7.9,-0.29,6.54,4.36,0.01,-3.83,Durian,Clay Loam,0.763,0.293,21.81,7,0.363,1.734.376,27.894
10.592,106.69,5.509,3.491,3.64,33.277,37.709,6.098,22.633,44.089,33.347,27.76,4.07,80.84,18.06,12,-3.8,-4.52,-4.6,-4.04,0.25,3.53,7.47,0.45,6.09,2.91,-0.2,-3.56,Durian,Clay Loam,0.714,0.285,20.72,7,0.361,1.955.509,27.737
9.973,106.196,5.004,3.004,3.64,36.104,27.811,6.2,23.999,39.897,33.703,27.61,5.05,82.34,18.77,12,-4.58,-5.54,-5.71,-4.16,0.46,1.64,10.07,-0.1,7.61,4.57,0.32,-4.63,Durian,Clay Loam,0.653,0.282,24.72,7,0.408,1.734.376,27.59
9.853,105.665,6,1.897,3.64,39.446,32.513,5.879,24.792,35.762,43.628,27.526,5.465,82.462,17.03,12,-4.728,-6.032,-6.296,-4.155,0.162,1.182,10.071,-0.144,9.385,5.172,0.428,-5.022,Durian,Clay Loam,0.645,0.294,26.377,7,0.381,2.430.294,27.514
9.901,105.746,6,2.537,3.64,39.063,33.903,6.061,25.022,35.915,45.364,27.52,5.44,82.42,17.03,12,-4.68,-6.01,-6.26,-4.19,0.2,1.23,10.03,-0.2,9.39,5.07,0.41,-4.97,Durian,Clay Loam,0.646,0.296,26.31,7,0.381,2.035.724,27.504
10.249,105.163,6,1.377,3.64,34.521,30.857,5.487,27.148,38.331,33.866,27.941,4.845,80.42,17.358,12,-4.105,-5.382,-5.666,-3.548,-0.295,0.805,6.663,-0.154,10.419,4.289,1.076,-4.133,Durian,Clay Loam,0.738,0.275,23.283,9,0.448,3.280.139,27.932
9.184,105.63,5,2,3.64,37.023,37.991,5.475,33.345,29.632,36.07,27.84,5.34,82.89,17.03,12,-5.21,-5.96,-6.44,-3.2,-0.3,0.5,9.1,0.95,8.41,6.51,1.07,-5.45,Durian,Clay Loam,0.641,0.264,26.56,7,0.343,3.306.154,27.827
9.287,105.126,5.965,1,3.64,40.549,39.885,5.51,29.981,29.47,53.9,27.97,4.72,81.28,17.03,12,-4.59,-5.52,-5.78,-3.25,-0.54,1.6,7.82,0.24,8.31,4.06,1.94,-4.24,Durian,Clay,0.706,0.297,23.92,9,0.347,3.230.275,27.964
10.05,105.462,5.895,2.105,3.64,32.853,28.669,5.642,23.937,43.2,29.995,27.52,5.44,82.42,17.9,12,-4.68,-6.01,-6.26,-4.19,0.2,1.23,10.03,-0.2,9.39,5.07,0.41,-4.97,Durian,Clay Loam,0.646,0.277,26.31,7,0.381,2.944.103,27.506
9.34,105.416,6,1.14,3.64,43.902,37.436,5.456,28.962,27.136,41.399,27.58,5.68,82.83,17.03,12,-5.15,-6.22,-6.61,-3.85,-0.17,0.76,10.43,0.35,9.34,6.06,0.59,-5.48,Durian,Clay,0.633,0.281,27.48,7,0.379,3.347.346,27.573
9.935,105.177,6,1,3.64,34.23,24.718,5.546,29.704,36.066,32.729,27.96,4.89,80.82,17.03,12,-4.26,-5.51,-5.79,-3.48,-0.34,0.99,7.3,-0.09,10.14,4.07,1.2,-4.25,Durian,Clay Loam,0.723,0.268,23.72,9,0.428,3.152.228,27.954
10.485,106.263,5.609,2.609,3.64,39.839,27.765,6.283,18.778,41.444,35.743,27.752,4.293,80.746,17.997,12,-3.886,-4.774,-4.893,-4.017,0.273,2.744,7.454,0.114,6.951,3.79,0.007,-3.791,Durian,Clay Loam,0.717,0.297,21.361,7,0.349,1.554.434,27.735
9.738,105.924,5.273,2.273,3.64,41.508,35.782,5.982,23.846,34.646,47.236,27.702,5.324,82.638,17.03,12,-4.833,-5.908,-6.122,-3.856,0.28,0.816,10.001,0.542,8.423,5.484,0.359,-5.203,Durian,Clay,0.645,0.301,25.922,7,0.386,2.206.993,27.687
10.597,105.194,5,2,3.64,39.427,35.247,6.1,19.777,40.844,46.343,27.91,4.77,79.76,17.9,12,-3.85,-5.17,-5.46,-3.66,-0.22,0.5,5.61,-0.26,10.88,4.65,0.87,-3.94,Durian,Clay Loam,0.761,0.309,22.56,9,0.483,1.951.173,27.897
10.897,105.99,5.044,4.089,3.64,30.246,28.944,5.204,25.189,44.565,24.431,28.08,3.71,77.7,17.9,12,-3.56,-4.08,-4.13,-3.62,0.1,2.86,5.77,0.03,5.64,4.65,-0.35,-3.28,Durian,Clay Loam,0.847,0.266,19.02,7,0.303,3.893.674,28.053
10.556,105.961,5.148,2.148,3.64,42.248,28.781,6.13,18.241,39.511,34.593,27.91,4.33,79.72,17.924,12,-4.03,-4.78,-4.88,-4,0.35,2.61,7.9,-0.29,6.54,4.36,0.01,-3.83,Durian,Clay,0.763,0.296,21.81,7,0.363,1.886.134,27.896
10.178,106.497,5,6.858,3.64,40.119,33.004,6.096,21.899,37.982,59.834,27.607,5.064,82.343,18.024,12,-4.584,-5.557,-5.729,-4.161,0.451,1.625,10.069,-0.104,7.673,4.588,0.323,-4.642,Durian,Clay,0.652,0.323,24.777,7,0.407,1.959.845,27.562
10.835,105.563,5.671,3.342,3.64,37.494,29.223,5.735,21.243,41.263,41.642,28.1,3.74,77.56,17.9,12,-3.37,-4.2,-4.32,-3.49,0.06,1.63,4.58,-0.12,6.51,5.58,0.4,-3.31,Durian,Clay Loam,0.853,0.299,18.81,9,0.347,2.742.482,28.078
9.072,104.994,5.932,0.137,3.64,39.562,48.723,5.307,29.373,31.066,53.939,28.035,4.468,80.851,17.99,12,-4.46,-5.306,-5.631,-3.241,-0.624,1.293,6.786,0.38,7.975,3.753,2.937,-3.811,Durian,Clay Loam,0.725,0.298,23.073,9,0.345,3.670.373,28.034
10.473,105.443,5,2.53,3.64,35.406,25.926,5.574,20.985,43.682,31.712,27.835,4.402,79.795,17.9,12,-3.848,-4.913,-5.077,-3.85,0.244,1.549,6.675,-0.333,7.819,5.271,0.349,-3.928,Durian,Clay Loam,0.756,0.286,21.949,9,0.357,3.091.525,27.819
9.858,105.587,5,2.437,3.64,38.081,37.3,5.875,24.962,36.884,47.066,27.647,5.237,82.099,17.03,12,-4.655,-5.872,-6.125,-3.925,-0.008,1.334,9.408,-0.076,9.086,4.786,0.841,-4.765,Durian,Clay Loam,0.663,0.298,25.426,7,0.37,2.438.966,27.631
9.537,105.945,5.253,2.505,3.64,38.619,33.122,5.551,26.076,35.305,32.045,27.722,5.381,82.748,17.03,12,-4.956,-5.958,-6.206,-3.76,0.189,0.685,10.101,0.701,8.383,5.746,0.403,-5.338,Durian,Clay Loam,0.642,0.275,26.218,7,0.385,3.141.389,27.706
10.076,105.694,5.005,2,3.64,33.192,45.637,5.897,24.72,42.088,54.389,27.522,5.437,82.406,17.902,12,-4.676,-6.006,-6.256,-4.187,0.198,1.226,10.008,-0.2,9.398,5.068,0.412,-4.965,Durian,Clay Loam,0.647,0.309,26.29,7,0.38,2.391.271,27.509
10.014,105.737,5.696,3.304,3.64,39.209,34.531,6.048,24.357,36.465,47.317,27.52,5.44,82.42,17.295,12,-4.68,-6.01,-6.26,-4.19,0.2,1.23,10.03,-0.2,9.39,5.07,0.41,-4.97,Durian,Clay Loam,0.646,0.3,26.31,7,0.381,2.063.907,27.499
9.97,106.194,5.049,3.049,3.64,36.149,27.951,6.2,23.985,39.866,33.739,27.61,5.05,82.34,18.77,12,-4.58,-5.54,-5.71,-4.16,0.46,1.64,10.07,-0.1,7.61,4.57,0.32,-4.63,Durian,Clay Loam,0.653,0.282,24.72,7,0.408,1.734.376,27.59
9.293,105.566,6,2.065,3.64,43.627,34.81,5.507,28.979,27.393,42.138,27.58,5.68,82.83,17.03,12,-5.15,-6.22,-6.61,-3.85,-0.17,0.76,10.43,0.35,9.34,6.06,0.59,-5.48,Durian,Clay,0.633,0.282,27.48,7,0.379,3.236.779,27.567
10.129,106.35,5.962,4.962,3.64,33.496,32.316,6.196,21.3,45.204,39.604,27.61,5.05,82.34,18.087,12,-4.58,-5.54,-5.71,-4.16,0.46,1.64,10.07,-0.1,7.61,4.57,0.32,-4.63,Durian,Clay Loam,0.653,0.296,24.72,7,0.408,1.743.048,27.578
9.28,105.652,6,2.781,3.64,43.18,32.745,5.6,29.214,27.607,43.345,27.623,5.575,82.66,17.03,12,-5.089,-6.143,-6.519,-3.784,-0.211,0.852,10.144,0.338,9.227,5.841,0.738,-5.344,Durian,Clay,0.641,0.283,27.09,7,0.374,3.035.158,27.605
9.684,106.507,5.106,2,3.64,40.542,32.722,6.189,25.132,34.326,36.68,27.77,5.28,82.72,18.77,12,-4.89,-5.87,-6.07,-3.73,0.31,0.66,9.99,0.82,8.06,5.64,0.34,-5.29,Durian,Clay,0.644,0.284,25.85,7,0.387,1.758.224,27.757
9.984,105.628,5.991,4.974,3.64,37.181,29.581,5.702,22.722,40.096,39.117,27.521,5.442,82.423,17.03,12,-4.684,-6.012,-6.263,-4.187,0.197,1.226,10.033,-0.195,9.39,5.078,0.412,-4.974,Durian,Clay Loam,0.646,0.293,26.315,7,0.381,2.814.025,27.489
10.212,105.45,5,2,3.64,38.257,26.665,6.018,22.274,39.469,34.688,27.526,5.416,82.415,17.954,12,-4.674,-5.981,-6.226,-4.188,0.216,1.255,10.032,-0.194,9.28,5.039,0.404,-4.949,Durian,Clay Loam,0.647,0.287,26.212,7,0.383,2.128.947,27.513
10.526,106.481,5,2,3.64,36.916,31.583,6.2,24.249,38.923,40.499,27.91,4.33,79.72,18.06,12,-4.03,-4.78,-4.88,-4,0.35,2.61,7.9,-0.29,6.54,4.36,0.01,-3.83,Durian,Clay Loam,0.763,0.291,21.81,7,0.363,1.734.376,27.897
8.736,105.103,5,4,3.64,36.748,41.481,5.652,34.119,29.132,46.767,28.088,4.218,81.057,17.99,12,-4.194,-5.111,-5.431,-3.196,-0.611,0.912,6.071,0.603,7.389,3.164,3.75,-3.335,Durian,Clay Loam,0.72,0.277,21.878,9,0.338,2.922.424,28.062
8.905,105.053,5,1.907,3.64,38.809,51.55,5.381,30.284,30.907,48.214,28.04,4.45,80.82,17.967,12,-4.45,-5.29,-5.62,-3.24,-0.63,1.27,6.71,0.39,7.95,3.73,3.01,-3.78,Durian,Clay Loam,0.727,0.288,23.01,9,0.345,3.509.943,28.028
9.757,105.822,5.571,1.429,3.64,38.828,30.114,5.986,25.372,35.8,41.386,27.559,5.273,82.386,17.776,12,-4.637,-5.809,-6.024,-4.177,0.311,1.406,10.047,-0.157,8.627,4.856,0.371,-4.824,Durian,Clay Loam,0.649,0.29,25.628,7,0.392,2.198.322,27.55
10.346,105.58,5.338,3.986,3.64,33.804,27.034,5.835,20.992,45.204,33.595,27.74,4.64,80.6,17.9,12,-4.02,-5.17,-5.35,-3.98,0.31,1.52,7.43,-0.41,8.29,5.16,0.33,-4.15,Durian,Clay Loam,0.722,0.289,23.08,9,0.36,2.525.685,27.714
10.455,105.802,5,3.369,3.64,42.054,27.359,5.963,18.118,39.828,33.705,27.832,4.471,80.121,17.9,12,-4.025,-4.958,-5.094,-3.991,0.332,2.113,7.686,-0.345,7.338,4.725,0.156,-3.976,Durian,Clay,0.744,0.296,22.389,7,0.344,2.248.185,27.81
10.108,105.339,6,1.864,3.64,37.87,26.746,5.6,26.841,35.29,32.395,27.58,5.365,82.203,17.782,12,-4.623,-5.942,-6.196,-4.094,0.127,1.197,9.66,-0.185,9.492,4.934,0.517,-4.872,Durian,Clay Loam,0.656,0.274,25.912,7,0.373,3.035.158,27.568
10.741,106.209,6,2,3.64,45.926,31.913,5.973,15.015,39.086,25.526,28.035,3.875,78.238,18.06,12,-3.685,-4.266,-4.33,-3.721,0.167,2.793,6.337,-0.055,5.879,4.573,-0.254,-3.426,Durian,Clay,0.824,0.291,19.737,7,0.321,2.226.505,28.022
10.052,105.108,5.521,1.479,3.64,37.31,24.437,5.6,25.999,36.691,35.059,27.96,4.89,80.82,17.609,12,-4.26,-5.51,-5.79,-3.48,-0.34,0.99,7.3,-0.09,10.14,4.07,1.2,-4.25,Durian,Clay Loam,0.723,0.279,23.72,9,0.428,3.035.158,27.95
10.576,105.446,6,2,3.64,34.291,31.55,5.413,21.796,43.913,37.541,27.762,4.657,80.489,17.945,12,-3.998,-5.17,-5.365,-3.938,0.24,1.386,7.19,-0.39,8.631,5.093,0.401,-4.122,Durian,Clay Loam,0.727,0.292,22.983,9,0.376,3.440.568,27.749
10.425,104.986,5,2,3.64,33.055,42.166,5.575,26.908,40.038,47.657,27.922,4.799,80.02,17.943,12,-3.951,-5.253,-5.541,-3.616,-0.249,0.62,6.025,-0.218,10.698,4.508,0.951,-4.016,Durian,Clay Loam,0.752,0.295,22.844,9,0.469,3.089.357,27.909
9.846,105.495,5.157,3.528,3.64,36.043,30.006,5.769,28.106,35.852,35.937,27.589,5.353,82.168,17.03,12,-4.614,-5.931,-6.186,-4.078,0.115,1.192,9.6,-0.183,9.508,4.913,0.534,-4.857,Durian,Clay Loam,0.658,0.276,25.849,7,0.371,2.668.771,27.566
9.599,105.756,5.16,1.16,3.64,36.675,33.643,5.9,25.909,37.332,43.115,27.58,5.68,82.83,17.03,12,-5.15,-6.22,-6.61,-3.85,-0.17,0.76,10.43,0.35,9.34,6.06,0.59,-5.48,Durian,Clay Loam,0.633,0.291,27.48,7,0.379,2.384.767,27.572
10.81,105.642,6,2.668,3.64,34.803,23.336,5.533,24.598,40.599,30.002,28.12,3.793,77.33,17.9,12,-3.317,-4.217,-4.37,-3.45,-0.047,1.313,4.142,0.03,7.241,5.366,0.55,-3.277,Durian,Clay Loam,0.863,0.275,18.678,9,0.388,3.180.412,28.103
9.672,105.286,5.761,2,3.64,38.09,34.776,5.591,25.677,36.233,50.194,27.884,4.799,81.533,18.229,12,-4.588,-5.525,-5.763,-3.467,-0.301,1.61,8.357,0.159,8.143,4.182,1.553,-4.333,Durian,Clay Loam,0.693,0.301,23.977,7,0.348,3054.67,27.871
9.656,106.303,5,1.93,3.64,44.239,39.291,5.951,26.131,29.63,38.784,27.757,5.308,82.728,18.648,12,-4.908,-5.894,-6.108,-3.738,0.276,0.667,10.021,0.787,8.149,5.669,0.357,-5.303,Durian,Clay,0.644,0.284,25.951,7,0.387,2.274.201,27.744
9.612,106.389,5.894,2,3.64,40.794,34.6,6.047,25.315,33.901,39.699,27.744,5.297,82.688,18.586,12,-4.868,-5.885,-6.09,-3.779,0.298,0.72,9.994,0.712,8.201,5.58,0.347,-5.256,Durian,Clay,0.645,0.287,25.878,7,0.387,2.066.075,27.731
10.705,105.547,5.301,2,3.64,34.91,28.015,5.61,21.54,43.551,37.559,27.74,4.64,80.6,17.9,12,-4.02,-5.17,-5.35,-3.98,0.31,1.52,7.43,-0.41,8.29,5.16,0.33,-4.15,Durian,Clay Loam,0.722,0.293,23.08,9,0.36,3.013.478,27.727
9.396,104.836,5.811,0.189,3.64,41.884,37.973,5.338,28.584,29.532,44.081,27.97,4.72,81.28,18.06,12,-4.59,-5.52,-5.78,-3.25,-0.54,1.6,7.82,0.24,8.31,4.06,1.94,-4.24,Durian,Clay,0.706,0.286,23.92,9,0.347,3.603.166,27.969
9.791,105.852,5,4.355,3.64,35.615,33.705,5.836,27.266,37.03,61.951,27.584,5.605,82.772,17.152,12,-5.083,-6.14,-6.503,-3.887,-0.095,0.864,10.387,0.297,9.135,5.884,0.558,-5.379,Durian,Clay Loam,0.636,0.314,27.087,7,0.383,2.523.517,27.556
9.102,104.998,5,3.039,3.64,38.911,45.514,5.7,32.585,28.408,48.474,28.04,4.45,80.82,18.057,12,-4.45,-5.29,-5.62,-3.24,-0.63,1.27,6.71,0.39,7.95,3.73,3.01,-3.78,Durian,Clay Loam,0.727,0.283,23.01,9,0.345,2.818.361,28.02
10.234,105.01,5.465,2,3.64,38.709,34.035,5.553,25.595,35.696,35.819,27.937,4.834,80.327,18.082,12,-4.069,-5.352,-5.636,-3.564,-0.284,0.762,6.513,-0.169,10.484,4.34,1.046,-4.106,Durian,Clay Loam,0.741,0.281,23.18,9,0.453,3.137.053,27.924
9.401,105.165,6,3,3.64,40.87,37.254,5.476,28.284,30.846,38.635,27.954,4.795,81.475,17.03,12,-4.665,-5.573,-5.86,-3.244,-0.511,1.467,7.975,0.326,8.322,4.356,1.835,-4.386,Durian,Clay,0.698,0.279,24.239,9,0.343,3.303.986,27.934
9.283,105.124,5.995,1,3.64,40.506,40.001,5.5,30.098,29.395,53.904,27.97,4.72,81.28,17.03,12,-4.59,-5.52,-5.78,-3.25,-0.54,1.6,7.82,0.24,8.31,4.06,1.94,-4.24,Durian,Clay,0.706,0.296,23.92,9,0.347,3.251.955,27.964
9.81,106.228,5,1.82,3.64,36.41,31.562,6.182,25.734,37.856,46.002,27.61,5.05,82.34,18.77,12,-4.58,-5.54,-5.71,-4.16,0.46,1.64,10.07,-0.1,7.61,4.57,0.32,-4.63,Durian,Clay Loam,0.653,0.295,24.72,7,0.408,1.773.399,27.598
10.246,106.162,6,4.314,3.64,33.774,31.917,6.017,21.323,44.903,39.006,27.64,4.956,81.942,18.023,12,-4.452,-5.455,-5.628,-4.119,0.426,1.613,9.466,-0.171,7.765,4.705,0.322,-4.52,Durian,Clay Loam,0.668,0.296,24.345,7,0.39,2.131.115,27.612
10.198,105.82,6,2.091,3.64,37.537,33.618,6.391,19.927,42.627,37.536,27.528,5.404,82.413,17.915,12,-4.671,-5.967,-6.21,-4.187,0.224,1.267,10.034,-0.191,9.227,5.024,0.402,-4.939,Durian,Clay Loam,0.647,0.297,26.165,7,0.383,1.320.294,27.514
10.228,105.552,5.999,2.999,3.64,36.702,33.399,6.1,21.399,41.899,39,27.52,5.44,82.42,17.9,12,-4.68,-6.009,-6.259,-4.19,0.2,1.23,10.03,-0.2,9.388,5.069,0.41,-4.97,Durian,Clay Loam,0.646,0.295,26.308,7,0.381,1.951.173,27.501
9.603,105.278,5,7.337,3.64,36.335,32.521,5.689,26.888,36.733,62.534,27.797,5.146,81.968,17.603,12,-4.839,-5.831,-6.148,-3.516,-0.376,1.227,8.978,0.289,8.767,4.948,1.341,-4.79,Durian,Clay Loam,0.674,0.316,25.5,7,0.351,2.842.209,27.749
9.613,105.401,5.757,1,3.64,38.416,34.327,5.7,25.576,36.008,42.659,27.58,5.68,82.83,17.03,12,-5.15,-6.22,-6.61,-3.85,-0.17,0.76,10.43,0.35,9.34,6.06,0.59,-5.48,Durian,Clay Loam,0.633,0.291,27.48,7,0.379,2.818.361,27.574
10.537,105.02,6,1.741,3.64,30.769,28.119,5.203,34.569,34.588,28.275,27.923,4.801,80.034,17.927,12,-3.956,-5.258,-5.545,-3.613,-0.251,0.627,6.047,-0.216,10.689,4.5,0.955,-4.02,Durian,Clay Loam,0.751,0.25,22.859,9,0.468,3.895.842,27.912
10.889,105.972,5.193,3.807,3.64,30.718,27.452,5.239,24.965,44.317,24.825,28.084,3.716,77.673,17.9,12,-3.523,-4.103,-4.167,-3.595,0.092,2.622,5.54,0.001,5.808,4.83,-0.205,-3.286,Durian,Clay Loam,0.848,0.267,18.879,9,0.307,3.817.795,28.059
9.969,105.902,5.084,2.084,3.64,39.366,30.85,6.075,22.701,37.933,43.111,27.52,5.44,82.42,17.03,12,-4.68,-6.01,-6.26,-4.19,0.2,1.23,10.03,-0.2,9.39,5.07,0.41,-4.97,Durian,Clay Loam,0.646,0.298,26.31,7,0.381,2.005.372,27.506
9.237,105.464,5,2.674,3.64,34.759,38.053,5.563,29.803,35.338,48.759,27.755,5.451,82.87,17.03,12,-5.19,-6.045,-6.495,-3.412,-0.258,0.585,9.534,0.754,8.714,6.363,0.913,-5.46,Durian,Clay Loam,0.638,0.29,26.86,7,0.355,3.115.373,27.738
9.92,106.49,5.44,3.12,3.64,34.676,38.988,6.144,21.916,43.407,39.04,27.61,5.05,82.34,18.77,12,-4.58,-5.54,-5.71,-4.16,0.46,1.64,10.07,-0.1,7.61,4.57,0.32,-4.63,Durian,Clay Loam,0.653,0.294,24.72,7,0.408,1.855.782,27.59
9.92,105.788,5.884,3,3.64,38.507,35.443,6.188,25.3,36.181,46.788,27.52,5.44,82.42,17.03,12,-4.68,-6.01,-6.26,-4.19,0.2,1.23,10.03,-0.2,9.39,5.07,0.41,-4.97,Durian,Clay Loam,0.646,0.297,26.31,7,0.381,1.760.392,27.5
10.711,106.533,5,2.377,3.64,39.699,30.114,6.049,25.275,35.026,26.507,27.91,4.33,79.72,18.06,12,-4.03,-4.78,-4.88,-4,0.35,2.61,7.9,-0.29,6.54,4.36,0.01,-3.83,Durian,Clay Loam,0.763,0.269,21.81,7,0.363,2.061.739,27.895
10.166,106.404,5,6,3.64,38.884,29.605,6.198,19.596,41.52,43.416,27.61,5.05,82.34,18.06,12,-4.58,-5.54,-5.71,-4.16,0.46,1.64,10.07,-0.1,7.61,4.57,0.32,-4.63,Durian,Clay Loam,0.653,0.306,24.72,7,0.408,1.738.712,27.571
9.958,106.346,5.181,2,3.64,37.527,31.498,6.282,23.581,38.891,34.047,27.61,5.05,82.34,18.77,12,-4.58,-5.54,-5.71,-4.16,0.46,1.64,10.07,-0.1,7.61,4.57,0.32,-4.63,Durian,Clay Loam,0.653,0.283,24.72,7,0.408,1.556.602,27.597
10.604,105.128,5,2,3.64,40.576,35.943,6.1,19.428,40.008,46.239,27.91,4.77,79.76,17.9,12,-3.85,-5.17,-5.46,-3.66,-0.22,0.5,5.61,-0.26,10.88,4.65,0.87,-3.94,Durian,Clay,0.761,0.31,22.56,9,0.483,1.951.173,27.897
9.777,105.216,5,2,3.64,36.098,44.6,5.37,26.17,37.732,44.6,27.852,5.114,81.39,17.768,12,-4.512,-5.711,-6.022,-3.585,-0.292,0.925,8.187,0.035,9.913,4.634,1.027,-4.599,Durian,Clay Loam,0.697,0.292,24.721,9,0.401,3.533.791,27.839
10.193,106.08,5,2,3.64,38.433,32.624,6.202,20.717,40.754,39.422,27.608,5.057,82.341,18.057,12,-4.582,-5.549,-5.72,-4.161,0.455,1.632,10.069,-0.102,7.643,4.579,0.322,-4.636,Durian,Clay Loam,0.652,0.298,24.75,7,0.408,1730.04,27.595
10.395,106.443,5,2.864,3.64,38.459,35.122,6.357,19.249,42.292,37.6,27.91,4.33,79.72,18.06,12,-4.03,-4.78,-4.88,-4,0.35,2.61,7.9,-0.29,6.54,4.36,0.01,-3.83,Durian,Clay Loam,0.763,0.298,21.81,7,0.363,1.394.005,27.891
9.535,105.03,5,9.041,3.64,37.016,31.868,5.632,26.32,36.648,62.704,27.908,4.873,81.528,17.895,12,-4.68,-5.632,-5.913,-3.346,-0.481,1.466,8.237,0.258,8.475,4.38,1.724,-4.438,Durian,Clay Loam,0.694,0.317,24.49,9,0.345,2.965.783,27.849
9.923,105.722,6,1.392,3.64,38.735,35.731,5.835,26.661,34.604,37.796,27.555,5.287,82.389,17.712,12,-4.641,-5.826,-6.044,-4.178,0.302,1.391,10.046,-0.161,8.692,4.874,0.375,-4.837,Durian,Clay Loam,0.649,0.282,25.687,7,0.391,2.525.685,27.546
9.64,105.993,6,4.462,3.64,40.472,34.331,5.89,26.277,33.351,34.344,27.585,5.567,82.742,17.342,12,-5.048,-6.098,-6.448,-3.906,-0.057,0.918,10.365,0.269,9.029,5.793,0.542,-5.327,Durian,Clay,0.637,0.278,26.884,7,0.385,2.406.447,27.556
10.013,105.529,5,2.246,3.64,33.072,34.549,5.723,25.983,40.945,36.326,27.52,5.44,82.42,17.244,12,-4.68,-6.01,-6.26,-4.19,0.2,1.23,10.03,-0.2,9.39,5.07,0.41,-4.97,Durian,Clay Loam,0.646,0.281,26.31,7,0.381,2.768.498,27.505
10.127,106.048,5.789,2.211,3.64,38.151,27.8,6.2,23.606,38.244,36.382,27.61,5.05,82.34,18.21,12,-4.58,-5.54,-5.71,-4.16,0.46,1.64,10.07,-0.1,7.61,4.57,0.32,-4.63,Durian,Clay Loam,0.653,0.287,24.72,7,0.408,1.734.376,27.596
9.648,105.746,5,1.174,3.64,37.334,33.917,5.883,25.474,37.109,43.239,27.57,5.638,82.759,17.03,12,-5.068,-6.184,-6.549,-3.909,-0.106,0.842,10.36,0.254,9.349,5.888,0.559,-5.391,Durian,Clay Loam,0.636,0.292,27.207,7,0.38,2.421.622,27.562
9.383,105.134,6,1,3.64,41.696,32.231,5.623,28.502,29.802,43.565,27.97,4.72,81.28,17.03,12,-4.59,-5.52,-5.78,-3.25,-0.54,1.6,7.82,0.24,8.31,4.06,1.94,-4.24,Durian,Clay,0.706,0.285,23.92,9,0.347,2.985.295,27.964
9.946,105.672,5.947,3.895,3.64,36.1,37.327,6.111,24.026,39.874,44.079,27.54,5.394,82.44,17.084,12,-4.65,-5.965,-6.208,-4.175,0.212,1.244,9.945,-0.165,9.296,4.997,0.427,-4.937,Durian,Clay Loam,0.646,0.296,26.1,7,0.381,1.927.325,27.515
10.721,105.131,5.834,2.166,3.64,33.633,32.401,5.333,26.051,40.316,30.717,27.882,4.748,79.9,17.9,12,-3.878,-5.17,-5.442,-3.713,-0.132,0.67,5.913,-0.285,10.449,4.735,0.78,-3.975,Durian,Clay Loam,0.755,0.273,22.595,9,0.463,3.614.006,27.868
9.998,105.179,5.771,1,3.64,35.727,29.523,5.577,27.325,36.925,36.195,27.96,4.89,80.82,17.229,12,-4.26,-5.51,-5.79,-3.48,-0.34,0.99,7.3,-0.09,10.14,4.07,1.2,-4.25,Durian,Clay Loam,0.723,0.278,23.72,9,0.428,3.085.021,27.954
10.768,104.744,5.709,12.663,3.64,26.275,29.713,5.617,39.519,34.206,36.537,27.655,4.196,78.477,18.24,12,-3.439,-4.497,-4.759,-3.391,-0.418,0.557,3.569,0.13,9.739,4.827,1.033,-3.366,Durian,Loam,0.797,0.25,19.87,9,0.491,2.998.303,27.573
10.813,105.546,6,3.474,3.64,35.336,23.578,5.495,23.737,40.927,29.063,28.128,3.816,77.233,17.9,12,-3.294,-4.224,-4.391,-3.433,-0.092,1.18,3.96,0.093,7.547,5.277,0.613,-3.263,Durian,Clay Loam,0.867,0.276,18.697,9,0.404,3.262.795,28.105
10.718,104.979,5.942,2.116,3.64,30.519,30.153,5.129,35.309,34.078,27.095,27.91,4.77,79.76,18.24,12,-3.85,-5.17,-5.46,-3.66,-0.22,0.5,5.61,-0.26,10.88,4.65,0.87,-3.94,Durian,Clay Loam,0.761,0.247,22.56,9,0.483,4.056.272,27.896
10.03,105.415,5,2,3.64,41.148,33.425,5.645,22.694,36.158,35.19,27.539,5.428,82.442,17.965,12,-4.696,-6,-6.246,-4.156,0.208,1.187,10.027,-0.124,9.291,5.113,0.405,-4.994,Durian,Clay,0.646,0.287,26.216,7,0.382,2.937.599,27.526
9.739,105.186,5.148,1.148,3.64,38.682,37.462,5.418,24.292,37.026,47.867,27.904,4.826,81.448,17.03,12,-4.603,-5.592,-5.851,-3.389,-0.431,1.545,8.146,0.175,8.469,4.209,1.714,-4.348,Durian,Clay Loam,0.697,0.301,24.214,9,0.349,3.429.729,27.897
10.303,105.641,5,5,3.64,41.991,26.029,5.804,17.923,40.086,32.378,27.742,4.637,80.591,17.902,12,-4.02,-5.166,-5.345,-3.98,0.31,1.531,7.435,-0.409,8.273,5.152,0.327,-4.147,Durian,Clay,0.723,0.294,23.067,9,0.359,2.592.892,27.71
10.16,105.124,5.324,1.676,3.64,37.008,33.783,5.738,24.907,38.017,43.177,27.926,4.809,80.103,17.952,12,-3.983,-5.28,-5.567,-3.602,-0.259,0.659,6.157,-0.205,10.64,4.462,0.977,-4.04,Durian,Clay Loam,0.749,0.293,22.936,9,0.465,2.735.978,27.915
10.441,105.429,6,1.446,3.64,40.9,35.122,5.889,22.188,36.912,43.812,27.862,4.779,80.722,17.9,12,-4.153,-5.358,-5.594,-3.703,-0.05,1.226,7.358,-0.233,9.315,4.556,0.812,-4.205,Durian,Clay,0.723,0.3,23.296,9,0.4,2.408.615,27.853
9.022,105.364,5.648,3,3.64,35.177,38.741,5.4,31.37,33.417,47.04,27.84,5.34,82.89,17.03,12,-5.21,-5.96,-6.44,-3.2,-0.3,0.5,9.1,0.95,8.41,6.51,1.07,-5.45,Durian,Clay Loam,0.641,0.284,26.56,7,0.343,3.468.752,27.82
9.613,105.157,5.406,1.406,3.64,37.633,39.873,5.538,27.399,34.968,39.797,27.97,4.72,81.28,17.03,12,-4.59,-5.52,-5.78,-3.25,-0.54,1.6,7.82,0.24,8.31,4.06,1.94,-4.24,Durian,Clay Loam,0.706,0.283,23.92,9,0.347,3.169.572,27.961
10.579,106.165,5,2,3.64,39.984,32.778,5.97,17.162,42.855,30.782,27.845,4.449,80.058,17.999,12,-4.026,-4.93,-5.06,-3.992,0.335,2.192,7.72,-0.336,7.211,4.667,0.133,-3.953,Durian,Clay Loam,0.747,0.294,22.297,7,0.347,2.233.009,27.832
9.391,104.836,5.934,0.066,3.64,42.156,38.121,5.313,28.398,29.446,43.636,27.97,4.72,81.28,18.06,12,-4.59,-5.52,-5.78,-3.25,-0.54,1.6,7.82,0.24,8.31,4.06,1.94,-4.24,Durian,Clay,0.706,0.286,23.92,9,0.347,3.657.365,27.97
10.035,105.698,5.178,2.714,3.64,33.404,35.403,6.1,23.475,43.186,45.793,27.536,5.37,82.406,18.055,12,-4.662,-5.926,-6.162,-4.185,0.246,1.303,10.037,-0.182,9.072,4.981,0.394,-4.909,Durian,Clay Loam,0.647,0.3,26.026,7,0.386,1.951.173,27.518
10.809,105.599,5.372,2,3.64,35.887,24.908,5.726,24.06,40.027,34.105,28.1,3.74,77.56,17.9,12,-3.37,-4.2,-4.32,-3.49,0.06,1.63,4.58,-0.12,6.51,5.58,0.4,-3.31,Durian,Clay Loam,0.853,0.282,18.81,9,0.347,2.761.994,28.087
10.17,106.226,6,4.456,3.64,33.917,32.064,6.091,20.611,45.472,40.234,27.634,4.976,82.025,18.031,12,-4.479,-5.473,-5.645,-4.127,0.433,1.618,9.592,-0.156,7.733,4.677,0.322,-4.543,Durian,Clay Loam,0.665,0.299,24.423,7,0.394,1.970.685,27.605
9.791,106.156,5,2.253,3.64,36.677,31.653,6.175,26.779,36.544,46.377,27.587,5.148,82.36,18.331,12,-4.605,-5.659,-5.849,-4.168,0.394,1.536,10.06,-0.125,8.059,4.696,0.343,-4.716,Durian,Clay Loam,0.651,0.293,25.122,7,0.401,1.788.575,27.572
10.22,106.054,6,3.001,3.64,38.897,33.802,6.3,20.201,40.901,35.902,27.61,5.05,82.34,18.06,12,-4.58,-5.54,-5.71,-4.16,0.46,1.64,10.07,-0.1,7.61,4.57,0.32,-4.63,Durian,Clay Loam,0.653,0.294,24.72,7,0.408,1.517.579,27.59
9.772,106.174,5.159,2,3.64,37.75,30.045,6.068,26.13,36.121,42.186,27.596,5.112,82.353,18.493,12,-4.596,-5.615,-5.797,-4.165,0.419,1.575,10.064,-0.116,7.893,4.649,0.334,-4.684,Durian,Clay Loam,0.652,0.289,24.973,7,0.404,2.020.548,27.583
10.305,106.003,5,3.406,3.64,39.253,30.887,6.2,22.865,37.882,42.75,27.83,4.475,80.132,17.985,12,-4.025,-4.963,-5.1,-3.991,0.331,2.099,7.68,-0.346,7.36,4.735,0.16,-3.98,Durian,Clay Loam,0.744,0.297,22.405,7,0.343,1.734.376,27.808
10.697,106.507,6,2.223,3.64,36.516,26.028,6.055,26.817,36.573,26.611,27.919,4.295,79.607,18.051,12,-4.004,-4.741,-4.838,-3.979,0.336,2.624,7.781,-0.272,6.49,4.376,-0.01,-3.799,Durian,Clay Loam,0.767,0.266,21.643,7,0.36,2.048.732,27.905
10.39,106.324,5.898,3.102,3.64,37.184,33.202,6.21,19.796,43.02,35.625,27.91,4.33,79.72,18.06,12,-4.03,-4.78,-4.88,-4,0.35,2.61,7.9,-0.29,6.54,4.36,0.01,-3.83,Durian,Clay Loam,0.763,0.294,21.81,7,0.363,1.712.696,27.89
10.519,105.81,6,2.437,3.64,41.79,28.867,6.042,18.737,39.388,38.792,27.765,4.659,80.478,17.9,12,-3.995,-5.17,-5.366,-3.933,0.233,1.371,7.165,-0.388,8.668,5.086,0.409,-4.119,Durian,Clay,0.728,0.301,22.971,9,0.378,2.076.915,27.749
9.898,105.642,5.473,2,3.64,34.226,26.18,5.836,27.689,38.032,40.346,27.794,4.966,81.539,17.853,12,-4.411,-5.524,-5.752,-3.802,0.038,1.297,8.61,-0.095,8.943,4.306,0.784,-4.43,Durian,Clay Loam,0.689,0.283,24.014,9,0.373,2.523.517,27.781
10.104,106.522,6,3.652,3.64,36.383,36.701,6.283,21.791,41.826,37.87,27.61,5.05,82.34,18.184,12,-4.58,-5.54,-5.71,-4.16,0.46,1.64,10.07,-0.1,7.61,4.57,0.32,-4.63,Durian,Clay Loam,0.653,0.293,24.72,7,0.408,1.554.434,27.586
9.789,105.514,6,1.702,3.64,36.756,43.515,5.921,27.752,35.491,62.954,27.651,5.276,81.943,17.337,12,-4.555,-5.861,-6.12,-3.978,0.039,1.158,9.215,-0.167,9.614,4.772,0.646,-4.755,Durian,Clay Loam,0.669,0.314,25.436,9,0.378,2339.24,27.64
10.104,105.092,6,1.16,3.64,32.048,24.34,5.436,32.476,35.46,31.588,27.952,4.871,80.65,17.224,12,-4.194,-5.456,-5.737,-3.509,-0.321,0.912,7.03,-0.117,10.258,4.163,1.147,-4.2,Durian,Clay Loam,0.729,0.26,23.534,9,0.436,3.390.705,27.944
10.623,105.713,6,2,3.64,40.491,34.605,5.909,22.027,37.504,44.563,27.79,4.697,80.65,17.9,12,-4.075,-5.247,-5.45,-3.866,0.162,1.4,7.4,-0.337,8.71,4.912,0.528,-4.173,Durian,Clay,0.723,0.302,23.148,9,0.377,2.365.255,27.777
9.895,105.234,5.77,1.46,3.64,36.745,26.4,5.577,27.008,36.247,33.253,27.96,4.89,80.82,17.03,12,-4.26,-5.51,-5.79,-3.48,-0.34,0.99,7.3,-0.09,10.14,4.07,1.2,-4.25,Durian,Clay Loam,0.723,0.274,23.72,9,0.428,3.085.021,27.951
10.006,105.262,5.869,1.131,3.64,37.068,33.284,5.687,27.937,35.082,34.966,27.96,4.89,80.82,17.189,12,-4.26,-5.51,-5.79,-3.48,-0.34,0.99,7.3,-0.09,10.14,4.07,1.2,-4.25,Durian,Clay Loam,0.723,0.275,23.72,9,0.428,2.846.545,27.953
10.246,105.03,5.868,2,3.64,38.024,33.632,5.513,25.072,36.904,36.181,27.917,4.786,79.9,17.945,12,-3.904,-5.215,-5.504,-3.636,-0.236,0.565,5.833,-0.238,10.782,4.573,0.914,-3.981,Durian,Clay Loam,0.756,0.283,22.714,9,0.476,3.223.771,27.904
10.614,106.68,5.963,3,3.64,32.165,35.418,5.993,24.423,43.412,32.994,27.772,4.057,80.725,18.06,12,-3.791,-4.504,-4.583,-4.025,0.244,3.505,7.408,0.435,6.073,2.974,-0.206,-3.55,Durian,Clay Loam,0.719,0.28,20.659,7,0.359,2.183.146,27.752
10.693,105.082,6,1.969,3.64,33.456,32.987,5.309,26.438,40.106,31.144,27.912,4.774,79.793,17.873,12,-3.863,-5.181,-5.47,-3.654,-0.224,0.515,5.663,-0.255,10.857,4.632,0.88,-3.95,Durian,Clay Loam,0.76,0.273,22.597,9,0.482,3.666.037,27.899
10.755,104.764,5,8.15,3.64,29.114,32.263,5.481,38.697,32.216,30.075,27.647,4.178,78.436,18.24,12,-3.426,-4.475,-4.736,-3.382,-0.425,0.559,3.504,0.142,9.703,4.833,1.038,-3.348,Durian,Clay Loam,0.798,0.243,19.792,9,0.491,3.293.146,27.594
10.659,105.328,6,2.91,3.64,36.671,27.092,5.964,22.001,41.327,33.528,27.74,4.64,80.6,17.9,12,-4.02,-5.17,-5.35,-3.98,0.31,1.52,7.43,-0.41,8.29,5.16,0.33,-4.15,Durian,Clay Loam,0.722,0.286,23.08,9,0.36,2.246.017,27.721
10.595,106.327,5.143,2,3.64,40.442,32.986,6.171,16.972,42.587,29.215,27.934,4.242,79.432,18.06,12,-3.963,-4.68,-4.773,-3.946,0.314,2.646,7.596,-0.244,6.412,4.401,-0.041,-3.752,Durian,Clay,0.774,0.292,21.399,7,0.355,1.797.247,27.921
10.318,105.681,5,2,3.64,37.778,27.593,5.714,18.418,43.901,34.875,27.74,4.64,80.6,17.9,12,-4.02,-5.17,-5.35,-3.98,0.31,1.52,7.43,-0.41,8.29,5.16,0.33,-4.15,Durian,Clay Loam,0.722,0.296,23.08,9,0.36,2.788.009,27.727
10.569,105.59,5.24,173.822,3.64,36.624,31.011,5.904,25.158,38.241,41.974,27.781,4.671,80.398,17.982,12,-3.979,-5.17,-5.376,-3.903,0.183,1.275,6.993,-0.374,8.911,5.038,0.46,-4.1,Durian,Clay Loam,0.732,0.291,22.902,9,0.39,2.376.095,26.651
10.638,106.297,5.558,2,3.64,44.667,33.075,5.944,14.373,41.015,26.213,27.91,4.33,79.72,18.06,12,-4.03,-4.78,-4.88,-4,0.35,2.61,7.9,-0.29,6.54,4.36,0.01,-3.83,Durian,Clay,0.763,0.294,21.81,7,0.363,2.289.376,27.897
10.404,106.205,5.312,3.376,3.64,39.125,25.482,6.15,20.17,40.706,31.493,27.754,4.248,80.765,18.01,12,-3.869,-4.723,-4.834,-4.021,0.269,2.903,7.458,0.182,6.776,3.612,-0.035,-3.744,Durian,Clay Loam,0.717,0.288,21.226,7,0.352,1.842.774,27.732
9.202,105.584,6,2.679,3.64,41.793,33.891,5.504,30.074,28.134,43.079,27.663,5.571,82.849,17.03,12,-5.169,-6.137,-6.555,-3.642,-0.212,0.677,10.003,0.542,9.042,6.204,0.744,-5.47,Durian,Clay,0.636,0.281,27.185,7,0.368,3.243.283,27.646
10.623,105.697,5.724,2,3.64,40.28,34.965,5.817,19.372,40.348,36.832,27.74,4.64,80.6,17.9,12,-4.02,-5.17,-5.35,-3.98,0.31,1.52,7.43,-0.41,8.29,5.16,0.33,-4.15,Durian,Clay,0.722,0.297,23.08,9,0.36,2.564.709,27.727
10.3,105.402,5,2,3.64,40.542,34.373,5.752,25.946,33.512,35.07,27.909,4.682,80.825,18.194,12,-4.143,-5.258,-5.488,-3.622,-0.19,1.636,7.343,0.047,9.111,3.775,0.844,-4.075,Durian,Clay,0.721,0.279,22.776,9,0.4,2.705.627,27.896
10.269,105.014,5,3.599,3.64,35.8,35.72,5.56,32.1,32.1,32.361,27.896,4.884,80.387,17.998,12,-4.122,-5.328,-5.656,-3.568,-0.236,0.5,6.309,-0.018,10.385,5.023,0.91,-4.243,Durian,Clay Loam,0.737,0.261,23.171,9,0.449,3.121.877,27.873
10.363,106.583,5.868,3,3.64,39.922,34.232,6.387,19.71,40.368,35.79,27.78,4.104,80.692,18.06,12,-3.83,-4.554,-4.637,-4.035,0.263,3.409,7.527,0.352,6.149,3.101,-0.172,-3.596,Durian,Clay Loam,0.721,0.295,20.824,7,0.362,1.328.966,27.76
9.763,105.984,5.715,4.43,3.64,33.701,36.059,5.957,28.214,38.113,52.782,27.699,5.326,82.634,18.274,12,-4.83,-5.91,-6.124,-3.861,0.279,0.822,10.001,0.529,8.439,5.478,0.36,-5.199,Durian,Clay Loam,0.645,0.299,25.924,7,0.386,2.261.193,27.67
9.778,105.968,5.563,5.437,3.64,33.182,36.169,5.987,28.256,38.562,49.245,27.661,5.35,82.589,18.009,12,-4.798,-5.931,-6.153,-3.931,0.262,0.909,10.007,0.374,8.642,5.391,0.371,-5.15,Durian,Clay Loam,0.645,0.294,25.963,7,0.386,2.196.154,27.626
10.13,106.214,5,5.472,3.64,38.58,31.733,6.159,18.936,42.485,45.147,27.61,5.05,82.34,18.06,12,-4.58,-5.54,-5.71,-4.16,0.46,1.64,10.07,-0.1,7.61,4.57,0.32,-4.63,Durian,Clay Loam,0.653,0.31,24.72,7,0.408,1.823.263,27.574
9.952,105.097,5.457,2,3.64,37.278,36.764,5.446,30.555,32.212,39.537,27.943,4.743,80.586,17.427,12,-4.252,-5.36,-5.634,-3.437,-0.394,1.098,6.811,0.012,9.484,4.329,1.451,-4.103,Durian,Clay Loam,0.731,0.275,23.18,9,0.409,3.369.025,27.93
10.527,105.201,5.841,2.318,3.64,35.952,27.786,5.752,18.882,45.15,33.284,27.91,4.77,79.76,17.9,12,-3.85,-5.17,-5.46,-3.66,-0.22,0.5,5.61,-0.26,10.88,4.65,0.87,-3.94,Durian,Clay Loam,0.761,0.293,22.56,9,0.483,2.705.627,27.895
9.894,106.39,6,2,3.64,39.924,35.33,6.141,26.791,33.306,37.15,27.61,5.05,82.34,18.77,12,-4.58,-5.54,-5.71,-4.16,0.46,1.64,10.07,-0.1,7.61,4.57,0.32,-4.63,Durian,Clay Loam,0.653,0.28,24.72,7,0.408,1.862.286,27.597
10.586,105.812,5.091,2,3.64,40.609,32.255,5.591,17.419,41.972,32.246,27.74,4.64,80.6,17.9,12,-4.02,-5.17,-5.35,-3.98,0.31,1.52,7.43,-0.41,8.29,5.16,0.33,-4.15,Durian,Clay,0.722,0.295,23.08,9,0.36,3054.67,27.727
10.58,106.342,5,2,3.64,39.907,33.292,6.169,16.954,43.139,29.239,27.91,4.33,79.72,18.06,12,-4.03,-4.78,-4.88,-4,0.35,2.61,7.9,-0.29,6.54,4.36,0.01,-3.83,Durian,Clay Loam,0.763,0.292,21.81,7,0.363,1.801.583,27.897
9.85,105.24,5.546,2.815,3.64,35.402,26.99,5.555,27.644,36.954,32.682,27.96,4.89,80.82,17.03,12,-4.26,-5.51,-5.79,-3.48,-0.34,0.99,7.3,-0.09,10.14,4.07,1.2,-4.25,Durian,Clay Loam,0.723,0.272,23.72,9,0.428,3.132.717,27.942
9.717,105.591,5.53,1.53,3.64,36.92,40.419,5.865,25.964,37.117,47.617,27.548,5.553,82.613,17.03,12,-4.901,-6.109,-6.424,-4.03,0.026,1.009,10.218,0.058,9.367,5.535,0.495,-5.21,Durian,Clay Loam,0.64,0.297,26.674,7,0.383,2.460.646,27.538
10.833,104.656,6,8,3.64,26.123,30.563,5.5,37.109,36.768,35.395,27.561,3.959,77.931,18.24,12,-3.269,-4.221,-4.47,-3.282,-0.496,0.582,2.74,0.291,9.26,4.901,1.096,-3.131,Durian,Loam,0.813,0.254,18.869,9,0.491,3.251.955,27.509
10.648,105.733,5.797,2,3.64,40.337,34.922,5.839,19.38,40.283,37.165,27.74,4.64,80.6,17.9,12,-4.02,-5.17,-5.35,-3.98,0.31,1.52,7.43,-0.41,8.29,5.16,0.33,-4.15,Durian,Clay,0.722,0.297,23.08,9,0.36,2.517.013,27.727
10.407,104.962,5.706,12.588,3.64,30.118,29.177,5.629,34,35.982,36.106,27.91,4.77,79.76,18.24,12,-3.85,-5.17,-5.46,-3.66,-0.22,0.5,5.61,-0.26,10.88,4.65,0.87,-3.94,Durian,Clay Loam,0.761,0.262,22.56,9,0.483,2.972.287,27.828
9.934,106.444,5.088,3.824,3.64,33.656,38.038,6.109,21.423,44.921,39.568,27.61,5.05,82.34,18.77,12,-4.58,-5.54,-5.71,-4.16,0.46,1.64,10.07,-0.1,7.61,4.57,0.32,-4.63,Durian,Clay Loam,0.653,0.296,24.72,7,0.408,1.931.661,27.585
9.746,105.563,5.968,2.097,3.64,40.329,27.416,5.703,25.21,34.555,38.488,27.578,5.672,82.817,17.03,12,-5.135,-6.213,-6.599,-3.861,-0.158,0.775,10.417,0.332,9.342,6.028,0.584,-5.463,Durian,Clay,0.634,0.286,27.429,7,0.379,2.811.857,27.564
10.499,106.361,5.185,2,3.64,39.437,28.404,6.3,17.93,42.633,36.611,27.882,4.282,79.928,18.06,12,-3.987,-4.732,-4.828,-4.007,0.331,2.781,7.82,-0.153,6.457,4.091,-0.029,-3.78,Durian,Clay Loam,0.754,0.3,21.516,7,0.364,1.517.579,27.869
10.835,105.885,6,2.462,3.64,33.354,21.723,5.454,24.938,41.708,27.945,28.1,3.74,77.56,17.9,12,-3.37,-4.2,-4.32,-3.49,0.06,1.63,4.58,-0.12,6.51,5.58,0.4,-3.31,Durian,Clay Loam,0.853,0.272,18.81,9,0.347,3.351.682,28.084
10.749,105.831,6,2,3.64,40.898,34.898,6,21.801,37.301,44.202,27.74,4.64,80.6,17.9,12,-4.02,-5.17,-5.351,-3.979,0.309,1.519,7.43,-0.41,8.292,5.159,0.331,-4.15,Durian,Clay,0.722,0.302,23.08,9,0.36,2167.97,27.727
10.717,106.228,6,2,3.64,46.143,32.021,5.96,14.716,39.181,25.743,28.012,3.959,78.511,18.06,12,-3.749,-4.361,-4.431,-3.773,0.2,2.76,6.626,-0.099,6.002,4.534,-0.205,-3.501,Durian,Clay,0.813,0.292,20.119,7,0.329,2.254.689,27.999
10.657,104.772,6,9.571,3.64,27.435,29.715,5.539,35.294,37.311,36.185,27.691,4.278,78.661,18.24,12,-3.498,-4.593,-4.859,-3.429,-0.39,0.549,3.861,0.074,9.902,4.802,1.01,-3.448,Durian,Clay Loam,0.792,0.259,20.217,9,0.49,3.167.404,27.629
10.862,105.919,5,2.495,3.64,36.227,28.709,5.274,20.823,42.95,31.021,28.085,3.717,77.665,18.02,12,-3.513,-4.11,-4.177,-3.588,0.09,2.556,5.475,-0.007,5.855,4.88,-0.164,-3.287,Durian,Clay Loam,0.848,0.286,18.846,9,0.311,3.741.916,28.069
10.061,105.792,5.558,3.325,3.64,39.423,31.826,6.032,24.523,36.053,43.656,27.617,5.087,81.616,17.414,12,-4.389,-5.639,-5.858,-4.097,0.249,1.358,8.882,-0.293,8.904,5.11,0.375,-4.608,Durian,Clay Loam,0.68,0.295,24.884,9,0.358,2.098.595,27.595
10.449,104.952,5,2,3.64,32.88,42.354,5.51,27.007,40.114,46.226,27.921,4.797,79.999,18.199,12,-3.942,-5.247,-5.534,-3.619,-0.247,0.611,5.991,-0.222,10.713,4.519,0.944,-4.01,Durian,Clay Loam,0.753,0.293,22.821,9,0.47,3.230.275,27.908
9.549,106.153,5.839,2.839,3.64,41.337,45.029,5.971,26.859,31.787,51.677,27.813,5.147,82.414,18.49,12,-4.819,-5.777,-5.998,-3.651,0.159,0.758,9.462,0.751,8.042,5.333,0.769,-5.047,Durian,Clay,0.658,0.301,25.292,7,0.374,2.230.841,27.795
10.146,105.115,5.348,1.652,3.64,36.986,33.827,5.726,24.976,37.973,43.236,27.927,4.812,80.129,17.956,12,-3.993,-5.288,-5.575,-3.597,-0.262,0.671,6.199,-0.201,10.622,4.448,0.985,-4.048,Durian,Clay Loam,0.748,0.293,22.964,9,0.463,2.761.994,27.916
10.438,106.5,5.674,2.674,3.64,39.67,28.065,6.367,18.407,41.991,35.652,27.809,4.155,80.475,18.06,12,-3.875,-4.605,-4.691,-4.027,0.283,3.23,7.61,0.209,6.237,3.383,-0.132,-3.648,Durian,Clay Loam,0.73,0.298,20.978,7,0.363,1.372.325,27.792
10.57,104.725,5.41,4,3.64,32.14,45.768,5.4,27.364,40.497,36.336,27.955,4.569,79.58,18.24,12,-3.743,-4.99,-5.255,-3.549,-0.257,0.598,5.233,-0.244,10.45,4.388,1.05,-3.727,Durian,Clay Loam,0.77,0.278,21.765,9,0.481,3.468.752,27.929
10.265,106.522,5.433,2,3.64,41.91,34.823,6.157,26.11,31.98,35.66,27.695,4.495,81.49,18.368,12,-4.138,-4.962,-5.081,-4.092,0.341,2.711,8.596,0.212,6.749,3.629,0.025,-4.024,Durian,Clay,0.687,0.28,22.297,7,0.386,1.827.599,27.682
10.398,105.027,5.984,2.031,3.64,36.211,34.645,5.5,33.072,30.816,39.717,27.91,4.77,79.76,17.9,12,-3.85,-5.17,-5.46,-3.66,-0.22,0.5,5.61,-0.26,10.88,4.65,0.87,-3.94,Durian,Clay Loam,0.761,0.27,22.56,9,0.483,3.251.955,27.897
10.229,105.881,5.15,4.551,3.64,39.26,31.294,6.155,24.36,36.38,43.615,27.707,4.76,80.872,17.77,12,-4.119,-5.296,-5.486,-4.011,0.294,1.477,7.819,-0.379,8.455,5.147,0.342,-4.273,Durian,Clay Loam,0.711,0.295,23.564,9,0.359,1.831.935,27.677
10.805,104.743,5.535,7.071,3.64,27.772,33.442,5.454,38.297,33.931,32.266,27.877,3.928,77.372,18.24,12,-3.238,-4.236,-4.47,-3.328,-0.372,0.634,3.019,0.311,8.965,4.921,0.966,-3.173,Durian,Clay Loam,0.849,0.247,18.817,9,0.476,3.351.682,27.831
10.545,104.88,5.68,30.74,3.64,30.355,33.585,5.7,37.431,32.182,39.582,27.795,4.511,79.182,18.009,12,-3.665,-4.866,-5.144,-3.539,-0.309,0.526,4.69,-0.084,10.366,4.73,0.943,-3.681,Durian,Clay Loam,0.778,0.259,21.288,9,0.488,2.818.361,27.595
10.005,105.392,6,1.604,3.64,38.977,30.087,5.6,24.302,36.721,38.035,27.52,5.44,82.42,17.556,12,-4.68,-6.01,-6.26,-4.19,0.2,1.23,10.03,-0.2,9.39,5.07,0.41,-4.97,Durian,Clay Loam,0.646,0.287,26.31,7,0.381,3.035.158,27.51
10.117,106.426,5,5,3.64,37.392,32.818,6.29,20.591,42.017,50.346,27.613,5.04,82.296,18.056,12,-4.566,-5.531,-5.701,-4.155,0.456,1.637,10.003,-0.108,7.627,4.585,0.32,-4.618,Durian,Clay Loam,0.654,0.313,24.679,7,0.406,1.539.259,27.58
9.913,105.416,5,2,3.64,39.233,33.96,5.628,25.212,35.628,38.056,27.52,5.44,82.42,17.03,12,-4.68,-6.01,-6.26,-4.19,0.2,1.23,10.03,-0.2,9.39,5.07,0.41,-4.97,Durian,Clay Loam,0.646,0.285,26.31,7,0.381,2.974.455,27.507
9.195,105.537,5.343,2.314,3.64,41.348,42.595,5.469,31.015,27.637,43.123,27.669,5.563,82.851,17.03,12,-5.171,-6.131,-6.552,-3.627,-0.215,0.671,9.974,0.556,9.021,6.214,0.755,-5.47,Durian,Clay,0.636,0.279,27.166,7,0.367,3.319.162,27.654
8.774,104.97,5.243,2,3.64,34.976,56.103,5.424,32.777,32.247,56.446,28.064,4.333,80.939,17.801,12,-4.321,-5.2,-5.525,-3.218,-0.62,1.09,6.389,0.497,7.668,3.446,3.382,-3.556,Durian,Clay Loam,0.723,0.294,22.44,9,0.341,3.416.721,28.051
10.43,104.878,5,2,3.64,33.518,45.267,5.581,28.858,37.624,42.695,27.912,4.776,79.81,18.231,12,-3.869,-5.186,-5.476,-3.651,-0.226,0.523,5.69,-0.252,10.845,4.623,0.886,-3.955,Durian,Clay Loam,0.759,0.283,22.615,9,0.481,3.076.349,27.899
9.081,105.37,6,1.908,3.64,40.006,35.738,5.582,31.95,28.045,42.697,27.816,5.371,82.884,17.03,12,-5.204,-5.984,-6.456,-3.26,-0.288,0.524,9.223,0.895,8.496,6.469,1.026,-5.453,Durian,Clay,0.64,0.276,26.645,7,0.346,3.074.181,27.804
10.7,106.202,6,3.724,3.64,40.383,26.024,5.61,19.762,39.856,31.528,27.91,4.33,79.72,18.06,12,-4.03,-4.78,-4.88,-4,0.35,2.61,7.9,-0.29,6.54,4.36,0.01,-3.83,Durian,Clay,0.763,0.289,21.81,7,0.363,3.013.478,27.886
10.001,105.831,5.749,4.749,3.64,37.401,30.152,5.851,22.65,39.949,38.247,27.543,5.342,82.4,17.288,12,-4.655,-5.892,-6.122,-4.182,0.265,1.333,10.04,-0.175,8.944,4.945,0.387,-4.885,Durian,Clay Loam,0.648,0.291,25.911,7,0.387,2.490.998,27.512
10.429,105.405,5.146,2,3.64,39.817,35.312,5.644,19.315,40.869,34.171,27.74,4.64,80.6,17.9,12,-4.02,-5.17,-5.35,-3.98,0.31,1.52,7.43,-0.41,8.29,5.16,0.33,-4.15,Durian,Clay Loam,0.722,0.293,23.08,9,0.36,2.939.767,27.727
9.591,105.275,5,2,3.64,38.213,38.428,5.472,28.356,33.431,39.215,27.949,4.778,81.428,17.209,12,-4.621,-5.556,-5.81,-3.299,-0.453,1.503,8.043,0.3,8.284,4.222,1.776,-4.348,Durian,Clay Loam,0.7,0.28,24.087,9,0.343,3.312.658,27.936
10.5,106.141,6,2,3.64,40.059,29.785,6.271,18.414,41.484,39.371,27.837,4.463,80.098,17.991,12,-4.026,-4.947,-5.082,-3.991,0.333,2.142,7.698,-0.341,7.291,4.703,0.147,-3.967,Durian,Clay,0.745,0.303,22.354,7,0.345,1580.45,27.824
10.787,106.175,5.982,2,3.64,45.428,31.739,6,15.6,38.972,25.109,28.077,3.721,77.737,18.06,12,-3.569,-4.093,-4.144,-3.627,0.105,2.855,5.809,0.024,5.657,4.645,-0.343,-3.29,Durian,Clay,0.845,0.289,19.066,7,0.304,2167.97,28.064
10.343,105.971,5,5,3.64,41.566,27.399,5.993,19.009,39.425,31.339,27.822,4.49,80.176,17.977,12,-4.025,-4.982,-5.123,-3.99,0.329,2.046,7.657,-0.352,7.446,4.774,0.176,-3.996,Durian,Clay,0.742,0.29,22.468,7,0.341,2.183.146,27.79
10.164,105.653,5.21,3.79,3.64,40.179,33.463,5.805,22.852,37.048,48.142,27.52,5.44,82.42,17.717,12,-4.68,-6.01,-6.26,-4.19,0.2,1.23,10.03,-0.2,9.39,5.07,0.41,-4.97,Durian,Clay,0.646,0.305,26.31,7,0.381,2.590.724,27.495
10.814,105.153,6,3.346,3.64,35.049,28.551,5.796,24.112,40.839,31.211,28.16,3.9,76.87,17.9,12,-3.21,-4.25,-4.47,-3.37,-0.26,0.68,3.27,0.33,8.7,4.94,0.85,-3.21,Durian,Clay Loam,0.882,0.278,18.77,9,0.464,2.610.236,28.138
9.889,105.717,6,2.224,3.64,39.376,33.028,5.967,24.835,35.79,44.395,27.52,5.44,82.42,17.03,12,-4.68,-6.01,-6.26,-4.19,0.2,1.23,10.03,-0.2,9.39,5.07,0.41,-4.97,Durian,Clay Loam,0.646,0.295,26.31,7,0.381,2.239.513,27.506
10.844,105.889,6,2.941,3.64,33.306,21.435,5.406,24.459,42.235,26.747,28.1,3.74,77.56,17.9,12,-3.37,-4.2,-4.32,-3.49,0.06,1.63,4.58,-0.12,6.51,5.58,0.4,-3.31,Durian,Clay Loam,0.853,0.271,18.81,9,0.347,3.455.744,28.081
10.852,104.693,5,5.928,3.64,28.272,32.604,5.4,38.709,33.019,29.333,27.576,4.019,78.081,18.24,12,-3.312,-4.289,-4.542,-3.308,-0.48,0.574,2.939,0.25,9.387,4.882,1.083,-3.189,Durian,Clay Loam,0.808,0.242,19.12,9,0.491,3.468.752,27.537
10.672,106.359,5,2.534,3.64,36.221,34.316,5.986,20.816,42.963,28.066,28.001,3.999,78.641,18.06,12,-3.779,-4.406,-4.479,-3.797,0.216,2.744,6.762,-0.119,6.059,4.515,-0.182,-3.536,Durian,Clay Loam,0.807,0.281,20.298,7,0.333,2.198.322,27.985
9.416,105.515,5.883,2,3.64,42.877,39.723,5.788,32.141,24.994,45.935,27.58,5.68,82.83,17.03,12,-5.15,-6.22,-6.61,-3.85,-0.17,0.76,10.43,0.35,9.34,6.06,0.59,-5.48,Durian,Clay,0.633,0.28,27.48,7,0.379,2627.58,27.567
9.963,105.268,5.917,1.083,3.64,37.458,36.665,5.583,28.133,34.317,39.492,27.961,4.876,80.858,17.03,12,-4.287,-5.511,-5.789,-3.461,-0.357,1.04,7.343,-0.063,9.989,4.069,1.261,-4.249,Durian,Clay Loam,0.722,0.281,23.717,9,0.421,3.072.013,27.954
10.568,106.353,5,2,3.64,39.846,33.358,6.182,17.025,43.147,30.655,27.91,4.33,79.72,18.06,12,-4.03,-4.78,-4.88,-4,0.35,2.61,7.9,-0.29,6.54,4.36,0.01,-3.83,Durian,Clay Loam,0.763,0.294,21.81,7,0.363,1.773.399,27.897
9.246,105.167,6,1,3.64,40.035,39.642,5.464,30.35,29.65,51.825,27.995,4.623,81.115,17.03,12,-4.54,-5.438,-5.723,-3.246,-0.572,1.482,7.423,0.294,8.181,3.942,2.323,-4.075,Durian,Clay,0.714,0.293,23.594,9,0.346,3.330.002,27.989
10.289,105.259,5.322,2,3.64,37.88,33.329,5.803,23.613,38.471,43.495,27.926,4.809,80.101,17.9,12,-3.982,-5.28,-5.566,-3.602,-0.259,0.658,6.154,-0.205,10.642,4.463,0.976,-4.04,Durian,Clay Loam,0.749,0.297,22.934,9,0.465,2595.06,27.913
9.272,105.901,5.023,1.023,3.64,36.743,37.471,5.593,30.229,33.028,43.671,27.586,5.672,82.831,17.03,12,-5.151,-6.214,-6.606,-3.835,-0.173,0.754,10.4,0.364,9.319,6.07,0.601,-5.479,Durian,Clay Loam,0.633,0.282,27.458,7,0.378,3.050.334,27.579
9.61,105.467,5.799,1,3.64,37.859,33.58,5.74,25.62,36.501,43.1,27.58,5.68,82.83,17.03,12,-5.15,-6.22,-6.61,-3.85,-0.17,0.76,10.43,0.35,9.34,6.06,0.59,-5.48,Durian,Clay Loam,0.633,0.291,27.48,7,0.379,2.731.642,27.574
9.911,105.999,6,1.693,3.64,38.916,36.063,6.016,26.631,34.453,37.947,27.582,5.17,82.365,18.236,12,-4.611,-5.684,-5.879,-4.169,0.38,1.514,10.058,-0.131,8.156,4.723,0.348,-4.734,Durian,Clay Loam,0.651,0.282,25.208,7,0.399,2.133.282,27.571
9.897,105.252,6,1.357,3.64,38.061,36.589,5.582,28.046,33.811,39.464,27.962,4.86,80.902,17.03,12,-4.319,-5.512,-5.788,-3.439,-0.376,1.099,7.393,-0.031,9.813,4.068,1.332,-4.248,Durian,Clay Loam,0.72,0.281,23.713,9,0.414,3.074.181,27.953
9.462,105.081,5,7.959,3.64,37.132,29.069,5.621,29.854,33.014,65.853,27.955,4.734,81.324,17.072,12,-4.59,-5.521,-5.777,-3.287,-0.499,1.602,7.913,0.226,8.281,4.081,1.873,-4.256,Durian,Clay Loam,0.704,0.314,23.93,9,0.345,2.989.631,27.903
10.009,106.186,6,2,3.64,33.13,34.369,6.133,24.597,42.341,41.015,27.61,5.05,82.34,18.536,12,-4.58,-5.54,-5.71,-4.16,0.46,1.64,10.07,-0.1,7.61,4.57,0.32,-4.63,Durian,Clay Loam,0.653,0.291,24.72,7,0.408,1879.63,27.597
10.308,106.204,5.048,2.952,3.64,37.474,35.852,6.19,23.989,38.537,44.295,27.902,4.345,79.763,18.052,12,-4.03,-4.799,-4.903,-3.999,0.348,2.557,7.877,-0.296,6.625,4.399,0.026,-3.846,Durian,Clay Loam,0.761,0.297,21.873,7,0.361,1.756.056,27.883
9.321,105.951,5,1.248,3.64,36.663,37.14,5.675,30.039,33.286,43.663,27.604,5.63,82.816,17.246,12,-5.118,-6.177,-6.543,-3.835,-0.11,0.748,10.375,0.408,9.181,6.008,0.559,-5.456,Durian,Clay Loam,0.635,0.282,27.239,7,0.38,2872.56,27.596
10.137,106.193,5.104,4.689,3.64,32.51,31.092,6.19,21.325,46.155,42.389,27.601,5.09,82.348,18.043,12,-4.59,-5.589,-5.767,-4.163,0.433,1.597,10.066,-0.11,7.795,4.622,0.329,-4.665,Durian,Clay Loam,0.652,0.3,24.884,7,0.405,1.756.056,27.571
10.034,104.999,6,2.216,3.64,33.339,39.08,5.4,27.124,39.537,35.446,27.99,4.542,80.486,17.52,12,-4.185,-5.2,-5.448,-3.307,-0.447,1.252,6.552,0.054,8.926,4.04,1.685,-3.908,Durian,Clay Loam,0.737,0.277,22.495,9,0.397,3.468.752,27.976
9.923,105.719,5.383,3.383,3.64,37.11,37.223,6.1,24.917,37.912,45.665,27.52,5.44,82.42,17.03,12,-4.68,-6.01,-6.26,-4.19,0.2,1.23,10.03,-0.2,9.39,5.07,0.41,-4.97,Durian,Clay Loam,0.646,0.297,26.31,7,0.381,1.951.173,27.498
9.298,105.691,6,2,3.64,38.361,41.113,5.523,31.797,29.819,42.629,27.681,5.548,82.853,17.03,12,-5.173,-6.119,-6.544,-3.598,-0.22,0.659,9.915,0.582,8.98,6.234,0.776,-5.468,Durian,Clay Loam,0.636,0.277,27.122,7,0.365,3.202.092,27.668
9.854,105.404,5.701,1.598,3.64,35.837,36.108,5.679,26.562,37.501,46.279,27.829,5.054,81.298,17.03,12,-4.386,-5.659,-5.93,-3.692,-0.179,1.062,8.116,-0.123,9.916,4.369,0.964,-4.465,Durian,Clay Loam,0.7,0.294,24.434,9,0.406,2.863.888,27.819
10.692,105.885,5.935,2,3.64,40.539,34.917,5.932,19.348,40.106,38.411,27.741,4.603,80.616,17.91,12,-4.006,-5.128,-5.301,-3.984,0.306,1.65,7.433,-0.354,8.147,5.014,0.296,-4.112,Durian,Clay,0.722,0.299,22.885,9,0.357,2.315.392,27.728
10.317,105.931,5.053,3.947,3.64,37.121,35.021,5.995,23.537,39.337,40.211,27.901,4.346,79.766,17.9,12,-4.029,-4.801,-4.905,-3.999,0.348,2.553,7.875,-0.296,6.632,4.402,0.027,-3.847,Durian,Clay Loam,0.76,0.292,21.877,7,0.361,2178.81,27.875
9.134,105.496,6,2.375,3.64,40.986,34.551,5.6,31.213,27.8,43.087,27.743,5.467,82.868,17.03,12,-5.188,-6.057,-6.504,-3.444,-0.251,0.597,9.598,0.725,8.758,6.341,0.89,-5.461,Durian,Clay,0.638,0.279,26.905,7,0.357,3.035.158,27.728
10.534,105.79,6,3.567,3.64,38.665,28.106,6.008,19.127,42.208,37.933,27.777,4.573,80.409,17.935,12,-4.022,-5.086,-5.248,-3.984,0.319,1.756,7.532,-0.384,7.911,4.987,0.261,-4.081,Durian,Clay Loam,0.731,0.299,22.805,9,0.347,2.150.626,27.754
9.614,106.45,5.612,2,3.64,42.257,36.267,6.061,25.594,32.149,39.435,27.77,5.28,82.72,18.77,12,-4.89,-5.87,-6.07,-3.73,0.31,0.66,9.99,0.82,8.06,5.64,0.34,-5.29,Durian,Clay,0.644,0.286,25.85,7,0.387,2.035.724,27.757
10.615,104.816,5.516,193.541,3.64,29.558,37.237,5.648,39.406,31.039,47.46,27.736,4.378,78.883,18.24,12,-3.569,-4.71,-4.98,-3.476,-0.356,0.539,4.215,0.006,10.1,4.771,0.981,-3.548,Durian,Clay Loam,0.786,0.266,20.639,9,0.49,2.931.095,26.478
9.942,105.841,5.339,2,3.64,39.468,31.343,6.032,23.312,37.22,43.105,27.52,5.44,82.42,17.03,12,-4.68,-6.01,-6.26,-4.19,0.2,1.23,10.03,-0.2,9.39,5.07,0.41,-4.97,Durian,Clay Loam,0.646,0.297,26.31,7,0.381,2.098.595,27.507
10.047,106.385,5.553,4.553,3.64,33.455,34.648,6.155,21.3,45.245,39.645,27.61,5.05,82.34,18.377,12,-4.58,-5.54,-5.71,-4.16,0.46,1.64,10.07,-0.1,7.61,4.57,0.32,-4.63,Durian,Clay Loam,0.653,0.297,24.72,7,0.408,1.831.935,27.58
10.004,105.406,5.403,2,3.64,37.983,30.931,5.66,25.874,36.143,37.958,27.52,5.44,82.42,17.38,12,-4.68,-6.01,-6.26,-4.19,0.2,1.23,10.03,-0.2,9.39,5.07,0.41,-4.97,Durian,Clay Loam,0.646,0.284,26.31,7,0.381,2905.08,27.507
9.819,105.608,5.216,1.784,3.64,39.119,33.892,5.778,24.659,36.222,42.216,27.533,5.492,82.509,17.03,12,-4.782,-6.055,-6.336,-4.117,0.12,1.128,10.116,-0.081,9.379,5.284,0.449,-5.08,Durian,Clay Loam,0.643,0.292,26.451,7,0.382,2.649.259,27.521
10.48,105.478,6,2,3.64,35.169,27.629,5.956,19.175,45.656,33.04,27.822,4.703,80.196,17.9,12,-3.938,-5.17,-5.403,-3.826,0.055,1.029,6.555,-0.338,9.536,4.915,0.59,-4.049,Durian,Clay Loam,0.741,0.292,22.724,9,0.42,2.263.361,27.809
10.602,104.639,6,3.878,3.64,31.067,41.241,5.4,27.567,41.366,36.055,28.018,4.298,79.4,18.191,12,-3.631,-4.762,-4.993,-3.384,-0.319,0.775,4.818,-0.201,9.768,4.012,1.336,-3.453,Durian,Clay Loam,0.779,0.277,20.743,9,0.472,3.468.752,27.993
9.215,105.562,5.164,2.164,3.64,37.89,38.803,5.5,33.769,28.341,36.798,27.797,5.396,82.88,17.03,12,-5.2,-6.003,-6.468,-3.307,-0.279,0.543,9.318,0.852,8.563,6.436,0.991,-5.455,Durian,Clay Loam,0.64,0.264,26.712,7,0.349,3.251.955,27.783
10.318,105.602,5,2,3.64,34.57,26.967,5.712,19.565,45.909,31.668,27.74,4.64,80.6,17.9,12,-4.02,-5.17,-5.35,-3.98,0.31,1.52,7.43,-0.41,8.29,5.16,0.33,-4.15,Durian,Clay Loam,0.722,0.289,23.08,9,0.36,2.792.345,27.727
9.796,106.182,5,2,3.64,40.693,32.775,6.035,24.385,34.923,35.97,27.701,5.324,82.637,18.531,12,-4.832,-5.909,-6.122,-3.857,0.28,0.817,10.001,0.539,8.426,5.483,0.359,-5.202,Durian,Clay,0.645,0.284,25.922,7,0.386,2.092.091,27.688
10.626,104.86,5,10.746,3.64,30.217,31.613,5.578,38.21,31.632,31.373,27.764,4.441,79.024,18.24,12,-3.614,-4.784,-5.057,-3.505,-0.334,0.533,4.439,-0.036,10.225,4.752,0.964,-3.611,Durian,Clay Loam,0.782,0.246,20.941,9,0.489,3.082.853,27.694
9.822,105.776,6,2,3.64,40.789,32.994,6.005,23.336,35.875,43.106,27.541,5.524,82.563,17.03,12,-4.844,-6.083,-6.382,-4.071,0.071,1.066,10.17,-0.008,9.373,5.416,0.473,-5.148,Durian,Clay,0.642,0.297,26.536,7,0.383,2157.13,27.528
10.18,105.965,6,4.041,3.64,35.034,32.723,6.152,21.348,43.618,39.312,27.567,5.237,82.378,17.983,12,-4.628,-5.765,-5.974,-4.174,0.335,1.443,10.051,-0.148,8.463,4.81,0.363,-4.793,Durian,Clay Loam,0.649,0.296,25.482,7,0.395,1.838.439,27.541
10.65,106.284,5.384,2,3.64,41.867,32.624,6.123,16.585,41.548,28.056,27.975,4.092,78.944,18.06,12,-3.849,-4.511,-4.592,-3.854,0.254,2.706,7.082,-0.167,6.194,4.471,-0.128,-3.619,Durian,Clay,0.795,0.291,20.72,7,0.342,1901.31,27.962
9.779,105.408,6,1,3.64,39.565,31.439,5.699,24.197,36.238,39.457,27.52,5.44,82.42,17.03,12,-4.68,-6.01,-6.26,-4.19,0.2,1.23,10.03,-0.2,9.39,5.07,0.41,-4.97,Durian,Clay Loam,0.646,0.29,26.31,7,0.381,2.820.529,27.514
9.569,105.941,5.47,2.94,3.64,38.119,32.883,5.594,26.141,35.74,31.654,27.681,5.468,82.772,17.03,12,-5.012,-6.035,-6.324,-3.786,0.084,0.707,10.197,0.599,8.662,5.837,0.458,-5.379,Durian,Clay Loam,0.639,0.274,26.536,7,0.384,3.048.166,27.662
10.108,105.566,5.744,2.256,3.64,33.451,35.965,5.728,24.4,42.149,34.09,27.52,5.44,82.42,17.9,12,-4.68,-6.01,-6.26,-4.19,0.2,1.23,10.03,-0.2,9.39,5.07,0.41,-4.97,Durian,Clay Loam,0.646,0.282,26.31,7,0.381,2.757.658,27.505
9.773,105.171,5,1.128,3.64,35.115,44.949,5.374,25.215,39.756,41.2,27.96,4.89,80.82,17.162,12,-4.26,-5.51,-5.79,-3.48,-0.34,0.99,7.3,-0.09,10.14,4.07,1.2,-4.25,Durian,Clay Loam,0.723,0.29,23.72,9,0.428,3.525.119,27.953
9.804,105.903,5.434,1.566,3.64,38.896,36.716,5.883,26.927,34.177,37.6,27.662,5.349,82.59,18.015,12,-4.799,-5.931,-6.152,-3.929,0.262,0.907,10.007,0.378,8.637,5.393,0.37,-5.151,Durian,Clay Loam,0.645,0.281,25.962,7,0.386,2.421.622,27.652
9.16,105.067,5.044,1.044,3.64,38.739,43.617,5.5,33.435,27.826,39.31,28.04,4.45,80.82,17.061,12,-4.45,-5.29,-5.62,-3.24,-0.63,1.27,6.71,0.39,7.95,3.73,3.01,-3.78,Durian,Clay Loam,0.727,0.268,23.01,9,0.345,3.251.955,28.033
10.531,106.162,5,2,3.64,35.593,31.74,6.135,18.935,45.472,29.117,27.883,4.38,79.862,18.034,12,-4.028,-4.843,-4.956,-3.997,0.344,2.434,7.824,-0.309,6.823,4.489,0.062,-3.882,Durian,Clay Loam,0.756,0.287,22.015,7,0.356,1.875.294,27.87
10.418,106.407,5,3.958,3.64,38.787,34.138,6.302,18.046,43.167,37.6,27.91,4.33,79.72,18.06,12,-4.03,-4.78,-4.88,-4,0.35,2.61,7.9,-0.29,6.54,4.36,0.01,-3.83,Durian,Clay Loam,0.763,0.301,21.81,7,0.363,1.513.243,27.884
10.38,105.886,5.347,2,3.64,40.443,34.247,6.196,21.669,37.953,41.848,27.596,5.163,81.789,17.9,12,-4.451,-5.719,-5.944,-4.117,0.238,1.331,9.128,-0.273,9.009,5.101,0.382,-4.686,Durian,Clay,0.672,0.299,25.19,7,0.362,1.743.048,27.583
9.362,105.35,6,1.665,3.64,42.566,32.466,5.6,28.265,29.17,43.066,27.84,5.039,81.795,17.03,12,-4.776,-5.753,-6.056,-3.449,-0.417,1.321,8.687,0.277,8.652,4.725,1.491,-4.652,Durian,Clay,0.682,0.285,25.103,7,0.345,3.035.158,27.829
9.28,105.652,6,2,3.64,38.354,41.479,5.508,31.924,29.714,42.58,27.699,5.524,82.857,17.03,12,-5.177,-6.101,-6.532,-3.553,-0.229,0.641,9.821,0.625,8.915,6.266,0.81,-5.466,Durian,Clay Loam,0.637,0.276,27.058,7,0.363,3.234.611,27.686
9.618,105.205,5.493,1.493,3.64,39.507,40.671,5.3,25.099,35.445,41.172,27.97,4.72,81.28,17.03,12,-4.59,-5.52,-5.78,-3.25,-0.54,1.6,7.82,0.24,8.31,4.06,1.94,-4.24,Durian,Clay Loam,0.706,0.29,23.92,9,0.347,3.685.549,27.96
9.827,105.818,5,3.245,3.64,37.265,32.367,6.1,27.729,35.006,46.965,27.527,5.408,82.413,17.03,12,-4.672,-5.972,-6.215,-4.188,0.221,1.263,10.033,-0.192,9.245,5.029,0.403,-4.942,Durian,Clay Loam,0.647,0.292,26.181,7,0.383,1.951.173,27.506
10.069,106.206,5,5.387,3.64,39.272,33.04,6.06,22.929,37.798,57.076,27.574,5.207,82.372,17.645,12,-4.62,-5.73,-5.932,-4.172,0.355,1.475,10.054,-0.14,8.328,4.772,0.356,-4.767,Durian,Clay Loam,0.65,0.317,25.361,7,0.397,2.037.892,27.539
10.759,104.921,5.779,2.882,3.64,29.759,30.462,5.166,36.294,33.869,27.285,27.831,4.591,79.361,18.24,12,-3.722,-4.96,-5.242,-3.576,-0.282,0.518,4.975,-0.139,10.525,4.705,0.921,-3.761,Durian,Clay Loam,0.772,0.245,21.682,9,0.486,3.976.057,27.812
10.011,106.075,5.582,2.418,3.64,34.009,33.398,6.242,24.656,41.377,38.986,27.61,5.05,82.34,18.357,12,-4.58,-5.54,-5.71,-4.16,0.46,1.64,10.07,-0.1,7.61,4.57,0.32,-4.63,Durian,Clay Loam,0.653,0.288,24.72,7,0.408,1.643.321,27.594
8.664,105.003,5.796,2,3.64,34.92,59.756,5.48,34.549,30.531,56.778,28.12,4.068,81.21,17.939,12,-4.028,-4.995,-5.309,-3.168,-0.598,0.681,5.659,0.74,7.026,2.798,4.229,-3.047,Durian,Clay Loam,0.715,0.29,21.145,9,0.332,3.295.314,28.107
10.182,105.883,5.84,2.479,3.64,37.464,33.201,6.368,19.581,43.039,37.684,27.534,5.378,82.407,17.926,12,-4.664,-5.935,-6.172,-4.185,0.241,1.295,10.036,-0.184,9.106,4.99,0.396,-4.916,Durian,Clay Loam,0.647,0.298,26.056,7,0.385,1.370.157,27.518
10.17,104.997,6,2.826,3.64,36.657,41.523,5.583,32.714,30.63,46.212,27.933,4.714,79.945,17.872,12,-3.955,-5.191,-5.488,-3.587,-0.291,0.634,5.802,-0.147,10.37,4.49,1.243,-3.912,Durian,Clay Loam,0.755,0.279,22.571,9,0.46,3.072.013,27.915
9.417,105.517,6,1.961,3.64,43.178,39.684,5.796,31.855,24.967,45.786,27.58,5.68,82.83,17.03,12,-5.15,-6.22,-6.61,-3.85,-0.17,0.76,10.43,0.35,9.34,6.06,0.59,-5.48,Durian,Clay,0.633,0.281,27.48,7,0.379,2.610.236,27.567
10.836,105.264,5.416,2.416,3.64,37.217,26.008,5.842,24.008,38.717,35.282,28.125,3.807,77.273,17.9,12,-3.303,-4.221,-4.382,-3.44,-0.073,1.235,4.035,0.067,7.421,5.314,0.587,-3.268,Durian,Clay Loam,0.865,0.284,18.687,9,0.398,2.510.509,28.109
9.467,105.146,5.154,7.231,3.64,37.354,29.208,5.662,29.431,33.215,66.454,27.91,4.868,81.518,17.03,12,-4.676,-5.628,-5.908,-3.342,-0.483,1.471,8.221,0.257,8.468,4.368,1.732,-4.431,Durian,Clay Loam,0.695,0.315,24.468,9,0.345,2.900.744,27.863
10.067,105.898,5,2.629,3.64,36.917,27.28,6.126,23.332,39.752,34.071,27.577,5.195,82.37,18.447,12,-4.617,-5.714,-5.914,-4.171,0.363,1.488,10.055,-0.137,8.271,4.756,0.353,-4.756,Durian,Clay Loam,0.65,0.284,25.309,7,0.398,1.894.806,27.56
10.297,105.958,5,4.206,3.64,39.226,30.994,6.2,23.585,37.188,43.177,27.785,4.558,80.367,17.942,12,-4.023,-5.067,-5.226,-3.985,0.321,1.808,7.554,-0.378,7.827,4.948,0.245,-4.065,Durian,Clay Loam,0.733,0.296,22.744,9,0.345,1.734.376,27.758
9.982,105.645,6,2.768,3.64,39.023,31.911,5.754,23.568,37.432,46.337,27.622,5.312,82.048,17.232,12,-4.582,-5.894,-6.151,-4.025,0.075,1.174,9.396,-0.174,9.564,4.838,0.593,-4.803,Durian,Clay Loam,0.664,0.301,25.629,9,0.373,2.701.291,27.604
8.663,104.874,6,1.515,3.64,40.114,53.23,5.45,32.479,27.458,56.551,28.14,3.97,81.31,17.74,12,-3.92,-4.92,-5.23,-3.15,-0.59,0.53,5.39,0.83,6.79,2.56,4.54,-2.86,Durian,Clay,0.712,0.294,20.67,9,0.329,3.360.353,28.13
10.628,104.791,6,9.827,3.64,27.653,29.587,5.546,34.999,37.394,36.313,27.714,4.33,78.777,18.24,12,-3.535,-4.654,-4.922,-3.454,-0.372,0.543,4.045,0.039,10.005,4.786,0.995,-3.5,Durian,Clay Loam,0.789,0.26,20.437,9,0.49,3.152.228,27.65
10.302,105.47,5,3.458,3.64,34.425,26.435,5.649,21.189,44.437,32.715,27.74,4.64,80.6,17.9,12,-4.02,-5.17,-5.35,-3.98,0.31,1.52,7.43,-0.41,8.29,5.16,0.33,-4.15,Durian,Clay Loam,0.722,0.287,23.08,9,0.36,2.928.927,27.718
10.81,105.618,5.412,2,3.64,35.735,24.811,5.718,24.088,40.159,34.041,28.1,3.74,77.56,17.9,12,-3.37,-4.2,-4.32,-3.49,0.06,1.63,4.58,-0.12,6.51,5.58,0.4,-3.31,Durian,Clay Loam,0.853,0.282,18.81,9,0.347,2.779.338,28.087
9.982,105.116,6,1,3.64,32.518,23.391,5.503,31.759,35.724,32.515,27.96,4.89,80.82,17.03,12,-4.26,-5.51,-5.79,-3.48,-0.34,0.99,7.3,-0.09,10.14,4.07,1.2,-4.25,Durian,Clay Loam,0.723,0.262,23.72,9,0.428,3.245.451,27.954
9.342,104.942,5.604,1,3.64,40.04,33.978,5.621,30.646,29.314,46.275,27.97,4.72,81.28,17.437,12,-4.59,-5.52,-5.78,-3.25,-0.54,1.6,7.82,0.24,8.31,4.06,1.94,-4.24,Durian,Clay,0.706,0.284,23.92,9,0.347,2.989.631,27.964
10.358,105.896,5.606,3.788,3.64,42.667,28.667,6.103,17.9,39.433,33.006,27.843,4.452,80.067,17.997,12,-4.026,-4.934,-5.065,-3.992,0.334,2.181,7.715,-0.337,7.229,4.675,0.136,-3.956,Durian,Clay,0.747,0.295,22.31,7,0.346,1.944.669,27.818
9.602,105.588,6,1.598,3.64,36.546,32.783,5.82,26.437,37.017,41.864,27.58,5.68,82.83,17.03,12,-5.15,-6.22,-6.61,-3.85,-0.17,0.76,10.43,0.35,9.34,6.06,0.59,-5.48,Durian,Clay Loam,0.633,0.288,27.48,7,0.379,2.558.205,27.57
9.149,105.296,5.793,1.793,3.64,38.404,44.155,5.421,33.004,28.672,41.558,27.881,5.156,82.461,17.03,12,-5.053,-5.821,-6.27,-3.208,-0.368,0.659,8.605,0.834,8.315,5.934,1.472,-5.104,Durian,Clay Loam,0.658,0.272,25.824,7,0.333,3.423.225,27.869
9.227,105.091,5,2,3.64,38.537,51.814,5.4,30.035,31.428,56.89,27.994,4.627,81.121,17.275,12,-4.542,-5.441,-5.725,-3.247,-0.571,1.486,7.437,0.292,8.186,3.946,2.309,-4.081,Durian,Clay Loam,0.713,0.301,23.607,9,0.346,3.468.752,27.981
9.907,106.072,6,7.984,3.64,38.309,27.488,6.195,24.806,36.983,30.135,27.611,5.047,82.326,18.763,12,-4.576,-5.537,-5.707,-4.159,0.459,1.639,10.049,-0.102,7.615,4.575,0.32,-4.626,Durian,Clay Loam,0.653,0.275,24.707,7,0.408,1.745.216,27.559
10.823,105.886,6,2,3.64,33.428,22.397,5.528,25.145,41.455,30.235,28.1,3.74,77.56,17.9,12,-3.37,-4.2,-4.32,-3.49,0.06,1.63,4.58,-0.12,6.51,5.58,0.4,-3.31,Durian,Clay Loam,0.853,0.274,18.81,9,0.347,3.191.252,28.087
9.801,105.946,5.359,5.641,3.64,32.754,35.782,6.028,28.236,39.01,48.288,27.61,5.383,82.528,17.655,12,-4.755,-5.96,-6.192,-4.025,0.24,1.025,10.016,0.166,8.912,5.275,0.385,-5.085,Durian,Clay Loam,0.646,0.293,26.017,7,0.385,2.107.267,27.573
9.854,105.593,5,3.232,3.64,37.13,32.546,5.885,26.245,36.624,38.57,27.52,5.44,82.42,17.03,12,-4.68,-6.01,-6.26,-4.19,0.2,1.23,10.03,-0.2,9.39,5.07,0.41,-4.97,Durian,Clay Loam,0.646,0.284,26.31,7,0.381,2.417.287,27.499
10.615,104.799,5.466,39.97,3.64,28.981,33.306,5.7,37.989,32.976,38.83,27.718,4.337,78.793,18.082,12,-3.54,-4.663,-4.931,-3.457,-0.37,0.543,4.072,0.034,10.02,4.784,0.993,-3.507,Durian,Clay Loam,0.789,0.257,20.468,9,0.49,2.818.361,27.458
10.418,106.377,5.836,3.164,3.64,36.606,34.248,6.2,20.115,43.279,35.088,27.885,4.287,79.904,18.06,12,-3.992,-4.737,-4.834,-4.007,0.334,2.761,7.829,-0.169,6.466,4.122,-0.024,-3.786,Durian,Clay Loam,0.755,0.293,21.549,7,0.364,1.734.376,27.864
10.614,105.877,5.236,2,3.64,39.124,34.876,6.129,19.4,41.552,38.864,27.74,4.64,80.6,17.9,12,-4.02,-5.17,-5.35,-3.98,0.31,1.52,7.43,-0.41,8.29,5.16,0.33,-4.15,Durian,Clay Loam,0.722,0.3,23.08,9,0.36,1.888.302,27.727
9.273,104.854,5.224,1.224,3.64,40.64,50.618,5.578,30.491,28.769,45.781,27.986,4.66,81.177,18.06,12,-4.559,-5.468,-5.744,-3.248,-0.56,1.526,7.571,0.274,8.229,3.986,2.18,-4.137,Durian,Clay,0.711,0.284,23.716,9,0.346,3.082.853,27.978
9.41,105.517,6,1.405,3.64,41.456,42.295,5.741,32.633,25.911,47.008,27.58,5.68,82.83,17.03,12,-5.15,-6.22,-6.61,-3.85,-0.17,0.76,10.43,0.35,9.34,6.06,0.59,-5.48,Durian,Clay,0.633,0.281,27.48,7,0.379,2.729.474,27.571
10.568,106.297,5.602,4,3.64,39.782,26.061,5.858,19.737,40.481,32.224,27.85,4.226,80.166,18.06,12,-3.938,-4.676,-4.769,-4.016,0.31,2.976,7.729,0.005,6.361,3.783,-0.074,-3.723,Durian,Clay Loam,0.743,0.29,21.196,7,0.365,2.475.822,27.824
10.236,105.304,5.633,4.367,3.64,38.947,32.239,5.82,23.604,37.512,44.549,27.879,4.798,80.739,18.115,12,-4.172,-5.385,-5.628,-3.664,-0.101,1.185,7.348,-0.208,9.46,4.471,0.88,-4.213,Durian,Clay Loam,0.723,0.298,23.371,9,0.405,2.558.205,27.851
9.759,105.487,6,1.627,3.64,40.027,29.078,5.663,24.753,35.283,38.512,27.558,5.591,82.677,17.03,12,-4.975,-6.142,-6.48,-3.977,-0.032,0.935,10.281,0.145,9.359,5.691,0.523,-5.29,Durian,Clay,0.638,0.287,26.896,7,0.382,2.898.576,27.547
10.643,106.295,5.487,2,3.64,44.281,33.166,5.951,14.528,41.24,26.136,27.91,4.33,79.72,18.06,12,-4.03,-4.78,-4.88,-4,0.35,2.61,7.9,-0.29,6.54,4.36,0.01,-3.83,Durian,Clay,0.763,0.293,21.81,7,0.363,2.274.201,27.897
9.291,105.498,5,2.587,3.64,34.854,37.802,5.607,29.352,35.693,48.854,27.733,5.48,82.865,17.03,12,-5.185,-6.067,-6.51,-3.468,-0.246,0.607,9.649,0.702,8.794,6.324,0.872,-5.462,Durian,Clay Loam,0.638,0.291,26.938,7,0.358,3.019.982,27.716
9.162,105.094,5.069,1,3.64,38.89,43.662,5.507,33.303,27.807,39.328,28.026,4.512,80.963,17.03,12,-4.503,-5.336,-5.677,-3.237,-0.607,1.217,6.875,0.429,7.982,3.922,2.876,-3.895,Durian,Clay Loam,0.721,0.268,23.255,9,0.343,3.236.779,28.02
10.101,105.719,6,2,3.64,33.575,35.307,5.862,24.75,41.675,35.586,27.559,5.27,82.385,17.97,12,-4.636,-5.805,-6.02,-4.177,0.314,1.409,10.047,-0.156,8.612,4.851,0.371,-4.821,Durian,Clay Loam,0.649,0.283,25.615,7,0.392,2467.15,27.546
10.018,105.702,5,1.903,3.64,33.356,45.853,5.871,24.856,41.788,53.494,27.526,5.463,82.46,17.815,12,-4.726,-6.03,-6.294,-4.157,0.164,1.184,10.069,-0.146,9.385,5.166,0.428,-5.02,Durian,Clay Loam,0.645,0.308,26.373,7,0.381,2.447.638,27.514
9.559,105.942,5.405,2.81,3.64,38.268,32.954,5.581,26.122,35.61,31.771,27.693,5.442,82.765,17.03,12,-4.995,-6.012,-6.289,-3.779,0.116,0.701,10.168,0.63,8.578,5.81,0.441,-5.367,Durian,Clay Loam,0.64,0.274,26.442,7,0.385,3.076.349,27.675
10.501,105.599,5.407,5.779,3.64,36.526,30.297,5.781,22.356,41.119,42.241,27.887,4.274,79.362,17.9,12,-3.755,-4.775,-4.931,-3.781,0.208,1.565,6.27,-0.292,7.565,5.331,0.358,-3.808,Durian,Clay Loam,0.775,0.298,21.342,9,0.355,2.642.755,27.849
10.02,106.101,5.421,4.421,3.64,37.664,30.875,6.048,22.584,39.752,37.13,27.572,5.214,82.374,17.627,12,-4.622,-5.738,-5.941,-4.173,0.351,1.468,10.053,-0.142,8.359,4.78,0.358,-4.773,Durian,Clay Loam,0.65,0.29,25.389,7,0.396,2.063.907,27.543
10.562,105.675,5,2,3.64,36.029,27.49,5.733,21.463,42.608,30.904,27.74,4.64,80.6,17.9,12,-4.02,-5.17,-5.35,-3.98,0.31,1.52,7.43,-0.41,8.29,5.16,0.33,-4.15,Durian,Clay Loam,0.722,0.284,23.08,9,0.36,2.746.818,27.727
10.827,105.164,5,2.905,3.64,36.033,32.114,5.448,23.367,40.59,40.229,28.136,3.983,77.145,17.9,12,-3.271,-4.338,-4.564,-3.398,-0.256,0.663,3.493,0.274,8.908,4.912,0.852,-3.28,Durian,Clay Loam,0.871,0.293,19.107,9,0.466,3.364.689,28.117
10.195,106.214,6,3.348,3.64,38.03,34.531,6.3,20.687,41.283,36.561,27.61,5.05,82.34,18.06,12,-4.58,-5.54,-5.71,-4.16,0.46,1.64,10.07,-0.1,7.61,4.57,0.32,-4.63,Durian,Clay Loam,0.653,0.294,24.72,7,0.408,1.517.579,27.588
10.747,104.77,5.688,6.751,3.64,27.505,30.719,5.5,37.256,35.239,37.086,27.662,4.213,78.515,18.134,12,-3.451,-4.517,-4.779,-3.399,-0.413,0.555,3.629,0.118,9.773,4.822,1.028,-3.383,Durian,Clay Loam,0.796,0.256,19.942,9,0.49,3.251.955,27.618
9.19,105.603,5.399,2.399,3.64,37.397,36.636,5.36,31.74,30.863,34.04,27.84,5.34,82.89,17.03,12,-5.21,-5.96,-6.44,-3.2,-0.3,0.5,9.1,0.95,8.41,6.51,1.07,-5.45,Durian,Clay Loam,0.641,0.265,26.56,7,0.343,3.555.471,27.824
10.497,104.87,5.142,2.426,3.64,32.917,45.016,5.543,29.156,37.927,41.549,27.91,4.77,79.76,18.24,12,-3.85,-5.17,-5.46,-3.66,-0.22,0.5,5.61,-0.26,10.88,4.65,0.87,-3.94,Durian,Clay Loam,0.761,0.281,22.56,9,0.483,3.158.732,27.894
9.973,105.914,5.009,2,3.64,39.402,30.814,6.098,22.619,37.979,42.808,27.52,5.44,82.42,17.03,12,-4.68,-6.01,-6.26,-4.19,0.2,1.23,10.03,-0.2,9.39,5.07,0.41,-4.97,Durian,Clay Loam,0.646,0.298,26.31,7,0.381,1.955.509,27.507
9.732,106.177,6,3.235,3.64,40.635,33.717,6.094,25.541,33.924,34.671,27.598,5.309,82.542,18.054,12,-4.815,-5.82,-6.08,-4.032,0.201,1.278,10.218,0.085,8.322,5.183,0.431,-4.98,Durian,Clay,0.645,0.28,25.727,7,0.397,1.964.181,27.577
10.399,106.595,6,2.599,3.64,39.72,28.522,6.36,18.62,41.72,34.96,27.76,4.07,80.84,18.06,12,-3.8,-4.52,-4.6,-4.04,0.25,3.53,7.47,0.45,6.09,2.91,-0.2,-3.56,Durian,Clay Loam,0.714,0.296,20.72,7,0.361,1.387.501,27.743
9.941,105.168,6,1,3.64,33.987,24.53,5.54,29.996,36.017,32.698,27.96,4.89,80.82,17.03,12,-4.26,-5.51,-5.79,-3.48,-0.34,0.99,7.3,-0.09,10.14,4.07,1.2,-4.25,Durian,Clay Loam,0.723,0.267,23.72,9,0.428,3.165.236,27.954
10.597,105.88,5,2,3.64,39.781,27.59,6.147,18.639,41.579,36.924,27.78,4.567,80.391,17.938,12,-4.022,-5.078,-5.239,-3.985,0.319,1.778,7.541,-0.382,7.875,4.97,0.254,-4.074,Durian,Clay Loam,0.732,0.299,22.78,9,0.346,1.849.278,27.767
10.499,106.395,5,2.469,3.64,36.717,32.427,6.153,24.342,39.017,40.277,27.91,4.33,79.72,18.022,12,-4.03,-4.78,-4.88,-4,0.35,2.61,7.9,-0.29,6.54,4.36,0.01,-3.83,Durian,Clay Loam,0.763,0.29,21.81,7,0.363,1.836.271,27.894
10.584,105.739,5,2,3.64,39.644,27.423,6.053,18.842,41.526,36.656,27.74,4.64,80.6,17.9,12,-4.02,-5.17,-5.35,-3.98,0.31,1.52,7.43,-0.41,8.29,5.16,0.33,-4.15,Durian,Clay Loam,0.722,0.298,23.08,9,0.36,2.053.068,27.727
10.025,104.991,6,1.558,3.64,33.382,39.286,5.512,28.418,38.2,36.562,27.937,4.748,80.432,17.705,12,-4.177,-5.325,-5.601,-3.479,-0.361,0.986,6.587,-0.039,9.744,4.389,1.343,-4.073,Durian,Clay Loam,0.737,0.276,23.055,9,0.423,3.225.939,27.927
9.608,105.515,5.669,1,3.64,37.703,33.632,5.766,25.633,36.631,43.165,27.58,5.68,82.83,17.03,12,-5.15,-6.22,-6.61,-3.85,-0.17,0.76,10.43,0.35,9.34,6.06,0.59,-5.48,Durian,Clay Loam,0.633,0.291,27.48,7,0.379,2.675.275,27.574
9.888,105.796,5.551,2.449,3.64,34.851,34.243,5.969,22.853,42.286,40.517,27.56,5.265,82.384,17.811,12,-4.635,-5.799,-6.013,-4.177,0.317,1.414,10.048,-0.155,8.591,4.846,0.37,-4.817,Durian,Clay Loam,0.649,0.294,25.596,7,0.393,2.235.177,27.544
10.204,105.881,6,2.331,3.64,37.896,33.666,6.367,19.999,42.172,37.105,27.55,5.311,82.394,17.953,12,-4.647,-5.855,-6.078,-4.18,0.286,1.366,10.043,-0.167,8.802,4.905,0.38,-4.858,Durian,Clay Loam,0.648,0.296,25.785,7,0.39,1.372.325,27.535
9.852,106.368,5.146,3,3.64,36.771,35.729,6.115,25.821,37.408,34.763,27.633,5.084,82.395,18.77,12,-4.625,-5.588,-5.762,-4.097,0.438,1.497,10.058,0.034,7.676,4.726,0.323,-4.726,Durian,Clay Loam,0.651,0.279,24.798,7,0.406,1.918.653,27.614
9.786,105.876,5.449,2,3.64,40.533,37.079,5.99,24.244,35.224,47.265,27.658,5.352,82.585,17.03,12,-4.796,-5.933,-6.155,-3.937,0.261,0.916,10.008,0.362,8.658,5.384,0.371,-5.146,Durian,Clay,0.645,0.3,25.967,7,0.386,2189.65,27.645
10.006,105.406,5.412,2,3.64,37.995,30.899,5.659,25.852,36.153,37.953,27.52,5.44,82.42,17.389,12,-4.68,-6.01,-6.26,-4.19,0.2,1.23,10.03,-0.2,9.39,5.07,0.41,-4.97,Durian,Clay Loam,0.646,0.284,26.31,7,0.381,2.907.248,27.507
9.509,105.979,5,2,3.64,39.267,33.354,5.536,25.954,34.779,32.695,27.77,5.28,82.72,17.119,12,-4.89,-5.87,-6.07,-3.73,0.31,0.66,9.99,0.82,8.06,5.64,0.34,-5.29,Durian,Clay Loam,0.644,0.276,25.85,7,0.387,3.173.908,27.757
10.49,106.379,5.253,2.253,3.64,39.501,28.149,6.325,18.027,42.497,36.495,27.872,4.264,80.003,18.06,12,-3.972,-4.714,-4.809,-4.01,0.325,2.842,7.791,-0.103,6.426,3.994,-0.043,-3.762,Durian,Clay Loam,0.75,0.3,21.413,7,0.364,1463.38,27.857
10.201,106.122,5.641,3.078,3.64,39.516,31.562,6.428,18.956,41.528,46.446,27.61,5.05,82.34,18.06,12,-4.58,-5.54,-5.71,-4.16,0.46,1.64,10.07,-0.1,7.61,4.57,0.32,-4.63,Durian,Clay Loam,0.653,0.311,24.72,7,0.408,1.240.079,27.59
10.028,105.998,6,4.862,3.64,34.093,37.545,6.138,24.252,41.593,44.921,27.61,5.05,82.34,18.44,12,-4.58,-5.54,-5.71,-4.16,0.46,1.64,10.07,-0.1,7.61,4.57,0.32,-4.63,Durian,Clay Loam,0.653,0.297,24.72,7,0.408,1868.79,27.578
10.858,105.147,5.394,3,3.64,35.032,29.87,5.439,23.813,41.116,38.777,28.16,3.9,76.87,17.9,12,-3.21,-4.25,-4.47,-3.37,-0.26,0.68,3.27,0.33,8.7,4.94,0.85,-3.21,Durian,Clay Loam,0.882,0.29,18.77,9,0.464,3.384.201,28.14
8.782,105.07,5.357,2,3.64,33.785,47.611,5.4,33.058,33.157,52.965,28.04,4.45,80.82,17.99,12,-4.45,-5.29,-5.62,-3.24,-0.63,1.27,6.71,0.39,7.95,3.73,3.01,-3.78,Durian,Clay Loam,0.727,0.288,23.01,9,0.345,3.468.752,28.027
9.273,105.566,6,1.466,3.64,39.993,37.974,5.54,30.753,29.307,48.753,27.825,5.024,81.758,17.03,12,-4.777,-5.724,-6.082,-3.525,-0.415,1.032,8.445,0.371,8.598,4.817,1.881,-4.573,Durian,Clay Loam,0.683,0.288,25.096,9,0.342,3.165.236,27.815
10.593,104.992,5.218,149.303,3.64,28.153,28.631,5.713,44.109,27.738,41.111,27.91,4.77,79.76,18.24,12,-3.85,-5.17,-5.46,-3.66,-0.22,0.5,5.61,-0.26,10.88,4.65,0.87,-3.94,Durian,Clay Loam,0.761,0.246,22.56,9,0.483,2.790.177,26.94
9.566,105.106,6,1.705,3.64,36.118,37.539,5.329,26.8,37.082,43.954,27.967,4.77,81.144,17.333,12,-4.493,-5.517,-5.783,-3.318,-0.481,1.42,7.667,0.143,8.849,4.063,1.722,-4.243,Durian,Clay Loam,0.711,0.29,23.835,9,0.371,3.622.678,27.956
9.729,106.13,6,3.107,3.64,37.034,33.55,5.923,25.452,37.514,31.28,27.593,5.399,82.611,17.807,12,-4.896,-5.916,-6.208,-3.988,0.111,1.153,10.269,0.149,8.568,5.395,0.469,-5.101,Durian,Clay Loam,0.642,0.275,26.109,7,0.393,2.334.904,27.573
10.364,106.582,5.864,3,3.64,39.935,34.236,6.386,19.701,40.364,35.799,27.78,4.105,80.688,18.06,12,-3.831,-4.555,-4.638,-4.035,0.264,3.405,7.528,0.35,6.151,3.107,-0.171,-3.597,Durian,Clay Loam,0.721,0.295,20.827,7,0.362,1.331.134,27.76
8.83,105.027,5.442,2,3.64,38.8,51.93,5.356,31.658,29.498,47.7,28.084,4.238,81.037,17.88,12,-4.216,-5.127,-5.448,-3.2,-0.612,0.943,6.127,0.584,7.437,3.213,3.686,-3.373,Durian,Clay Loam,0.72,0.284,21.976,9,0.338,3.564.143,28.071
9.404,105.341,5.46,1.46,3.64,40.468,36.908,5.592,30.214,29.318,48.15,27.791,5.162,81.993,17.586,12,-4.848,-5.842,-6.162,-3.526,-0.37,1.214,9.021,0.291,8.784,4.98,1.319,-4.811,Durian,Clay,0.672,0.288,25.559,7,0.352,3.052.502,27.782
10.4,106.597,6,2.034,3.64,39.607,29.256,6.303,18.507,41.89,34.903,27.76,4.07,80.84,18.06,12,-3.8,-4.52,-4.6,-4.04,0.25,3.53,7.47,0.45,6.09,2.91,-0.2,-3.56,Durian,Clay Loam,0.714,0.296,20.72,7,0.361,1.511.075,27.747
10.246,105.04,6,1.987,3.64,37.785,33.495,5.503,24.944,37.272,36.281,27.911,4.772,79.774,17.888,12,-3.855,-5.175,-5.464,-3.658,-0.222,0.507,5.632,-0.258,10.87,4.642,0.874,-3.944,Durian,Clay Loam,0.761,0.283,22.576,9,0.483,3.245.451,27.898
10.683,105.724,6,2.246,3.64,40.642,34.654,5.951,21.972,37.398,44.311,27.767,4.671,80.627,17.942,12,-4.05,-5.212,-5.404,-3.919,0.23,1.455,7.414,-0.371,8.517,5.026,0.437,-4.162,Durian,Clay,0.722,0.301,23.118,9,0.369,2.274.201,27.752
9.596,105.131,5.231,2,3.64,41.329,26.108,5.446,29.952,28.718,34.299,27.866,4.886,81.543,17.231,12,-4.611,-5.633,-5.891,-3.467,-0.369,1.514,8.331,0.138,8.56,4.293,1.586,-4.409,Durian,Clay,0.692,0.269,24.38,9,0.351,3.369.025,27.853
10.093,105.648,5.052,2,3.64,33.117,45.972,5.874,24.907,41.976,54.286,27.54,5.405,82.282,17.918,12,-4.637,-5.967,-6.219,-4.163,0.178,1.192,9.801,-0.203,9.467,5.048,0.434,-4.917,Durian,Clay Loam,0.652,0.309,26.106,7,0.375,2.441.134,27.527
10.176,106.238,5.36,2.72,3.64,37.68,33.788,6.236,21.024,41.232,38.824,27.61,5.05,82.34,18.06,12,-4.58,-5.54,-5.71,-4.16,0.46,1.64,10.07,-0.1,7.61,4.57,0.32,-4.63,Durian,Clay Loam,0.653,0.296,24.72,7,0.408,1.656.329,27.592
10.489,106.545,6,2.775,3.64,32.404,35.063,6.045,24.657,42.938,34.368,27.726,4.29,81.177,18.06,12,-3.975,-4.749,-4.849,-4.067,0.297,3.105,8.054,0.326,6.432,3.283,-0.083,-3.8,Durian,Clay Loam,0.7,0.281,21.523,7,0.375,2.070.411,27.708
9.621,105.696,5.82,3.9,3.64,38.886,30.54,5.928,26.1,35.014,67.986,27.65,5.507,82.551,17.03,12,-5.049,-6.094,-6.461,-3.742,-0.237,0.911,9.96,0.33,9.155,5.7,0.833,-5.257,Durian,Clay Loam,0.646,0.325,26.84,7,0.37,2.324.064,27.625
10.142,106.465,5.089,6.646,3.64,40.12,32.814,6.091,22.101,37.779,60.835,27.607,5.106,82.383,17.969,12,-4.63,-5.6,-5.79,-4.133,0.404,1.562,10.102,-0.06,7.763,4.702,0.344,-4.705,Durian,Clay,0.651,0.324,24.918,7,0.406,1.970.685,27.564
9.974,105.127,6,1,3.64,32.813,23.62,5.51,31.404,35.783,32.552,27.96,4.89,80.82,17.03,12,-4.26,-5.51,-5.79,-3.48,-0.34,0.99,7.3,-0.09,10.14,4.07,1.2,-4.25,Durian,Clay Loam,0.723,0.263,23.72,9,0.428,3.230.275,27.954
9.903,105.726,6,2.585,3.64,39.249,31.815,5.842,24.174,36.577,45.337,27.52,5.44,82.42,17.03,12,-4.68,-6.01,-6.26,-4.19,0.2,1.23,10.03,-0.2,9.39,5.07,0.41,-4.97,Durian,Clay Loam,0.646,0.298,26.31,7,0.381,2.510.509,27.503
10.473,106.383,5,4.065,3.64,41.443,28.869,6.106,21.447,37.11,30.449,27.91,4.33,79.72,18.06,12,-4.03,-4.78,-4.88,-4,0.35,2.61,7.9,-0.29,6.54,4.36,0.01,-3.83,Durian,Clay,0.763,0.283,21.81,7,0.363,1.938.165,27.884
9.835,105.864,5.397,4.808,3.64,38.397,31.762,5.981,25.005,36.597,47.223,27.574,5.205,82.372,17.03,12,-4.62,-5.727,-5.929,-4.172,0.357,1.477,10.054,-0.14,8.317,4.769,0.356,-4.765,Durian,Clay Loam,0.65,0.299,25.353,7,0.397,2.209.161,27.543
10.49,104.698,6,2.96,3.64,31.524,41.036,5.504,28.692,39.784,36.984,27.963,4.535,79.549,18.24,12,-3.725,-4.959,-5.22,-3.53,-0.263,0.615,5.168,-0.241,10.376,4.343,1.081,-3.69,Durian,Clay Loam,0.771,0.276,21.628,9,0.481,3.243.283,27.944
9.976,105.541,6,2.314,3.64,35.74,34.841,5.826,21.812,42.38,40.441,27.52,5.44,82.42,17.303,12,-4.68,-6.01,-6.26,-4.19,0.2,1.23,10.03,-0.2,9.39,5.07,0.41,-4.97,Durian,Clay Loam,0.646,0.296,26.31,7,0.381,2.545.197,27.505
10.666,106.497,5,2.017,3.64,42.148,28.835,5.898,24.221,33.631,30.965,27.91,4.33,79.72,18.06,12,-4.03,-4.78,-4.88,-4,0.35,2.61,7.9,-0.29,6.54,4.36,0.01,-3.83,Durian,Clay,0.763,0.278,21.81,7,0.363,2.389.103,27.897
8.919,104.944,5.677,2.677,3.64,41.145,50.941,5.468,29.88,29.043,56.862,28.085,4.212,81.3,17.511,12,-4.136,-5.114,-5.408,-3.182,-0.574,0.876,6.175,0.639,7.281,3.045,3.7,-3.306,Durian,Clay,0.71,0.301,21.72,9,0.335,3321.33,28.068
10.393,106.084,6,2.973,3.64,43.111,30.47,6.303,17.87,39.019,33.384,27.906,4.323,79.75,18.06,12,-4.024,-4.773,-4.872,-4.001,0.347,2.635,7.888,-0.27,6.528,4.321,0.004,-3.823,Durian,Clay,0.761,0.296,21.763,7,0.363,1.511.075,27.887
10.365,106.545,5.58,2.58,3.64,38.954,34.856,6.4,20.084,40.962,36.382,27.823,4.179,80.37,18.06,12,-3.897,-4.629,-4.718,-4.023,0.292,3.144,7.651,0.139,6.279,3.519,-0.112,-3.673,Durian,Clay Loam,0.734,0.295,21.052,7,0.364,1.300.782,27.806
9.206,105.214,6,1,3.64,39.53,39.254,5.425,30.622,29.922,49.575,28.022,4.519,80.937,17.03,12,-4.486,-5.348,-5.661,-3.243,-0.607,1.354,6.992,0.352,8.042,3.814,2.738,-3.897,Durian,Clay Loam,0.721,0.289,23.242,9,0.345,3.414.553,28.016
9.621,104.972,5.522,0.478,3.64,37.757,35.891,5.352,25.248,36.943,47.583,27.97,4.72,81.28,17.567,12,-4.59,-5.52,-5.78,-3.25,-0.54,1.6,7.82,0.24,8.31,4.06,1.94,-4.24,Durian,Clay Loam,0.706,0.299,23.92,9,0.347,3.572.815,27.967
10.194,106.36,5,7.629,3.64,34.801,33.995,6.134,20.148,45.051,42.174,27.61,5.05,82.34,18.06,12,-4.58,-5.54,-5.71,-4.16,0.46,1.64,10.07,-0.1,7.61,4.57,0.32,-4.63,Durian,Clay Loam,0.653,0.303,24.72,7,0.408,1.877.462,27.56
10.484,106.312,5.532,2,3.64,39.134,29.318,6.353,18.173,42.694,38.331,27.91,4.33,79.72,18.06,12,-4.03,-4.78,-4.88,-4,0.35,2.61,7.9,-0.29,6.54,4.36,0.01,-3.83,Durian,Clay Loam,0.763,0.302,21.81,7,0.363,1.402.677,27.897
9.759,106.311,5,2.874,3.64,40.624,33.65,6.062,25.187,34.189,43.311,27.739,5.3,82.682,18.551,12,-4.864,-5.888,-6.094,-3.788,0.296,0.732,9.995,0.692,8.227,5.568,0.349,-5.25,Durian,Clay,0.645,0.293,25.884,7,0.387,2.033.556,27.72
9.116,105.389,5,2.867,3.64,34.546,38.615,5.466,30.81,34.544,48.546,27.805,5.385,82.882,17.03,12,-5.202,-5.995,-6.463,-3.286,-0.283,0.535,9.277,0.87,8.533,6.45,1.006,-5.454,Durian,Clay Loam,0.64,0.287,26.683,7,0.348,3.325.666,27.786
10.191,105.507,5,2.144,3.64,37.984,26.601,6.029,22.458,39.557,34.556,27.533,5.384,82.409,18.025,12,-4.666,-5.943,-6.181,-4.186,0.237,1.289,10.036,-0.186,9.134,4.998,0.397,-4.921,Durian,Clay Loam,0.647,0.287,26.083,7,0.385,2.105.099,27.519
10.143,106.434,5,7.06,3.64,40.007,32.753,6.07,22.306,37.687,60.461,27.632,5.03,82.276,17.998,12,-4.581,-5.539,-5.714,-4.105,0.4,1.638,9.935,-0.08,7.652,4.539,0.417,-4.607,Durian,Clay,0.656,0.323,24.626,7,0.404,2.016.212,27.586
10.688,104.723,5.267,129.179,3.64,27.843,35.05,5.673,39.307,32.804,42.515,27.646,4.176,78.433,18.24,12,-3.425,-4.474,-4.734,-3.381,-0.425,0.559,3.499,0.143,9.7,4.833,1.039,-3.346,Durian,Clay Loam,0.799,0.259,19.785,9,0.491,2.876.896,26.806
9.744,106.064,5.838,4.513,3.64,34.587,36.627,5.949,28.121,37.291,50.91,27.744,5.243,82.658,18.77,12,-4.84,-5.816,-6.012,-3.8,0.334,0.819,10.003,0.671,7.987,5.466,0.337,-5.183,Durian,Clay Loam,0.646,0.297,25.651,7,0.39,2.278.536,27.715
9.39,105.412,6,3,3.64,40.58,38.045,5.462,32.855,26.565,36.641,27.629,5.616,82.841,17.03,12,-5.161,-6.171,-6.578,-3.728,-0.194,0.711,10.179,0.463,9.165,6.145,0.68,-5.474,Durian,Clay,0.635,0.266,27.306,7,0.372,3.334.338,27.61
9.277,105.062,5.731,1.269,3.64,40.727,31.812,5.619,30.554,28.719,46.204,27.989,4.647,81.156,17.03,12,-4.552,-5.458,-5.737,-3.247,-0.564,1.511,7.521,0.28,8.213,3.971,2.228,-4.116,Durian,Clay,0.712,0.284,23.674,9,0.346,2.993.967,27.981
9.783,105.184,6,0.844,3.64,35.281,35.444,5.484,26.975,37.644,46.272,27.962,4.863,80.892,17.191,12,-4.312,-5.512,-5.788,-3.444,-0.371,1.085,7.381,-0.038,9.854,4.068,1.316,-4.248,Durian,Clay Loam,0.721,0.293,23.713,9,0.416,3.286.643,27.957
10.29,105.484,5,4.296,3.64,33.922,26.742,5.677,21.412,44.689,33.414,27.74,4.64,80.6,17.9,12,-4.02,-5.17,-5.35,-3.98,0.31,1.52,7.43,-0.41,8.29,5.16,0.33,-4.15,Durian,Clay Loam,0.722,0.288,23.08,9,0.36,2.868.224,27.712
9.776,105.502,5.963,3.927,3.64,37.885,34.708,5.604,25.162,36.952,38.971,27.52,5.44,82.42,17.03,12,-4.68,-6.01,-6.26,-4.19,0.2,1.23,10.03,-0.2,9.39,5.07,0.41,-4.97,Durian,Clay Loam,0.646,0.287,26.31,7,0.381,3.026.486,27.494
10.114,105.134,6,3.745,3.64,37.808,27.974,5.651,23.651,38.54,46.872,27.848,5.03,81.228,17.931,12,-4.367,-5.638,-5.91,-3.661,-0.202,1.051,7.997,-0.118,9.949,4.325,0.998,-4.434,Durian,Clay Loam,0.703,0.301,24.33,9,0.409,2.924.592,27.824
10.309,106.025,5,3.015,3.64,39.266,30.835,6.2,22.514,38.22,42.541,27.852,4.435,80.018,18.006,12,-4.027,-4.912,-5.039,-3.993,0.336,2.241,7.741,-0.331,7.132,4.631,0.118,-3.938,Durian,Clay Loam,0.749,0.298,22.24,7,0.349,1.734.376,27.832
9.415,105.519,5.979,2.021,3.64,43.272,39.545,5.791,31.772,24.956,45.653,27.58,5.68,82.83,17.03,12,-5.15,-6.22,-6.61,-3.85,-0.17,0.76,10.43,0.35,9.34,6.06,0.59,-5.48,Durian,Clay,0.633,0.281,27.48,7,0.379,2.621.076,27.567
9.271,105.464,6,1,3.64,40.163,44.312,5.663,32.751,27.087,45.841,27.677,5.553,82.852,17.03,12,-5.172,-6.123,-6.546,-3.607,-0.219,0.663,9.932,0.575,8.992,6.228,0.77,-5.469,Durian,Clay,0.636,0.279,27.136,7,0.366,2.898.576,27.67
10.175,105.538,6,2.053,3.64,32.616,29.349,6.102,22.381,44.905,39.698,27.522,5.433,82.419,17.903,12,-4.678,-6.002,-6.25,-4.189,0.205,1.237,10.031,-0.198,9.359,5.061,0.408,-4.964,Durian,Clay Loam,0.646,0.294,26.281,7,0.381,1.946.837,27.509
10.084,106.29,5.756,4.512,3.64,33.695,32.246,6.224,21.935,44.394,39.649,27.61,5.05,82.34,18.233,12,-4.58,-5.54,-5.71,-4.16,0.46,1.64,10.07,-0.1,7.61,4.57,0.32,-4.63,Durian,Clay Loam,0.653,0.295,24.72,7,0.408,1.682.345,27.581
10.318,105.966,5,3.662,3.64,37.472,34.107,6.034,23.179,39.349,40.504,27.91,4.33,79.72,17.927,12,-4.03,-4.78,-4.88,-4,0.35,2.61,7.9,-0.29,6.54,4.36,0.01,-3.83,Durian,Clay Loam,0.763,0.293,21.81,7,0.363,2.094.259,27.886
10.652,106.111,6,3.865,3.64,40.679,26.855,5.608,18.938,40.383,33.141,27.91,4.33,79.72,18.06,12,-4.03,-4.78,-4.88,-4,0.35,2.61,7.9,-0.29,6.54,4.36,0.01,-3.83,Durian,Clay,0.763,0.293,21.81,7,0.363,3.017.814,27.885
10.412,106.351,5.231,4.306,3.64,38.516,31.53,6.246,19.269,42.216,37.579,27.91,4.33,79.72,18.06,12,-4.03,-4.78,-4.88,-4,0.35,2.61,7.9,-0.29,6.54,4.36,0.01,-3.83,Durian,Clay Loam,0.763,0.298,21.81,7,0.363,1.634.649,27.882
9.082,105.002,5.113,2.774,3.64,39.147,46.073,5.677,32.172,28.592,48.208,28.04,4.45,80.82,18.052,12,-4.45,-5.29,-5.62,-3.24,-0.63,1.27,6.71,0.39,7.95,3.73,3.01,-3.78,Durian,Clay Loam,0.727,0.283,23.01,9,0.345,2.868.224,28.022
8.855,104.815,5.204,1.409,3.64,39.432,52.632,5.261,30.936,29.652,53.916,28.06,4.352,80.92,17.74,12,-4.342,-5.214,-5.54,-3.222,-0.622,1.119,6.44,0.48,7.713,3.491,3.323,-3.592,Durian,Clay Loam,0.724,0.294,22.532,9,0.342,3770.1,28.051
9.789,105.685,6,1.919,3.64,36.279,44.232,6.051,28.078,35.643,63.497,27.556,5.395,82.29,17.114,12,-4.646,-5.969,-6.222,-4.132,0.156,1.21,9.808,-0.191,9.451,4.989,0.474,-4.911,Durian,Clay Loam,0.652,0.314,26.071,7,0.376,2.057.404,27.544
9.698,105.416,5.399,1,3.64,38.78,38.077,5.74,26.099,35.12,65.284,27.732,5.364,82.027,17.441,12,-4.795,-5.936,-6.282,-3.702,-0.238,0.852,9.18,0.174,9.66,5.265,0.834,-4.989,Durian,Clay Loam,0.669,0.321,25.942,9,0.372,2.731.642,27.726
10.403,106.358,5.059,4.823,3.64,38.43,31.805,6.212,19.441,42.13,37.148,27.91,4.33,79.72,18.06,12,-4.03,-4.78,-4.88,-4,0.35,2.61,7.9,-0.29,6.54,4.36,0.01,-3.83,Durian,Clay Loam,0.763,0.297,21.81,7,0.363,1708.36,27.879
9.842,106.374,5.827,2.173,3.64,37.131,35.204,6.183,24.59,38.279,32.554,27.61,5.05,82.34,18.77,12,-4.58,-5.54,-5.71,-4.16,0.46,1.64,10.07,-0.1,7.61,4.57,0.32,-4.63,Durian,Clay Loam,0.653,0.279,24.72,7,0.408,1.771.231,27.596
10.022,105.744,5.667,6,3.64,34.001,34.033,5.767,26.866,39.133,44.866,27.52,5.44,82.42,17.61,12,-4.68,-6.01,-6.26,-4.19,0.2,1.23,10.03,-0.2,9.39,5.07,0.41,-4.97,Durian,Clay Loam,0.646,0.291,26.31,7,0.381,2.673.107,27.481
10.517,106.406,5,2,3.64,40.746,33.17,6.227,17.003,42.308,33.904,27.91,4.33,79.72,18.06,12,-4.03,-4.78,-4.88,-4,0.35,2.61,7.9,-0.29,6.54,4.36,0.01,-3.83,Durian,Clay,0.763,0.298,21.81,7,0.363,1.675.841,27.897
10.096,106.319,5,3.303,3.64,38.139,32.079,6.265,21.873,39.953,36.99,27.61,5.05,82.34,18.06,12,-4.58,-5.54,-5.71,-4.16,0.46,1.64,10.07,-0.1,7.61,4.57,0.32,-4.63,Durian,Clay Loam,0.653,0.291,24.72,7,0.408,1.593.458,27.589
10.822,106.237,5,2,3.64,37.72,30.256,5.968,23.884,38.464,36.718,28.083,3.715,77.678,18.035,12,-3.53,-4.099,-4.16,-3.599,0.094,2.664,5.58,0.006,5.779,4.798,-0.231,-3.285,Durian,Clay Loam,0.848,0.286,18.904,9,0.305,2.237.345,28.07
10.172,106.261,5,5.395,3.64,39.505,31.717,6.26,19.056,41.44,44.428,27.61,5.05,82.34,18.06,12,-4.58,-5.54,-5.71,-4.16,0.46,1.64,10.07,-0.1,7.61,4.57,0.32,-4.63,Durian,Clay Loam,0.653,0.308,24.72,7,0.408,1.604.298,27.575
10.643,106.34,6,2,3.64,44.864,32.114,6.127,15.982,39.154,27.549,27.978,3.825,78.699,18.06,12,-3.636,-4.22,-4.28,-3.754,0.148,3.073,6.311,0.164,5.783,4.096,-0.302,-3.369,Durian,Clay,0.804,0.292,19.561,7,0.322,1.892.638,27.965
9.169,105.521,5,1.866,3.64,37.5,39.614,5.5,33.833,28.666,37.021,27.867,5.221,82.614,17.03,12,-5.108,-5.871,-6.33,-3.205,-0.344,0.603,8.781,0.875,8.349,6.139,1.329,-5.227,Durian,Clay Loam,0.652,0.264,26.085,7,0.337,3.251.955,27.855
10.19,105.11,6,1.007,3.64,40.914,35.292,5.803,22.489,36.597,43.49,27.957,4.895,80.833,17.894,12,-4.266,-5.515,-5.795,-3.482,-0.339,0.988,7.321,-0.087,10.135,4.083,1.196,-4.258,Durian,Clay,0.723,0.299,23.742,9,0.427,2595.06,27.95
10.066,106.452,5.752,2,3.64,40.666,35.43,6.125,26.78,32.554,36.809,27.647,4.807,81.969,18.594,12,-4.387,-5.287,-5.435,-4.13,0.408,2.108,9.426,0.036,7.234,4.159,0.191,-4.365,Durian,Clay,0.668,0.28,23.604,7,0.4,1.896.974,27.634
9.952,105.219,6,1.09,3.64,35.345,29.636,5.618,27.591,37.073,35.953,27.96,4.89,80.82,17.03,12,-4.26,-5.51,-5.79,-3.48,-0.34,0.99,7.3,-0.09,10.14,4.07,1.2,-4.25,Durian,Clay Loam,0.723,0.277,23.72,9,0.428,2.996.135,27.953
10.42,106.11,5.289,2.711,3.64,38.339,35.611,6.142,23.436,38.225,44.271,27.861,4.419,79.974,18.014,12,-4.027,-4.893,-5.016,-3.994,0.338,2.295,7.764,-0.325,7.045,4.591,0.102,-3.922,Durian,Clay Loam,0.751,0.298,22.177,7,0.351,1.860.118,27.843
10.528,106.485,5,2,3.64,36.895,31.591,6.2,24.273,38.922,40.485,27.91,4.33,79.72,18.06,12,-4.03,-4.78,-4.88,-4,0.35,2.61,7.9,-0.29,6.54,4.36,0.01,-3.83,Durian,Clay Loam,0.763,0.291,21.81,7,0.363,1.734.376,27.897
9.404,105.512,5.651,1.349,3.64,40.025,43.221,5.7,33.724,26.285,47.83,27.58,5.68,82.83,17.03,12,-5.15,-6.22,-6.61,-3.85,-0.17,0.76,10.43,0.35,9.34,6.06,0.59,-5.48,Durian,Clay,0.633,0.279,27.48,7,0.379,2.818.361,27.571
10.524,106.12,5.235,2,3.64,42.429,29.557,6.17,17.948,39.623,34.33,27.875,4.269,79.983,17.938,12,-3.976,-4.719,-4.814,-4.009,0.327,2.826,7.799,-0.116,6.434,4.02,-0.039,-3.767,Durian,Clay,0.751,0.297,21.44,7,0.364,1.799.415,27.862
10.146,106.086,5,4.777,3.64,38.763,26.03,6.278,21.922,39.315,37.384,27.603,5.079,82.346,18.048,12,-4.587,-5.575,-5.751,-4.162,0.441,1.61,10.067,-0.107,7.742,4.607,0.327,-4.655,Durian,Clay Loam,0.652,0.292,24.837,7,0.406,1.565.274,27.572
10.594,106.69,5.562,3.438,3.64,33.139,37.459,6.088,22.835,44.026,33.331,27.76,4.07,80.84,18.06,12,-3.8,-4.52,-4.6,-4.04,0.25,3.53,7.47,0.45,6.09,2.91,-0.2,-3.56,Durian,Clay Loam,0.714,0.284,20.72,7,0.361,1.977.189,27.738
10.728,105.085,6,2.099,3.64,33.43,32.784,5.359,26.232,40.338,30.99,27.935,4.684,79.475,17.9,12,-3.787,-5.079,-5.362,-3.631,-0.224,0.518,5.379,-0.202,10.665,4.679,0.868,-3.868,Durian,Clay Loam,0.773,0.273,22.153,9,0.482,3.557.639,27.921
10.121,106.517,6,3.878,3.64,35.997,36.633,6.288,21.82,42.183,37.727,27.61,5.05,82.34,18.147,12,-4.58,-5.54,-5.71,-4.16,0.46,1.64,10.07,-0.1,7.61,4.57,0.32,-4.63,Durian,Clay Loam,0.653,0.293,24.72,7,0.408,1.543.595,27.585
9.814,105.474,5.683,3.366,3.64,37.773,34.007,5.632,25.639,36.588,38.746,27.52,5.44,82.42,17.03,12,-4.68,-6.01,-6.26,-4.19,0.2,1.23,10.03,-0.2,9.39,5.07,0.41,-4.97,Durian,Clay Loam,0.646,0.285,26.31,7,0.381,2.965.783,27.498
10.135,106.337,5.869,5,3.64,33.369,31.995,6.2,21.287,45.344,40.006,27.61,5.05,82.34,18.06,12,-4.58,-5.54,-5.71,-4.16,0.46,1.64,10.07,-0.1,7.61,4.57,0.32,-4.63,Durian,Clay Loam,0.653,0.297,24.72,7,0.408,1.734.376,27.578
9.601,105.832,5.376,1.376,3.64,39.964,36.036,5.85,25.462,34.574,40.961,27.651,5.53,82.789,17.684,12,-5.052,-6.089,-6.407,-3.805,0.01,0.722,10.265,0.527,8.859,5.902,0.496,-5.409,Durian,Clay Loam,0.637,0.289,26.762,7,0.383,2.493.166,27.642
9.79,106.095,5.297,2,3.64,38.053,30.431,6.041,25.895,36.052,42.434,27.583,5.166,82.364,18.253,12,-4.61,-5.68,-5.873,-4.169,0.383,1.518,10.058,-0.13,8.138,4.718,0.347,-4.731,Durian,Clay Loam,0.651,0.29,25.193,7,0.4,2.079.083,27.57
9.978,106.246,5,2.649,3.64,36.626,28.818,6.235,23.789,39.584,33.981,27.61,5.05,82.34,18.77,12,-4.58,-5.54,-5.71,-4.16,0.46,1.64,10.07,-0.1,7.61,4.57,0.32,-4.63,Durian,Clay Loam,0.653,0.283,24.72,7,0.408,1.658.497,27.593
10.517,105.725,5,2,3.64,39.178,27.466,5.969,18.736,42.119,36.21,27.74,4.64,80.6,17.9,12,-4.02,-5.17,-5.35,-3.98,0.31,1.52,7.43,-0.41,8.29,5.16,0.33,-4.15,Durian,Clay Loam,0.722,0.298,23.08,9,0.36,2.235.177,27.727
9.786,105.699,6,3.479,3.64,35.315,32.744,5.789,26.704,37.981,42.172,27.558,5.591,82.678,17.352,12,-4.976,-6.142,-6.481,-3.976,-0.033,0.934,10.282,0.147,9.358,5.694,0.523,-5.291,Durian,Clay Loam,0.638,0.288,26.899,7,0.382,2.625.412,27.535
8.922,105.126,5,2,3.64,36.488,45.388,5.339,31.627,31.824,53.146,28.04,4.45,80.82,17.405,12,-4.45,-5.29,-5.62,-3.24,-0.63,1.27,6.71,0.39,7.95,3.73,3.01,-3.78,Durian,Clay Loam,0.727,0.292,23.01,9,0.345,3.600.998,28.027
9.877,105.984,6,2,3.64,35.737,37.683,5.918,22.306,41.902,39.834,27.559,5.27,82.385,17.79,12,-4.636,-5.805,-6.02,-4.177,0.314,1.409,10.047,-0.156,8.613,4.852,0.371,-4.822,Durian,Clay Loam,0.649,0.294,25.616,7,0.392,2.345.744,27.546
8.665,104.866,6,1.859,3.64,40.435,52.76,5.462,31.974,27.653,56.586,28.14,3.97,81.31,17.74,12,-3.92,-4.92,-5.23,-3.15,-0.59,0.53,5.39,0.83,6.79,2.56,4.54,-2.86,Durian,Clay,0.712,0.296,20.67,9,0.329,3.334.338,28.128
9.523,105.823,5,2,3.64,35.652,45.052,5.619,27.819,36.529,41.801,27.58,5.68,82.83,17.03,12,-5.15,-6.22,-6.61,-3.85,-0.17,0.76,10.43,0.35,9.34,6.06,0.59,-5.48,Durian,Clay Loam,0.633,0.285,27.48,7,0.379,2.993.967,27.567
9.981,105.67,5.596,4.018,3.64,38.14,26.154,5.802,27.405,34.454,32.663,27.621,5.375,82.541,18.251,12,-4.765,-5.954,-6.183,-4.004,0.244,1,10.014,0.212,8.853,5.3,0.382,-5.099,Durian,Clay Loam,0.646,0.273,26.005,7,0.385,2.597.228,27.595
9.785,105.611,6,2.817,3.64,39.363,34.982,5.691,26.655,34.028,36.055,27.547,5.549,82.606,17.03,12,-4.894,-6.105,-6.419,-4.036,0.032,1.016,10.212,0.05,9.367,5.52,0.492,-5.202,Durian,Clay Loam,0.64,0.279,26.656,7,0.383,2.837.873,27.529
9.753,105.71,5,1.556,3.64,38.289,33.956,5.844,24.978,36.689,42.667,27.547,5.547,82.602,17.03,12,-4.889,-6.103,-6.416,-4.039,0.036,1.021,10.208,0.044,9.368,5.51,0.49,-5.197,Durian,Clay Loam,0.64,0.292,26.644,7,0.383,2.506.173,27.537
10.176,106.166,5.015,4.956,3.64,39.891,33.065,6.303,18.706,41.403,45.131,27.61,5.05,82.34,18.06,12,-4.58,-5.54,-5.71,-4.16,0.46,1.64,10.07,-0.1,7.61,4.57,0.32,-4.63,Durian,Clay Loam,0.653,0.31,24.72,7,0.408,1.511.075,27.578
9.816,106.297,5.587,2,3.64,39.141,36.978,6.159,26.806,34.052,37.894,27.676,5.145,82.497,18.77,12,-4.708,-5.676,-5.859,-3.982,0.398,1.235,10.037,0.28,7.796,5.012,0.328,-4.903,Durian,Clay Loam,0.649,0.281,25.128,7,0.4,1.823.263,27.663
10.296,105.139,5.168,2.337,3.64,37.47,34.397,5.6,23.616,38.932,42.023,27.918,4.79,79.939,17.957,12,-3.919,-5.227,-5.516,-3.63,-0.24,0.583,5.895,-0.231,10.755,4.552,0.926,-3.992,Durian,Clay Loam,0.755,0.295,22.755,9,0.474,3.035.158,27.903
10.458,105.659,5.643,3.285,3.64,38.314,26.964,5.971,19.586,42.1,37.714,27.74,4.64,80.6,17.9,12,-4.02,-5.17,-5.35,-3.98,0.31,1.52,7.43,-0.41,8.29,5.16,0.33,-4.15,Durian,Clay Loam,0.722,0.298,23.08,9,0.36,2.230.841,27.719
10.407,106.297,5,4.759,3.64,41.196,27.456,6.248,20.152,38.652,29.045,27.91,4.33,79.72,18.06,12,-4.03,-4.78,-4.88,-4,0.35,2.61,7.9,-0.29,6.54,4.36,0.01,-3.83,Durian,Clay,0.763,0.284,21.81,7,0.363,1.630.313,27.879
10.058,105.443,5.5,2,3.64,33.15,35.451,5.6,25.449,41.401,34.899,27.52,5.44,82.42,17.465,12,-4.68,-6.01,-6.26,-4.19,0.2,1.23,10.03,-0.2,9.39,5.07,0.41,-4.97,Durian,Clay Loam,0.646,0.28,26.31,7,0.381,3.035.158,27.507
9.924,105.771,6,2.458,3.64,38.275,36.936,6.146,25.354,36.371,46.963,27.52,5.44,82.42,17.03,12,-4.68,-6.01,-6.26,-4.19,0.2,1.23,10.03,-0.2,9.39,5.07,0.41,-4.97,Durian,Clay Loam,0.646,0.297,26.31,7,0.381,1.851.446,27.504
10.186,106.101,5,2.097,3.64,38.381,32.561,6.205,20.787,40.737,39.22,27.61,5.05,82.34,18.06,12,-4.58,-5.54,-5.71,-4.16,0.46,1.64,10.07,-0.1,7.61,4.57,0.32,-4.63,Durian,Clay Loam,0.653,0.297,24.72,7,0.408,1.723.536,27.596
8.763,105.024,5.847,2,3.64,34.407,52.806,5.4,31.915,33.678,51.895,28.04,4.45,80.82,17.952,12,-4.45,-5.29,-5.62,-3.24,-0.63,1.27,6.71,0.39,7.95,3.73,3.01,-3.78,Durian,Clay Loam,0.727,0.289,23.01,9,0.345,3.468.752,28.027
10.361,106.109,5,2,3.64,39.171,30.734,6.183,21.797,39.04,41.58,27.925,4.277,79.547,18.06,12,-3.99,-4.72,-4.816,-3.967,0.329,2.631,7.717,-0.263,6.463,4.385,-0.021,-3.783,Durian,Clay Loam,0.77,0.298,21.56,7,0.359,1.771.231,27.912
10.768,105.498,5.186,3.559,3.64,34.539,29.086,5.463,24.821,40.639,28.518,27.803,4.467,80.06,17.9,12,-3.934,-4.967,-5.123,-3.913,0.271,1.77,7.121,-0.328,7.796,5.065,0.203,-3.988,Durian,Clay Loam,0.745,0.273,22.253,9,0.351,3332.17,27.78
9.808,105.32,5.891,2.218,3.64,36.811,31.185,5.822,27.326,35.952,39.424,27.912,4.95,80.994,17.03,12,-4.306,-5.564,-5.841,-3.557,-0.281,1.016,7.597,-0.102,10.058,4.179,1.114,-4.328,Durian,Clay Loam,0.715,0.282,23.979,9,0.42,2.553.869,27.898
10.306,105.008,5.851,2.149,3.64,32.323,34.53,5.674,25.762,41.915,36.951,27.852,4.87,80.156,18.189,12,-3.974,-5.295,-5.579,-3.739,-0.157,0.609,6.269,-0.251,10.658,4.713,0.801,-4.093,Durian,Clay Loam,0.744,0.282,23.088,9,0.462,2.874.728,27.838
9.865,105.454,6,2.473,3.64,36.71,38.789,5.584,25.569,37.673,42.085,27.861,4.682,80.958,17.442,12,-4.32,-5.354,-5.576,-3.596,-0.138,1.562,7.635,-0.068,8.301,4.581,1.178,-4.197,Durian,Clay Loam,0.714,0.29,23.249,9,0.357,3.069.846,27.845
9.225,105.667,5.246,2,3.64,37.571,39.025,5.525,33.211,29.194,38.226,27.776,5.424,82.875,17.03,12,-5.195,-6.024,-6.482,-3.36,-0.268,0.564,9.427,0.802,8.639,6.399,0.952,-5.457,Durian,Clay Loam,0.639,0.267,26.786,7,0.352,3.197.756,27.763
9.868,105.456,6,2.477,3.64,36.715,38.791,5.586,25.561,37.677,42.075,27.86,4.682,80.956,17.445,12,-4.318,-5.353,-5.575,-3.598,-0.135,1.562,7.634,-0.07,8.3,4.584,1.173,-4.197,Durian,Clay Loam,0.714,0.29,23.246,9,0.357,3065.51,27.844
9.73,105.261,5.606,1,3.64,38.615,39.149,5.658,26.306,35.079,63.882,27.81,5.202,81.613,17.654,12,-4.611,-5.79,-6.113,-3.626,-0.273,0.899,8.534,0.084,9.825,4.855,0.959,-4.735,Durian,Clay Loam,0.687,0.319,25.148,9,0.391,2.909.416,27.804
10.386,105.734,5.451,2,3.64,34.18,27.485,5.935,19.141,46.679,32.251,27.74,4.64,80.6,17.9,12,-4.02,-5.17,-5.35,-3.98,0.31,1.52,7.43,-0.41,8.29,5.16,0.33,-4.15,Durian,Clay Loam,0.722,0.291,23.08,9,0.36,2.308.888,27.727
9.167,105.341,6,2.253,3.64,39.182,36.605,5.351,31.905,28.913,41.109,27.774,5.426,82.875,17.03,12,-5.195,-6.026,-6.483,-3.365,-0.267,0.566,9.437,0.798,8.645,6.396,0.949,-5.458,Durian,Clay Loam,0.639,0.274,26.794,7,0.352,3.574.983,27.759
10.883,105.619,5,3.431,3.64,35.899,27.024,5.415,21.244,42.857,31.816,28.094,3.731,77.6,17.946,12,-3.424,-4.166,-4.266,-3.527,0.071,1.98,4.919,-0.077,6.262,5.315,0.187,-3.301,Durian,Clay Loam,0.851,0.286,18.761,9,0.334,3.436.232,28.072
10.028,106.536,6,3.042,3.64,36.352,38.102,6.252,22.127,41.521,37.992,27.61,5.05,82.34,18.4,12,-4.58,-5.54,-5.71,-4.16,0.46,1.64,10.07,-0.1,7.61,4.57,0.32,-4.63,Durian,Clay Loam,0.653,0.292,24.72,7,0.408,1.621.642,27.59
9.949,105.345,6,1,3.64,38.305,35.513,5.6,26.949,34.729,37.937,27.598,5.342,82.136,17.03,12,-4.605,-5.921,-6.177,-4.064,0.104,1.187,9.545,-0.18,9.523,4.892,0.55,-4.842,Durian,Clay Loam,0.66,0.281,25.789,7,0.37,3.035.158,27.592
10.212,105.483,5.431,3.138,3.64,39.954,33.259,5.657,22.459,37.688,47.337,27.71,5.203,81.731,17.9,12,-4.499,-5.795,-6.057,-3.884,-0.033,1.127,8.854,-0.153,9.713,4.639,0.75,-4.66,Durian,Clay Loam,0.679,0.305,25.081,9,0.387,2.911.584,27.69
10.192,106.066,5,2,3.64,38.586,32.734,6.21,20.793,40.542,39.524,27.601,5.09,82.348,18.043,12,-4.59,-5.589,-5.767,-4.163,0.433,1.598,10.066,-0.11,7.794,4.622,0.329,-4.665,Durian,Clay Loam,0.652,0.298,24.884,7,0.405,1.712.696,27.588
9.611,106.248,6,2.786,3.64,41.729,45.164,6.043,26.428,31.843,51.657,27.789,5.221,82.585,18.719,12,-4.859,-5.829,-6.038,-3.695,0.243,0.703,9.756,0.789,8.052,5.504,0.53,-5.182,Durian,Clay,0.65,0.302,25.603,7,0.381,2.074.747,27.771
9.979,106.341,5.045,2,3.64,37.582,30.899,6.295,23.445,38.973,34.387,27.61,5.05,82.34,18.77,12,-4.58,-5.54,-5.71,-4.16,0.46,1.64,10.07,-0.1,7.61,4.57,0.32,-4.63,Durian,Clay Loam,0.653,0.284,24.72,7,0.408,1.528.419,27.597
10.01,105.463,6,3.345,3.64,38.448,29.812,5.731,23.731,37.822,46.673,27.672,5.25,81.868,17.448,12,-4.535,-5.837,-6.098,-3.945,0.014,1.147,9.087,-0.162,9.649,4.725,0.683,-4.721,Durian,Clay Loam,0.672,0.301,25.298,9,0.381,2.751.154,27.65
9.403,105.043,6,0.62,3.64,42.238,34.542,5.486,27.928,29.834,43.09,27.97,4.72,81.28,17.421,12,-4.59,-5.52,-5.78,-3.25,-0.54,1.6,7.82,0.24,8.31,4.06,1.94,-4.24,Durian,Clay,0.706,0.286,23.92,9,0.347,3.282.307,27.966
10.168,105.651,5.197,3.803,3.64,40.206,33.434,5.799,22.811,37.063,48.165,27.52,5.44,82.42,17.728,12,-4.68,-6.01,-6.26,-4.19,0.2,1.23,10.03,-0.2,9.39,5.07,0.41,-4.97,Durian,Clay,0.646,0.305,26.31,7,0.381,2.603.732,27.495
10.793,104.843,5.521,3.917,3.64,29.242,31.238,5.244,37.225,33.481,27.854,27.737,4.382,78.893,18.24,12,-3.572,-4.715,-4.986,-3.478,-0.354,0.538,4.23,0.004,10.109,4.77,0.98,-3.552,Durian,Clay Loam,0.786,0.243,20.657,9,0.49,3.806.955,27.712
10.093,105.917,5.195,2,3.64,40.745,33.939,6.281,21.444,37.891,40.872,27.532,5.487,82.5,17.731,12,-4.771,-6.051,-6.328,-4.124,0.128,1.139,10.108,-0.093,9.38,5.263,0.445,-5.069,Durian,Clay,0.644,0.298,26.436,7,0.382,1558.77,27.519
10.733,106.496,5.166,3,3.64,35.752,35.817,5.833,22.749,41.499,28.531,28.027,3.77,78.222,18.06,12,-3.6,-4.153,-4.208,-3.69,0.125,2.971,6.053,0.1,5.715,4.361,-0.325,-3.327,Durian,Clay Loam,0.824,0.278,19.303,7,0.313,2.530.021,28.008
8.813,104.948,6,1.383,3.64,39.221,58.26,5.562,32.731,28.048,53.998,28.078,4.266,81.007,17.836,12,-4.247,-5.148,-5.471,-3.206,-0.615,0.987,6.205,0.558,7.506,3.282,3.595,-3.428,Durian,Clay Loam,0.721,0.29,22.115,9,0.339,3.117.541,28.069
10.235,106.078,5.523,3,3.64,36.986,35.429,6.2,23.368,39.646,44.3,27.753,4.707,81.09,17.976,12,-4.318,-5.178,-5.314,-4.084,0.408,2.103,9.035,-0.191,7.1,4.47,0.172,-4.248,Durian,Clay Loam,0.705,0.298,23.333,7,0.388,1.734.376,27.734
9.828,105.071,5.33,1.33,3.64,34.713,38.556,5.332,27.958,37.396,36.192,27.95,4.736,80.779,17.429,12,-4.346,-5.405,-5.674,-3.385,-0.434,1.237,7.091,0.075,9.158,4.255,1.587,-4.141,Durian,Clay Loam,0.724,0.276,23.385,9,0.391,3.616.174,27.941
9.967,105.211,5.93,1.141,3.64,35.39,29.282,5.593,27.537,37.073,35.494,27.96,4.89,80.82,17.03,12,-4.26,-5.51,-5.79,-3.48,-0.34,0.99,7.3,-0.09,10.14,4.07,1.2,-4.25,Durian,Clay Loam,0.723,0.276,23.72,9,0.428,3.050.334,27.953
9.757,105.543,5,1.468,3.64,34.531,44.056,5.74,25.711,39.758,51.1,27.552,5.568,82.638,17.437,12,-4.93,-6.122,-6.446,-4.009,0.003,0.98,10.243,0.093,9.363,5.597,0.506,-5.241,Durian,Clay Loam,0.639,0.302,26.748,7,0.382,2.731.642,27.542
10.195,104.939,6,4,3.64,38.213,30.344,5.6,23.368,38.477,45.896,27.96,4.89,80.82,18.24,12,-4.26,-5.51,-5.79,-3.48,-0.34,0.99,7.3,-0.09,10.14,4.07,1.2,-4.25,Durian,Clay Loam,0.723,0.301,23.72,9,0.428,3.035.158,27.934
10.066,106.066,6,2,3.64,33.71,33.963,6.191,25.119,41.179,38.75,27.61,5.05,82.34,18.124,12,-4.58,-5.54,-5.71,-4.16,0.46,1.64,10.07,-0.1,7.61,4.57,0.32,-4.63,Durian,Clay Loam,0.653,0.286,24.72,7,0.408,1.753.888,27.597
10.577,104.995,5.282,130.979,3.64,28.522,31.31,5.744,43.619,27.887,43.465,27.91,4.77,79.76,18.24,12,-3.85,-5.17,-5.46,-3.66,-0.22,0.5,5.61,-0.26,10.88,4.65,0.87,-3.94,Durian,Clay Loam,0.761,0.251,22.56,9,0.483,2722.97,27.059
8.749,104.888,6,0.6,3.64,39.42,54.7,5.4,33.26,27.32,55.86,28.08,4.258,81.016,17.74,12,-4.238,-5.142,-5.464,-3.204,-0.614,0.974,6.182,0.566,7.486,3.262,3.622,-3.412,Durian,Clay Loam,0.721,0.292,22.074,9,0.339,3.468.752,28.076
9.964,106.011,5,1.023,3.64,35.944,32.354,6.1,22.709,41.349,45.119,27.608,5.059,82.342,18.75,12,-4.582,-5.551,-5.723,-4.161,0.454,1.63,10.069,-0.102,7.651,4.582,0.322,-4.638,Durian,Clay Loam,0.652,0.301,24.757,7,0.408,1.951.173,27.601
10.113,106.051,5.177,5,3.64,38.517,26.637,6.194,22.041,39.441,37.865,27.594,5.119,82.354,17.878,12,-4.598,-5.623,-5.807,-4.165,0.414,1.568,10.063,-0.118,7.925,4.658,0.336,-4.69,Durian,Clay Loam,0.651,0.292,25.001,7,0.403,1.747.384,27.562
10.155,106.073,5.522,3.433,3.64,38.748,26.94,6.248,22.736,38.516,37.339,27.61,5.05,82.34,18.06,12,-4.58,-5.54,-5.71,-4.16,0.46,1.64,10.07,-0.1,7.61,4.57,0.32,-4.63,Durian,Clay Loam,0.653,0.29,24.72,7,0.408,1.630.313,27.588
9.88,105.693,5.877,2,3.64,39.575,32.597,5.888,24.663,35.762,43.491,27.52,5.44,82.42,17.03,12,-4.68,-6.01,-6.26,-4.19,0.2,1.23,10.03,-0.2,9.39,5.07,0.41,-4.97,Durian,Clay Loam,0.646,0.294,26.31,7,0.381,2.410.783,27.507
9.407,105.517,6,1.141,3.64,40.636,43.539,5.714,33.003,26.361,47.591,27.58,5.68,82.83,17.03,12,-5.15,-6.22,-6.61,-3.85,-0.17,0.76,10.43,0.35,9.34,6.06,0.59,-5.48,Durian,Clay,0.633,0.281,27.48,7,0.379,2.788.009,27.573
9.921,105.662,5.2,2.2,3.64,35.56,34.061,5.8,26.58,37.859,35.079,27.57,5.408,82.48,18.074,12,-4.722,-5.982,-6.222,-4.098,0.222,1.116,10.022,0.004,9.124,5.184,0.396,-5.034,Durian,Clay Loam,0.646,0.278,26.058,7,0.384,2.601.564,27.556
9.929,105.54,6,2.185,3.64,35.558,35.112,5.774,21.889,42.471,40.712,27.52,5.44,82.42,17.191,12,-4.68,-6.01,-6.26,-4.19,0.2,1.23,10.03,-0.2,9.39,5.07,0.41,-4.97,Durian,Clay Loam,0.646,0.297,26.31,7,0.381,2.657.931,27.506
10.365,106.315,5,2.705,3.64,37.093,34.66,6.2,24.248,38.689,43.119,27.91,4.33,79.72,18.06,12,-4.03,-4.78,-4.88,-4,0.35,2.61,7.9,-0.29,6.54,4.36,0.01,-3.83,Durian,Clay Loam,0.763,0.295,21.81,7,0.363,1.734.376,27.892
10.868,105.151,5.207,3,3.64,35.445,30.884,5.421,23.569,40.965,39.36,28.16,3.9,76.87,17.9,12,-3.21,-4.25,-4.47,-3.37,-0.26,0.68,3.27,0.33,8.7,4.94,0.85,-3.21,Durian,Clay Loam,0.882,0.291,18.77,9,0.464,3.423.225,28.14
10.814,105.809,5.815,2,3.64,34.204,23.845,5.637,24.37,41.489,33.396,28.1,3.74,77.56,17.9,12,-3.37,-4.2,-4.32,-3.49,0.06,1.63,4.58,-0.12,6.51,5.58,0.4,-3.31,Durian,Clay Loam,0.853,0.281,18.81,9,0.347,2.954.943,28.087
9.634,105.417,6,1.082,3.64,38.223,33.41,5.716,25.526,36.251,43.058,27.575,5.66,82.796,17.03,12,-5.111,-6.203,-6.581,-3.878,-0.14,0.799,10.397,0.305,9.344,5.979,0.575,-5.438,Durian,Clay Loam,0.634,0.292,27.351,7,0.379,2.783.673,27.568
9.171,105.381,6,1.575,3.64,41.468,36.237,5.515,30.687,27.845,41.966,27.73,5.484,82.865,17.03,12,-5.185,-6.07,-6.512,-3.476,-0.245,0.61,9.665,0.695,8.805,6.319,0.866,-5.463,Durian,Clay,0.638,0.278,26.951,7,0.358,3.219.435,27.72
10.001,105.459,5,2.087,3.64,32.961,34.517,5.644,26.317,40.722,36.374,27.52,5.44,82.42,17.106,12,-4.68,-6.01,-6.26,-4.19,0.2,1.23,10.03,-0.2,9.39,5.07,0.41,-4.97,Durian,Clay Loam,0.646,0.28,26.31,7,0.381,2.939.767,27.506
10.692,105.334,5.816,3,3.64,36.105,27.595,5.908,22.669,41.226,32.808,27.74,4.64,80.6,17.9,12,-4.02,-5.17,-5.35,-3.98,0.31,1.52,7.43,-0.41,8.29,5.16,0.33,-4.15,Durian,Clay Loam,0.722,0.284,23.08,9,0.36,2.367.423,27.72
10.071,105.334,5.374,1.626,3.64,40.653,31.211,5.537,22.684,36.663,36.695,27.52,5.44,82.42,17.575,12,-4.68,-6.01,-6.26,-4.19,0.2,1.23,10.03,-0.2,9.39,5.07,0.41,-4.97,Durian,Clay,0.646,0.289,26.31,7,0.381,3171.74,27.509
10.481,105.453,6,2,3.64,35.242,27.679,5.942,19.116,45.642,33.063,27.83,4.708,80.158,17.9,12,-3.93,-5.17,-5.408,-3.812,0.031,0.983,6.472,-0.331,9.654,4.891,0.614,-4.039,Durian,Clay Loam,0.743,0.292,22.69,9,0.426,2.293.712,27.817
9.927,105.758,5.888,2.112,3.64,37.978,38.276,6.1,25.389,36.622,47.055,27.52,5.44,82.42,17.03,12,-4.68,-6.01,-6.26,-4.19,0.2,1.23,10.03,-0.2,9.39,5.07,0.41,-4.97,Durian,Clay Loam,0.646,0.297,26.31,7,0.381,1.951.173,27.506
10.608,106.311,6,2,3.64,47.091,32.501,5.901,13.409,39.6,26.716,27.91,4.329,79.723,18.06,12,-4.029,-4.779,-4.879,-4,0.35,2.612,7.899,-0.288,6.539,4.356,0.009,-3.829,Durian,Clay,0.762,0.297,21.804,7,0.363,2.382.599,27.897
9.273,105.71,6,2,3.64,38.834,37.833,5.6,31.534,29.567,42.9,27.674,5.557,82.852,17.03,12,-5.172,-6.126,-6.548,-3.615,-0.217,0.666,9.949,0.567,9.003,6.223,0.764,-5.469,Durian,Clay Loam,0.636,0.278,27.147,7,0.366,3.035.158,27.661
9.98,106.27,5,2.485,3.64,36.873,29.294,6.252,23.691,39.436,34.112,27.61,5.05,82.34,18.77,12,-4.58,-5.54,-5.71,-4.16,0.46,1.64,10.07,-0.1,7.61,4.57,0.32,-4.63,Durian,Clay Loam,0.653,0.283,24.72,7,0.408,1.621.642,27.594
10.533,105.921,5.594,4.406,3.64,40.991,26.178,5.622,18.612,40.397,32.815,27.841,4.456,80.078,17.995,12,-4.026,-4.939,-5.071,-3.992,0.334,2.167,7.709,-0.339,7.251,4.685,0.14,-3.96,Durian,Clay,0.746,0.293,22.327,7,0.346,2.987.463,27.812
10.367,106.176,5,2,3.64,38.743,30.906,6.2,22.219,39.059,41.649,27.91,4.33,79.72,18.06,12,-4.03,-4.78,-4.88,-4,0.35,2.61,7.9,-0.29,6.54,4.36,0.01,-3.83,Durian,Clay Loam,0.763,0.297,21.81,7,0.363,1.734.376,27.897
10.552,105.646,6,2,3.64,40.264,34.441,5.859,22.153,37.618,44.765,27.818,4.728,80.678,17.9,12,-4.105,-5.29,-5.505,-3.803,0.08,1.333,7.384,-0.297,8.944,4.775,0.637,-4.185,Durian,Clay,0.723,0.302,23.185,9,0.386,2.473.654,27.805
10.72,106.154,6,2.175,3.64,45.081,31.473,6.052,16.002,38.917,26.551,28.05,3.818,78.053,18.06,12,-3.642,-4.202,-4.261,-3.686,0.144,2.816,6.142,-0.026,5.797,4.599,-0.287,-3.376,Durian,Clay,0.832,0.29,19.48,7,0.315,2.055.236,28.036
10.077,105.333,5.361,1.639,3.64,40.678,31.197,5.536,22.658,36.664,36.654,27.52,5.44,82.42,17.586,12,-4.68,-6.01,-6.26,-4.19,0.2,1.23,10.03,-0.2,9.39,5.07,0.41,-4.97,Durian,Clay,0.646,0.289,26.31,7,0.381,3.173.908,27.509
9.887,105.749,5,3,3.64,37.411,33.156,6.009,24.92,37.679,52.967,27.52,5.44,82.42,17.03,12,-4.68,-6.01,-6.26,-4.19,0.2,1.23,10.03,-0.2,9.39,5.07,0.41,-4.97,Durian,Clay Loam,0.646,0.307,26.31,7,0.381,2.148.458,27.5
9.867,106.091,5.77,7.77,3.64,38.277,26.971,6.177,25.605,36.195,30.813,27.647,5.103,82.427,18.77,12,-4.651,-5.616,-5.793,-4.061,0.425,1.415,10.052,0.112,7.714,4.816,0.325,-4.782,Durian,Clay Loam,0.651,0.274,24.903,7,0.404,1.784.239,27.596
9.855,105.679,5.557,1.443,3.64,39.678,30.633,5.989,23.713,36.608,41.798,27.52,5.44,82.42,17.03,12,-4.68,-6.01,-6.26,-4.19,0.2,1.23,10.03,-0.2,9.39,5.07,0.41,-4.97,Durian,Clay Loam,0.646,0.294,26.31,7,0.381,2.191.818,27.511
10.287,105.684,5,2,3.64,37.774,26.409,5.998,19.665,42.586,37.256,27.74,4.64,80.6,17.9,12,-4.02,-5.17,-5.35,-3.98,0.31,1.52,7.43,-0.41,8.29,5.16,0.33,-4.15,Durian,Clay Loam,0.722,0.297,23.08,9,0.36,2.172.306,27.727
10.755,106.205,5.698,2,3.64,44.322,32.334,6,15.6,40.078,25.251,28.029,3.897,78.31,18.06,12,-3.702,-4.291,-4.357,-3.735,0.176,2.784,6.413,-0.067,5.912,4.562,-0.241,-3.446,Durian,Clay,0.821,0.289,19.839,7,0.323,2167.97,28.016
9.89,105.96,5.268,6.732,3.64,38.548,25.414,5.966,27.576,33.875,33.575,27.762,5.108,82.152,18.537,12,-4.657,-5.682,-5.877,-3.797,0.31,0.891,9.304,0.49,8.122,5.511,0.337,-4.984,Durian,Clay Loam,0.665,0.274,24.997,7,0.373,2.241.681,27.718
9.234,104.994,6,2.851,3.64,38.058,42.457,5.76,31.775,30.167,61.232,27.963,4.597,81.058,17.907,12,-4.484,-5.397,-5.715,-3.381,-0.506,1.264,7.204,0.302,8.164,3.929,2.623,-3.957,Durian,Clay Loam,0.714,0.303,23.44,9,0.348,2.688.283,27.944
10.658,105.543,5.671,2,3.64,34.799,29.756,5.499,21.466,43.736,37.263,27.74,4.64,80.6,17.9,12,-4.02,-5.17,-5.35,-3.98,0.31,1.52,7.43,-0.41,8.29,5.16,0.33,-4.15,Durian,Clay Loam,0.722,0.293,23.08,9,0.36,3.254.123,27.727
9.925,105.918,5.19,2,3.64,40.086,31.429,6.119,22.257,37.657,42.648,27.531,5.486,82.498,17.03,12,-4.77,-6.05,-6.327,-4.125,0.13,1.14,10.106,-0.095,9.38,5.259,0.444,-5.067,Durian,Clay,0.644,0.299,26.434,7,0.382,1.909.982,27.518
10.621,106.168,5.767,4.233,3.64,40.487,26.907,5.663,19.357,40.157,32.423,27.91,4.33,79.72,18.06,12,-4.03,-4.78,-4.88,-4,0.35,2.61,7.9,-0.29,6.54,4.36,0.01,-3.83,Durian,Clay,0.763,0.291,21.81,7,0.363,2.898.576,27.882
10.124,106.261,5.15,4.551,3.64,37.74,31.474,6.23,18.199,44.075,37.615,27.597,5.108,82.352,18.036,12,-4.595,-5.61,-5.792,-4.164,0.421,1.579,10.064,-0.115,7.876,4.645,0.333,-4.681,Durian,Clay Loam,0.652,0.301,24.957,7,0.404,1.669.337,27.567
10.408,106.38,5,4.576,3.64,38.57,32.833,6.242,18.864,42.566,37.254,27.91,4.33,79.72,18.06,12,-4.03,-4.78,-4.88,-4,0.35,2.61,7.9,-0.29,6.54,4.36,0.01,-3.83,Durian,Clay Loam,0.763,0.299,21.81,7,0.363,1.643.321,27.88
10.353,104.904,6,2,3.64,32.62,34.179,5.585,25.602,41.778,36.457,27.91,4.77,79.76,18.188,12,-3.85,-5.17,-5.46,-3.66,-0.22,0.5,5.61,-0.26,10.88,4.65,0.87,-3.94,Durian,Clay Loam,0.761,0.282,22.56,9,0.483,3.067.678,27.897
9.971,106.128,6,3.53,3.64,37.476,30.171,6.2,23.653,38.871,35.112,27.61,5.05,82.34,18.603,12,-4.58,-5.54,-5.71,-4.16,0.46,1.64,10.07,-0.1,7.61,4.57,0.32,-4.63,Durian,Clay Loam,0.653,0.285,24.72,7,0.408,1.734.376,27.587
10.322,105.65,5.131,2.131,3.64,37.8,26.013,6.022,20.205,42.008,38.414,27.74,4.64,80.6,17.9,12,-4.02,-5.17,-5.35,-3.98,0.31,1.52,7.43,-0.41,8.29,5.16,0.33,-4.15,Durian,Clay Loam,0.722,0.297,23.08,9,0.36,2.120.275,27.726
9.846,105.238,5.473,3.108,3.64,35.24,27.085,5.547,27.733,37.027,32.631,27.96,4.89,80.82,17.03,12,-4.26,-5.51,-5.79,-3.48,-0.34,0.99,7.3,-0.09,10.14,4.07,1.2,-4.25,Durian,Clay Loam,0.723,0.272,23.72,9,0.428,3150.06,27.94
10.157,106.19,5.465,5.394,3.64,37.611,33.871,6.093,23.407,39.028,39.921,27.771,4.665,80.937,18.304,12,-4.286,-5.133,-5.266,-4.074,0.401,2.159,8.908,-0.202,7.037,4.458,0.154,-4.202,Durian,Clay Loam,0.711,0.292,23.163,7,0.385,1.966.349,27.736
10.09,105.325,5,2,3.64,41.236,33.018,5.582,22.393,36.371,35.171,27.52,5.44,82.42,17.9,12,-4.68,-6.01,-6.26,-4.19,0.2,1.23,10.03,-0.2,9.39,5.07,0.41,-4.97,Durian,Clay,0.646,0.288,26.31,7,0.381,3.074.181,27.507
9.408,105.507,5.312,2,3.64,40.824,40.807,5.731,33.794,25.45,47.075,27.58,5.68,82.83,17.03,12,-5.15,-6.22,-6.61,-3.85,-0.17,0.76,10.43,0.35,9.34,6.06,0.59,-5.48,Durian,Clay,0.633,0.278,27.48,7,0.379,2.751.154,27.567
10.264,105.667,5,6.54,3.64,36.891,31.485,5.815,22.991,40.118,42.522,27.74,4.64,80.6,17.9,12,-4.02,-5.17,-5.35,-3.98,0.31,1.52,7.43,-0.41,8.29,5.16,0.33,-4.15,Durian,Clay Loam,0.722,0.297,23.08,9,0.36,2.569.044,27.697
9.067,105.072,5,1.619,3.64,38.388,43.291,5.521,33.421,28.192,39.904,28.061,4.351,80.921,17.228,12,-4.341,-5.214,-5.54,-3.221,-0.622,1.117,6.438,0.481,7.711,3.489,3.325,-3.59,Durian,Clay Loam,0.724,0.269,22.528,9,0.342,3.206.428,28.05
10.818,105.239,5.638,2.638,3.64,35.003,26.31,5.609,24.31,40.586,36.104,28.138,3.842,77.12,17.9,12,-3.268,-4.232,-4.416,-3.413,-0.144,1.024,3.744,0.167,7.907,5.172,0.687,-3.246,Durian,Clay Loam,0.872,0.285,18.719,9,0.423,3.015.646,28.121
10.522,105.278,5,2,3.64,37.597,33.943,6.049,21.25,41.201,45.447,27.91,4.77,79.76,17.9,12,-3.85,-5.17,-5.46,-3.66,-0.22,0.5,5.61,-0.26,10.88,4.65,0.87,-3.94,Durian,Clay Loam,0.761,0.305,22.56,9,0.483,2.061.739,27.897
10.27,105.537,5,2.368,3.64,34.564,26.194,5.747,21.131,44.331,29.991,27.659,4.934,81.27,17.9,12,-4.263,-5.479,-5.685,-4.057,0.27,1.413,8.387,-0.333,8.695,5.127,0.359,-4.452,Durian,Clay Loam,0.694,0.283,24.269,9,0.359,2.716.466,27.644
10.279,105.272,6,4.825,3.64,42.824,27.594,5.723,21.125,36.046,36.564,27.9,4.762,79.809,17.9,12,-3.86,-5.17,-5.454,-3.679,-0.189,0.56,5.716,-0.269,10.729,4.68,0.838,-3.952,Durian,Clay,0.759,0.293,22.573,9,0.476,2.768.498,27.869
9.912,105.399,5.142,1.858,3.64,37.642,32.725,5.686,26.786,35.572,38.115,27.52,5.44,82.42,17.03,12,-4.68,-6.01,-6.26,-4.19,0.2,1.23,10.03,-0.2,9.39,5.07,0.41,-4.97,Durian,Clay Loam,0.646,0.282,26.31,7,0.381,2.848.713,27.508
10.457,106.442,5,2.725,3.64,42.233,34.825,6.245,17.361,40.433,36.739,27.91,4.33,79.72,18.06,12,-4.03,-4.78,-4.88,-4,0.35,2.61,7.9,-0.29,6.54,4.36,0.01,-3.83,Durian,Clay,0.763,0.302,21.81,7,0.363,1.636.817,27.892
10.365,106.547,5.597,2.597,3.64,38.976,34.825,6.4,20.081,40.943,36.346,27.82,4.175,80.389,18.06,12,-3.893,-4.625,-4.713,-4.024,0.29,3.159,7.643,0.152,6.271,3.494,-0.115,-3.669,Durian,Clay Loam,0.734,0.295,21.039,7,0.364,1.300.782,27.803
10.167,105.183,5.324,2,3.64,39.084,31.337,5.568,23.143,37.773,37.111,27.944,4.851,80.476,17.9,12,-4.127,-5.4,-5.683,-3.538,-0.301,0.831,6.752,-0.145,10.38,4.258,1.093,-4.15,Durian,Clay Loam,0.736,0.289,23.344,9,0.445,3.104.533,27.931
10.214,105.659,6,2.557,3.64,37.01,33.489,6.233,20.736,42.298,38.424,27.52,5.44,82.42,17.9,12,-4.68,-6.01,-6.26,-4.19,0.2,1.23,10.03,-0.2,9.39,5.07,0.41,-4.97,Durian,Clay Loam,0.646,0.296,26.31,7,0.381,1.662.833,27.503
10.232,106.069,5.554,3,3.64,36.967,35.401,6.2,23.324,39.708,44.3,27.744,4.729,81.172,17.971,12,-4.335,-5.201,-5.34,-4.089,0.411,2.072,9.103,-0.185,7.133,4.476,0.182,-4.273,Durian,Clay Loam,0.701,0.298,23.423,7,0.389,1.734.376,27.724
9.056,105.333,6,2.275,3.64,37.774,36.861,5.328,31.445,30.782,43.474,27.84,5.34,82.89,17.03,12,-5.21,-5.96,-6.44,-3.2,-0.3,0.5,9.1,0.95,8.41,6.51,1.07,-5.45,Durian,Clay Loam,0.641,0.279,26.56,7,0.343,3.624.846,27.825
10.148,106.502,6,3.968,3.64,36.416,35.864,6.302,21.573,42.013,37.798,27.609,5.056,82.341,18.057,12,-4.582,-5.547,-5.719,-4.16,0.456,1.634,10.069,-0.102,7.638,4.578,0.321,-4.635,Durian,Clay Loam,0.652,0.293,24.745,7,0.408,1.513.243,27.583
10.19,105.238,6,1.659,3.64,39.714,34.18,5.668,22.698,37.654,45.015,27.96,4.89,80.82,17.9,12,-4.26,-5.51,-5.79,-3.48,-0.34,0.99,7.3,-0.09,10.14,4.07,1.2,-4.25,Durian,Clay Loam,0.723,0.301,23.72,9,0.428,2.887.736,27.949
9.473,105.169,5.181,7.094,3.64,37.417,29.263,5.673,29.294,33.289,66.517,27.899,4.894,81.561,17.03,12,-4.692,-5.647,-5.93,-3.359,-0.473,1.448,8.293,0.26,8.497,4.423,1.695,-4.465,Durian,Clay Loam,0.693,0.316,24.566,9,0.345,2.876.896,27.853
10.014,105.348,5.603,2,3.64,33.957,41.842,6.021,27.525,38.517,65.247,27.675,5.174,81.365,17.51,12,-4.351,-5.677,-5.943,-3.98,0.033,0.94,8.276,-0.224,9.981,4.903,0.593,-4.561,Durian,Clay Loam,0.691,0.318,24.736,9,0.404,2.122.443,27.662
10.078,105.449,5.663,2,3.64,33.231,35.759,5.6,25.108,41.66,34.412,27.52,5.44,82.42,17.607,12,-4.68,-6.01,-6.26,-4.19,0.2,1.23,10.03,-0.2,9.39,5.07,0.41,-4.97,Durian,Clay Loam,0.646,0.28,26.31,7,0.381,3.035.158,27.507
9.383,104.889,6,0.094,3.64,42.461,38.096,5.309,28.319,29.22,43.145,27.933,4.811,81.426,17.963,12,-4.643,-5.586,-5.858,-3.307,-0.505,1.521,8.067,0.25,8.407,4.249,1.812,-4.357,Durian,Clay,0.699,0.285,24.256,9,0.346,3.666.037,27.932
9.604,106.462,5.773,2,3.64,40.513,35.328,6.1,25.787,33.7,39.377,27.77,5.28,82.72,18.77,12,-4.89,-5.87,-6.07,-3.73,0.31,0.66,9.99,0.82,8.06,5.64,0.34,-5.29,Durian,Clay,0.644,0.286,25.85,7,0.387,1.951.173,27.757
9.635,105.787,5,1.265,3.64,39.471,37.669,5.926,25.621,34.909,67.47,27.63,5.574,82.801,17.03,12,-5.081,-6.127,-6.467,-3.818,-0.043,0.734,10.313,0.475,9.001,5.949,0.524,-5.43,Durian,Clay Loam,0.636,0.326,26.966,7,0.382,2328.4,27.622
9.59,104.976,6,1.645,3.64,37.336,34.374,5.471,25.59,37.074,51.132,27.97,4.72,81.28,18.06,12,-4.59,-5.52,-5.78,-3.25,-0.54,1.6,7.82,0.24,8.31,4.06,1.94,-4.24,Durian,Clay Loam,0.706,0.303,23.92,9,0.347,3.314.826,27.959
9.771,105.441,6,1,3.64,39.698,31.066,5.779,24.357,35.945,40.07,27.52,5.44,82.42,17.03,12,-4.68,-6.01,-6.26,-4.19,0.2,1.23,10.03,-0.2,9.39,5.07,0.41,-4.97,Durian,Clay Loam,0.646,0.29,26.31,7,0.381,2.647.091,27.514
10.787,104.737,6,8,3.64,26.878,32.596,5.5,37.399,35.722,35.22,27.915,3.924,77.303,18.24,12,-3.234,-4.238,-4.47,-3.334,-0.356,0.64,3.053,0.314,8.929,4.924,0.95,-3.178,Durian,Loam,0.854,0.253,18.81,9,0.475,3.251.955,27.863
10.41,106.522,5.367,2,3.64,40.106,30.946,6.363,18.247,41.647,34.014,27.855,4.235,80.131,18.06,12,-3.946,-4.685,-4.777,-4.015,0.313,2.948,7.742,-0.018,6.375,3.828,-0.067,-3.731,Durian,Clay,0.745,0.296,21.239,7,0.365,1.380.997,27.842
10.402,106.208,5.656,2.656,3.64,42.172,30.915,6.334,17.969,39.859,33.434,27.91,4.33,79.72,18.06,12,-4.03,-4.78,-4.88,-4,0.35,2.61,7.9,-0.29,6.54,4.36,0.01,-3.83,Durian,Clay,0.763,0.295,21.81,7,0.363,1.443.868,27.893
9.825,105.246,5.617,1,3.64,37.132,37.993,5.638,28.406,34.4,39.691,27.964,4.825,80.996,17.03,12,-4.386,-5.514,-5.786,-3.392,-0.417,1.224,7.499,0.036,9.439,4.066,1.483,-4.246,Durian,Clay Loam,0.717,0.28,23.741,9,0.397,2.952.775,27.958
9.116,105.318,5.558,7.018,3.64,39.05,43.582,5.777,28.523,32.427,72.747,27.976,4.55,81.934,17.426,12,-4.349,-5.34,-5.602,-3.407,-0.192,0.588,7.425,0.826,7.352,3.923,2.682,-3.935,Durian,Clay Loam,0.682,0.326,22.825,7,0.326,2.651.427,27.93
9.863,105.835,5,4.496,3.64,38.065,28.186,5.85,25.651,36.2,41.235,27.535,5.374,82.407,17.323,12,-4.663,-5.931,-6.168,-4.185,0.244,1.299,10.037,-0.183,9.091,4.986,0.395,-4.913,Durian,Clay Loam,0.647,0.289,26.043,7,0.385,2.493.166,27.506
10.58,105.344,5,4.33,3.64,34.973,26.063,5.566,21.131,43.829,33.464,27.854,4.727,80.038,17.9,12,-3.906,-5.17,-5.424,-3.766,-0.045,0.837,6.211,-0.31,10.024,4.819,0.692,-4.009,Durian,Clay Loam,0.748,0.288,22.63,9,0.444,3.108.869,27.826
9.959,105.886,5.07,1.93,3.64,39.435,30.779,6.086,22.74,37.825,42.674,27.52,5.44,82.42,17.03,12,-4.68,-6.01,-6.26,-4.19,0.2,1.23,10.03,-0.2,9.39,5.07,0.41,-4.97,Durian,Clay Loam,0.646,0.297,26.31,7,0.381,1.981.525,27.507
10.073,105.379,5,2.64,3.64,37.144,49.53,5.856,25.196,37.659,64.336,27.7,5.023,81.305,17.465,12,-4.288,-5.549,-5.792,-3.902,0.016,1.054,8.108,-0.207,9.548,4.689,0.734,-4.412,Durian,Clay Loam,0.694,0.322,24.15,9,0.395,2.480.158,27.683
10.441,105.475,5,2,3.64,39.944,34.505,5.6,18.703,41.352,33.148,27.74,4.64,80.6,17.9,12,-4.02,-5.17,-5.35,-3.98,0.31,1.52,7.43,-0.41,8.29,5.16,0.33,-4.15,Durian,Clay Loam,0.722,0.293,23.08,9,0.36,3.035.158,27.727
9.892,105.902,5.593,2.814,3.64,34.526,36.437,5.863,21.715,43.699,40.53,27.557,5.281,82.387,17.739,12,-4.639,-5.819,-6.036,-4.178,0.306,1.397,10.046,-0.159,8.665,4.866,0.373,-4.832,Durian,Clay Loam,0.649,0.297,25.663,7,0.392,2.464.982,27.539
10.809,105.575,5.32,2,3.64,36.085,25.032,5.736,24.024,39.856,34.188,28.1,3.74,77.56,17.9,12,-3.37,-4.2,-4.32,-3.49,0.06,1.63,4.58,-0.12,6.51,5.58,0.4,-3.31,Durian,Clay Loam,0.853,0.283,18.81,9,0.347,2.740.314,28.087
9.503,106.069,5.769,2.769,3.64,41.092,45.085,5.915,27.146,31.738,51.754,27.832,5.088,82.281,18.368,12,-4.788,-5.736,-5.966,-3.617,0.093,0.801,9.233,0.721,8.035,5.199,0.956,-4.941,Durian,Clay,0.663,0.3,25.048,7,0.369,2.352.247,27.814
10.494,105.592,6,2,3.64,40.078,34.306,5.817,22.257,37.711,44.931,27.841,4.754,80.701,17.9,12,-4.13,-5.325,-5.551,-3.752,0.013,1.278,7.371,-0.264,9.135,4.662,0.727,-4.196,Durian,Clay,0.723,0.302,23.218,9,0.394,2.564.709,27.828
9.934,105.557,6,1.19,3.64,38.728,35.414,5.695,26.814,34.457,37.619,27.537,5.366,82.405,17.361,12,-4.661,-5.921,-6.155,-4.184,0.249,1.308,10.038,-0.181,9.051,4.975,0.393,-4.905,Durian,Clay Loam,0.647,0.281,26.007,7,0.386,2.829.201,27.529
10.153,106.439,5,7.157,3.64,40.053,32.921,6.074,22.02,37.927,60.241,27.629,5.033,82.285,18.06,12,-4.581,-5.539,-5.714,-4.112,0.408,1.638,9.952,-0.082,7.647,4.543,0.405,-4.61,Durian,Clay,0.655,0.324,24.638,7,0.405,2007.54,27.582
10.44,106.351,5.622,2.757,3.64,38.862,31.738,6.362,18.311,42.827,38.781,27.91,4.33,79.72,18.06,12,-4.03,-4.78,-4.88,-4,0.35,2.61,7.9,-0.29,6.54,4.36,0.01,-3.83,Durian,Clay Loam,0.763,0.302,21.81,7,0.363,1.383.165,27.892
9.682,106.44,5.363,2.637,3.64,40.836,33.963,6.1,25.336,33.827,42.193,27.77,5.28,82.72,18.77,12,-4.89,-5.87,-6.07,-3.73,0.31,0.66,9.99,0.82,8.06,5.64,0.34,-5.29,Durian,Clay,0.644,0.291,25.85,7,0.387,1.951.173,27.753
10.605,105.111,5,2,3.64,40.986,36.224,6.101,19.299,39.715,46.197,27.91,4.769,79.774,17.901,12,-3.851,-5.17,-5.459,-3.661,-0.217,0.505,5.623,-0.257,10.865,4.646,0.869,-3.942,Durian,Clay,0.761,0.31,22.557,9,0.483,1.949.005,27.897
9.945,106.182,5.446,3.446,3.64,36.546,29.184,6.2,23.866,39.588,34.057,27.61,5.05,82.34,18.77,12,-4.58,-5.54,-5.71,-4.16,0.46,1.64,10.07,-0.1,7.61,4.57,0.32,-4.63,Durian,Clay Loam,0.653,0.283,24.72,7,0.408,1.734.376,27.588
9.607,106.088,5.334,2,3.64,39.734,33.3,5.767,25.6,34.7,33.334,27.717,5.203,82.593,17.61,12,-4.787,-5.76,-5.95,-3.873,0.36,0.987,10.017,0.513,7.91,5.283,0.333,-5.07,Durian,Clay Loam,0.647,0.278,25.44,7,0.394,2.673.107,27.704
9.367,105.213,5.42,1,3.64,40.655,48.399,5.642,29.906,29.381,46.491,27.806,5.123,81.93,17.628,12,-4.825,-5.814,-6.128,-3.502,-0.385,1.248,8.915,0.286,8.742,4.899,1.374,-4.76,Durian,Clay,0.675,0.286,25.414,7,0.35,2.944.103,27.8
9.737,106.043,5.911,4.734,3.64,34.366,36.796,5.927,28.202,37.431,51.087,27.756,5.26,82.686,18.77,12,-4.862,-5.841,-6.038,-3.768,0.323,0.747,9.997,0.738,8.02,5.545,0.338,-5.231,Durian,Clay Loam,0.645,0.297,25.74,7,0.389,2.326.232,27.725
10.389,106.36,5,5,3.64,38.377,31.869,6.2,19.439,42.184,37.023,27.898,4.358,79.82,18.06,12,-4.051,-4.809,-4.912,-4.006,0.354,2.573,7.983,-0.283,6.581,4.368,0.022,-3.861,Durian,Clay Loam,0.758,0.297,21.922,7,0.365,1.734.376,27.866
8.941,105.176,5.365,2.905,3.64,37.613,40.206,5.59,33.276,29.148,49.497,28.04,4.45,80.82,17.64,12,-4.45,-5.29,-5.62,-3.24,-0.63,1.27,6.71,0.39,7.95,3.73,3.01,-3.78,Durian,Clay Loam,0.727,0.283,23.01,9,0.345,3.056.838,28.021
10.447,106.127,6,2.755,3.64,44.081,30.915,6.202,16.797,39.147,31.757,27.91,4.33,79.72,18.06,12,-4.03,-4.78,-4.88,-4,0.35,2.61,7.9,-0.29,6.54,4.36,0.01,-3.83,Durian,Clay,0.763,0.296,21.81,7,0.363,1730.04,27.892
10.034,106.427,5,3.659,3.64,37.932,31.612,6.3,22.653,39.415,35.495,27.61,5.05,82.34,18.181,12,-4.58,-5.54,-5.71,-4.16,0.46,1.64,10.07,-0.1,7.61,4.57,0.32,-4.63,Durian,Clay Loam,0.653,0.288,24.72,7,0.408,1.517.579,27.586
10.617,106.207,5,2.819,3.64,37.513,32.615,6,23.736,38.809,38.369,28.01,3.964,78.527,17.994,12,-3.752,-4.367,-4.437,-3.776,0.202,2.758,6.642,-0.101,6.009,4.531,-0.203,-3.505,Durian,Clay Loam,0.812,0.289,20.141,7,0.33,2167.97,27.992
9.763,105.88,5,2.155,3.64,36.462,36.461,5.72,26.176,37.404,35.285,27.762,4.911,81.892,18.035,12,-4.584,-5.532,-5.74,-3.775,0.037,1.623,9.119,0.044,7.906,4.354,1.005,-4.465,Durian,Clay Loam,0.675,0.279,24.096,7,0.379,2.775.002,27.748
10.786,105.292,6,3.644,3.64,36.852,25.287,5.582,23.428,39.721,31.319,28.149,3.871,76.993,17.9,12,-3.239,-4.241,-4.443,-3.391,-0.203,0.849,3.503,0.25,8.31,5.054,0.77,-3.228,Durian,Clay Loam,0.877,0.28,18.745,9,0.444,3.074.181,28.125
9.576,106.504,5.999,2,3.64,40.9,34.597,6.1,25.4,33.701,39.896,27.77,5.28,82.72,18.77,12,-4.89,-5.87,-6.07,-3.73,0.31,0.66,9.99,0.82,8.06,5.64,0.34,-5.29,Durian,Clay,0.644,0.287,25.85,7,0.387,1.951.173,27.757
10.598,106.253,5.699,4,3.64,39.909,26.119,5.771,19.581,40.51,32.438,27.865,4.252,80.057,18.06,12,-3.961,-4.702,-4.796,-4.012,0.32,2.887,7.771,-0.067,6.405,3.924,-0.053,-3.749,Durian,Clay Loam,0.748,0.29,21.34,7,0.365,2.664.435,27.839
10.219,106.063,6,3.019,3.64,38.853,33.839,6.3,20.226,40.921,35.936,27.61,5.05,82.34,18.06,12,-4.58,-5.54,-5.71,-4.16,0.46,1.64,10.07,-0.1,7.61,4.57,0.32,-4.63,Durian,Clay Loam,0.653,0.294,24.72,7,0.408,1.517.579,27.59
9.827,106.107,5.525,7.525,3.64,38.253,26.408,6.153,26.462,35.338,31.572,27.686,5.159,82.52,18.77,12,-4.727,-5.697,-5.881,-3.956,0.389,1.175,10.032,0.337,7.824,5.078,0.329,-4.943,Durian,Clay Loam,0.649,0.273,25.204,7,0.399,1.836.271,27.637
10.512,105.99,5.383,2.383,3.64,42.483,29.227,6.177,18.147,39.37,34.264,27.91,4.33,79.72,17.961,12,-4.03,-4.78,-4.88,-4,0.35,2.61,7.9,-0.29,6.54,4.36,0.01,-3.83,Durian,Clay,0.763,0.296,21.81,7,0.363,1.784.239,27.895
10.769,104.781,5.88,7.76,3.64,27.496,33.856,5.488,37.78,34.724,34.369,28.087,3.907,76.999,18.24,12,-3.217,-4.246,-4.47,-3.359,-0.289,0.668,3.205,0.325,8.768,4.935,0.88,-3.2,Durian,Clay Loam,0.874,0.251,18.781,9,0.467,3.277.971,28.037
10.518,106.314,5.026,2.026,3.64,39.41,28.195,6.303,17.823,42.769,36.948,27.906,4.323,79.749,18.06,12,-4.024,-4.773,-4.873,-4.001,0.347,2.634,7.889,-0.271,6.528,4.323,0.005,-3.823,Durian,Clay Loam,0.761,0.301,21.765,7,0.363,1.511.075,27.893
10.733,104.844,6,4.98,3.64,30.018,43.262,5.204,30.05,39.932,35.218,27.912,4.76,79.751,18.24,12,-3.845,-5.161,-5.45,-3.655,-0.222,0.505,5.592,-0.259,10.859,4.637,0.879,-3.93,Durian,Clay Loam,0.761,0.27,22.522,9,0.483,3.893.674,27.88
10.6,106.69,5.737,3.263,3.64,32.683,36.635,6.053,23.501,43.815,33.279,27.76,4.07,80.84,18.06,12,-3.8,-4.52,-4.6,-4.04,0.25,3.53,7.47,0.45,6.09,2.91,-0.2,-3.56,Durian,Clay Loam,0.714,0.283,20.72,7,0.361,2.053.068,27.739
10.135,106.131,5.231,5.074,3.64,36.799,30.593,5.907,18.807,44.394,44.714,27.64,4.955,81.937,18.023,12,-4.45,-5.454,-5.627,-4.118,0.425,1.612,9.459,-0.172,7.767,4.707,0.322,-4.519,Durian,Clay Loam,0.669,0.309,24.34,7,0.389,2.369.591,27.607
10.157,106.413,5,7.782,3.64,35.366,35.985,6.1,20.014,44.619,41.364,27.61,5.05,82.34,18.233,12,-4.58,-5.54,-5.71,-4.16,0.46,1.64,10.07,-0.1,7.61,4.57,0.32,-4.63,Durian,Clay Loam,0.653,0.302,24.72,7,0.408,1.951.173,27.559
10.213,105.169,6,1.328,3.64,34.609,30.682,5.501,27.206,38.185,34.089,27.944,4.851,80.472,17.316,12,-4.125,-5.398,-5.682,-3.539,-0.301,0.829,6.745,-0.146,10.383,4.26,1.092,-4.148,Durian,Clay Loam,0.736,0.275,23.339,9,0.445,3.249.787,27.935
9.429,105.074,5.093,1.907,3.64,42.291,26.495,5.419,30.603,27.107,35.643,27.97,4.72,81.28,17.03,12,-4.59,-5.52,-5.78,-3.25,-0.54,1.6,7.82,0.24,8.31,4.06,1.94,-4.24,Durian,Clay,0.706,0.27,23.92,9,0.347,3.427.561,27.958
9.625,106.065,5.743,4.229,3.64,40.426,34.06,5.903,26.214,33.434,34.74,27.629,5.577,82.802,17.477,12,-5.083,-6.13,-6.471,-3.819,-0.047,0.734,10.317,0.471,9.011,5.952,0.526,-5.431,Durian,Clay,0.636,0.278,26.981,7,0.382,2.378.263,27.602
9.064,105.072,5,1.636,3.64,38.376,43.282,5.521,33.421,28.203,39.927,28.061,4.348,80.924,17.234,12,-4.338,-5.212,-5.537,-3.221,-0.622,1.113,6.43,0.483,7.704,3.482,3.335,-3.585,Durian,Clay Loam,0.724,0.269,22.515,9,0.342,3.206.428,28.05
10.268,105.203,6,1.135,3.64,40.9,35.246,5.827,22.405,36.695,43.595,27.93,4.856,80.79,17.9,12,-4.228,-5.464,-5.73,-3.548,-0.252,1.062,7.318,-0.133,9.89,4.217,1.082,-4.236,Durian,Clay,0.723,0.3,23.591,9,0.42,2.543.029,27.923
9.671,105.153,6,1.783,3.64,38.143,39.783,5.478,31.426,30.492,47.552,27.989,4.575,80.405,17.371,12,-4.215,-5.243,-5.557,-3.404,-0.469,0.969,6.279,0.136,9.097,4.09,2.172,-3.843,Durian,Clay Loam,0.74,0.284,22.731,9,0.4,3299.65,27.977
10.362,106.387,6,2.493,3.64,43.303,31.718,6.351,17.342,39.355,33.096,27.834,4.198,80.288,18.06,12,-3.913,-4.648,-4.738,-4.02,0.299,3.076,7.682,0.085,6.312,3.625,-0.096,-3.693,Durian,Clay,0.738,0.296,21.108,7,0.364,1.407.013,27.818
9.618,105.909,5.841,4.681,3.64,34.148,37.319,5.82,28.81,37.027,50.838,27.781,5.29,82.747,18.493,12,-4.941,-5.884,-6.129,-3.646,0.213,0.635,9.848,0.841,8.116,5.779,0.456,-5.315,Durian,Clay Loam,0.644,0.295,25.915,7,0.38,2.558.205,27.751
9.928,105.611,6,3.874,3.64,35.956,36.999,6.075,24.155,39.883,43.817,27.52,5.44,82.42,17.03,12,-4.68,-6.01,-6.26,-4.19,0.2,1.23,10.03,-0.2,9.39,5.07,0.41,-4.97,Durian,Clay Loam,0.646,0.296,26.31,7,0.381,2.005.372,27.495
8.786,105.03,6,1.765,3.64,34.912,52.041,5.388,31.606,33.482,51.406,28.04,4.45,80.82,17.998,12,-4.45,-5.29,-5.62,-3.24,-0.63,1.27,6.71,0.39,7.95,3.73,3.01,-3.78,Durian,Clay Loam,0.727,0.289,23.01,9,0.345,3.494.768,28.029
9.922,105.781,6,2.773,3.64,38.464,35.928,6.177,25.323,36.214,46.868,27.52,5.44,82.42,17.03,12,-4.68,-6.01,-6.26,-4.19,0.2,1.23,10.03,-0.2,9.39,5.07,0.41,-4.97,Durian,Clay Loam,0.646,0.297,26.31,7,0.381,1.784.239,27.502
10.013,105.695,5.658,2.342,3.64,33.928,28.524,5.805,24.132,41.941,31.462,27.551,5.307,82.393,18.197,12,-4.646,-5.849,-6.072,-4.18,0.289,1.37,10.044,-0.166,8.782,4.899,0.379,-4.854,Durian,Clay Loam,0.648,0.279,25.767,7,0.39,2.590.724,27.536
9.11,104.929,5.381,2.238,3.64,41.8,42.353,5.686,30.843,27.357,51.238,28.013,4.553,80.995,17.668,12,-4.503,-5.378,-5.681,-3.244,-0.596,1.396,7.133,0.333,8.087,3.856,2.602,-3.955,Durian,Clay,0.719,0.291,23.357,9,0.345,2.848.713,27.998
10.04,105.994,5.346,1.693,3.64,36.242,33.235,6.135,22.7,41.058,44.823,27.61,5.05,82.34,18.469,12,-4.58,-5.54,-5.71,-4.16,0.46,1.64,10.07,-0.1,7.61,4.57,0.32,-4.63,Durian,Clay Loam,0.653,0.301,24.72,7,0.408,1.875.294,27.599
9.845,106.371,6,2,3.64,40.537,33.769,6.252,25.398,34.141,35.645,27.61,5.05,82.34,18.77,12,-4.58,-5.54,-5.71,-4.16,0.46,1.64,10.07,-0.1,7.61,4.57,0.32,-4.63,Durian,Clay,0.653,0.281,24.72,7,0.408,1.621.642,27.597
10.036,106.088,6,3.019,3.64,37.884,29.38,6.2,23.602,38.514,35.775,27.61,5.05,82.34,18.422,12,-4.58,-5.54,-5.71,-4.16,0.46,1.64,10.07,-0.1,7.61,4.57,0.32,-4.63,Durian,Clay Loam,0.653,0.286,24.72,7,0.408,1.734.376,27.59
10.696,105.723,5,2.175,3.64,36.12,28.405,5.748,22.237,41.725,30.373,27.74,4.64,80.6,17.9,12,-4.02,-5.17,-5.35,-3.98,0.31,1.52,7.43,-0.41,8.29,5.16,0.33,-4.15,Durian,Clay Loam,0.722,0.281,23.08,9,0.36,2.714.298,27.726
10.192,105.162,6,1.28,3.64,40.397,34.825,5.744,22.584,37.048,44.143,27.96,4.89,80.82,17.9,12,-4.26,-5.51,-5.79,-3.48,-0.34,0.99,7.3,-0.09,10.14,4.07,1.2,-4.25,Durian,Clay,0.723,0.3,23.72,9,0.428,2722.97,27.952
9.548,104.871,6,0.115,3.64,36.892,34.612,5.4,26.237,36.777,47.396,27.97,4.72,81.28,18.06,12,-4.59,-5.52,-5.78,-3.25,-0.54,1.6,7.82,0.24,8.31,4.06,1.94,-4.24,Durian,Clay Loam,0.706,0.296,23.92,9,0.347,3.468.752,27.969
9.155,105.111,5.127,1,3.64,38.965,43.714,5.513,33.223,27.813,39.518,28.015,4.563,81.082,17.03,12,-4.546,-5.375,-5.724,-3.235,-0.588,1.172,7.013,0.461,8.008,4.082,2.764,-3.992,Durian,Clay Loam,0.716,0.269,23.46,9,0.341,3.223.771,28.008
9.837,105.099,5,2,3.64,36.235,43.762,5.451,25.749,38.016,49.629,27.96,4.89,80.82,17.197,12,-4.26,-5.51,-5.79,-3.48,-0.34,0.99,7.3,-0.09,10.14,4.07,1.2,-4.25,Durian,Clay Loam,0.723,0.3,23.72,9,0.428,3.358.186,27.947
9.738,105.122,5.214,1.214,3.64,35.166,38.184,5.285,27.656,37.256,35.913,27.957,4.731,80.955,17.289,12,-4.432,-5.445,-5.712,-3.338,-0.472,1.365,7.348,0.133,8.859,4.186,1.711,-4.176,Durian,Clay Loam,0.718,0.277,23.575,9,0.375,3.718.069,27.949
9.942,106.238,5.575,3.149,3.64,37.313,30.815,6.243,23.572,39.115,34.5,27.61,5.05,82.34,18.77,12,-4.58,-5.54,-5.71,-4.16,0.46,1.64,10.07,-0.1,7.61,4.57,0.32,-4.63,Durian,Clay Loam,0.653,0.284,24.72,7,0.408,1.641.153,27.59
9.969,105.086,5.567,2,3.64,34.266,39.944,5.43,27.017,38.717,44.944,27.944,4.742,80.621,17.554,12,-4.269,-5.368,-5.641,-3.428,-0.401,1.123,6.862,0.023,9.424,4.316,1.476,-4.11,Durian,Clay Loam,0.73,0.291,23.217,9,0.406,3.403.713,27.931
10.648,104.763,5,42.012,3.64,28.19,31.957,5.7,38.574,33.214,35.558,27.691,4.277,78.658,18.24,12,-3.497,-4.591,-4.857,-3.429,-0.391,0.549,3.856,0.075,9.9,4.802,1.01,-3.447,Durian,Clay Loam,0.792,0.251,20.212,9,0.49,2.818.361,27.418
10.616,104.908,5.501,45.975,3.64,28.354,29.906,5.8,43.546,28.1,39.754,27.91,4.77,79.76,18.24,12,-3.85,-5.17,-5.46,-3.66,-0.22,0.5,5.61,-0.26,10.88,4.65,0.87,-3.94,Durian,Clay Loam,0.761,0.245,22.56,9,0.483,2.601.564,27.611
10.149,105.606,5.397,6.206,3.64,36.597,30.806,5.7,22.64,40.763,40.969,27.653,4.958,81.323,17.554,12,-4.282,-5.504,-5.711,-4.063,0.266,1.405,8.463,-0.327,8.727,5.124,0.362,-4.476,Durian,Clay Loam,0.692,0.295,24.363,9,0.358,2.818.361,27.613
9.831,105.381,5.46,1.54,3.64,35.162,35.395,5.562,26.53,38.308,35.432,27.727,5.109,81.895,17.5,12,-4.639,-5.784,-6.039,-3.757,-0.141,1.4,9.013,0.003,8.893,4.605,1.114,-4.634,Durian,Clay Loam,0.674,0.279,24.994,7,0.36,3.117.541,27.717
10.544,105.891,5.628,3.256,3.64,38.898,27.76,6.049,18.742,42.36,37.314,27.803,4.525,80.273,17.96,12,-4.024,-5.025,-5.175,-3.987,0.325,1.926,7.605,-0.365,7.639,4.862,0.211,-4.031,Durian,Clay Loam,0.737,0.299,22.607,9,0.338,2.061.739,27.782
10.448,106.438,5.674,3.326,3.64,36.218,35.38,6.2,20.228,43.554,34.781,27.861,4.245,80.085,18.06,12,-3.955,-4.695,-4.789,-4.013,0.317,2.91,7.76,-0.049,6.393,3.888,-0.058,-3.742,Durian,Clay Loam,0.747,0.292,21.301,7,0.365,1.734.376,27.839
9.873,105.799,5.468,3,3.64,37.855,33.709,6.147,26.684,35.461,46.853,27.52,5.44,82.42,17.03,12,-4.68,-6.01,-6.26,-4.19,0.2,1.23,10.03,-0.2,9.39,5.07,0.41,-4.97,Durian,Clay Loam,0.646,0.294,26.31,7,0.381,1.849.278,27.5
10.399,106.595,6,2.721,3.64,39.744,28.362,6.372,18.644,41.684,34.972,27.76,4.07,80.84,18.06,12,-3.8,-4.52,-4.6,-4.04,0.25,3.53,7.47,0.45,6.09,2.91,-0.2,-3.56,Durian,Clay Loam,0.714,0.296,20.72,7,0.361,1.361.485,27.742
10.272,105.208,6,1.141,3.64,40.9,35.243,5.828,22.401,36.699,43.599,27.929,4.855,80.789,17.9,12,-4.226,-5.462,-5.728,-3.551,-0.248,1.065,7.318,-0.135,9.879,4.224,1.077,-4.236,Durian,Clay,0.723,0.3,23.586,9,0.419,2.540.861,27.922
9.982,106.45,5.212,4,3.64,34.036,37.397,6.142,21.364,44.6,39.297,27.61,5.05,82.34,18.619,12,-4.58,-5.54,-5.71,-4.16,0.46,1.64,10.07,-0.1,7.61,4.57,0.32,-4.63,Durian,Clay Loam,0.653,0.296,24.72,7,0.408,1.860.118,27.584
9.909,106.376,6,2,3.64,39.591,35.991,6.118,27.173,33.236,37.773,27.61,5.05,82.34,18.77,12,-4.58,-5.54,-5.71,-4.16,0.46,1.64,10.07,-0.1,7.61,4.57,0.32,-4.63,Durian,Clay Loam,0.653,0.28,24.72,7,0.408,1912.15,27.597
10.641,106.488,5,2,3.64,36.987,31.506,6.135,24.374,38.739,39.268,27.965,4.13,79.068,18.06,12,-3.878,-4.554,-4.638,-3.877,0.269,2.691,7.213,-0.187,6.25,4.454,-0.106,-3.653,Durian,Clay Loam,0.79,0.289,20.893,7,0.345,1.875.294,27.952
9.672,105.985,5,2.023,3.64,42.559,35.945,5.905,23.346,34.095,47.311,27.77,5.28,82.72,17.07,12,-4.89,-5.87,-6.07,-3.73,0.31,0.66,9.99,0.82,8.06,5.64,0.34,-5.29,Durian,Clay,0.644,0.303,25.85,7,0.387,2.373.927,27.757
10.146,105.22,5.154,2,3.64,39.408,30.792,5.585,22.7,37.892,37.315,27.952,4.872,80.657,17.9,12,-4.197,-5.458,-5.739,-3.508,-0.322,0.915,7.04,-0.116,10.254,4.159,1.149,-4.202,Durian,Clay Loam,0.729,0.29,23.542,9,0.436,3.067.678,27.939
9.222,105.566,5.224,2.553,3.64,41.575,42.248,5.445,30.835,27.589,43.254,27.638,5.604,82.843,17.03,12,-5.163,-6.162,-6.572,-3.705,-0.199,0.702,10.133,0.484,9.132,6.161,0.697,-5.473,Durian,Clay,0.635,0.28,27.274,7,0.371,3.371.193,27.621
9.649,105.722,5,1.085,3.64,39.049,36.367,5.904,25.7,35.251,67.881,27.577,5.67,82.813,17.03,12,-5.13,-6.211,-6.595,-3.865,-0.154,0.78,10.413,0.327,9.342,6.018,0.582,-5.458,Durian,Clay Loam,0.634,0.326,27.413,7,0.379,2.376.095,27.57
10.874,105.629,5.427,3.573,3.64,34.675,24.036,5.457,22.738,42.587,29.866,28.1,3.74,77.56,17.9,12,-3.37,-4.2,-4.32,-3.49,0.06,1.63,4.58,-0.12,6.51,5.58,0.4,-3.31,Durian,Clay Loam,0.853,0.28,18.81,9,0.347,3.345.178,28.077
10.318,105.449,5,2.202,3.64,35.179,25.974,5.607,20.854,44.061,31.668,27.74,4.64,80.6,17.9,12,-4.02,-5.17,-5.35,-3.98,0.31,1.52,7.43,-0.41,8.29,5.16,0.33,-4.15,Durian,Clay Loam,0.722,0.286,23.08,9,0.36,3.019.982,27.726
10.691,106.536,5.575,2,3.64,38.102,27.457,6.142,26.12,35.72,25.978,27.91,4.33,79.72,18.06,12,-4.03,-4.78,-4.88,-4,0.35,2.61,7.9,-0.29,6.54,4.36,0.01,-3.83,Durian,Clay Loam,0.763,0.266,21.81,7,0.363,1.860.118,27.897
10.197,106.339,6,3,3.64,40.097,33.8,6.3,20.773,39.13,36.108,27.761,4.8,82.579,18.06,12,-4.335,-5.337,-5.481,-4.025,0.439,1.567,9.211,0.197,7.605,4.112,0.533,-4.484,Durian,Clay,0.649,0.293,23.662,7,0.389,1.517.579,27.742
10.219,106.033,5.686,3,3.64,36.888,35.282,6.2,23.139,39.973,44.3,27.704,4.824,81.518,17.95,12,-4.407,-5.302,-5.45,-4.11,0.425,1.944,9.389,-0.16,7.274,4.504,0.223,-4.379,Durian,Clay Loam,0.687,0.299,23.808,7,0.395,1.734.376,27.684
9.023,105.362,5.606,3,3.64,35.128,38.757,5.4,31.379,33.454,47.127,27.84,5.34,82.89,17.03,12,-5.21,-5.96,-6.44,-3.2,-0.3,0.5,9.1,0.95,8.41,6.51,1.07,-5.45,Durian,Clay Loam,0.641,0.284,26.56,7,0.343,3.468.752,27.82
10.754,106.329,5,2.278,3.64,37.703,31.615,6,23.844,38.539,37.532,28.056,3.796,77.981,18.038,12,-3.625,-4.177,-4.234,-3.673,0.135,2.825,6.066,-0.015,5.765,4.61,-0.3,-3.357,Durian,Clay Loam,0.835,0.288,19.381,7,0.313,2167.97,28.041
9.773,105.516,5.898,1.407,3.64,39.727,30.235,5.89,24.692,35.571,41.01,27.52,5.44,82.42,17.03,12,-4.68,-6.01,-6.26,-4.19,0.2,1.23,10.03,-0.2,9.39,5.07,0.41,-4.97,Durian,Clay Loam,0.646,0.291,26.31,7,0.381,2.406.447,27.511
10.118,105.69,5.171,2.829,3.64,33.344,34.666,6.015,24.673,41.983,36.271,27.587,5.326,81.966,17.958,12,-4.538,-5.867,-6.123,-4.1,0.128,1.105,9.276,-0.21,9.644,4.998,0.489,-4.794,Durian,Clay Loam,0.665,0.284,25.632,9,0.376,2135.45,27.569
8.8,105.104,5,2.635,3.64,34.516,43.63,5.495,34.018,31.466,52.825,28.04,4.45,80.82,17.99,12,-4.45,-5.29,-5.62,-3.24,-0.63,1.27,6.71,0.39,7.95,3.73,3.01,-3.78,Durian,Clay Loam,0.727,0.286,23.01,9,0.345,3.262.795,28.023
10.461,104.87,5,2.094,3.64,33.381,45.465,5.591,28.915,37.704,42.312,27.91,4.77,79.76,18.24,12,-3.85,-5.17,-5.46,-3.66,-0.22,0.5,5.61,-0.26,10.88,4.65,0.87,-3.94,Durian,Clay Loam,0.761,0.283,22.56,9,0.483,3054.67,27.896
10.414,105.556,5,2,3.64,35.492,26.547,5.53,20.765,43.825,31.343,27.799,4.477,80.093,17.928,12,-3.94,-4.979,-5.137,-3.917,0.273,1.754,7.14,-0.333,7.827,5.071,0.211,-3.998,Durian,Clay Loam,0.744,0.286,22.304,9,0.351,3.186.916,27.786
10.03,105.068,5,1.334,3.64,38.199,37.2,5.5,24.033,37.801,49.535,27.95,4.737,80.773,17.32,12,-4.343,-5.403,-5.673,-3.387,-0.433,1.233,7.083,0.073,9.168,4.257,1.583,-4.14,Durian,Clay Loam,0.725,0.304,23.379,9,0.392,3.251.955,27.941
9.456,105.104,5,7.148,3.64,37.256,29.765,5.637,29.652,33.092,66.331,27.923,4.837,81.469,17.03,12,-4.658,-5.605,-5.881,-3.323,-0.495,1.498,8.138,0.253,8.435,4.304,1.776,-4.391,Durian,Clay Loam,0.697,0.315,24.353,9,0.346,2.954.943,27.877
9.297,105.549,6,1.956,3.64,43.665,35.044,5.496,28.93,27.404,41.991,27.58,5.68,82.83,17.03,12,-5.15,-6.22,-6.61,-3.85,-0.17,0.76,10.43,0.35,9.34,6.06,0.59,-5.48,Durian,Clay,0.633,0.282,27.48,7,0.379,3.260.627,27.567
10.009,105.825,5,1.494,3.64,34.815,33.436,6.1,22.898,42.337,45.495,27.566,5.243,82.38,18.34,12,-4.629,-5.772,-5.982,-4.175,0.332,1.438,10.05,-0.149,8.489,4.817,0.364,-4.798,Durian,Clay Loam,0.649,0.301,25.505,7,0.394,1.951.173,27.556
10.072,105.904,5.233,2.767,3.64,33.647,34.514,6.123,24.586,41.767,36.635,27.541,5.349,82.401,17.937,12,-4.657,-5.901,-6.132,-4.183,0.26,1.325,10.039,-0.177,8.976,4.954,0.389,-4.891,Durian,Clay Loam,0.648,0.285,25.941,7,0.387,1901.31,27.523
10.399,106.357,5.08,4.84,3.64,38.288,31.996,6.2,19.54,42.172,36.872,27.91,4.33,79.72,18.06,12,-4.03,-4.78,-4.88,-4,0.35,2.61,7.9,-0.29,6.54,4.36,0.01,-3.83,Durian,Clay Loam,0.763,0.297,21.81,7,0.363,1.734.376,27.879
9.013,104.943,5.777,0.223,3.64,39.366,49.582,5.278,29.78,30.854,53.588,28.04,4.45,80.82,17.989,12,-4.45,-5.29,-5.62,-3.24,-0.63,1.27,6.71,0.39,7.95,3.73,3.01,-3.78,Durian,Clay Loam,0.727,0.297,23.01,9,0.345,3.733.244,28.039
9.825,106.244,5,2.122,3.64,37.112,34.419,6.188,27.285,35.602,48.656,27.599,5.098,82.35,18.558,12,-4.592,-5.597,-5.777,-4.164,0.428,1.59,10.065,-0.112,7.827,4.631,0.331,-4.671,Durian,Clay Loam,0.652,0.295,24.913,7,0.405,1.760.392,27.585
9.867,105.8,5.406,3,3.64,37.768,33.536,6.141,26.845,35.387,46.859,27.52,5.44,82.42,17.03,12,-4.68,-6.01,-6.26,-4.19,0.2,1.23,10.03,-0.2,9.39,5.07,0.41,-4.97,Durian,Clay Loam,0.646,0.294,26.31,7,0.381,1.862.286,27.5
10.325,105.725,5.064,2,3.64,34.025,27.756,5.819,18.676,47.298,31.864,27.74,4.64,80.6,17.9,12,-4.02,-5.17,-5.35,-3.98,0.31,1.52,7.43,-0.41,8.29,5.16,0.33,-4.15,Durian,Clay Loam,0.722,0.292,23.08,9,0.36,2.560.373,27.727
9.685,106.433,5.124,2.372,3.64,40.488,32.76,6.15,25.286,34.239,36.04,27.746,5.33,82.734,18.554,12,-4.922,-5.913,-6.137,-3.745,0.251,0.672,10.045,0.762,8.219,5.692,0.371,-5.314,Durian,Clay,0.643,0.282,26.031,7,0.386,1.842.774,27.731
9.909,105.41,5,2,3.64,38.167,32.939,5.672,26.189,35.672,38.144,27.52,5.44,82.42,17.03,12,-4.68,-6.01,-6.26,-4.19,0.2,1.23,10.03,-0.2,9.39,5.07,0.41,-4.97,Durian,Clay Loam,0.646,0.283,26.31,7,0.381,2.879.064,27.507
10.317,105.194,5.149,2.297,3.64,37.523,33.155,5.855,23.881,38.526,42.801,27.917,4.788,79.917,17.951,12,-3.911,-5.221,-5.509,-3.633,-0.238,0.573,5.861,-0.235,10.77,4.564,0.919,-3.986,Durian,Clay Loam,0.755,0.295,22.733,9,0.475,2.482.326,27.902
9.244,105.118,5,1,3.64,42.099,37.7,5.4,29.5,28.501,47.4,28.04,4.45,80.82,17.03,12,-4.45,-5.29,-5.62,-3.24,-0.63,1.27,6.71,0.39,7.95,3.73,3.01,-3.78,Durian,Clay,0.727,0.289,23.01,9,0.345,3.468.752,28.034
10.757,104.792,6,8,3.64,27.377,33.938,5.5,37.591,35.032,35.105,28.149,3.901,76.889,18.24,12,-3.211,-4.249,-4.47,-3.368,-0.264,0.678,3.26,0.329,8.71,4.939,0.854,-3.209,Durian,Clay Loam,0.881,0.253,18.771,9,0.464,3.251.955,28.097
9.539,105.935,5.397,3.192,3.64,39.677,33.877,5.619,26.238,34.124,33.176,27.694,5.439,82.764,17.03,12,-4.993,-6.009,-6.285,-3.778,0.119,0.7,10.165,0.633,8.569,5.807,0.439,-5.366,Durian,Clay Loam,0.64,0.276,26.431,7,0.385,2.993.967,27.673
9.533,105.915,5.635,2.27,3.64,41.827,43.149,5.881,27.513,30.66,52.631,27.843,5.076,82.195,18.135,12,-4.781,-5.742,-5.964,-3.555,0,1.003,9.198,0.608,8.151,5.064,0.924,-4.907,Durian,Clay,0.667,0.3,24.949,7,0.369,2.425.958,27.828
10.557,104.838,6,10.454,3.64,28.186,29.273,5.561,34.278,37.598,36.627,27.771,4.457,79.061,18.24,12,-3.626,-4.803,-5.077,-3.513,-0.328,0.531,4.497,-0.047,10.258,4.747,0.959,-3.627,Durian,Clay Loam,0.781,0.262,21.021,9,0.489,3.119.709,27.703
8.864,104.889,6,1,3.64,40.771,55.258,5.487,31.821,27.408,54.063,28.04,4.45,80.82,17.74,12,-4.45,-5.29,-5.62,-3.24,-0.63,1.27,6.71,0.39,7.95,3.73,3.01,-3.78,Durian,Clay,0.727,0.292,23.01,9,0.345,3.280.139,28.034
9.416,105.163,6,1.384,3.64,41.989,33.201,5.581,27.719,30.292,42.21,27.97,4.72,81.28,17.03,12,-4.59,-5.52,-5.78,-3.25,-0.54,1.6,7.82,0.24,8.31,4.06,1.94,-4.24,Durian,Clay,0.706,0.285,23.92,9,0.347,3.076.349,27.961
9.774,105.989,5.788,3.847,3.64,39.491,31.345,6.021,24.48,36.029,66.642,27.586,5.547,82.726,17.248,12,-5.029,-6.076,-6.419,-3.916,-0.037,0.946,10.354,0.255,8.974,5.744,0.533,-5.3,Durian,Clay Loam,0.637,0.327,26.777,7,0.386,2.122.443,27.561
9.792,105.756,5,2.515,3.64,36.685,36.718,6.003,25.785,37.43,48.057,27.549,5.556,82.619,17.03,12,-4.908,-6.112,-6.43,-4.025,0.021,1.002,10.224,0.067,9.366,5.55,0.497,-5.217,Durian,Clay Loam,0.64,0.298,26.692,7,0.383,2.161.466,27.533
10.083,106.29,5.754,4.509,3.64,33.697,32.247,6.225,21.939,44.389,39.649,27.61,5.05,82.34,18.234,12,-4.58,-5.54,-5.71,-4.16,0.46,1.64,10.07,-0.1,7.61,4.57,0.32,-4.63,Durian,Clay Loam,0.653,0.295,24.72,7,0.408,1.680.177,27.581
10.615,106.542,5,2,3.64,42.733,30.779,6.014,24.581,32.687,32.18,27.853,4.231,80.146,18.06,12,-3.942,-4.681,-4.773,-4.015,0.312,2.96,7.736,-0.008,6.369,3.808,-0.07,-3.727,Durian,Clay,0.744,0.279,21.216,7,0.365,2.137.618,27.84
10.619,106.464,5.703,3.297,3.64,40.124,25.419,6.049,21.262,38.614,28.441,27.865,4.253,80.053,18.06,12,-3.962,-4.703,-4.797,-4.012,0.32,2.884,7.772,-0.07,6.406,3.929,-0.052,-3.75,Durian,Clay,0.748,0.281,21.346,7,0.365,2.061.739,27.844
9.986,106.324,5.43,4,3.64,37.613,31.413,6.257,23.016,39.371,35.184,27.61,5.05,82.34,18.366,12,-4.58,-5.54,-5.71,-4.16,0.46,1.64,10.07,-0.1,7.61,4.57,0.32,-4.63,Durian,Clay Loam,0.653,0.286,24.72,7,0.408,1.610.802,27.584
10.567,105.735,5,2,3.64,39.525,27.434,6.032,18.815,41.678,36.542,27.74,4.64,80.6,17.9,12,-4.02,-5.17,-5.35,-3.98,0.31,1.52,7.43,-0.41,8.29,5.16,0.33,-4.15,Durian,Clay Loam,0.722,0.298,23.08,9,0.36,2.098.595,27.727
10.534,104.806,5.075,4.075,3.64,32.776,48.39,5.385,27.416,39.807,36.403,27.91,4.77,79.76,18.24,12,-3.85,-5.17,-5.46,-3.66,-0.22,0.5,5.61,-0.26,10.88,4.65,0.87,-3.94,Durian,Clay Loam,0.761,0.278,22.56,9,0.483,3.501.272,27.884
9.341,105.784,6,2,3.64,38.378,40.23,5.557,31.491,30.074,42.748,27.636,5.606,82.843,17.03,12,-5.163,-6.164,-6.573,-3.709,-0.198,0.704,10.141,0.48,9.138,6.158,0.694,-5.473,Durian,Clay Loam,0.635,0.277,27.28,7,0.371,3.128.381,27.623
10.058,105.897,5.735,2,3.64,34.198,33.82,6.067,25.492,40.31,37.71,27.586,5.154,82.361,18.018,12,-4.607,-5.665,-5.856,-4.168,0.391,1.531,10.059,-0.127,8.082,4.703,0.344,-4.72,Durian,Clay Loam,0.651,0.284,25.143,7,0.401,2.022.716,27.573
10.228,105.075,5.822,2,3.64,38.138,32.931,5.518,24.438,37.424,36.513,27.919,4.791,79.948,17.9,12,-3.923,-5.23,-5.519,-3.628,-0.241,0.587,5.91,-0.23,10.748,4.547,0.929,-3.995,Durian,Clay Loam,0.754,0.285,22.766,9,0.473,3.212.932,27.906
10.309,105.461,5,2.925,3.64,34.745,26.239,5.631,21.047,44.278,32.271,27.74,4.64,80.6,17.9,12,-4.02,-5.17,-5.35,-3.98,0.31,1.52,7.43,-0.41,8.29,5.16,0.33,-4.15,Durian,Clay Loam,0.722,0.287,23.08,9,0.36,2.967.951,27.721
9.538,105.935,5.382,3.146,3.64,39.658,33.858,5.615,26.229,34.151,33.149,27.697,5.433,82.762,17.03,12,-4.989,-6.004,-6.276,-3.776,0.127,0.698,10.158,0.64,8.549,5.8,0.435,-5.363,Durian,Clay Loam,0.64,0.276,26.408,7,0.385,3.002.638,27.677
10.185,106.292,5.367,4.533,3.64,39.047,30.003,6.31,19.417,41.537,44.794,27.61,5.05,82.34,18.06,12,-4.58,-5.54,-5.71,-4.16,0.46,1.64,10.07,-0.1,7.61,4.57,0.32,-4.63,Durian,Clay Loam,0.653,0.308,24.72,7,0.408,1.495.899,27.581
10.203,106.349,5.229,4.313,3.64,43.476,32.181,6.04,19.906,36.695,31.389,27.863,4.586,82.296,18.023,12,-4.089,-5.155,-5.288,-3.918,0.395,1.505,8.193,0.269,7.758,4.026,0.638,-4.304,Durian,Clay,0.664,0.288,22.754,7,0.36,2.081.251,27.835
10.032,105.112,5.233,1.233,3.64,37.337,29.926,5.57,26.656,35.953,38.502,27.96,4.89,80.82,17.698,12,-4.26,-5.51,-5.79,-3.48,-0.34,0.99,7.3,-0.09,10.14,4.07,1.2,-4.25,Durian,Clay Loam,0.723,0.283,23.72,9,0.428,3.100.197,27.952
10.435,106.482,5.221,2,3.64,43.683,34.58,6.144,23.943,32.396,32.195,27.844,4.489,80.299,18.217,12,-4.151,-4.948,-5.063,-4.035,0.374,2.396,8.379,-0.248,6.776,4.406,0.078,-4.007,Durian,Clay,0.738,0.28,22.452,7,0.374,1.855.782,27.831
10.615,104.851,5.826,38.823,3.64,29.361,31.596,5.8,42.473,28.165,40.827,27.91,4.77,79.76,18.24,12,-3.85,-5.17,-5.46,-3.66,-0.22,0.5,5.61,-0.26,10.88,4.65,0.87,-3.94,Durian,Clay Loam,0.761,0.249,22.56,9,0.483,2.601.564,27.658
10.699,106.499,6,2.344,3.64,38.043,25.628,6.031,24.975,36.916,26.941,27.91,4.33,79.72,18.06,12,-4.03,-4.78,-4.88,-4,0.35,2.61,7.9,-0.29,6.54,4.36,0.01,-3.83,Durian,Clay Loam,0.763,0.27,21.81,7,0.363,2.100.763,27.895
10.308,105.686,5,2,3.64,37.138,27.63,5.715,18.43,44.517,34.344,27.74,4.64,80.6,17.9,12,-4.02,-5.17,-5.35,-3.98,0.31,1.52,7.43,-0.41,8.29,5.16,0.33,-4.15,Durian,Clay Loam,0.722,0.296,23.08,9,0.36,2.785.841,27.727
10.223,105.271,5.724,2,3.64,38.576,33.903,5.6,23.048,38.448,44.587,27.946,4.857,80.528,17.9,12,-4.147,-5.416,-5.699,-3.53,-0.307,0.855,6.834,-0.137,10.344,4.23,1.109,-4.165,Durian,Clay Loam,0.734,0.299,23.401,9,0.443,3.035.158,27.933
9.273,104.883,6,2.584,3.64,38.379,41.913,5.658,31.215,30.406,60.883,28.023,4.541,80.82,18.06,12,-4.41,-5.336,-5.655,-3.29,-0.57,1.212,6.833,0.29,8.405,3.801,2.634,-3.878,Durian,Clay Loam,0.726,0.303,23.139,9,0.363,2.909.416,28.006
10.192,105.696,5,3.214,3.64,38.502,26.238,6.121,22.079,39.419,35.874,27.556,5.282,82.388,17.965,12,-4.64,-5.82,-6.037,-4.178,0.305,1.396,10.046,-0.16,8.669,4.868,0.374,-4.832,Durian,Clay Loam,0.649,0.289,25.667,7,0.392,1.905.646,27.535
8.8,104.889,6,1.962,3.64,40.808,50.301,5.431,29.989,29.269,55.662,28.105,4.136,81.14,17.851,12,-4.103,-5.048,-5.365,-3.181,-0.604,0.786,5.847,0.678,7.191,2.965,4.011,-3.178,Durian,Clay,0.717,0.299,21.479,9,0.335,3.401.545,28.092
10.792,105.977,5,2,3.64,36.4,29.139,5.413,21.025,42.61,30.6,27.96,4.039,78.727,18.003,12,-3.723,-4.466,-4.562,-3.748,0.174,2.385,6.358,-0.126,6.579,4.831,-0.109,-3.588,Durian,Clay Loam,0.802,0.284,20.322,9,0.324,3.440.568,27.947
10.179,106.375,5.526,6.898,3.64,34.686,33.666,6.153,20.493,44.82,40.691,27.61,5.05,82.34,18.06,12,-4.58,-5.54,-5.71,-4.16,0.46,1.64,10.07,-0.1,7.61,4.57,0.32,-4.63,Durian,Clay Loam,0.653,0.3,24.72,7,0.408,1.836.271,27.565
10.268,105.173,5.482,1.518,3.64,39.034,34.211,5.852,23.278,37.637,42.93,27.934,4.828,80.271,17.9,12,-4.047,-5.334,-5.619,-3.573,-0.278,0.736,6.424,-0.178,10.524,4.371,1.029,-4.089,Durian,Clay Loam,0.743,0.297,23.118,9,0.456,2488.83,27.924
10.148,106.59,5,2,3.64,39.882,34.74,6.118,20.7,39.401,37.095,27.849,4.655,82.719,18.06,12,-4.193,-5.219,-5.348,-3.946,0.427,1.525,8.712,0.369,7.602,3.846,0.657,-4.4,Durian,Clay Loam,0.647,0.294,23.106,7,0.377,1912.15,27.836
9.687,106.087,6,3.839,3.64,40.555,34.019,5.994,25.903,33.642,34.51,27.592,5.436,82.64,17.704,12,-4.929,-5.957,-6.262,-3.97,0.074,1.101,10.291,0.176,8.67,5.483,0.485,-5.151,Durian,Clay,0.641,0.279,26.269,7,0.392,2.180.978,27.567
10.597,105.843,5,2,3.64,40.567,32.219,5.6,17.18,42.253,32.247,27.74,4.64,80.6,17.9,12,-4.02,-5.17,-5.35,-3.98,0.31,1.52,7.43,-0.41,8.29,5.16,0.33,-4.15,Durian,Clay,0.722,0.296,23.08,9,0.36,3.035.158,27.727
9.858,105.859,5,3,3.64,33.993,33.551,6.075,27.155,38.928,55.531,27.52,5.44,82.42,17.03,12,-4.68,-6.01,-6.26,-4.19,0.2,1.23,10.03,-0.2,9.39,5.07,0.41,-4.97,Durian,Clay Loam,0.646,0.305,26.31,7,0.381,2.005.372,27.5
10.336,105.763,5,2,3.64,37.927,27.68,5.78,18.32,43.839,35.094,27.763,4.599,80.482,17.921,12,-4.021,-5.118,-5.287,-3.983,0.315,1.666,7.493,-0.394,8.056,5.053,0.287,-4.107,Durian,Clay Loam,0.728,0.297,22.91,9,0.352,2.644.923,27.75
10.473,105.591,5,2,3.64,35.76,26.905,5.684,21.219,43.121,31.123,27.74,4.64,80.6,17.9,12,-4.02,-5.17,-5.35,-3.98,0.31,1.52,7.43,-0.41,8.29,5.16,0.33,-4.15,Durian,Clay Loam,0.722,0.285,23.08,9,0.36,2.853.049,27.727
10.616,105.769,5,2,3.64,36.756,27.713,5.779,20.794,42.529,29.929,27.74,4.64,80.6,17.9,12,-4.02,-5.17,-5.35,-3.98,0.31,1.52,7.43,-0.41,8.29,5.16,0.33,-4.15,Durian,Clay Loam,0.722,0.284,23.08,9,0.36,2.647.091,27.727
10.1,105.786,5.582,3,3.64,35.697,33.108,6.184,22.445,41.9,39.334,27.558,5.277,82.387,18.264,12,-4.638,-5.814,-6.03,-4.177,0.309,1.401,10.047,-0.158,8.646,4.861,0.372,-4.828,Durian,Clay Loam,0.649,0.293,25.645,7,0.392,1.769.064,27.538
9.347,105.22,6,0.681,3.64,43.458,37.451,5.368,28.436,28.106,41.561,27.704,5.374,82.336,17.359,12,-4.971,-5.997,-6.345,-3.659,-0.288,1.028,9.597,0.315,9.011,5.422,1.021,-5.084,Durian,Clay,0.656,0.283,26.344,7,0.364,3.538.127,27.7
9.857,105.657,6,1.81,3.64,39.657,32.04,5.9,24.681,35.662,43.188,27.52,5.44,82.42,17.03,12,-4.68,-6.01,-6.26,-4.19,0.2,1.23,10.03,-0.2,9.39,5.07,0.41,-4.97,Durian,Clay Loam,0.646,0.294,26.31,7,0.381,2.384.767,27.508
10.09,105.82,6,3.381,3.64,36.433,35.8,6.162,23.31,40.257,44.186,27.576,5.199,82.37,17.568,12,-4.618,-5.719,-5.92,-4.171,0.361,1.484,10.055,-0.138,8.288,4.761,0.354,-4.76,Durian,Clay Loam,0.65,0.298,25.326,7,0.397,1.816.759,27.554
9.748,105.713,5.324,3.353,3.64,36.447,32.571,5.968,26.256,37.297,39.544,27.539,5.518,82.553,17.03,12,-4.832,-6.078,-6.373,-4.08,0.08,1.078,10.159,-0.022,9.374,5.39,0.468,-5.135,Durian,Clay Loam,0.642,0.285,26.52,7,0.383,2.237.345,27.517
10.193,106.035,5.166,2,3.64,38.234,32.766,6.233,20.567,41.131,39.118,27.595,5.115,82.353,18.033,12,-4.597,-5.618,-5.801,-4.165,0.417,1.572,10.063,-0.117,7.905,4.653,0.335,-4.686,Durian,Clay Loam,0.651,0.297,24.984,7,0.403,1.662.833,27.582
10.2,106.104,5,6.371,3.64,37.899,30.341,6.015,20.712,41.389,42.955,27.658,4.898,81.695,18.001,12,-4.372,-5.403,-5.577,-4.093,0.404,1.596,9.091,-0.215,7.862,4.789,0.324,-4.452,Durian,Clay Loam,0.678,0.302,24.112,7,0.378,2135.45,27.617
10.07,105.424,6,1.801,3.64,38.939,29.218,5.66,24.52,36.541,38.276,27.52,5.44,82.42,17.727,12,-4.68,-6.01,-6.26,-4.19,0.2,1.23,10.03,-0.2,9.39,5.07,0.41,-4.97,Durian,Clay Loam,0.646,0.287,26.31,7,0.381,2905.08,27.508
9.708,105.8,5.065,2,3.64,35.032,27.717,5.9,25.41,39.464,41.1,27.58,5.68,82.83,17.03,12,-5.15,-6.22,-6.61,-3.85,-0.17,0.76,10.43,0.35,9.34,6.06,0.59,-5.48,Durian,Clay Loam,0.633,0.289,27.48,7,0.379,2.384.767,27.567
10.116,105.465,5.957,2,3.64,33.481,36.281,5.604,24.481,42.038,33.502,27.52,5.44,82.42,17.9,12,-4.68,-6.01,-6.26,-4.19,0.2,1.23,10.03,-0.2,9.39,5.07,0.41,-4.97,Durian,Clay Loam,0.646,0.281,26.31,7,0.381,3.026.486,27.507
10.371,106.301,6,2.629,3.64,43.249,31.366,6.337,17.491,39.26,33.177,27.854,4.233,80.136,18.06,12,-3.945,-4.683,-4.776,-4.015,0.313,2.952,7.74,-0.015,6.373,3.821,-0.068,-3.73,Durian,Clay,0.744,0.296,21.232,7,0.365,1.437.364,27.837
10.386,106.574,5.266,3.734,3.64,39.213,26.311,6.4,20.168,40.646,31.99,27.76,4.07,80.84,18.06,12,-3.8,-4.52,-4.6,-4.04,0.25,3.53,7.47,0.45,6.09,2.91,-0.2,-3.56,Durian,Clay Loam,0.714,0.288,20.72,7,0.361,1.300.782,27.736
10.632,106.299,5.646,2,3.64,45.153,32.96,5.935,14.179,40.733,26.311,27.91,4.33,79.72,18.06,12,-4.03,-4.78,-4.88,-4,0.35,2.61,7.9,-0.29,6.54,4.36,0.01,-3.83,Durian,Clay,0.763,0.294,21.81,7,0.363,2.308.888,27.897
10.46,106.526,5.501,2,3.64,42.252,33.549,6.25,16.5,41.298,33.499,27.835,4.2,80.281,18.06,12,-3.915,-4.65,-4.74,-4.02,0.3,3.071,7.685,0.08,6.315,3.634,-0.095,-3.695,Durian,Clay,0.738,0.299,21.115,7,0.364,1.625.978,27.822
10.798,105.354,5.266,2.532,3.64,37.38,25.853,5.747,23.587,38.96,33.929,28.116,3.783,77.376,17.9,12,-3.327,-4.213,-4.36,-3.458,-0.025,1.377,4.232,0,7.093,5.41,0.52,-3.283,Durian,Clay Loam,0.861,0.283,18.666,9,0.381,2.716.466,28.1
10.286,105.767,5.851,2.597,3.64,35.994,31.646,5.66,17.754,46.252,43.413,27.721,4.701,80.86,17.924,12,-4.104,-5.225,-5.404,-4.007,0.332,1.538,7.824,-0.364,8.189,5.072,0.329,-4.222,Durian,Clay Loam,0.712,0.31,23.326,9,0.352,2905.08,27.704
9.33,104.948,5.873,4.746,3.64,40.169,46.433,5.651,30.413,29.33,68.08,27.974,4.576,81.024,17.929,12,-4.479,-5.382,-5.701,-3.361,-0.524,1.265,7.132,0.315,8.133,3.9,2.679,-3.931,Durian,Clay,0.716,0.315,23.378,9,0.347,2.924.592,27.943
10.35,106.144,5,2,3.64,38.935,30.835,6.2,22.006,39.073,41.77,27.91,4.33,79.72,18.06,12,-4.03,-4.78,-4.88,-4,0.35,2.61,7.9,-0.29,6.54,4.36,0.01,-3.83,Durian,Clay Loam,0.763,0.298,21.81,7,0.363,1.734.376,27.897
10.204,106.576,5,5,3.64,43.521,31.018,6.2,19.822,36.733,30.805,27.902,4.512,82.05,18.06,12,-4.091,-5.06,-5.175,-3.924,0.403,1.77,8.293,0.285,7.342,3.853,0.555,-4.223,Durian,Clay,0.675,0.288,22.473,7,0.369,1.734.376,27.87
10.1,106.074,5.652,2.348,3.64,37.794,27.8,6.2,23.674,38.531,35.916,27.61,5.05,82.34,18.307,12,-4.58,-5.54,-5.71,-4.16,0.46,1.64,10.07,-0.1,7.61,4.57,0.32,-4.63,Durian,Clay Loam,0.653,0.286,24.72,7,0.408,1.734.376,27.595
9.883,105.765,5,3,3.64,36.916,33.214,6.019,25.244,37.86,53.338,27.52,5.44,82.42,17.03,12,-4.68,-6.01,-6.26,-4.19,0.2,1.23,10.03,-0.2,9.39,5.07,0.41,-4.97,Durian,Clay Loam,0.646,0.307,26.31,7,0.381,2.126.779,27.5
10.416,104.836,5.386,2,3.64,32.898,43.525,5.6,29.27,37.832,40.748,27.91,4.77,79.76,18.24,12,-3.85,-5.17,-5.46,-3.66,-0.22,0.5,5.61,-0.26,10.88,4.65,0.87,-3.94,Durian,Clay Loam,0.761,0.28,22.56,9,0.483,3.035.158,27.897
10.579,106.343,5,2,3.64,39.881,33.284,6.172,16.975,43.144,29.296,27.91,4.33,79.72,18.06,12,-4.03,-4.78,-4.88,-4,0.35,2.61,7.9,-0.29,6.54,4.36,0.01,-3.83,Durian,Clay Loam,0.763,0.292,21.81,7,0.363,1.795.079,27.897
8.801,104.903,5.608,1.608,3.64,38.839,52.757,5.261,32.558,28.542,49.858,28.101,4.158,81.118,17.74,12,-4.128,-5.065,-5.383,-3.185,-0.606,0.82,5.908,0.657,7.245,3.019,3.94,-3.221,Durian,Clay Loam,0.718,0.285,21.588,9,0.336,3770.1,28.091
10.663,105.326,5.956,2.956,3.64,36.352,27.239,5.982,22.234,41.418,33.508,27.74,4.64,80.6,17.9,12,-4.02,-5.17,-5.35,-3.98,0.31,1.52,7.43,-0.41,8.29,5.16,0.33,-4.15,Durian,Clay Loam,0.722,0.286,23.08,9,0.36,2.206.993,27.721
10.6,105.883,5.133,2,3.64,38.94,34.887,6.16,19.4,41.747,38.967,27.74,4.64,80.6,17.9,12,-4.02,-5.17,-5.35,-3.98,0.31,1.52,7.43,-0.41,8.29,5.16,0.33,-4.15,Durian,Clay Loam,0.722,0.3,23.08,9,0.36,1.821.095,27.727
9.509,105.946,5.102,2.306,3.64,39.323,33.523,5.531,26.061,34.626,32.674,27.751,5.321,82.731,17.03,12,-4.917,-5.906,-6.125,-3.742,0.261,0.67,10.035,0.772,8.191,5.683,0.366,-5.309,Durian,Clay Loam,0.643,0.276,25.999,7,0.386,3.184.748,27.736
10.47,105.844,5.341,5.341,3.64,42.239,26.239,5.868,17.559,40.237,33.151,27.856,4.323,79.61,17.955,12,-3.863,-4.798,-4.934,-3.857,0.238,1.977,6.863,-0.26,7.386,4.986,0.098,-3.853,Durian,Clay,0.764,0.296,21.565,9,0.343,2.454.142,27.821
10.474,104.981,5,16.458,3.64,31.326,30.6,5.706,38.034,30.734,33.292,27.91,4.77,79.76,18.24,12,-3.85,-5.17,-5.46,-3.66,-0.22,0.5,5.61,-0.26,10.88,4.65,0.87,-3.94,Durian,Clay Loam,0.761,0.249,22.56,9,0.483,2.805.353,27.803
10.596,104.992,5.191,137.842,3.64,27.985,28.466,5.724,44.244,27.771,40.737,27.91,4.77,79.76,18.24,12,-3.85,-5.17,-5.46,-3.66,-0.22,0.5,5.61,-0.26,10.88,4.65,0.87,-3.94,Durian,Clay Loam,0.761,0.245,22.56,9,0.483,2766.33,27.014
10.46,105.745,5.924,2,3.64,34.369,27.153,6.077,19.708,45.922,32.724,27.74,4.64,80.6,17.9,12,-4.02,-5.17,-5.35,-3.98,0.31,1.52,7.43,-0.41,8.29,5.16,0.33,-4.15,Durian,Clay Loam,0.722,0.29,23.08,9,0.36,2.001.036,27.727
9.673,105.731,6,3.883,3.64,34.463,36.05,5.816,27.741,37.796,51.523,27.826,5.124,82.318,18.572,12,-4.806,-5.772,-5.989,-3.596,0.073,0.923,9.384,0.658,8.13,5.199,0.787,-4.997,Durian,Clay Loam,0.662,0.298,25.16,7,0.373,2.566.876,27.801
10.825,105.882,6,2,3.64,33.407,22.098,5.507,25.337,41.263,29.379,28.1,3.74,77.56,17.9,12,-3.37,-4.2,-4.32,-3.49,0.06,1.63,4.58,-0.12,6.51,5.58,0.4,-3.31,Durian,Clay Loam,0.853,0.273,18.81,9,0.347,3.236.779,28.087
9.881,105.97,5.253,6.747,3.64,38.529,25.402,5.973,27.617,33.854,33.554,27.762,5.118,82.184,18.55,12,-4.67,-5.693,-5.888,-3.793,0.31,0.878,9.342,0.509,8.118,5.519,0.337,-5.002,Durian,Clay Loam,0.664,0.273,25.046,7,0.373,2.226.505,27.718
10.64,105.963,6,3.562,3.64,40.103,26.016,5.522,19.078,40.819,33.034,27.873,4.398,79.913,18.025,12,-4.028,-4.865,-4.983,-3.996,0.341,2.371,7.797,-0.316,6.923,4.535,0.08,-3.9,Durian,Clay,0.754,0.292,22.088,7,0.354,3204.26,27.85
9.275,105.657,6,2.65,3.64,43.422,33.552,5.565,29.243,27.335,42.928,27.58,5.68,82.83,17.03,12,-5.15,-6.22,-6.61,-3.85,-0.17,0.76,10.43,0.35,9.34,6.06,0.59,-5.48,Durian,Clay,0.633,0.283,27.48,7,0.379,3.111.037,27.563
10.426,106.426,5,3.505,3.64,39.543,35.14,6.25,17.009,43.448,38.789,27.91,4.33,79.72,18.06,12,-4.03,-4.78,-4.88,-4,0.35,2.61,7.9,-0.29,6.54,4.36,0.01,-3.83,Durian,Clay Loam,0.763,0.305,21.81,7,0.363,1.625.978,27.887
10.473,105.729,5,2,3.64,37.043,27.639,5.584,19.482,43.536,34.723,27.74,4.64,80.6,17.9,12,-4.02,-5.17,-5.35,-3.98,0.31,1.52,7.43,-0.41,8.29,5.16,0.33,-4.15,Durian,Clay Loam,0.722,0.294,23.08,9,0.36,3.069.846,27.727
10.183,105.048,5.55,1.55,3.64,37.665,31.745,5.5,25.575,36.715,37.155,27.933,4.824,80.237,17.9,12,-4.035,-5.323,-5.609,-3.579,-0.274,0.721,6.371,-0.183,10.547,4.389,1.019,-4.08,Durian,Clay Loam,0.744,0.283,23.083,9,0.458,3.251.955,27.923
10.438,106.039,5.773,2.773,3.64,42.873,29.969,6.255,17.991,39.136,33.718,27.91,4.33,79.72,18.024,12,-4.03,-4.78,-4.88,-4,0.35,2.61,7.9,-0.29,6.54,4.36,0.01,-3.83,Durian,Clay,0.763,0.296,21.81,7,0.363,1.615.138,27.892
10.344,105.782,5,2,3.64,34.21,28.32,5.844,18.644,47.146,31.446,27.759,4.606,80.503,17.918,12,-4.021,-5.127,-5.298,-3.982,0.314,1.641,7.482,-0.397,8.096,5.072,0.295,-4.115,Durian,Clay Loam,0.727,0.291,22.94,9,0.354,2.506.173,27.746
9.504,105.813,5.549,2.099,3.64,41.81,42.737,5.83,27.822,30.368,52.897,27.86,5.028,82.071,17.986,12,-4.755,-5.712,-5.939,-3.514,-0.073,1.084,9.012,0.559,8.173,4.928,1.061,-4.817,Durian,Clay,0.672,0.3,24.81,7,0.363,2.536.525,27.846
9.86,105.189,5,2,3.64,35.936,43.835,5.547,25.582,38.482,51.047,27.908,4.955,81.008,17.132,12,-4.309,-5.569,-5.845,-3.563,-0.277,1.018,7.621,-0.103,10.052,4.188,1.107,-4.335,Durian,Clay Loam,0.714,0.303,24.001,9,0.419,3150.06,27.895
10.335,105.23,5,2,3.64,37.289,33.359,5.868,23.968,38.653,42.294,27.91,4.77,79.76,17.9,12,-3.85,-5.17,-5.46,-3.66,-0.22,0.5,5.61,-0.26,10.88,4.65,0.87,-3.94,Durian,Clay Loam,0.761,0.294,22.56,9,0.483,2.454.142,27.897
9.138,104.862,6,3.023,3.64,38.425,42.154,5.699,32.385,29.189,60.89,28.04,4.45,80.82,18.06,12,-4.45,-5.29,-5.62,-3.24,-0.63,1.27,6.71,0.39,7.95,3.73,3.01,-3.78,Durian,Clay Loam,0.727,0.301,23.01,9,0.345,2.820.529,28.02
9.024,105.36,5.557,3,3.64,35.068,38.777,5.4,31.389,33.499,47.231,27.84,5.34,82.89,17.03,12,-5.21,-5.96,-6.44,-3.2,-0.3,0.5,9.1,0.95,8.41,6.51,1.07,-5.45,Durian,Clay Loam,0.641,0.284,26.56,7,0.343,3.468.752,27.82
9.916,105.419,5,2,3.64,39.785,34.49,5.605,24.705,35.605,38.01,27.52,5.44,82.42,17.03,12,-4.68,-6.01,-6.26,-4.19,0.2,1.23,10.03,-0.2,9.39,5.07,0.41,-4.97,Durian,Clay Loam,0.646,0.286,26.31,7,0.381,3.024.318,27.507
10.681,105.318,5.962,3.038,3.64,36.373,27.235,5.981,22.247,41.376,33.585,27.746,4.645,80.568,17.9,12,-4.014,-5.17,-5.354,-3.968,0.29,1.481,7.361,-0.404,8.388,5.141,0.351,-4.142,Durian,Clay Loam,0.724,0.286,23.052,9,0.365,2.209.161,27.726
8.983,105.009,5.746,0.508,3.64,37.977,47.661,5.325,30.491,31.531,53.776,28.04,4.45,80.82,18.042,12,-4.45,-5.29,-5.62,-3.24,-0.63,1.27,6.71,0.39,7.95,3.73,3.01,-3.78,Durian,Clay Loam,0.727,0.295,23.01,9,0.345,3631.35,28.037
10.291,106.059,5.341,3,3.64,37.368,36.957,6.098,24.134,38.464,42.97,27.852,4.436,80.02,18.005,12,-4.027,-4.913,-5.04,-3.993,0.336,2.238,7.74,-0.331,7.137,4.633,0.119,-3.939,Durian,Clay Loam,0.749,0.295,22.243,7,0.349,1.955.509,27.832
10.231,105.997,5.198,4.604,3.64,38.602,26.02,6.142,21.702,39.716,38.174,27.636,4.969,81.996,18.028,12,-4.469,-5.467,-5.639,-4.124,0.43,1.616,9.548,-0.161,7.745,4.687,0.322,-4.535,Durian,Clay Loam,0.666,0.294,24.395,7,0.392,1.860.118,27.606
9.301,104.999,5.105,3.789,3.64,36.726,44.411,5.563,33.836,29.438,67.457,27.985,4.554,80.989,17.951,12,-4.474,-5.366,-5.687,-3.34,-0.543,1.266,7.06,0.328,8.102,3.871,2.736,-3.905,Durian,Clay Loam,0.718,0.307,23.315,9,0.347,3.115.373,27.96
9.867,105.659,5,1.964,3.64,39.4,34.103,5.796,24.439,36.161,41.986,27.522,5.449,82.435,17.03,12,-4.697,-6.017,-6.272,-4.178,0.187,1.213,10.044,-0.18,9.388,5.105,0.416,-4.988,Durian,Clay Loam,0.646,0.293,26.332,7,0.381,2.610.236,27.509
9.896,105.576,6,2.983,3.64,35.644,36.286,5.897,23.13,41.175,42.525,27.52,5.44,82.42,17.03,12,-4.68,-6.01,-6.26,-4.19,0.2,1.23,10.03,-0.2,9.39,5.07,0.41,-4.97,Durian,Clay Loam,0.646,0.296,26.31,7,0.381,2.391.271,27.501
10.369,106.521,5.388,2.388,3.64,38.704,35.202,6.4,20.122,41.174,36.786,27.852,4.229,80.154,18.06,12,-3.941,-4.679,-4.771,-4.016,0.311,2.967,7.733,-0.003,6.366,3.798,-0.071,-3.725,Durian,Clay Loam,0.744,0.295,21.206,7,0.365,1.300.782,27.836
10.736,106.222,5.538,2,3.64,43.698,32.67,6,15.6,40.702,25.331,28.001,3.996,78.633,18.06,12,-3.777,-4.403,-4.476,-3.796,0.215,2.745,6.754,-0.118,6.056,4.516,-0.184,-3.534,Durian,Clay,0.808,0.29,20.288,7,0.333,2167.97,27.988
9.792,105.368,5.992,1.008,3.64,39.417,31.891,5.599,23.982,36.601,38.673,27.52,5.44,82.42,17.037,12,-4.68,-6.01,-6.26,-4.19,0.2,1.23,10.03,-0.2,9.39,5.07,0.41,-4.97,Durian,Clay Loam,0.646,0.289,26.31,7,0.381,3.037.326,27.513
10.826,105.156,6,2.971,3.64,33.694,26.506,5.503,24.597,41.615,36.789,28.158,3.895,76.89,17.9,12,-3.215,-4.249,-4.466,-3.374,-0.251,0.708,3.308,0.317,8.636,4.959,0.837,-3.213,Durian,Clay Loam,0.882,0.285,18.768,9,0.46,3.245.451,28.139
9.63,104.973,5.942,1.942,3.64,38.423,34.944,5.394,25.137,36.44,50.45,27.97,4.72,81.28,18.001,12,-4.59,-5.52,-5.78,-3.25,-0.54,1.6,7.82,0.24,8.31,4.06,1.94,-4.24,Durian,Clay Loam,0.706,0.303,23.92,9,0.347,3481.76,27.957
9.866,105.829,5.784,2.784,3.64,39.465,35.373,6.135,24.868,35.668,46.93,27.574,5.405,82.485,17.03,12,-4.725,-5.98,-6.219,-4.091,0.224,1.107,10.021,0.02,9.103,5.193,0.395,-5.039,Durian,Clay Loam,0.646,0.299,26.054,7,0.384,1.875.294,27.556
10.051,106.222,5.355,2,3.64,37.99,29.671,6.265,23.435,38.574,35.423,27.61,5.05,82.34,18.518,12,-4.58,-5.54,-5.71,-4.16,0.46,1.64,10.07,-0.1,7.61,4.57,0.32,-4.63,Durian,Clay Loam,0.653,0.286,24.72,7,0.408,1.593.458,27.597
10.112,105.142,5,1.412,3.64,38.407,29.888,5.541,24.71,36.824,37.912,27.96,4.89,80.82,17.9,12,-4.26,-5.51,-5.79,-3.48,-0.34,0.99,7.3,-0.09,10.14,4.07,1.2,-4.25,Durian,Clay Loam,0.723,0.286,23.72,9,0.428,3.163.068,27.951
10.397,105.33,5.45,2,3.64,35.615,26.936,5.69,19.764,44.676,32.311,27.817,4.699,80.222,17.9,12,-3.943,-5.17,-5.4,-3.836,0.071,1.061,6.61,-0.342,9.456,4.93,0.573,-4.055,Durian,Clay Loam,0.74,0.29,22.746,9,0.417,2.840.041,27.804
10.186,105.778,5.169,1.831,3.64,40.319,34.137,6.215,21.753,38.012,41.091,27.595,5.347,82.149,17.9,12,-4.609,-5.925,-6.18,-4.07,0.108,1.189,9.567,-0.181,9.517,4.901,0.544,-4.848,Durian,Clay,0.659,0.297,25.813,7,0.37,1.701.856,27.583
9.596,105.697,6,1.931,3.64,35.679,32.382,5.886,26.904,37.418,41.231,27.58,5.68,82.83,17.03,12,-5.15,-6.22,-6.61,-3.85,-0.17,0.76,10.43,0.35,9.34,6.06,0.59,-5.48,Durian,Clay Loam,0.633,0.286,27.48,7,0.379,2.415.119,27.567
9.537,105.259,5,1,3.64,38.6,41.436,5.47,26.655,34.803,41.612,27.97,4.72,81.28,17.03,12,-4.59,-5.52,-5.78,-3.25,-0.54,1.6,7.82,0.24,8.31,4.06,1.94,-4.24,Durian,Clay Loam,0.706,0.287,23.92,9,0.347,3.316.994,27.964
9.248,105.678,6,2.917,3.64,42.912,33.081,5.575,29.573,27.515,43.317,27.601,5.652,82.835,17.03,12,-5.155,-6.199,-6.596,-3.796,-0.181,0.739,10.32,0.4,9.263,6.097,0.63,-5.478,Durian,Clay,0.634,0.283,27.405,7,0.376,3.089.357,27.582
9.97,106.155,5,5.544,3.64,37.676,33.388,5.954,24.809,37.466,61.119,27.595,5.356,82.578,17.56,12,-4.857,-5.87,-6.147,-4.01,0.154,1.213,10.245,0.118,8.45,5.293,0.451,-5.043,Durian,Clay Loam,0.643,0.319,25.927,7,0.395,2.267.697,27.559
10.679,105.056,6,2,3.64,33.269,33.242,5.33,26.36,40.372,31.617,27.91,4.77,79.76,17.934,12,-3.85,-5.17,-5.46,-3.66,-0.22,0.5,5.61,-0.26,10.88,4.65,0.87,-3.94,Durian,Clay Loam,0.761,0.274,22.56,9,0.483,3620.51,27.897
10.412,104.741,6,2.435,3.64,31.839,40.852,5.556,29.243,38.918,37.43,27.934,4.663,79.664,18.24,12,-3.793,-5.074,-5.351,-3.601,-0.24,0.552,5.41,-0.251,10.652,4.511,0.966,-3.827,Durian,Clay Loam,0.766,0.275,22.137,9,0.482,3.130.549,27.918
10.504,104.819,5,3.544,3.64,33.091,48.003,5.446,27.61,39.299,37.89,27.91,4.77,79.76,18.24,12,-3.85,-5.17,-5.46,-3.66,-0.22,0.5,5.61,-0.26,10.88,4.65,0.87,-3.94,Durian,Clay Loam,0.761,0.28,22.56,9,0.483,3.369.025,27.887
10.59,106.353,5,2,3.64,40.966,34.078,6.102,16.224,42.907,34.097,27.91,4.33,79.72,18.06,12,-4.03,-4.78,-4.88,-4,0.35,2.61,7.9,-0.29,6.54,4.36,0.01,-3.83,Durian,Clay,0.763,0.3,21.81,7,0.363,1.946.837,27.897
9.977,106.193,6,6.335,3.64,37.867,31.736,6.034,23.1,39.099,39.434,27.58,5.18,82.367,18.191,12,-4.613,-5.696,-5.893,-4.17,0.374,1.504,10.057,-0.133,8.202,4.736,0.35,-4.743,Durian,Clay Loam,0.65,0.292,25.248,7,0.399,2.094.259,27.539
10.137,106.339,6,4.979,3.64,33.533,32.114,6.199,21.301,45.166,39.594,27.609,5.054,82.341,18.058,12,-4.581,-5.545,-5.716,-4.16,0.457,1.636,10.07,-0.101,7.629,4.575,0.321,-4.634,Durian,Clay Loam,0.652,0.296,24.737,7,0.408,1.736.544,27.577
10.194,106.673,5.255,2.255,3.64,40.021,34.919,6.177,20.521,39.458,36.319,27.864,4.442,82.299,18.06,12,-4.031,-4.989,-5.099,-3.936,0.377,2.018,8.177,0.465,7.214,3.491,0.492,-4.148,Durian,Clay,0.664,0.294,22.203,7,0.368,1.784.239,27.849
10.208,105.388,5.739,5.218,3.64,39.083,26.104,5.574,25.887,35.03,34.47,27.797,4.705,80.657,17.673,12,-4.083,-5.259,-5.465,-3.85,0.141,1.382,7.396,-0.327,8.772,4.876,0.557,-4.176,Durian,Clay Loam,0.723,0.279,23.16,9,0.379,3.091.525,27.763
9.171,105.449,5.931,2.931,3.64,39.2,39.01,5.355,31.475,29.325,34.063,27.835,5.336,82.878,17.151,12,-5.188,-5.954,-6.414,-3.237,-0.258,0.511,9.162,0.941,8.386,6.45,1.019,-5.439,Durian,Clay Loam,0.641,0.265,26.49,7,0.346,3.566.311,27.816
9.031,104.919,6,1.96,3.64,38.764,53.607,5.5,31.424,29.716,47.084,28.04,4.45,80.82,18.057,12,-4.45,-5.29,-5.62,-3.24,-0.63,1.27,6.71,0.39,7.95,3.73,3.01,-3.78,Durian,Clay Loam,0.727,0.284,23.01,9,0.345,3.251.955,28.027
10.358,105.143,6,1.522,3.64,34.261,31.378,5.443,26.974,38.765,33.2,27.934,4.827,80.267,17.484,12,-4.046,-5.333,-5.618,-3.574,-0.277,0.734,6.418,-0.179,10.526,4.373,1.028,-4.088,Durian,Clay Loam,0.743,0.274,23.115,9,0.456,3.375.529,27.924
9.865,105.644,6,2,3.64,35.404,36.021,5.752,22.073,42.433,40.798,27.529,5.399,82.412,17.211,12,-4.67,-5.961,-6.203,-4.187,0.227,1.273,10.034,-0.19,9.205,5.018,0.401,-4.935,Durian,Clay Loam,0.647,0.296,26.146,7,0.384,2.705.627,27.516
9.919,105.196,5.322,2.356,3.64,34.929,28.619,5.532,26.177,38.894,36.617,27.96,4.89,80.82,17.03,12,-4.26,-5.51,-5.79,-3.48,-0.34,0.99,7.3,-0.09,10.14,4.07,1.2,-4.25,Durian,Clay Loam,0.723,0.281,23.72,9,0.428,3182.58,27.945
9.311,105.016,5.125,3.75,3.64,36.712,44.413,5.575,33.711,29.577,67.374,27.975,4.574,81.02,17.931,12,-4.479,-5.38,-5.7,-3.359,-0.526,1.265,7.126,0.316,8.13,3.898,2.684,-3.929,Durian,Clay Loam,0.716,0.307,23.373,9,0.347,3.089.357,27.951
9.855,105.451,5,2,3.64,34.369,27.032,5.742,26.456,39.074,40.206,27.78,5.265,81.773,17.03,12,-4.682,-5.847,-6.179,-3.656,-0.259,0.881,8.785,0.119,9.761,5.014,0.911,-4.833,Durian,Clay Loam,0.68,0.285,25.456,9,0.383,2.727.306,27.767
10.335,105.663,5.114,2,3.64,34.228,27.846,5.8,18.589,47.183,31.971,27.759,4.655,80.504,17.9,12,-4.001,-5.17,-5.363,-3.944,0.25,1.404,7.223,-0.393,8.585,5.102,0.392,-4.126,Durian,Clay Loam,0.727,0.292,22.997,9,0.374,2.601.564,27.746
8.836,104.934,6,1.486,3.64,40.393,54.605,5.454,32.318,27.24,50.013,28.089,4.217,81.058,17.74,12,-4.192,-5.11,-5.43,-3.196,-0.611,0.91,6.068,0.604,7.386,3.161,3.754,-3.333,Durian,Clay,0.72,0.286,21.872,9,0.338,3.351.682,28.079
10.16,106.394,5,6,3.64,38.757,29.648,6.184,19.568,41.675,43.543,27.61,5.05,82.34,18.06,12,-4.58,-5.54,-5.71,-4.16,0.46,1.64,10.07,-0.1,7.61,4.57,0.32,-4.63,Durian,Clay Loam,0.653,0.306,24.72,7,0.408,1.769.064,27.571
10.409,105.538,5.521,2,3.64,38.777,25.24,5.648,18.042,43.181,30.212,27.74,4.64,80.6,17.9,12,-4.02,-5.17,-5.35,-3.98,0.31,1.52,7.43,-0.41,8.29,5.16,0.33,-4.15,Durian,Clay Loam,0.722,0.291,23.08,9,0.36,2.931.095,27.727
9.22,105.199,6,1,3.64,39.699,39.384,5.438,30.532,29.832,50.324,28.013,4.554,80.996,17.03,12,-4.504,-5.378,-5.681,-3.244,-0.595,1.397,7.136,0.332,8.088,3.857,2.6,-3.956,Durian,Clay Loam,0.719,0.29,23.358,9,0.345,3.386.369,28.007
9.969,106.42,5.157,4.157,3.64,33.416,36.907,6.116,21.3,45.284,39.684,27.61,5.05,82.34,18.659,12,-4.58,-5.54,-5.71,-4.16,0.46,1.64,10.07,-0.1,7.61,4.57,0.32,-4.63,Durian,Clay Loam,0.653,0.297,24.72,7,0.408,1.916.485,27.583
10.396,106.561,5.044,3.956,3.64,39.07,25.683,6.378,20.735,40.195,30.747,27.767,4.081,80.791,18.06,12,-3.81,-4.531,-4.612,-4.038,0.254,3.49,7.489,0.418,6.11,2.973,-0.191,-3.572,Durian,Clay Loam,0.716,0.285,20.754,7,0.361,1.348.477,27.741
10.824,105.83,5.889,2,3.64,33.832,22.421,5.533,25.223,40.934,29.721,28.1,3.74,77.56,17.9,12,-3.37,-4.2,-4.32,-3.49,0.06,1.63,4.58,-0.12,6.51,5.58,0.4,-3.31,Durian,Clay Loam,0.853,0.274,18.81,9,0.347,3.180.412,28.087
10.567,106.298,5.599,4,3.64,39.778,26.059,5.861,19.742,40.48,32.217,27.85,4.226,80.17,18.06,12,-3.938,-4.676,-4.768,-4.016,0.31,2.979,7.727,0.007,6.359,3.778,-0.074,-3.722,Durian,Clay Loam,0.743,0.29,21.194,7,0.365,2.469.318,27.824
10.815,105.852,5.905,2,3.64,33.861,23.628,5.619,24.433,41.786,33.252,28.1,3.74,77.56,17.9,12,-3.37,-4.2,-4.32,-3.49,0.06,1.63,4.58,-0.12,6.51,5.58,0.4,-3.31,Durian,Clay Loam,0.853,0.28,18.81,9,0.347,2.993.967,28.087
10.683,105.615,5.376,2.376,3.64,36.4,27.924,5.875,21.988,41.674,31.728,27.74,4.64,80.6,17.9,12,-4.02,-5.17,-5.35,-3.98,0.31,1.52,7.43,-0.41,8.29,5.16,0.33,-4.15,Durian,Clay Loam,0.722,0.284,23.08,9,0.36,2.438.966,27.725
10.475,105.791,5,2,3.64,40.285,34.815,5.825,17.905,41.855,33.815,27.816,4.501,80.204,17.972,12,-4.024,-4.995,-5.139,-3.989,0.328,2.01,7.641,-0.356,7.503,4.8,0.186,-4.006,Durian,Clay,0.74,0.296,22.509,7,0.34,2.547.365,27.803
10.585,105.845,5.611,2,3.64,40.939,28.439,6.1,18.533,40.466,38.306,27.74,4.64,80.6,17.9,12,-4.02,-5.17,-5.35,-3.98,0.31,1.52,7.43,-0.41,8.29,5.16,0.33,-4.15,Durian,Clay,0.722,0.301,23.08,9,0.36,1.951.173,27.727
8.786,104.88,6,0.836,3.64,39.704,54.464,5.4,32.693,27.604,55.647,28.056,4.371,80.9,17.74,12,-4.363,-5.229,-5.556,-3.225,-0.623,1.149,6.494,0.462,7.76,3.538,3.26,-3.629,Durian,Clay Loam,0.724,0.293,22.625,9,0.342,3.468.752,28.051
10.506,104.872,6,10.905,3.64,28.569,29.048,5.573,33.759,37.744,36.852,27.811,4.548,79.264,18.24,12,-3.691,-4.91,-5.189,-3.556,-0.297,0.522,4.821,-0.109,10.439,4.718,0.933,-3.718,Durian,Clay Loam,0.775,0.264,21.47,9,0.487,3.093.693,27.74
9.118,105.353,6,3,3.64,35.665,38.772,5.414,31.379,32.957,46.329,27.845,5.299,82.666,17.092,12,-5.113,-5.903,-6.37,-3.233,-0.294,0.5,8.85,0.863,8.587,6.377,1.056,-5.342,Durian,Clay Loam,0.649,0.283,26.255,7,0.337,3438.4,27.825
10.146,105.505,5,2.676,3.64,37.608,34.364,5.968,24.373,38.051,52.6,27.646,5.223,81.558,17.312,12,-4.411,-5.738,-6.001,-4.018,0.064,0.993,8.598,-0.219,9.873,4.934,0.559,-4.636,Durian,Clay Loam,0.683,0.308,25.023,9,0.395,2.237.345,27.629
10.26,105.064,5.496,2.992,3.64,37.994,33.807,5.6,23.452,38.604,43.235,27.935,4.83,80.286,18.069,12,-4.053,-5.339,-5.624,-3.571,-0.28,0.743,6.448,-0.176,10.513,4.362,1.034,-4.094,Durian,Clay Loam,0.742,0.297,23.137,9,0.455,3.035.158,27.916
10.57,106.239,5,2,3.64,35.876,32.44,6.195,18.995,45.129,28.641,27.908,4.334,79.731,18.058,12,-4.03,-4.785,-4.886,-4,0.349,2.596,7.894,-0.292,6.562,4.37,0.014,-3.834,Durian,Clay Loam,0.762,0.286,21.827,7,0.362,1.745.216,27.895
10.694,106.531,5,2,3.64,40.017,29.693,6.198,25.192,34.791,25.046,27.91,4.33,79.72,18.06,12,-4.03,-4.78,-4.88,-4,0.35,2.61,7.9,-0.29,6.54,4.36,0.01,-3.83,Durian,Clay,0.763,0.267,21.81,7,0.363,1.738.712,27.897
10.475,106.314,5.671,2,3.64,39.064,29.61,6.367,18.27,42.666,38.679,27.91,4.33,79.72,18.06,12,-4.03,-4.78,-4.88,-4,0.35,2.61,7.9,-0.29,6.54,4.36,0.01,-3.83,Durian,Clay Loam,0.763,0.302,21.81,7,0.363,1.372.325,27.897
10.711,106.325,6,3.317,3.64,40.505,25.617,5.773,20.739,38.756,29.206,27.91,4.33,79.72,18.06,12,-4.03,-4.78,-4.88,-4,0.35,2.61,7.9,-0.29,6.54,4.36,0.01,-3.83,Durian,Clay,0.763,0.283,21.81,7,0.363,2.660.099,27.888
9.678,105.14,5.121,2,3.64,37.883,38.041,5.412,29.043,33.086,39.436,27.963,4.726,81.096,17.135,12,-4.501,-5.478,-5.741,-3.299,-0.501,1.467,7.553,0.18,8.62,4.131,1.811,-4.204,Durian,Clay Loam,0.713,0.278,23.724,9,0.363,3.442.736,27.95
9.879,105.689,5.742,2,3.64,39.548,32.813,5.874,24.622,35.829,43.261,27.52,5.44,82.42,17.03,12,-4.68,-6.01,-6.26,-4.19,0.2,1.23,10.03,-0.2,9.39,5.07,0.41,-4.97,Durian,Clay Loam,0.646,0.294,26.31,7,0.381,2.441.134,27.507
9.808,106.298,5.544,2,3.64,39.146,37.038,6.154,26.828,34.026,37.872,27.683,5.155,82.513,18.77,12,-4.721,-5.69,-5.874,-3.964,0.392,1.193,10.034,0.32,7.815,5.058,0.329,-4.931,Durian,Clay Loam,0.649,0.281,25.18,7,0.399,1.834.103,27.67
10.17,106.318,5,5.636,3.64,39.264,30.874,6.236,19.272,41.464,44.019,27.61,5.05,82.34,18.06,12,-4.58,-5.54,-5.71,-4.16,0.46,1.64,10.07,-0.1,7.61,4.57,0.32,-4.63,Durian,Clay Loam,0.653,0.307,24.72,7,0.408,1.656.329,27.573
10.232,106.654,5,2,3.64,38.607,40.339,6.322,18.989,42.381,44.925,27.869,4.459,82.367,18.06,12,-4.041,-5.011,-5.122,-3.931,0.382,1.949,8.21,0.466,7.266,3.518,0.524,-4.175,Durian,Clay Loam,0.661,0.309,22.28,7,0.368,1.469.884,27.856
10.616,105.74,5.022,2,3.64,39.889,27.348,6.089,18.902,41.209,36.811,27.74,4.64,80.6,17.9,12,-4.02,-5.17,-5.35,-3.98,0.31,1.52,7.43,-0.41,8.29,5.16,0.33,-4.15,Durian,Clay Loam,0.722,0.298,23.08,9,0.36,1.975.021,27.727
9.823,105.762,5.748,2.252,3.64,36.553,44.525,6.075,27.57,35.876,64.078,27.52,5.44,82.42,17.03,12,-4.68,-6.01,-6.26,-4.19,0.2,1.23,10.03,-0.2,9.39,5.07,0.41,-4.97,Durian,Clay Loam,0.646,0.316,26.31,7,0.381,2.005.372,27.505
9.971,105.264,6,1,3.64,36.037,31.508,5.656,27.935,36.084,35.21,27.96,4.89,80.82,17.03,12,-4.26,-5.51,-5.79,-3.48,-0.34,0.99,7.3,-0.09,10.14,4.07,1.2,-4.25,Durian,Clay Loam,0.723,0.275,23.72,9,0.428,2.913.752,27.954
10.179,105.898,5.819,2,3.64,38.628,27.547,6.164,23.265,38.107,36.667,27.594,5.12,82.354,18.031,12,-4.598,-5.625,-5.809,-4.165,0.413,1.566,10.063,-0.118,7.931,4.66,0.336,-4.691,Durian,Clay Loam,0.651,0.288,25.006,7,0.403,1.812.423,27.581
9.557,105.19,5.054,1.054,3.64,36.824,40.33,5.678,28.701,34.475,39.973,27.97,4.72,81.28,17.03,12,-4.59,-5.52,-5.78,-3.25,-0.54,1.6,7.82,0.24,8.31,4.06,1.94,-4.24,Durian,Clay Loam,0.706,0.28,23.92,9,0.347,2.866.056,27.963
10.188,106.144,5.32,4.04,3.64,39.708,32.332,6.364,18.828,41.464,45.772,27.61,5.05,82.34,18.06,12,-4.58,-5.54,-5.71,-4.16,0.46,1.64,10.07,-0.1,7.61,4.57,0.32,-4.63,Durian,Clay Loam,0.653,0.311,24.72,7,0.408,1.378.829,27.584
10.452,106.447,5,2,3.64,40.203,32.221,6.351,17.878,41.92,32.611,27.91,4.33,79.72,18.06,12,-4.03,-4.78,-4.88,-4,0.35,2.61,7.9,-0.29,6.54,4.36,0.01,-3.83,Durian,Clay,0.763,0.295,21.81,7,0.363,1.407.013,27.897
9.793,105.534,5.269,2.461,3.64,37.227,33.235,5.892,25.058,37.715,52.465,27.641,5.246,82.113,17.307,12,-4.656,-5.878,-6.131,-3.937,0.001,1.33,9.435,-0.081,9.099,4.798,0.822,-4.773,Durian,Clay Loam,0.662,0.306,25.456,7,0.37,2.402.111,27.625
9.789,105.263,5.54,1,3.64,36.378,35.126,5.47,27.694,36.029,35.13,27.965,4.812,81.032,17.03,12,-4.412,-5.515,-5.785,-3.374,-0.432,1.271,7.539,0.062,9.297,4.065,1.541,-4.245,Durian,Clay Loam,0.716,0.275,23.763,9,0.391,3.316.994,27.958
10.213,105.984,6,2.728,3.64,38.492,33.746,6.327,20.118,41.417,36.39,27.586,5.156,82.362,18.016,12,-4.607,-5.668,-5.86,-4.168,0.389,1.528,10.059,-0.127,8.094,4.706,0.344,-4.722,Durian,Clay Loam,0.651,0.295,25.152,7,0.4,1.459.044,27.568
10.288,105.646,6,2.784,3.64,37.532,39.216,5.889,24.265,38.114,40.4,27.764,4.667,80.624,17.937,12,-4.046,-5.207,-5.397,-3.926,0.24,1.463,7.416,-0.375,8.49,5.042,0.424,-4.161,Durian,Clay Loam,0.722,0.291,23.112,9,0.368,2.408.615,27.746
10.56,105.531,5.315,188.108,3.64,36.258,32.043,5.874,26.579,37.194,43.463,27.793,4.681,80.336,18.007,12,-3.967,-5.17,-5.385,-3.879,0.143,1.199,6.857,-0.363,9.105,5,0.5,-4.084,Durian,Clay Loam,0.734,0.29,22.848,9,0.399,2.441.134,26.57
9.899,106.293,6,2,3.64,39.155,36.354,6.191,26.664,34.181,38.063,27.61,5.05,82.34,18.77,12,-4.58,-5.54,-5.71,-4.16,0.46,1.64,10.07,-0.1,7.61,4.57,0.32,-4.63,Durian,Clay Loam,0.653,0.282,24.72,7,0.408,1.753.888,27.597
9.273,105.113,5.965,1.07,3.64,40.573,40.133,5.51,30.142,29.285,53.75,27.972,4.711,81.264,17.066,12,-4.585,-5.512,-5.774,-3.25,-0.543,1.588,7.781,0.245,8.297,4.048,1.977,-4.224,Durian,Clay,0.707,0.296,23.888,9,0.347,3.230.275,27.965
10.553,105.949,5.512,5.512,3.64,42.358,26.358,5.902,17.388,40.305,33.526,27.914,4.164,79.116,17.982,12,-3.785,-4.612,-4.726,-3.796,0.203,2.206,6.581,-0.185,6.934,4.899,-0.018,-3.705,Durian,Clay,0.785,0.297,20.827,9,0.333,2.380.431,27.878
9.889,105.4,5.151,1.849,3.64,37.786,32.24,5.685,26.378,35.836,38.275,27.52,5.44,82.42,17.03,12,-4.68,-6.01,-6.26,-4.19,0.2,1.23,10.03,-0.2,9.39,5.07,0.41,-4.97,Durian,Clay Loam,0.646,0.283,26.31,7,0.381,2.850.881,27.508
10.497,104.988,5.658,19.397,3.64,30.448,31.877,5.768,39.613,29.939,40.221,27.91,4.77,79.76,18.016,12,-3.85,-5.17,-5.46,-3.66,-0.22,0.5,5.61,-0.26,10.88,4.65,0.87,-3.94,Durian,Clay Loam,0.761,0.255,22.56,9,0.483,2.670.939,27.784
10.383,104.666,5.413,2,3.64,34.064,56.026,5.517,26.119,39.817,58.418,27.975,4.483,79.502,18.24,12,-3.697,-4.912,-5.167,-3.502,-0.273,0.641,5.07,-0.237,10.264,4.275,1.128,-3.635,Durian,Clay Loam,0.774,0.312,21.423,9,0.48,3215.1,27.962
9.898,105.395,6,1.725,3.64,38.355,35.179,5.6,26.313,35.332,37.939,27.52,5.44,82.42,17.03,12,-4.68,-6.01,-6.26,-4.19,0.2,1.23,10.03,-0.2,9.39,5.07,0.41,-4.97,Durian,Clay Loam,0.646,0.283,26.31,7,0.381,3.035.158,27.509
9.963,106.219,5.743,2.257,3.64,33.185,34.113,6.151,24.197,42.718,41.659,27.61,5.05,82.34,18.77,12,-4.58,-5.54,-5.71,-4.16,0.46,1.64,10.07,-0.1,7.61,4.57,0.32,-4.63,Durian,Clay Loam,0.653,0.293,24.72,7,0.408,1.840.607,27.595
9.937,105.572,5.612,2,3.64,34.64,35.151,5.855,22.427,42.91,42.963,27.52,5.44,82.42,17.368,12,-4.68,-6.01,-6.26,-4.19,0.2,1.23,10.03,-0.2,9.39,5.07,0.41,-4.97,Durian,Clay Loam,0.646,0.299,26.31,7,0.381,2.482.326,27.507
8.836,105.121,5,3.894,3.64,36.944,41.408,5.7,34.467,28.579,50.099,28.04,4.45,80.82,17.997,12,-4.45,-5.29,-5.62,-3.24,-0.63,1.27,6.71,0.39,7.95,3.73,3.01,-3.78,Durian,Clay Loam,0.727,0.281,23.01,9,0.345,2.818.361,28.015
9.897,105.796,5,3.152,3.64,37.46,42.963,5.97,26.049,36.476,64.745,27.529,5.476,82.482,17.03,12,-4.751,-6.042,-6.313,-4.138,0.144,1.159,10.091,-0.117,9.382,5.22,0.437,-5.047,Durian,Clay Loam,0.644,0.321,26.408,7,0.382,2.233.009,27.509
10.833,105.589,6,3.906,3.64,37.075,28.184,5.862,21.897,41.038,42.131,28.066,3.824,77.845,17.9,12,-3.431,-4.291,-4.417,-3.536,0.083,1.62,4.847,-0.147,6.677,5.541,0.393,-3.389,Durian,Clay Loam,0.841,0.299,19.211,9,0.348,2467.15,28.041
9.68,105.737,5,2.268,3.64,37.366,35.07,5.858,26.673,35.919,65.548,27.58,5.68,82.83,17.03,12,-5.15,-6.22,-6.61,-3.85,-0.17,0.76,10.43,0.35,9.34,6.06,0.59,-5.48,Durian,Clay Loam,0.633,0.32,27.48,7,0.379,2.475.822,27.565
9.896,105.657,6,2.246,3.64,35.435,35.549,5.774,21.951,42.526,40.695,27.531,5.392,82.41,17.157,12,-4.668,-5.952,-6.192,-4.186,0.232,1.28,10.035,-0.188,9.171,5.009,0.399,-4.928,Durian,Clay Loam,0.647,0.296,26.114,7,0.384,2.657.931,27.516
10.286,105.116,5.434,2,3.64,37.46,34.179,5.557,24.221,38.319,39.188,27.91,4.77,79.76,17.9,12,-3.85,-5.17,-5.46,-3.66,-0.22,0.5,5.61,-0.26,10.88,4.65,0.87,-3.94,Durian,Clay Loam,0.761,0.289,22.56,9,0.483,3.128.381,27.897
10.41,106.47,5.161,2,3.64,41.003,36.31,6.32,18.729,40.184,42.128,27.757,4.162,80.801,18.034,12,-3.835,-4.625,-4.721,-4.03,0.26,3.207,7.464,0.312,6.444,3.272,-0.115,-3.655,Durian,Clay,0.716,0.306,20.981,7,0.356,1474.22,27.744
10.187,105.903,6,3.884,3.64,35.286,32.825,6.144,21.356,43.358,39.265,27.56,5.268,82.385,17.971,12,-4.636,-5.802,-6.017,-4.177,0.315,1.411,10.048,-0.156,8.603,4.849,0.37,-4.82,Durian,Clay Loam,0.649,0.296,25.608,7,0.393,1.855.782,27.535
10.799,105.215,5.812,4,3.64,37.242,26,5.581,22.718,40.04,31.894,28.149,3.87,77,17.9,12,-3.24,-4.241,-4.442,-3.393,-0.2,0.859,3.517,0.245,8.288,5.06,0.765,-3.229,Durian,Clay Loam,0.877,0.282,18.745,9,0.442,3.076.349,28.123
9.416,105.649,5.742,1.258,3.64,44.103,37.565,5.555,27.828,28.068,40.183,27.629,5.577,82.802,17.479,12,-5.083,-6.13,-6.471,-3.819,-0.046,0.734,10.316,0.471,9.009,5.952,0.525,-5.431,Durian,Clay,0.636,0.282,26.98,7,0.382,3.132.717,27.621
9.97,106.238,5.881,2.119,3.64,32.978,34.375,6.124,24.253,42.87,42.004,27.61,5.05,82.34,18.77,12,-4.58,-5.54,-5.71,-4.16,0.46,1.64,10.07,-0.1,7.61,4.57,0.32,-4.63,Durian,Clay Loam,0.653,0.293,24.72,7,0.408,1.899.142,27.596
9.928,105.662,5.722,3.722,3.64,36.5,37.156,6.1,24.578,38.894,44.75,27.52,5.44,82.42,17.03,12,-4.68,-6.01,-6.26,-4.19,0.2,1.23,10.03,-0.2,9.39,5.07,0.41,-4.97,Durian,Clay Loam,0.646,0.296,26.31,7,0.381,1.951.173,27.496
10.091,106.241,5,4.612,3.64,32.849,31.572,6.219,21.724,45.447,42.138,27.61,5.05,82.34,18.198,12,-4.58,-5.54,-5.71,-4.16,0.46,1.64,10.07,-0.1,7.61,4.57,0.32,-4.63,Durian,Clay Loam,0.653,0.299,24.72,7,0.408,1.693.185,27.58
10.24,105.716,5,5,3.64,37.136,33.416,5.948,23.667,39.197,51.884,27.724,4.689,80.809,17.919,12,-4.087,-5.214,-5.393,-4.002,0.328,1.534,7.747,-0.373,8.208,5.089,0.329,-4.208,Durian,Clay Loam,0.714,0.308,23.277,9,0.353,2.280.704,27.692
10.336,106.403,5.342,2,3.64,40.303,35.063,6.032,20.255,39.442,37.114,27.845,4.594,82.047,18.005,12,-4.079,-5.157,-5.297,-3.927,0.382,1.507,8.081,0.169,7.836,4.193,0.593,-4.282,Durian,Clay,0.673,0.295,22.742,7,0.355,2.098.595,27.832
10.708,106.533,5,2.311,3.64,39.751,30.042,6.076,25.262,34.987,26.244,27.91,4.33,79.72,18.06,12,-4.03,-4.78,-4.88,-4,0.35,2.61,7.9,-0.29,6.54,4.36,0.01,-3.83,Durian,Clay Loam,0.763,0.269,21.81,7,0.363,2.003.204,27.895
10.347,106.535,6,2.258,3.64,43.397,32.33,6.374,17.083,39.52,32.955,27.799,4.137,80.551,18.06,12,-3.859,-4.587,-4.672,-4.03,0.276,3.293,7.581,0.259,6.206,3.284,-0.146,-3.63,Durian,Clay,0.727,0.297,20.924,7,0.363,1.357.149,27.784
9.738,105.546,6,3.63,3.64,37.456,34.338,5.655,25.451,37.092,39.388,27.531,5.484,82.496,17.03,12,-4.767,-6.049,-6.325,-4.127,0.132,1.143,10.104,-0.098,9.381,5.253,0.443,-5.064,Durian,Clay Loam,0.644,0.287,26.43,7,0.382,2915.92,27.507
10.522,104.891,5.615,9.305,3.64,29.384,29.116,5.523,32.962,37.715,35.937,27.91,4.77,79.76,18.24,12,-3.85,-5.17,-5.46,-3.66,-0.22,0.5,5.61,-0.26,10.88,4.65,0.87,-3.94,Durian,Clay Loam,0.761,0.264,22.56,9,0.483,3.202.092,27.85
10.019,105.616,5.312,2,3.64,33.181,34.313,5.787,26.094,40.725,37.024,27.548,5.318,82.395,17.351,12,-4.649,-5.863,-6.088,-4.181,0.281,1.358,10.042,-0.169,8.834,4.914,0.382,-4.864,Durian,Clay Loam,0.648,0.282,25.814,7,0.389,2.629.748,27.535
9.405,105.653,6,1,3.64,40.013,45.699,5.7,30.888,29.099,47.962,27.58,5.68,82.83,17.03,12,-5.15,-6.22,-6.61,-3.85,-0.17,0.76,10.43,0.35,9.34,6.06,0.59,-5.48,Durian,Clay,0.633,0.286,27.48,7,0.379,2.818.361,27.574
9.731,106.455,6,2,3.64,40.346,35.2,6.1,26.276,33.377,38.885,27.696,5.174,82.545,18.77,12,-4.747,-5.718,-5.904,-3.928,0.379,1.112,10.027,0.396,7.852,5.146,0.331,-4.986,Durian,Clay,0.648,0.284,25.283,7,0.397,1.951.173,27.683
9.795,105.759,5.524,2.524,3.64,37.125,35.628,6.057,25.776,37.052,48.085,27.549,5.554,82.615,17.03,12,-4.904,-6.11,-6.427,-4.028,0.024,1.006,10.22,0.062,9.366,5.541,0.496,-5.213,Durian,Clay Loam,0.64,0.298,26.682,7,0.383,2.044.396,27.533
8.628,104.999,6,1.696,3.64,35.477,60.219,5.485,35.124,29.399,56.824,28.14,3.97,81.31,17.952,12,-3.92,-4.92,-5.23,-3.15,-0.59,0.53,5.39,0.83,6.79,2.56,4.54,-2.86,Durian,Clay Loam,0.712,0.289,20.67,9,0.329,3.284.475,28.129
9.974,106.339,6,6.68,3.64,38.04,32.288,6.12,23.204,38.84,39.52,27.596,5.112,82.353,18.492,12,-4.596,-5.615,-5.798,-4.165,0.418,1.574,10.064,-0.116,7.895,4.65,0.334,-4.684,Durian,Clay Loam,0.652,0.292,24.974,7,0.404,1.907.814,27.553
10.204,105.081,6,1.833,3.64,37.616,33.433,5.533,25.452,36.949,36.066,27.918,4.79,79.937,17.754,12,-3.919,-5.227,-5.515,-3.63,-0.24,0.582,5.893,-0.232,10.756,4.553,0.925,-3.992,Durian,Clay Loam,0.755,0.282,22.755,9,0.474,3.180.412,27.906
10.387,106.316,5.989,3.022,3.64,37.015,33.087,6.2,19.994,42.99,35.418,27.91,4.33,79.72,18.06,12,-4.03,-4.78,-4.88,-4,0.35,2.61,7.9,-0.29,6.54,4.36,0.01,-3.83,Durian,Clay Loam,0.763,0.294,21.81,7,0.363,1.734.376,27.89
10.357,104.932,6,2,3.64,32.952,33.974,5.575,25.349,41.7,36.048,27.91,4.77,79.76,18.155,12,-3.85,-5.17,-5.46,-3.66,-0.22,0.5,5.61,-0.26,10.88,4.65,0.87,-3.94,Durian,Clay Loam,0.761,0.282,22.56,9,0.483,3.089.357,27.897
9.622,105.476,5,1.241,3.64,35.097,43.4,5.672,26.141,38.762,49.696,27.566,5.622,82.731,17.24,12,-5.037,-6.169,-6.526,-3.932,-0.081,0.873,10.333,0.217,9.352,5.821,0.547,-5.357,Durian,Clay Loam,0.636,0.299,27.102,7,0.381,2.879.064,27.558
10.187,105.969,5,2,3.64,39.621,33.482,6.268,21.311,39.104,40.214,27.549,5.315,82.394,17.951,12,-4.648,-5.859,-6.083,-4.18,0.284,1.362,10.043,-0.168,8.818,4.909,0.381,-4.861,Durian,Clay Loam,0.648,0.297,25.799,7,0.389,1.586.954,27.536
10.181,105.38,6,2.975,3.64,38.441,26.605,5.6,26.508,35.051,32.861,27.574,5.245,81.976,17.9,12,-4.519,-5.805,-6.038,-4.139,0.227,1.301,9.396,-0.251,9.122,5.092,0.391,-4.77,Durian,Clay Loam,0.665,0.275,25.522,7,0.368,3.035.158,27.555
9.606,105.149,5,9.526,3.64,37.842,31.737,5.679,25.336,36.821,62.373,27.913,4.772,81.448,18.06,12,-4.588,-5.523,-5.769,-3.394,-0.382,1.606,8.176,0.186,8.199,4.141,1.684,-4.302,Durian,Clay Loam,0.698,0.319,23.958,9,0.342,2.863.888,27.851
9.772,105.245,5.47,1,3.64,36.658,37.03,5.388,27.57,35.777,37.328,27.965,4.8,81.064,17.03,12,-4.435,-5.515,-5.785,-3.358,-0.446,1.313,7.575,0.085,9.171,4.065,1.592,-4.245,Durian,Clay Loam,0.714,0.279,23.784,9,0.385,3.494.768,27.958
10.235,105.171,5,2,3.64,38.3,24.358,5.801,23.495,38.205,35.995,27.739,5.166,81.623,18.069,12,-4.471,-5.761,-6.026,-3.836,-0.069,1.11,8.671,-0.145,9.763,4.572,0.803,-4.611,Durian,Clay Loam,0.684,0.286,24.919,9,0.392,2.599.396,27.726
9.164,105.564,5.125,2.125,3.64,37.537,39.012,5.475,33.638,28.825,36.338,27.84,5.34,82.89,17.03,12,-5.21,-5.96,-6.44,-3.2,-0.3,0.5,9.1,0.95,8.41,6.51,1.07,-5.45,Durian,Clay Loam,0.641,0.264,26.56,7,0.343,3.306.154,27.826
9.253,104.897,5,1.771,3.64,40.352,48.158,5.639,31.086,28.461,46.556,27.997,4.616,81.103,18.06,12,-4.536,-5.431,-5.718,-3.246,-0.575,1.473,7.392,0.298,8.171,3.933,2.352,-4.063,Durian,Clay,0.714,0.284,23.569,9,0.346,2.950.607,27.985
10.392,106.162,5.643,3.713,3.64,42.387,29.865,6.264,18.72,38.893,32.259,27.91,4.33,79.72,18.06,12,-4.03,-4.78,-4.88,-4,0.35,2.61,7.9,-0.29,6.54,4.36,0.01,-3.83,Durian,Clay,0.763,0.292,21.81,7,0.363,1.595.626,27.886
9.194,105.217,5.78,1,3.64,39.837,38.715,5.4,30.515,29.749,47.946,28.04,4.45,80.82,17.03,12,-4.45,-5.29,-5.62,-3.24,-0.63,1.27,6.71,0.39,7.95,3.73,3.01,-3.78,Durian,Clay Loam,0.727,0.287,23.01,9,0.345,3.468.752,28.034
10.082,106.36,5.217,3.783,3.64,38.195,32.234,6.3,22,39.804,35.743,27.61,5.05,82.34,18.06,12,-4.58,-5.54,-5.71,-4.16,0.46,1.64,10.07,-0.1,7.61,4.57,0.32,-4.63,Durian,Clay Loam,0.653,0.289,24.72,7,0.408,1.517.579,27.585
10.449,106.387,5.138,2.862,3.64,42.397,35.059,6.245,18.021,39.583,37.755,27.887,4.373,79.841,18.038,12,-4.029,-4.834,-4.945,-3.997,0.344,2.46,7.835,-0.307,6.781,4.47,0.054,-3.874,Durian,Clay,0.757,0.301,21.986,7,0.357,1.636.817,27.868
8.921,104.873,5.663,1,3.64,40.889,55.321,5.465,31.166,27.945,52.537,28.04,4.45,80.82,17.74,12,-4.45,-5.29,-5.62,-3.24,-0.63,1.27,6.71,0.39,7.95,3.73,3.01,-3.78,Durian,Clay,0.727,0.292,23.01,9,0.345,3.327.834,28.034
10.376,106.47,5,2,3.64,38.201,35.898,6.4,20.198,41.601,37.603,27.91,4.331,79.722,18.06,12,-4.03,-4.781,-4.881,-4,0.35,2.608,7.899,-0.29,6.543,4.362,0.011,-3.831,Durian,Clay Loam,0.762,0.296,21.813,7,0.363,1.300.782,27.897
9.996,106.358,5,2.357,3.64,37.671,30.896,6.3,23.239,39.089,34.714,27.61,5.05,82.34,18.643,12,-4.58,-5.54,-5.71,-4.16,0.46,1.64,10.07,-0.1,7.61,4.57,0.32,-4.63,Durian,Clay Loam,0.653,0.285,24.72,7,0.408,1.517.579,27.595
9.979,106.191,5.029,2.971,3.64,36.176,27.8,6.2,23.985,39.839,33.799,27.61,5.05,82.34,18.749,12,-4.58,-5.54,-5.71,-4.16,0.46,1.64,10.07,-0.1,7.61,4.57,0.32,-4.63,Durian,Clay Loam,0.653,0.282,24.72,7,0.408,1.734.376,27.591
9.88,106.222,5.167,3.167,3.64,36.984,35.55,6.017,25.433,37.583,35.834,27.595,5.115,82.353,18.48,12,-4.597,-5.618,-5.802,-4.165,0.417,1.572,10.063,-0.117,7.907,4.653,0.335,-4.687,Durian,Clay Loam,0.651,0.282,24.986,7,0.403,2.131.115,27.574
10.647,104.909,5.181,21.099,3.64,26.591,28.29,5.827,43.895,29.514,38.593,27.845,4.623,79.432,18.24,12,-3.745,-4.998,-5.28,-3.591,-0.271,0.515,5.088,-0.16,10.588,4.695,0.912,-3.793,Durian,Loam,0.77,0.243,21.838,9,0.486,2.543.029,27.708
10.57,105.984,5.612,2.388,3.64,39.504,35.288,6.078,22.692,37.804,44.239,27.806,4.52,80.259,17.962,12,-4.024,-5.019,-5.168,-3.988,0.326,1.943,7.612,-0.363,7.612,4.85,0.206,-4.026,Durian,Clay Loam,0.738,0.3,22.588,7,0.338,1.998.868,27.79
8.984,104.871,5.598,1.598,3.64,38.78,53.478,5.379,31.339,29.821,49.554,28.04,4.45,80.82,17.931,12,-4.45,-5.29,-5.62,-3.24,-0.63,1.27,6.71,0.39,7.95,3.73,3.01,-3.78,Durian,Clay Loam,0.727,0.287,23.01,9,0.345,3.514.279,28.03
10.316,105.452,5,2.377,3.64,35.074,26.038,5.613,20.901,44.113,31.814,27.74,4.64,80.6,17.9,12,-4.02,-5.17,-5.35,-3.98,0.31,1.52,7.43,-0.41,8.29,5.16,0.33,-4.15,Durian,Clay Loam,0.722,0.286,23.08,9,0.36,3.006.974,27.725
10.024,105.797,5.51,6.49,3.64,38.863,25.608,5.845,26.923,34.214,33.914,27.755,4.954,81.639,18.326,12,-4.446,-5.513,-5.703,-3.858,0.31,1.099,8.684,0.193,8.177,5.395,0.335,-4.708,Durian,Clay Loam,0.684,0.276,24.228,7,0.359,2.504.005,27.713
9.667,105.997,5,2,3.64,38.896,37.994,5.906,27.487,33.617,38.098,27.825,5.125,82.322,18.289,12,-4.807,-5.773,-5.99,-3.597,0.075,0.92,9.39,0.66,8.129,5.203,0.783,-5,Durian,Clay Loam,0.661,0.28,25.167,7,0.373,2.371.759,27.812
9.612,105.396,5.896,1,3.64,38.235,33.854,5.7,25.59,36.175,42.854,27.58,5.68,82.83,17.03,12,-5.15,-6.22,-6.61,-3.85,-0.17,0.76,10.43,0.35,9.34,6.06,0.59,-5.48,Durian,Clay Loam,0.633,0.291,27.48,7,0.379,2.818.361,27.574
10.021,105.742,5.775,5,3.64,37.561,28.788,5.835,22.52,39.92,38.762,27.54,5.352,82.402,17.262,12,-4.657,-5.904,-6.136,-4.183,0.259,1.322,10.039,-0.177,8.989,4.957,0.39,-4.893,Durian,Clay Loam,0.648,0.292,25.95,7,0.387,2.525.685,27.508
9.836,105.887,5,2.297,3.64,39.816,33.881,5.889,24.667,35.517,42.446,27.594,5.392,82.509,17.547,12,-4.742,-5.968,-6.204,-4.053,0.233,1.061,10.018,0.103,8.995,5.239,0.389,-5.065,Durian,Clay Loam,0.646,0.293,26.032,7,0.385,2.408.615,27.579
9.702,105.082,5.053,1.053,3.64,38.779,37.168,5.305,24.158,37.063,48.137,27.97,4.72,81.28,17.084,12,-4.59,-5.52,-5.78,-3.25,-0.54,1.6,7.82,0.24,8.31,4.06,1.94,-4.24,Durian,Clay Loam,0.706,0.302,23.92,9,0.347,3.674.709,27.963
9.749,106.449,6,2,3.64,40.284,35.267,6.1,26.375,33.341,38.771,27.688,5.162,82.525,18.77,12,-4.731,-5.701,-5.885,-3.951,0.387,1.163,10.031,0.348,7.829,5.091,0.33,-4.951,Durian,Clay,0.649,0.284,25.219,7,0.398,1.951.173,27.675
10.507,105.838,5,2,3.64,38.979,30.78,5.879,20.839,40.182,41.319,27.986,4.094,78.855,17.996,12,-3.766,-4.548,-4.656,-3.796,0.234,2.217,6.57,-0.222,6.528,4.849,0.166,-3.622,Durian,Clay Loam,0.799,0.3,20.61,7,0.319,2.430.294,27.973
9.909,105.219,5.602,1.796,3.64,36.997,26.4,5.56,26.941,36.062,33.438,27.96,4.89,80.82,17.03,12,-4.26,-5.51,-5.79,-3.48,-0.34,0.99,7.3,-0.09,10.14,4.07,1.2,-4.25,Durian,Clay Loam,0.723,0.275,23.72,9,0.428,3.121.877,27.948
10.587,106.356,5,2,3.64,40.986,34.05,6.107,16.244,42.868,34.184,27.91,4.33,79.72,18.06,12,-4.03,-4.78,-4.88,-4,0.35,2.61,7.9,-0.29,6.54,4.36,0.01,-3.83,Durian,Clay,0.763,0.3,21.81,7,0.363,1.935.997,27.897
10.182,106.209,5.678,2.966,3.64,38.688,31.376,6.436,19.551,41.761,48.199,27.61,5.05,82.34,18.06,12,-4.58,-5.54,-5.71,-4.16,0.46,1.64,10.07,-0.1,7.61,4.57,0.32,-4.63,Durian,Clay Loam,0.653,0.313,24.72,7,0.408,1.222.735,27.591
10.27,105.536,5,2.364,3.64,34.573,26.191,5.745,21.127,44.327,30.01,27.66,4.931,81.262,17.9,12,-4.26,-5.475,-5.681,-4.056,0.27,1.415,8.375,-0.334,8.69,5.127,0.359,-4.448,Durian,Clay Loam,0.694,0.283,24.254,9,0.359,2.720.802,27.645
10.715,106.439,6,2.851,3.64,40.019,25.374,5.93,22.29,37.677,27.296,27.91,4.33,79.72,18.06,12,-4.03,-4.78,-4.88,-4,0.35,2.61,7.9,-0.29,6.54,4.36,0.01,-3.83,Durian,Clay,0.763,0.277,21.81,7,0.363,2.319.728,27.891
9.76,106.307,5.305,2,3.64,39.17,37.374,6.13,26.948,33.883,37.752,27.721,5.21,82.604,18.77,12,-4.796,-5.769,-5.96,-3.861,0.356,0.958,10.014,0.54,7.923,5.314,0.334,-5.089,Durian,Clay Loam,0.647,0.281,25.475,7,0.394,1.886.134,27.708
9.909,105.41,5,2,3.64,38.11,32.884,5.675,26.241,35.675,38.149,27.52,5.44,82.42,17.03,12,-4.68,-6.01,-6.26,-4.19,0.2,1.23,10.03,-0.2,9.39,5.07,0.41,-4.97,Durian,Clay Loam,0.646,0.283,26.31,7,0.381,2872.56,27.507
10.444,104.999,5.982,17.126,3.64,32.297,33.888,5.704,36.759,30.944,40.675,27.91,4.77,79.76,17.906,12,-3.85,-5.17,-5.46,-3.66,-0.22,0.5,5.61,-0.26,10.88,4.65,0.87,-3.94,Durian,Clay Loam,0.761,0.262,22.56,9,0.483,2.809.689,27.799
8.958,105.136,5,2,3.64,37.372,45.532,5.321,31.013,31.536,52.894,28.04,4.45,80.82,17.231,12,-4.45,-5.29,-5.62,-3.24,-0.63,1.27,6.71,0.39,7.95,3.73,3.01,-3.78,Durian,Clay Loam,0.727,0.293,23.01,9,0.345,3.640.022,28.027
10.261,105.061,5.825,2,3.64,37.695,33.71,5.517,24.69,37.615,37.192,27.91,4.77,79.76,17.9,12,-3.85,-5.17,-5.46,-3.66,-0.22,0.5,5.61,-0.26,10.88,4.65,0.87,-3.94,Durian,Clay Loam,0.761,0.285,22.56,9,0.483,3215.1,27.897
10.271,105.258,5.48,3.439,3.64,42.536,30.934,5.596,21.976,35.54,37.545,27.91,4.77,79.76,17.9,12,-3.85,-5.17,-5.46,-3.66,-0.22,0.5,5.61,-0.26,10.88,4.65,0.87,-3.94,Durian,Clay,0.761,0.292,22.56,9,0.483,3043.83,27.888
10.021,105.373,5.373,3.88,3.64,37.586,33.986,5.713,24.511,37.904,51.54,27.826,4.67,80.854,17.96,12,-4.233,-5.301,-5.511,-3.707,-0.007,1.55,7.576,-0.167,8.297,4.749,0.931,-4.184,Durian,Clay Loam,0.716,0.306,23.11,9,0.359,2.790.177,27.801
9.679,106.027,5,2.122,3.64,42.38,35.706,5.924,23.545,34.076,46.923,27.77,5.28,82.72,17.243,12,-4.89,-5.87,-6.07,-3.73,0.31,0.66,9.99,0.82,8.06,5.64,0.34,-5.29,Durian,Clay,0.644,0.302,25.85,7,0.387,2.332.736,27.756
8.647,104.936,6,0.529,3.64,37.695,56.834,5.426,34.832,27.473,56.532,28.14,3.97,81.31,17.806,12,-3.92,-4.92,-5.23,-3.15,-0.59,0.53,5.39,0.83,6.79,2.56,4.54,-2.86,Durian,Clay Loam,0.712,0.289,20.67,9,0.329,3.412.385,28.137
8.806,104.974,5.236,2,3.64,34.835,54.028,5.4,31.976,33.189,55.074,28.04,4.45,80.82,17.799,12,-4.45,-5.29,-5.62,-3.24,-0.63,1.27,6.71,0.39,7.95,3.73,3.01,-3.78,Durian,Clay Loam,0.727,0.294,23.01,9,0.345,3.468.752,28.027
9.884,106.181,6,2,3.64,35.929,38.643,6.014,22.44,41.594,39.277,27.577,5.195,82.37,18.124,12,-4.617,-5.715,-5.914,-4.171,0.363,1.488,10.055,-0.137,8.271,4.756,0.353,-4.756,Durian,Clay Loam,0.65,0.293,25.31,7,0.398,2.137.618,27.564
9.918,105.783,5.063,3,3.64,37.85,37.169,6.106,25.3,36.756,46.706,27.52,5.44,82.42,17.03,12,-4.68,-6.01,-6.26,-4.19,0.2,1.23,10.03,-0.2,9.39,5.07,0.41,-4.97,Durian,Clay Loam,0.646,0.297,26.31,7,0.381,1.938.165,27.5
10.472,105.154,5.801,39.048,3.64,33.473,32.749,5.76,33.422,33.106,40.005,27.876,4.744,79.927,17.9,12,-3.884,-5.17,-5.438,-3.724,-0.115,0.703,5.972,-0.29,10.366,4.751,0.763,-3.982,Durian,Clay Loam,0.753,0.269,22.603,9,0.46,2.688.283,27.622
9.712,105.949,5.767,4.3,3.64,34.427,36.79,5.9,27.833,37.717,50.88,27.726,5.373,82.746,18.364,12,-4.951,-5.952,-6.196,-3.758,0.198,0.683,10.093,0.71,8.359,5.738,0.398,-5.334,Durian,Clay Loam,0.642,0.297,26.191,7,0.386,2.384.767,27.698
9.963,106.096,5.266,2.734,3.64,34.167,33.02,6.273,24.246,41.66,39.427,27.61,5.05,82.34,18.581,12,-4.58,-5.54,-5.71,-4.16,0.46,1.64,10.07,-0.1,7.61,4.57,0.32,-4.63,Durian,Clay Loam,0.653,0.289,24.72,7,0.408,1.576.114,27.592
9.793,105.923,5.701,2,3.64,41.922,33.112,6.17,21.339,36.739,42.24,27.562,5.608,82.707,17.03,12,-5.009,-6.157,-6.505,-3.952,-0.059,0.901,10.31,0.185,9.355,5.764,0.536,-5.327,Durian,Clay,0.637,0.3,27.009,7,0.381,1.799.415,27.549
8.802,105.014,6,2,3.64,35.063,52.726,5.417,31.831,33.089,50.406,28.04,4.45,80.82,18.002,12,-4.45,-5.29,-5.62,-3.24,-0.63,1.27,6.71,0.39,7.95,3.73,3.01,-3.78,Durian,Clay Loam,0.727,0.287,23.01,9,0.345,3.431.897,28.027
10.554,105.494,5.362,197.227,3.64,36.024,32.702,5.855,27.486,36.526,44.413,27.802,4.687,80.296,18.023,12,-3.958,-5.17,-5.39,-3.864,0.118,1.15,6.77,-0.356,9.229,4.975,0.526,-4.074,Durian,Clay Loam,0.736,0.289,22.812,9,0.405,2.482.326,26.52
9.323,105.788,5.504,3,3.64,35.997,36.615,5.797,30.109,33.844,44.861,27.805,5.31,82.806,17.893,12,-5.051,-5.915,-6.256,-3.463,0.003,0.579,9.542,0.885,8.236,6.078,0.708,-5.371,Durian,Clay Loam,0.643,0.284,26.056,7,0.367,2.608.068,27.786
10.205,105.75,5.178,7,3.64,36.557,31.814,5.789,22.725,40.737,41.737,27.717,4.713,80.91,18.055,12,-4.12,-5.236,-5.414,-4.012,0.337,1.541,7.901,-0.355,8.169,5.055,0.328,-4.236,Durian,Clay Loam,0.71,0.296,23.373,9,0.35,2.625.412,27.672
10.483,106.395,5,4.058,3.64,40.755,29.151,6.2,21.77,37.475,28.567,27.91,4.33,79.72,18.06,12,-4.03,-4.78,-4.88,-4,0.35,2.61,7.9,-0.29,6.54,4.36,0.01,-3.83,Durian,Clay,0.763,0.28,21.81,7,0.363,1.734.376,27.884
8.669,105.067,5,3.973,3.64,36.818,42.113,5.599,33.499,29.683,42.965,28.139,3.974,81.306,17.981,12,-3.925,-4.923,-5.233,-3.151,-0.59,0.537,5.402,0.826,6.8,2.57,4.526,-2.868,Durian,Clay Loam,0.712,0.273,20.69,9,0.329,3.037.326,28.113
9.137,105.408,5.747,1.253,3.64,39.999,43.716,5.625,32.683,27.344,43.74,27.774,5.426,82.875,17.03,12,-5.195,-6.026,-6.483,-3.364,-0.267,0.566,9.436,0.798,8.645,6.396,0.949,-5.458,Durian,Clay Loam,0.639,0.276,26.793,7,0.352,2.980.959,27.766
10.475,105.286,5.74,3,3.64,35.984,27.534,5.87,23.132,40.884,34.51,27.797,4.705,80.657,17.674,12,-4.082,-5.258,-5.464,-3.85,0.141,1.382,7.396,-0.327,8.771,4.877,0.556,-4.176,Durian,Clay Loam,0.723,0.285,23.157,9,0.379,2.449.806,27.778
9.821,106.354,6,2.099,3.64,37.185,34.961,6.175,24.494,38.321,31.935,27.609,5.081,82.364,18.684,12,-4.608,-5.574,-5.755,-4.145,0.429,1.596,10.088,-0.078,7.696,4.644,0.333,-4.672,Durian,Clay Loam,0.652,0.278,24.832,7,0.407,1.788.575,27.595
9.098,105.437,6,2.203,3.64,40.351,35.032,5.6,31.711,27.938,43.001,27.787,5.409,82.878,17.03,12,-5.198,-6.013,-6.474,-3.332,-0.274,0.553,9.37,0.828,8.599,6.419,0.973,-5.456,Durian,Clay,0.639,0.277,26.747,7,0.35,3.035.158,27.773
9.912,105.215,5.566,1.869,3.64,37.052,26.4,5.557,26.926,36.022,33.478,27.96,4.89,80.82,17.03,12,-4.26,-5.51,-5.79,-3.48,-0.34,0.99,7.3,-0.09,10.14,4.07,1.2,-4.25,Durian,Clay Loam,0.723,0.275,23.72,9,0.428,3.128.381,27.948
9.141,104.992,5.02,3,3.64,38.949,45.604,5.698,32.498,28.455,48.365,28.037,4.457,80.798,18.057,12,-4.438,-5.288,-5.617,-3.249,-0.622,1.254,6.688,0.377,8.01,3.749,2.966,-3.783,Durian,Clay Loam,0.727,0.283,22.997,9,0.348,2.822.697,28.018
9.412,105.586,6,2,3.64,42.903,39.054,5.783,31.618,25.479,46.328,27.58,5.68,82.83,17.03,12,-5.15,-6.22,-6.61,-3.85,-0.17,0.76,10.43,0.35,9.34,6.06,0.59,-5.48,Durian,Clay,0.633,0.282,27.48,7,0.379,2.638.419,27.567
10.201,105.4,5.7,2.599,3.64,39.55,33.42,5.63,22.62,37.93,46.609,27.828,5.055,81.3,17.9,12,-4.386,-5.66,-5.931,-3.693,-0.178,1.062,8.118,-0.123,9.915,4.37,0.963,-4.466,Durian,Clay Loam,0.7,0.303,24.437,9,0.406,2.970.119,27.811
9.329,105.148,5.586,1,3.64,41.08,38.633,5.624,28.692,30.228,53.9,27.97,4.72,81.28,17.03,12,-4.59,-5.52,-5.78,-3.25,-0.54,1.6,7.82,0.24,8.31,4.06,1.94,-4.24,Durian,Clay,0.706,0.299,23.92,9,0.347,2.983.127,27.964
9.778,105.536,5.414,2,3.64,36.673,32.3,5.783,26.883,36.444,39.399,27.545,5.539,82.59,17.03,12,-4.874,-6.097,-6.405,-4.049,0.047,1.036,10.195,0.027,9.369,5.479,0.484,-5.181,Durian,Clay Loam,0.641,0.283,26.606,7,0.383,2.638.419,27.532
9.885,105.093,5.302,1,3.64,35.847,43.791,5.521,25.009,39.214,40.609,27.96,4.89,80.82,17.396,12,-4.26,-5.51,-5.79,-3.48,-0.34,0.99,7.3,-0.09,10.14,4.07,1.2,-4.25,Durian,Clay Loam,0.723,0.289,23.72,9,0.428,3.206.428,27.954
9.934,106.539,5.93,3.07,3.64,33.121,41.611,6.193,23.252,43.627,37.376,27.61,5.05,82.34,18.77,12,-4.58,-5.54,-5.71,-4.16,0.46,1.64,10.07,-0.1,7.61,4.57,0.32,-4.63,Durian,Clay Loam,0.653,0.289,24.72,7,0.408,1.749.552,27.59
9.603,105.682,5.217,1,3.64,37.161,33.813,5.857,25.678,37.083,43.391,27.58,5.68,82.83,17.03,12,-5.15,-6.22,-6.61,-3.85,-0.17,0.76,10.43,0.35,9.34,6.06,0.59,-5.48,Durian,Clay Loam,0.633,0.292,27.48,7,0.379,2477.99,27.574
9.828,105.815,5,3.168,3.64,37.245,32.378,6.1,27.782,34.973,46.945,27.525,5.418,82.416,17.03,12,-4.674,-5.984,-6.229,-4.188,0.215,1.253,10.032,-0.194,9.29,5.042,0.405,-4.951,Durian,Clay Loam,0.647,0.292,26.22,7,0.382,1.951.173,27.504
9.904,106.146,6,1.853,3.64,39.012,36.238,6.112,26.615,34.374,38.026,27.597,5.107,82.352,18.514,12,-4.595,-5.609,-5.791,-4.164,0.422,1.58,10.064,-0.115,7.872,4.644,0.333,-4.68,Durian,Clay Loam,0.652,0.282,24.954,7,0.404,1.925.157,27.585
10.065,105.038,5.774,3.226,3.64,36.545,40.977,5.623,32.919,30.536,47.512,27.939,4.698,79.999,17.92,12,-3.985,-5.197,-5.496,-3.565,-0.312,0.674,5.858,-0.113,10.219,4.443,1.353,-3.904,Durian,Clay Loam,0.753,0.281,22.572,9,0.453,2.985.295,27.918
10.117,105.182,5,1.623,3.64,38.871,30.036,5.562,23.845,37.246,37.764,27.96,4.89,80.82,17.9,12,-4.26,-5.51,-5.79,-3.48,-0.34,0.99,7.3,-0.09,10.14,4.07,1.2,-4.25,Durian,Clay Loam,0.723,0.288,23.72,9,0.428,3.117.541,27.949
10.366,106.54,5.538,2.538,3.64,38.9,34.931,6.4,20.092,41.008,36.47,27.829,4.19,80.323,18.06,12,-3.906,-4.64,-4.729,-4.022,0.296,3.105,7.669,0.108,6.298,3.58,-0.103,-3.685,Durian,Clay Loam,0.736,0.295,21.085,7,0.364,1.300.782,27.813
10.544,106.497,5.481,3.519,3.64,39.769,25.508,6.16,21.085,39.146,29.217,27.832,4.195,80.301,18.06,12,-3.911,-4.645,-4.735,-4.021,0.298,3.088,7.677,0.094,6.306,3.607,-0.099,-3.69,Durian,Clay Loam,0.737,0.282,21.101,7,0.364,1.821.095,27.809
10.121,106.275,5.435,3.565,3.64,38.392,32.67,6.3,21.499,40.109,35.787,27.61,5.05,82.34,18.06,12,-4.58,-5.54,-5.71,-4.16,0.46,1.64,10.07,-0.1,7.61,4.57,0.32,-4.63,Durian,Clay Loam,0.653,0.291,24.72,7,0.408,1.517.579,27.587
9.969,105.199,5.063,2,3.64,33.856,26.631,5.631,27.525,38.525,39.525,27.938,4.9,80.915,17.139,12,-4.28,-5.512,-5.785,-3.523,-0.29,1.031,7.474,-0.091,9.982,4.101,1.145,-4.274,Durian,Clay Loam,0.719,0.282,23.755,9,0.421,2.967.951,27.925
9.01,105.247,6,1.294,3.64,39.306,44.353,5.571,32.647,28.047,42.841,27.899,5.078,82.281,17.239,12,-4.987,-5.763,-6.199,-3.212,-0.397,0.726,8.397,0.785,8.275,5.693,1.64,-4.959,Durian,Clay Loam,0.666,0.275,25.517,7,0.329,3.098.029,27.891
9.734,105.241,5.631,1,3.64,38.595,39.282,5.648,26.331,35.074,63.708,27.82,5.181,81.561,17.68,12,-4.588,-5.772,-6.092,-3.616,-0.277,0.905,8.454,0.072,9.845,4.804,0.975,-4.704,Durian,Clay Loam,0.69,0.319,25.049,9,0.393,2.931.095,27.814
9.029,104.92,6,1.95,3.64,38.78,53.561,5.5,31.405,29.72,47.08,28.04,4.45,80.82,18.057,12,-4.45,-5.29,-5.62,-3.24,-0.63,1.27,6.71,0.39,7.95,3.73,3.01,-3.78,Durian,Clay Loam,0.727,0.284,23.01,9,0.345,3.251.955,28.027
10.703,105.841,5.904,2,3.64,40.327,34.81,5.929,19.4,40.283,38.196,27.74,4.64,80.6,17.9,12,-4.02,-5.17,-5.35,-3.98,0.31,1.52,7.43,-0.41,8.29,5.16,0.33,-4.15,Durian,Clay,0.722,0.299,23.08,9,0.36,2.321.896,27.727
10.624,105.428,6,3.091,3.64,37.728,26.308,5.536,21,41.364,40.663,27.773,4.558,80.325,17.9,12,-3.961,-5.082,-5.257,-3.936,0.287,1.53,7.172,-0.384,8.129,5.198,0.336,-4.074,Durian,Clay Loam,0.734,0.299,22.694,9,0.359,3.173.908,27.753
10.092,106.366,5.78,4.78,3.64,33.478,33.353,6.178,21.3,45.222,39.622,27.61,5.05,82.34,18.216,12,-4.58,-5.54,-5.71,-4.16,0.46,1.64,10.07,-0.1,7.61,4.57,0.32,-4.63,Durian,Clay Loam,0.653,0.296,24.72,7,0.408,1.782.071,27.579
9.924,105.796,5.007,2.986,3.64,37.903,44.576,5.996,25.707,36.39,65.172,27.523,5.436,82.409,17.037,12,-4.677,-6.006,-6.257,-4.185,0.196,1.228,10.011,-0.199,9.395,5.063,0.416,-4.965,Durian,Clay Loam,0.647,0.322,26.289,7,0.381,2.176.642,27.504
9.974,106.247,5.943,2.057,3.64,32.886,34.491,6.111,24.277,42.937,42.157,27.61,5.05,82.34,18.77,12,-4.58,-5.54,-5.71,-4.16,0.46,1.64,10.07,-0.1,7.61,4.57,0.32,-4.63,Durian,Clay Loam,0.653,0.293,24.72,7,0.408,1.927.325,27.597
10.136,105.006,5.775,3,3.64,37.063,42.059,5.623,32.423,30.492,47.083,27.939,4.698,79.999,17.936,12,-3.985,-5.197,-5.496,-3.565,-0.312,0.673,5.858,-0.114,10.22,4.443,1.352,-3.904,Durian,Clay Loam,0.753,0.281,22.573,9,0.453,2.985.295,27.92
9.124,105.426,5.131,3.263,3.64,34.361,38.737,5.466,31.08,34.473,48.781,27.831,5.332,82.868,17.259,12,-5.168,-5.948,-6.391,-3.27,-0.22,0.521,9.217,0.933,8.364,6.396,0.974,-5.429,Durian,Clay Loam,0.641,0.287,26.426,7,0.349,3.325.666,27.81
10.084,105.197,6,1.399,3.64,37.139,33.26,5.62,26.884,36.038,35.458,27.94,4.842,80.397,17.377,12,-4.096,-5.374,-5.658,-3.552,-0.292,0.795,6.626,-0.158,10.435,4.301,1.068,-4.126,Durian,Clay Loam,0.738,0.278,23.256,9,0.449,2.991.799,27.931
10.357,104.784,5.923,2,3.64,32.201,41.056,5.6,29.646,38.154,38.171,27.91,4.77,79.76,18.24,12,-3.85,-5.17,-5.46,-3.66,-0.22,0.5,5.61,-0.26,10.88,4.65,0.87,-3.94,Durian,Clay Loam,0.761,0.275,22.56,9,0.483,3.035.158,27.897
9.986,105.759,5.528,3.528,3.64,37.008,39.412,5.889,26.409,36.536,44.958,27.52,5.44,82.42,17.489,12,-4.68,-6.01,-6.26,-4.19,0.2,1.23,10.03,-0.2,9.39,5.07,0.41,-4.97,Durian,Clay Loam,0.646,0.292,26.31,7,0.381,2.408.615,27.497
9.639,105.708,5.013,1,3.64,39.089,36.07,5.895,25.713,35.197,67.909,27.585,5.669,82.803,17.044,12,-5.138,-6.21,-6.599,-3.845,-0.172,0.763,10.388,0.344,9.351,6.033,0.598,-5.464,Durian,Clay Loam,0.634,0.326,27.428,7,0.378,2.395.607,27.578
9.734,105.735,5.283,2,3.64,36.207,36.75,5.957,26.046,37.676,48.821,27.563,5.612,82.714,17.03,12,-5.017,-6.161,-6.511,-3.946,-0.065,0.893,10.317,0.194,9.354,5.78,0.539,-5.336,Durian,Clay Loam,0.637,0.298,27.036,7,0.381,2.261.193,27.55
10.441,106.421,5,2.955,3.64,40.229,36.142,6.2,16.152,43.624,39.96,27.902,4.344,79.759,18.053,12,-4.03,-4.797,-4.901,-3.999,0.348,2.561,7.879,-0.295,6.618,4.396,0.024,-3.844,Durian,Clay,0.761,0.309,21.866,7,0.361,1.734.376,27.883
9.402,105.519,5.036,2,3.64,39.744,41.233,5.7,34.555,25.798,47.765,27.58,5.68,82.83,17.03,12,-5.15,-6.22,-6.61,-3.85,-0.17,0.76,10.43,0.35,9.34,6.06,0.59,-5.48,Durian,Clay Loam,0.633,0.277,27.48,7,0.379,2.818.361,27.567
9.243,104.847,5.724,4.724,3.64,39.48,46.066,5.572,32.037,28.41,68.335,28.04,4.45,80.82,18.06,12,-4.45,-5.29,-5.62,-3.24,-0.63,1.27,6.71,0.39,7.95,3.73,3.01,-3.78,Durian,Clay Loam,0.727,0.312,23.01,9,0.345,3.095.861,28.009
10.462,106.512,6,2.724,3.64,32.496,34.987,6.055,24.693,42.811,34.633,27.719,4.34,81.253,18.06,12,-4.015,-4.801,-4.906,-4.073,0.308,3.009,8.187,0.298,6.509,3.368,-0.057,-3.855,Durian,Clay Loam,0.697,0.282,21.707,7,0.378,2.048.732,27.701
9.976,105.988,5.213,2.787,3.64,33.938,31.976,6.257,23.581,42.539,39.779,27.591,5.133,82.357,18.585,12,-4.601,-5.64,-5.827,-4.166,0.405,1.553,10.061,-0.121,7.989,4.676,0.339,-4.702,Durian,Clay Loam,0.651,0.291,25.057,7,0.402,1.610.802,27.573
10.351,104.779,5.975,2,3.64,32.133,40.816,5.6,29.682,38.185,37.921,27.91,4.77,79.76,18.24,12,-3.85,-5.17,-5.46,-3.66,-0.22,0.5,5.61,-0.26,10.88,4.65,0.87,-3.94,Durian,Clay Loam,0.761,0.275,22.56,9,0.483,3.035.158,27.897
9.994,106.273,5.371,5.515,3.64,39.866,32.22,6.063,23.062,37.072,63.181,27.599,5.284,82.522,17.678,12,-4.792,-5.792,-6.044,-4.045,0.226,1.313,10.204,0.067,8.252,5.123,0.42,-4.946,Durian,Clay Loam,0.645,0.325,25.619,7,0.399,2.031.388,27.563
9.797,106.287,5,2,3.64,36.757,32.815,6.2,26.743,36.5,47.358,27.61,5.05,82.34,18.77,12,-4.58,-5.54,-5.71,-4.16,0.46,1.64,10.07,-0.1,7.61,4.57,0.32,-4.63,Durian,Clay Loam,0.653,0.295,24.72,7,0.408,1.734.376,27.597
10.114,106.518,6,3.845,3.64,35.888,36.831,6.284,21.879,42.233,37.707,27.61,5.05,82.34,18.17,12,-4.58,-5.54,-5.71,-4.16,0.46,1.64,10.07,-0.1,7.61,4.57,0.32,-4.63,Durian,Clay Loam,0.653,0.292,24.72,7,0.408,1.552.267,27.585
10.358,106.306,5,2.732,3.64,37.112,34.774,6.2,24.234,38.68,43.227,27.91,4.33,79.72,18.06,12,-4.03,-4.78,-4.88,-4,0.35,2.61,7.9,-0.29,6.54,4.36,0.01,-3.83,Durian,Clay Loam,0.763,0.295,21.81,7,0.363,1.734.376,27.892
10.668,106.407,5.844,3.313,3.64,40.678,25.863,5.947,21.297,38.025,27.838,27.91,4.33,79.72,18.06,12,-4.03,-4.78,-4.88,-4,0.35,2.61,7.9,-0.29,6.54,4.36,0.01,-3.83,Durian,Clay,0.763,0.28,21.81,7,0.363,2.282.872,27.888
9.038,105.007,5.853,0.294,3.64,39.338,48.174,5.3,29.532,31.115,53.538,28.04,4.45,80.82,17.909,12,-4.45,-5.29,-5.62,-3.24,-0.63,1.27,6.71,0.39,7.95,3.73,3.01,-3.78,Durian,Clay Loam,0.727,0.297,23.01,9,0.345,3.685.549,28.038
9.137,105.401,5.953,2.953,3.64,39.06,38.909,5.305,31.795,29.144,33.819,27.84,5.34,82.89,17.03,12,-5.21,-5.96,-6.44,-3.2,-0.3,0.5,9.1,0.95,8.41,6.51,1.07,-5.45,Durian,Clay Loam,0.641,0.264,26.56,7,0.343,3.674.709,27.821
9.97,105.248,6,1,3.64,35.77,30.869,5.638,27.828,36.439,35.334,27.96,4.89,80.82,17.03,12,-4.26,-5.51,-5.79,-3.48,-0.34,0.99,7.3,-0.09,10.14,4.07,1.2,-4.25,Durian,Clay Loam,0.723,0.275,23.72,9,0.428,2.952.775,27.954
10.172,106.181,5.562,3.876,3.64,38.418,32.617,6.256,19.193,42.389,36.645,27.61,5.05,82.34,18.06,12,-4.58,-5.54,-5.71,-4.16,0.46,1.64,10.07,-0.1,7.61,4.57,0.32,-4.63,Durian,Clay Loam,0.653,0.297,24.72,7,0.408,1612.97,27.585
9.188,104.953,6,2.308,3.64,39.126,41.374,5.631,31.604,29.269,58.413,28.016,4.543,80.979,17.704,12,-4.498,-5.37,-5.675,-3.243,-0.599,1.384,7.094,0.338,8.075,3.844,2.64,-3.939,Durian,Clay Loam,0.72,0.299,23.324,9,0.345,2.967.951,28.001
9.301,105.083,5,1.685,3.64,41.881,33.097,5.432,29.115,29.004,47.205,28.018,4.535,80.965,17.355,12,-4.494,-5.362,-5.67,-3.243,-0.602,1.374,7.06,0.343,8.063,3.834,2.673,-3.925,Durian,Clay,0.72,0.289,23.296,9,0.345,3.399.377,28.007
10.364,105.671,5.228,2.456,3.64,37.905,27.577,5.746,18.605,43.567,35.416,27.74,4.64,80.6,17.9,12,-4.02,-5.17,-5.35,-3.98,0.31,1.52,7.43,-0.41,8.29,5.16,0.33,-4.15,Durian,Clay Loam,0.722,0.297,23.08,9,0.36,2.718.634,27.724
10.469,105.437,5.914,2,3.64,39.443,25.207,5.643,18.991,41.565,33.154,27.74,4.64,80.6,17.9,12,-4.02,-5.17,-5.35,-3.98,0.31,1.52,7.43,-0.41,8.29,5.16,0.33,-4.15,Durian,Clay Loam,0.722,0.293,23.08,9,0.36,2.941.935,27.727
9.929,105.228,6,1.237,3.64,35.579,29.855,5.647,27.576,36.869,36.523,27.96,4.89,80.82,17.03,12,-4.26,-5.51,-5.79,-3.48,-0.34,0.99,7.3,-0.09,10.14,4.07,1.2,-4.25,Durian,Clay Loam,0.723,0.278,23.72,9,0.428,2.933.263,27.952
10.427,104.733,6,2.535,3.64,31.779,40.887,5.546,29.138,39.083,37.345,27.939,4.639,79.642,18.24,12,-3.78,-5.052,-5.326,-3.588,-0.244,0.564,5.364,-0.249,10.599,4.479,0.988,-3.801,Durian,Clay Loam,0.767,0.275,22.04,9,0.482,3.152.228,27.923
10.037,105.848,5.452,2.548,3.64,33.532,31.164,6.21,23.222,43.255,39.755,27.569,5.226,82.376,18.377,12,-4.625,-5.752,-5.958,-4.174,0.343,1.455,10.052,-0.145,8.414,4.796,0.361,-4.784,Durian,Clay Loam,0.65,0.292,25.438,7,0.395,1.712.696,27.552
8.883,105.063,5.128,2,3.64,38.8,51.554,5.387,30.622,30.565,47.7,28.053,4.389,80.883,17.958,12,-4.382,-5.243,-5.57,-3.228,-0.625,1.175,6.541,0.446,7.802,3.58,3.206,-3.662,Durian,Clay Loam,0.725,0.286,22.71,9,0.343,3.496.936,28.04
9.825,105.823,5,3.354,3.64,37.294,32.353,6.1,27.652,35.053,46.994,27.531,5.394,82.411,17.03,12,-4.668,-5.955,-6.195,-4.186,0.231,1.278,10.035,-0.188,9.18,5.011,0.399,-4.93,Durian,Clay Loam,0.647,0.292,26.122,7,0.384,1.951.173,27.509
8.819,104.924,5.393,1.607,3.64,36.928,54.421,5.4,32.118,30.954,55.985,28.04,4.45,80.82,17.74,12,-4.45,-5.29,-5.62,-3.24,-0.63,1.27,6.71,0.39,7.95,3.73,3.01,-3.78,Durian,Clay Loam,0.727,0.295,23.01,9,0.345,3.468.752,28.03
10.617,105.689,5.172,2.172,3.64,39.539,27.176,5.997,19.244,41.234,37.52,27.74,4.64,80.6,17.9,12,-4.02,-5.17,-5.35,-3.98,0.31,1.52,7.43,-0.41,8.29,5.16,0.33,-4.15,Durian,Clay Loam,0.722,0.298,23.08,9,0.36,2.174.474,27.726
9.359,105.761,6,1.788,3.64,40.815,37.479,5.658,30.573,28.612,50.434,27.663,5.476,82.501,17.03,12,-5.031,-6.071,-6.434,-3.723,-0.249,0.938,9.876,0.327,9.121,5.635,0.877,-5.217,Durian,Clay,0.649,0.29,26.725,7,0.369,2.909.416,27.651
9.045,104.878,5,3,3.64,41.248,44.514,5.762,31.751,26.964,49.149,28.04,4.45,80.82,18.06,12,-4.45,-5.29,-5.62,-3.24,-0.63,1.27,6.71,0.39,7.95,3.73,3.01,-3.78,Durian,Clay,0.727,0.286,23.01,9,0.345,2.683.947,28.02
9.609,105.074,5.494,3.506,3.64,36.601,40.949,5.651,33.563,29.836,48.52,27.976,4.608,80.296,17.945,12,-4.153,-5.231,-5.541,-3.448,-0.427,0.889,6.166,0.069,9.399,4.185,1.952,-3.859,Durian,Clay Loam,0.744,0.281,22.659,9,0.415,2.924.592,27.953
9.141,105.354,6,1.98,3.64,38.337,44.304,5.404,32.882,28.88,42.204,27.84,5.34,82.89,17.03,12,-5.21,-5.96,-6.44,-3.2,-0.3,0.5,9.1,0.95,8.41,6.51,1.07,-5.45,Durian,Clay Loam,0.641,0.273,26.56,7,0.343,3460.08,27.827
9.968,106.445,5.145,4,3.64,33.835,37.525,6.129,21.343,44.822,39.425,27.61,5.05,82.34,18.667,12,-4.58,-5.54,-5.71,-4.16,0.46,1.64,10.07,-0.1,7.61,4.57,0.32,-4.63,Durian,Clay Loam,0.653,0.296,24.72,7,0.408,1.888.302,27.584
10.81,105.689,5,2,3.64,37.437,27.257,5.855,23.827,38.69,35.36,28.095,3.732,77.598,17.944,12,-3.422,-4.167,-4.268,-3.526,0.071,1.968,4.907,-0.079,6.271,5.324,0.194,-3.302,Durian,Clay Loam,0.851,0.285,18.764,9,0.335,2.482.326,28.082
10.312,105.181,5.191,2.382,3.64,37.587,33.143,5.843,23.847,38.504,42.916,27.92,4.793,79.963,17.965,12,-3.928,-5.235,-5.523,-3.626,-0.243,0.594,5.933,-0.227,10.739,4.539,0.933,-3.999,Durian,Clay Loam,0.754,0.295,22.781,9,0.472,2.508.341,27.905
10.254,105.556,5.662,2,3.64,34.018,28.697,5.668,23.388,42.628,30.401,27.594,5.169,81.804,17.9,12,-4.457,-5.726,-5.952,-4.119,0.237,1.328,9.151,-0.271,9.018,5.1,0.383,-4.693,Durian,Clay Loam,0.672,0.279,25.218,7,0.363,2.887.736,27.581
9.207,105.633,5.691,3,3.64,35.847,37.365,5.647,30.559,33.563,45.405,27.818,5.321,82.838,17.567,12,-5.111,-5.932,-6.326,-3.364,-0.112,0.549,9.375,0.91,8.302,6.241,0.845,-5.401,Durian,Clay Loam,0.642,0.283,26.246,7,0.358,2.933.263,27.798
10.406,106.582,5.947,2,3.64,39.589,29.242,6.3,18.463,41.948,35.011,27.768,4.084,80.781,18.06,12,-3.812,-4.534,-4.615,-4.038,0.255,3.481,7.493,0.411,6.114,2.987,-0.189,-3.574,Durian,Clay Loam,0.717,0.297,20.762,7,0.361,1.517.579,27.755
10.607,105.876,5,2,3.64,40.633,32.155,5.613,17.051,42.316,31.985,27.746,4.63,80.571,17.905,12,-4.02,-5.157,-5.335,-3.981,0.311,1.556,7.445,-0.406,8.233,5.134,0.32,-4.14,Durian,Clay,0.724,0.296,23.039,9,0.358,3.006.974,27.733
10.131,106.29,5.183,4.634,3.64,38.001,31.594,6.218,18.321,43.678,37.289,27.61,5.05,82.34,18.06,12,-4.58,-5.54,-5.71,-4.16,0.46,1.64,10.07,-0.1,7.61,4.57,0.32,-4.63,Durian,Clay Loam,0.653,0.3,24.72,7,0.408,1.695.353,27.58
9.562,105.187,5.022,1,3.64,36.724,40.413,5.702,28.81,34.466,40.009,27.97,4.724,81.27,17.057,12,-4.583,-5.52,-5.78,-3.255,-0.536,1.587,7.809,0.233,8.35,4.06,1.924,-4.24,Durian,Clay Loam,0.707,0.28,23.914,9,0.348,2.814.025,27.964
10.189,106.135,5.72,3.56,3.64,38.592,33.044,6.272,19.556,41.852,36.376,27.61,5.05,82.34,18.06,12,-4.58,-5.54,-5.71,-4.16,0.46,1.64,10.07,-0.1,7.61,4.57,0.32,-4.63,Durian,Clay Loam,0.653,0.296,24.72,7,0.408,1.578.282,27.587
10.803,105.965,5,2,3.64,36.233,28.806,5.284,20.851,42.916,32.272,27.938,4.099,78.912,17.993,12,-3.752,-4.536,-4.64,-3.77,0.188,2.3,6.464,-0.154,6.748,4.863,-0.066,-3.644,Durian,Clay Loam,0.794,0.287,20.562,9,0.328,3.720.237,27.925
9.459,105.16,5,2.444,3.64,41.936,25.838,5.462,30.669,27.395,34.749,27.952,4.77,81.408,17.185,12,-4.617,-5.551,-5.806,-3.293,-0.464,1.516,8.013,0.292,8.288,4.2,1.798,-4.333,Durian,Clay,0.701,0.268,24.064,9,0.344,3.334.338,27.936
9.849,105.109,6,1.316,3.64,34.083,38.512,5.463,27.717,38.2,35.885,27.951,4.736,80.799,17.413,12,-4.356,-5.409,-5.679,-3.38,-0.439,1.252,7.121,0.082,9.123,4.247,1.602,-4.145,Durian,Clay Loam,0.724,0.276,23.408,9,0.389,3332.17,27.942
9.95,105.041,6,1.455,3.64,33.681,38.956,5.491,28.119,38.2,36.274,27.943,4.743,80.589,17.58,12,-4.253,-5.361,-5.634,-3.437,-0.394,1.1,6.815,0.013,9.479,4.328,1.453,-4.104,Durian,Clay Loam,0.731,0.276,23.183,9,0.409,3.271.467,27.934
9.63,104.981,5.981,2.019,3.64,38.39,34.767,5.412,25.188,36.421,50.639,27.961,4.734,81.302,18.04,12,-4.592,-5.53,-5.789,-3.268,-0.526,1.593,7.863,0.231,8.331,4.08,1.91,-4.254,Durian,Clay Loam,0.705,0.303,23.959,9,0.347,3.442.736,27.948
9.102,105.498,6,2.773,3.64,36.237,38.714,5.445,31.255,32.486,45.527,27.781,5.417,82.876,17.03,12,-5.196,-6.019,-6.479,-3.348,-0.27,0.559,9.402,0.814,8.621,6.408,0.961,-5.457,Durian,Clay Loam,0.639,0.282,26.769,7,0.351,3.371.193,27.763
9.925,105.199,5.404,2.192,3.64,34.962,28.725,5.54,26.348,38.69,36.494,27.96,4.89,80.82,17.03,12,-4.26,-5.51,-5.79,-3.48,-0.34,0.99,7.3,-0.09,10.14,4.07,1.2,-4.25,Durian,Clay Loam,0.723,0.28,23.72,9,0.428,3.165.236,27.946
8.853,104.845,5.543,1,3.64,39.443,53.705,5.309,31.751,28.806,54.448,28.04,4.45,80.82,17.74,12,-4.45,-5.29,-5.62,-3.24,-0.63,1.27,6.71,0.39,7.95,3.73,3.01,-3.78,Durian,Clay Loam,0.727,0.293,23.01,9,0.345,3.666.037,28.034
9.882,105.768,5,3,3.64,36.817,33.225,6.021,25.308,37.896,53.412,27.52,5.44,82.42,17.03,12,-4.68,-6.01,-6.26,-4.19,0.2,1.23,10.03,-0.2,9.39,5.07,0.41,-4.97,Durian,Clay Loam,0.646,0.307,26.31,7,0.381,2.122.443,27.5
10.06,105.86,5.451,3,3.64,35.383,33.016,6.21,22.772,41.9,39.439,27.569,5.226,82.376,18.377,12,-4.625,-5.752,-5.958,-4.174,0.343,1.455,10.052,-0.145,8.413,4.796,0.361,-4.783,Durian,Clay Loam,0.65,0.293,25.437,7,0.395,1.712.696,27.55
10.495,106.159,6,2,3.64,39.945,29.835,6.284,18.423,41.594,39.384,27.844,4.45,80.061,17.998,12,-4.026,-4.931,-5.062,-3.992,0.335,2.188,7.718,-0.336,7.217,4.67,0.134,-3.954,Durian,Clay Loam,0.747,0.303,22.301,7,0.347,1.552.267,27.831
10.191,106.045,5,2,3.64,38.807,32.894,6.223,20.904,40.235,39.671,27.59,5.138,82.358,18.024,12,-4.603,-5.646,-5.834,-4.167,0.401,1.547,10.061,-0.123,8.013,4.683,0.34,-4.707,Durian,Clay Loam,0.651,0.297,25.08,7,0.402,1.684.513,27.577
10.267,104.974,5.847,3.694,3.64,39.137,33.405,5.677,22.603,38.345,45.268,27.952,4.872,80.658,18.188,12,-4.197,-5.458,-5.739,-3.508,-0.322,0.915,7.041,-0.116,10.253,4.159,1.149,-4.203,Durian,Clay Loam,0.729,0.301,23.543,9,0.436,2.868.224,27.928
9.863,105.959,5.571,2,3.64,40.414,33.743,6,24.714,34.971,36.286,27.571,5.217,82.374,18.024,12,-4.623,-5.741,-5.946,-4.173,0.349,1.464,10.053,-0.143,8.373,4.784,0.359,-4.776,Durian,Clay,0.65,0.284,25.402,7,0.396,2167.97,27.558
9.933,106.555,6,2.282,3.64,36.314,39.852,6.214,22.545,41.141,38.144,27.61,5.05,82.34,18.67,12,-4.58,-5.54,-5.71,-4.16,0.46,1.64,10.07,-0.1,7.61,4.57,0.32,-4.63,Durian,Clay Loam,0.653,0.292,24.72,7,0.408,1.704.024,27.595
9.902,105.773,5.336,1.664,3.64,39.568,30.699,6.033,23.272,37.16,42.196,27.52,5.44,82.42,17.03,12,-4.68,-6.01,-6.26,-4.19,0.2,1.23,10.03,-0.2,9.39,5.07,0.41,-4.97,Durian,Clay Loam,0.646,0.296,26.31,7,0.381,2.096.427,27.509
10.554,105.994,5.784,2,3.64,41.125,28.906,6.143,18.192,40.605,38.725,27.777,4.573,80.41,17.935,12,-4.022,-5.086,-5.248,-3.984,0.319,1.756,7.532,-0.384,7.912,4.987,0.261,-4.081,Durian,Clay,0.731,0.302,22.805,9,0.348,1857.95,27.764
9.991,105.286,6,1,3.64,37.507,36.383,5.6,27.963,34.439,39.315,27.917,4.944,80.976,17.03,12,-4.301,-5.559,-5.836,-3.549,-0.287,1.013,7.566,-0.101,10.067,4.168,1.123,-4.32,Durian,Clay Loam,0.716,0.281,23.953,9,0.421,3.035.158,27.911
10.69,106.526,5,2,3.64,40.304,29.576,6.159,25.062,34.634,25.828,27.91,4.33,79.72,18.06,12,-4.03,-4.78,-4.88,-4,0.35,2.61,7.9,-0.29,6.54,4.36,0.01,-3.83,Durian,Clay,0.763,0.269,21.81,7,0.363,1.823.263,27.897
9.85,105.049,5,2,3.64,36.084,44.14,5.338,25.862,38.054,47.361,27.96,4.89,80.82,17.586,12,-4.26,-5.51,-5.79,-3.48,-0.34,0.99,7.3,-0.09,10.14,4.07,1.2,-4.25,Durian,Clay Loam,0.723,0.297,23.72,9,0.428,3.603.166,27.947
9.426,105.06,6,2.248,3.64,41.401,37.301,5.45,27.925,30.674,40.328,27.97,4.72,81.28,17.288,12,-4.59,-5.52,-5.78,-3.25,-0.54,1.6,7.82,0.24,8.31,4.06,1.94,-4.24,Durian,Clay,0.706,0.282,23.92,9,0.347,3.360.353,27.955
9.706,106.106,5.291,2,3.64,36.848,30.385,6.042,26.574,36.578,41.668,27.601,5.233,82.482,18.264,12,-4.746,-5.738,-5.972,-4.07,0.277,1.384,10.175,0.031,8.113,5.003,0.398,-4.877,Durian,Clay Loam,0.647,0.287,25.403,7,0.401,2.076.915,27.588
9.671,105.145,5.787,1.787,3.64,39.213,39.76,5.3,25.157,35.651,40.203,27.97,4.72,81.28,17.03,12,-4.59,-5.52,-5.78,-3.25,-0.54,1.6,7.82,0.24,8.31,4.06,1.94,-4.24,Durian,Clay Loam,0.706,0.288,23.92,9,0.347,3.685.549,27.958
10.216,106.391,5,8.552,3.64,35.608,34.941,6.111,19.779,44.613,41.99,27.61,5.05,82.34,18.06,12,-4.58,-5.54,-5.71,-4.16,0.46,1.64,10.07,-0.1,7.61,4.57,0.32,-4.63,Durian,Clay Loam,0.653,0.303,24.72,7,0.408,1.927.325,27.554
9.798,105.893,5,4.932,3.64,37.715,32.142,6.1,26.548,35.737,47.415,27.578,5.189,82.368,17.03,12,-4.616,-5.707,-5.906,-4.171,0.367,1.494,10.056,-0.136,8.244,4.748,0.352,-4.751,Durian,Clay Loam,0.65,0.295,25.287,7,0.398,1.951.173,27.546
9.639,104.98,5.978,2.066,3.64,38.371,34.771,5.411,25.176,36.453,50.633,27.965,4.718,81.265,18.056,12,-4.577,-5.512,-5.771,-3.266,-0.521,1.598,7.811,0.226,8.31,4.084,1.905,-4.238,Durian,Clay Loam,0.707,0.303,23.885,9,0.347,3.444.904,27.952
10.847,105.321,5.794,3.206,3.64,32.958,29.694,5.756,24.782,42.259,29.561,28.144,3.861,77.041,17.9,12,-3.282,-4.215,-4.4,-3.422,-0.186,1.129,3.785,0.268,8.07,4.88,0.603,-3.224,Durian,Clay Loam,0.875,0.274,18.729,9,0.431,2.696.955,28.123
10.287,105.767,5,5.508,3.64,36.648,33.191,5.849,23.048,40.305,41.205,27.825,4.486,80.162,17.9,12,-4.025,-4.976,-5.116,-3.99,0.33,2.062,7.664,-0.35,7.42,4.762,0.171,-3.991,Durian,Clay Loam,0.742,0.295,22.448,7,0.342,2.495.333,27.789
10.213,105.898,5.34,3,3.64,36.202,27.63,6.132,23.422,40.376,33.666,27.654,4.911,81.749,18.474,12,-4.39,-5.414,-5.588,-4.099,0.409,1.599,9.173,-0.205,7.841,4.77,0.323,-4.467,Durian,Clay Loam,0.676,0.283,24.163,7,0.38,1.881.798,27.634
9.383,105.878,5.872,2,3.64,40.747,37.388,5.7,31.211,28.055,49.27,27.58,5.68,82.83,17.03,12,-5.15,-6.22,-6.61,-3.85,-0.17,0.76,10.43,0.35,9.34,6.06,0.59,-5.48,Durian,Clay,0.633,0.287,27.48,7,0.379,2.818.361,27.567
8.726,104.893,6,0.455,3.64,39.246,54.845,5.4,33.608,27.146,55.99,28.094,4.188,81.087,17.74,12,-4.161,-5.088,-5.408,-3.191,-0.608,0.867,5.991,0.63,7.318,3.093,3.844,-3.279,Durian,Clay Loam,0.719,0.291,21.735,9,0.337,3.468.752,28.091
9.977,105.305,6,2.208,3.64,37.149,26.303,5.6,26.738,36.113,33.387,27.907,4.83,80.767,17.24,12,-4.202,-5.428,-5.684,-3.601,-0.183,1.118,7.331,-0.167,9.693,4.333,0.99,-4.226,Durian,Clay Loam,0.723,0.275,23.491,9,0.413,3.035.158,27.893
9.215,105.225,5.754,1,3.64,39.815,39.27,5.425,30.554,29.707,49.698,28.023,4.516,80.933,17.03,12,-4.484,-5.347,-5.659,-3.242,-0.608,1.351,6.983,0.353,8.039,3.811,2.747,-3.893,Durian,Clay Loam,0.722,0.289,23.233,9,0.345,3.414.553,28.016
9.392,105.182,5,1,3.64,41.904,36.718,5.793,26.75,31.348,53.783,27.971,4.715,81.272,17.03,12,-4.587,-5.516,-5.777,-3.25,-0.542,1.594,7.8,0.243,8.304,4.054,1.959,-4.232,Durian,Clay,0.707,0.304,23.904,9,0.347,2616.74,27.964
10.172,105.658,5,4.253,3.64,40.272,32.874,5.751,22.655,37.161,48.399,27.531,5.391,82.41,17.79,12,-4.667,-5.951,-6.191,-4.186,0.233,1.282,10.035,-0.187,9.165,5.007,0.399,-4.927,Durian,Clay,0.647,0.306,26.109,7,0.384,2.707.795,27.503
9.752,105.096,5,1.66,3.64,37.296,43.783,5.234,25.66,37.079,43.987,27.963,4.832,80.977,17.709,12,-4.372,-5.513,-5.787,-3.402,-0.408,1.198,7.477,0.022,9.517,4.067,1.452,-4.247,Durian,Clay Loam,0.718,0.293,23.729,9,0.401,3.828.635,27.952
9.022,104.954,5.838,0.162,3.64,39.403,49.311,5.284,29.675,30.922,53.619,28.04,4.45,80.82,18.008,12,-4.45,-5.29,-5.62,-3.24,-0.63,1.27,6.71,0.39,7.95,3.73,3.01,-3.78,Durian,Clay Loam,0.727,0.297,23.01,9,0.345,3.720.237,28.039
10.014,105.533,5,2.255,3.64,33.079,34.551,5.728,25.963,40.958,36.323,27.52,5.44,82.42,17.252,12,-4.68,-6.01,-6.26,-4.19,0.2,1.23,10.03,-0.2,9.39,5.07,0.41,-4.97,Durian,Clay Loam,0.646,0.281,26.31,7,0.381,2.757.658,27.505
8.925,104.904,6,1,3.64,41.793,56.383,5.589,31.259,26.948,52.376,28.04,4.45,80.82,17.74,12,-4.45,-5.29,-5.62,-3.24,-0.63,1.27,6.71,0.39,7.95,3.73,3.01,-3.78,Durian,Clay,0.727,0.291,23.01,9,0.345,3.059.006,28.034
10.737,104.877,5.44,3.681,3.64,29.64,29.968,5.268,34.492,35.825,30.609,27.91,4.77,79.76,18.24,12,-3.85,-5.17,-5.46,-3.66,-0.22,0.5,5.61,-0.26,10.88,4.65,0.87,-3.94,Durian,Clay Loam,0.761,0.254,22.56,9,0.483,3.754.924,27.886
9.648,106.368,5,2,3.64,40.176,32.724,6.026,25.324,34.5,35.353,27.77,5.28,82.72,18.336,12,-4.89,-5.87,-6.07,-3.73,0.31,0.66,9.99,0.82,8.06,5.64,0.34,-5.29,Durian,Clay,0.644,0.281,25.85,7,0.387,2.111.603,27.757
10.074,106.054,5.442,1.442,3.64,37.459,31.593,6.277,21.109,41.433,46.028,27.61,5.05,82.34,18.456,12,-4.58,-5.54,-5.71,-4.16,0.46,1.64,10.07,-0.1,7.61,4.57,0.32,-4.63,Durian,Clay Loam,0.653,0.306,24.72,7,0.408,1.567.442,27.601
9.92,105.779,5,2,3.64,39.4,32.568,5.934,23.595,37.005,42.358,27.52,5.44,82.42,17.03,12,-4.68,-6.01,-6.26,-4.19,0.2,1.23,10.03,-0.2,9.39,5.07,0.41,-4.97,Durian,Clay Loam,0.646,0.295,26.31,7,0.381,2.311.056,27.507
10.358,105.051,6,1.906,3.64,36.404,34.869,5.509,32.539,31.139,39.681,27.915,4.781,79.86,17.818,12,-3.889,-5.202,-5.491,-3.643,-0.231,0.546,5.769,-0.244,10.81,4.595,0.901,-3.969,Durian,Clay Loam,0.758,0.271,22.669,9,0.478,3.232.443,27.903
8.75,104.907,6,0.344,3.64,39.8,55.712,5.469,33.497,26.703,54.957,28.106,4.135,81.142,17.74,12,-4.102,-5.047,-5.364,-3.181,-0.604,0.784,5.844,0.679,7.189,2.962,4.014,-3.176,Durian,Clay Loam,0.717,0.29,21.474,9,0.335,3.319.162,28.104
9.775,105.919,5,3,3.64,36.974,33.021,6.128,28.182,34.815,45.911,27.591,5.395,82.505,17.521,12,-4.739,-5.97,-6.206,-4.06,0.231,1.069,10.019,0.088,9.014,5.231,0.39,-5.06,Durian,Clay Loam,0.646,0.289,26.035,7,0.385,1890.47,27.572
10.37,106.314,6,2.609,3.64,43.256,31.416,6.339,17.47,39.274,33.166,27.851,4.228,80.158,18.06,12,-3.94,-4.678,-4.771,-4.016,0.311,2.969,7.732,-0.001,6.364,3.793,-0.072,-3.725,Durian,Clay,0.744,0.296,21.203,7,0.365,1.433.028,27.834
10.887,105.565,5,3.597,3.64,35.841,26.726,5.44,21.319,42.84,31.957,28.096,3.734,77.588,17.932,12,-3.408,-4.176,-4.282,-3.516,0.068,1.878,4.82,-0.09,6.335,5.392,0.249,-3.304,Durian,Clay Loam,0.852,0.286,18.776,9,0.338,3.382.033,28.073
9.923,105.721,5.372,3.372,3.64,37.131,37.226,6.1,24.928,37.879,45.696,27.52,5.44,82.42,17.03,12,-4.68,-6.01,-6.26,-4.19,0.2,1.23,10.03,-0.2,9.39,5.07,0.41,-4.97,Durian,Clay Loam,0.646,0.297,26.31,7,0.381,1.951.173,27.498
9.272,105.395,6,2.548,3.64,40.313,36.806,5.545,32.739,26.949,39.83,27.697,5.526,82.857,17.03,12,-5.177,-6.103,-6.533,-3.556,-0.229,0.643,9.829,0.621,8.92,6.263,0.807,-5.466,Durian,Clay,0.637,0.27,27.064,7,0.363,3.154.396,27.68
9.975,105.925,6,2.795,3.64,35.737,35.659,5.938,21.841,42.362,39.789,27.556,5.285,82.388,17.439,12,-4.64,-5.823,-6.041,-4.178,0.303,1.393,10.046,-0.16,8.683,4.871,0.374,-4.835,Durian,Clay Loam,0.649,0.295,25.677,7,0.391,2.302.384,27.538
8.875,105.056,5.907,1,3.64,40.384,49.065,5.509,29.656,29.951,46.579,28.033,4.475,80.863,17.997,12,-4.463,-5.311,-5.635,-3.241,-0.622,1.301,6.814,0.376,7.984,3.761,2.91,-3.823,Durian,Clay,0.725,0.287,23.095,9,0.345,3.232.443,28.027
9.919,105.786,5.559,3,3.64,38.247,36.126,6.156,25.3,36.409,46.756,27.52,5.44,82.42,17.03,12,-4.68,-6.01,-6.26,-4.19,0.2,1.23,10.03,-0.2,9.39,5.07,0.41,-4.97,Durian,Clay Loam,0.646,0.297,26.31,7,0.381,1.829.767,27.5
9.78,105.157,5,1.196,3.64,35.176,44.922,5.361,25.276,39.628,41.463,27.96,4.89,80.82,17.231,12,-4.26,-5.51,-5.79,-3.48,-0.34,0.99,7.3,-0.09,10.14,4.07,1.2,-4.25,Durian,Clay Loam,0.723,0.29,23.72,9,0.428,3.553.303,27.952
9.677,106.353,5.187,2,3.64,39.517,37.202,6.1,26.783,33.7,38.029,27.77,5.28,82.72,18.77,12,-4.89,-5.87,-6.07,-3.73,0.31,0.66,9.99,0.82,8.06,5.64,0.34,-5.29,Durian,Clay Loam,0.644,0.282,25.85,7,0.387,1.951.173,27.757
8.744,104.974,6,1.906,3.64,38.941,52.261,5.319,33.133,27.835,47.606,28.131,4.015,81.264,17.764,12,-3.97,-4.955,-5.267,-3.158,-0.594,0.6,5.514,0.789,6.899,2.67,4.396,-2.947,Durian,Clay Loam,0.714,0.28,20.891,9,0.331,3.644.358,28.119
8.833,104.907,6,0.643,3.64,40.759,56.072,5.529,32.448,26.793,53.698,28.076,4.279,80.995,17.74,12,-4.261,-5.158,-5.481,-3.208,-0.616,1.006,6.239,0.547,7.536,3.313,3.556,-3.452,Durian,Clay,0.722,0.291,22.176,9,0.34,3.189.084,28.072
10.444,105.731,5.757,2,3.64,35.297,26.712,6.003,19.121,45.582,31.49,27.74,4.64,80.6,17.9,12,-4.02,-5.17,-5.35,-3.98,0.31,1.52,7.43,-0.41,8.29,5.16,0.33,-4.15,Durian,Clay Loam,0.722,0.29,23.08,9,0.36,2.161.466,27.727
10.362,106.557,5.276,2,3.64,42.522,34.525,6.172,25.781,31.698,35.095,27.719,4.341,81.255,18.256,12,-4.016,-4.802,-4.907,-4.073,0.308,3.008,8.189,0.298,6.51,3.369,-0.056,-3.856,Durian,Clay,0.697,0.28,21.71,7,0.378,1.795.079,27.706
9.544,105.641,5,1.688,3.64,37.662,43.85,5.644,26.1,36.269,44.038,27.702,5.38,82.346,17.03,12,-4.975,-6.001,-6.351,-3.663,-0.286,1.022,9.615,0.316,9.018,5.435,1.012,-5.093,Durian,Clay Loam,0.656,0.292,26.369,7,0.364,2.939.767,27.691
10.126,105.658,5,4.285,3.64,37.386,33.357,5.936,24.279,38.335,52.279,27.661,4.926,81.25,17.589,12,-4.256,-5.47,-5.675,-4.055,0.271,1.416,8.359,-0.335,8.683,5.128,0.359,-4.443,Durian,Clay Loam,0.695,0.307,24.234,9,0.359,2306.72,27.633
9.78,105.157,5,1.196,3.64,35.176,44.922,5.361,25.276,39.628,41.464,27.96,4.89,80.82,17.232,12,-4.26,-5.51,-5.79,-3.48,-0.34,0.99,7.3,-0.09,10.14,4.07,1.2,-4.25,Durian,Clay Loam,0.723,0.29,23.72,9,0.428,3.553.303,27.952
9.915,105.419,5,2,3.64,39.653,34.363,5.61,24.827,35.61,38.021,27.52,5.44,82.42,17.03,12,-4.68,-6.01,-6.26,-4.19,0.2,1.23,10.03,-0.2,9.39,5.07,0.41,-4.97,Durian,Clay Loam,0.646,0.286,26.31,7,0.381,3.013.478,27.507
10.453,104.99,5.48,15.439,3.64,31.984,32.335,5.7,37.12,30.948,36.695,27.91,4.77,79.76,18.077,12,-3.85,-5.17,-5.46,-3.66,-0.22,0.5,5.61,-0.26,10.88,4.65,0.87,-3.94,Durian,Clay Loam,0.761,0.256,22.56,9,0.483,2.818.361,27.81
10.039,105.767,5.552,2,3.64,33.397,34.169,5.931,25.782,40.821,37.505,27.57,5.225,82.376,17.599,12,-4.625,-5.75,-5.956,-4.173,0.344,1.456,10.052,-0.145,8.407,4.794,0.36,-4.782,Durian,Clay Loam,0.65,0.283,25.431,7,0.396,2317.56,27.557
10.214,105.659,6,2.558,3.64,37.01,33.488,6.233,20.737,42.298,38.425,27.52,5.44,82.42,17.9,12,-4.68,-6.01,-6.26,-4.19,0.2,1.23,10.03,-0.2,9.39,5.07,0.41,-4.97,Durian,Clay Loam,0.646,0.296,26.31,7,0.381,1.662.833,27.503
10.193,106.035,5.166,2,3.64,38.234,32.766,6.233,20.567,41.132,39.118,27.595,5.115,82.353,18.033,12,-4.597,-5.618,-5.801,-4.165,0.417,1.572,10.063,-0.117,7.906,4.653,0.335,-4.686,Durian,Clay Loam,0.651,0.297,24.984,7,0.403,1.662.833,27.582
10.673,104.745,5.613,44.663,3.64,28.393,32.577,5.761,40.856,30.712,39.777,27.771,4.457,79.06,18.24,12,-3.626,-4.803,-5.077,-3.513,-0.328,0.531,4.497,-0.047,10.258,4.747,0.959,-3.627,Durian,Clay Loam,0.781,0.252,21.021,9,0.489,2.686.115,27.481
10.118,105.185,5,1.637,3.64,38.901,30.046,5.564,23.789,37.274,37.754,27.96,4.89,80.82,17.9,12,-4.26,-5.51,-5.79,-3.48,-0.34,0.99,7.3,-0.09,10.14,4.07,1.2,-4.25,Durian,Clay Loam,0.723,0.288,23.72,9,0.428,3.113.205,27.949
10.162,105.955,6,3.308,3.64,36.268,35.422,6.19,22.957,40.765,44.403,27.61,5.05,82.34,17.989,12,-4.58,-5.54,-5.71,-4.16,0.46,1.64,10.07,-0.1,7.61,4.57,0.32,-4.63,Durian,Clay Loam,0.653,0.299,24.72,7,0.408,1.756.056,27.588
9.635,105.784,5.169,2.338,3.64,36.549,44.043,5.783,26.735,36.716,44.397,27.57,5.639,82.761,17.177,12,-5.071,-6.185,-6.551,-3.907,-0.108,0.839,10.362,0.257,9.348,5.893,0.56,-5.394,Durian,Clay Loam,0.635,0.291,27.216,7,0.38,2.638.419,27.555
10.494,104.696,6,2.986,3.64,31.508,41.045,5.501,28.665,39.827,36.962,27.964,4.528,79.543,18.24,12,-3.722,-4.953,-5.214,-3.527,-0.264,0.618,5.156,-0.24,10.362,4.335,1.087,-3.684,Durian,Clay Loam,0.772,0.276,21.604,9,0.481,3.249.787,27.945
10.431,106.335,5.598,3.206,3.64,38.699,30.943,6.32,18.902,42.399,38.495,27.91,4.33,79.72,18.06,12,-4.03,-4.78,-4.88,-4,0.35,2.61,7.9,-0.29,6.54,4.36,0.01,-3.83,Durian,Clay Loam,0.763,0.3,21.81,7,0.363,1474.22,27.889
10.61,105.745,5,2,3.64,39.827,27.407,6.087,18.883,41.293,36.83,27.74,4.64,80.6,17.9,12,-4.02,-5.17,-5.35,-3.98,0.31,1.52,7.43,-0.41,8.29,5.16,0.33,-4.15,Durian,Clay Loam,0.722,0.298,23.08,9,0.36,1.979.357,27.727
9.957,106.204,5.636,2.364,3.64,33.346,33.909,6.173,24.155,42.6,41.391,27.61,5.05,82.34,18.77,12,-4.58,-5.54,-5.71,-4.16,0.46,1.64,10.07,-0.1,7.61,4.57,0.32,-4.63,Durian,Clay Loam,0.653,0.292,24.72,7,0.408,1.792.911,27.595
9.714,105.74,5,1.535,3.64,38.779,38.299,5.927,25.7,35.521,67.251,27.564,5.616,82.72,17.03,12,-5.024,-6.164,-6.516,-3.941,-0.071,0.886,10.323,0.203,9.353,5.795,0.542,-5.344,Durian,Clay Loam,0.637,0.325,27.06,7,0.381,2.326.232,27.554
9.98,105.806,5.82,3.641,3.64,36.341,37.872,6.136,23.366,40.293,44.269,27.588,5.284,82.488,17.215,12,-4.578,-5.856,-6.082,-4.138,0.24,1.278,9.741,-0.08,9.068,4.822,0.467,-4.859,Durian,Clay Loam,0.646,0.298,25.593,7,0.38,1.873.126,27.564
10.441,104.726,6,2.626,3.64,31.724,40.919,5.537,29.042,39.233,37.268,27.944,4.617,79.622,18.24,12,-3.769,-5.032,-5.303,-3.575,-0.248,0.575,5.322,-0.247,10.551,4.45,1.008,-3.777,Durian,Clay Loam,0.768,0.275,21.951,9,0.482,3171.74,27.927
9.467,104.822,6,6.424,3.64,36.708,43.973,5.72,33.246,30.046,61.888,27.941,4.351,80.242,18.096,12,-4.212,-5.074,-5.388,-3.248,-0.604,1.131,5.908,0.37,8.216,3.966,2.625,-3.649,Durian,Clay Loam,0.744,0.3,22.175,9,0.37,2.775.002,27.899
9.553,105.192,5.032,1.032,3.64,36.774,40.358,5.687,28.781,34.445,39.984,27.97,4.72,81.28,17.03,12,-4.59,-5.52,-5.78,-3.25,-0.54,1.6,7.82,0.24,8.31,4.06,1.94,-4.24,Durian,Clay Loam,0.706,0.28,23.92,9,0.347,2.846.545,27.963
8.814,105.062,6,1.143,3.64,40.085,49.515,5.471,30.158,29.742,46.843,28.054,4.381,80.89,17.954,12,-4.374,-5.237,-5.564,-3.227,-0.624,1.164,6.521,0.453,7.784,3.563,3.229,-3.648,Durian,Clay,0.725,0.286,22.674,9,0.343,3.314.826,28.047
9.915,105.418,5,2,3.64,39.618,34.329,5.612,24.859,35.612,38.024,27.52,5.44,82.42,17.03,12,-4.68,-6.01,-6.26,-4.19,0.2,1.23,10.03,-0.2,9.39,5.07,0.41,-4.97,Durian,Clay Loam,0.646,0.286,26.31,7,0.381,3.009.142,27.507
10.163,105.947,5,4.219,3.64,38.67,26.104,6.222,21.978,39.352,36.845,27.587,5.152,82.361,18.018,12,-4.606,-5.662,-5.853,-4.168,0.392,1.533,10.06,-0.126,8.073,4.7,0.343,-4.718,Durian,Clay Loam,0.651,0.291,25.133,7,0.401,1.686.681,27.56
10.396,106.346,5.32,4.361,3.64,37.952,32.284,6.2,19.66,42.388,36.489,27.91,4.33,79.72,18.06,12,-4.03,-4.78,-4.88,-4,0.35,2.61,7.9,-0.29,6.54,4.36,0.01,-3.83,Durian,Clay Loam,0.763,0.296,21.81,7,0.363,1.734.376,27.882
10.454,105.421,5.988,2.023,3.64,39.395,25.008,5.609,19.02,41.585,32.778,27.74,4.633,80.603,17.902,12,-4.017,-5.162,-5.341,-3.981,0.309,1.543,7.43,-0.4,8.265,5.134,0.324,-4.143,Durian,Clay Loam,0.722,0.292,23.044,9,0.359,3.015.646,27.727
9.057,104.898,5,3,3.64,40.853,44.722,5.751,31.882,27.216,49.018,28.04,4.45,80.82,18.06,12,-4.45,-5.29,-5.62,-3.24,-0.63,1.27,6.71,0.39,7.95,3.73,3.01,-3.78,Durian,Clay,0.727,0.285,23.01,9,0.345,2.707.795,28.02
10.575,106.358,6,2,3.64,46.659,32.561,5.961,13.816,39.612,27.447,27.892,4.298,79.857,18.06,12,-4.002,-4.748,-4.846,-4.005,0.338,2.723,7.847,-0.199,6.485,4.182,-0.016,-3.797,Durian,Clay,0.757,0.297,21.613,7,0.364,2.252.521,27.879
9.034,104.859,5,3,3.64,41.611,44.322,5.773,31.63,26.732,49.27,28.04,4.45,80.82,18.06,12,-4.45,-5.29,-5.62,-3.24,-0.63,1.27,6.71,0.39,7.95,3.73,3.01,-3.78,Durian,Clay,0.727,0.286,23.01,9,0.345,2.660.099,28.02
9.976,105.158,5.323,1.677,3.64,34.252,27.604,5.6,27.532,38.148,38.173,27.96,4.89,80.82,17.03,12,-4.26,-5.51,-5.79,-3.48,-0.34,0.99,7.3,-0.09,10.14,4.07,1.2,-4.25,Durian,Clay Loam,0.723,0.28,23.72,9,0.428,3.035.158,27.949
9.916,105.42,5.003,2.006,3.64,39.894,34.601,5.6,24.601,35.604,38.003,27.52,5.44,82.42,17.03,12,-4.68,-6.01,-6.26,-4.19,0.2,1.23,10.03,-0.2,9.39,5.07,0.41,-4.97,Durian,Clay Loam,0.646,0.287,26.31,7,0.381,3.035.158,27.507
9.429,105.482,5.02,1.02,3.64,42.023,44.496,5.302,29.275,28.704,39.947,27.585,5.673,82.831,17.03,12,-5.151,-6.215,-6.607,-3.837,-0.173,0.755,10.403,0.362,9.321,6.069,0.6,-5.479,Durian,Clay,0.633,0.279,27.462,7,0.378,3.681.213,27.578
10.04,105.067,5,1.344,3.64,38.181,37.197,5.506,24.031,37.822,49.582,27.949,4.737,80.757,17.329,12,-4.336,-5.4,-5.67,-3.391,-0.43,1.222,7.06,0.068,9.194,4.263,1.572,-4.137,Durian,Clay Loam,0.725,0.304,23.364,9,0.393,3.238.947,27.94
10.353,105.65,5,2,3.64,37.736,25.552,5.687,17.493,44.783,27.932,27.74,4.64,80.6,17.9,12,-4.02,-5.17,-5.35,-3.98,0.31,1.52,7.43,-0.41,8.29,5.16,0.33,-4.15,Durian,Clay Loam,0.722,0.289,23.08,9,0.36,2.846.545,27.727
9.002,104.841,6,5.505,3.64,38.243,42.883,5.669,31.962,29.795,66.217,28.071,4.3,80.973,17.96,12,-4.284,-5.174,-5.498,-3.212,-0.617,1.038,6.297,0.528,7.587,3.364,3.489,-3.492,Durian,Clay Loam,0.722,0.309,22.277,9,0.34,2.885.568,28.035
10.709,104.851,5.907,4.721,3.64,30.316,43.486,5.237,29.998,39.686,35.888,27.91,4.77,79.76,18.24,12,-3.85,-5.17,-5.46,-3.66,-0.22,0.5,5.61,-0.26,10.88,4.65,0.87,-3.94,Durian,Clay Loam,0.761,0.271,22.56,9,0.483,3.822.131,27.879
10.562,106.53,5,2,3.64,36.635,31.682,6.194,24.579,38.885,40.206,27.915,4.312,79.661,18.06,12,-4.016,-4.759,-4.858,-3.989,0.343,2.617,7.837,-0.281,6.514,4.369,-0.001,-3.814,Durian,Clay Loam,0.765,0.29,21.718,7,0.361,1.747.384,27.902
8.841,105.079,5.823,1.177,3.64,40.034,49.425,5.482,29.706,30.259,46.877,28.04,4.45,80.82,17.99,12,-4.45,-5.29,-5.62,-3.24,-0.63,1.27,6.71,0.39,7.95,3.73,3.01,-3.78,Durian,Clay,0.727,0.287,23.01,9,0.345,3.290.978,28.032
9.399,104.899,6,0.629,3.64,42.048,37.948,5.342,28.195,29.757,42.54,27.97,4.72,81.28,17.844,12,-4.59,-5.52,-5.78,-3.25,-0.54,1.6,7.82,0.24,8.31,4.06,1.94,-4.24,Durian,Clay,0.706,0.285,23.92,9,0.347,3.594.494,27.966
8.903,104.928,6,1.137,3.64,40.258,49.585,5.376,29.741,30.039,54.837,28.078,4.268,81.006,17.939,12,-4.249,-5.15,-5.472,-3.206,-0.615,0.99,6.21,0.557,7.51,3.287,3.59,-3.431,Durian,Clay,0.721,0.298,22.123,9,0.339,3.520.783,28.071
10.196,105.107,5.973,1.027,3.64,40.802,35.284,5.795,22.532,36.666,43.444,27.959,4.887,80.792,17.9,12,-4.249,-5.501,-5.781,-3.485,-0.337,0.977,7.255,-0.095,10.16,4.085,1.191,-4.242,Durian,Clay,0.724,0.299,23.69,9,0.429,2.612.404,27.952
9.079,105.369,6,1.337,3.64,39.494,44.433,5.533,32.303,28.237,42.333,27.84,5.34,82.89,17.03,12,-5.21,-5.96,-6.44,-3.2,-0.3,0.5,9.1,0.95,8.41,6.51,1.07,-5.45,Durian,Clay Loam,0.641,0.275,26.56,7,0.343,3.180.412,27.831
9.34,105.691,5.704,1.704,3.64,41.256,37.067,5.611,30.344,28.43,48.877,27.716,5.315,82.234,17.03,12,-4.942,-5.944,-6.316,-3.669,-0.306,0.911,9.327,0.362,8.928,5.369,1.308,-4.976,Durian,Clay,0.661,0.289,26.153,7,0.356,3011.31,27.705
9.135,105.356,6,1.918,3.64,38.447,44.316,5.416,32.826,28.818,42.216,27.84,5.34,82.89,17.03,12,-5.21,-5.96,-6.44,-3.2,-0.3,0.5,9.1,0.95,8.41,6.51,1.07,-5.45,Durian,Clay Loam,0.641,0.274,26.56,7,0.343,3.434.064,27.828
10.623,106.518,5,2.111,3.64,43.913,34.535,6.067,23.888,32.199,31.134,27.91,4.33,79.72,18.06,12,-4.03,-4.78,-4.88,-4,0.35,2.61,7.9,-0.29,6.54,4.36,0.01,-3.83,Durian,Clay,0.763,0.279,21.81,7,0.363,2.022.716,27.896
8.971,104.942,6,2,3.64,37.642,53.487,5.476,31.596,30.686,48.062,28.04,4.45,80.82,18.043,12,-4.45,-5.29,-5.62,-3.24,-0.63,1.27,6.71,0.39,7.95,3.73,3.01,-3.78,Durian,Clay Loam,0.727,0.285,23.01,9,0.345,3.303.986,28.027
9.824,106.299,5,2.012,3.64,37.101,34.673,6.199,27.208,35.69,48.876,27.609,5.055,82.341,18.749,12,-4.581,-5.546,-5.717,-4.16,0.457,1.635,10.07,-0.101,7.631,4.576,0.321,-4.634,Durian,Clay Loam,0.652,0.296,24.739,7,0.408,1.736.544,27.596
10.464,104.866,5,2.197,3.64,33.361,45.645,5.58,28.822,37.817,41.998,27.91,4.77,79.76,18.24,12,-3.85,-5.17,-5.46,-3.66,-0.22,0.5,5.61,-0.26,10.88,4.65,0.87,-3.94,Durian,Clay Loam,0.761,0.283,22.56,9,0.483,3.078.517,27.896
9.961,106.176,6,3.393,3.64,32.696,36.167,6.1,24.613,42.721,43.345,27.61,5.05,82.34,18.77,12,-4.58,-5.54,-5.71,-4.16,0.46,1.64,10.07,-0.1,7.61,4.57,0.32,-4.63,Durian,Clay Loam,0.653,0.294,24.72,7,0.408,1.951.173,27.588
9.925,105.503,5.314,3.372,3.64,36.985,29.723,5.737,27.038,35.977,36.502,27.52,5.44,82.42,17.303,12,-4.68,-6.01,-6.26,-4.19,0.2,1.23,10.03,-0.2,9.39,5.07,0.41,-4.97,Durian,Clay Loam,0.646,0.279,26.31,7,0.381,2.738.146,27.498
10.724,105.159,5.746,2.254,3.64,33.756,32.032,5.351,25.866,40.378,30.568,27.867,4.737,79.974,17.9,12,-3.893,-5.17,-5.432,-3.741,-0.085,0.759,6.073,-0.298,10.221,4.78,0.733,-3.993,Durian,Clay Loam,0.751,0.273,22.612,9,0.453,3.574.983,27.852
9.313,105.032,5.819,4.458,3.64,40.5,45.905,5.672,30.07,29.348,68.048,27.991,4.6,81.163,17.874,12,-4.53,-5.395,-5.701,-3.329,-0.46,1.16,7.303,0.468,7.97,4.075,2.527,-4.053,Durian,Clay,0.712,0.316,23.468,9,0.339,2.879.064,27.962
9.967,106.343,5.12,2,3.64,37.552,31.229,6.288,23.52,38.928,34.2,27.61,5.05,82.34,18.77,12,-4.58,-5.54,-5.71,-4.16,0.46,1.64,10.07,-0.1,7.61,4.57,0.32,-4.63,Durian,Clay Loam,0.653,0.284,24.72,7,0.408,1.543.595,27.597
10.735,106.224,5.525,2,3.64,43.649,32.697,6,15.6,40.751,25.337,27.999,4.004,78.659,18.06,12,-3.783,-4.412,-4.486,-3.8,0.219,2.741,6.781,-0.122,6.067,4.512,-0.179,-3.541,Durian,Clay,0.807,0.29,20.323,7,0.334,2167.97,27.986
10,105.928,6,7.511,3.64,38.593,27.133,6.053,24.995,36.487,31.2,27.642,4.95,81.915,18.557,12,-4.443,-5.45,-5.622,-4.116,0.423,1.611,9.425,-0.176,7.776,4.714,0.322,-4.513,Durian,Clay Loam,0.669,0.276,24.32,7,0.388,2.053.068,27.593
10.441,106.403,5.113,2.887,3.64,42.452,35.066,6.255,17.981,39.568,37.745,27.891,4.365,79.819,18.042,12,-4.029,-4.824,-4.933,-3.998,0.345,2.487,7.847,-0.304,6.738,4.45,0.046,-3.866,Durian,Clay,0.758,0.301,21.954,7,0.358,1.615.138,27.872
10.397,104.757,5.913,2,3.64,32.01,51.998,5.409,28.438,39.552,52.061,27.914,4.78,79.852,18.135,12,-3.886,-5.2,-5.489,-3.644,-0.23,0.543,5.757,-0.245,10.815,4.599,0.899,-3.967,Durian,Clay Loam,0.758,0.297,22.661,9,0.478,3449.24,27.901
10.612,105.215,5,76.946,3.64,29.89,27.412,5.856,38.289,31.821,37.847,27.862,4.733,79.996,18.144,12,-3.898,-5.17,-5.429,-3.75,-0.071,0.787,6.121,-0.302,10.152,4.793,0.718,-3.999,Durian,Clay Loam,0.75,0.255,22.619,9,0.45,2.480.158,27.362
9.572,105.156,6,2,3.64,37.26,38.81,5.3,26.128,36.612,41.878,27.97,4.72,81.28,17.03,12,-4.59,-5.52,-5.78,-3.25,-0.54,1.6,7.82,0.24,8.31,4.06,1.94,-4.24,Durian,Clay Loam,0.706,0.289,23.92,9,0.347,3.685.549,27.957
9.534,105.433,5,1.095,3.64,35.463,42.974,5.628,26.42,38.116,48.787,27.574,5.657,82.791,17.112,12,-5.106,-6.2,-6.577,-3.882,-0.135,0.804,10.392,0.298,9.345,5.966,0.573,-5.432,Durian,Clay Loam,0.635,0.298,27.332,7,0.38,2.974.455,27.567
9.567,105.51,5,2.521,3.64,36.07,35.234,5.452,31.83,32.1,33.601,27.858,5.192,82.075,17.345,12,-4.856,-5.754,-6.185,-3.32,-0.279,0.5,8.191,0.635,9.053,6.026,1.018,-5.057,Durian,Clay Loam,0.672,0.264,25.451,9,0.356,3.356.018,27.842
10.413,106.501,5.191,2,3.64,40.247,31.403,6.381,18.177,41.577,33.768,27.881,4.28,79.934,18.06,12,-3.986,-4.73,-4.826,-4.008,0.331,2.786,7.818,-0.148,6.454,4.083,-0.03,-3.778,Durian,Clay,0.753,0.295,21.506,7,0.364,1.341.973,27.868
10.484,106.43,5,2,3.64,40.632,32.75,6.284,17.366,42.041,33.77,27.91,4.33,79.72,18.06,12,-4.03,-4.78,-4.88,-4,0.35,2.61,7.9,-0.29,6.54,4.36,0.01,-3.83,Durian,Clay,0.763,0.297,21.81,7,0.363,1.552.267,27.897
9.999,105.599,5.436,3.693,3.64,38.418,28.336,5.713,25.064,36.461,39.576,27.52,5.44,82.42,17.409,12,-4.68,-6.01,-6.26,-4.19,0.2,1.23,10.03,-0.2,9.39,5.07,0.41,-4.97,Durian,Clay Loam,0.646,0.288,26.31,7,0.381,2.790.177,27.496
9.565,105.496,5.577,5.114,3.64,38.328,30.054,5.831,27.314,34.359,67.428,27.745,5.274,82.175,17.03,12,-4.913,-5.924,-6.259,-3.596,-0.326,1.115,9.327,0.303,8.905,5.214,1.161,-4.956,Durian,Clay Loam,0.664,0.322,25.974,7,0.358,2.534.357,27.712
10.774,104.762,5,5.262,3.64,28.938,30.807,5.4,35.114,35.948,32.395,27.816,4.558,79.286,18.24,12,-3.698,-4.921,-5.201,-3.56,-0.293,0.521,4.856,-0.116,10.458,4.715,0.93,-3.728,Durian,Clay Loam,0.775,0.255,21.517,9,0.487,3.468.752,27.782
10.69,105.415,5.806,2.806,3.64,36.322,27.378,5.884,22.087,41.591,33.794,27.74,4.64,80.6,17.9,12,-4.02,-5.17,-5.35,-3.98,0.31,1.52,7.43,-0.41,8.29,5.16,0.33,-4.15,Durian,Clay Loam,0.722,0.287,23.08,9,0.36,2.419.455,27.722
10.333,105.696,5,2,3.64,38.128,26.219,6.1,19.912,41.959,37.912,27.74,4.64,80.6,17.9,12,-4.02,-5.17,-5.35,-3.98,0.31,1.52,7.43,-0.41,8.29,5.16,0.33,-4.15,Durian,Clay Loam,0.722,0.297,23.08,9,0.36,1.951.173,27.727
9.818,105.841,5,3.762,3.64,37.403,32.298,6.1,27.367,35.23,47.103,27.543,5.341,82.4,17.03,12,-4.655,-5.891,-6.12,-4.182,0.266,1.334,10.04,-0.175,8.938,4.943,0.387,-4.884,Durian,Clay Loam,0.648,0.293,25.907,7,0.388,1.951.173,27.519
9.737,106.407,5.031,2.969,3.64,40.803,33.631,6.1,25.303,33.894,43.388,27.77,5.28,82.72,18.77,12,-4.89,-5.87,-6.07,-3.73,0.31,0.66,9.99,0.82,8.06,5.64,0.34,-5.29,Durian,Clay,0.644,0.293,25.85,7,0.387,1.951.173,27.751
10.58,104.995,5.261,125.305,3.64,28.39,31.002,5.748,43.74,27.896,43.053,27.91,4.77,79.76,18.24,12,-3.85,-5.17,-5.46,-3.66,-0.22,0.5,5.61,-0.26,10.88,4.65,0.87,-3.94,Durian,Clay Loam,0.761,0.25,22.56,9,0.483,2.714.298,27.096
9.992,105.507,5,2.213,3.64,35.47,33.504,5.732,26.257,38.272,36.119,27.52,5.44,82.42,17.807,12,-4.68,-6.01,-6.26,-4.19,0.2,1.23,10.03,-0.2,9.39,5.07,0.41,-4.97,Durian,Clay Loam,0.646,0.28,26.31,7,0.381,2.748.986,27.506
10.549,105.532,5.315,93.044,3.64,36.099,29.684,5.906,25.639,38.262,38.302,27.794,4.681,80.335,17.9,12,-3.966,-5.17,-5.385,-3.879,0.143,1.199,6.857,-0.363,9.106,4.999,0.5,-4.084,Durian,Clay Loam,0.734,0.285,22.847,9,0.399,2.371.759,27.189
9.53,105.305,5,1.004,3.64,39.984,42.209,5.3,25.004,35.111,42.807,27.97,4.721,81.278,17.034,12,-4.589,-5.52,-5.78,-3.251,-0.539,1.598,7.818,0.239,8.317,4.06,1.937,-4.24,Durian,Clay Loam,0.706,0.292,23.919,9,0.347,3.685.549,27.963
10.37,105.336,6,1.318,3.64,40.9,35.173,5.864,22.277,36.823,43.723,27.89,4.81,80.75,17.9,12,-4.184,-5.402,-5.65,-3.639,-0.133,1.159,7.341,-0.192,9.551,4.417,0.923,-4.218,Durian,Clay,0.723,0.3,23.418,9,0.408,2.462.814,27.881
10.74,106.316,5,2.334,3.64,37.683,31.718,6,23.833,38.567,37.618,28.052,3.814,78.038,18.033,12,-3.639,-4.197,-4.255,-3.684,0.142,2.818,6.126,-0.023,5.79,4.602,-0.29,-3.372,Durian,Clay Loam,0.833,0.288,19.46,7,0.315,2167.97,28.037
10.087,105.964,5.345,5,3.64,38.248,27.241,6.093,22.176,39.576,38.117,27.579,5.184,82.368,17.705,12,-4.614,-5.702,-5.9,-4.17,0.37,1.499,10.056,-0.134,8.224,4.742,0.351,-4.747,Durian,Clay Loam,0.65,0.292,25.267,7,0.398,1.966.349,27.546
10.347,104.859,6,2,3.64,32.096,34.489,5.599,25.987,41.917,37.133,27.91,4.77,79.76,18.24,12,-3.85,-5.17,-5.46,-3.66,-0.22,0.5,5.61,-0.26,10.88,4.65,0.87,-3.94,Durian,Clay Loam,0.761,0.282,22.56,9,0.483,3.037.326,27.897
9.949,106.545,6,3.073,3.64,33.34,41.464,6.207,23.269,43.391,37.244,27.61,5.05,82.34,18.718,12,-4.58,-5.54,-5.71,-4.16,0.46,1.64,10.07,-0.1,7.61,4.57,0.32,-4.63,Durian,Clay Loam,0.653,0.289,24.72,7,0.408,1719.2,27.59
10.125,106.273,5,4.769,3.64,37.63,31.023,6.161,18.077,44.292,37.577,27.62,5.018,82.206,18.048,12,-4.537,-5.511,-5.682,-4.146,0.448,1.631,9.867,-0.124,7.662,4.615,0.321,-4.593,Durian,Clay Loam,0.658,0.301,24.593,7,0.402,1.818.927,27.589
9.28,105.721,6,2,3.64,38.808,37.909,5.6,31.508,29.617,42.9,27.668,5.564,82.85,17.03,12,-5.17,-6.132,-6.552,-3.629,-0.214,0.672,9.977,0.554,9.023,6.213,0.753,-5.47,Durian,Clay Loam,0.636,0.278,27.167,7,0.367,3.035.158,27.655
9.901,105.817,5.866,2.866,3.64,38.666,31.4,5.853,24.147,37.187,46.46,27.532,5.388,82.409,17.262,12,-4.667,-5.947,-6.187,-4.186,0.235,1.285,10.035,-0.187,9.152,5.003,0.398,-4.925,Durian,Clay Loam,0.647,0.3,26.099,7,0.384,2.486.662,27.513
10.324,105.376,5.216,2.216,3.64,37.89,26.594,6,22.222,39.888,34.463,27.567,5.268,82.028,17.9,12,-4.538,-5.829,-6.064,-4.145,0.224,1.293,9.47,-0.245,9.153,5.089,0.393,-4.793,Durian,Clay Loam,0.662,0.287,25.614,7,0.37,2167.97,27.553
9.388,105.778,5.64,2,3.64,40.468,38.458,5.7,32.142,27.427,48.851,27.58,5.68,82.83,17.03,12,-5.15,-6.22,-6.61,-3.85,-0.17,0.76,10.43,0.35,9.34,6.06,0.59,-5.48,Durian,Clay,0.633,0.284,27.48,7,0.379,2.818.361,27.567
9.779,105.964,5,5.726,3.64,37.897,31.959,6.107,25.841,36.262,47.597,27.61,5.05,82.34,17.149,12,-4.58,-5.54,-5.71,-4.16,0.46,1.64,10.07,-0.1,7.61,4.57,0.32,-4.63,Durian,Clay Loam,0.653,0.297,24.72,7,0.408,1.935.997,27.573
10.221,105.088,5.763,2,3.64,38.25,32.742,5.524,24.284,37.466,36.584,27.922,4.798,80.011,17.9,12,-3.947,-5.251,-5.538,-3.617,-0.248,0.616,6.01,-0.22,10.705,4.513,0.948,-4.013,Durian,Clay Loam,0.752,0.285,22.834,9,0.47,3.199.924,27.909
10.472,105.548,5,2,3.64,40.067,34.053,5.6,18.402,41.531,32.969,27.74,4.64,80.6,17.9,12,-4.02,-5.17,-5.35,-3.98,0.31,1.52,7.43,-0.41,8.29,5.16,0.33,-4.15,Durian,Clay,0.722,0.294,23.08,9,0.36,3.035.158,27.727
8.774,104.883,6,0.759,3.64,39.611,54.541,5.4,32.878,27.511,55.717,28.064,4.334,80.938,17.74,12,-4.322,-5.201,-5.526,-3.218,-0.62,1.092,6.392,0.496,7.671,3.448,3.378,-3.559,Durian,Clay Loam,0.723,0.292,22.446,9,0.341,3.468.752,28.059
10.514,106.308,5.096,2,3.64,39.352,28.402,6.31,17.867,42.781,37.241,27.91,4.33,79.72,18.06,12,-4.03,-4.78,-4.88,-4,0.35,2.61,7.9,-0.29,6.54,4.36,0.01,-3.83,Durian,Clay Loam,0.763,0.301,21.81,7,0.363,1.495.899,27.897
9.669,106.506,5.233,2,3.64,40.593,32.989,6.177,25.17,34.237,37.138,27.77,5.28,82.72,18.77,12,-4.89,-5.87,-6.07,-3.73,0.31,0.66,9.99,0.82,8.06,5.64,0.34,-5.29,Durian,Clay,0.644,0.284,25.85,7,0.387,1.784.239,27.757
9.023,105.291,6,1.193,3.64,39.58,44.404,5.581,32.424,27.996,42.689,27.879,5.169,82.491,17.167,12,-5.064,-5.831,-6.282,-3.208,-0.364,0.648,8.64,0.842,8.321,5.975,1.444,-5.128,Durian,Clay Loam,0.657,0.275,25.877,7,0.334,3.076.349,27.871
8.639,105.003,5.941,1.941,3.64,35.136,60.621,5.482,34.958,29.906,56.681,28.134,3.998,81.281,17.975,12,-3.951,-4.942,-5.253,-3.155,-0.592,0.574,5.468,0.804,6.859,2.629,4.45,-2.914,Durian,Clay Loam,0.713,0.289,20.807,9,0.33,3.290.978,28.121
9.951,105.174,5.101,2.798,3.64,37.748,26.4,5.51,26.74,35.511,33.989,27.96,4.89,80.82,17.03,12,-4.26,-5.51,-5.79,-3.48,-0.34,0.99,7.3,-0.09,10.14,4.07,1.2,-4.25,Durian,Clay Loam,0.723,0.276,23.72,9,0.428,3.230.275,27.942
9.191,105.591,6,2.651,3.64,42.008,33.778,5.6,30.413,27.579,43.225,27.671,5.561,82.851,17.03,12,-5.171,-6.129,-6.551,-3.623,-0.215,0.669,9.966,0.56,9.015,6.217,0.758,-5.47,Durian,Clay,0.636,0.281,27.159,7,0.367,3.035.158,27.654
9.941,106.106,5.126,2.874,3.64,34.237,32.851,6.287,24.064,41.787,39.624,27.61,5.05,82.34,18.681,12,-4.58,-5.54,-5.71,-4.16,0.46,1.64,10.07,-0.1,7.61,4.57,0.32,-4.63,Durian,Clay Loam,0.653,0.29,24.72,7,0.408,1.545.763,27.591
10.748,105.395,5,3,3.64,34.8,28.9,5.5,24.3,40.9,29.301,27.74,4.64,80.6,17.9,12,-4.02,-5.17,-5.35,-3.98,0.31,1.52,7.43,-0.41,8.29,5.16,0.33,-4.15,Durian,Clay Loam,0.722,0.275,23.08,9,0.36,3.251.955,27.72
9.725,105.776,5.169,3.831,3.64,35.727,33.31,5.834,27.527,36.663,63.248,27.58,5.68,82.83,17.03,12,-5.15,-6.22,-6.61,-3.85,-0.17,0.76,10.43,0.35,9.34,6.06,0.59,-5.48,Durian,Clay Loam,0.633,0.315,27.48,7,0.379,2.527.853,27.555
10.242,106.426,5.39,4.22,3.64,43.832,31.193,6.239,18.998,37.23,31.935,27.904,4.476,81.6,18.06,12,-4.079,-5.006,-5.118,-3.939,0.393,1.933,8.217,0.174,7.187,3.951,0.449,-4.147,Durian,Clay,0.692,0.291,22.289,7,0.368,1.649.825,27.877
9.87,105.284,6,1.62,3.64,36.762,31.797,5.762,27.766,35.572,37.754,27.96,4.89,80.82,17.03,12,-4.26,-5.51,-5.79,-3.48,-0.34,0.99,7.3,-0.09,10.14,4.07,1.2,-4.25,Durian,Clay Loam,0.723,0.279,23.72,9,0.428,2.683.947,27.949
10.543,106.121,5,2,3.64,40.705,34.395,5.987,16.903,42.469,34.041,27.871,4.4,79.92,18.024,12,-4.028,-4.868,-4.987,-3.995,0.341,2.363,7.793,-0.317,6.937,4.541,0.083,-3.903,Durian,Clay,0.753,0.299,22.098,7,0.353,2.196.154,27.858
9.319,105.729,5.382,2.618,3.64,40.626,40.646,5.476,30.729,28.607,43.271,27.58,5.68,82.83,17.03,12,-5.15,-6.22,-6.61,-3.85,-0.17,0.76,10.43,0.35,9.34,6.06,0.59,-5.48,Durian,Clay,0.633,0.28,27.48,7,0.379,3.303.986,27.563
10.126,105.43,5.871,2.129,3.64,33.058,28.9,5.587,24.213,42.729,30.171,27.548,5.337,82.185,17.9,12,-4.595,-5.902,-6.143,-4.163,0.214,1.267,9.695,-0.227,9.248,5.082,0.4,-4.864,Durian,Clay Loam,0.656,0.277,25.894,7,0.374,3.063.342,27.534
9.974,105.382,5,2,3.64,40.437,34.146,5.6,23.733,35.889,36.803,27.52,5.44,82.42,17.389,12,-4.68,-6.01,-6.26,-4.19,0.2,1.23,10.03,-0.2,9.39,5.07,0.41,-4.97,Durian,Clay,0.646,0.287,26.31,7,0.381,3.035.158,27.507
10.365,106.059,5,3.605,3.64,37.001,34.187,6.04,23.717,39.301,40.22,27.91,4.33,79.72,17.932,12,-4.03,-4.78,-4.88,-4,0.35,2.61,7.9,-0.29,6.54,4.36,0.01,-3.83,Durian,Clay Loam,0.763,0.292,21.81,7,0.363,2.081.251,27.887
10.094,106.06,5.521,1.521,3.64,37.719,31.467,6.308,20.825,41.456,46.194,27.61,5.05,82.34,18.4,12,-4.58,-5.54,-5.71,-4.16,0.46,1.64,10.07,-0.1,7.61,4.57,0.32,-4.63,Durian,Clay Loam,0.653,0.307,24.72,7,0.408,1.500.235,27.6
10.582,105.292,5,2,3.64,37.693,34.182,6.096,20.367,42.037,46.426,27.91,4.77,79.76,17.9,12,-3.85,-5.17,-5.46,-3.66,-0.22,0.5,5.61,-0.26,10.88,4.65,0.87,-3.94,Durian,Clay Loam,0.761,0.308,22.56,9,0.483,1.959.845,27.897
9.473,105.264,5.421,3.157,3.64,36.505,44.442,5.753,31.845,31.65,66.13,27.821,4.867,81.494,17.626,12,-4.547,-5.593,-5.89,-3.64,-0.28,1.253,8.109,0.141,8.557,4.295,1.914,-4.282,Durian,Clay Loam,0.692,0.309,24.232,9,0.353,2.703.459,27.8
10.423,106.392,5,3.946,3.64,38.797,34.122,6.297,18.038,43.167,37.641,27.905,4.338,79.744,18.056,12,-4.03,-4.791,-4.893,-3.999,0.349,2.58,7.887,-0.293,6.588,4.382,0.019,-3.839,Durian,Clay Loam,0.761,0.301,21.845,7,0.362,1.524.083,27.879
10.334,106.062,5,2,3.64,39.273,30.707,6.173,21.536,39.191,41.943,27.916,4.31,79.647,18.055,12,-4.008,-4.76,-4.861,-3.983,0.34,2.577,7.788,-0.284,6.539,4.401,0.023,-3.812,Durian,Clay Loam,0.766,0.299,21.708,7,0.359,1.792.911,27.903
9.488,104.907,5,9.745,3.64,37.349,31.169,5.6,26.535,36.116,63.221,27.97,4.72,81.28,17.929,12,-4.59,-5.52,-5.78,-3.25,-0.54,1.6,7.82,0.24,8.31,4.06,1.94,-4.24,Durian,Clay Loam,0.706,0.317,23.92,9,0.347,3.035.158,27.907
10.57,106.277,5,2,3.64,36.982,32.705,6.2,18.474,44.545,28.98,27.91,4.33,79.72,18.06,12,-4.03,-4.78,-4.88,-4,0.35,2.61,7.9,-0.29,6.54,4.36,0.01,-3.83,Durian,Clay Loam,0.763,0.288,21.81,7,0.363,1.734.376,27.897
9.756,106.122,5.027,6.973,3.64,38.235,25.222,6.086,28.226,33.538,33.238,27.769,5.263,82.662,18.746,12,-4.866,-5.851,-6.05,-3.737,0.31,0.683,9.92,0.787,8.066,5.627,0.34,-5.259,Durian,Clay Loam,0.647,0.272,25.763,7,0.385,1.981.525,27.724
9.652,105.177,5.174,1.826,3.64,37.978,38.152,5.435,28.43,33.574,39.417,27.968,4.75,81.2,17.03,12,-4.533,-5.518,-5.782,-3.29,-0.505,1.494,7.73,0.183,8.628,4.062,1.811,-4.242,Durian,Clay Loam,0.709,0.28,23.87,9,0.361,3.392.873,27.956
9.958,105.865,5.301,2.301,3.64,39.28,30.98,6.01,22.961,37.759,43.913,27.52,5.44,82.42,17.03,12,-4.68,-6.01,-6.26,-4.19,0.2,1.23,10.03,-0.2,9.39,5.07,0.41,-4.97,Durian,Clay Loam,0.646,0.299,26.31,7,0.381,2146.29,27.505
9.395,105.59,5.839,1,3.64,40.109,47.098,5.684,29.612,30.263,47.583,27.643,5.526,82.581,17.195,12,-5.06,-6.108,-6.477,-3.754,-0.229,0.895,10.011,0.332,9.175,5.739,0.807,-5.281,Durian,Clay,0.645,0.289,26.909,7,0.371,2.853.049,27.636
9.878,105.692,6,1.982,3.64,39.605,32.365,5.9,24.698,35.696,43.651,27.52,5.44,82.42,17.03,12,-4.68,-6.01,-6.26,-4.19,0.2,1.23,10.03,-0.2,9.39,5.07,0.41,-4.97,Durian,Clay Loam,0.646,0.294,26.31,7,0.381,2.384.767,27.507
9.187,105.528,5.379,2.243,3.64,41.281,42.698,5.476,31.068,27.651,43.083,27.678,5.551,82.853,17.03,12,-5.173,-6.122,-6.546,-3.604,-0.219,0.662,9.926,0.577,8.988,6.23,0.772,-5.469,Durian,Clay,0.636,0.279,27.133,7,0.366,3.303.986,27.663
9.196,104.84,6,4.118,3.64,39.574,44.672,5.644,31.673,28.697,65.106,28.04,4.45,80.82,18.06,12,-4.45,-5.29,-5.62,-3.24,-0.63,1.27,6.71,0.39,7.95,3.73,3.01,-3.78,Durian,Clay Loam,0.727,0.308,23.01,9,0.345,2.939.767,28.013
9.694,105.73,5.372,1.372,3.64,37.985,39.16,5.974,26.629,35.386,66.401,27.558,5.591,82.678,17.03,12,-4.975,-6.142,-6.48,-3.976,-0.032,0.935,10.281,0.146,9.359,5.692,0.523,-5.29,Durian,Clay Loam,0.638,0.322,26.895,7,0.382,2.224.337,27.549
8.64,104.958,6,0.935,3.64,36.924,58.01,5.447,34.934,28.142,56.634,28.14,3.97,81.31,17.857,12,-3.92,-4.92,-5.23,-3.15,-0.59,0.53,5.39,0.83,6.79,2.56,4.54,-2.86,Durian,Clay Loam,0.712,0.289,20.67,9,0.329,3.366.857,28.134
9.181,105.009,5.635,1.73,3.64,41.266,41.387,5.609,30.538,28.196,52.331,27.996,4.621,81.112,17.406,12,-4.539,-5.436,-5.722,-3.246,-0.573,1.48,7.415,0.295,8.179,3.94,2.33,-4.072,Durian,Clay,0.714,0.293,23.588,9,0.346,3.015.646,27.985
9.752,105.711,5,1.55,3.64,38.275,33.955,5.845,24.985,36.695,42.675,27.547,5.548,82.604,17.03,12,-4.891,-6.104,-6.417,-4.037,0.034,1.019,10.21,0.047,9.368,5.515,0.491,-5.199,Durian,Clay Loam,0.64,0.292,26.648,7,0.383,2.504.005,27.537
9.482,105.475,5,1,3.64,35.503,43.901,5.6,26.534,37.962,47.523,27.58,5.68,82.83,17.03,12,-5.15,-6.22,-6.61,-3.85,-0.17,0.76,10.43,0.35,9.34,6.06,0.59,-5.48,Durian,Clay Loam,0.633,0.296,27.48,7,0.379,3.035.158,27.574
10.697,106.518,5.12,2.12,3.64,40.072,29.171,6.164,24.755,35.173,25.289,27.91,4.33,79.72,18.06,12,-4.03,-4.78,-4.88,-4,0.35,2.61,7.9,-0.29,6.54,4.36,0.01,-3.83,Durian,Clay,0.763,0.268,21.81,7,0.363,1.812.423,27.896
9.182,104.869,6,2.863,3.64,38.393,42.038,5.686,32.01,29.596,60.827,28.035,4.48,80.82,18.06,12,-4.437,-5.305,-5.632,-3.256,-0.61,1.251,6.75,0.357,8.1,3.753,2.886,-3.812,Durian,Clay Loam,0.726,0.302,23.052,9,0.351,2.848.713,28.016
10.374,104.784,6,3.21,3.64,31.98,40.373,5.4,27.389,40.631,35.81,28.007,4.396,79.836,17.921,12,-3.853,-4.938,-5.176,-3.353,-0.371,0.966,5.514,-0.099,9.43,4.023,1.476,-3.636,Durian,Clay Loam,0.762,0.277,21.426,9,0.44,3.468.752,27.986
10.015,105.5,5,2.046,3.64,35.222,33.651,5.718,26.212,38.566,35.814,27.52,5.44,82.42,17.9,12,-4.68,-6.01,-6.26,-4.19,0.2,1.23,10.03,-0.2,9.39,5.07,0.41,-4.97,Durian,Clay Loam,0.646,0.28,26.31,7,0.381,2.779.338,27.507
9.077,105.363,6,1,3.64,40.127,47.961,5.587,29.557,30.316,47.263,27.841,4.982,81.69,17.574,12,-4.753,-5.693,-6.049,-3.504,-0.431,1.049,8.32,0.373,8.552,4.738,1.963,-4.516,Durian,Clay,0.686,0.288,24.946,9,0.342,3.063.342,27.835
10.823,105.886,6,2,3.64,33.428,22.397,5.528,25.145,41.455,30.235,28.1,3.74,77.56,17.9,12,-3.37,-4.2,-4.32,-3.49,0.06,1.63,4.58,-0.12,6.51,5.58,0.4,-3.31,Durian,Clay Loam,0.853,0.274,18.81,9,0.347,3.191.252,28.087
9.889,105.863,5.175,6,3.64,32.526,34.819,6.012,27.849,39.625,46.144,27.52,5.44,82.42,17.183,12,-4.68,-6.01,-6.26,-4.19,0.2,1.23,10.03,-0.2,9.39,5.07,0.41,-4.97,Durian,Clay Loam,0.646,0.291,26.31,7,0.381,2.141.954,27.481
9.878,106.281,5,2.852,3.64,36.741,35.834,6.033,25.619,37.648,35.215,27.637,5.026,82.261,18.641,12,-4.581,-5.539,-5.715,-4.092,0.386,1.637,9.903,-0.075,7.662,4.532,0.44,-4.601,Durian,Clay Loam,0.656,0.28,24.603,7,0.403,2.096.427,27.618
8.648,104.932,6,0.453,3.64,37.84,56.613,5.423,34.813,27.347,56.513,28.14,3.97,81.31,17.797,12,-3.92,-4.92,-5.23,-3.15,-0.59,0.53,5.39,0.83,6.79,2.56,4.54,-2.86,Durian,Clay Loam,0.712,0.289,20.67,9,0.329,3.418.889,28.137
9.322,105.055,6,1,3.64,40.593,32.081,5.673,30.256,29.151,45.018,27.97,4.72,81.28,17.03,12,-4.59,-5.52,-5.78,-3.25,-0.54,1.6,7.82,0.24,8.31,4.06,1.94,-4.24,Durian,Clay,0.706,0.283,23.92,9,0.347,2.876.896,27.964
10.555,106.14,6,4.204,3.64,42.94,28.916,6.18,17.499,39.602,33.881,27.978,4.081,78.91,18.06,12,-3.841,-4.499,-4.579,-3.848,0.25,2.71,7.045,-0.162,6.179,4.476,-0.134,-3.609,Durian,Clay,0.796,0.297,20.672,7,0.341,1.777.735,27.951
9.236,104.908,5.064,3.936,3.64,36.903,44.252,5.513,34.365,28.732,67.442,28.04,4.45,80.82,18.06,12,-4.45,-5.29,-5.62,-3.24,-0.63,1.27,6.71,0.39,7.95,3.73,3.01,-3.78,Durian,Clay Loam,0.727,0.305,23.01,9,0.345,3.223.771,28.014
10.381,106.398,5,4.123,3.64,38.677,33.732,6.288,17.988,43.335,37.6,27.873,4.418,80.042,18.06,12,-4.098,-4.873,-4.982,-4.02,0.364,2.491,8.166,-0.267,6.671,4.386,0.048,-3.928,Durian,Clay Loam,0.749,0.301,22.168,7,0.369,1.543.595,27.846
9.059,105.001,5,3.123,3.64,38.73,45.258,5.688,32.623,28.56,47.737,28.052,4.391,80.88,18.051,12,-4.385,-5.245,-5.572,-3.229,-0.625,1.179,6.548,0.444,7.808,3.586,3.198,-3.667,Durian,Clay Loam,0.725,0.282,22.723,9,0.343,2.844.377,28.032
10.242,105.873,5.67,3.322,3.64,36.23,31.338,5.732,18.062,45.709,43.794,27.697,4.775,81.175,17.953,12,-4.205,-5.292,-5.469,-4.039,0.36,1.56,8.302,-0.308,8.065,4.965,0.327,-4.309,Durian,Clay Loam,0.699,0.31,23.622,7,0.352,2.748.986,27.675
10.813,105.518,5.34,2.681,3.64,37.989,30.049,5.57,20.483,41.528,40.981,28.1,3.74,77.56,17.9,12,-3.37,-4.2,-4.32,-3.49,0.06,1.63,4.58,-0.12,6.51,5.58,0.4,-3.31,Durian,Clay Loam,0.853,0.3,18.81,9,0.347,3.100.197,28.083
10.756,104.794,5.989,7.967,3.64,27.42,33.957,5.499,37.557,35.023,35.084,28.157,3.91,76.902,18.24,12,-3.217,-4.26,-4.481,-3.373,-0.26,0.678,3.296,0.324,8.724,4.937,0.85,-3.218,Durian,Clay Loam,0.881,0.253,18.809,9,0.464,3.254.123,28.105
9.528,105.818,5,2,3.64,35.815,44.974,5.65,27.609,36.576,42.282,27.58,5.68,82.83,17.03,12,-5.15,-6.22,-6.61,-3.85,-0.17,0.76,10.43,0.35,9.34,6.06,0.59,-5.48,Durian,Clay Loam,0.633,0.286,27.48,7,0.379,2.926.759,27.567
10.251,105.241,5.469,2,3.64,32.45,48.975,5.666,26.575,40.975,53.369,27.703,5.126,81.173,18.059,12,-4.291,-5.616,-5.885,-3.942,0.003,0.888,7.958,-0.228,10.088,4.873,0.626,-4.487,Durian,Clay Loam,0.699,0.304,24.449,9,0.413,2.892.072,27.69
10.844,104.703,5.162,6.324,3.64,28.071,32.994,5.416,38.857,33.072,29.987,27.649,3.95,77.775,18.24,12,-3.26,-4.225,-4.47,-3.295,-0.461,0.596,2.817,0.296,9.178,4.906,1.06,-3.143,Durian,Clay Loam,0.823,0.243,18.854,9,0.487,3.434.064,27.608
9.544,105.163,5.285,8.003,3.64,37.942,31.329,5.714,25.772,36.286,64.398,27.859,4.994,81.722,17.766,12,-4.75,-5.72,-6.017,-3.421,-0.434,1.36,8.565,0.271,8.604,4.631,1.555,-4.594,Durian,Clay Loam,0.685,0.321,24.936,9,0.344,2.788.009,27.807
9.898,105.239,6,1.429,3.64,35.887,30.144,5.686,27.557,36.599,37.274,27.96,4.89,80.82,17.03,12,-4.26,-5.51,-5.79,-3.48,-0.34,0.99,7.3,-0.09,10.14,4.07,1.2,-4.25,Durian,Clay Loam,0.723,0.279,23.72,9,0.428,2.848.713,27.951
9.987,105.914,5,1.268,3.64,35.357,32.916,6.1,22.807,41.862,45.314,27.586,5.154,82.361,18.537,12,-4.607,-5.666,-5.857,-4.168,0.39,1.53,10.059,-0.127,8.087,4.704,0.344,-4.721,Durian,Clay Loam,0.651,0.301,25.146,7,0.401,1.951.173,27.578
10.082,105.777,5.211,2.789,3.64,33.558,35.058,5.995,24.4,42.042,35.531,27.52,5.44,82.42,17.9,12,-4.68,-6.01,-6.26,-4.19,0.2,1.23,10.03,-0.2,9.39,5.07,0.41,-4.97,Durian,Clay Loam,0.646,0.284,26.31,7,0.381,2178.81,27.502
10.709,106.468,5.573,2.573,3.64,40.344,27.177,6.028,23.079,36.577,26.376,27.91,4.33,79.72,18.06,12,-4.03,-4.78,-4.88,-4,0.35,2.61,7.9,-0.29,6.54,4.36,0.01,-3.83,Durian,Clay,0.763,0.274,21.81,7,0.363,2.107.267,27.893
10.444,106.546,5,2.682,3.64,36.972,37.333,6.332,20.371,42.658,36.201,27.859,4.241,80.102,18.06,12,-3.952,-4.691,-4.784,-4.014,0.316,2.924,7.753,-0.038,6.386,3.865,-0.062,-3.738,Durian,Clay Loam,0.746,0.294,21.279,7,0.365,1.448.204,27.842
10.552,105.597,5,3,3.64,35.128,28.622,5.677,24.224,40.648,30.41,27.707,4.743,81.039,18.12,12,-4.161,-5.263,-5.441,-4.025,0.348,1.55,8.096,-0.332,8.118,5.011,0.327,-4.271,Durian,Clay Loam,0.705,0.277,23.493,9,0.346,2.868.224,27.688
10.382,105.656,5,2,3.64,37.183,26.132,6.012,20.43,42.386,38.034,27.74,4.64,80.6,17.9,12,-4.02,-5.17,-5.35,-3.98,0.31,1.52,7.43,-0.41,8.29,5.16,0.33,-4.15,Durian,Clay Loam,0.722,0.296,23.08,9,0.36,2.141.954,27.727
10.258,105.019,5.512,3.047,3.64,32.442,44.13,5.298,27.658,39.949,37.886,27.934,4.829,80.278,17.649,12,-4.05,-5.336,-5.621,-3.572,-0.279,0.739,6.435,-0.177,10.519,4.367,1.031,-4.091,Durian,Clay Loam,0.743,0.279,23.126,9,0.456,3.689.885,27.914
9.81,105.663,5.738,1.738,3.64,37.396,39.528,5.969,25.715,36.889,47.389,27.536,5.503,82.528,17.03,12,-4.803,-6.065,-6.352,-4.101,0.103,1.107,10.135,-0.056,9.377,5.33,0.457,-5.104,Durian,Clay Loam,0.643,0.297,26.481,7,0.382,2.235.177,27.525
9.336,105.152,5.525,1,3.64,41.165,38.433,5.642,28.486,30.35,53.9,27.97,4.72,81.28,17.03,12,-4.59,-5.52,-5.78,-3.25,-0.54,1.6,7.82,0.24,8.31,4.06,1.94,-4.24,Durian,Clay,0.706,0.3,23.92,9,0.347,2.944.103,27.964
9.506,105.708,5,1,3.64,34.807,48.096,5.593,26.261,38.936,44.956,27.592,5.654,82.764,17.03,12,-5.121,-6.197,-6.583,-3.838,-0.176,0.768,10.328,0.336,9.366,5.995,0.61,-5.44,Durian,Clay Loam,0.636,0.293,27.355,7,0.377,3.050.334,27.586
9.856,106.311,6,2,3.64,39.337,36.163,6.187,26.442,34.221,38.337,27.631,5.08,82.39,18.77,12,-4.621,-5.583,-5.757,-4.103,0.44,1.511,10.059,0.021,7.669,4.711,0.323,-4.717,Durian,Clay Loam,0.651,0.283,24.781,7,0.407,1762.56,27.618
10.597,104.967,5,23.353,3.64,27.017,27.994,5.887,44.895,28.094,38.892,27.91,4.77,79.76,18.24,12,-3.85,-5.17,-5.46,-3.66,-0.22,0.5,5.61,-0.26,10.88,4.65,0.87,-3.94,Durian,Clay Loam,0.761,0.241,22.56,9,0.483,2.412.951,27.758
10.345,104.858,6,2,3.64,32.078,34.443,5.596,25.929,41.993,37.277,27.91,4.77,79.76,18.24,12,-3.85,-5.17,-5.46,-3.66,-0.22,0.5,5.61,-0.26,10.88,4.65,0.87,-3.94,Durian,Clay Loam,0.761,0.283,22.56,9,0.483,3043.83,27.897
9.815,105.709,5.025,3.95,3.64,36.865,32.69,5.997,25.928,37.208,38.858,27.522,5.446,82.43,17.03,12,-4.692,-6.015,-6.269,-4.181,0.191,1.218,10.04,-0.186,9.389,5.095,0.415,-4.983,Durian,Clay Loam,0.646,0.285,26.326,7,0.381,2.174.474,27.496
10.725,106.535,5,2.694,3.64,39.444,30.464,5.922,25.339,35.217,27.778,27.91,4.33,79.72,18.06,12,-4.03,-4.78,-4.88,-4,0.35,2.61,7.9,-0.29,6.54,4.36,0.01,-3.83,Durian,Clay Loam,0.763,0.271,21.81,7,0.363,2.337.072,27.892
9.754,106.135,5.082,7.082,3.64,38.208,25.389,6.108,28.012,33.788,32.945,27.757,5.261,82.689,18.77,12,-4.865,-5.843,-6.04,-3.765,0.322,0.741,9.997,0.744,8.023,5.552,0.338,-5.236,Durian,Clay Loam,0.645,0.272,25.749,7,0.389,1.933.829,27.711
10.383,105.317,5,2,3.64,39.682,35.552,5.591,19.3,41.027,34,27.755,4.652,80.525,17.9,12,-4.005,-5.17,-5.36,-3.951,0.263,1.429,7.267,-0.397,8.521,5.114,0.378,-4.131,Durian,Clay Loam,0.726,0.293,23.014,9,0.371,3054.67,27.742
10.163,104.907,5.536,2,3.64,33.783,48.527,5.446,27.307,38.91,51.457,27.933,4.826,80.252,17.678,12,-4.04,-5.328,-5.613,-3.576,-0.276,0.728,6.395,-0.181,10.536,4.381,1.023,-4.084,Durian,Clay Loam,0.744,0.299,23.098,9,0.457,3.369.025,27.92
10.08,105.27,5.138,1.862,3.64,39.659,30.52,5.6,22.534,37.807,37.665,27.899,4.966,81.04,17.78,12,-4.318,-5.579,-5.855,-3.578,-0.266,1.023,7.675,-0.105,10.037,4.208,1.091,-4.349,Durian,Clay Loam,0.712,0.291,24.05,9,0.418,3.035.158,27.887
10.775,104.885,5.659,3.363,3.64,29.518,30.822,5.202,36.727,33.689,27.55,27.787,4.494,79.143,18.24,12,-3.652,-4.846,-5.123,-3.53,-0.315,0.527,4.628,-0.073,10.331,4.735,0.948,-3.664,Durian,Clay Loam,0.779,0.244,21.203,9,0.488,3898.01,27.765
10.522,104.935,5.835,276.31,3.64,31.763,40.05,5.616,39.534,28.77,53.82,27.851,4.636,79.462,18.24,12,-3.754,-5.013,-5.297,-3.597,-0.266,0.513,5.135,-0.169,10.615,4.691,0.908,-3.806,Durian,Clay Loam,0.77,0.274,21.902,9,0.486,3000.47,26.055
10.072,105.893,5.171,2.829,3.64,33.634,34.564,6.117,24.536,41.829,36.492,27.535,5.373,82.406,17.927,12,-4.663,-5.93,-6.166,-4.185,0.244,1.3,10.037,-0.183,9.086,4.985,0.395,-4.912,Durian,Clay Loam,0.647,0.285,26.039,7,0.385,1.914.318,27.517
10.702,106.429,5.948,3.052,3.64,40.517,25.321,5.926,21.458,38.025,27.582,27.902,4.317,79.778,18.06,12,-4.018,-4.767,-4.865,-4.002,0.345,2.658,7.878,-0.252,6.517,4.285,-0.001,-3.816,Durian,Clay,0.76,0.279,21.721,7,0.363,2328.4,27.882
9.377,105.465,6,1.555,3.64,43.612,38.431,5.622,30.331,26.058,43.474,27.58,5.68,82.83,17.03,12,-5.15,-6.22,-6.61,-3.85,-0.17,0.76,10.43,0.35,9.34,6.06,0.59,-5.48,Durian,Clay,0.633,0.281,27.48,7,0.379,2.987.463,27.57
10.192,105.092,6,1.789,3.64,37.568,33.416,5.542,25.597,36.856,36.004,27.921,4.795,79.984,17.716,12,-3.937,-5.242,-5.53,-3.622,-0.245,0.603,5.967,-0.224,10.724,4.528,0.94,-4.005,Durian,Clay Loam,0.753,0.282,22.805,9,0.471,3160.9,27.909
10.51,106.398,5,2,3.64,39.888,32.731,6.272,17.524,42.587,31.197,27.91,4.33,79.72,18.06,12,-4.03,-4.78,-4.88,-4,0.35,2.61,7.9,-0.29,6.54,4.36,0.01,-3.83,Durian,Clay Loam,0.763,0.293,21.81,7,0.363,1.578.282,27.897
9.825,105.878,5.324,5.029,3.64,38.324,31.806,6.003,25.153,36.524,47.312,27.581,5.176,82.366,17.03,12,-4.612,-5.692,-5.888,-4.17,0.376,1.507,10.057,-0.132,8.186,4.732,0.349,-4.74,Durian,Clay Loam,0.65,0.298,25.234,7,0.399,2.161.466,27.548
10.368,105.429,5.132,2.132,3.64,35.445,26.084,5.653,20.998,43.644,31.777,27.74,4.64,80.6,17.9,12,-4.02,-5.17,-5.35,-3.98,0.31,1.52,7.43,-0.41,8.29,5.16,0.33,-4.15,Durian,Clay Loam,0.722,0.286,23.08,9,0.36,2.920.256,27.726
8.695,104.989,6,1.766,3.64,36.539,60.023,5.523,34.263,29.197,55.799,28.117,4.082,81.195,17.931,12,-4.044,-5.007,-5.321,-3.171,-0.599,0.703,5.699,0.727,7.062,2.834,4.182,-3.075,Durian,Clay Loam,0.716,0.289,21.217,9,0.333,3.202.092,28.106
9.939,106.224,5.787,4,3.64,37.292,31.092,6.221,23.444,39.264,34.756,27.61,5.05,82.34,18.619,12,-4.58,-5.54,-5.71,-4.16,0.46,1.64,10.07,-0.1,7.61,4.57,0.32,-4.63,Durian,Clay Loam,0.653,0.285,24.72,7,0.408,1.688.849,27.584
10.4,105.021,5.971,2.058,3.64,36.282,34.735,5.503,32.977,30.838,39.472,27.91,4.77,79.76,17.91,12,-3.85,-5.17,-5.46,-3.66,-0.22,0.5,5.61,-0.26,10.88,4.65,0.87,-3.94,Durian,Clay Loam,0.761,0.269,22.56,9,0.483,3.245.451,27.897
8.859,104.907,6,0.737,3.64,41.059,56.185,5.547,32.119,26.821,53.303,28.066,4.324,80.949,17.74,12,-4.311,-5.193,-5.518,-3.216,-0.619,1.076,6.363,0.506,7.645,3.423,3.412,-3.538,Durian,Clay,0.723,0.291,22.395,9,0.341,3150.06,28.061
10.566,106.324,5,2,3.64,38.595,33.01,6.2,17.689,43.716,29.547,27.91,4.33,79.72,18.06,12,-4.03,-4.78,-4.88,-4,0.35,2.61,7.9,-0.29,6.54,4.36,0.01,-3.83,Durian,Clay Loam,0.763,0.291,21.81,7,0.363,1.734.376,27.897
9.885,105.287,6,1.527,3.64,36.753,31.993,5.753,27.831,35.516,37.325,27.96,4.89,80.82,17.03,12,-4.26,-5.51,-5.79,-3.48,-0.34,0.99,7.3,-0.09,10.14,4.07,1.2,-4.25,Durian,Clay Loam,0.723,0.278,23.72,9,0.428,2.703.459,27.95
9.445,105.417,6,3,3.64,40.873,37.821,5.497,33.079,26.048,37.243,27.584,5.675,82.831,17.03,12,-5.151,-6.216,-6.607,-3.839,-0.172,0.756,10.409,0.36,9.325,6.067,0.598,-5.48,Durian,Clay,0.633,0.266,27.465,7,0.378,3.258.459,27.564
9.79,106.402,5.731,2,3.64,40.719,32.939,6.273,24.881,34.473,35.35,27.653,5.112,82.442,18.77,12,-4.663,-5.629,-5.807,-4.044,0.42,1.376,10.048,0.147,7.731,4.858,0.325,-4.808,Durian,Clay,0.65,0.282,24.951,7,0.403,1.576.114,27.64
10.19,106.382,5.407,7.372,3.64,34.983,34.057,6.141,20.292,44.726,40.964,27.61,5.05,82.34,18.06,12,-4.58,-5.54,-5.71,-4.16,0.46,1.64,10.07,-0.1,7.61,4.57,0.32,-4.63,Durian,Clay Loam,0.653,0.301,24.72,7,0.408,1.862.286,27.562
9.361,105.44,5.891,1.217,3.64,40.46,44.157,5.711,32.994,26.546,48.084,27.63,5.547,82.612,17.142,12,-5.074,-6.119,-6.503,-3.784,-0.22,0.815,10.026,0.354,9.189,5.807,0.853,-5.296,Durian,Clay,0.643,0.281,26.996,7,0.371,2.794.513,27.622
9.613,105.393,6,1.003,3.64,38.104,33.497,5.701,25.597,36.298,43.002,27.58,5.679,82.829,17.03,12,-5.149,-6.219,-6.609,-3.851,-0.169,0.761,10.429,0.348,9.34,6.057,0.589,-5.479,Durian,Clay Loam,0.633,0.291,27.476,7,0.379,2.816.193,27.573
9.424,105.156,5.04,1.92,3.64,40.364,50.328,5.396,29.016,30.62,57.061,27.973,4.709,81.262,17.071,12,-4.584,-5.511,-5.774,-3.25,-0.544,1.587,7.776,0.246,8.296,4.047,1.983,-4.222,Durian,Clay,0.707,0.303,23.885,9,0.347,3.477.424,27.961
10.355,105.175,5,2,3.64,38.111,35.65,5.56,21.958,39.971,40.489,27.91,4.77,79.76,17.9,12,-3.85,-5.17,-5.46,-3.66,-0.22,0.5,5.61,-0.26,10.88,4.65,0.87,-3.94,Durian,Clay Loam,0.761,0.296,22.56,9,0.483,3.121.877,27.897
9.511,105.379,5,1.093,3.64,35.756,42.783,5.591,26.517,37.728,48.422,27.615,5.607,82.644,17.03,12,-5.068,-6.154,-6.534,-3.816,-0.186,0.781,10.14,0.309,9.414,5.876,0.646,-5.366,Durian,Clay Loam,0.641,0.297,27.124,7,0.373,3054.67,27.608
10.489,105.196,5,2.239,3.64,37.215,36.068,5.924,24.067,38.794,52.6,27.817,4.93,80.395,17.692,12,-4.048,-5.371,-5.651,-3.787,-0.12,0.674,6.666,-0.246,10.524,4.75,0.76,-4.186,Durian,Clay Loam,0.733,0.308,23.409,9,0.45,2.332.736,27.802
10.034,105.19,5.53,1,3.64,37.076,31.456,5.606,27.355,35.576,36.45,27.96,4.89,80.82,17.439,12,-4.26,-5.51,-5.79,-3.48,-0.34,0.99,7.3,-0.09,10.14,4.07,1.2,-4.25,Durian,Clay Loam,0.723,0.278,23.72,9,0.428,3022.15,27.954
10.814,105.562,6,3.45,3.64,35.237,23.472,5.49,23.769,40.994,28.942,28.127,3.812,77.249,17.9,12,-3.298,-4.223,-4.388,-3.436,-0.084,1.202,3.99,0.083,7.497,5.292,0.603,-3.265,Durian,Clay Loam,0.866,0.276,18.694,9,0.402,3.273.635,28.105
10.704,106.238,6,2,3.64,46.257,32.078,5.953,14.559,39.231,25.857,28,4.003,78.655,18.06,12,-3.782,-4.411,-4.485,-3.8,0.218,2.742,6.777,-0.121,6.066,4.513,-0.18,-3.54,Durian,Clay,0.807,0.293,20.319,7,0.334,2.269.865,27.987
9.729,105.835,5.623,2,3.64,37.761,43.67,6.062,27.143,35.096,64.568,27.614,5.38,82.533,17.03,12,-4.759,-5.957,-6.188,-4.016,0.242,1.015,10.015,0.185,8.888,5.285,0.384,-5.091,Durian,Clay Loam,0.646,0.318,26.011,7,0.385,2.033.556,27.601
10.167,106.261,5.53,3.409,3.64,38.407,31.686,6.406,19.758,41.835,48.656,27.61,5.05,82.34,18.06,12,-4.58,-5.54,-5.71,-4.16,0.46,1.64,10.07,-0.1,7.61,4.57,0.32,-4.63,Durian,Clay Loam,0.653,0.313,24.72,7,0.408,1.287.774,27.588
9.813,105.468,5.553,2.895,3.64,36.845,31.761,5.889,26.784,36.426,39.187,27.763,5.136,81.536,17.03,12,-4.448,-5.734,-6,-3.798,-0.098,1.097,8.522,-0.139,9.804,4.517,0.847,-4.572,Durian,Clay Loam,0.688,0.283,24.789,9,0.396,2.408.615,27.744
9.204,105.481,5.526,2.474,3.64,40.055,43.019,5.4,31.762,28.236,42.817,27.717,5.501,82.862,17.03,12,-5.182,-6.083,-6.521,-3.508,-0.238,0.623,9.731,0.665,8.851,6.297,0.842,-5.464,Durian,Clay,0.637,0.277,26.996,7,0.36,3.468.752,27.701
10.026,105.41,6,3.409,3.64,38.345,29.518,5.718,23.718,37.936,46.705,27.7,5.215,81.765,17.525,12,-4.508,-5.805,-6.068,-3.9,-0.021,1.132,8.913,-0.155,9.697,4.661,0.733,-4.675,Durian,Clay Loam,0.677,0.301,25.132,9,0.386,2.779.338,27.678
9.939,105.682,5.537,5,3.64,37.663,28.813,5.746,23.996,38.294,40.026,27.52,5.44,82.42,17.03,12,-4.68,-6.01,-6.26,-4.19,0.2,1.23,10.03,-0.2,9.39,5.07,0.41,-4.97,Durian,Clay Loam,0.646,0.291,26.31,7,0.381,2.718.634,27.488
9.392,105.466,5.146,1.146,3.64,41.546,44.471,5.315,29.74,28.729,40.235,27.618,5.63,82.839,17.03,12,-5.159,-6.182,-6.585,-3.755,-0.189,0.722,10.236,0.438,9.204,6.126,0.66,-5.476,Durian,Clay,0.634,0.278,27.346,7,0.374,3.653.029,27.611
10.397,105.356,5.049,2,3.64,39.74,35.37,5.615,19.305,40.955,33.728,27.74,4.64,80.6,17.9,12,-4.02,-5.17,-5.35,-3.98,0.31,1.52,7.43,-0.41,8.29,5.16,0.33,-4.15,Durian,Clay Loam,0.722,0.293,23.08,9,0.36,3.002.638,27.727
9.975,105.671,6,3.833,3.64,36.117,36.75,6.117,24.033,39.85,44.05,27.535,5.375,82.407,17.175,12,-4.663,-5.932,-6.168,-4.185,0.243,1.298,10.037,-0.183,9.093,4.987,0.395,-4.913,Durian,Clay Loam,0.647,0.296,26.044,7,0.385,1.914.318,27.51
9.534,105.027,5,9.064,3.64,37.025,31.859,5.631,26.312,36.647,62.706,27.909,4.87,81.522,17.899,12,-4.677,-5.629,-5.91,-3.344,-0.482,1.469,8.227,0.257,8.471,4.372,1.729,-4.434,Durian,Clay Loam,0.695,0.317,24.476,9,0.345,2.967.951,27.85
10.055,105.605,6,4.43,3.64,37.058,30.683,5.814,22.33,40.613,39.072,27.52,5.44,82.42,17.278,12,-4.68,-6.01,-6.26,-4.19,0.2,1.23,10.03,-0.2,9.39,5.07,0.41,-4.97,Durian,Clay Loam,0.646,0.293,26.31,7,0.381,2.571.212,27.491
10.621,104.88,5.537,10.777,3.64,29.344,32.519,5.593,37.6,33.102,34.128,28.044,4.303,78.208,18.24,12,-3.506,-4.676,-4.928,-3.504,-0.241,0.597,4.353,0.057,9.709,4.806,0.859,-3.548,Durian,Clay Loam,0.826,0.251,20.403,9,0.476,3.050.334,27.974
9.172,104.879,5.561,1.561,3.64,39.796,52.002,5.544,30.93,29.174,46.354,28.009,4.568,81.022,18.06,12,-4.511,-5.391,-5.69,-3.244,-0.591,1.415,7.197,0.324,8.108,3.875,2.541,-3.982,Durian,Clay Loam,0.718,0.284,23.409,9,0.346,3.156.564,27.999
10.208,105.556,5,2.656,3.64,38.409,26.313,6.066,22.134,39.456,35.334,27.54,5.355,82.403,17.935,12,-4.658,-5.907,-6.14,-4.183,0.257,1.32,10.039,-0.178,9.001,4.961,0.39,-4.896,Durian,Clay Loam,0.648,0.289,25.962,7,0.387,2.024.884,27.523
9.419,106.029,5,1.794,3.64,36.581,36.349,5.838,29.684,33.695,43.581,27.655,5.521,82.786,17.72,12,-5.047,-6.081,-6.396,-3.802,0.02,0.72,10.255,0.536,8.832,5.893,0.491,-5.405,Durian,Clay Loam,0.638,0.283,26.731,7,0.383,2.519.181,27.643
10.773,105.511,5,2.133,3.64,38.496,30.944,5.436,19.691,41.813,40.154,28.092,3.766,77.656,17.907,12,-3.399,-4.226,-4.345,-3.513,0.073,1.674,4.727,-0.128,6.511,5.526,0.383,-3.333,Durian,Clay Loam,0.849,0.301,18.944,9,0.345,3.390.705,28.078
9.829,106.083,5.722,2.833,3.64,35.672,26.239,6.017,27.233,37.067,41.317,27.585,5.158,82.362,18.287,12,-4.608,-5.671,-5.863,-4.168,0.388,1.526,10.059,-0.128,8.105,4.709,0.345,-4.724,Durian,Clay Loam,0.651,0.285,25.162,7,0.4,2.131.115,27.567
9.61,105.46,5.817,1,3.64,37.88,33.573,5.737,25.618,36.483,43.092,27.58,5.68,82.83,17.03,12,-5.15,-6.22,-6.61,-3.85,-0.17,0.76,10.43,0.35,9.34,6.06,0.59,-5.48,Durian,Clay Loam,0.633,0.291,27.48,7,0.379,2.738.146,27.574
10.08,104.78,5,2,3.64,37.109,56.052,5.543,25.637,37.254,61.206,28.006,4.405,79.878,17.896,12,-3.875,-4.955,-5.193,-3.35,-0.375,0.985,5.581,-0.089,9.397,4.024,1.489,-3.653,Durian,Clay Loam,0.761,0.317,21.49,9,0.438,3.158.732,27.993
9.885,105.399,5.182,1.818,3.64,37.845,32.227,5.682,26.291,35.864,38.291,27.52,5.44,82.42,17.03,12,-4.68,-6.01,-6.26,-4.19,0.2,1.23,10.03,-0.2,9.39,5.07,0.41,-4.97,Durian,Clay Loam,0.646,0.283,26.31,7,0.381,2.857.384,27.508
10.578,105.534,6,3.532,3.64,38.225,26.844,5.713,20.049,41.772,38.905,27.74,4.64,80.6,17.9,12,-4.02,-5.17,-5.35,-3.98,0.31,1.52,7.43,-0.41,8.29,5.16,0.33,-4.15,Durian,Clay Loam,0.722,0.298,23.08,9,0.36,2.790.177,27.717
9.922,105.207,5.88,1.12,3.64,34.64,36.333,5.512,27.124,38.148,46.172,27.954,4.876,80.693,17.175,12,-4.211,-5.469,-5.75,-3.502,-0.326,0.931,7.097,-0.11,10.229,4.14,1.16,-4.213,Durian,Clay Loam,0.728,0.292,23.581,9,0.434,3.225.939,27.947
10.045,106.065,5.575,3.15,3.64,36.808,38.928,6.185,22.089,41.103,44.638,27.682,5.07,82.582,17.468,12,-4.438,-5.644,-5.839,-4.067,0.294,1.345,9.345,0.085,8.629,4.483,0.546,-4.706,Durian,Clay Loam,0.646,0.302,24.694,7,0.378,1.766.896,27.662
10.762,104.63,5.03,59.258,3.64,26.116,32.694,5.703,39.28,34.507,37.325,27.561,3.984,78.004,18.24,12,-3.287,-4.248,-4.499,-3.291,-0.492,0.578,2.815,0.274,9.318,4.893,1.093,-3.154,Durian,Loam,0.81,0.252,18.971,9,0.491,2.811.857,27.176
10.812,105.329,5.325,2.325,3.64,36.132,26.06,5.703,24.06,39.709,35.414,28.119,3.792,77.336,17.9,12,-3.318,-4.216,-4.369,-3.451,-0.044,1.322,4.155,0.026,7.221,5.372,0.546,-3.278,Durian,Clay Loam,0.863,0.284,18.676,9,0.387,2.811.857,28.104
10.415,106.483,5.045,2,3.64,40.364,31.783,6.396,18.118,41.518,33.563,27.903,4.318,79.77,18.06,12,-4.02,-4.768,-4.867,-4.002,0.346,2.651,7.881,-0.257,6.52,4.295,0.001,-3.818,Durian,Clay,0.76,0.295,21.732,7,0.363,1.309.454,27.89
9.806,105.389,5.451,1.451,3.64,38.44,37.796,5.66,24.686,36.875,47.594,27.767,5.044,81.794,17.03,12,-4.631,-5.741,-5.996,-3.674,-0.207,1.433,8.816,0.042,8.797,4.515,1.251,-4.569,Durian,Clay Loam,0.679,0.3,24.818,7,0.355,2905.08,27.758
10.45,105.49,5.929,2.141,3.64,39.372,25.049,5.656,19.12,41.508,32.666,27.741,4.6,80.617,17.911,12,-4.004,-5.124,-5.297,-3.984,0.306,1.662,7.433,-0.349,8.135,5.001,0.293,-4.108,Durian,Clay Loam,0.722,0.292,22.866,9,0.356,2.913.752,27.727
10.123,106.27,5,5.165,3.64,33.26,31.118,6.167,20.87,45.87,43.113,27.61,5.05,82.34,18.06,12,-4.58,-5.54,-5.71,-4.16,0.46,1.64,10.07,-0.1,7.61,4.57,0.32,-4.63,Durian,Clay Loam,0.653,0.302,24.72,7,0.408,1.805.919,27.576
9.729,105.265,5.61,2.39,3.64,38.205,34.137,5.634,24.966,36.829,51.38,27.795,5.001,81.724,17.658,12,-4.625,-5.711,-5.967,-3.616,-0.251,1.456,8.682,0.068,8.731,4.454,1.343,-4.525,Durian,Clay Loam,0.683,0.305,24.695,9,0.353,2.961.447,27.779
9.227,105.152,5.27,1,3.64,41.317,38.051,5.4,29.851,28.932,47.589,28.04,4.45,80.82,17.03,12,-4.45,-5.29,-5.62,-3.24,-0.63,1.27,6.71,0.39,7.95,3.73,3.01,-3.78,Durian,Clay,0.727,0.288,23.01,9,0.345,3.468.752,28.034
9.819,106.262,5,2.471,3.64,37.206,34.382,6.188,27.035,35.759,48.759,27.61,5.05,82.34,18.565,12,-4.58,-5.54,-5.71,-4.16,0.46,1.64,10.07,-0.1,7.61,4.57,0.32,-4.63,Durian,Clay Loam,0.653,0.296,24.72,7,0.408,1.760.392,27.594
10.449,105.667,5,2,3.64,40.128,34.972,5.765,18.28,41.625,33.73,27.796,4.538,80.31,17.953,12,-4.023,-5.042,-5.195,-3.987,0.323,1.879,7.585,-0.371,7.714,4.897,0.225,-4.045,Durian,Clay,0.735,0.295,22.663,9,0.341,2.677.443,27.783
10.33,105.56,5.258,4.225,3.64,33.732,27.026,5.803,21.135,45.132,33.69,27.74,4.64,80.6,17.9,12,-4.02,-5.17,-5.35,-3.98,0.31,1.52,7.43,-0.41,8.29,5.16,0.33,-4.15,Durian,Clay Loam,0.722,0.289,23.08,9,0.36,2595.06,27.713
10.569,105.595,6,1.675,3.64,40.9,35.03,5.935,22.028,37.072,43.972,27.812,4.721,80.672,17.9,12,-4.098,-5.281,-5.493,-3.817,0.098,1.348,7.388,-0.306,8.892,4.805,0.613,-4.183,Durian,Clay,0.723,0.301,23.178,9,0.384,2.308.888,27.801
10.223,105.62,5,2.703,3.64,33.893,26.463,5.881,21.433,44.633,28.617,27.585,5.203,81.88,17.9,12,-4.484,-5.761,-5.99,-4.128,0.233,1.316,9.259,-0.262,9.064,5.097,0.386,-4.727,Durian,Clay Loam,0.669,0.281,25.352,7,0.365,2.425.958,27.567
10.643,106.301,5,2,3.64,41.037,33.631,6.056,16.051,42.913,26.811,27.91,4.33,79.72,18.06,12,-4.03,-4.78,-4.88,-4,0.35,2.61,7.9,-0.29,6.54,4.36,0.01,-3.83,Durian,Clay,0.763,0.291,21.81,7,0.363,2.046.564,27.897
10.167,105.981,6,2,3.64,38.7,27.851,6.172,23.546,37.754,37.123,27.606,5.068,82.344,18.053,12,-4.585,-5.562,-5.735,-4.161,0.448,1.621,10.068,-0.105,7.692,4.593,0.324,-4.646,Durian,Clay Loam,0.652,0.288,24.794,7,0.407,1.795.079,27.593
9.607,106.12,5,1.721,3.64,43.759,40.46,5.805,26.819,29.421,39.034,27.717,5.391,82.751,18.285,12,-4.962,-5.968,-6.22,-3.763,0.176,0.688,10.113,0.689,8.417,5.757,0.41,-5.343,Durian,Clay,0.641,0.283,26.256,7,0.385,2.590.724,27.706
10.413,106.422,5.137,2.137,3.64,40.77,31.694,6.386,18.073,41.157,33.486,27.91,4.33,79.72,18.06,12,-4.03,-4.78,-4.88,-4,0.35,2.61,7.9,-0.29,6.54,4.36,0.01,-3.83,Durian,Clay,0.763,0.295,21.81,7,0.363,1.331.134,27.896
9.277,105.915,5.002,1.002,3.64,36.704,37.503,5.6,30.202,33.094,43.698,27.58,5.68,82.83,17.03,12,-5.15,-6.22,-6.61,-3.85,-0.17,0.76,10.43,0.35,9.34,6.06,0.59,-5.48,Durian,Clay Loam,0.633,0.282,27.48,7,0.379,3.035.158,27.573
9.79,106.283,5,2,3.64,36.669,32.332,6.2,26.626,36.705,46.963,27.61,5.05,82.34,18.77,12,-4.58,-5.54,-5.71,-4.16,0.46,1.64,10.07,-0.1,7.61,4.57,0.32,-4.63,Durian,Clay Loam,0.653,0.295,24.72,7,0.408,1.734.376,27.597
10.329,105.516,5,4.489,3.64,37.083,34.096,5.9,24.066,38.868,52.185,27.769,4.662,80.457,17.9,12,-3.991,-5.17,-5.369,-3.925,0.22,1.346,7.12,-0.384,8.731,5.073,0.422,-4.114,Durian,Clay Loam,0.729,0.308,22.953,9,0.381,2.384.767,27.74
9.748,106.375,5.041,2.959,3.64,40.751,33.551,6.092,25.276,33.973,43.508,27.76,5.286,82.708,18.699,12,-4.881,-5.876,-6.078,-3.749,0.306,0.683,9.992,0.779,8.114,5.617,0.343,-5.277,Durian,Clay,0.645,0.293,25.861,7,0.387,1.968.517,27.741
10.827,105.149,6,3.128,3.64,34.201,29.399,5.861,24.482,41.318,31.016,28.16,3.9,76.87,17.9,12,-3.21,-4.25,-4.47,-3.37,-0.26,0.68,3.27,0.33,8.7,4.94,0.85,-3.21,Durian,Clay Loam,0.882,0.277,18.77,9,0.464,2.469.318,28.14
10.087,105.654,5.257,2.257,3.64,41.2,33.577,5.78,22.192,36.608,35.408,27.618,5.217,82.518,17.941,12,-4.534,-5.789,-6.006,-4.116,0.256,1.299,9.617,-0.028,8.931,4.716,0.492,-4.811,Durian,Clay,0.646,0.289,25.284,7,0.38,2.644.923,27.603
9.927,105.915,5.335,6.665,3.64,38.635,25.468,5.933,27.396,33.969,33.669,27.76,5.066,82.01,18.479,12,-4.599,-5.636,-5.829,-3.814,0.31,0.948,9.133,0.408,8.137,5.479,0.337,-4.908,Durian,Clay Loam,0.671,0.274,24.786,7,0.369,2.313.224,27.717
9.933,106.142,5.2,2.8,3.64,34.001,33.079,6.26,23.98,42.12,40.299,27.61,5.05,82.34,18.77,12,-4.58,-5.54,-5.71,-4.16,0.46,1.64,10.07,-0.1,7.61,4.57,0.32,-4.63,Durian,Clay Loam,0.653,0.291,24.72,7,0.408,1.604.298,27.592
10.235,106.083,5,2,3.64,38.704,31.959,6.2,21.004,40.227,40.277,27.711,4.807,81.456,18.06,12,-4.394,-5.284,-5.43,-4.106,0.423,1.967,9.338,-0.164,7.249,4.499,0.215,-4.36,Durian,Clay Loam,0.689,0.298,23.738,7,0.394,1.734.376,27.698
9.956,105.193,5,2,3.64,33.911,26.765,5.628,27.297,38.692,39.557,27.925,4.963,81.005,17.03,12,-4.342,-5.576,-5.866,-3.514,-0.324,0.969,7.589,-0.049,10.066,4.254,1.144,-4.364,Durian,Clay Loam,0.715,0.283,24.035,9,0.419,2.974.455,27.912
9.299,105.447,5.404,1.404,3.64,41.616,37.337,5.521,29.984,28.46,48.248,27.854,4.947,81.631,17.03,12,-4.733,-5.665,-6.02,-3.486,-0.444,1.064,8.212,0.374,8.511,4.671,2.033,-4.466,Durian,Clay,0.688,0.289,24.814,9,0.342,3.206.428,27.845
9.517,105.93,5.45,1.55,3.64,44.22,38.089,5.73,27.071,28.709,39.601,27.684,5.46,82.77,17.986,12,-5.007,-6.028,-6.313,-3.784,0.094,0.705,10.188,0.608,8.637,5.829,0.453,-5.376,Durian,Clay,0.639,0.283,26.508,7,0.384,2.753.322,27.674
10.373,105.452,5.9,2.299,3.64,41.059,33.591,5.57,20.51,38.441,32.531,27.756,4.633,80.819,17.916,12,-4.029,-5.168,-5.342,-3.972,0.321,1.518,7.529,-0.322,8.221,5.013,0.37,-4.17,Durian,Clay,0.715,0.288,23.003,9,0.358,3.100.197,27.741
10.805,105.969,5,2,3.64,36.238,28.832,5.281,20.843,42.919,32.217,27.943,4.086,78.872,17.995,12,-3.746,-4.521,-4.623,-3.766,0.185,2.318,6.441,-0.148,6.711,4.856,-0.075,-3.632,Durian,Clay Loam,0.796,0.287,20.511,9,0.327,3726.74,27.93
8.709,105.089,5,4,3.64,36.768,41.715,5.632,33.885,29.347,45.344,28.108,4.124,81.153,17.99,12,-4.09,-5.039,-5.355,-3.179,-0.603,0.768,5.814,0.689,7.162,2.936,4.049,-3.155,Durian,Clay Loam,0.717,0.276,21.421,9,0.334,2.965.783,28.082
10.495,106.421,5,2,3.64,37.275,31.45,6.2,23.85,38.95,40.725,27.91,4.33,79.72,18.06,12,-4.03,-4.78,-4.88,-4,0.35,2.61,7.9,-0.29,6.54,4.36,0.01,-3.83,Durian,Clay Loam,0.763,0.292,21.81,7,0.363,1.734.376,27.897
10.59,105.995,5.587,5.587,3.64,42.411,26.411,5.917,17.313,40.335,33.692,27.94,4.094,78.897,17.994,12,-3.75,-4.53,-4.633,-3.769,0.187,2.307,6.455,-0.152,6.734,4.86,-0.069,-3.639,Durian,Clay,0.795,0.297,20.542,9,0.328,2.347.912,27.904
9.53,105.247,6,2,3.64,38.432,35.281,5.565,32.548,29.056,41.768,27.865,5.138,81.782,17.338,12,-4.729,-5.68,-6.093,-3.363,-0.272,0.5,7.865,0.522,9.284,5.852,0.999,-4.916,Durian,Clay Loam,0.683,0.274,25.053,9,0.371,3.111.037,27.852
10.471,106.375,5,2,3.64,37.555,31.346,6.2,23.539,38.971,40.901,27.91,4.33,79.72,18.06,12,-4.03,-4.78,-4.88,-4,0.35,2.61,7.9,-0.29,6.54,4.36,0.01,-3.83,Durian,Clay Loam,0.763,0.293,21.81,7,0.363,1.734.376,27.897
8.673,104.904,6,0.112,3.64,38.834,55.188,5.4,34.431,26.734,56.299,28.129,4.024,81.255,17.74,12,-3.979,-4.961,-5.274,-3.16,-0.594,0.613,5.538,0.781,6.92,2.691,4.369,-2.963,Durian,Clay Loam,0.714,0.29,20.931,9,0.331,3.468.752,28.128
9.651,105.463,5,1.401,3.64,34.799,45.241,5.4,26.785,38.475,39.777,27.808,5.207,81.627,17.03,12,-4.617,-5.795,-6.119,-3.628,-0.272,0.898,8.556,0.087,9.819,4.869,0.955,-4.744,Durian,Clay Loam,0.687,0.284,25.175,9,0.39,3.468.752,27.799
9.959,105.444,5,2,3.64,36.405,32.947,5.7,26.551,37.044,37.005,27.52,5.44,82.42,17.463,12,-4.68,-6.01,-6.26,-4.19,0.2,1.23,10.03,-0.2,9.39,5.07,0.41,-4.97,Durian,Clay Loam,0.646,0.281,26.31,7,0.381,2.818.361,27.507
10.843,105.187,5.861,3.139,3.64,33.978,29.358,5.844,24.256,41.767,31.094,28.152,3.878,76.966,17.9,12,-3.232,-4.243,-4.449,-3.387,-0.216,0.812,3.452,0.268,8.396,5.029,0.788,-3.224,Durian,Clay Loam,0.878,0.278,18.751,9,0.448,2.506.173,28.132
9.078,105.009,5,3.116,3.64,38.734,45.144,5.7,32.755,28.423,48.62,28.04,4.45,80.82,18.052,12,-4.45,-5.29,-5.62,-3.24,-0.63,1.27,6.71,0.39,7.95,3.73,3.01,-3.78,Durian,Clay Loam,0.727,0.283,23.01,9,0.345,2.818.361,28.02
10.58,106.342,5,2,3.64,39.909,33.293,6.169,16.953,43.138,29.236,27.91,4.33,79.72,18.06,12,-4.03,-4.78,-4.88,-4,0.35,2.61,7.9,-0.29,6.54,4.36,0.01,-3.83,Durian,Clay Loam,0.763,0.292,21.81,7,0.363,1.801.583,27.897
9.122,105.521,5.828,3,3.64,35.737,37.913,5.537,30.888,33.358,45.802,27.828,5.33,82.861,17.329,12,-5.155,-5.945,-6.376,-3.291,-0.195,0.527,9.253,0.928,8.35,6.36,0.945,-5.423,Durian,Clay Loam,0.641,0.283,26.385,7,0.351,3171.74,27.808
9.899,105.984,5.638,6,3.64,32.319,37.652,6.1,26.286,41.331,45.771,27.577,5.191,82.369,18.14,12,-4.616,-5.71,-5.909,-4.171,0.366,1.492,10.056,-0.136,8.255,4.751,0.353,-4.753,Durian,Clay Loam,0.65,0.294,25.295,7,0.398,1.951.173,27.538
9.929,105.719,6,2.518,3.64,37.482,38.063,6.1,25.115,37.403,46.297,27.52,5.44,82.42,17.03,12,-4.68,-6.01,-6.26,-4.19,0.2,1.23,10.03,-0.2,9.39,5.07,0.41,-4.97,Durian,Clay Loam,0.646,0.297,26.31,7,0.381,1.951.173,27.504
10.504,105.552,5,2,3.64,39.076,35.934,5.871,19.353,41.671,39.1,27.82,4.701,80.205,17.9,12,-3.94,-5.17,-5.402,-3.83,0.061,1.041,6.575,-0.339,9.507,4.92,0.584,-4.051,Durian,Clay Loam,0.74,0.3,22.732,9,0.419,2.447.638,27.807
10.558,105.47,5.829,3,3.64,36.349,27.385,6.034,22.591,41.061,33.617,27.718,4.71,80.898,18.049,12,-4.116,-5.233,-5.412,-4.011,0.336,1.541,7.881,-0.357,8.174,5.059,0.328,-4.232,Durian,Clay Loam,0.71,0.285,23.361,9,0.351,2.094.259,27.698
10.357,106.598,5.991,3,3.64,39.528,34.109,6.399,19.981,40.491,35.519,27.761,4.072,80.83,18.06,12,-3.802,-4.522,-4.602,-4.04,0.251,3.522,7.474,0.444,6.094,2.923,-0.198,-3.562,Durian,Clay Loam,0.715,0.294,20.726,7,0.361,1302.95,27.742
8.766,104.984,5.82,2,3.64,38.8,52.384,5.318,32.906,28.212,47.7,28.122,4.056,81.222,17.785,12,-4.015,-4.987,-5.3,-3.166,-0.597,0.663,5.628,0.751,6.999,2.771,4.265,-3.026,Durian,Clay Loam,0.715,0.281,21.091,9,0.332,3.646.526,28.109
10.823,105.367,6,2.695,3.64,33.639,25.624,5.531,24.569,41.753,35.741,28.142,3.851,77.081,17.9,12,-3.259,-4.235,-4.424,-3.407,-0.162,0.97,3.67,0.193,8.032,5.135,0.713,-3.241,Durian,Clay Loam,0.874,0.284,18.728,9,0.429,3.184.748,28.124
8.801,104.997,5.532,2.935,3.64,37.119,43.112,5.547,33.873,29.008,43.479,28.087,4.226,81.049,17.857,12,-4.202,-5.117,-5.438,-3.198,-0.611,0.924,6.093,0.596,7.408,3.183,3.725,-3.35,Durian,Clay Loam,0.72,0.273,21.916,9,0.338,3150.06,28.068
10.404,106.251,5.551,2.551,3.64,41.888,31.073,6.345,17.99,40.122,33.445,27.91,4.33,79.72,18.06,12,-4.03,-4.78,-4.88,-4,0.35,2.61,7.9,-0.29,6.54,4.36,0.01,-3.83,Durian,Clay,0.763,0.295,21.81,7,0.363,1420.02,27.893
10.075,105.827,5.084,2.916,3.64,33.583,34.843,6.058,24.4,42.017,35.872,27.52,5.44,82.42,17.9,12,-4.68,-6.01,-6.26,-4.19,0.2,1.23,10.03,-0.2,9.39,5.07,0.41,-4.97,Durian,Clay Loam,0.646,0.284,26.31,7,0.381,2.042.228,27.501
9.797,106.086,5,4.403,3.64,37.641,33.078,6.14,26.359,36,48.179,27.61,5.05,82.34,17.725,12,-4.58,-5.54,-5.71,-4.16,0.46,1.64,10.07,-0.1,7.61,4.57,0.32,-4.63,Durian,Clay Loam,0.653,0.297,24.72,7,0.408,1.864.454,27.581
10.535,105.647,5.91,3.82,3.64,38.519,27.509,5.882,19.219,42.271,37.257,27.74,4.64,80.6,17.9,12,-4.02,-5.17,-5.35,-3.98,0.31,1.52,7.43,-0.41,8.29,5.16,0.33,-4.15,Durian,Clay Loam,0.722,0.298,23.08,9,0.36,2423.79,27.715
9.813,105.378,5.808,1.192,3.64,39.496,32.418,5.6,24.115,36.408,38.566,27.52,5.44,82.42,17.03,12,-4.68,-6.01,-6.26,-4.19,0.2,1.23,10.03,-0.2,9.39,5.07,0.41,-4.97,Durian,Clay Loam,0.646,0.289,26.31,7,0.381,3.035.158,27.512
8.907,105.05,5.784,9.056,3.64,38.462,44.103,5.686,29.79,31.748,75.486,28.06,4.253,81.615,17.587,12,-4.13,-5.125,-5.411,-3.275,-0.396,0.558,6.384,0.828,7.064,3.225,3.633,-3.385,Durian,Clay Loam,0.697,0.327,21.722,9,0.326,2.848.713,28.001
9.857,105.445,5,2,3.64,34.36,27.027,5.74,26.473,39.067,40.193,27.783,5.259,81.758,17.03,12,-4.675,-5.841,-6.173,-3.653,-0.261,0.883,8.76,0.115,9.767,4.999,0.915,-4.824,Durian,Clay Loam,0.681,0.285,25.427,9,0.384,2.731.642,27.77
9.676,105.139,5.817,1.817,3.64,39.183,39.668,5.3,25.163,35.672,40.105,27.97,4.72,81.28,17.03,12,-4.59,-5.52,-5.78,-3.25,-0.54,1.6,7.82,0.24,8.31,4.06,1.94,-4.24,Durian,Clay Loam,0.706,0.288,23.92,9,0.347,3.685.549,27.958
9.429,105.416,6,3,3.64,40.785,37.888,5.487,33.012,26.202,37.064,27.598,5.657,82.834,17.03,12,-5.154,-6.202,-6.599,-3.806,-0.179,0.742,10.34,0.39,9.277,6.09,0.622,-5.478,Durian,Clay,0.634,0.266,27.418,7,0.377,3.280.139,27.578
9.743,105.772,5.387,2.775,3.64,36.484,43.322,5.761,26.91,36.606,44.135,27.557,5.587,82.671,17.367,12,-4.968,-6.139,-6.474,-3.982,-0.027,0.942,10.275,0.137,9.359,5.676,0.52,-5.282,Durian,Clay Loam,0.638,0.29,26.872,7,0.382,2.686.115,27.539
9.514,105.944,5.148,2.444,3.64,39.378,33.578,5.544,26.089,34.548,32.752,27.742,5.339,82.736,17.03,12,-4.929,-5.922,-6.15,-3.748,0.239,0.675,10.055,0.75,8.25,5.702,0.377,-5.318,Durian,Clay Loam,0.643,0.276,26.067,7,0.386,3.156.564,27.726
9.352,105.172,6,0.596,3.64,43.313,37.544,5.36,28.419,28.267,41.791,27.738,5.292,82.204,17.446,12,-4.924,-5.937,-6.275,-3.608,-0.319,1.099,9.376,0.306,8.924,5.252,1.135,-4.979,Durian,Clay,0.662,0.283,26.042,7,0.359,3.555.471,27.734
9.136,105.356,6,1.922,3.64,38.44,44.316,5.416,32.83,28.822,42.216,27.84,5.34,82.89,17.03,12,-5.21,-5.96,-6.44,-3.2,-0.3,0.5,9.1,0.95,8.41,6.51,1.07,-5.45,Durian,Clay Loam,0.641,0.274,26.56,7,0.343,3.434.064,27.828
10.598,104.895,5.457,11.255,3.64,29.679,32.264,5.609,37.6,32.776,33.961,28.024,4.372,78.438,18.24,12,-3.557,-4.749,-5.007,-3.527,-0.238,0.582,4.54,0.01,9.883,4.783,0.861,-3.606,Durian,Clay Loam,0.816,0.251,20.684,9,0.478,3.015.646,27.951
10.189,105.895,6,2.277,3.64,37.262,33.918,6.386,20.135,42.689,37.714,27.532,5.386,82.409,17.922,12,-4.666,-5.945,-6.184,-4.186,0.236,1.287,10.036,-0.186,9.144,5.001,0.398,-4.923,Durian,Clay Loam,0.647,0.296,26.09,7,0.384,1.331.134,27.517
10.392,106.528,5.41,2.41,3.64,40.031,32.801,6.4,18.878,41.09,34.319,27.849,4.223,80.179,18.06,12,-3.936,-4.673,-4.765,-4.016,0.309,2.987,7.724,0.013,6.356,3.766,-0.076,-3.719,Durian,Clay,0.743,0.295,21.185,7,0.365,1.300.782,27.833
10.304,105.53,5.774,2,3.64,33.143,28.689,6.009,22.219,44.561,39.27,27.57,5.259,82.008,17.9,12,-4.531,-5.82,-6.054,-4.142,0.225,1.296,9.442,-0.248,9.141,5.09,0.392,-4.784,Durian,Clay Loam,0.663,0.294,25.579,7,0.369,2.148.458,27.557
10.08,105.24,6,3.616,3.64,38.015,28.568,5.677,23.677,38.308,46.808,27.791,5.101,81.435,17.775,12,-4.421,-5.702,-5.971,-3.753,-0.133,1.082,8.349,-0.132,9.852,4.454,0.896,-4.527,Durian,Clay Loam,0.693,0.301,24.639,9,0.4,2.868.224,27.767
10.698,104.713,5.45,48.747,3.64,27.755,32.61,5.745,40.415,31.774,39.091,27.712,4.325,78.765,18.24,12,-3.531,-4.648,-4.916,-3.451,-0.374,0.544,4.026,0.042,9.995,4.787,0.996,-3.495,Durian,Clay Loam,0.789,0.252,20.415,9,0.49,2.720.802,27.395
10.587,104.902,5.421,11.476,3.64,29.833,32.146,5.616,37.6,32.625,33.884,28.015,4.404,78.544,18.24,12,-3.581,-4.783,-5.043,-3.538,-0.237,0.576,4.625,-0.012,9.963,4.772,0.862,-3.633,Durian,Clay Loam,0.812,0.251,20.827,9,0.479,3000.47,27.94
9.976,106.23,5,2.759,3.64,36.461,28.498,6.224,23.856,39.683,33.893,27.61,5.05,82.34,18.77,12,-4.58,-5.54,-5.71,-4.16,0.46,1.64,10.07,-0.1,7.61,4.57,0.32,-4.63,Durian,Clay Loam,0.653,0.283,24.72,7,0.408,1.682.345,27.592
9.938,106.481,6,2.099,3.64,36.419,40.352,6.17,22.848,40.723,38.418,27.623,5.009,82.168,18.684,12,-4.525,-5.503,-5.674,-4.142,0.445,1.628,9.809,-0.131,7.677,4.628,0.321,-4.583,Durian,Clay Loam,0.659,0.291,24.558,7,0.4,1.799.415,27.609
10.408,104.956,5.89,13.324,3.64,29.191,28.423,5.633,33.923,36.974,37.61,27.91,4.77,79.76,18.24,12,-3.85,-5.17,-5.46,-3.66,-0.22,0.5,5.61,-0.26,10.88,4.65,0.87,-3.94,Durian,Clay Loam,0.761,0.265,22.56,9,0.483,2.963.615,27.823
10.178,105.915,5.012,2,3.64,40.234,33.902,6.299,21.59,38.274,40.617,27.521,5.443,82.425,17.889,12,-4.686,-6.013,-6.264,-4.186,0.195,1.224,10.035,-0.193,9.389,5.082,0.412,-4.976,Durian,Clay,0.646,0.297,26.318,7,0.381,1.519.747,27.508
9.559,105.181,5,1.37,3.64,37.218,39.697,5.589,28.752,34.03,39.778,27.97,4.72,81.28,17.03,12,-4.59,-5.52,-5.78,-3.25,-0.54,1.6,7.82,0.24,8.31,4.06,1.94,-4.24,Durian,Clay Loam,0.706,0.28,23.92,9,0.347,3.059.006,27.961
10.179,105.935,6,2.973,3.64,36.662,35.014,6.186,22.681,40.655,44.212,27.608,5.061,82.342,17.876,12,-4.583,-5.553,-5.725,-4.161,0.453,1.629,10.069,-0.103,7.659,4.584,0.322,-4.639,Durian,Clay Loam,0.652,0.3,24.764,7,0.407,1.764.728,27.589
10.496,106.156,6,2,3.64,39.961,29.828,6.282,18.421,41.578,39.382,27.843,4.452,80.066,17.997,12,-4.026,-4.933,-5.065,-3.992,0.334,2.182,7.715,-0.337,7.228,4.674,0.136,-3.956,Durian,Clay Loam,0.747,0.303,22.309,7,0.346,1.556.602,27.83
10.42,106.009,5,2,3.64,38.594,27.915,6.015,18.085,43.369,35.957,27.829,4.477,80.137,17.984,12,-4.025,-4.965,-5.103,-3.991,0.331,2.093,7.677,-0.347,7.37,4.739,0.162,-3.982,Durian,Clay Loam,0.743,0.299,22.413,7,0.343,2135.45,27.816
10.149,106.18,5.512,3.953,3.64,38.226,30.456,6.256,19.149,42.625,46.223,27.61,5.05,82.34,18.06,12,-4.58,-5.54,-5.71,-4.16,0.46,1.64,10.07,-0.1,7.61,4.57,0.32,-4.63,Durian,Clay Loam,0.653,0.311,24.72,7,0.408,1612.97,27.584
9.082,104.983,5.166,2.834,3.64,38.735,45.418,5.667,32.782,28.4,47.655,28.04,4.45,80.82,18.007,12,-4.45,-5.29,-5.62,-3.24,-0.63,1.27,6.71,0.39,7.95,3.73,3.01,-3.78,Durian,Clay Loam,0.727,0.281,23.01,9,0.345,2.889.904,28.022
10.459,106.424,5,2.354,3.64,36.848,33.188,6.2,24.423,38.794,41.717,27.91,4.33,79.72,18.06,12,-4.03,-4.78,-4.88,-4,0.35,2.61,7.9,-0.29,6.54,4.36,0.01,-3.83,Durian,Clay Loam,0.763,0.292,21.81,7,0.363,1.734.376,27.895
10.192,105.958,5.955,3,3.64,36.727,35.04,6.2,22.763,40.51,44.3,27.623,5.018,82.223,17.907,12,-4.555,-5.506,-5.673,-4.153,0.455,1.683,9.973,-0.109,7.562,4.561,0.306,-4.594,Durian,Clay Loam,0.657,0.3,24.59,7,0.406,1.734.376,27.604
9.894,105.645,5.238,2,3.64,40.114,34.243,5.767,24.648,35.338,37.286,27.541,5.347,82.401,17.444,12,-4.656,-5.898,-6.129,-4.183,0.262,1.328,10.04,-0.176,8.966,4.951,0.389,-4.889,Durian,Clay,0.648,0.286,25.931,7,0.387,2.673.107,27.528
10.004,105.278,5.947,1.16,3.64,36.647,33.249,5.695,28.413,35.035,34.74,27.957,4.884,80.763,17.095,12,-4.238,-5.492,-5.772,-3.49,-0.334,0.964,7.21,-0.099,10.179,4.101,1.182,-4.233,Durian,Clay Loam,0.725,0.273,23.658,9,0.431,2.829.201,27.949
10.239,105.283,5.66,2,3.64,38.488,33.464,5.702,23.208,38.336,44.645,27.943,4.849,80.46,17.9,12,-4.121,-5.394,-5.678,-3.541,-0.299,0.824,6.726,-0.148,10.391,4.267,1.088,-4.145,Durian,Clay Loam,0.736,0.299,23.326,9,0.446,2.814.025,27.93
8.786,104.997,5.517,2,3.64,34.638,53.466,5.4,31.948,33.414,53.61,28.04,4.45,80.82,17.869,12,-4.45,-5.29,-5.62,-3.24,-0.63,1.27,6.71,0.39,7.95,3.73,3.01,-3.78,Durian,Clay Loam,0.727,0.292,23.01,9,0.345,3.468.752,28.027
10.114,105.129,5.379,1.621,3.64,39.121,34.803,5.6,26.389,34.489,36.234,27.793,5.098,81.426,17.782,12,-4.419,-5.699,-5.968,-3.749,-0.135,1.081,8.334,-0.132,9.856,4.449,0.901,-4.523,Durian,Clay Loam,0.694,0.28,24.625,9,0.4,3.035.158,27.782
10.607,105.105,5,2,3.64,40.978,36.187,6.1,19.307,39.716,46.202,27.91,4.77,79.76,17.9,12,-3.85,-5.17,-5.46,-3.66,-0.22,0.5,5.61,-0.26,10.88,4.65,0.87,-3.94,Durian,Clay,0.761,0.31,22.56,9,0.483,1.951.173,27.897
10.403,105.233,5,2,3.64,39.577,36.444,5.539,19.3,41.184,36.939,27.844,4.72,80.084,17.9,12,-3.916,-5.17,-5.418,-3.783,-0.015,0.894,6.312,-0.318,9.881,4.847,0.662,-4.021,Durian,Clay Loam,0.746,0.297,22.641,9,0.437,3.167.404,27.831
10.404,106.37,5,4.792,3.64,38.483,32.358,6.221,19.188,42.329,37.125,27.91,4.33,79.72,18.06,12,-4.03,-4.78,-4.88,-4,0.35,2.61,7.9,-0.29,6.54,4.36,0.01,-3.83,Durian,Clay Loam,0.763,0.298,21.81,7,0.363,1.688.849,27.879
10.796,105.336,5,4,3.64,35.7,25.762,5.5,21.142,43.098,32.836,27.987,4.354,78.871,17.9,12,-3.656,-4.778,-4.999,-3.591,-0.107,0.957,5.194,-0.203,9.114,5.026,0.68,-3.685,Durian,Clay Loam,0.798,0.287,21.019,9,0.435,3.251.955,27.961
9.988,106.028,5.101,1.101,3.64,36.334,32.138,6.141,22.335,41.33,45.313,27.61,5.05,82.34,18.698,12,-4.58,-5.54,-5.71,-4.16,0.46,1.64,10.07,-0.1,7.61,4.57,0.32,-4.63,Durian,Clay Loam,0.653,0.302,24.72,7,0.408,1.862.286,27.603
10.599,105.937,5,2,3.64,40.447,32.268,5.692,17.115,42.438,31.848,27.766,4.593,80.465,17.924,12,-4.022,-5.11,-5.278,-3.983,0.316,1.687,7.502,-0.392,8.022,5.038,0.281,-4.101,Durian,Clay,0.728,0.295,22.886,9,0.351,2.835.705,27.753
10.044,105.095,5,1.469,3.64,35.765,28.24,5.547,26.916,37.219,38.763,27.96,4.89,80.82,17.492,12,-4.26,-5.51,-5.79,-3.48,-0.34,0.99,7.3,-0.09,10.14,4.07,1.2,-4.25,Durian,Clay Loam,0.723,0.282,23.72,9,0.428,3150.06,27.95
10.844,104.702,5.158,6.317,3.64,28.073,32.99,5.416,38.863,33.064,29.965,27.647,3.951,77.779,18.24,12,-3.261,-4.225,-4.47,-3.294,-0.462,0.596,2.815,0.296,9.18,4.906,1.06,-3.143,Durian,Clay Loam,0.823,0.243,18.855,9,0.487,3.434.064,27.606
10.539,106.14,5.42,2,3.64,40.324,28.578,6.216,18.01,41.625,37.924,27.839,4.46,80.089,17.993,12,-4.026,-4.944,-5.077,-3.992,0.333,2.152,7.703,-0.34,7.275,4.696,0.144,-3.964,Durian,Clay,0.746,0.302,22.343,7,0.345,1.699.688,27.826
10.482,105.434,6,2,3.64,35.296,27.716,5.932,19.072,45.632,33.08,27.835,4.713,80.13,17.9,12,-3.925,-5.17,-5.412,-3.801,0.013,0.949,6.411,-0.326,9.74,4.875,0.632,-4.032,Durian,Clay Loam,0.744,0.292,22.666,9,0.431,2.315.392,27.822
10.75,104.663,5,59.684,3.64,26.084,32.132,5.711,39.832,33.995,37.295,27.588,4.045,78.141,18.24,12,-3.331,-4.32,-4.574,-3.32,-0.471,0.572,3.033,0.232,9.439,4.874,1.076,-3.215,Durian,Loam,0.807,0.251,19.231,9,0.491,2.794.513,27.2
9.67,105.094,5.833,2.167,3.64,38.316,34.515,5.5,25.1,36.584,50.935,27.895,4.84,81.471,17.888,12,-4.605,-5.602,-5.86,-3.407,-0.416,1.538,8.19,0.166,8.491,4.229,1.684,-4.362,Durian,Clay Loam,0.696,0.304,24.252,9,0.349,3.251.955,27.881
10.315,105.179,5,2,3.64,37.203,34.658,5.608,23.708,39.086,41.428,27.91,4.77,79.76,17.9,12,-3.85,-5.17,-5.46,-3.66,-0.22,0.5,5.61,-0.26,10.88,4.65,0.87,-3.94,Durian,Clay Loam,0.761,0.293,22.56,9,0.483,3.017.814,27.897
10.277,105.527,6,2,3.64,33.08,29.757,5.94,22.172,44.672,39.083,27.57,5.257,82.004,17.9,12,-4.529,-5.818,-6.052,-4.142,0.225,1.296,9.436,-0.248,9.139,5.091,0.392,-4.783,Durian,Clay Loam,0.663,0.294,25.572,7,0.369,2.298.048,27.557
10.143,105.412,6,2.068,3.64,38.666,28.916,5.602,24.459,36.874,37.634,27.52,5.44,82.42,17.88,12,-4.68,-6.01,-6.26,-4.19,0.2,1.23,10.03,-0.2,9.39,5.07,0.41,-4.97,Durian,Clay Loam,0.646,0.286,26.31,7,0.381,3.030.822,27.507
10.188,105.536,5.468,1.532,3.64,40.528,34.555,6.066,22.021,37.504,41.957,27.726,5.183,81.671,17.9,12,-4.483,-5.776,-6.04,-3.858,-0.053,1.118,8.752,-0.149,9.741,4.602,0.78,-4.633,Durian,Clay,0.682,0.298,24.992,9,0.39,2.024.884,27.716
9.808,105.077,5.864,1.272,3.64,38.246,41.662,5.568,26.564,35.19,61.743,27.9,4.965,81.037,17.92,12,-4.317,-5.578,-5.854,-3.576,-0.267,1.023,7.671,-0.105,10.038,4.206,1.093,-4.348,Durian,Clay Loam,0.713,0.315,24.045,9,0.418,3.104.533,27.892
9.577,105.221,5.099,1,3.64,35.901,37.5,5.22,27.07,37.119,35.36,27.97,4.72,81.28,17.03,12,-4.59,-5.52,-5.78,-3.25,-0.54,1.6,7.82,0.24,8.31,4.06,1.94,-4.24,Durian,Clay Loam,0.706,0.277,23.92,9,0.347,3.858.987,27.964
10.146,106.114,5.209,4.373,3.64,38.779,26.376,6.279,22.234,38.987,37.496,27.61,5.05,82.34,18.06,12,-4.58,-5.54,-5.71,-4.16,0.46,1.64,10.07,-0.1,7.61,4.57,0.32,-4.63,Durian,Clay Loam,0.653,0.291,24.72,7,0.408,1.563.106,27.582
9.762,106.226,5,2.223,3.64,37.459,29.474,6.078,26.333,36.2,41.841,27.603,5.079,82.346,18.641,12,-4.587,-5.575,-5.751,-4.162,0.441,1.61,10.067,-0.107,7.742,4.607,0.327,-4.655,Durian,Clay Loam,0.652,0.288,24.837,7,0.406,1.998.868,27.589
10.599,105.862,5,2,3.64,41.189,28.044,6.1,18.548,40.263,35.67,27.84,4.458,80.084,17.9,12,-4.026,-4.942,-5.075,-3.992,0.333,2.159,7.705,-0.34,7.265,4.691,0.143,-3.963,Durian,Clay,0.746,0.297,22.338,7,0.346,1.951.173,27.827
10.096,106.139,5.605,2,3.64,38.265,28.947,6.24,23.46,38.275,36.072,27.61,5.05,82.34,18.341,12,-4.58,-5.54,-5.71,-4.16,0.46,1.64,10.07,-0.1,7.61,4.57,0.32,-4.63,Durian,Clay Loam,0.653,0.287,24.72,7,0.408,1.647.657,27.597
10.425,106.455,5,3,3.64,41.052,35.855,6.231,16.564,42.385,39.28,27.91,4.33,79.72,18.06,12,-4.03,-4.78,-4.88,-4,0.35,2.61,7.9,-0.29,6.54,4.36,0.01,-3.83,Durian,Clay,0.763,0.307,21.81,7,0.363,1.667.169,27.89
10.318,104.836,6,2,3.64,31.674,33.391,5.515,24.635,43.691,40.512,27.91,4.77,79.76,18.24,12,-3.85,-5.17,-5.46,-3.66,-0.22,0.5,5.61,-0.26,10.88,4.65,0.87,-3.94,Durian,Clay Loam,0.761,0.29,22.56,9,0.483,3.219.435,27.897
9.338,105.153,5.512,1,3.64,41.183,38.39,5.646,28.441,30.376,53.9,27.97,4.72,81.28,17.03,12,-4.59,-5.52,-5.78,-3.25,-0.54,1.6,7.82,0.24,8.31,4.06,1.94,-4.24,Durian,Clay,0.706,0.3,23.92,9,0.347,2.935.431,27.964
10.551,105.278,5,2,3.64,37.635,34.265,6.035,20.742,41.71,45.837,27.91,4.77,79.76,17.9,12,-3.85,-5.17,-5.46,-3.66,-0.22,0.5,5.61,-0.26,10.88,4.65,0.87,-3.94,Durian,Clay Loam,0.761,0.306,22.56,9,0.483,2.092.091,27.897
9.952,105.649,6,3.671,3.64,36.251,40.856,5.634,27.301,36.448,43.433,27.594,5.322,82.232,17.757,12,-4.665,-5.929,-6.181,-4.035,0.078,1.291,9.666,-0.128,9.212,4.904,0.662,-4.85,Durian,Clay Loam,0.656,0.288,25.788,7,0.374,2.961.447,27.57
9.182,105.566,6,2,3.64,39.156,36.896,5.6,31.856,28.952,42.9,27.744,5.466,82.868,17.03,12,-5.188,-6.056,-6.503,-3.441,-0.252,0.596,9.593,0.728,8.754,6.343,0.892,-5.461,Durian,Clay Loam,0.638,0.277,26.901,7,0.357,3.035.158,27.731
10.845,105.928,5,2.375,3.64,37.088,31.437,5.775,23.675,39.3,38.187,28.11,3.781,77.389,18,12,-3.429,-4.144,-4.257,-3.526,-0.035,2.043,4.833,0.142,6.787,4.759,0.1,-3.254,Durian,Clay Loam,0.86,0.289,18.645,9,0.364,2.655.763,28.095
10.181,105.786,5,3.578,3.64,38.563,26.19,6.158,22.042,39.395,36.225,27.567,5.235,82.378,17.984,12,-4.627,-5.763,-5.971,-4.174,0.337,1.446,10.051,-0.147,8.454,4.807,0.363,-4.791,Durian,Clay Loam,0.649,0.29,25.473,7,0.395,1.825.431,27.544
9.813,105.466,5.556,2.888,3.64,36.844,31.755,5.889,26.789,36.422,39.189,27.765,5.134,81.531,17.03,12,-4.447,-5.732,-5.999,-3.795,-0.1,1.097,8.512,-0.139,9.807,4.514,0.849,-4.57,Durian,Clay Loam,0.689,0.283,24.782,9,0.396,2.408.615,27.746
9.273,105.622,5.005,2.995,3.64,41.981,41.587,5.401,30.503,27.515,43.497,27.58,5.68,82.83,17.03,12,-5.15,-6.22,-6.61,-3.85,-0.17,0.76,10.43,0.35,9.34,6.06,0.59,-5.48,Durian,Clay,0.633,0.281,27.48,7,0.379,3.466.584,27.561
9.85,105.459,5.455,2.909,3.64,38.991,34.691,5.6,24.827,36.236,38.455,27.52,5.44,82.42,17.03,12,-4.68,-6.01,-6.26,-4.19,0.2,1.23,10.03,-0.2,9.39,5.07,0.41,-4.97,Durian,Clay Loam,0.646,0.287,26.31,7,0.381,3.035.158,27.501
10.742,105.43,5,2.912,3.64,34.941,28.847,5.526,24.079,40.988,29.415,27.74,4.64,80.6,17.9,12,-4.02,-5.17,-5.35,-3.98,0.31,1.52,7.43,-0.41,8.29,5.16,0.33,-4.15,Durian,Clay Loam,0.722,0.276,23.08,9,0.36,3.195.588,27.721
8.997,105.203,6,1.393,3.64,39.039,44.303,5.561,32.865,28.097,42.99,27.919,4.99,82.076,17.309,12,-4.911,-5.697,-6.118,-3.216,-0.43,0.803,8.16,0.73,8.229,5.417,1.833,-4.793,Durian,Clay Loam,0.674,0.275,25.165,9,0.327,3.119.709,27.91
9.596,105.727,5.848,1.848,3.64,35.712,32.543,5.9,26.803,37.47,41.464,27.58,5.68,82.83,17.03,12,-5.15,-6.22,-6.61,-3.85,-0.17,0.76,10.43,0.35,9.34,6.06,0.59,-5.48,Durian,Clay Loam,0.633,0.286,27.48,7,0.379,2.384.767,27.568
10.359,106.595,5.969,2.969,3.64,39.528,34.032,6.4,19.941,40.531,35.438,27.765,4.078,80.805,18.06,12,-3.807,-4.528,-4.609,-4.039,0.253,3.502,7.483,0.427,6.104,2.955,-0.194,-3.568,Durian,Clay Loam,0.716,0.294,20.745,7,0.361,1.300.782,27.746
9.583,105.19,5,2,3.64,38.132,38.48,5.42,28.459,33.409,39.347,27.964,4.736,81.322,17.081,12,-4.599,-5.53,-5.788,-3.264,-0.515,1.572,7.883,0.257,8.303,4.106,1.893,-4.271,Durian,Clay Loam,0.705,0.28,23.967,9,0.346,3.425.393,27.951
9.562,104.888,6,0.453,3.64,37.162,34.645,5.4,26.051,36.709,47.97,27.97,4.72,81.28,18.06,12,-4.59,-5.52,-5.78,-3.25,-0.54,1.6,7.82,0.24,8.31,4.06,1.94,-4.24,Durian,Clay Loam,0.706,0.297,23.92,9,0.347,3.468.752,27.967
10.164,104.861,5.98,1,3.64,37.844,41.024,5.79,24.804,37.354,40.448,27.96,4.887,80.829,18.216,12,-4.267,-5.51,-5.79,-3.475,-0.344,1.002,7.31,-0.083,10.104,4.07,1.215,-4.25,Durian,Clay Loam,0.723,0.29,23.719,9,0.426,2.623.244,27.954
10.508,105.38,5.522,2.522,3.64,35.874,26.631,5.809,21.583,42.59,32.596,27.74,4.64,80.6,17.9,12,-4.02,-5.17,-5.35,-3.98,0.31,1.52,7.43,-0.41,8.29,5.16,0.33,-4.15,Durian,Clay Loam,0.722,0.286,23.08,9,0.36,2.582.052,27.724
9.893,105.844,5.468,2.532,3.64,34.768,34.01,6.019,23.011,42.227,40.408,27.568,5.232,82.377,17.956,12,-4.627,-5.76,-5.967,-4.174,0.338,1.448,10.051,-0.147,8.443,4.804,0.362,-4.789,Durian,Clay Loam,0.65,0.294,25.464,7,0.395,2.126.779,27.552
10.21,106.058,5.168,4.832,3.64,38.766,26.253,6.233,21.462,39.771,37.583,27.632,4.981,82.047,18.033,12,-4.486,-5.478,-5.649,-4.13,0.435,1.62,9.626,-0.152,7.724,4.669,0.322,-4.549,Durian,Clay Loam,0.664,0.293,24.444,7,0.395,1.662.833,27.601
10.088,105.407,5.753,2,3.64,38.404,29.739,5.625,25.068,36.528,37.748,27.52,5.44,82.42,17.685,12,-4.68,-6.01,-6.26,-4.19,0.2,1.23,10.03,-0.2,9.39,5.07,0.41,-4.97,Durian,Clay Loam,0.646,0.285,26.31,7,0.381,2.980.959,27.507
9.87,105.214,5,2,3.64,35.8,43.923,5.565,25.539,38.662,51.214,27.889,4.979,81.078,17.17,12,-4.328,-5.591,-5.866,-3.595,-0.253,1.029,7.741,-0.108,10.019,4.231,1.072,-4.366,Durian,Clay Loam,0.711,0.303,24.107,9,0.416,3.111.037,27.876
9.937,106.474,5.356,3.644,3.64,33.293,39.26,6.136,22.048,44.659,38.81,27.61,5.05,82.34,18.77,12,-4.58,-5.54,-5.71,-4.16,0.46,1.64,10.07,-0.1,7.61,4.57,0.32,-4.63,Durian,Clay Loam,0.653,0.294,24.72,7,0.408,1.873.126,27.586
9.595,105.07,5,2,3.64,39.603,51.768,5.435,28.186,32.211,58.17,27.979,4.644,80.941,17.24,12,-4.417,-5.383,-5.638,-3.274,-0.5,1.451,7.278,0.16,8.573,4.051,1.831,-4.098,Durian,Clay Loam,0.72,0.307,23.31,9,0.367,3.392.873,27.966
10.321,105.194,5,2,3.64,37.229,34.264,5.687,23.787,38.955,41.691,27.91,4.77,79.76,17.9,12,-3.85,-5.17,-5.46,-3.66,-0.22,0.5,5.61,-0.26,10.88,4.65,0.87,-3.94,Durian,Clay Loam,0.761,0.294,22.56,9,0.483,2.846.545,27.897
9.859,105.714,5.177,4.468,3.64,38.59,27.811,5.782,25.447,35.899,40.622,27.531,5.483,82.493,17.03,12,-4.763,-6.047,-6.322,-4.13,0.134,1.147,10.101,-0.103,9.381,5.245,0.442,-5.06,Durian,Clay Loam,0.644,0.288,26.425,7,0.382,2.640.587,27.502
8.925,104.829,6,6.94,3.64,38.154,43.331,5.651,31.71,30.136,69.321,28.089,4.214,81.061,17.902,12,-4.189,-5.108,-5.428,-3.196,-0.61,0.906,6.06,0.607,7.379,3.154,3.764,-3.327,Durian,Clay Loam,0.72,0.314,21.858,9,0.337,2.924.592,28.044
10.057,105.423,5,2.677,3.64,37.223,49.02,5.871,25.248,37.529,64.426,27.681,5.066,81.42,17.42,12,-4.328,-5.597,-5.841,-3.932,0.035,1.072,8.307,-0.206,9.532,4.728,0.7,-4.47,Durian,Clay Loam,0.689,0.322,24.374,9,0.391,2.447.638,27.664
9.891,106.389,6,2,3.64,39.959,35.242,6.147,26.712,33.353,37.065,27.61,5.05,82.34,18.77,12,-4.58,-5.54,-5.71,-4.16,0.46,1.64,10.07,-0.1,7.61,4.57,0.32,-4.63,Durian,Clay Loam,0.653,0.28,24.72,7,0.408,1.849.278,27.597
9.667,105.153,5.831,2,3.64,35.323,39.125,5.351,26.885,37.793,44.125,27.96,4.728,81.023,17.235,12,-4.465,-5.461,-5.726,-3.319,-0.486,1.414,7.446,0.155,8.745,4.16,1.759,-4.189,Durian,Clay Loam,0.716,0.29,23.646,9,0.369,3.574.983,27.947
10.318,106.006,5,3.09,3.64,38.101,32.934,6.091,22.635,39.263,41.019,27.91,4.33,79.72,17.973,12,-4.03,-4.78,-4.88,-4,0.35,2.61,7.9,-0.29,6.54,4.36,0.01,-3.83,Durian,Clay Loam,0.763,0.295,21.81,7,0.363,1.970.685,27.89
9.233,105.139,5.165,1,3.64,41.621,37.915,5.4,29.715,28.764,47.516,28.04,4.45,80.82,17.03,12,-4.45,-5.29,-5.62,-3.24,-0.63,1.27,6.71,0.39,7.95,3.73,3.01,-3.78,Durian,Clay,0.727,0.288,23.01,9,0.345,3.468.752,28.034
9.419,105.126,5.583,1.417,3.64,42.242,29.631,5.517,29.034,28.724,39.564,27.97,4.72,81.28,17.03,12,-4.59,-5.52,-5.78,-3.25,-0.54,1.6,7.82,0.24,8.31,4.06,1.94,-4.24,Durian,Clay,0.706,0.279,23.92,9,0.347,3215.1,27.961
8.931,104.906,6,1,3.64,41.899,56.499,5.6,31.2,26.901,52.2,28.04,4.45,80.82,17.74,12,-4.45,-5.29,-5.62,-3.24,-0.63,1.27,6.71,0.39,7.95,3.73,3.01,-3.78,Durian,Clay,0.727,0.291,23.01,9,0.345,3.035.158,28.034
10.185,105.94,5,2,3.64,39.929,33.704,6.285,21.465,38.676,40.419,27.534,5.381,82.408,17.924,12,-4.665,-5.939,-6.177,-4.185,0.239,1.292,10.036,-0.185,9.122,4.995,0.396,-4.919,Durian,Clay Loam,0.647,0.297,26.07,7,0.385,1.550.099,27.521
10.099,105.469,5.817,2.55,3.64,38.608,28.717,5.637,24.683,36.69,38.241,27.52,5.44,82.42,17.741,12,-4.68,-6.01,-6.26,-4.19,0.2,1.23,10.03,-0.2,9.39,5.07,0.41,-4.97,Durian,Clay Loam,0.646,0.287,26.31,7,0.381,2.954.943,27.503
9.967,105.709,5,3.415,3.64,37.734,33.183,5.979,24.496,37.77,52.496,27.566,5.274,82.043,17.21,12,-4.543,-5.836,-6.071,-4.146,0.223,1.29,9.491,-0.244,9.162,5.089,0.393,-4.8,Durian,Clay Loam,0.662,0.307,25.64,7,0.37,2.213.497,27.544
9.371,104.925,5.218,1,3.64,39.904,37.435,5.478,30.018,30.1,47.239,27.985,4.661,81.18,17.836,12,-4.56,-5.47,-5.745,-3.248,-0.56,1.528,7.578,0.273,8.232,3.988,2.173,-4.14,Durian,Clay Loam,0.711,0.287,23.723,9,0.346,3299.65,27.978
10.032,106.404,5.735,2,3.64,41.782,33.604,6.247,24.508,33.783,34.044,27.69,4.859,81.645,18.582,12,-4.434,-5.338,-5.49,-4.118,0.431,1.897,9.494,-0.15,7.326,4.514,0.238,-4.418,Durian,Clay,0.681,0.281,23.948,7,0.397,1.632.481,27.677
10.118,105.547,6,2.7,3.64,36.279,34.031,5.98,21.58,42.11,39.631,27.52,5.44,82.42,17.639,12,-4.68,-6.01,-6.26,-4.19,0.2,1.23,10.03,-0.2,9.39,5.07,0.41,-4.97,Durian,Clay Loam,0.646,0.296,26.31,7,0.381,2.211.329,27.502
10.159,106.052,5.674,2.977,3.64,38.733,27.214,6.233,22.979,38.289,37.263,27.61,5.05,82.34,18.06,12,-4.58,-5.54,-5.71,-4.16,0.46,1.64,10.07,-0.1,7.61,4.57,0.32,-4.63,Durian,Clay Loam,0.653,0.289,24.72,7,0.408,1.662.833,27.591
9.986,106.038,5.207,2.793,3.64,35.415,28.028,6.076,24.041,40.543,32.995,27.591,5.131,82.357,18.589,12,-4.601,-5.638,-5.824,-4.166,0.406,1.555,10.062,-0.121,7.979,4.674,0.339,-4.701,Durian,Clay Loam,0.651,0.281,25.051,7,0.402,2.003.204,27.573
10.251,105.27,5.539,3.616,3.64,42.208,29.023,5.608,21.577,36.215,35.985,27.73,5.079,80.987,17.9,12,-4.233,-5.558,-5.829,-3.905,-0.026,0.837,7.65,-0.232,10.192,4.844,0.658,-4.415,Durian,Clay,0.707,0.291,24.198,9,0.421,3.017.814,27.706
10.366,105.377,5.269,2,3.64,35.488,26.519,5.654,20.181,44.404,31.985,27.786,4.675,80.374,17.9,12,-3.974,-5.17,-5.38,-3.894,0.167,1.245,6.94,-0.37,8.987,5.023,0.475,-4.093,Durian,Clay Loam,0.733,0.288,22.881,9,0.394,2.918.088,27.773
9.883,106.239,5.148,3.148,3.64,36.963,35.567,6.026,25.441,37.596,35.762,27.597,5.108,82.352,18.513,12,-4.595,-5.61,-5.791,-4.164,0.422,1.579,10.064,-0.115,7.873,4.644,0.333,-4.68,Durian,Clay Loam,0.652,0.282,24.955,7,0.404,2.111.603,27.577
9.22,105.726,5,2,3.64,36.362,35.59,5.415,32.024,31.613,34.569,27.84,5.34,82.89,17.03,12,-5.21,-5.96,-6.44,-3.2,-0.3,0.5,9.1,0.95,8.41,6.51,1.07,-5.45,Durian,Clay Loam,0.641,0.265,26.56,7,0.343,3.436.232,27.827
9.388,104.87,5.289,7.204,3.64,33.554,53.604,5.516,33.33,33.116,59.162,27.898,4.308,79.99,17.885,12,-4.109,-4.981,-5.288,-3.252,-0.592,1.071,5.559,0.361,8.332,4.068,2.458,-3.592,Durian,Clay Loam,0.752,0.296,21.814,9,0.381,3.217.267,27.851
9.542,104.877,6,0.093,3.64,36.67,34.507,5.419,26.3,36.94,47.656,27.97,4.72,81.28,18.06,12,-4.59,-5.52,-5.78,-3.25,-0.54,1.6,7.82,0.24,8.31,4.06,1.94,-4.24,Durian,Clay Loam,0.706,0.296,23.92,9,0.347,3.427.561,27.969
9.695,105.072,5.132,1.132,3.64,38.747,36.969,5.313,24.246,37.007,48.344,27.97,4.72,81.28,17.166,12,-4.59,-5.52,-5.78,-3.25,-0.54,1.6,7.82,0.24,8.31,4.06,1.94,-4.24,Durian,Clay Loam,0.706,0.302,23.92,9,0.347,3.657.365,27.963
10.025,105.129,5.593,1.407,3.64,37.173,24.731,5.6,26.164,36.663,34.75,27.96,4.89,80.82,17.522,12,-4.26,-5.51,-5.79,-3.48,-0.34,0.99,7.3,-0.09,10.14,4.07,1.2,-4.25,Durian,Clay Loam,0.723,0.278,23.72,9,0.428,3.035.158,27.951
10.797,106.254,5.401,4.203,3.64,35.257,33.495,5.6,24.284,40.459,26.598,28.08,3.71,77.7,17.996,12,-3.56,-4.08,-4.13,-3.62,0.1,2.86,5.77,0.03,5.64,4.65,-0.35,-3.28,Durian,Clay Loam,0.847,0.271,19.02,7,0.303,3.035.158,28.053
10.427,105.377,5.647,2,3.64,35.293,28.059,5.8,18.535,46.172,32.77,27.85,4.724,80.057,17.9,12,-3.91,-5.17,-5.421,-3.773,-0.033,0.861,6.253,-0.313,9.965,4.83,0.679,-4.014,Durian,Clay Loam,0.747,0.293,22.634,9,0.441,2.601.564,27.837
9.807,105.051,6,1,3.64,35.758,35.275,5.446,26.938,37.258,45.396,27.96,4.89,80.82,17.588,12,-4.26,-5.51,-5.79,-3.48,-0.34,0.99,7.3,-0.09,10.14,4.07,1.2,-4.25,Durian,Clay Loam,0.723,0.292,23.72,9,0.428,3.369.025,27.954
9.522,104.953,5,9.886,3.64,37.506,31.557,5.619,25.84,36.653,62.697,27.956,4.733,81.32,18.06,12,-4.59,-5.521,-5.777,-3.285,-0.502,1.602,7.905,0.227,8.283,4.079,1.878,-4.255,Durian,Clay Loam,0.704,0.318,23.93,9,0.345,2.993.967,27.892
10.211,105.348,6,2,3.64,32.346,30.291,5.948,22.908,44.671,40.056,27.619,5.27,81.744,17.986,12,-4.469,-5.797,-6.057,-4.055,0.093,1.044,8.907,-0.215,9.769,4.963,0.527,-4.708,Durian,Clay Loam,0.675,0.293,25.301,9,0.386,2.280.704,27.606
9.947,105.042,5.451,1,3.64,36.262,43.197,5.58,24.965,38.828,40.565,27.96,4.89,80.82,17.575,12,-4.26,-5.51,-5.79,-3.48,-0.34,0.99,7.3,-0.09,10.14,4.07,1.2,-4.25,Durian,Clay Loam,0.723,0.289,23.72,9,0.428,3.078.517,27.954
9.302,105.164,5,1.058,3.64,41.509,40.423,5.488,29.829,28.656,54.485,27.974,4.704,81.253,17.03,12,-4.582,-5.507,-5.771,-3.249,-0.545,1.581,7.756,0.249,8.289,4.041,2.002,-4.213,Durian,Clay,0.708,0.298,23.867,9,0.347,3.277.971,27.967
9.741,105.204,5.681,1,3.64,38.555,39.54,5.628,26.381,35.064,63.371,27.839,5.142,81.462,17.731,12,-4.544,-5.737,-6.052,-3.598,-0.286,0.917,8.299,0.05,9.885,4.705,1.005,-4.643,Durian,Clay Loam,0.694,0.318,24.86,9,0.398,2.974.455,27.832
9.979,105.389,6,1.533,3.64,39.027,30.3,5.6,24.267,36.707,38.113,27.52,5.44,82.42,17.494,12,-4.68,-6.01,-6.26,-4.19,0.2,1.23,10.03,-0.2,9.39,5.07,0.41,-4.97,Durian,Clay Loam,0.646,0.288,26.31,7,0.381,3.035.158,27.51
9.92,105.748,6,3,3.64,38.986,31.531,5.814,23.852,37.162,46.51,27.52,5.44,82.42,17.03,12,-4.68,-6.01,-6.26,-4.19,0.2,1.23,10.03,-0.2,9.39,5.07,0.41,-4.97,Durian,Clay Loam,0.646,0.3,26.31,7,0.381,2.571.212,27.5
8.872,104.948,5.03,2,3.64,34.897,54.448,5.4,31.9,33.204,56.175,28.036,4.46,80.788,17.755,12,-4.432,-5.286,-5.615,-3.253,-0.618,1.247,6.677,0.37,8.039,3.758,2.945,-3.785,Durian,Clay Loam,0.728,0.295,22.989,9,0.349,3.468.752,28.023
8.894,104.821,5.051,1.051,3.64,38.666,52.975,5.21,31.141,30.193,53.093,28.04,4.45,80.82,17.753,12,-4.45,-5.29,-5.62,-3.24,-0.63,1.27,6.71,0.39,7.95,3.73,3.01,-3.78,Durian,Clay Loam,0.727,0.293,23.01,9,0.345,3.880.666,28.033
10.064,105.674,5,3.513,3.64,39.285,33.049,5.846,23.369,37.397,50.497,27.52,5.44,82.42,17.476,12,-4.68,-6.01,-6.26,-4.19,0.2,1.23,10.03,-0.2,9.39,5.07,0.41,-4.97,Durian,Clay Loam,0.646,0.307,26.31,7,0.381,2.501.837,27.497
9.429,105.074,5.094,1.906,3.64,42.291,26.5,5.419,30.6,27.109,35.649,27.97,4.72,81.28,17.03,12,-4.59,-5.52,-5.78,-3.25,-0.54,1.6,7.82,0.24,8.31,4.06,1.94,-4.24,Durian,Clay,0.706,0.27,23.92,9,0.347,3.427.561,27.958
9.364,105.288,6,3,3.64,35.821,39.189,5.449,31.57,32.609,46.398,27.857,5.2,82.122,17.243,12,-4.876,-5.766,-6.2,-3.313,-0.28,0.5,8.244,0.653,9.016,6.054,1.021,-5.079,Durian,Clay Loam,0.67,0.282,25.514,9,0.354,3.362.521,27.838
9.623,105.804,5.492,2.016,3.64,37.236,34.059,5.954,27.277,35.436,43.203,27.677,5.477,82.774,17.914,12,-5.018,-6.042,-6.336,-3.789,0.074,0.709,10.206,0.589,8.69,5.847,0.463,-5.383,Durian,Clay Loam,0.639,0.288,26.568,7,0.384,2.267.697,27.664
10.598,106.69,5.698,3.302,3.64,32.786,36.822,6.06,23.351,43.863,33.291,27.76,4.07,80.84,18.06,12,-3.8,-4.52,-4.6,-4.04,0.25,3.53,7.47,0.45,6.09,2.91,-0.2,-3.56,Durian,Clay Loam,0.714,0.283,20.72,7,0.361,2.037.892,27.739
9.244,105.431,5.491,1,3.64,41.117,44.5,5.447,30.576,28.307,41.129,27.708,5.513,82.859,17.03,12,-5.179,-6.092,-6.526,-3.531,-0.234,0.632,9.776,0.645,8.883,6.281,0.826,-5.465,Durian,Clay,0.637,0.277,27.027,7,0.361,3.366.857,27.702
10.249,105.245,5.522,2,3.64,38.193,34.125,5.6,23.23,38.63,43.699,27.936,4.833,80.314,17.9,12,-4.064,-5.348,-5.632,-3.566,-0.283,0.756,6.493,-0.171,10.493,4.347,1.042,-4.102,Durian,Clay Loam,0.741,0.298,23.166,9,0.454,3.035.158,27.923
10.49,106.18,5,3.125,3.64,38.756,34.45,6.256,18.612,42.675,38.256,27.836,4.466,80.105,17.99,12,-4.026,-4.951,-5.086,-3.991,0.333,2.133,7.694,-0.342,7.305,4.71,0.15,-3.97,Durian,Clay Loam,0.745,0.301,22.366,7,0.345,1612.97,27.816
10.263,105.076,5.559,3.118,3.64,38.138,33.032,5.732,23.553,38.321,43.909,27.938,4.837,80.352,18.09,12,-4.079,-5.36,-5.644,-3.559,-0.287,0.774,6.554,-0.165,10.467,4.326,1.054,-4.113,Durian,Clay Loam,0.74,0.297,23.207,9,0.452,2.748.986,27.918
8.811,104.821,5.394,1.788,3.64,39.925,52.29,5.318,30.785,29.33,54.58,28.079,4.261,81.013,17.74,12,-4.241,-5.144,-5.466,-3.205,-0.614,0.978,6.19,0.563,7.493,3.269,3.613,-3.417,Durian,Clay Loam,0.721,0.296,22.087,9,0.339,3.646.526,28.067
9.914,106.313,6,1.919,3.64,39.602,35.851,6.059,27.251,33.146,37.692,27.603,5.082,82.347,18.629,12,-4.588,-5.578,-5.755,-4.162,0.439,1.607,10.067,-0.108,7.755,4.611,0.327,-4.658,Durian,Clay Loam,0.652,0.28,24.849,7,0.406,2040.06,27.591
9.809,105.585,5.362,2.913,3.64,37.806,32.41,5.855,25.212,36.983,38.764,27.52,5.44,82.42,17.03,12,-4.68,-6.01,-6.26,-4.19,0.2,1.23,10.03,-0.2,9.39,5.07,0.41,-4.97,Durian,Clay Loam,0.646,0.286,26.31,7,0.381,2.482.326,27.501
10.395,104.784,5.726,2.549,3.64,32.347,42.922,5.545,29.014,38.639,37.443,27.91,4.77,79.76,18.24,12,-3.85,-5.17,-5.46,-3.66,-0.22,0.5,5.61,-0.26,10.88,4.65,0.87,-3.94,Durian,Clay Loam,0.761,0.276,22.56,9,0.483,3.154.396,27.893
10.576,105.95,5.106,2,3.64,40.906,32.195,5.684,17.068,42.026,32.263,27.742,4.58,80.625,17.917,12,-3.997,-5.101,-5.271,-3.986,0.304,1.732,7.434,-0.319,8.058,4.923,0.274,-4.088,Durian,Clay,0.721,0.296,22.762,9,0.355,2.853.049,27.729
10.128,105.8,5.544,2.544,3.64,35.286,34.818,6.154,22.882,41.877,45.03,27.569,5.228,82.376,17.9,12,-4.626,-5.754,-5.961,-4.174,0.341,1.453,10.052,-0.146,8.422,4.798,0.361,-4.785,Durian,Clay Loam,0.65,0.3,25.446,7,0.395,1.834.103,27.552
9.327,105.746,5.443,2.557,3.64,40.404,40.491,5.489,30.766,28.786,43.234,27.58,5.68,82.83,17.03,12,-5.15,-6.22,-6.61,-3.85,-0.17,0.76,10.43,0.35,9.34,6.06,0.59,-5.48,Durian,Clay,0.633,0.28,27.48,7,0.379,3.275.803,27.563
9.677,105.736,5,2.194,3.64,37.469,35.125,5.86,26.615,35.876,65.692,27.58,5.68,82.83,17.03,12,-5.15,-6.22,-6.61,-3.85,-0.17,0.76,10.43,0.35,9.34,6.06,0.59,-5.48,Durian,Clay Loam,0.633,0.321,27.48,7,0.379,2.471.486,27.566
9.794,105.12,5.409,1,3.64,39.101,41.71,5.504,24.918,36.04,41.819,27.966,4.789,81.092,17.524,12,-4.455,-5.516,-5.784,-3.344,-0.458,1.351,7.608,0.105,9.058,4.064,1.638,-4.244,Durian,Clay Loam,0.713,0.291,23.801,9,0.38,3.243.283,27.96
9.959,105.738,5.807,2.58,3.64,39.523,32.149,5.958,24.623,35.855,43.681,27.563,5.285,82.068,17.198,12,-4.552,-5.848,-6.084,-4.149,0.221,1.286,9.527,-0.241,9.177,5.087,0.395,-4.811,Durian,Clay Loam,0.661,0.295,25.685,7,0.371,2.259.025,27.546
9.218,105.443,6,1,3.64,40.148,44.357,5.648,32.572,27.281,45.021,27.716,5.502,82.861,17.03,12,-5.181,-6.084,-6.521,-3.51,-0.238,0.624,9.734,0.664,8.853,6.296,0.841,-5.464,Durian,Clay,0.637,0.278,26.998,7,0.36,2.931.095,27.71
10.398,105.319,5.996,2,3.64,40.696,33.806,5.5,20.595,38.709,32.703,27.74,4.64,80.6,17.9,12,-4.02,-5.17,-5.35,-3.98,0.31,1.52,7.43,-0.41,8.29,5.16,0.33,-4.15,Durian,Clay,0.722,0.288,23.08,9,0.36,3.251.955,27.727
10.829,104.661,5.941,7.822,3.64,26.284,30.476,5.494,36.898,36.818,35.293,27.571,4.008,78.058,18.24,12,-3.304,-4.276,-4.529,-3.303,-0.483,0.575,2.901,0.257,9.366,4.885,1.086,-3.178,Durian,Loam,0.809,0.255,19.073,9,0.491,3.264.963,27.52
10.146,106.653,5.003,4.994,3.64,44.296,31.696,6.2,19.694,36.109,31.008,27.9,4.569,82.79,18.06,12,-4.11,-5.149,-5.269,-3.9,0.42,1.504,8.418,0.468,7.597,3.692,0.728,-4.348,Durian,Clay,0.647,0.288,22.776,7,0.369,1.734.376,27.868
10.043,105.703,5,2.64,3.64,33.348,34.628,5.92,25.156,41.496,36.208,27.52,5.44,82.42,17.587,12,-4.68,-6.01,-6.26,-4.19,0.2,1.23,10.03,-0.2,9.39,5.07,0.41,-4.97,Durian,Clay Loam,0.646,0.283,26.31,7,0.381,2.341.408,27.503
10.817,105.378,5,2.298,3.64,37.724,31.228,5.4,20.774,41.502,40.21,28.118,3.788,77.354,17.9,12,-3.322,-4.215,-4.365,-3.454,-0.035,1.346,4.189,0.014,7.164,5.389,0.534,-3.28,Durian,Clay Loam,0.862,0.299,18.671,9,0.384,3.468.752,28.103
10.402,105.598,5.76,2,3.64,40.628,33.343,5.716,19.999,39.373,32.892,27.781,4.565,80.388,17.938,12,-4.022,-5.076,-5.237,-3.985,0.32,1.782,7.543,-0.381,7.869,4.968,0.253,-4.073,Durian,Clay,0.732,0.29,22.774,9,0.346,2.783.673,27.768
10.067,106.222,5,4.376,3.64,33.061,31.737,6.231,22.042,44.928,41.795,27.61,5.05,82.34,18.281,12,-4.58,-5.54,-5.71,-4.16,0.46,1.64,10.07,-0.1,7.61,4.57,0.32,-4.63,Durian,Clay Loam,0.653,0.298,24.72,7,0.408,1.667.169,27.582
8.772,104.97,5.256,2,3.64,34.974,56.19,5.426,32.819,32.206,56.454,28.066,4.327,80.945,17.804,12,-4.314,-5.195,-5.52,-3.217,-0.62,1.081,6.372,0.503,7.653,3.43,3.402,-3.544,Durian,Clay Loam,0.723,0.294,22.41,9,0.341,3.412.385,28.053
10.78,105.498,5.031,2,3.64,38.512,30.882,5.431,19.663,41.825,40.275,28.094,3.758,77.627,17.905,12,-3.39,-4.218,-4.337,-3.506,0.069,1.66,4.682,-0.125,6.511,5.542,0.388,-3.326,Durian,Clay Loam,0.85,0.301,18.902,9,0.345,3.401.545,28.081
10.097,105.07,5.028,1,3.64,37.477,29.7,5.506,26.451,35.977,38.106,27.96,4.89,80.82,17.875,12,-4.26,-5.51,-5.79,-3.48,-0.34,0.99,7.3,-0.09,10.14,4.07,1.2,-4.25,Durian,Clay Loam,0.723,0.283,23.72,9,0.428,3.238.947,27.954
9.965,106.072,5.221,1.221,3.64,35.294,32.808,6.1,23.053,41.675,44.482,27.61,5.05,82.34,18.77,12,-4.58,-5.54,-5.71,-4.16,0.46,1.64,10.07,-0.1,7.61,4.57,0.32,-4.63,Durian,Clay Loam,0.653,0.299,24.72,7,0.408,1.951.173,27.602
10.485,104.991,5.734,18.862,3.64,30.884,32.351,5.753,38.941,30.175,40.328,27.91,4.77,79.76,17.99,12,-3.85,-5.17,-5.46,-3.66,-0.22,0.5,5.61,-0.26,10.88,4.65,0.87,-3.94,Durian,Clay Loam,0.761,0.257,22.56,9,0.483,2.703.459,27.787
9.183,105.628,5,2,3.64,37.039,38.05,5.476,33.378,29.583,36.106,27.84,5.34,82.89,17.03,12,-5.21,-5.96,-6.44,-3.2,-0.3,0.5,9.1,0.95,8.41,6.51,1.07,-5.45,Durian,Clay Loam,0.641,0.264,26.56,7,0.343,3.303.986,27.827
10.242,104.977,5,2.141,3.64,39.231,34.599,5.6,26.624,34.144,35.152,27.956,4.882,80.745,18.24,12,-4.231,-5.486,-5.767,-3.493,-0.332,0.955,7.18,-0.102,10.192,4.111,1.177,-4.228,Durian,Clay Loam,0.726,0.278,23.639,9,0.432,3.035.158,27.942
9.013,104.82,5,2.939,3.64,42.573,43.687,5.791,31.254,26.173,49.753,28.038,4.458,80.834,18.029,12,-4.454,-5.297,-5.625,-3.24,-0.627,1.28,6.744,0.385,7.961,3.74,2.977,-3.794,Durian,Clay,0.726,0.288,23.037,9,0.345,2.621.076,28.019
8.649,105.007,5.872,2,3.64,34.913,60.256,5.487,34.791,30.297,56.823,28.127,4.031,81.247,17.958,12,-3.988,-4.967,-5.28,-3.162,-0.595,0.625,5.559,0.774,6.938,2.71,4.344,-2.978,Durian,Clay Loam,0.714,0.29,20.97,9,0.331,3.280.139,28.114
10.585,106.333,5.473,2,3.64,43.146,32.869,6.058,15.403,41.498,28.387,27.91,4.33,79.72,18.06,12,-4.03,-4.78,-4.88,-4,0.35,2.61,7.9,-0.29,6.54,4.36,0.01,-3.83,Durian,Clay,0.763,0.294,21.81,7,0.363,2.042.228,27.897
10.408,104.687,5.633,2,3.64,33.143,54.821,5.473,27.083,39.773,56.095,27.95,4.59,79.598,18.24,12,-3.754,-5.008,-5.276,-3.561,-0.253,0.588,5.272,-0.245,10.494,4.415,1.032,-3.749,Durian,Clay Loam,0.769,0.306,21.846,9,0.481,3310.49,27.937
10.444,104.981,5.644,9.156,3.64,29.891,29.46,5.564,34.313,35.86,38.609,27.91,4.77,79.76,18.119,12,-3.85,-5.17,-5.46,-3.66,-0.22,0.5,5.61,-0.26,10.88,4.65,0.87,-3.94,Durian,Clay Loam,0.761,0.265,22.56,9,0.483,3.113.205,27.85
10.713,104.691,5.18,106.672,3.64,27.243,34.286,5.682,39.272,33.421,40.786,27.615,4.106,78.276,18.24,12,-3.375,-4.391,-4.648,-3.348,-0.45,0.566,3.249,0.191,9.56,4.855,1.059,-3.276,Durian,Clay Loam,0.803,0.257,19.488,9,0.491,2.857.384,26.922
10.204,105.882,6,2.333,3.64,37.9,33.667,6.367,20,42.167,37.1,27.55,5.31,82.393,17.953,12,-4.647,-5.853,-6.077,-4.18,0.287,1.367,10.043,-0.167,8.797,4.903,0.38,-4.857,Durian,Clay Loam,0.648,0.296,25.781,7,0.39,1.372.325,27.535
10.053,105.88,5.733,2,3.64,33.56,34.06,6.04,25.547,40.893,37.866,27.586,5.154,82.361,17.785,12,-4.607,-5.665,-5.857,-4.168,0.391,1.531,10.059,-0.127,8.085,4.703,0.344,-4.721,Durian,Clay Loam,0.651,0.284,25.145,7,0.401,2.081.251,27.573
9.776,105.482,6,3.057,3.64,36.159,40.027,5.511,27.117,36.724,43.494,27.732,5.101,81.883,17.49,12,-4.638,-5.779,-6.034,-3.747,-0.149,1.404,8.988,0.007,8.881,4.594,1.131,-4.626,Durian,Clay Loam,0.674,0.289,24.973,7,0.359,3.228.107,27.712
10.103,106.52,6,3.793,3.64,35.718,37.14,6.279,21.972,42.31,37.676,27.61,5.05,82.34,18.207,12,-4.58,-5.54,-5.71,-4.16,0.46,1.64,10.07,-0.1,7.61,4.57,0.32,-4.63,Durian,Clay Loam,0.653,0.292,24.72,7,0.408,1.563.106,27.585
9.287,105.136,6,1.019,3.64,40.513,40.046,5.506,30.063,29.424,53.877,27.968,4.725,81.294,17.046,12,-4.593,-5.523,-5.783,-3.255,-0.532,1.591,7.841,0.245,8.308,4.075,1.925,-4.25,Durian,Clay,0.706,0.296,23.936,9,0.346,3.238.947,27.961
9.545,105.066,5,8.796,3.64,36.918,31.961,5.64,26.401,36.66,62.68,27.892,4.913,81.591,17.853,12,-4.702,-5.66,-5.947,-3.37,-0.466,1.431,8.344,0.262,8.517,4.461,1.669,-4.489,Durian,Clay Loam,0.691,0.317,24.634,9,0.345,2.948.439,27.835
10.189,105.309,5.995,2.011,3.64,39.108,33.597,5.601,22.797,38.195,45.814,27.958,4.893,80.829,17.9,12,-4.262,-5.513,-5.793,-3.484,-0.337,0.991,7.315,-0.091,10.136,4.075,1.196,-4.254,Durian,Clay Loam,0.723,0.302,23.734,9,0.427,3032.99,27.945
9.957,106.44,5.09,4,3.64,33.669,37.629,6.118,21.327,45.004,39.529,27.61,5.05,82.34,18.706,12,-4.58,-5.54,-5.71,-4.16,0.46,1.64,10.07,-0.1,7.61,4.57,0.32,-4.63,Durian,Clay Loam,0.653,0.296,24.72,7,0.408,1912.15,27.584
10.386,106.331,5.002,4.995,3.64,41.105,28.903,6.2,20.195,38.701,30.207,27.91,4.33,79.72,18.06,12,-4.03,-4.78,-4.88,-4,0.35,2.61,7.9,-0.29,6.54,4.36,0.01,-3.83,Durian,Clay,0.763,0.286,21.81,7,0.363,1.734.376,27.878
10.396,106.561,5.044,3.956,3.64,39.071,25.682,6.378,20.735,40.194,30.745,27.767,4.081,80.791,18.06,12,-3.81,-4.531,-4.612,-4.038,0.254,3.489,7.489,0.417,6.11,2.974,-0.191,-3.572,Durian,Clay Loam,0.716,0.285,20.754,7,0.361,1.348.477,27.741
9.834,106.053,5.658,3.025,3.64,35.896,26.386,5.997,27.08,36.99,41.297,27.579,5.183,82.367,18.175,12,-4.614,-5.701,-5.898,-4.17,0.371,1.5,10.056,-0.134,8.218,4.741,0.351,-4.746,Durian,Clay Loam,0.65,0.286,25.263,7,0.398,2.174.474,27.559
10.034,105.907,5.367,3,3.64,35.181,32.957,6.227,22.982,41.9,39.506,27.577,5.193,82.369,18.451,12,-4.617,-5.713,-5.912,-4.171,0.365,1.489,10.055,-0.137,8.263,4.754,0.353,-4.755,Durian,Clay Loam,0.65,0.292,25.305,7,0.398,1.675.841,27.558
10.712,105.771,6,2.138,3.64,40.755,34.762,5.972,21.897,37.355,44.262,27.755,4.657,80.615,17.923,12,-4.037,-5.193,-5.38,-3.945,0.265,1.483,7.421,-0.388,8.418,5.085,0.39,-4.157,Durian,Clay,0.722,0.302,23.1,9,0.365,2.228.673,27.741
10.748,105.395,5.006,3,3.64,34.809,28.891,5.503,24.289,40.902,29.324,27.74,4.64,80.6,17.9,12,-4.02,-5.17,-5.35,-3.98,0.31,1.52,7.43,-0.41,8.29,5.16,0.33,-4.15,Durian,Clay Loam,0.722,0.275,23.08,9,0.36,3.245.451,27.72
9.948,105.637,6,3.937,3.64,36.044,36.968,6.106,24.199,39.757,44.019,27.526,5.415,82.415,17.085,12,-4.674,-5.98,-6.225,-4.188,0.216,1.256,10.033,-0.194,9.278,5.039,0.404,-4.949,Durian,Clay Loam,0.647,0.296,26.21,7,0.383,1.938.165,27.5
10.413,106.272,5.178,2,3.64,40.453,32.238,6.24,18.545,41.001,33.358,27.88,4.385,79.877,18.032,12,-4.028,-4.849,-4.964,-3.996,0.343,2.416,7.816,-0.311,6.852,4.502,0.067,-3.887,Durian,Clay,0.755,0.294,22.035,7,0.355,1.647.657,27.867
10.056,106.575,5.809,3.191,3.64,33.386,41.557,6.2,22.885,43.729,36.494,27.639,4.863,82.054,18.635,12,-4.431,-5.345,-5.498,-4.137,0.42,2.001,9.574,0.005,7.32,4.253,0.221,-4.426,Durian,Clay Loam,0.664,0.288,23.837,7,0.402,1.734.376,27.618
9.018,105.374,5.884,3,3.64,35.461,38.646,5.4,31.323,33.204,46.543,27.84,5.34,82.89,17.03,12,-5.21,-5.96,-6.44,-3.2,-0.3,0.5,9.1,0.95,8.41,6.51,1.07,-5.45,Durian,Clay Loam,0.641,0.283,26.56,7,0.343,3.468.752,27.82
10.259,105.109,5.7,2,3.64,39.12,33.68,5.5,24.21,36.7,36.99,27.91,4.77,79.76,17.9,12,-3.85,-5.17,-5.46,-3.66,-0.22,0.5,5.61,-0.26,10.88,4.65,0.87,-3.94,Durian,Clay Loam,0.761,0.286,22.56,9,0.483,3.251.955,27.897
10.191,105.548,5.104,4.687,3.64,37.236,33.636,5.848,24.215,38.549,51.943,27.764,4.648,80.671,17.917,12,-4.08,-5.207,-5.395,-3.904,0.221,1.528,7.471,-0.342,8.292,5.045,0.498,-4.159,Durian,Clay Loam,0.721,0.307,23.087,9,0.36,2.497.501,27.734
10.486,106.428,5,2,3.64,40.639,32.778,6.28,17.342,42.059,33.779,27.91,4.33,79.72,18.06,12,-4.03,-4.78,-4.88,-4,0.35,2.61,7.9,-0.29,6.54,4.36,0.01,-3.83,Durian,Clay,0.763,0.297,21.81,7,0.363,1.560.938,27.897
10.013,105.908,6,7.446,3.64,38.632,27.085,6.034,25.021,36.419,31.346,27.646,4.936,81.858,18.529,12,-4.425,-5.438,-5.61,-4.11,0.418,1.607,9.339,-0.186,7.798,4.733,0.323,-4.497,Durian,Clay Loam,0.672,0.276,24.266,7,0.386,2.094.259,27.598
10.014,105.112,5,1.72,3.64,34.837,27.513,5.572,27.192,37.871,39.064,27.96,4.89,80.82,17.274,12,-4.26,-5.51,-5.79,-3.48,-0.34,0.99,7.3,-0.09,10.14,4.07,1.2,-4.25,Durian,Clay Loam,0.723,0.282,23.72,9,0.428,3.095.861,27.949
9.779,106.085,5.687,2,3.64,34.794,26.163,6.037,27.087,38.088,41.306,27.601,5.247,82.493,18.226,12,-4.758,-5.753,-5.991,-4.063,0.263,1.365,10.183,0.041,8.151,5.036,0.404,-4.896,Durian,Clay Loam,0.647,0.286,25.461,7,0.4,2.087.755,27.588
9.665,105.843,5.976,3.024,3.64,39.195,30.971,5.995,25.269,35.534,68.248,27.58,5.68,82.83,17.03,12,-5.15,-6.22,-6.61,-3.85,-0.17,0.76,10.43,0.35,9.34,6.06,0.59,-5.48,Durian,Clay Loam,0.633,0.327,27.48,7,0.379,2178.81,27.56
10.376,105.034,5.306,1.694,3.64,32.918,39.833,5.569,27.239,39.812,46.516,27.925,4.807,80.085,17.87,12,-3.976,-5.274,-5.561,-3.605,-0.257,0.65,6.127,-0.208,10.653,4.472,0.971,-4.035,Durian,Clay Loam,0.749,0.292,22.916,9,0.466,3.102.365,27.914
9.943,105.244,5,3.098,3.64,35.925,35.494,5.51,31.975,32.1,32.937,27.878,5.027,81.171,17.694,12,-4.463,-5.526,-5.902,-3.453,-0.256,0.5,7.184,0.286,9.766,5.489,0.96,-4.621,Durian,Clay Loam,0.707,0.263,24.221,9,0.404,3.230.275,27.858
9.35,105.18,5.632,1.368,3.64,42.384,31.932,5.526,28.105,29.511,44.519,27.996,4.621,81.111,17.03,12,-4.538,-5.435,-5.721,-3.246,-0.573,1.479,7.412,0.295,8.178,3.939,2.334,-4.071,Durian,Clay,0.714,0.288,23.584,9,0.346,3.195.588,27.987
9.905,105.826,5,2,3.64,40.904,33.077,5.854,23.6,35.496,35.608,27.626,5.372,82.547,18.268,12,-4.769,-5.951,-6.18,-3.995,0.247,0.989,10.013,0.231,8.827,5.311,0.38,-5.105,Durian,Clay,0.645,0.286,26,7,0.385,2.484.494,27.613
10.194,105.868,5,4.302,3.64,39.633,32.94,5.881,21.686,38.751,49.044,27.547,5.322,82.396,17.948,12,-4.65,-5.868,-6.094,-4.181,0.279,1.354,10.042,-0.17,8.852,4.919,0.383,-4.867,Durian,Clay Loam,0.648,0.309,25.83,7,0.389,2.425.958,27.519
9.923,106.115,5.006,3.012,3.64,34.295,32.696,6.299,23.884,41.92,39.799,27.61,5.05,82.34,18.766,12,-4.58,-5.54,-5.71,-4.16,0.46,1.64,10.07,-0.1,7.61,4.57,0.32,-4.63,Durian,Clay Loam,0.653,0.291,24.72,7,0.408,1.519.747,27.59
10.002,105.678,5.899,5,3.64,37.362,29.237,5.761,22.619,40.019,38.949,27.529,5.401,82.412,17.134,12,-4.67,-5.963,-6.204,-4.187,0.226,1.271,10.034,-0.19,9.21,5.02,0.401,-4.936,Durian,Clay Loam,0.647,0.293,26.15,7,0.384,2.686.115,27.496
9.794,106.037,5.131,6.345,3.64,38.187,25.41,6.034,28.103,33.71,33.082,27.737,5.301,82.681,18.656,12,-4.862,-5.888,-6.095,-3.79,0.296,0.735,9.995,0.686,8.234,5.565,0.349,-5.248,Durian,Clay Loam,0.645,0.272,25.883,7,0.387,2.094.259,27.696
8.823,104.841,5.318,0.682,3.64,38.836,53.732,5.264,32.246,28.918,54.218,28.072,4.297,80.976,17.74,12,-4.281,-5.172,-5.496,-3.211,-0.617,1.034,6.29,0.53,7.581,3.358,3.497,-3.487,Durian,Clay Loam,0.722,0.292,22.264,9,0.34,3.763.596,28.068
9.536,105.005,5,9.209,3.64,36.869,31.748,5.656,26.226,36.916,62.089,27.919,4.801,81.409,17.944,12,-4.6,-5.575,-5.834,-3.356,-0.456,1.558,8.07,0.19,8.432,4.174,1.767,-4.322,Durian,Clay Loam,0.699,0.317,24.143,9,0.349,2.913.752,27.859
9.842,105.215,5,4.684,3.64,34.784,27.495,5.5,28.047,37.168,32.584,27.96,4.89,80.82,17.03,12,-4.26,-5.51,-5.79,-3.48,-0.34,0.99,7.3,-0.09,10.14,4.07,1.2,-4.25,Durian,Clay Loam,0.723,0.271,23.72,9,0.428,3.251.955,27.93
10.824,105.885,6,2,3.64,33.424,22.339,5.524,25.182,41.418,30.069,28.1,3.74,77.56,17.9,12,-3.37,-4.2,-4.32,-3.49,0.06,1.63,4.58,-0.12,6.51,5.58,0.4,-3.31,Durian,Clay Loam,0.853,0.274,18.81,9,0.347,3.199.924,28.087
9.051,105.007,5.478,1.478,3.64,38.13,43.791,5.5,33.783,28.087,41.396,28.04,4.45,80.82,17.37,12,-4.45,-5.29,-5.62,-3.24,-0.63,1.27,6.71,0.39,7.95,3.73,3.01,-3.78,Durian,Clay Loam,0.727,0.27,23.01,9,0.345,3.251.955,28.03
10.264,105.24,5.855,4.564,3.64,42.798,28.458,5.671,21.489,35.727,36.719,27.91,4.77,79.76,17.9,12,-3.85,-5.17,-5.46,-3.66,-0.22,0.5,5.61,-0.26,10.88,4.65,0.87,-3.94,Durian,Clay,0.761,0.292,22.56,9,0.483,2.881.232,27.88
9.369,105.468,5.71,2.71,3.64,39.856,38.148,5.5,33.332,26.812,37.126,27.655,5.581,82.847,17.03,12,-5.167,-6.145,-6.561,-3.662,-0.208,0.685,10.044,0.524,9.07,6.19,0.729,-5.471,Durian,Clay Loam,0.635,0.265,27.214,7,0.369,3.251.955,27.637
10.659,104.852,5,35.993,3.64,26.467,29.432,5.833,43.334,30.165,38.6,27.79,4.5,79.157,18.24,12,-3.657,-4.854,-5.13,-3.533,-0.313,0.527,4.651,-0.077,10.344,4.733,0.947,-3.67,Durian,Loam,0.778,0.244,21.234,9,0.488,2.530.021,27.556
10.234,104.947,5.211,3.789,3.64,36.439,36.576,5.537,32.116,31.446,32.301,27.895,4.89,80.421,17.985,12,-4.137,-5.337,-5.667,-3.563,-0.237,0.5,6.347,-0.005,10.359,5.043,0.912,-4.259,Durian,Clay Loam,0.736,0.261,23.205,9,0.447,3171.74,27.87
9.87,106.251,6,2,3.64,36.681,35.278,6.118,24.4,38.919,32.191,27.598,5.103,82.351,18.651,12,-4.594,-5.604,-5.785,-4.164,0.424,1.584,10.065,-0.114,7.853,4.638,0.332,-4.676,Durian,Clay Loam,0.652,0.279,24.937,7,0.404,1912.15,27.585
10.692,106.535,5.401,2,3.64,38.676,28.135,6.16,25.842,35.442,25.682,27.91,4.33,79.72,18.06,12,-4.03,-4.78,-4.88,-4,0.35,2.61,7.9,-0.29,6.54,4.36,0.01,-3.83,Durian,Clay Loam,0.763,0.267,21.81,7,0.363,1.821.095,27.897
10.46,106.439,5,2.707,3.64,42.203,34.807,6.241,17.332,40.495,36.676,27.91,4.33,79.72,18.06,12,-4.03,-4.78,-4.88,-4,0.35,2.61,7.9,-0.29,6.54,4.36,0.01,-3.83,Durian,Clay,0.763,0.301,21.81,7,0.363,1.645.489,27.892
9.886,105.421,5.152,2.305,3.64,37.561,32.681,5.685,26.541,35.898,38.322,27.52,5.44,82.42,17.03,12,-4.68,-6.01,-6.26,-4.19,0.2,1.23,10.03,-0.2,9.39,5.07,0.41,-4.97,Durian,Clay Loam,0.646,0.283,26.31,7,0.381,2.850.881,27.505
9.03,105.107,5,2.266,3.64,38.56,45.7,5.406,30.886,30.455,51.482,28.04,4.45,80.82,17.304,12,-4.45,-5.29,-5.62,-3.24,-0.63,1.27,6.71,0.39,7.95,3.73,3.01,-3.78,Durian,Clay Loam,0.727,0.291,23.01,9,0.345,3.455.744,28.025
9.746,106.119,5,6.912,3.64,38.193,25.226,6.087,28.265,33.542,33.22,27.774,5.271,82.678,18.732,12,-4.876,-5.862,-6.064,-3.724,0.296,0.667,9.931,0.8,8.106,5.605,0.359,-5.267,Durian,Clay Loam,0.646,0.271,25.793,7,0.385,1.979.357,27.729
9.826,105.524,5,2,3.64,34.5,27.108,5.775,26.217,39.183,40.392,27.738,5.351,81.992,17.03,12,-4.779,-5.924,-6.268,-3.696,-0.241,0.856,9.126,0.167,9.673,5.231,0.844,-4.967,Durian,Clay Loam,0.67,0.286,25.875,9,0.374,2.655.763,27.725
9.629,106.487,6,2,3.64,40.711,34.805,6.1,25.7,33.59,39.553,27.745,5.244,82.66,18.77,12,-4.841,-5.818,-6.013,-3.798,0.334,0.815,10.003,0.675,7.989,5.471,0.337,-5.186,Durian,Clay,0.646,0.286,25.656,7,0.39,1.951.173,27.732
10.099,104.994,5.549,2,3.64,37.769,35.792,5.626,24.614,37.663,51.502,27.943,4.743,80.594,17.988,12,-4.256,-5.362,-5.636,-3.435,-0.396,1.104,6.823,0.014,9.469,4.326,1.457,-4.105,Durian,Clay Loam,0.731,0.305,23.19,9,0.408,2.978.791,27.93
9.931,105.938,6,5.561,3.64,33.267,38.661,6.1,25.003,41.652,45.015,27.59,5.136,82.358,18.388,12,-4.602,-5.643,-5.831,-4.167,0.403,1.55,10.061,-0.122,8,4.68,0.34,-4.705,Durian,Clay Loam,0.651,0.296,25.07,7,0.402,1.951.173,27.554
10.193,105.1,6,1.101,3.64,40.829,35.219,5.793,22.524,36.651,43.554,27.96,4.89,80.82,17.911,12,-4.26,-5.51,-5.79,-3.48,-0.34,0.99,7.3,-0.09,10.14,4.07,1.2,-4.25,Durian,Clay,0.723,0.299,23.72,9,0.428,2616.74,27.953
10.401,106.571,5.215,2,3.64,42.763,34.408,6.179,25.651,31.586,34.873,27.728,4.28,81.162,18.212,12,-3.967,-4.739,-4.838,-4.066,0.295,3.124,8.028,0.332,6.416,3.266,-0.088,-3.79,Durian,Clay,0.701,0.28,21.488,7,0.374,1.779.903,27.715
9.824,106.364,5.584,2,3.64,39.492,36.691,6.1,27.217,33.291,37.658,27.677,5.146,82.498,18.77,12,-4.709,-5.677,-5.86,-3.981,0.398,1.232,10.037,0.283,7.797,5.015,0.328,-4.905,Durian,Clay Loam,0.649,0.28,25.132,7,0.4,1.951.173,27.664
9.85,106.291,5.76,2,3.64,39.124,36.737,6.176,26.72,34.156,37.98,27.648,5.105,82.431,18.77,12,-4.655,-5.619,-5.797,-4.057,0.424,1.404,10.051,0.121,7.718,4.827,0.325,-4.789,Durian,Clay Loam,0.651,0.282,24.917,7,0.404,1.786.407,27.635
10.267,105.445,6,5.249,3.64,39.237,26.15,5.6,25.825,34.938,34.168,27.699,4.79,80.942,17.9,12,-4.144,-5.328,-5.521,-4.019,0.289,1.466,7.918,-0.371,8.497,5.143,0.345,-4.304,Durian,Clay Loam,0.708,0.278,23.687,9,0.359,3.035.158,27.665
9.527,105.939,5.28,2.841,3.64,39.536,33.736,5.584,26.168,34.324,32.976,27.717,5.392,82.751,17.03,12,-4.963,-5.968,-6.221,-3.764,0.175,0.688,10.113,0.688,8.419,5.758,0.41,-5.343,Durian,Clay Loam,0.641,0.276,26.259,7,0.385,3.069.846,27.699
10.68,105.383,5.867,2.867,3.64,36.4,27.433,5.973,22.233,41.38,33.201,27.74,4.64,80.6,17.9,12,-4.02,-5.17,-5.35,-3.98,0.31,1.52,7.43,-0.41,8.29,5.16,0.33,-4.15,Durian,Clay Loam,0.722,0.285,23.08,9,0.36,2.226.505,27.721
9.356,105.098,6,1,3.64,41.201,32.164,5.645,29.289,29.51,44.216,27.97,4.72,81.28,17.03,12,-4.59,-5.52,-5.78,-3.25,-0.54,1.6,7.82,0.24,8.31,4.06,1.94,-4.24,Durian,Clay,0.706,0.285,23.92,9,0.347,2.937.599,27.964
9.93,105.777,5.821,2.821,3.64,39.071,31.293,5.854,23.586,37.343,45.839,27.52,5.44,82.42,17.03,12,-4.68,-6.01,-6.26,-4.19,0.2,1.23,10.03,-0.2,9.39,5.07,0.41,-4.97,Durian,Clay Loam,0.646,0.3,26.31,7,0.381,2.484.494,27.502
10.259,106.644,5.555,2.555,3.64,39.812,34.59,6.266,20.312,39.877,35.99,27.822,4.293,81.713,18.06,12,-3.938,-4.801,-4.898,-3.978,0.326,2.626,7.893,0.459,6.762,3.257,0.214,-3.912,Durian,Clay Loam,0.684,0.294,21.527,7,0.366,1591.29,27.805
10.584,106.099,6,3.637,3.64,41.316,27.788,5.79,18.665,40.019,33.209,27.91,4.33,79.72,18.06,12,-4.03,-4.78,-4.88,-4,0.35,2.61,7.9,-0.29,6.54,4.36,0.01,-3.83,Durian,Clay,0.763,0.294,21.81,7,0.363,2.623.244,27.886
9.843,105.716,5.474,3.369,3.64,36,33.711,5.758,25.937,38.011,43.737,27.552,5.566,82.636,17.442,12,-4.927,-6.121,-6.444,-4.011,0.005,0.983,10.241,0.089,9.364,5.591,0.505,-5.238,Durian,Clay Loam,0.639,0.292,26.741,7,0.382,2.692.619,27.53
10.306,105.666,5.463,2.463,3.64,39.329,34.659,5.924,19.717,40.954,34.612,27.68,4.83,81.406,17.974,12,-4.279,-5.341,-5.517,-4.063,0.379,1.576,8.653,-0.266,7.975,4.887,0.325,-4.372,Durian,Clay Loam,0.69,0.293,23.838,7,0.364,2.332.736,27.664
10.156,105.657,5.235,3.765,3.64,40.131,33.516,5.817,22.927,37.018,48.101,27.52,5.44,82.42,17.696,12,-4.68,-6.01,-6.26,-4.19,0.2,1.23,10.03,-0.2,9.39,5.07,0.41,-4.97,Durian,Clay,0.646,0.305,26.31,7,0.381,2.564.709,27.496
10.28,105.92,5.303,4.394,3.64,38.497,26.03,6.057,21.597,39.937,38.479,27.649,4.926,81.812,18.011,12,-4.41,-5.428,-5.601,-4.105,0.415,1.604,9.27,-0.194,7.816,4.749,0.323,-4.484,Durian,Clay Loam,0.674,0.294,24.222,7,0.383,2.044.396,27.62
10.389,105.029,5.29,1.71,3.64,32.87,39.931,5.571,27.242,39.859,46.526,27.924,4.805,80.067,17.889,12,-3.969,-5.269,-5.556,-3.608,-0.255,0.642,6.1,-0.211,10.665,4.482,0.966,-4.03,Durian,Clay Loam,0.75,0.292,22.898,9,0.467,3.098.029,27.913
10.444,105.709,5,2,3.64,38.661,27.513,5.875,18.618,42.777,35.717,27.74,4.64,80.6,17.9,12,-4.02,-5.17,-5.35,-3.98,0.31,1.52,7.43,-0.41,8.29,5.16,0.33,-4.15,Durian,Clay Loam,0.722,0.297,23.08,9,0.36,2.438.966,27.727
10.062,106.402,5,3.76,3.64,38.048,31.896,6.288,22.284,39.656,36.144,27.61,5.05,82.34,18.06,12,-4.58,-5.54,-5.71,-4.16,0.46,1.64,10.07,-0.1,7.61,4.57,0.32,-4.63,Durian,Clay Loam,0.653,0.289,24.72,7,0.408,1.543.595,27.586
10.745,104.654,5.083,94.947,3.64,26.582,32.758,5.675,39.283,34.043,38.423,27.58,4.027,78.101,18.24,12,-3.318,-4.299,-4.552,-3.312,-0.477,0.573,2.97,0.244,9.404,4.879,1.081,-3.197,Durian,Loam,0.808,0.253,19.155,9,0.491,2872.56,26.963
10.533,106.126,5.279,2,3.64,41.402,28.723,6.156,18.356,40.242,34.828,27.868,4.257,80.033,17.945,12,-3.966,-4.707,-4.802,-4.011,0.322,2.867,7.78,-0.083,6.414,3.955,-0.049,-3.755,Durian,Clay,0.749,0.297,21.373,7,0.365,1.829.767,27.855
9.881,105.413,5.401,2.796,3.64,35.799,29.859,5.72,27.959,36.242,35.839,27.697,5.219,81.778,17.03,12,-4.511,-5.809,-6.071,-3.905,-0.017,1.134,8.934,-0.156,9.691,4.669,0.727,-4.681,Durian,Clay Loam,0.677,0.276,25.15,9,0.385,2.775.002,27.679
9.915,105.418,5,2,3.64,39.519,34.235,5.616,24.949,35.616,38.032,27.52,5.44,82.42,17.03,12,-4.68,-6.01,-6.26,-4.19,0.2,1.23,10.03,-0.2,9.39,5.07,0.41,-4.97,Durian,Clay Loam,0.646,0.286,26.31,7,0.381,3000.47,27.507
10.436,106.289,5.882,2,3.64,38.947,30.347,6.376,18.866,42.187,39.795,27.91,4.33,79.72,18.06,12,-4.03,-4.78,-4.88,-4,0.35,2.61,7.9,-0.29,6.54,4.36,0.01,-3.83,Durian,Clay Loam,0.763,0.302,21.81,7,0.363,1.352.813,27.897
9.583,105.153,5.824,1.352,3.64,34.924,33.618,5.688,26.6,38.494,52.875,27.891,4.847,81.481,17.878,12,-4.606,-5.606,-5.865,-3.416,-0.41,1.535,8.209,0.162,8.5,4.238,1.67,-4.369,Durian,Clay Loam,0.696,0.303,24.272,9,0.35,2.844.377,27.882
9.034,105.016,5.278,2.443,3.64,39.362,46.618,5.644,31.693,28.873,47.927,28.04,4.45,80.82,18.041,12,-4.45,-5.29,-5.62,-3.24,-0.63,1.27,6.71,0.39,7.95,3.73,3.01,-3.78,Durian,Clay Loam,0.727,0.284,23.01,9,0.345,2.939.767,28.024
10.887,105.981,5.272,4.543,3.64,30.996,29.172,5.227,25.643,43.361,24.59,28.08,3.71,77.7,17.9,12,-3.56,-4.08,-4.13,-3.62,0.1,2.86,5.77,0.03,5.64,4.65,-0.35,-3.28,Durian,Clay Loam,0.847,0.265,19.02,7,0.303,3.843.811,28.05
8.998,105.027,5.402,2.195,3.64,39.523,47.028,5.62,31.333,29.084,47.716,28.04,4.45,80.82,18.032,12,-4.45,-5.29,-5.62,-3.24,-0.63,1.27,6.71,0.39,7.95,3.73,3.01,-3.78,Durian,Clay Loam,0.727,0.285,23.01,9,0.345,2.991.799,28.026
9.911,105.797,5.103,2.897,3.64,37.715,44.59,6.01,25.957,36.328,65.046,27.52,5.44,82.42,17.03,12,-4.68,-6.01,-6.26,-4.19,0.2,1.23,10.03,-0.2,9.39,5.07,0.41,-4.97,Durian,Clay Loam,0.646,0.321,26.31,7,0.381,2146.29,27.501
9.912,105.737,6,2.811,3.64,39.113,31.589,5.819,23.97,36.916,45.971,27.52,5.44,82.42,17.03,12,-4.68,-6.01,-6.26,-4.19,0.2,1.23,10.03,-0.2,9.39,5.07,0.41,-4.97,Durian,Clay Loam,0.646,0.299,26.31,7,0.381,2.560.373,27.502
10.043,105.915,5,2.651,3.64,39.357,30.865,6.122,22.969,37.675,42.974,27.568,5.266,82.025,17.219,12,-4.537,-5.828,-6.063,-4.144,0.224,1.293,9.466,-0.246,9.151,5.09,0.393,-4.792,Durian,Clay Loam,0.663,0.297,25.61,7,0.37,1.903.478,27.551
10.388,106.429,5.285,4.43,3.64,38.713,32.527,6.257,19.642,41.644,36.573,27.867,4.256,80.039,18.06,12,-3.964,-4.706,-4.8,-4.011,0.322,2.872,7.777,-0.079,6.412,3.947,-0.05,-3.753,Durian,Clay Loam,0.749,0.296,21.363,7,0.365,1.610.802,27.838
9.823,105.073,5,1.593,3.64,35.534,44.763,5.281,25.634,38.872,43.015,27.96,4.89,80.82,17.641,12,-4.26,-5.51,-5.79,-3.48,-0.34,0.99,7.3,-0.09,10.14,4.07,1.2,-4.25,Durian,Clay Loam,0.723,0.291,23.72,9,0.428,3726.74,27.95
9.759,105.571,5.896,1.104,3.64,39.639,30.406,5.921,24.788,35.573,41.094,27.529,5.399,82.412,17.211,12,-4.67,-5.961,-6.203,-4.187,0.227,1.273,10.034,-0.19,9.204,5.018,0.401,-4.935,Durian,Clay Loam,0.647,0.291,26.146,7,0.384,2339.24,27.522
9.863,105.398,5.417,1.583,3.64,39.692,33.475,5.6,24.35,36.017,38.292,27.52,5.44,82.42,17.03,12,-4.68,-6.01,-6.26,-4.19,0.2,1.23,10.03,-0.2,9.39,5.07,0.41,-4.97,Durian,Clay Loam,0.646,0.288,26.31,7,0.381,3.035.158,27.51
9.36,105.175,5,1,3.64,41.807,38.288,5.66,28.148,30.046,54.227,27.97,4.72,81.28,17.03,12,-4.59,-5.52,-5.78,-3.25,-0.54,1.6,7.82,0.24,8.31,4.06,1.94,-4.24,Durian,Clay,0.706,0.301,23.92,9,0.347,2905.08,27.964
10.499,106.434,6,2.681,3.64,39.838,28.279,6.028,18.704,41.458,34.287,27.811,4.158,80.459,18.06,12,-3.878,-4.608,-4.695,-4.026,0.284,3.217,7.616,0.198,6.243,3.404,-0.129,-3.652,Durian,Clay Loam,0.731,0.295,20.988,7,0.363,2.107.267,27.794
10.714,105.264,5.06,3.881,3.64,35.718,25.755,5.518,20.757,43.431,33.206,27.91,4.77,79.76,17.9,12,-3.85,-5.17,-5.46,-3.66,-0.22,0.5,5.61,-0.26,10.88,4.65,0.87,-3.94,Durian,Clay Loam,0.761,0.289,22.56,9,0.483,3.212.932,27.885
10.381,106.529,5.083,2,3.64,41.05,36.451,6.359,18.666,40.192,42.503,27.758,4.117,80.82,18.047,12,-3.818,-4.574,-4.662,-4.035,0.255,3.364,7.467,0.379,6.272,3.096,-0.156,-3.609,Durian,Clay,0.715,0.307,20.854,7,0.358,1.389.669,27.745
10.513,106.327,5.069,2,3.64,39.414,28.276,6.3,17.848,42.738,36.855,27.9,4.312,79.797,18.06,12,-4.014,-4.762,-4.861,-4.003,0.343,2.674,7.87,-0.239,6.509,4.26,-0.005,-3.811,Durian,Clay Loam,0.759,0.301,21.695,7,0.363,1.517.579,27.887
10.691,104.822,6,8.693,3.64,27.764,33.047,5.517,36.716,35.537,35.499,28.117,4.051,77.371,18.24,12,-3.321,-4.409,-4.642,-3.42,-0.253,0.649,3.675,0.228,9.078,4.89,0.853,-3.336,Durian,Clay Loam,0.861,0.255,19.381,9,0.469,3215.1,28.06
9.738,105.798,5,2.39,3.64,35.416,27.465,5.887,25.326,39.158,41.1,27.572,5.649,82.777,17.03,12,-5.089,-6.193,-6.565,-3.894,-0.122,0.821,10.378,0.279,9.346,5.931,0.567,-5.414,Durian,Clay Loam,0.635,0.289,27.277,7,0.38,2.412.951,27.556
8.781,104.899,5.435,1.435,3.64,37.16,56.524,5.331,32.884,29.956,54.81,28.084,4.241,81.033,17.849,12,-4.219,-5.129,-5.45,-3.201,-0.613,0.948,6.136,0.581,7.445,3.221,3.676,-3.38,Durian,Clay Loam,0.72,0.291,21.992,9,0.338,3.618.342,28.075
10.208,105.632,5,4.733,3.64,37.207,33.447,5.913,24.167,38.627,52.167,27.711,4.747,80.843,17.784,12,-4.108,-5.282,-5.471,-4.008,0.295,1.481,7.777,-0.382,8.437,5.148,0.341,-4.259,Durian,Clay Loam,0.712,0.307,23.51,9,0.359,2.356.583,27.68
9.28,105.661,5.428,2.428,3.64,39.899,45.357,5.643,28.544,31.5,52.129,27.924,4.805,81.634,17.775,12,-4.638,-5.538,-5.813,-3.45,-0.228,1.009,8.114,0.574,7.997,4.548,1.867,-4.427,Durian,Clay Loam,0.691,0.297,24.094,7,0.337,2.941.935,27.908
8.887,104.823,5.093,1.093,3.64,38.891,52.963,5.209,31.323,29.777,52.69,28.049,4.405,80.865,17.74,12,-4.401,-5.256,-5.584,-3.232,-0.626,1.201,6.588,0.431,7.842,3.621,3.152,-3.695,Durian,Clay Loam,0.725,0.292,22.794,9,0.343,3.882.834,28.042
10.71,105.787,5,2,3.64,35.977,27.837,5.417,21.143,42.88,34.754,27.74,4.64,80.6,17.9,12,-4.02,-5.17,-5.35,-3.98,0.31,1.52,7.43,-0.41,8.29,5.16,0.33,-4.15,Durian,Clay Loam,0.722,0.29,23.08,9,0.36,3.431.897,27.727
9.776,105.178,5.578,1,3.64,36.605,36.318,5.416,25.833,37.504,46.903,27.964,4.818,81.014,17.03,12,-4.399,-5.514,-5.786,-3.383,-0.424,1.248,7.52,0.049,9.367,4.066,1.513,-4.246,Durian,Clay Loam,0.716,0.296,23.752,9,0.394,3.434.064,27.958
10.882,105.976,5.377,4.755,3.64,31.345,29.277,5.238,25.855,42.8,24.664,28.08,3.71,77.7,17.9,12,-3.56,-4.08,-4.13,-3.62,0.1,2.86,5.77,0.03,5.64,4.65,-0.35,-3.28,Durian,Clay Loam,0.847,0.265,19.02,7,0.303,3.819.963,28.049
9.923,105.758,5.936,2.936,3.64,39.025,31.362,5.819,23.724,37.251,46.264,27.52,5.44,82.42,17.03,12,-4.68,-6.01,-6.26,-4.19,0.2,1.23,10.03,-0.2,9.39,5.07,0.41,-4.97,Durian,Clay Loam,0.646,0.3,26.31,7,0.381,2.560.373,27.501
9.006,105.233,6,1.325,3.64,39.223,44.338,5.568,32.715,28.062,42.887,27.905,5.051,82.218,17.261,12,-4.963,-5.742,-6.174,-3.213,-0.407,0.75,8.324,0.768,8.261,5.607,1.7,-4.907,Durian,Clay Loam,0.668,0.275,25.406,7,0.328,3.104.533,27.896
9.99,105.288,6,1,3.64,37.528,36.361,5.6,27.938,34.446,39.28,27.909,4.954,81.006,17.03,12,-4.309,-5.568,-5.845,-3.562,-0.277,1.018,7.617,-0.103,10.053,4.186,1.108,-4.334,Durian,Clay Loam,0.714,0.281,23.998,9,0.419,3.035.158,27.902
10.309,105.174,5.042,1.958,3.64,37.356,34.725,5.608,23.649,38.994,41.489,27.912,4.775,79.805,17.9,12,-3.867,-5.184,-5.474,-3.652,-0.225,0.521,5.681,-0.253,10.849,4.625,0.884,-3.953,Durian,Clay Loam,0.759,0.294,22.608,9,0.481,3.017.814,27.899
8.952,105.041,5.565,1.871,3.64,39.734,47.563,5.587,30.863,29.36,47.44,28.04,4.45,80.82,18.02,12,-4.45,-5.29,-5.62,-3.24,-0.63,1.27,6.71,0.39,7.95,3.73,3.01,-3.78,Durian,Clay Loam,0.727,0.285,23.01,9,0.345,3.063.342,28.028
9.154,105.237,5.93,1.209,3.64,39.025,39.133,5.421,31.072,29.995,48.254,28.04,4.45,80.82,17.097,12,-4.45,-5.29,-5.62,-3.24,-0.63,1.27,6.71,0.39,7.95,3.73,3.01,-3.78,Durian,Clay Loam,0.727,0.286,23.01,9,0.345,3.423.225,28.032
10.658,106.129,5.844,4,3.64,40.487,25.77,5.64,19.24,40.273,31.901,27.91,4.33,79.72,18.06,12,-4.03,-4.78,-4.88,-4,0.35,2.61,7.9,-0.29,6.54,4.36,0.01,-3.83,Durian,Clay,0.763,0.29,21.81,7,0.363,2.948.439,27.884
9.013,105.039,5,3.324,3.64,38.254,44.144,5.7,33.213,28.465,49.016,28.04,4.45,80.82,18.037,12,-4.45,-5.29,-5.62,-3.24,-0.63,1.27,6.71,0.39,7.95,3.73,3.01,-3.78,Durian,Clay Loam,0.727,0.282,23.01,9,0.345,2.818.361,28.018
10.168,106.685,5.139,2.139,3.64,40.103,35.047,6.142,20.603,39.295,36.447,27.881,4.5,82.527,18.06,12,-4.067,-5.062,-5.177,-3.919,0.396,1.782,8.288,0.467,7.39,3.581,0.601,-4.24,Durian,Clay,0.656,0.294,22.465,7,0.368,1.860.118,27.867
8.825,105.004,6,2,3.64,35.419,52.831,5.425,31.798,32.758,50.083,28.04,4.45,80.82,18.008,12,-4.45,-5.29,-5.62,-3.24,-0.63,1.27,6.71,0.39,7.95,3.73,3.01,-3.78,Durian,Clay Loam,0.727,0.287,23.01,9,0.345,3.414.553,28.027
10.191,105.263,6,2.249,3.64,39.063,33.513,5.6,22.85,38.188,45.713,27.96,4.89,80.82,17.942,12,-4.26,-5.51,-5.79,-3.48,-0.34,0.99,7.3,-0.09,10.14,4.07,1.2,-4.25,Durian,Clay Loam,0.723,0.301,23.72,9,0.428,3.035.158,27.945
10.82,104.679,6,8,3.64,26.338,31.14,5.5,37.191,36.471,35.345,27.662,3.949,77.753,18.24,12,-3.259,-4.225,-4.47,-3.296,-0.456,0.598,2.829,0.297,9.166,4.907,1.054,-3.145,Durian,Loam,0.825,0.254,18.851,9,0.486,3.251.955,27.61
10.309,106.02,5,3.722,3.64,37.156,35.106,6.056,23.667,39.177,41.342,27.91,4.33,79.72,17.945,12,-4.03,-4.78,-4.88,-4,0.35,2.61,7.9,-0.29,6.54,4.36,0.01,-3.83,Durian,Clay Loam,0.763,0.293,21.81,7,0.363,2.046.564,27.886
10.247,105.707,5,2.87,3.64,33.702,26.907,5.974,21.713,44.511,27.815,27.549,5.336,82.184,17.9,12,-4.594,-5.901,-6.142,-4.163,0.214,1.268,9.693,-0.227,9.247,5.082,0.4,-4.864,Durian,Clay Loam,0.656,0.279,25.891,7,0.374,2.224.337,27.53
10.154,105.15,5.676,1.972,3.64,36.376,34.007,5.668,29.496,34.196,33.928,27.944,4.851,80.477,17.422,12,-4.127,-5.4,-5.683,-3.538,-0.301,0.831,6.753,-0.145,10.38,4.258,1.093,-4.15,Durian,Clay Loam,0.736,0.27,23.344,9,0.445,2.887.736,27.931
9.608,105.719,5.944,2.112,3.64,35.578,32.322,5.906,26.938,37.483,40.971,27.577,5.667,82.807,17.03,12,-5.124,-6.208,-6.59,-3.869,-0.149,0.786,10.408,0.319,9.343,6.005,0.58,-5.451,Durian,Clay Loam,0.634,0.285,27.391,7,0.379,2.371.759,27.563
10.621,105.52,5,2,3.64,35.161,27.541,5.7,21.223,43.615,37.666,27.74,4.64,80.6,17.9,12,-4.02,-5.17,-5.35,-3.98,0.31,1.52,7.43,-0.41,8.29,5.16,0.33,-4.15,Durian,Clay Loam,0.722,0.294,23.08,9,0.36,2.818.361,27.727
10.047,104.739,6,12.869,3.64,34.992,49.166,5.705,33.985,30.975,67.293,27.783,4.193,79.314,18.154,12,-3.831,-4.729,-5.017,-3.261,-0.562,0.908,4.622,0.338,8.642,4.344,2.008,-3.439,Durian,Clay Loam,0.772,0.306,20.839,9,0.414,2.807.521,27.699
9.537,104.912,6,0.366,3.64,36.288,34.234,5.473,26.3,37.348,48.992,27.97,4.72,81.28,18.06,12,-4.59,-5.52,-5.78,-3.25,-0.54,1.6,7.82,0.24,8.31,4.06,1.94,-4.24,Durian,Clay Loam,0.706,0.298,23.92,9,0.347,3310.49,27.968
8.905,105.078,5.001,2,3.64,38.8,51.401,5.4,30.202,30.998,47.7,28.04,4.45,80.82,17.99,12,-4.45,-5.29,-5.62,-3.24,-0.63,1.27,6.709,0.39,7.949,3.729,3.011,-3.78,Durian,Clay Loam,0.727,0.287,23.01,9,0.345,3.468.752,28.027
10.436,106.413,5,2,3.64,40.421,31.921,6.316,17.995,41.584,33.364,27.892,4.362,79.812,18.043,12,-4.029,-4.821,-4.929,-3.998,0.346,2.496,7.851,-0.303,6.723,4.444,0.044,-3.864,Durian,Clay,0.758,0.295,21.944,7,0.358,1.482.891,27.879
9.917,105.21,5.501,1.997,3.64,37.148,26.4,5.55,26.901,35.952,33.548,27.96,4.89,80.82,17.03,12,-4.26,-5.51,-5.79,-3.48,-0.34,0.99,7.3,-0.09,10.14,4.07,1.2,-4.25,Durian,Clay Loam,0.723,0.275,23.72,9,0.428,3.143.556,27.947
9.981,106.088,5.385,2.615,3.64,34.107,33.162,6.261,24.401,41.553,39.261,27.61,5.05,82.34,18.497,12,-4.58,-5.54,-5.71,-4.16,0.46,1.64,10.07,-0.1,7.61,4.57,0.32,-4.63,Durian,Clay Loam,0.653,0.289,24.72,7,0.408,1602.13,27.593
9.579,105.822,5.134,2.403,3.64,40.5,42.89,5.946,26.165,33.322,66.335,27.806,5.169,82.465,17.168,12,-4.831,-5.792,-6.01,-3.664,0.184,0.742,9.55,0.762,8.045,5.384,0.698,-5.087,Durian,Clay,0.655,0.323,25.384,7,0.377,2285.04,27.79
9.769,105.169,5.524,1,3.64,36.809,36.409,5.405,25.672,37.467,47.004,27.965,4.809,81.039,17.03,12,-4.417,-5.515,-5.785,-3.371,-0.435,1.28,7.548,0.067,9.269,4.065,1.552,-4.245,Durian,Clay Loam,0.715,0.297,23.768,9,0.39,3.457.912,27.958
9.414,105.563,6,2,3.64,43.034,39.2,5.789,31.678,25.288,46.122,27.58,5.68,82.83,17.03,12,-5.15,-6.22,-6.61,-3.85,-0.17,0.76,10.43,0.35,9.34,6.06,0.59,-5.48,Durian,Clay,0.633,0.282,27.48,7,0.379,2.625.412,27.567
10.14,105.578,6,3.731,3.64,36.883,32.011,5.954,21.875,41.242,39.037,27.52,5.44,82.42,17.582,12,-4.68,-6.01,-6.26,-4.19,0.2,1.23,10.03,-0.2,9.39,5.07,0.41,-4.97,Durian,Clay Loam,0.646,0.294,26.31,7,0.381,2.267.697,27.496
10.068,106.369,5.229,6.083,3.64,39.994,32.519,6.077,22.579,37.427,62.003,27.603,5.194,82.452,17.824,12,-4.711,-5.696,-5.916,-4.089,0.316,1.438,10.153,0.003,8.007,4.912,0.382,-4.825,Durian,Clay Loam,0.648,0.325,25.237,7,0.403,2.001.036,27.563
10.113,106.446,5.003,4.991,3.64,37.405,32.794,6.301,20.496,42.099,50.291,27.61,5.05,82.34,18.06,12,-4.58,-5.54,-5.71,-4.16,0.46,1.64,10.07,-0.1,7.61,4.57,0.32,-4.63,Durian,Clay Loam,0.653,0.313,24.72,7,0.408,1.515.411,27.578
10.887,105.395,5.141,3.859,3.64,35.418,26.55,5.556,21.951,42.631,32.103,28.108,3.763,77.463,17.9,12,-3.347,-4.207,-4.341,-3.473,0.015,1.496,4.395,-0.057,6.819,5.49,0.463,-3.296,Durian,Clay Loam,0.857,0.284,18.721,9,0.365,3.130.549,28.083
10.51,105.651,5.814,3.628,3.64,38.433,27.519,5.863,19.133,42.453,36.998,27.74,4.64,80.6,17.9,12,-4.02,-5.17,-5.35,-3.98,0.31,1.52,7.43,-0.41,8.29,5.16,0.33,-4.15,Durian,Clay Loam,0.722,0.298,23.08,9,0.36,2.464.982,27.716
10.156,105.859,5.552,3.344,3.64,32.555,30.196,6.145,21.862,45.527,41.044,27.56,5.265,82.384,17.972,12,-4.635,-5.799,-6.014,-4.177,0.316,1.414,10.048,-0.155,8.593,4.846,0.37,-4.818,Durian,Clay Loam,0.649,0.297,25.598,7,0.393,1.853.614,27.538
10.159,105.866,6,3.247,3.64,32.974,30.464,6.142,21.943,45.025,39.658,27.557,5.278,82.387,17.967,12,-4.638,-5.815,-6.031,-4.178,0.308,1.4,10.047,-0.158,8.65,4.862,0.373,-4.829,Durian,Clay Loam,0.649,0.295,25.649,7,0.392,1.860.118,27.536
10.576,106.341,5.28,2,3.64,41.703,33.004,6.116,16.135,42.191,29.003,27.91,4.33,79.72,18.06,12,-4.03,-4.78,-4.88,-4,0.35,2.61,7.9,-0.29,6.54,4.36,0.01,-3.83,Durian,Clay,0.763,0.293,21.81,7,0.363,1.916.485,27.897
9.96,106.268,5.629,4,3.64,37.434,31.234,6.237,23.255,39.311,34.945,27.61,5.05,82.34,18.506,12,-4.58,-5.54,-5.71,-4.16,0.46,1.64,10.07,-0.1,7.61,4.57,0.32,-4.63,Durian,Clay Loam,0.653,0.285,24.72,7,0.408,1.654.161,27.584
9.885,105.755,5,3,3.64,37.223,33.178,6.013,25.043,37.747,53.108,27.52,5.44,82.42,17.03,12,-4.68,-6.01,-6.26,-4.19,0.2,1.23,10.03,-0.2,9.39,5.07,0.41,-4.97,Durian,Clay Loam,0.646,0.307,26.31,7,0.381,2.139.786,27.5
10.294,106.466,5.27,2,3.64,40.281,35.092,6.046,20.35,39.37,37.004,27.857,4.589,82.207,18.017,12,-4.086,-5.155,-5.292,-3.922,0.39,1.505,8.153,0.233,7.786,4.086,0.622,-4.296,Durian,Clay,0.667,0.295,22.751,7,0.358,2.068.243,27.844
10.141,105.141,5.352,3.943,3.64,32.791,28.44,5.359,30.836,36.337,30.362,27.942,4.848,80.447,17.456,12,-4.116,-5.39,-5.674,-3.543,-0.298,0.817,6.705,-0.15,10.401,4.274,1.084,-4.141,Durian,Clay Loam,0.737,0.262,23.312,9,0.447,3.557.639,27.916
8.866,105.107,5,3.796,3.64,37.169,41.878,5.7,34.252,28.559,49.913,28.04,4.45,80.82,18.004,12,-4.45,-5.29,-5.62,-3.24,-0.63,1.27,6.71,0.39,7.95,3.73,3.01,-3.78,Durian,Clay Loam,0.727,0.281,23.01,9,0.345,2.818.361,28.015
9.792,106.012,5.754,3.984,3.64,39.521,31.417,6.025,24.364,36.115,66.358,27.587,5.525,82.709,17.283,12,-5.01,-6.053,-6.389,-3.926,-0.015,0.976,10.341,0.239,8.914,5.693,0.524,-5.271,Durian,Clay Loam,0.638,0.327,26.664,7,0.387,2.113.771,27.561
10.512,105.009,5.964,467.35,3.64,33.173,33.195,5.422,39.496,27.332,51.372,27.904,4.765,79.79,18.228,12,-3.856,-5.17,-5.456,-3.672,-0.201,0.537,5.675,-0.265,10.787,4.668,0.851,-3.948,Durian,Clay Loam,0.76,0.271,22.568,9,0.479,3.421.057,24.866
10.644,105.795,5.605,3.211,3.64,37.908,29.308,6.018,21.842,40.25,42.182,28.025,3.973,78.413,17.963,12,-3.631,-4.429,-4.541,-3.691,0.174,2.017,5.891,-0.187,6.522,5.098,0.246,-3.515,Durian,Clay Loam,0.817,0.299,19.994,9,0.327,2.128.947,28.004
9.968,105.207,6,1,3.64,35.006,29.071,5.593,27.898,37.096,35.386,27.96,4.89,80.82,17.03,12,-4.26,-5.51,-5.79,-3.48,-0.34,0.99,7.3,-0.09,10.14,4.07,1.2,-4.25,Durian,Clay Loam,0.723,0.275,23.72,9,0.428,3.050.334,27.954
9.913,106.092,5.874,7.371,3.64,38.023,27.538,6.2,24.699,37.365,30.553,27.61,5.05,82.34,18.77,12,-4.58,-5.54,-5.71,-4.16,0.46,1.64,10.07,-0.1,7.61,4.57,0.32,-4.63,Durian,Clay Loam,0.653,0.276,24.72,7,0.408,1.734.376,27.562
10.539,105.701,5,2,3.64,38.91,35.478,6.016,19.374,41.816,39.1,27.785,4.674,80.379,17.9,12,-3.975,-5.17,-5.379,-3.896,0.171,1.252,6.952,-0.371,8.971,5.026,0.472,-4.095,Durian,Clay Loam,0.732,0.3,22.886,9,0.393,2.133.282,27.772
10.352,104.778,5.975,2.051,3.64,32.123,40.906,5.595,29.636,38.241,37.767,27.91,4.77,79.76,18.24,12,-3.85,-5.17,-5.46,-3.66,-0.22,0.5,5.61,-0.26,10.88,4.65,0.87,-3.94,Durian,Clay Loam,0.761,0.275,22.56,9,0.483,3.045.998,27.897
10.01,106.15,5.052,3,3.64,36.116,27.774,6.19,23.911,39.973,33.695,27.617,5.029,82.249,18.725,12,-4.551,-5.521,-5.691,-4.151,0.452,1.634,9.932,-0.116,7.645,4.601,0.321,-4.605,Durian,Clay Loam,0.656,0.282,24.635,7,0.404,1.756.056,27.598
8.849,104.858,5.318,1.318,3.64,38.868,52.873,5.232,31.863,29.237,51.452,28.072,4.297,80.976,17.74,12,-4.282,-5.172,-5.496,-3.211,-0.617,1.035,6.29,0.53,7.581,3.358,3.496,-3.488,Durian,Clay Loam,0.722,0.289,22.266,9,0.34,3.832.971,28.063
9.123,105.461,5.468,2,3.64,37.909,37.689,5.406,32.776,29.315,39.368,27.84,5.34,82.89,17.03,12,-5.21,-5.96,-6.44,-3.2,-0.3,0.5,9.1,0.95,8.41,6.51,1.07,-5.45,Durian,Clay Loam,0.641,0.27,26.56,7,0.343,3.455.744,27.827
10.396,105.264,5,2,3.64,39.616,36.115,5.558,19.3,41.126,35.857,27.812,4.695,80.247,17.9,12,-3.948,-5.17,-5.396,-3.845,0.087,1.091,6.664,-0.347,9.38,4.945,0.557,-4.062,Durian,Clay Loam,0.739,0.296,22.768,9,0.413,3.126.213,27.799
8.687,105.056,5.085,3.829,3.64,36.851,42.262,5.591,33.56,29.589,43.077,28.131,4.011,81.268,17.969,12,-3.965,-4.952,-5.263,-3.158,-0.593,0.593,5.503,0.792,6.889,2.66,4.409,-2.939,Durian,Clay Loam,0.713,0.273,20.87,9,0.33,3054.67,28.106
10.668,106.498,5,2.043,3.64,42.071,28.886,5.896,24.252,33.677,30.914,27.91,4.33,79.72,18.06,12,-4.03,-4.78,-4.88,-4,0.35,2.61,7.9,-0.29,6.54,4.36,0.01,-3.83,Durian,Clay,0.763,0.277,21.81,7,0.363,2.393.439,27.897
9.907,106.359,6,2,3.64,39.5,36.067,6.133,27.067,33.433,37.833,27.61,5.05,82.34,18.77,12,-4.58,-5.54,-5.71,-4.16,0.46,1.64,10.07,-0.1,7.61,4.57,0.32,-4.63,Durian,Clay Loam,0.653,0.281,24.72,7,0.408,1879.63,27.597
9.952,105.734,5.823,2.53,3.64,39.529,32.17,5.953,24.629,35.841,43.682,27.559,5.299,82.098,17.184,12,-4.563,-5.862,-6.099,-4.153,0.219,1.281,9.571,-0.237,9.196,5.086,0.396,-4.825,Durian,Clay Loam,0.66,0.295,25.739,7,0.372,2.269.865,27.543
9.101,105.442,6,2.218,3.64,40.407,34.99,5.6,31.668,27.926,43.009,27.783,5.414,82.877,17.03,12,-5.197,-6.017,-6.477,-3.342,-0.272,0.557,9.39,0.819,8.613,6.412,0.965,-5.457,Durian,Clay,0.639,0.277,26.762,7,0.351,3.035.158,27.769
10.021,105.913,5.456,2,3.64,33.235,34.6,6.1,23.647,43.218,44.258,27.561,5.262,82.384,18.297,12,-4.634,-5.796,-6.009,-4.176,0.319,1.417,10.048,-0.154,8.578,4.842,0.369,-4.815,Durian,Clay Loam,0.649,0.298,25.584,7,0.393,1.951.173,27.548
9.901,105.752,5.9,2,3.64,37.75,38.17,6.08,25.49,36.75,47.34,27.526,5.464,82.461,17.03,12,-4.727,-6.031,-6.295,-4.156,0.163,1.183,10.07,-0.145,9.385,5.169,0.428,-5.021,Durian,Clay Loam,0.645,0.298,26.375,7,0.381,1.994.532,27.513
10.595,106.258,5.688,4,3.64,39.894,26.113,5.781,19.599,40.506,32.414,27.863,4.249,80.069,18.06,12,-3.958,-4.699,-4.793,-4.012,0.319,2.897,7.766,-0.059,6.4,3.908,-0.056,-3.746,Durian,Clay Loam,0.747,0.29,21.323,7,0.365,2.642.755,27.837
10.42,106.452,5,2.758,3.64,39.792,36.127,6.248,17.016,43.192,39.419,27.91,4.33,79.72,18.06,12,-4.03,-4.78,-4.88,-4,0.35,2.61,7.9,-0.29,6.54,4.36,0.01,-3.83,Durian,Clay Loam,0.763,0.306,21.81,7,0.363,1.630.313,27.892
9.667,105.957,5.911,4.822,3.64,34.127,37.178,5.856,28.585,37.28,51.042,27.776,5.285,82.735,18.615,12,-4.918,-5.878,-6.103,-3.683,0.256,0.646,9.911,0.832,8.091,5.717,0.405,-5.304,Durian,Clay Loam,0.644,0.296,25.886,7,0.383,2.480.158,27.745
8.655,105.005,5.838,2,3.64,34.916,60.033,5.484,34.682,30.401,56.803,28.124,4.048,81.231,17.95,12,-4.006,-4.98,-5.293,-3.165,-0.596,0.65,5.603,0.759,6.978,2.749,4.293,-3.009,Durian,Clay Loam,0.715,0.29,21.049,9,0.332,3.286.643,28.111
9.826,106.16,5,2.291,3.64,37.129,34.032,6.171,27.403,35.468,48.319,27.584,5.163,82.363,18.264,12,-4.609,-5.677,-5.87,-4.169,0.384,1.521,10.058,-0.129,8.127,4.715,0.346,-4.729,Durian,Clay Loam,0.651,0.295,25.183,7,0.4,1.797.247,27.569
9.748,105.567,5.949,2.153,3.64,40.287,27.426,5.705,25.215,34.587,38.538,27.577,5.668,82.809,17.03,12,-5.126,-6.209,-6.592,-3.867,-0.151,0.784,10.41,0.322,9.343,6.009,0.581,-5.454,Durian,Clay,0.634,0.286,27.399,7,0.379,2.807.521,27.563
9.954,106.552,5.969,3.031,3.64,33.147,41.843,6.2,23.315,43.538,37.084,27.615,5.019,82.293,18.748,12,-4.555,-5.508,-5.675,-4.156,0.453,1.699,9.988,-0.083,7.562,4.518,0.304,-4.596,Durian,Clay Loam,0.654,0.288,24.573,7,0.407,1.734.376,27.595
9.807,105.605,5,1.736,3.64,39.4,34.765,5.774,24.69,35.91,41.894,27.536,5.503,82.528,17.03,12,-4.804,-6.065,-6.352,-4.1,0.102,1.106,10.136,-0.055,9.377,5.331,0.457,-5.105,Durian,Clay Loam,0.643,0.292,26.481,7,0.382,2.657.931,27.525
8.849,105.04,5.33,2,3.64,38.8,51.796,5.367,31.29,29.877,47.7,28.073,4.291,80.982,17.907,12,-4.275,-5.168,-5.491,-3.21,-0.617,1.026,6.274,0.535,7.567,3.344,3.515,-3.476,Durian,Clay Loam,0.722,0.285,22.237,9,0.34,3.540.295,28.06
10.463,104.982,5.094,14.282,3.64,31.675,31.101,5.7,37.506,30.909,33.723,27.91,4.77,79.76,18.208,12,-3.85,-5.17,-5.46,-3.66,-0.22,0.5,5.61,-0.26,10.88,4.65,0.87,-3.94,Durian,Clay Loam,0.761,0.251,22.56,9,0.483,2.818.361,27.817
10.412,106.51,5.267,2,3.64,40.187,31.207,6.373,18.207,41.607,33.873,27.87,4.261,80.019,18.06,12,-3.969,-4.711,-4.805,-4.011,0.323,2.855,7.785,-0.093,6.42,3.973,-0.046,-3.758,Durian,Clay,0.75,0.296,21.393,7,0.365,1.359.317,27.857
10.69,106.538,5.725,2,3.64,37.608,26.873,6.128,26.36,35.96,26.232,27.91,4.33,79.72,18.06,12,-4.03,-4.78,-4.88,-4,0.35,2.61,7.9,-0.29,6.54,4.36,0.01,-3.83,Durian,Clay Loam,0.763,0.266,21.81,7,0.363,1890.47,27.897
10.157,105.906,6,3.122,3.64,36.614,35.257,6.188,22.896,40.49,44.263,27.599,5.098,82.35,17.794,12,-4.592,-5.598,-5.777,-4.164,0.428,1.59,10.065,-0.112,7.828,4.631,0.331,-4.672,Durian,Clay Loam,0.652,0.299,24.915,7,0.405,1.760.392,27.579
10.315,105.712,5,2,3.64,34.054,27.721,5.792,18.692,47.258,31.788,27.74,4.64,80.6,17.9,12,-4.02,-5.17,-5.35,-3.98,0.31,1.52,7.43,-0.41,8.29,5.16,0.33,-4.15,Durian,Clay Loam,0.722,0.292,23.08,9,0.36,2.618.908,27.727
10.579,106.557,5,2,3.64,44.142,34.602,6.14,24.296,31.561,32.474,27.85,4.227,80.165,18.06,12,-3.939,-4.677,-4.769,-4.016,0.31,2.976,7.729,0.004,6.361,3.783,-0.074,-3.723,Durian,Clay,0.743,0.28,21.198,7,0.365,1.864.454,27.837
10.379,106.434,5.238,2.238,3.64,37.915,35.234,6.352,20.152,41.933,37.077,27.91,4.33,79.72,18.06,12,-4.03,-4.78,-4.88,-4,0.35,2.61,7.9,-0.29,6.54,4.36,0.01,-3.83,Durian,Clay Loam,0.763,0.296,21.81,7,0.363,1.404.845,27.895
10.425,105.656,6,2,3.64,35.928,32.346,5.855,20.718,43.4,37.318,27.64,5.004,81.428,17.9,12,-4.32,-5.552,-5.764,-4.076,0.26,1.388,8.613,-0.314,8.79,5.119,0.366,-4.523,Durian,Clay Loam,0.687,0.295,24.549,9,0.358,2.482.326,27.627
10.16,106.321,6,3.465,3.64,36.667,35.285,6.327,21.146,42.214,37.773,27.586,5.154,82.361,18.017,12,-4.607,-5.666,-5.857,-4.168,0.391,1.53,10.059,-0.127,8.086,4.704,0.344,-4.721,Durian,Clay Loam,0.651,0.294,25.146,7,0.401,1.459.044,27.563
10.664,104.665,6,4.22,3.64,30.702,41.818,5.356,28.15,41.148,35.902,27.996,4.388,79.417,18.24,12,-3.647,-4.827,-5.07,-3.449,-0.29,0.687,4.892,-0.229,10.061,4.151,1.213,-3.534,Durian,Clay Loam,0.778,0.276,21.046,9,0.479,3.564.143,27.969
9.548,105.729,5,1.868,3.64,37.047,44.284,5.734,26.39,36.576,44.363,27.631,5.554,82.626,17.03,12,-5.076,-6.128,-6.501,-3.771,-0.219,0.87,10.087,0.336,9.205,5.797,0.768,-5.317,Durian,Clay Loam,0.643,0.291,27.012,7,0.373,2744.65,27.619
9.598,105.148,5.143,2,3.64,38.229,38.586,5.386,28.029,33.743,39.414,27.97,4.72,81.28,17.03,12,-4.59,-5.52,-5.78,-3.25,-0.54,1.6,7.82,0.24,8.31,4.06,1.94,-4.24,Durian,Clay Loam,0.706,0.281,23.92,9,0.347,3.499.104,27.957
9.305,105.148,5.425,1,3.64,41.19,40.058,5.5,29.927,28.882,54.303,27.97,4.72,81.28,17.03,12,-4.59,-5.52,-5.78,-3.25,-0.54,1.6,7.82,0.24,8.31,4.06,1.94,-4.24,Durian,Clay,0.706,0.297,23.92,9,0.347,3.251.955,27.964
9.132,105.073,5,1.229,3.64,38.647,43.485,5.508,33.408,27.945,39.398,28.048,4.413,80.857,17.103,12,-4.41,-5.262,-5.59,-3.233,-0.627,1.213,6.609,0.424,7.861,3.641,3.127,-3.71,Durian,Clay Loam,0.726,0.268,22.832,9,0.344,3.234.611,28.04
10.608,105.539,5.617,2.617,3.64,38.603,26.597,5.73,20.135,41.323,39.123,27.74,4.64,80.6,17.9,12,-4.02,-5.17,-5.35,-3.98,0.31,1.52,7.43,-0.41,8.29,5.16,0.33,-4.15,Durian,Clay Loam,0.722,0.298,23.08,9,0.36,2.753.322,27.723
10.197,105.035,5.368,2,3.64,33.471,40.56,5.49,27.116,39.413,45.56,27.932,4.752,80.319,17.795,12,-4.122,-5.299,-5.578,-3.509,-0.338,0.905,6.423,-0.076,9.935,4.433,1.263,-4.05,Durian,Clay Loam,0.741,0.291,22.972,9,0.433,3.273.635,27.919
8.956,104.946,5.818,2.182,3.64,37.691,44.309,5.536,33.891,28.4,44.718,28.04,4.45,80.82,17.798,12,-4.45,-5.29,-5.62,-3.24,-0.63,1.27,6.71,0.39,7.95,3.73,3.01,-3.78,Durian,Clay Loam,0.727,0.275,23.01,9,0.345,3.173.908,28.026
9.853,105.457,5.436,2.871,3.64,39.029,34.687,5.6,24.818,36.21,38.436,27.52,5.44,82.42,17.03,12,-4.68,-6.01,-6.26,-4.19,0.2,1.23,10.03,-0.2,9.39,5.07,0.41,-4.97,Durian,Clay Loam,0.646,0.287,26.31,7,0.381,3.035.158,27.501
9.309,105.103,5.332,1.336,3.64,40.101,49.802,5.367,29.133,30.766,56.038,27.993,4.63,81.127,17.372,12,-4.544,-5.444,-5.727,-3.247,-0.57,1.49,7.451,0.29,8.19,3.95,2.295,-4.087,Durian,Clay,0.713,0.301,23.619,9,0.346,3.540.295,27.984
10.2,105.072,6,3.316,3.64,38.903,33.139,5.6,23.063,38.134,45.339,27.96,4.89,80.82,18.124,12,-4.26,-5.51,-5.79,-3.48,-0.34,0.99,7.3,-0.09,10.14,4.07,1.2,-4.25,Durian,Clay Loam,0.723,0.3,23.72,9,0.428,3.035.158,27.938
10.498,106.095,6,2.739,3.64,43.726,30.739,6.222,17.3,38.974,31.234,27.954,4.168,79.193,18.06,12,-3.907,-4.597,-4.684,-3.901,0.285,2.675,7.344,-0.206,6.305,4.436,-0.084,-3.686,Durian,Clay,0.784,0.294,21.065,7,0.349,1.686.681,27.936
10.422,106.341,5,2,3.64,38.312,35.677,6.355,20.021,41.689,37.935,27.872,4.399,79.916,18.024,12,-4.028,-4.867,-4.985,-3.996,0.341,2.367,7.795,-0.317,6.931,4.539,0.081,-3.901,Durian,Clay Loam,0.754,0.297,22.094,7,0.353,1.398.341,27.859
8.844,104.851,5.642,1,3.64,39.542,53.834,5.328,31.87,28.588,54.676,28.04,4.45,80.82,17.74,12,-4.45,-5.29,-5.62,-3.24,-0.63,1.27,6.71,0.39,7.95,3.73,3.01,-3.78,Durian,Clay Loam,0.727,0.293,23.01,9,0.345,3.624.846,28.034
10.378,105.858,5.571,4.429,3.64,38.686,26.856,6.072,20.416,40.898,37.543,27.684,4.816,81.347,17.969,12,-4.26,-5.329,-5.505,-4.057,0.374,1.572,8.563,-0.277,7.998,4.907,0.326,-4.356,Durian,Clay Loam,0.692,0.296,23.784,7,0.361,2.011.876,27.655
10.591,104.9,5.432,11.409,3.64,29.786,32.182,5.614,37.6,32.671,33.907,28.018,4.394,78.512,18.24,12,-3.574,-4.773,-5.032,-3.535,-0.237,0.578,4.599,-0.005,9.938,4.775,0.861,-3.625,Durian,Clay Loam,0.813,0.251,20.781,9,0.479,3.004.806,27.944
9.053,105.208,5.663,2.011,3.64,38.358,39.64,5.501,32.114,29.595,48.841,28.04,4.45,80.82,17.354,12,-4.45,-5.29,-5.62,-3.24,-0.63,1.27,6.71,0.39,7.95,3.73,3.01,-3.78,Durian,Clay Loam,0.727,0.285,23.01,9,0.345,3.249.787,28.027
8.943,104.832,6,6.613,3.64,38.174,43.229,5.655,31.768,30.058,68.613,28.085,4.233,81.041,17.915,12,-4.211,-5.123,-5.444,-3.199,-0.612,0.936,6.114,0.589,7.426,3.202,3.701,-3.365,Durian,Clay Loam,0.72,0.313,21.954,9,0.338,2915.92,28.042
10.151,106.051,5,4.638,3.64,38.74,26.048,6.264,21.936,39.324,37.25,27.599,5.097,82.35,18.041,12,-4.592,-5.597,-5.776,-4.164,0.429,1.59,10.065,-0.112,7.825,4.63,0.331,-4.671,Durian,Clay Loam,0.652,0.292,24.912,7,0.405,1.595.626,27.569
9.157,105.523,5.324,2.324,3.64,37.916,39.032,5.435,33.219,28.865,35.759,27.84,5.34,82.89,17.03,12,-5.21,-5.96,-6.44,-3.2,-0.3,0.5,9.1,0.95,8.41,6.51,1.07,-5.45,Durian,Clay Loam,0.641,0.264,26.56,7,0.343,3.392.873,27.825
10.53,104.904,5,2,3.64,32.766,43.669,5.6,28.23,39.004,44.457,27.91,4.77,79.76,18.24,12,-3.85,-5.17,-5.46,-3.66,-0.22,0.5,5.61,-0.26,10.88,4.65,0.87,-3.94,Durian,Clay Loam,0.761,0.287,22.56,9,0.483,3.035.158,27.897
10.662,106.446,5.83,3.17,3.64,40.328,25.368,5.985,21.364,38.309,27.996,27.884,4.286,79.911,18.06,12,-3.991,-4.736,-4.832,-4.007,0.333,2.767,7.827,-0.164,6.463,4.113,-0.026,-3.784,Durian,Clay,0.754,0.28,21.54,7,0.364,2200.49,27.863
9.284,105.092,5.394,1.212,3.64,40.046,49.691,5.361,29.158,30.797,55.822,27.998,4.614,81.099,17.436,12,-4.535,-5.429,-5.717,-3.246,-0.575,1.47,7.383,0.299,8.168,3.93,2.361,-4.059,Durian,Clay,0.714,0.301,23.561,9,0.346,3.553.303,27.99
9.212,104.897,5.291,3.709,3.64,37.266,43.73,5.558,33.889,28.846,65.833,28.04,4.45,80.82,18.06,12,-4.45,-5.29,-5.62,-3.24,-0.63,1.27,6.71,0.39,7.95,3.73,3.01,-3.78,Durian,Clay Loam,0.727,0.304,23.01,9,0.345,3.126.213,28.016
10.534,105.281,5,2,3.64,37.617,33.993,6.059,21.066,41.375,45.651,27.91,4.77,79.76,17.9,12,-3.85,-5.17,-5.46,-3.66,-0.22,0.5,5.61,-0.26,10.88,4.65,0.87,-3.94,Durian,Clay Loam,0.761,0.305,22.56,9,0.483,2040.06,27.897
10.535,106.502,6,2.848,3.64,32.213,35.552,5.939,24.485,43.302,33.23,27.723,4.279,81.081,18.036,12,-3.934,-4.747,-4.853,-4.063,0.242,3.18,7.86,0.351,6.593,3.239,-0.107,-3.775,Durian,Clay Loam,0.704,0.28,21.479,7,0.366,2.300.216,27.704
8.766,104.958,6,2,3.64,38.79,52.721,5.32,33.299,27.811,47.64,28.13,4.018,81.261,17.772,12,-3.973,-4.957,-5.269,-3.159,-0.594,0.604,5.523,0.786,6.907,2.678,4.386,-2.953,Durian,Clay Loam,0.714,0.28,20.905,9,0.331,3642.19,28.117
10,106.073,5.71,2,3.64,33.032,34.6,6.1,23.952,43.116,43.344,27.584,5.163,82.363,18.518,12,-4.609,-5.676,-5.869,-4.169,0.385,1.521,10.058,-0.129,8.126,4.715,0.346,-4.729,Durian,Clay Loam,0.651,0.296,25.181,7,0.4,1.951.173,27.571
9.605,105.754,5.937,2,3.64,35.619,32.131,5.913,26.962,37.419,41.15,27.582,5.641,82.799,17.139,12,-5.114,-6.177,-6.554,-3.869,-0.131,0.815,10.407,0.322,9.232,5.967,0.573,-5.427,Durian,Clay Loam,0.635,0.286,27.272,7,0.381,2.356.583,27.569
9.397,105.498,5.603,1.603,3.64,40.583,36.879,5.621,30.343,29.074,48.508,27.735,5.299,82.215,17.439,12,-4.928,-5.942,-6.281,-3.612,-0.317,1.093,9.395,0.306,8.931,5.267,1.126,-4.988,Durian,Clay,0.662,0.288,26.068,7,0.36,2.989.631,27.725
10.806,104.742,5.527,7.053,3.64,27.779,33.432,5.453,38.31,33.911,32.212,27.871,3.928,77.381,18.24,12,-3.238,-4.236,-4.47,-3.327,-0.374,0.633,3.014,0.311,8.97,4.921,0.968,-3.172,Durian,Clay Loam,0.849,0.247,18.817,9,0.477,3353.85,27.825
10.218,106.398,5,8.821,3.64,36.066,35.089,6.094,19.576,44.358,42.097,27.61,5.05,82.34,18.06,12,-4.58,-5.54,-5.71,-4.16,0.46,1.64,10.07,-0.1,7.61,4.57,0.32,-4.63,Durian,Clay Loam,0.653,0.304,24.72,7,0.408,1.964.181,27.553
9.874,105.187,5.328,3.687,3.64,33.609,26.255,5.5,29.482,36.909,32.366,27.96,4.89,80.82,17.03,12,-4.26,-5.51,-5.79,-3.48,-0.34,0.99,7.3,-0.09,10.14,4.07,1.2,-4.25,Durian,Clay Loam,0.723,0.268,23.72,9,0.428,3.251.955,27.936
10.19,106.246,6,3.418,3.64,37.856,34.677,6.3,20.785,41.36,36.694,27.61,5.05,82.34,18.06,12,-4.58,-5.54,-5.71,-4.16,0.46,1.64,10.07,-0.1,7.61,4.57,0.32,-4.63,Durian,Clay Loam,0.653,0.294,24.72,7,0.408,1.517.579,27.588
10.189,105.304,6,2.02,3.64,39.097,33.593,5.6,22.804,38.199,45.793,27.96,4.89,80.82,17.903,12,-4.26,-5.51,-5.79,-3.48,-0.34,0.99,7.3,-0.09,10.14,4.07,1.2,-4.25,Durian,Clay Loam,0.723,0.302,23.72,9,0.428,3.035.158,27.947
9.58,105.133,5,8.326,3.64,36.276,32.026,5.72,26.478,37.27,61.293,27.862,4.892,81.553,17.814,12,-4.612,-5.637,-5.895,-3.475,-0.363,1.512,8.349,0.135,8.568,4.302,1.574,-4.415,Durian,Clay Loam,0.692,0.315,24.397,9,0.351,2.775.002,27.808
10.732,105.555,5,2.939,3.64,35.859,26.715,5.447,21.059,43.035,33.943,27.82,4.701,80.206,17.9,12,-3.94,-5.17,-5.402,-3.83,0.061,1.041,6.576,-0.34,9.505,4.921,0.583,-4.051,Durian,Clay Loam,0.74,0.289,22.733,9,0.419,3.366.857,27.801
10.129,104.972,5,2,3.64,34.539,43.588,5.34,26.454,39.008,45.333,27.943,4.848,80.45,18.123,12,-4.117,-5.391,-5.675,-3.543,-0.298,0.819,6.71,-0.149,10.398,4.272,1.085,-4.142,Durian,Clay Loam,0.737,0.293,23.315,9,0.447,3598.83,27.93
8.991,105.071,5,2.066,3.64,38.089,43.067,5.536,33.436,28.475,40.486,28.076,4.279,80.994,17.371,12,-4.262,-5.158,-5.481,-3.208,-0.616,1.007,6.241,0.546,7.538,3.314,3.554,-3.453,Durian,Clay Loam,0.722,0.27,22.178,9,0.34,3.173.908,28.063
9.537,104.853,5.439,2,3.64,33.508,53.754,5.4,30.552,35.939,54.501,27.983,4.59,80.355,17.959,12,-4.187,-5.237,-5.55,-3.424,-0.45,0.932,6.227,0.105,9.235,4.134,2.071,-3.85,Durian,Clay Loam,0.742,0.296,22.698,9,0.407,3.468.752,27.97
10.814,104.684,5.777,7.331,3.64,26.792,30.411,5.478,36.342,36.867,34.998,27.63,4.141,78.354,18.24,12,-3.399,-4.432,-4.691,-3.365,-0.438,0.562,3.372,0.167,9.629,4.844,1.049,-3.311,Durian,Loam,0.801,0.255,19.636,9,0.491,3299.65,27.582
9.398,105.598,5.795,1.205,3.64,44.082,37.469,5.523,27.967,27.951,40.29,27.619,5.598,82.807,17.387,12,-5.097,-6.148,-6.499,-3.825,-0.072,0.74,10.34,0.446,9.078,5.974,0.539,-5.441,Durian,Clay,0.636,0.282,27.082,7,0.381,3.202.092,27.611
9.572,105.922,5.726,4.177,3.64,40.071,34.271,5.718,26.435,33.566,33.734,27.632,5.57,82.8,17.03,12,-5.079,-6.124,-6.462,-3.817,-0.038,0.733,10.309,0.479,8.989,5.945,0.521,-5.428,Durian,Clay,0.636,0.276,26.948,7,0.382,2.779.338,27.605
9.803,106.068,5,3.141,3.64,37.704,28.954,5.986,26.058,36.2,41.596,27.576,5.198,82.37,18.108,12,-4.618,-5.719,-5.919,-4.171,0.361,1.484,10.055,-0.138,8.287,4.76,0.354,-4.759,Durian,Clay Loam,0.65,0.288,25.324,7,0.397,2.198.322,27.556
10.128,106.361,5,5,3.64,37.369,32.873,6.258,20.874,41.757,50.487,27.624,5.007,82.159,18.043,12,-4.522,-5.502,-5.673,-4.141,0.444,1.628,9.796,-0.132,7.681,4.631,0.321,-4.58,Durian,Clay Loam,0.66,0.313,24.55,7,0.4,1.608.634,27.592
10.862,105.956,5.847,5.694,3.64,32.896,29.747,5.285,26.794,40.31,24.993,28.08,3.71,77.7,17.9,12,-3.56,-4.08,-4.13,-3.62,0.1,2.86,5.77,0.03,5.64,4.65,-0.35,-3.28,Durian,Clay Loam,0.847,0.263,19.02,7,0.303,3.718.069,28.043
10.568,104.871,5.685,28.382,3.64,30.436,31.964,5.768,40.545,29.051,38.753,27.91,4.77,79.76,18.24,12,-3.85,-5.17,-5.46,-3.66,-0.22,0.5,5.61,-0.26,10.88,4.65,0.87,-3.94,Durian,Clay Loam,0.761,0.251,22.56,9,0.483,2.670.939,27.726
9.689,105.233,5.276,1,3.64,36.387,37.224,5.31,27.376,36.282,36.533,27.967,4.767,81.153,17.03,12,-4.499,-5.517,-5.783,-3.314,-0.485,1.431,7.676,0.149,8.816,4.063,1.736,-4.243,Durian,Clay Loam,0.711,0.278,23.841,9,0.369,3.663.869,27.96
10.139,106.697,5.018,2.018,3.64,40.218,35.174,6.104,20.711,39.071,36.594,27.9,4.57,82.8,18.06,12,-4.11,-5.15,-5.27,-3.9,0.42,1.5,8.42,0.47,7.6,3.69,0.73,-4.35,Durian,Clay,0.646,0.294,22.78,7,0.369,1.942.501,27.887
9.866,106.379,6,2,3.64,40.28,34.424,6.205,25.982,33.791,36.276,27.61,5.05,82.34,18.77,12,-4.58,-5.54,-5.71,-4.16,0.46,1.64,10.07,-0.1,7.61,4.57,0.32,-4.63,Durian,Clay,0.653,0.281,24.72,7,0.408,1.723.536,27.597
10.56,105.956,5,2,3.64,38.925,35.059,6.219,19.325,41.832,39.456,27.742,4.587,80.622,17.915,12,-3.999,-5.109,-5.28,-3.986,0.304,1.708,7.434,-0.33,8.084,4.949,0.28,-4.095,Durian,Clay Loam,0.722,0.301,22.799,9,0.355,1.693.185,27.729
10.689,106.539,5.836,2,3.64,37.241,26.439,6.116,26.538,36.138,26.421,27.91,4.33,79.72,18.06,12,-4.03,-4.78,-4.88,-4,0.35,2.61,7.9,-0.29,6.54,4.36,0.01,-3.83,Durian,Clay Loam,0.763,0.266,21.81,7,0.363,1.916.485,27.897
9.779,106.414,5.643,2,3.64,40.693,32.886,6.264,24.907,34.464,35.464,27.667,5.132,82.476,18.77,12,-4.691,-5.658,-5.839,-4.006,0.406,1.29,10.041,0.229,7.771,4.952,0.327,-4.866,Durian,Clay,0.65,0.282,25.06,7,0.401,1.595.626,27.654
10.21,105.138,5.81,1.19,3.64,41.147,35.072,5.743,22.519,36.353,42.568,27.95,4.867,80.618,17.9,12,-4.182,-5.445,-5.727,-3.514,-0.317,0.897,6.979,-0.122,10.281,4.18,1.137,-4.191,Durian,Clay,0.73,0.298,23.498,9,0.438,2.725.138,27.942
10.515,106.322,5.053,2.053,3.64,39.421,28.189,6.305,17.847,42.737,36.895,27.902,4.316,79.779,18.06,12,-4.018,-4.766,-4.865,-4.002,0.345,2.658,7.877,-0.251,6.516,4.284,-0.001,-3.816,Durian,Clay Loam,0.76,0.301,21.719,7,0.363,1.506.739,27.889
10.809,105.583,5.337,2,3.64,36.018,24.99,5.733,24.036,39.913,34.16,28.1,3.74,77.56,17.9,12,-3.37,-4.2,-4.32,-3.49,0.06,1.63,4.58,-0.12,6.51,5.58,0.4,-3.31,Durian,Clay Loam,0.853,0.283,18.81,9,0.347,2.746.818,28.087
10.404,105.433,5,4.725,3.64,34.105,26.615,5.645,21.407,44.46,33.78,27.787,4.676,80.369,17.9,12,-3.973,-5.17,-5.38,-3.892,0.164,1.239,6.929,-0.369,9.002,5.02,0.479,-4.092,Durian,Clay Loam,0.733,0.288,22.876,9,0.394,2.937.599,27.756
9.804,105.802,6,2,3.64,41.168,33.184,6.038,22.901,35.931,42.916,27.548,5.551,82.609,17.03,12,-4.897,-6.107,-6.421,-4.033,0.029,1.013,10.214,0.054,9.367,5.527,0.493,-5.205,Durian,Clay,0.64,0.297,26.663,7,0.383,2.085.587,27.535
10.691,106.54,5.939,2.061,3.64,36.852,26.103,6.082,26.715,36.339,26.839,27.91,4.33,79.72,18.06,12,-4.03,-4.78,-4.88,-4,0.35,2.61,7.9,-0.29,6.54,4.36,0.01,-3.83,Durian,Clay Loam,0.763,0.266,21.81,7,0.363,1.990.196,27.897
8.704,104.898,6,0.31,3.64,39.072,54.99,5.4,33.956,26.972,56.121,28.109,4.119,81.158,17.74,12,-4.084,-5.035,-5.351,-3.178,-0.602,0.759,5.799,0.694,7.15,2.923,4.066,-3.145,Durian,Clay Loam,0.717,0.29,21.395,9,0.334,3.468.752,28.107
10.537,106.392,5,2,3.64,40.814,33.418,6.193,16.789,42.466,33.983,27.91,4.33,79.72,18.06,12,-4.03,-4.78,-4.88,-4,0.35,2.61,7.9,-0.29,6.54,4.36,0.01,-3.83,Durian,Clay,0.763,0.299,21.81,7,0.363,1.749.552,27.897
9.976,106.239,5.931,1.931,3.64,33.022,34.44,6.1,24.189,42.882,42.494,27.61,5.05,82.34,18.77,12,-4.58,-5.54,-5.71,-4.16,0.46,1.64,10.07,-0.1,7.61,4.57,0.32,-4.63,Durian,Clay Loam,0.653,0.294,24.72,7,0.408,1.951.173,27.597
10.401,105.892,5,2,3.64,39.442,38.814,6.201,19.199,41.359,45.848,27.905,4.669,81.288,17.98,12,-3.981,-5.16,-5.364,-3.781,0.102,1.003,7.023,0.107,9.231,4.167,0.8,-4.146,Durian,Clay Loam,0.703,0.31,22.432,9,0.411,1.732.208,27.892
9.921,105.406,5.23,1.77,3.64,39.578,34.761,5.6,25.084,35.416,37.908,27.52,5.44,82.42,17.03,12,-4.68,-6.01,-6.26,-4.19,0.2,1.23,10.03,-0.2,9.39,5.07,0.41,-4.97,Durian,Clay Loam,0.646,0.285,26.31,7,0.381,3.035.158,27.508
9.611,105.409,5.955,1,3.64,38.047,33.518,5.709,25.604,36.345,43.022,27.58,5.68,82.83,17.03,12,-5.15,-6.22,-6.61,-3.85,-0.17,0.76,10.43,0.35,9.34,6.06,0.59,-5.48,Durian,Clay Loam,0.633,0.291,27.48,7,0.379,2.798.849,27.574
10.159,105.866,6,3.247,3.64,32.974,30.464,6.142,21.943,45.025,39.658,27.557,5.278,82.387,17.967,12,-4.638,-5.815,-6.031,-4.178,0.308,1.4,10.047,-0.158,8.65,4.862,0.373,-4.829,Durian,Clay Loam,0.649,0.295,25.649,7,0.392,1.860.118,27.536
10.352,105.437,6,4.094,3.64,42.508,27.983,5.821,20.394,37.068,37.245,27.859,4.731,80.014,17.9,12,-3.901,-5.17,-5.427,-3.757,-0.06,0.808,6.159,-0.305,10.098,4.804,0.707,-4.003,Durian,Clay,0.749,0.295,22.623,9,0.447,2.556.037,27.832
9.132,105.406,5.761,1.239,3.64,40.004,43.759,5.624,32.645,27.374,43.666,27.778,5.421,82.876,17.03,12,-5.196,-6.022,-6.481,-3.355,-0.269,0.562,9.418,0.807,8.632,6.402,0.955,-5.457,Durian,Clay,0.639,0.276,26.78,7,0.352,2.983.127,27.77
21.331,106.002,9,8,3.64,30.516,24.457,6.1,30.228,39.227,27.699,23.24,4.05,82.32,13.829,12,-3.55,-1.88,-3.28,-2.06,-0.89,7.01,0.69,7.59,5.4,-2.13,-3.3,-3.62,Maize,Clay Loam,0.504,0.259,20.71,8,0.367,1.951.173,23.188
21.43,105.785,9,29.228,3.64,34.246,25.641,6.018,27.132,38.641,23.059,23.488,4.08,82.279,13.752,12,-3.715,-2.016,-3.357,-2.231,-0.559,6.626,1.027,8.358,4.667,-1.923,-3.253,-3.661,Maize,Clay Loam,0.513,0.26,20.715,8,0.404,2.128.947,23.298
12.866,108.365,5,579.061,3.64,31.292,27.508,5.694,38.947,29.761,35.012,24.709,5.046,84.528,16.64,12,-3.853,-5.193,-5.489,-5.135,2.864,2.014,9.223,1.487,8.896,1.932,-2.381,-4.344,Maize,Clay Loam,0.482,0.249,26.395,7,0.349,2.831.369,20.945
20.879,105.651,9,7.963,3.64,29.363,21.5,5.904,26.015,44.625,26.604,23.88,3.84,82.73,14.41,12,-3.62,-2.57,-3.27,-2.24,-0.69,5.8,0.34,6.86,5.89,0.57,-3.41,-3.66,Maize,Clay Loam,0.512,0.267,19.46,8,0.353,2.376.095,23.828
21.153,106.11,9,52.532,3.64,31.371,22.565,6.065,25.874,42.755,30.669,24.127,4.079,82.549,13.563,12,-3.48,-2.603,-3.451,-2.265,-1.044,6.294,-0.055,6.523,7.264,0.15,-3.566,-3.808,Maize,Clay Loam,0.525,0.273,20.272,9,0.359,2.027.052,23.786
20.758,105.594,9,326.72,3.64,34.612,29.347,5.664,24.66,40.764,37.396,23.779,3.757,83.094,14.41,12,-3.508,-2.678,-3.209,-2.229,-0.885,5.152,0.372,5.996,6.452,1.402,-3.295,-3.581,Maize,Clay Loam,0.498,0.286,19.385,9,0.333,2.896.408,21.655
20.453,106.166,9,4,3.64,31.464,25.905,6,29.398,39.151,28.94,24.42,4.15,83.73,14.17,12,-3.54,-3.28,-3.86,-2.76,-1.25,4.9,0.24,4.95,8.6,3.24,-3.34,-3.95,Maize,Clay Loam,0.498,0.263,21.98,9,0.392,2167.97,24.394
20.346,105.947,9,2,3.64,33.03,23.44,6.004,26.566,40.357,30.599,24.028,3.892,83.735,14.285,12,-3.43,-3.084,-3.497,-2.497,-1.24,4.47,0.331,4.716,8.051,3.068,-3.221,-3.706,Maize,Clay Loam,0.486,0.272,20.675,9,0.39,2.159.298,24.015
20.96,105.783,9,6.77,3.64,29.839,21.93,6,30.729,39.355,23.985,23.88,3.84,82.73,14.41,12,-3.62,-2.57,-3.27,-2.24,-0.69,5.8,0.34,6.86,5.89,0.57,-3.41,-3.66,Maize,Clay Loam,0.512,0.253,19.46,8,0.353,2167.97,23.836
21.109,105.838,9,9.432,3.64,27.365,20.776,6.022,34.749,37.808,24.927,23.88,3.84,82.73,14.01,12,-3.62,-2.57,-3.27,-2.24,-0.69,5.8,0.34,6.86,5.89,0.57,-3.41,-3.66,Maize,Clay Loam,0.512,0.245,19.46,8,0.353,2.120.275,23.819
12.114,108.02,5,740.508,3.64,31.992,33.52,5.338,33.605,34.403,38.482,22.01,4.8,86.45,16.976,12,-3.64,-4.95,-5.06,-4.94,2.06,2.54,10.12,2.23,7.25,0.26,-2.31,-3.54,Maize,Clay Loam,0.358,0.267,24.44,7,0.414,3.603.166,17.197
20.869,105.824,9,8.915,3.64,29.581,23.117,5.826,29.005,41.415,22.909,23.88,3.84,82.73,14.41,12,-3.62,-2.57,-3.27,-2.24,-0.69,5.8,0.34,6.86,5.89,0.57,-3.41,-3.66,Maize,Clay Loam,0.512,0.255,19.46,8,0.353,2.545.197,23.822
20.647,105.618,9,328.362,3.64,35.752,25.741,5.6,25.305,39.038,38.162,23.6,3.61,83.74,14.41,12,-3.31,-2.87,-3.1,-2.21,-1.23,4,0.43,4.46,7.45,2.88,-3.09,-3.44,Maize,Clay Loam,0.474,0.285,19.25,9,0.388,3.035.158,21.466
20.861,106.548,9,2.469,3.64,34.222,33.687,5.987,27.978,37.747,31.987,23.983,4.566,82.974,14.17,12,-3.525,-2.877,-3.715,-2.617,-1.312,8.373,0.057,6.38,7.86,-0.835,-3.666,-4.159,Maize,Clay Loam,0.508,0.27,22.706,6,0.369,2.196.154,23.967
21.158,106.229,9,3.622,3.64,32.295,19.708,6.208,31.313,36.384,22.822,24.18,4.13,82.51,13.38,12,-3.45,-2.61,-3.49,-2.27,-1.12,6.4,-0.14,6.45,7.56,0.06,-3.6,-3.84,Maize,Clay Loam,0.528,0.25,20.52,9,0.369,1.717.032,24.156
20.401,106.491,9,1.363,3.64,35.584,32.064,5.964,28.453,35.9,34.961,24.42,4.15,83.73,14.17,12,-3.54,-3.28,-3.86,-2.76,-1.25,4.9,0.24,4.95,8.6,3.24,-3.34,-3.95,Maize,Clay Loam,0.498,0.274,21.98,9,0.392,2.246.017,24.411
20.959,106.245,9,198.274,3.64,32.51,27.218,5.6,25.55,42.013,38.947,24.021,3.988,82.847,13.662,12,-3.412,-2.681,-3.383,-2.254,-1.15,5.743,0.016,5.905,7.53,0.832,-3.46,-3.73,Maize,Clay Loam,0.512,0.286,20.07,9,0.376,3.035.158,22.732
20.387,105.551,9,134.169,3.64,33.676,27.708,5.6,26.736,39.686,40.542,23.6,3.61,83.74,14.41,12,-3.31,-2.87,-3.1,-2.21,-1.23,4,0.43,4.46,7.45,2.88,-3.09,-3.44,Maize,Clay Loam,0.474,0.285,19.25,9,0.388,3.035.158,22.728
11.798,108.093,5,834.451,3.64,32.89,32.948,5.545,34.616,32.494,33.768,22.586,4.34,85.526,18.237,12,-3.359,-4.592,-4.692,-4.572,1.649,3.043,8.543,2.061,6.684,0.599,-2.155,-3.206,Maize,Clay Loam,0.397,0.258,22.576,7,0.378,3.154.396,17.162
14.209,108.105,5,639.062,3.64,30.568,22.135,5.765,35.861,33.571,28.152,23.37,4.74,85.96,16.21,12,-3.49,-5.08,-5.82,-5.01,1.27,2.46,6.48,1.14,8.68,5.17,-1.63,-4.16,Maize,Clay Loam,0.403,0.247,25.19,9,0.344,2.677.443,19.216
21.456,106.362,9,43.795,3.64,28.071,23.113,5.92,24.784,47.145,25.559,23.24,4.05,82.32,13.38,12,-3.55,-1.88,-3.28,-2.06,-0.89,7.01,0.69,7.59,5.4,-2.13,-3.3,-3.62,Maize,Clay Loam,0.504,0.269,20.71,8,0.367,2.341.408,22.955
13.056,107.914,5,320.854,3.64,31.231,22.115,5.8,37.281,31.487,24.162,23.927,5.346,84.821,17.568,12,-4.153,-5.389,-5.546,-5.043,2.686,2.607,10.924,2.395,8.291,0.751,-2.986,-4.525,Maize,Clay Loam,0.451,0.238,27.642,7,0.395,2.601.564,21.841
20.067,105.852,9,83,3.64,34.534,26.449,5.676,32.2,33.266,36.408,24.21,3.5,83.74,14.41,12,-3.17,-3.04,-3.17,-2.47,-1.36,1.99,1.29,2.72,8.21,4.04,-2.02,-3.04,Maize,Clay Loam,0.491,0.267,18.27,9,0.45,2.870.392,23.67
20.928,105.781,9,4.922,3.64,34.09,25.845,5.992,25.116,40.794,25.002,23.88,3.84,82.73,14.41,12,-3.62,-2.57,-3.27,-2.24,-0.69,5.8,0.34,6.86,5.89,0.57,-3.41,-3.66,Maize,Clay Loam,0.512,0.267,19.46,8,0.353,2.185.314,23.848
21.403,106.076,9,17,3.64,32.59,21.3,6.1,29.69,37.72,22.539,23.251,4.051,82.318,13.396,12,-3.557,-1.886,-3.283,-2.067,-0.876,6.994,0.704,7.623,5.369,-2.121,-3.298,-3.622,Maize,Clay Loam,0.504,0.253,20.71,8,0.368,1.951.173,23.141
21.295,105.904,9,10.112,3.64,30.363,22.384,6.104,33.663,35.974,22.351,23.66,4.1,82.25,14.01,12,-3.83,-2.11,-3.41,-2.35,-0.33,6.36,1.26,8.89,4.16,-1.78,-3.22,-3.69,Maize,Clay Loam,0.519,0.244,20.72,8,0.43,1.942.501,23.594
20.143,105.725,9,36.164,3.64,31.867,24.3,5.716,31.441,36.776,33.286,24.21,3.5,83.74,14.41,12,-3.17,-3.04,-3.17,-2.47,-1.36,1.99,1.29,2.72,8.21,4.04,-2.02,-3.04,Maize,Clay Loam,0.491,0.264,18.27,9,0.45,2.783.673,23.975
20.873,106.073,9,4,3.64,34.822,24.234,6.03,25.248,39.861,23.191,24.18,4.13,82.51,14.17,12,-3.45,-2.61,-3.49,-2.27,-1.12,6.4,-0.14,6.45,7.56,0.06,-3.6,-3.84,Maize,Clay Loam,0.528,0.264,20.52,9,0.369,2.102.931,24.154
20.779,105.772,9,4,3.64,34.164,24.523,6.023,22.75,43.027,28.991,23.88,3.84,82.73,14.41,12,-3.62,-2.57,-3.27,-2.24,-0.69,5.8,0.34,6.86,5.89,0.57,-3.41,-3.66,Maize,Clay Loam,0.512,0.278,19.46,8,0.353,2.118.107,23.854
21.134,106.17,9,4.827,3.64,29.691,23.248,6.083,29.709,40.6,30.24,24.18,4.13,82.51,13.38,12,-3.45,-2.61,-3.49,-2.27,-1.12,6.4,-0.14,6.45,7.56,0.06,-3.6,-3.84,Maize,Clay Loam,0.528,0.264,20.52,9,0.369,1.988.028,24.149
13.386,107.833,5,236.687,3.64,29.894,22.825,5.784,39.512,30.594,22.086,24.857,5.234,84.446,17.67,12,-4.053,-5.388,-5.792,-5.094,2.629,3.198,8.935,1.688,8.925,2.679,-2.879,-4.814,Maize,Clay Loam,0.489,0.23,28.02,7,0.318,2.636.252,23.319
20.636,105.605,9,217.75,3.64,34.449,26.875,5.75,26.4,39.151,39.1,23.6,3.61,83.74,14.41,12,-3.31,-2.87,-3.1,-2.21,-1.23,4,0.43,4.46,7.45,2.88,-3.09,-3.44,Maize,Clay Loam,0.474,0.284,19.25,9,0.388,2.709.962,22.185
20.624,105.532,9,287,3.64,34.234,28.535,5.61,25.966,39.7,35.134,23.754,3.736,83.185,14.41,12,-3.48,-2.705,-3.193,-2.226,-0.933,4.989,0.381,5.778,6.593,1.611,-3.266,-3.561,Maize,Clay Loam,0.494,0.279,19.364,9,0.341,3.013.478,21.888
20.435,105.931,9,3.285,3.64,31.415,24.3,6.029,26.614,41.871,30.756,24.186,3.996,83.733,14.41,12,-3.474,-3.163,-3.643,-2.603,-1.244,4.643,0.294,4.81,8.272,3.137,-3.269,-3.804,Maize,Clay Loam,0.491,0.272,21.2,9,0.391,2.105.099,24.165
21.111,106.276,9,3,3.64,36.742,25.724,6,25.026,38.198,25.654,24.18,4.13,82.51,13.38,12,-3.45,-2.61,-3.49,-2.27,-1.12,6.4,-0.14,6.45,7.56,0.06,-3.6,-3.84,Maize,Clay Loam,0.528,0.268,20.52,9,0.369,2167.97,24.16
20.72,105.767,9,4,3.64,34.54,26.076,5.856,21.14,44.392,27.36,23.6,3.61,83.74,14.41,12,-3.31,-2.87,-3.1,-2.21,-1.23,4,0.43,4.46,7.45,2.88,-3.09,-3.44,Maize,Clay Loam,0.474,0.28,19.25,9,0.388,2.480.158,23.574
20.53,106.514,9,1.955,3.64,35.632,36.705,6,27.617,36.75,35.072,24.42,4.15,83.73,14.17,12,-3.54,-3.28,-3.86,-2.76,-1.25,4.9,0.24,4.95,8.6,3.24,-3.34,-3.95,Maize,Clay Loam,0.498,0.276,21.98,9,0.392,2167.97,24.407
21.349,106.366,9,109,3.64,31.706,26.457,5.774,26.101,42.167,27.119,22.679,4.321,83.305,13.545,12,-3.594,-2.162,-3.321,-2.276,-1.26,8.374,1.157,7.067,5.665,-2.496,-3.25,-3.882,Maize,Clay Loam,0.46,0.268,22.241,6,0.376,2.657.931,21.97
12.274,107.976,5,511.989,3.64,33.963,28.078,5.578,32.787,33.25,31.625,22.786,5.044,86.045,17.133,12,-3.812,-5.144,-5.287,-5.14,2.398,2.146,10.558,2.125,7.91,0.509,-2.371,-3.873,Maize,Clay Loam,0.387,0.259,25.627,7,0.412,3.082.853,19.458
13.44,107.99,5,370.33,3.64,34.264,21.903,5.939,34.374,31.323,27.291,24.683,4.967,84.674,17.324,12,-3.783,-5.166,-5.57,-5.05,2.65,2.473,8.387,1.335,8.916,2.68,-2.398,-4.436,Maize,Clay Loam,0.476,0.249,26.403,9,0.337,2.300.216,22.276
20.134,105.606,9,73.196,3.64,30.916,18.204,5.858,32.362,36.722,26.713,24.21,3.5,83.74,14.41,12,-3.17,-3.04,-3.17,-2.47,-1.36,1.99,1.29,2.72,8.21,4.04,-2.02,-3.04,Maize,Clay Loam,0.491,0.253,18.27,9,0.45,2.475.822,23.734
14.609,107.829,5,685.982,3.64,29.732,26.889,5.7,34.518,35.825,33.114,22.625,3.732,85.561,16.992,12,-2.7,-3.876,-4.699,-3.408,0.014,0.745,3.23,0.162,6.536,6.629,-0.103,-2.558,Maize,Clay Loam,0.397,0.257,17.344,10,0.383,2.818.361,18.166
21.444,105.914,9,17.932,3.64,31.071,23.051,6.264,32.829,36.1,22.146,23.51,4.082,82.275,14.01,12,-3.73,-2.028,-3.364,-2.247,-0.529,6.591,1.057,8.427,4.601,-1.905,-3.248,-3.665,Maize,Clay Loam,0.514,0.245,20.716,8,0.408,1.595.626,23.393
20.156,106.239,9,2.484,3.64,34.191,27.403,5.952,29.624,36.184,27.379,24.89,4.18,84.24,14.17,12,-3.87,-3.88,-4.3,-3.56,-1.35,2.53,2.04,3.07,7.68,7.12,-1.86,-3.62,Maize,Clay Loam,0.496,0.26,22.44,9,0.342,2.272.033,24.874
13,108.255,5,736.014,3.64,35.263,24.436,5.599,34.104,30.633,38.8,24.75,5.04,84.49,16.778,12,-3.85,-5.19,-5.49,-5.13,2.87,2.02,9.17,1.47,8.91,1.97,-2.38,-4.35,Maize,Clay Loam,0.484,0.266,26.39,7,0.347,3.037.326,19.966
14.437,108.187,5,1.334.304,3.64,29.212,40.169,5.388,35.154,35.723,62.594,21.858,5.068,88.276,16.331,12,-2.83,-4.839,-6.455,-5.579,-1.172,0.12,3.048,-0.266,8.182,10.424,1.794,-2.44,Maize,Clay Loam,0.307,0.297,23.581,10,0.442,3.494.768,13.185
11.936,107.851,5,676.184,3.64,31.841,42.609,5.128,32.187,35.967,50.344,22.077,4.762,86.414,17.679,12,-3.628,-4.919,-5.039,-4.859,2.029,2.543,9.963,2.217,7.214,0.379,-2.319,-3.558,Maize,Clay Loam,0.361,0.286,24.322,7,0.409,4058.44,17.682
21.292,106.251,9,5.959,3.64,30.959,22.351,6.296,30.196,38.749,23.784,23.24,4.05,82.32,13.38,12,-3.55,-1.88,-3.28,-2.06,-0.89,7.01,0.69,7.59,5.4,-2.13,-3.3,-3.62,Maize,Clay Loam,0.504,0.254,20.71,8,0.367,1.526.251,23.201
20.185,106.057,9,2.855,3.64,33.027,31.759,5.914,30.171,36.888,30.132,24.89,4.18,84.24,14.17,12,-3.87,-3.88,-4.3,-3.56,-1.35,2.53,2.04,3.07,7.68,7.12,-1.86,-3.62,Maize,Clay Loam,0.496,0.263,22.44,9,0.342,2.354.415,24.871
20.258,106.428,9,1.296,3.64,33.844,37.126,6.059,29.952,36.204,36.6,24.42,4.15,83.73,14.17,12,-3.54,-3.28,-3.86,-2.76,-1.25,4.9,0.24,4.95,8.6,3.24,-3.34,-3.95,Maize,Clay Loam,0.498,0.272,21.98,9,0.392,2040.06,24.412
20.639,106.028,9,9.526,3.64,35.259,27.615,5.895,27.348,37.346,27.904,24.42,4.15,83.73,14.17,12,-3.54,-3.28,-3.86,-2.76,-1.25,4.9,0.24,4.95,8.6,3.24,-3.34,-3.95,Maize,Clay Loam,0.498,0.266,21.98,9,0.392,2.395.607,24.358
14.513,107.548,5,640.022,3.64,24.933,30.001,5.6,38.108,36.96,43.211,23.46,3.98,85.67,17.25,12,-3.38,-4.28,-4.61,-3.17,1.38,2.6,6.7,1.94,6.46,2.84,-2.5,-3.93,Maize,Loam,0.414,0.263,21.87,7,0.306,3.035.158,19.3
21.469,105.949,9,16,3.64,29.98,22.498,6.098,32.649,37.371,23.434,23.24,4.05,82.32,14.01,12,-3.55,-1.88,-3.28,-2.06,-0.89,7.01,0.69,7.59,5.4,-2.13,-3.3,-3.62,Maize,Clay Loam,0.504,0.248,20.71,8,0.367,1.955.509,23.136
13.512,107.758,5,188.947,3.64,33.599,22.21,5.947,34.401,32.048,24.684,26.03,6.93,82.59,17.67,12,-5.74,-6.67,-6.72,-5.6,3.27,5.56,14.57,4.05,8.95,0.25,-5.41,-6.56,Maize,Clay Loam,0.586,0.245,36.7,7,0.398,2.282.872,24.802
21.304,105.846,9,17,3.64,32.356,21.439,6.117,29.161,38.483,20.027,23.587,4.091,82.262,13.901,12,-3.782,-2.07,-3.387,-2.3,-0.427,6.473,1.161,8.665,4.375,-1.841,-3.234,-3.678,Maize,Clay Loam,0.516,0.251,20.719,8,0.419,1.914.318,23.476
13.977,107.52,5,215.037,3.64,29.079,21.454,5.943,35.198,35.722,25.602,25.32,5.63,82.4,17.67,12,-4.7,-5.63,-5.75,-4.35,2.73,4.7,10.96,3.35,7.89,0.86,-4.51,-5.56,Maize,Clay Loam,0.568,0.245,30.5,7,0.359,2.291.544,23.922
20.327,105.619,9,321.21,3.64,35.399,28.506,5.5,28.203,36.398,41.364,23.6,3.61,83.74,14.41,12,-3.31,-2.87,-3.1,-2.21,-1.23,4,0.43,4.46,7.45,2.88,-3.09,-3.44,Maize,Clay Loam,0.474,0.283,19.25,9,0.388,3.251.955,21.512
20.532,106.525,9,2,3.64,35.67,32.277,5.977,27.184,37.146,30.038,24.42,4.15,83.73,14.17,12,-3.54,-3.28,-3.86,-2.76,-1.25,4.9,0.24,4.95,8.6,3.24,-3.34,-3.95,Maize,Clay Loam,0.498,0.27,21.98,9,0.392,2.217.833,24.407
20.559,106.588,9,2.365,3.64,38.474,32.557,6.073,26.58,34.946,31.742,25.01,5.24,82.62,14.17,12,-4,-4.2,-4.82,-4.01,-1.04,10.84,0.69,5.18,8.3,1.8,-3.8,-4.9,Maize,Clay Loam,0.551,0.273,26.77,6,0.404,2.009.708,24.995
12.496,107.918,5,424.362,3.64,33.864,21.691,5.605,32.291,33.841,31.114,23.41,5.24,85.72,17.53,12,-3.95,-5.3,-5.47,-5.3,2.67,1.83,10.91,2.04,8.44,0.71,-2.42,-4.14,Maize,Clay Loam,0.411,0.259,26.58,7,0.41,3.024.318,20.652
21.033,106.177,9,3.375,3.64,35.101,22.837,6.037,25.299,39.6,25.787,24.18,4.13,82.51,13.676,12,-3.45,-2.61,-3.49,-2.27,-1.12,6.4,-0.14,6.45,7.56,0.06,-3.6,-3.84,Maize,Clay Loam,0.528,0.268,20.52,9,0.369,2.087.755,24.158
20.177,106.169,9,2.252,3.64,34.5,36.962,5.912,27.486,38.014,31.748,24.89,4.18,84.24,14.17,12,-3.87,-3.88,-4.3,-3.56,-1.35,2.53,2.04,3.07,7.68,7.12,-1.86,-3.62,Maize,Clay Loam,0.496,0.271,22.44,9,0.342,2.358.751,24.875
21.171,105.82,9,11,3.64,27.304,22.401,6.15,31.449,41.197,22.547,23.88,3.84,82.73,14.01,12,-3.62,-2.57,-3.27,-2.24,-0.69,5.8,0.34,6.86,5.89,0.57,-3.41,-3.66,Maize,Clay Loam,0.512,0.249,19.46,8,0.353,1.842.774,23.808
21.267,106.382,9,8,3.64,28.786,21.586,6.243,26.942,44.272,25.915,23.332,4.02,82.379,13.528,12,-3.56,-1.979,-3.279,-2.086,-0.861,6.836,0.64,7.485,5.47,-1.743,-3.316,-3.626,Maize,Clay Loam,0.505,0.264,20.45,8,0.366,1.641.153,23.28
20.122,105.733,9,29.341,3.64,34.425,20.298,5.834,31.302,34.273,25.18,24.21,3.5,83.74,14.41,12,-3.17,-3.04,-3.17,-2.47,-1.36,1.99,1.29,2.72,8.21,4.04,-2.02,-3.04,Maize,Clay Loam,0.491,0.253,18.27,9,0.45,2.527.853,24.019
12.447,108.1,5,476.674,3.64,35.258,20.644,5.616,33.67,31.056,30.662,23.41,5.24,85.72,16.64,12,-3.95,-5.3,-5.47,-5.3,2.67,1.83,10.91,2.04,8.44,0.71,-2.42,-4.14,Maize,Clay Loam,0.411,0.255,26.58,7,0.41,3000.47,20.312
20.088,105.569,9,14.859,3.64,31.142,18.366,5.793,28.648,40.124,22.758,24.21,3.5,83.74,14.41,12,-3.17,-3.04,-3.17,-2.47,-1.36,1.99,1.29,2.72,8.21,4.04,-2.02,-3.04,Maize,Clay Loam,0.491,0.256,18.27,9,0.45,2616.74,24.113
13.205,108.263,5,966.788,3.64,37.913,38.723,5.5,34.791,27.295,39.513,22.909,4.716,87.577,16.858,12,-1.978,-4.502,-5.9,-5.509,-0.168,-0.836,2.196,-1.351,7.262,8.588,3.332,-1.164,Maize,Clay Loam,0.347,0.265,21.408,10,0.402,3.251.955,16.625
11.897,108.12,5,991.867,3.64,37.458,32.201,5.597,32.89,29.652,37.025,22.01,4.8,86.45,18.81,12,-3.64,-4.95,-5.06,-4.94,2.06,2.54,10.12,2.23,7.25,0.26,-2.31,-3.54,Maize,Clay Loam,0.358,0.266,24.44,7,0.414,3.041.662,15.563
14.47,108.092,5,694.201,3.64,29.69,29.069,5.5,35.079,35.231,36.772,21.879,5.601,88.341,16.641,12,-2.675,-4.836,-6.801,-5.937,-1.947,-0.703,1.861,-1.026,8.006,12.591,3.193,-1.745,Maize,Clay Loam,0.306,0.261,25.67,10,0.491,3.251.955,17.367
20.183,106.052,9,2.88,3.64,33.098,31.492,5.906,30.194,36.802,29.854,24.89,4.18,84.24,14.17,12,-3.87,-3.88,-4.3,-3.56,-1.35,2.53,2.04,3.07,7.68,7.12,-1.86,-3.62,Maize,Clay Loam,0.496,0.262,22.44,9,0.342,2.371.759,24.871
21.405,105.991,9,14.425,3.64,30.615,22.927,6,31.707,37.678,22.522,23.24,4.05,82.32,14.01,12,-3.55,-1.88,-3.28,-2.06,-0.89,7.01,0.69,7.59,5.4,-2.13,-3.3,-3.62,Maize,Clay Loam,0.504,0.249,20.71,8,0.367,2167.97,23.146
20.185,106.176,9,1.612,3.64,34.894,26.118,5.839,30.211,34.895,30.012,24.89,4.18,84.24,14.17,12,-3.87,-3.88,-4.3,-3.56,-1.35,2.53,2.04,3.07,7.68,7.12,-1.86,-3.62,Maize,Clay Loam,0.496,0.263,22.44,9,0.342,2.517.013,24.88
21.262,106.068,9,7,3.64,29.643,23.929,6.2,33.885,36.472,24.052,23.24,4.05,82.32,13.605,12,-3.55,-1.88,-3.28,-2.06,-0.89,7.01,0.69,7.59,5.4,-2.13,-3.3,-3.62,Maize,Clay Loam,0.504,0.246,20.71,8,0.367,1.734.376,23.194
13.486,108.229,5,498.542,3.64,31.667,25.308,5.7,35.467,32.867,29.316,24.64,4.92,84.79,16.78,12,-3.74,-5.15,-5.62,-5,2.51,2.76,7.89,1.25,8.92,3.13,-2.41,-4.49,Maize,Clay Loam,0.472,0.249,26.41,9,0.337,2.818.361,21.399
21.068,105.557,9,10.909,3.64,30.982,23.418,6.045,28.491,40.527,21.245,23.88,3.84,82.73,14.01,12,-3.62,-2.57,-3.27,-2.24,-0.69,5.8,0.34,6.86,5.89,0.57,-3.41,-3.66,Maize,Clay Loam,0.512,0.254,19.46,8,0.353,2.070.411,23.809
21.053,106.116,9,6.941,3.64,29.865,21.535,5.9,29.294,40.835,22.712,24.162,4.113,82.523,13.44,12,-3.46,-2.608,-3.477,-2.268,-1.095,6.365,-0.112,6.474,7.462,0.09,-3.589,-3.829,Maize,Clay Loam,0.527,0.254,20.438,9,0.366,2.384.767,24.117
21.11,106.21,9,13.158,3.64,28.682,27.652,5.939,24.22,47.098,29.875,23.487,3.969,82.478,13.778,12,-3.577,-2.146,-3.276,-2.129,-0.813,6.543,0.555,7.308,5.589,-1.088,-3.342,-3.635,Maize,Clay Loam,0.507,0.276,20.006,8,0.365,2.300.216,23.401
12.849,108.104,5,435.806,3.64,28.463,22.198,5.512,37.934,33.603,28.306,24.728,5.019,84.585,16.645,12,-3.802,-5.158,-5.502,-5.137,2.743,1.941,8.97,1.364,8.867,2.198,-2.184,-4.281,Maize,Clay Loam,0.48,0.242,26.064,7,0.344,3.225.939,21.895
21.395,106.522,9,21,3.64,29.524,20.342,6.209,25.762,44.714,18.6,23.154,4.083,82.449,13.38,12,-3.546,-1.908,-3.281,-2.078,-0.956,7.207,0.731,7.479,5.476,-2.189,-3.296,-3.651,Maize,Clay Loam,0.498,0.257,20.905,8,0.358,1.714.864,23.018
20.165,105.552,9,69.979,3.64,31.117,18.836,5.88,31.508,37.374,28.122,24.21,3.5,83.74,14.41,12,-3.17,-3.04,-3.17,-2.47,-1.36,1.99,1.29,2.72,8.21,4.04,-2.02,-3.04,Maize,Clay Loam,0.491,0.257,18.27,9,0.45,2.428.126,23.755
12.738,108.262,5,602.653,3.64,34.927,20.207,5.714,35.615,29.465,49.528,23.41,5.24,85.72,16.64,12,-3.95,-5.3,-5.47,-5.3,2.67,1.83,10.91,2.04,8.44,0.71,-2.42,-4.14,Maize,Clay Loam,0.411,0.277,26.58,7,0.41,2.788.009,19.493
20.536,105.666,9,20.597,3.64,31.82,22.213,5.88,25.84,42.34,26.533,23.6,3.61,83.74,14.41,12,-3.31,-2.87,-3.1,-2.21,-1.23,4,0.43,4.46,7.45,2.88,-3.09,-3.44,Maize,Clay Loam,0.474,0.268,19.25,9,0.388,2.428.126,23.466
11.587,107.929,5,777.818,3.64,35.115,34.641,5.405,30.573,34.409,37.408,23.228,3.872,84.539,17.683,12,-3.074,-4.228,-4.322,-4.197,1.24,3.552,6.902,1.873,6.132,0.978,-1.997,-2.877,Maize,Clay Loam,0.44,0.272,20.695,7,0.334,3.457.912,18.172
21.144,106.113,9,4,3.64,30.143,18.981,6.019,30,39.847,25.051,24.091,4.122,82.492,13.38,12,-3.459,-2.541,-3.47,-2.25,-1.098,6.458,-0.062,6.558,7.356,-0.147,-3.572,-3.819,Maize,Clay Loam,0.525,0.256,20.418,9,0.361,2.126.779,24.065
20.429,106.175,9,3,3.64,31.693,26.739,6.037,30.902,37.405,29.339,24.42,4.15,83.73,14.17,12,-3.54,-3.28,-3.86,-2.76,-1.25,4.9,0.24,4.95,8.6,3.24,-3.34,-3.95,Maize,Clay Loam,0.498,0.26,21.98,9,0.392,2.087.755,24.4
14.6,107.533,5,707.644,3.64,25.385,37.305,5.507,39.014,35.601,38.485,23.46,3.98,85.67,17.25,12,-3.38,-4.28,-4.61,-3.17,1.38,2.6,6.7,1.94,6.46,2.84,-2.5,-3.93,Maize,Loam,0.414,0.254,21.87,7,0.306,3.236.779,18.86
14.056,108.06,5,739.276,3.64,32.966,19.736,5.864,37.59,29.445,26.947,23.37,4.74,85.96,16.918,12,-3.49,-5.08,-5.82,-5.01,1.27,2.46,6.48,1.14,8.68,5.17,-1.63,-4.16,Maize,Clay Loam,0.403,0.241,25.19,9,0.344,2.462.814,18.565
20.109,105.694,9,218.69,3.64,28.052,23.412,5.684,30.24,41.793,44.968,24.115,3.517,83.74,14.41,12,-3.192,-3.014,-3.159,-2.43,-1.34,2.302,1.157,2.99,8.092,3.86,-2.186,-3.102,Maize,Clay Loam,0.489,0.283,18.423,9,0.44,2.853.049,22.694
21.401,106.491,9,72.093,3.64,28.312,22.184,5.895,24.479,47.207,49.877,23.24,4.05,82.32,13.38,12,-3.55,-1.88,-3.28,-2.06,-0.89,7.01,0.69,7.59,5.4,-2.13,-3.3,-3.62,Maize,Clay Loam,0.504,0.304,20.71,8,0.367,2.395.607,22.771
20.614,106.6,9,1.814,3.64,34.445,32.547,6.119,29.24,36.314,31.447,25.01,5.24,82.62,14.17,12,-4,-4.2,-4.82,-4.01,-1.04,10.84,0.69,5.18,8.3,1.8,-3.8,-4.9,Maize,Clay Loam,0.551,0.267,26.77,6,0.404,1.909.982,24.998
13.232,108.007,5,187.718,3.64,35.26,24.164,5.956,35.017,29.723,22.736,24.719,5.006,84.575,17.419,12,-3.819,-5.179,-5.527,-5.093,2.769,2.229,8.809,1.408,8.913,2.297,-2.388,-4.389,Maize,Clay Loam,0.481,0.241,26.395,9,0.337,2.263.361,23.499
20.397,106.325,9,2.882,3.64,34.941,30.677,5.9,28.542,36.429,34.889,24.42,4.15,83.73,14.17,12,-3.54,-3.28,-3.86,-2.76,-1.25,4.9,0.24,4.95,8.6,3.24,-3.34,-3.95,Maize,Clay Loam,0.498,0.273,21.98,9,0.392,2.384.767,24.401
20.147,106.195,9,2,3.64,34.7,27.257,5.939,29.691,35.609,28.379,24.89,4.18,84.24,14.17,12,-3.87,-3.88,-4.3,-3.56,-1.35,2.53,2.04,3.07,7.68,7.12,-1.86,-3.62,Maize,Clay Loam,0.496,0.261,22.44,9,0.342,2.300.216,24.877
20.834,105.573,9,56.887,3.64,31.071,22.148,5.837,23.963,44.966,28.908,23.88,3.84,82.73,14.41,12,-3.62,-2.57,-3.27,-2.24,-0.69,5.8,0.34,6.86,5.89,0.57,-3.41,-3.66,Maize,Clay Loam,0.512,0.275,19.46,8,0.353,2.521.349,23.51
20.303,105.676,9,326.02,3.64,34.879,27.994,5.525,28.1,36.933,46.422,23.6,3.61,83.74,14.41,12,-3.31,-2.87,-3.1,-2.21,-1.23,4,0.43,4.46,7.45,2.88,-3.09,-3.44,Maize,Clay Loam,0.474,0.29,19.25,9,0.388,3.197.756,21.481
12.995,107.856,5,305.53,3.64,29.774,21.103,5.8,37.206,33.094,21.145,23.916,5.343,84.84,17.567,12,-4.149,-5.387,-5.544,-5.048,2.686,2.59,10.923,2.387,8.294,0.75,-2.974,-4.516,Maize,Clay Loam,0.45,0.234,27.618,7,0.395,2.601.564,21.93
20.506,105.907,9,5.376,3.64,36.91,21.697,5.9,26.004,37.086,40.943,23.761,3.716,83.738,14.41,12,-3.355,-2.951,-3.249,-2.318,-1.234,4.177,0.393,4.556,7.676,2.951,-3.139,-3.54,Maize,Clay Loam,0.478,0.288,19.786,9,0.389,2.384.767,23.726
21.184,106.216,9,4.282,3.64,27.846,22.9,5.9,28.995,43.159,27.7,24.18,4.13,82.51,13.38,12,-3.45,-2.61,-3.49,-2.27,-1.12,6.4,-0.14,6.45,7.56,0.06,-3.6,-3.84,Maize,Clay Loam,0.528,0.262,20.52,9,0.369,2.384.767,24.152
21.264,105.953,9,6.177,3.64,30.311,22.142,6.118,31.019,38.752,22.295,23.24,4.05,82.32,14.01,12,-3.55,-1.88,-3.28,-2.06,-0.89,7.01,0.69,7.59,5.4,-2.13,-3.3,-3.62,Maize,Clay Loam,0.504,0.25,20.71,8,0.367,1912.15,23.2
20.871,106.504,9,2.751,3.64,35.226,31.424,5.925,30.426,34.373,41.65,24.18,4.13,82.51,14.17,12,-3.45,-2.61,-3.49,-2.27,-1.12,6.4,-0.14,6.45,7.56,0.06,-3.6,-3.84,Maize,Clay Loam,0.528,0.278,20.52,9,0.369,2.330.568,24.162
13.734,108.128,5,641.773,3.64,31.315,23.629,5.642,35.43,33.275,28.782,23.337,4.568,85.686,16.712,12,-3.407,-4.912,-5.526,-4.85,1.258,2.676,6.553,1.283,8.178,4.357,-1.7,-3.907,Maize,Clay Loam,0.41,0.249,24.302,9,0.336,2.944.103,19.165
20.447,106.09,9,5.981,3.64,35.9,27.083,6.1,28.208,35.891,30.298,24.42,4.15,83.73,14.172,12,-3.54,-3.28,-3.86,-2.76,-1.25,4.9,0.24,4.95,8.6,3.24,-3.34,-3.95,Maize,Clay Loam,0.498,0.268,21.98,9,0.392,1.951.173,24.381
14.766,108.258,5,1.220.112,3.64,36.773,44.194,5.4,35.47,27.798,54.938,21.879,5.599,88.341,16.21,12,-2.675,-4.836,-6.799,-5.935,-1.943,-0.699,1.868,-1.022,8.007,12.58,3.185,-1.749,Maize,Clay Loam,0.306,0.285,25.658,10,0.491,3.468.752,13.948
13.089,108.199,5,633.256,3.64,33.81,26.193,5.774,35.674,30.553,30.393,24.75,5.04,84.49,16.78,12,-3.85,-5.19,-5.49,-5.13,2.87,2.02,9.17,1.47,8.91,1.97,-2.38,-4.35,Maize,Clay Loam,0.484,0.25,26.39,7,0.347,2.657.931,20.634
21.183,105.783,9,9.224,3.64,29.576,21.098,6.155,28.924,41.422,28.951,23.88,3.84,82.73,14.01,12,-3.62,-2.57,-3.27,-2.24,-0.69,5.8,0.34,6.86,5.89,0.57,-3.41,-3.66,Maize,Clay Loam,0.512,0.264,19.46,8,0.353,1.831.935,23.82
20.783,106.573,9,2.341,3.64,36.159,30.177,5.9,29.679,34.161,40.843,23.903,4.743,83.163,14.17,12,-3.555,-2.986,-3.806,-2.758,-1.39,9.175,0.137,6.351,7.982,-1.199,-3.692,-4.288,Maize,Clay Loam,0.499,0.279,23.674,6,0.388,2.384.767,23.888
20.4,105.941,9,2.069,3.64,30.962,27.245,6.1,25.71,43.328,31.12,24.42,4.15,83.73,14.41,12,-3.54,-3.28,-3.86,-2.76,-1.25,4.9,0.24,4.95,8.6,3.24,-3.34,-3.95,Maize,Clay Loam,0.498,0.274,21.98,9,0.392,1.951.173,24.407
20.406,106.403,9,2.858,3.64,33.728,31.457,6.014,28.588,37.77,29.758,24.42,4.15,83.73,14.17,12,-3.54,-3.28,-3.86,-2.76,-1.25,4.9,0.24,4.95,8.6,3.24,-3.34,-3.95,Maize,Clay Loam,0.498,0.266,21.98,9,0.392,2.137.618,24.401
20.861,105.69,9,42.571,3.64,35.057,24.328,5.971,29.401,35.442,22.6,23.896,3.843,82.889,14.182,12,-3.547,-2.509,-3.307,-2.401,-0.772,4.485,1.273,6.243,5.897,0.717,-2.705,-3.411,Maize,Clay Loam,0.507,0.254,18.652,8,0.335,2.230.841,23.619
20.392,106.12,9,2.747,3.64,33.9,24.902,5.925,28.525,37.575,34.202,24.42,4.15,83.73,14.17,12,-3.54,-3.28,-3.86,-2.76,-1.25,4.9,0.24,4.95,8.6,3.24,-3.34,-3.95,Maize,Clay Loam,0.498,0.272,21.98,9,0.392,2.330.568,24.402
13.611,108.427,5,184.3,3.64,32.272,26.115,6.1,36.928,30.8,24.984,24.633,4.738,85.188,16.78,12,-3.445,-4.929,-5.564,-5.005,2.068,2.063,6.916,0.661,8.5,4.08,-1.259,-4.046,Maize,Clay Loam,0.459,0.24,24.248,9,0.35,1.951.173,23.435
13.022,108.091,5,453.309,3.64,30.547,23.782,5.869,33.837,35.626,24.647,24.612,5.061,84.617,16.766,12,-3.86,-5.201,-5.488,-5.148,2.849,2,9.349,1.529,8.862,1.84,-2.384,-4.328,Maize,Clay Loam,0.476,0.247,26.409,7,0.354,2.451.974,21.665
21.103,106.504,9,3,3.64,35.739,21.12,6.11,25.619,38.641,31.3,24.18,4.13,82.51,13.38,12,-3.45,-2.61,-3.49,-2.27,-1.12,6.4,-0.14,6.45,7.56,0.06,-3.6,-3.84,Maize,Clay Loam,0.528,0.275,20.52,9,0.369,1.929.493,24.16
21.319,106.545,9,27.989,3.64,32.04,20.552,6.249,25.141,42.819,19.431,22.79,4.223,82.993,13.38,12,-3.53,-2.028,-3.285,-2.154,-1.236,8.039,0.903,7.011,5.796,-2.437,-3.28,-3.783,Maize,Clay Loam,0.472,0.259,21.733,6,0.37,1.628.145,22.608
12.072,108.334,5,1.549.794,3.64,33.943,39.287,5.2,31.17,34.887,52.091,22.01,4.8,86.45,16.64,12,-3.64,-4.95,-5.06,-4.94,2.06,2.54,10.12,2.23,7.25,0.26,-2.31,-3.54,Maize,Clay Loam,0.358,0.291,24.44,7,0.414,3.902.346,11.936
12.856,107.823,5,250.6,3.64,28.084,22.08,5.836,36.84,35.144,25.98,25.105,6.016,83.997,17.53,12,-4.721,-5.875,-6.088,-5.632,2.816,3.169,12.303,2.59,8.977,1.176,-3.475,-5.211,Maize,Clay Loam,0.51,0.242,31.002,7,0.396,2.523.517,23.476
12.569,107.843,5,406.731,3.64,31.373,22.794,5.71,36.654,31.973,26.045,23.55,5.219,85.591,17.452,12,-3.94,-5.289,-5.472,-5.282,2.691,1.85,10.728,1.98,8.489,0.842,-2.416,-4.162,Maize,Clay Loam,0.418,0.242,26.561,7,0.404,2.796.681,20.906
20.724,106.612,9,2,3.64,35.283,31.129,6.039,29.683,35.034,32.838,25.01,5.24,82.62,14.17,12,-4,-4.2,-4.82,-4.01,-1.04,10.84,0.69,5.18,8.3,1.8,-3.8,-4.9,Maize,Clay Loam,0.551,0.268,26.77,6,0.404,2.083.419,24.997
20.519,105.723,9,26.967,3.64,33.699,28.252,5.702,27.135,39.165,36.691,23.614,3.616,83.745,14.407,12,-3.316,-2.881,-3.113,-2.225,-1.231,3.984,0.447,4.445,7.452,2.926,-3.077,-3.442,Maize,Clay Loam,0.474,0.279,19.285,9,0.387,2.814.025,23.439
21.146,105.697,9,6.905,3.64,27.118,20.847,6.081,30.162,42.72,38.337,23.88,3.84,82.73,14.01,12,-3.62,-2.57,-3.27,-2.24,-0.69,5.8,0.34,6.86,5.89,0.57,-3.41,-3.66,Maize,Clay Loam,0.512,0.274,19.46,8,0.353,1.992.364,23.835
20.719,106.249,9,2.909,3.64,34.863,28.719,6,26.337,38.8,31.982,24.42,4.15,83.73,14.17,12,-3.54,-3.28,-3.86,-2.76,-1.25,4.9,0.24,4.95,8.6,3.24,-3.34,-3.95,Maize,Clay Loam,0.498,0.274,21.98,9,0.392,2167.97,24.401
21.114,106.337,9,3.639,3.64,36.083,21.411,6.004,25.613,38.304,25.692,24.18,4.13,82.51,13.38,12,-3.45,-2.61,-3.49,-2.27,-1.12,6.4,-0.14,6.45,7.56,0.06,-3.6,-3.84,Maize,Clay Loam,0.528,0.267,20.52,9,0.369,2.159.298,24.156
12.015,107.93,5,593.649,3.64,33.845,33.655,5.41,33.77,32.385,33.6,22.01,4.8,86.45,17.53,12,-3.64,-4.95,-5.06,-4.94,2.06,2.54,10.12,2.23,7.25,0.26,-2.31,-3.54,Maize,Clay Loam,0.358,0.259,24.44,7,0.414,3.447.072,18.151
13.198,108.401,5,534.654,3.64,34.241,28.515,5.775,33.189,32.57,34.201,24.684,5.05,84.551,16.817,12,-3.855,-5.195,-5.489,-5.138,2.86,2.011,9.256,1.498,8.887,1.908,-2.382,-4.34,Maize,Clay Loam,0.48,0.262,26.399,7,0.35,2.655.763,21.209
21.287,106.018,9,5.853,3.64,32,22.273,6.1,30.8,37.2,21.863,23.24,4.05,82.32,13.741,12,-3.55,-1.88,-3.28,-2.06,-0.89,7.01,0.69,7.59,5.4,-2.13,-3.3,-3.62,Maize,Clay Loam,0.504,0.25,20.71,8,0.367,1.951.173,23.202
20.795,105.862,9,4,3.64,33.021,25.531,5.937,25.337,41.642,25.648,23.88,3.84,82.73,14.41,12,-3.62,-2.57,-3.27,-2.24,-0.69,5.8,0.34,6.86,5.89,0.57,-3.41,-3.66,Maize,Clay Loam,0.512,0.268,19.46,8,0.353,2.304.552,23.854
14.556,108.059,5,975.83,3.64,34.258,37.109,5.455,32.576,33.166,37.11,21.889,5.847,88.371,16.784,12,-2.603,-4.834,-6.96,-6.102,-2.304,-1.082,1.315,-1.376,7.925,13.59,3.837,-1.425,Maize,Clay Loam,0.305,0.267,26.686,10,0.51,3.349.514,15.546
20.521,106.072,9,3,3.64,32.829,28.838,5.971,25.293,41.877,29.881,24.42,4.15,83.73,14.17,12,-3.54,-3.28,-3.86,-2.76,-1.25,4.9,0.24,4.95,8.6,3.24,-3.34,-3.95,Maize,Clay Loam,0.498,0.274,21.98,9,0.392,2.230.841,24.4
11.687,108.197,5,964.643,3.64,33.631,25.793,5.5,34.815,31.554,34.035,22.809,4.162,85.168,18.81,12,-3.251,-4.453,-4.55,-4.43,1.489,3.238,7.931,1.995,6.465,0.73,-2.095,-3.077,Maize,Clay Loam,0.412,0.258,21.856,7,0.363,3.251.955,16.539
20.138,106.086,9,2,3.64,34.424,38.738,5.865,28.149,37.427,30.084,24.89,4.18,84.24,14.17,12,-3.87,-3.88,-4.3,-3.56,-1.35,2.53,2.04,3.07,7.68,7.12,-1.86,-3.62,Maize,Clay Loam,0.496,0.267,22.44,9,0.342,2.460.646,24.877
20.57,105.579,9,166.762,3.64,32.526,26.251,5.625,25.327,42.148,32.469,23.669,3.667,83.49,14.41,12,-3.387,-2.796,-3.142,-2.217,-1.096,4.446,0.408,5.054,7.064,2.308,-3.169,-3.494,Maize,Clay Loam,0.483,0.277,19.301,9,0.366,2.980.959,22.585
20.852,106.255,9,3,3.64,35.608,25.479,6.158,26.562,37.771,27.908,24.18,4.13,82.51,14.17,12,-3.45,-2.61,-3.49,-2.27,-1.12,6.4,-0.14,6.45,7.56,0.06,-3.6,-3.84,Maize,Clay Loam,0.528,0.268,20.52,9,0.369,1.825.431,24.16
14.532,107.79,5,1.066.107,3.64,27.725,51.39,5.379,35.78,36.495,48.472,23.121,4.165,86.213,17.031,12,-3.277,-4.398,-4.97,-3.648,0.907,2.146,6.029,1.538,6.837,4.258,-1.711,-3.673,Maize,Clay Loam,0.39,0.276,21.677,9,0.315,3.514.279,16.191
20.201,106.095,9,2.909,3.64,35.609,29.045,5.909,28.509,35.882,27.318,24.89,4.18,84.24,14.17,12,-3.87,-3.88,-4.3,-3.56,-1.35,2.53,2.04,3.07,7.68,7.12,-1.86,-3.62,Maize,Clay Loam,0.496,0.263,22.44,9,0.342,2.365.255,24.871
13.375,107.898,5,399,3.64,30.426,19.701,5.701,36.347,33.277,28.941,25.038,5.338,83.433,17.161,12,-4.28,-5.412,-5.621,-4.736,2.799,3.375,10.075,2.42,8.394,1.409,-3.457,-4.962,Maize,Clay Loam,0.526,0.247,28.468,7,0.354,2.816.193,22.444
21.325,105.911,9,9.058,3.64,30.394,22.5,6.1,33.7,36,23.719,23.66,4.1,82.25,14.01,12,-3.83,-2.11,-3.41,-2.35,-0.33,6.36,1.26,8.89,4.16,-1.78,-3.22,-3.69,Maize,Clay Loam,0.519,0.246,20.72,8,0.43,1.951.173,23.601
21.19,106.043,9,59.099,3.64,31.195,24.967,5.745,23.396,45.41,30.204,23.528,3.955,82.505,13.844,12,-3.582,-2.191,-3.275,-2.141,-0.8,6.465,0.532,7.261,5.621,-0.914,-3.35,-3.638,Maize,Clay Loam,0.507,0.278,19.891,8,0.365,2.720.802,23.144
20.944,106.272,9,4,3.64,35.012,24.505,5.968,29.491,35.486,25.506,24.18,4.13,82.51,14.17,12,-3.45,-2.61,-3.49,-2.27,-1.12,6.4,-0.14,6.45,7.56,0.06,-3.6,-3.84,Maize,Clay Loam,0.528,0.258,20.52,9,0.369,2.237.345,24.154
21.054,106.055,9,5.775,3.64,30.721,21.333,6.1,30.822,38.456,22.91,24.18,4.13,82.51,13.38,12,-3.45,-2.61,-3.49,-2.27,-1.12,6.4,-0.14,6.45,7.56,0.06,-3.6,-3.84,Maize,Clay Loam,0.528,0.251,20.52,9,0.369,1.951.173,24.142
12.075,107.737,5,707.649,3.64,33.416,31.968,5.465,33.06,33.525,33.856,23.36,5.67,84.087,17.53,12,-4.666,-5.463,-5.514,-5.323,1.378,3.702,12.762,3.015,7.354,0.565,-3.264,-4.54,Maize,Clay Loam,0.457,0.261,28.77,7,0.443,3.327.834,18.76
20.989,106.026,9,6.766,3.64,31.813,22.347,6.112,28.805,39.47,23.059,24.18,4.13,82.51,14.078,12,-3.45,-2.61,-3.49,-2.27,-1.12,6.4,-0.14,6.45,7.56,0.06,-3.6,-3.84,Maize,Clay Loam,0.528,0.256,20.52,9,0.369,1.925.157,24.136
20.622,106.2,9,3,3.64,29.815,30.357,5.9,27.586,42.514,38.914,24.42,4.15,83.73,14.17,12,-3.54,-3.28,-3.86,-2.76,-1.25,4.9,0.24,4.95,8.6,3.24,-3.34,-3.95,Maize,Clay Loam,0.498,0.281,21.98,9,0.392,2.384.767,24.4
21.212,106.353,9,13.808,3.64,31.533,17.381,6.1,27.285,41.182,23.843,24.18,4.13,82.51,13.38,12,-3.45,-2.61,-3.49,-2.27,-1.12,6.4,-0.14,6.45,7.56,0.06,-3.6,-3.84,Maize,Clay Loam,0.528,0.261,20.52,9,0.369,1.951.173,24.09
20.681,105.694,9,5.382,3.64,31.434,24.436,6.024,22.391,46.136,26.664,23.6,3.61,83.74,14.41,12,-3.31,-2.87,-3.1,-2.21,-1.23,4,0.43,4.46,7.45,2.88,-3.09,-3.44,Maize,Clay Loam,0.474,0.276,19.25,9,0.388,2.115.939,23.565
21.012,105.958,9,7.899,3.64,27.743,21.5,5.9,29.3,42.957,24.228,24.18,4.13,82.51,13.946,12,-3.45,-2.61,-3.49,-2.27,-1.12,6.4,-0.14,6.45,7.56,0.06,-3.6,-3.84,Maize,Clay Loam,0.528,0.257,20.52,9,0.369,2.384.767,24.129
20.429,106.069,9,2,3.64,33.991,27.625,6.083,27.009,39,34.166,24.42,4.15,83.73,14.17,12,-3.54,-3.28,-3.86,-2.76,-1.25,4.9,0.24,4.95,8.6,3.24,-3.34,-3.95,Maize,Clay Loam,0.498,0.276,21.98,9,0.392,1.988.028,24.407
20.064,105.564,9,46.299,3.64,30.558,19.395,5.87,30.798,38.674,27.074,24.21,3.5,83.74,14.41,12,-3.17,-3.04,-3.17,-2.47,-1.36,1.99,1.29,2.72,8.21,4.04,-2.02,-3.04,Maize,Clay Loam,0.491,0.257,18.27,9,0.45,2.449.806,23.909
21.307,105.875,9,14.073,3.64,27.384,21.864,6.107,31.2,41.416,21.547,23.66,4.1,82.25,14.01,12,-3.83,-2.11,-3.41,-2.35,-0.33,6.36,1.26,8.89,4.16,-1.78,-3.22,-3.69,Maize,Clay Loam,0.519,0.248,20.72,8,0.43,1.935.997,23.569
20.888,105.667,9,39.466,3.64,29.541,19.993,6.1,26.936,43.605,23.236,23.933,3.892,82.691,14.227,12,-3.59,-2.577,-3.309,-2.245,-0.767,5.907,0.254,6.787,6.187,0.479,-3.444,-3.692,Maize,Clay Loam,0.514,0.261,19.624,8,0.346,1.951.173,23.676
20.35,106.298,9,3,3.64,34.789,28.306,6.1,28.671,36.441,27.418,24.42,4.15,83.73,14.17,12,-3.54,-3.28,-3.86,-2.76,-1.25,4.9,0.24,4.95,8.6,3.24,-3.34,-3.95,Maize,Clay Loam,0.498,0.262,21.98,9,0.392,1.951.173,24.4
21.124,105.616,9,11,3.64,29.559,22.111,6.008,29.622,40.811,22.927,23.88,3.84,82.73,14.01,12,-3.62,-2.57,-3.27,-2.24,-0.69,5.8,0.34,6.86,5.89,0.57,-3.41,-3.66,Maize,Clay Loam,0.512,0.254,19.46,8,0.353,2.150.626,23.808
11.888,107.595,5,591.17,3.64,37.369,29.033,5.4,34.815,27.816,36.437,23.914,6.026,83.119,17.686,12,-5.086,-5.673,-5.701,-5.48,1.099,4.178,13.845,3.337,7.396,0.69,-3.655,-4.949,Maize,Clay Loam,0.501,0.261,30.544,7,0.453,3.468.752,20.071
20.968,106.651,9,2.013,3.64,33.327,31.323,6.101,26.473,40.2,42.702,23.766,5.048,83.487,14.159,12,-3.608,-3.172,-3.964,-3,-1.525,10.554,0.274,6.302,8.191,-1.824,-3.738,-4.511,Maize,Clay Loam,0.486,0.289,25.342,6,0.417,1.949.005,23.753
20.744,105.694,9,9,3.64,32.386,24.938,6,23.674,43.94,25.713,23.6,3.61,83.74,14.41,12,-3.31,-2.87,-3.1,-2.21,-1.23,4,0.43,4.46,7.45,2.88,-3.09,-3.44,Maize,Clay Loam,0.474,0.272,19.25,9,0.388,2167.97,23.542
21.289,106.137,9,7.259,3.64,31.629,23.029,6.237,30.955,37.378,24.115,23.24,4.05,82.32,13.38,12,-3.55,-1.88,-3.28,-2.06,-0.89,7.01,0.69,7.59,5.4,-2.13,-3.3,-3.62,Maize,Clay Loam,0.504,0.253,20.71,8,0.367,1.654.161,23.193
20.663,106.606,9,2.187,3.64,36.287,30.019,6,29.369,34.343,32.751,25.01,5.24,82.62,14.17,12,-4,-4.2,-4.82,-4.01,-1.04,10.84,0.69,5.18,8.3,1.8,-3.8,-4.9,Maize,Clay Loam,0.551,0.268,26.77,6,0.404,2167.97,24.996
21.316,106.367,9,10,3.64,26.826,24.268,6.205,26.11,47.153,27.831,23.24,4.05,82.32,13.38,12,-3.55,-1.88,-3.28,-2.06,-0.89,7.01,0.69,7.59,5.4,-2.13,-3.3,-3.62,Maize,Loam,0.504,0.269,20.71,8,0.367,1.723.536,23.175
20.674,106.235,9,3.014,3.64,30.901,28.315,5.903,27.893,41.207,31.764,24.42,4.15,83.73,14.17,12,-3.54,-3.28,-3.86,-2.76,-1.25,4.9,0.24,4.95,8.6,3.24,-3.34,-3.95,Maize,Clay Loam,0.498,0.27,21.98,9,0.392,2.378.263,24.4
20.429,105.625,9,22.233,3.64,31.06,20.37,5.9,26.64,42.275,26.051,23.75,3.583,83.74,14.41,12,-3.275,-2.912,-3.117,-2.274,-1.262,3.504,0.642,4.031,7.637,3.166,-2.826,-3.341,Maize,Clay Loam,0.478,0.265,19.007,9,0.402,2.384.767,23.605
20.354,105.831,9,102.247,3.64,31.562,23.555,5.762,28.129,40.409,38.259,23.83,3.569,83.74,14.41,12,-3.257,-2.934,-3.126,-2.308,-1.279,3.244,0.754,3.805,7.736,3.316,-2.687,-3.289,Maize,Clay Loam,0.48,0.279,18.88,9,0.41,2.683.947,23.165
20.992,105.729,9,8.916,3.64,28.708,20.542,6,31.392,39.808,21.633,23.88,3.84,82.73,14.41,12,-3.62,-2.57,-3.27,-2.24,-0.69,5.8,0.34,6.86,5.89,0.57,-3.41,-3.66,Maize,Clay Loam,0.512,0.248,19.46,8,0.353,2167.97,23.822
13.454,108.087,5,488.103,3.64,33.266,23.332,5.822,36.768,29.966,25.616,24.665,4.947,84.723,16.749,12,-3.765,-5.159,-5.591,-5.029,2.59,2.595,8.175,1.299,8.918,2.871,-2.403,-4.459,Maize,Clay Loam,0.474,0.241,26.406,9,0.337,2.553.869,21.492
20.968,105.69,9,9.883,3.64,30.009,22.747,5.8,28.358,41.632,22.944,23.88,3.84,82.73,14.233,12,-3.62,-2.57,-3.27,-2.24,-0.69,5.8,0.34,6.86,5.89,0.57,-3.41,-3.66,Maize,Clay Loam,0.512,0.257,19.46,8,0.353,2.601.564,23.816
20.196,106.133,9,2,3.64,32.848,32.827,5.915,29.873,37.279,32.651,24.89,4.18,84.24,14.17,12,-3.87,-3.88,-4.3,-3.56,-1.35,2.53,2.04,3.07,7.68,7.12,-1.86,-3.62,Maize,Clay Loam,0.496,0.267,22.44,9,0.342,2.352.247,24.877
21.17,105.872,9,10.094,3.64,28.137,20.663,6.181,32.75,39.103,22.766,23.88,3.84,82.73,14.01,12,-3.62,-2.57,-3.27,-2.24,-0.69,5.8,0.34,6.86,5.89,0.57,-3.41,-3.66,Maize,Clay Loam,0.512,0.247,19.46,8,0.353,1.775.567,23.814
20.225,105.929,9,2.334,3.64,31.7,20.556,5.911,30.445,37.845,26.211,24.814,4.104,84.184,14.41,12,-3.792,-3.787,-4.174,-3.439,-1.351,2.47,1.957,3.031,7.739,6.778,-1.878,-3.556,Maize,Clay Loam,0.495,0.257,21.977,9,0.352,2.360.919,24.799
14.045,108.222,5,743,3.64,32.058,19.763,5.851,34.458,33.484,26.103,23.37,4.74,85.96,16.21,12,-3.49,-5.08,-5.82,-5.01,1.27,2.46,6.48,1.14,8.68,5.17,-1.63,-4.16,Maize,Clay Loam,0.403,0.247,25.19,9,0.344,2.490.998,18.54
20.786,105.807,9,4,3.64,31.586,26.194,5.8,23.292,45.122,29.289,23.88,3.84,82.73,14.41,12,-3.62,-2.57,-3.27,-2.24,-0.69,5.8,0.34,6.86,5.89,0.57,-3.41,-3.66,Maize,Clay Loam,0.512,0.277,19.46,8,0.353,2.601.564,23.854
21.156,105.606,9,10,3.64,29.878,24.781,6.006,30.119,40.003,24.709,23.88,3.84,82.73,14.01,12,-3.62,-2.57,-3.27,-2.24,-0.69,5.8,0.34,6.86,5.89,0.57,-3.41,-3.66,Maize,Clay Loam,0.512,0.255,19.46,8,0.353,2.154.962,23.815
20.945,105.914,9,8,3.64,27.677,21.068,6.006,32.361,39.962,22.062,23.88,3.84,82.73,14.387,12,-3.62,-2.57,-3.27,-2.24,-0.69,5.8,0.34,6.86,5.89,0.57,-3.41,-3.66,Maize,Clay Loam,0.512,0.246,19.46,8,0.353,2.154.962,23.828
20.235,105.826,9,101.238,3.64,31.512,25.372,5.712,29.644,38.945,36.997,24.138,3.513,83.74,14.41,12,-3.187,-3.02,-3.162,-2.439,-1.345,2.229,1.188,2.927,8.12,3.902,-2.147,-3.088,Maize,Clay Loam,0.489,0.274,18.388,9,0.442,2.792.345,23.48
20.471,105.725,9,319.588,3.64,33.523,30.1,5.676,28.206,38.271,42.929,23.6,3.61,83.74,14.41,12,-3.31,-2.87,-3.1,-2.21,-1.23,4,0.43,4.46,7.45,2.88,-3.09,-3.44,Maize,Clay Loam,0.474,0.285,19.25,9,0.388,2.870.392,21.523
12.095,108.057,5,774.492,3.64,35.381,31.748,5.505,31.903,32.746,41.199,23.744,4.267,84.522,17.377,12,-3.337,-4.554,-4.717,-4.513,1.792,3.033,7.67,1.736,7.073,1.314,-2.127,-3.376,Maize,Clay Loam,0.455,0.274,22.624,7,0.339,3.241.115,18.71
21.409,106.443,9,57.254,3.64,33,21.984,6.198,26.732,40.194,23.44,22.668,4.324,83.317,13.54,12,-3.591,-2.162,-3.32,-2.275,-1.27,8.397,1.156,7.047,5.682,-2.504,-3.25,-3.884,Maize,Clay Loam,0.459,0.261,22.256,6,0.377,1.738.712,22.296
13.796,108.184,5,1121,3.64,33.075,45.558,5.317,34.325,32.658,57.742,22.541,6.063,87.324,16.389,12,-3.028,-5.026,-6.643,-6.082,-0.912,-0.591,4.271,-0.62,7.985,10.126,2.457,-1.947,Maize,Clay Loam,0.346,0.292,24.849,10,0.408,3.648.694,15.254
21.308,105.796,9,120.962,3.64,33.826,25.258,5.796,29.403,36.77,27.97,23.61,4.111,82.304,13.986,12,-3.818,-2.113,-3.405,-2.346,-0.378,6.463,1.255,8.797,4.237,-1.817,-3.222,-3.7,Maize,Clay Loam,0.516,0.262,20.799,8,0.424,2.610.236,22.824
20.667,105.76,9,4,3.64,32.013,23.962,5.963,22.575,45.413,24.237,23.6,3.61,83.74,14.41,12,-3.31,-2.87,-3.1,-2.21,-1.23,4,0.43,4.46,7.45,2.88,-3.09,-3.44,Maize,Clay Loam,0.474,0.272,19.25,9,0.388,2.248.185,23.574
12.909,107.712,5,194.143,3.64,34.286,22.843,5.8,35.429,30.257,24.843,25.86,8.09,82.95,17.53,12,-6.57,-7.33,-7.36,-6.7,2.7,5.61,18.96,4.97,9.12,-0.51,-5.8,-7.04,Maize,Clay Loam,0.568,0.243,41.31,7,0.458,2.601.564,24.598
21.002,105.662,9,25,3.64,31.597,21.794,5.987,27.261,41.142,21.734,23.796,3.868,82.676,14.275,12,-3.611,-2.479,-3.271,-2.216,-0.716,5.959,0.386,6.956,5.826,0.215,-3.396,-3.655,Maize,Clay Loam,0.511,0.258,19.344,8,0.36,2.196.154,23.633
20.647,106.047,9,5.329,3.64,31.347,29.341,6,25.822,42.886,25.367,24.42,4.15,83.73,14.224,12,-3.54,-3.28,-3.86,-2.76,-1.25,4.9,0.24,4.95,8.6,3.24,-3.34,-3.95,Maize,Clay Loam,0.498,0.266,21.98,9,0.392,2167.97,24.385
14.044,108.359,5,1.072.699,3.64,33.158,31.231,5.411,33.718,33.123,42.748,23.32,4.742,85.978,16.306,12,-3.496,-5.075,-5.792,-5.007,1.299,2.463,6.614,1.18,8.627,4.989,-1.655,-4.137,Maize,Clay Loam,0.402,0.272,25.162,9,0.343,3.444.904,16.347
20.81,105.952,9,6.988,3.64,34.627,26.687,5.901,29.701,35.574,26.23,24.18,4.13,82.51,14.407,12,-3.45,-2.61,-3.49,-2.27,-1.12,6.4,-0.14,6.45,7.56,0.06,-3.6,-3.84,Maize,Clay Loam,0.528,0.258,20.52,9,0.369,2.382.599,24.135
21.032,106.05,9,6,3.64,30.86,21.412,6.097,30.755,38.385,23.012,24.18,4.13,82.51,13.38,12,-3.45,-2.61,-3.49,-2.27,-1.12,6.4,-0.14,6.45,7.56,0.06,-3.6,-3.84,Maize,Clay Loam,0.528,0.251,20.52,9,0.369,1.957.677,24.141
21.45,106.317,9,75.655,3.64,28.735,29.684,5.704,23.729,47.44,36.054,23.281,4.053,82.328,13.38,12,-3.546,-1.912,-3.289,-2.069,-0.9,6.984,0.654,7.541,5.493,-2.035,-3.313,-3.629,Maize,Clay Loam,0.505,0.286,20.693,8,0.365,2.809.689,22.789
21.328,106.021,9,8.109,3.64,29.935,24.502,6.122,30.269,39.796,27.639,23.24,4.05,82.32,13.941,12,-3.55,-1.88,-3.28,-2.06,-0.89,7.01,0.69,7.59,5.4,-2.13,-3.3,-3.62,Maize,Clay Loam,0.504,0.259,20.71,8,0.367,1.903.478,23.187
13.364,107.973,5,533.222,3.64,31.677,20.72,5.689,34.783,33.592,30.517,24.098,4.898,85.184,17.126,12,-3.68,-5.138,-5.646,-5.073,2.114,2.228,7.9,1.314,8.801,3.481,-2.026,-4.26,Maize,Clay Loam,0.445,0.253,25.823,9,0.341,2.842.209,20.632
21.429,106.494,9,41.035,3.64,25.617,21.699,6.199,24.799,49.584,20.303,23.24,4.05,82.32,13.38,12,-3.55,-1.88,-3.28,-2.06,-0.89,7.01,0.69,7.59,5.4,-2.13,-3.3,-3.62,Maize,Loam,0.504,0.261,20.71,8,0.367,1.736.544,22.973
12.951,108.333,5,578.852,3.64,31.067,27.117,5.707,38.834,30.099,34.601,24.648,5.018,84.598,16.716,12,-3.823,-5.182,-5.514,-5.121,2.752,2.052,8.971,1.446,8.893,2.206,-2.325,-4.336,Maize,Clay Loam,0.478,0.249,26.301,7,0.341,2.803.185,20.885
20.347,105.789,9,123.338,3.64,32.074,22.489,5.855,28.725,39.202,30.1,23.872,3.561,83.74,14.41,12,-3.248,-2.946,-3.131,-2.326,-1.288,3.103,0.814,3.684,7.789,3.398,-2.613,-3.262,Maize,Clay Loam,0.481,0.266,18.814,9,0.415,2.482.326,23.07
20.64,105.58,9,38.939,3.64,33.915,23.558,6.097,26.84,39.245,22.879,23.602,3.625,83.694,14.398,12,-3.326,-2.847,-3.11,-2.214,-1.202,4.072,0.455,4.596,7.349,2.737,-3.094,-3.448,Maize,Clay Loam,0.475,0.26,19.241,9,0.383,1.957.677,23.349
12.284,107.903,5,574.893,3.64,34.06,34.405,5.491,33.422,32.518,38.191,22.854,6.359,85.73,17.064,12,-5.018,-5.985,-6.052,-5.827,1.926,3.732,14.684,3.565,7.97,-0.222,-3.774,-5.014,Maize,Clay Loam,0.397,0.267,31.892,7,0.461,3.271.467,19.117
20.785,106.439,9,2,3.64,35.329,32.659,6.026,29.063,35.545,28.908,24.18,4.13,82.51,14.17,12,-3.45,-2.61,-3.49,-2.27,-1.12,6.4,-0.14,6.45,7.56,0.06,-3.6,-3.84,Maize,Clay Loam,0.528,0.264,20.52,9,0.369,2.111.603,24.167
20.589,105.989,9,5.609,3.64,35.526,26.074,6,26.861,37.644,26.378,24.42,4.15,83.73,14.41,12,-3.54,-3.28,-3.86,-2.76,-1.25,4.9,0.24,4.95,8.6,3.24,-3.34,-3.95,Maize,Clay Loam,0.498,0.265,21.98,9,0.392,2167.97,24.384
21.027,106.073,9,5,3.64,31.936,22.518,6.145,27.4,40.618,23.164,24.18,4.13,82.51,13.739,12,-3.45,-2.61,-3.49,-2.27,-1.12,6.4,-0.14,6.45,7.56,0.06,-3.6,-3.84,Maize,Clay Loam,0.528,0.259,20.52,9,0.369,1.853.614,24.148
14.544,108.044,5,805.786,3.64,32.773,33.745,5.5,34.249,32.978,39.1,21.85,4.86,88.25,16.863,12,-2.89,-4.84,-6.32,-5.44,-0.87,0.44,3.51,0.03,8.25,9.58,1.25,-2.71,Maize,Clay Loam,0.308,0.266,23.07,10,0.415,3.251.955,16.612
21.158,105.934,9,16.584,3.64,29.835,20.117,6.217,29.692,40.415,23.57,24.055,4.009,82.601,13.642,12,-3.521,-2.593,-3.399,-2.258,-0.941,6.151,0.06,6.62,6.866,0.272,-3.521,-3.765,Maize,Clay Loam,0.521,0.255,19.998,9,0.344,1.697.521,23.947
21.361,106.22,9,12,3.64,30.651,21.527,6.26,29.119,40.231,22.519,23.24,4.05,82.32,13.38,12,-3.55,-1.88,-3.28,-2.06,-0.89,7.01,0.69,7.59,5.4,-2.13,-3.3,-3.62,Maize,Clay Loam,0.504,0.255,20.71,8,0.367,1.604.298,23.162
21.149,105.968,9,6.136,3.64,30.809,21.65,6.2,32.386,36.709,29.359,24.18,4.13,82.51,14.01,12,-3.45,-2.61,-3.49,-2.27,-1.12,6.4,-0.14,6.45,7.56,0.06,-3.6,-3.84,Maize,Clay Loam,0.528,0.257,20.52,9,0.369,1.734.376,24.14
21.265,105.86,9,14.438,3.64,26.209,20.698,6.172,31.706,42.085,19.769,23.66,4.1,82.25,14.01,12,-3.83,-2.11,-3.41,-2.35,-0.33,6.36,1.26,8.89,4.16,-1.78,-3.22,-3.69,Maize,Loam,0.519,0.245,20.72,8,0.43,1.795.079,23.566
13.065,108.237,5,692.05,3.64,33.712,20.098,5.785,34.293,31.995,30.922,24.778,5.069,84.386,16.803,12,-3.892,-5.212,-5.503,-5.091,2.863,2.153,9.259,1.563,8.859,1.915,-2.486,-4.41,Maize,Clay Loam,0.488,0.254,26.594,7,0.348,2.634.084,20.28
20.389,105.949,9,3,3.64,30.215,27.41,6.011,26.44,43.256,28.024,24.42,4.15,83.73,14.41,12,-3.54,-3.28,-3.86,-2.76,-1.25,4.9,0.24,4.95,8.6,3.24,-3.34,-3.95,Maize,Clay Loam,0.498,0.268,21.98,9,0.392,2.144.122,24.4
20.702,106.021,9,6.544,3.64,35.275,25.318,5.991,29.054,35.625,23.81,24.42,4.15,83.73,14.17,12,-3.54,-3.28,-3.86,-2.76,-1.25,4.9,0.24,4.95,8.6,3.24,-3.34,-3.95,Maize,Clay Loam,0.498,0.257,21.98,9,0.392,2.187.482,24.377
13.713,107.739,5,212.24,3.64,30.436,21.456,5.9,36.676,32.888,28.345,25.103,5.406,83.194,17.41,12,-4.377,-5.463,-5.651,-4.646,2.783,3.682,10.28,2.636,8.277,1.282,-3.701,-5.1,Maize,Clay Loam,0.536,0.245,28.938,7,0.355,2.384.767,23.723
21.07,106.269,9,135.664,3.64,30.189,29.28,5.455,25.372,44.411,36.05,24.019,3.986,82.851,13.666,12,-3.411,-2.682,-3.382,-2.253,-1.151,5.734,0.018,5.898,7.529,0.842,-3.459,-3.729,Maize,Clay Loam,0.512,0.282,20.067,9,0.376,3.349.514,23.137
20.87,105.869,9,4,3.64,33.739,26.213,5.981,25.325,40.937,24.474,23.936,3.895,82.689,14.365,12,-3.588,-2.578,-3.311,-2.246,-0.771,5.913,0.25,6.783,6.204,0.474,-3.446,-3.694,Maize,Clay Loam,0.515,0.266,19.634,8,0.346,2.209.161,23.91
14.35,107.648,5,315.045,3.64,29.061,31.155,5.693,34.735,36.151,37.289,23.46,3.98,85.67,17.25,12,-3.38,-4.28,-4.61,-3.17,1.38,2.6,6.7,1.94,6.46,2.84,-2.5,-3.93,Maize,Clay Loam,0.414,0.262,21.87,7,0.306,2.833.537,21.412
20.351,106.392,9,1.647,3.64,35.317,27.676,5.965,29.906,34.777,31.594,24.42,4.15,83.73,14.17,12,-3.54,-3.28,-3.86,-2.76,-1.25,4.9,0.24,4.95,8.6,3.24,-3.34,-3.95,Maize,Clay Loam,0.498,0.265,21.98,9,0.392,2.243.849,24.409
20.391,105.716,9,105.914,3.64,32.474,25.531,5.717,27.916,39.626,40.99,23.6,3.61,83.74,14.41,12,-3.31,-2.87,-3.1,-2.21,-1.23,4,0.43,4.46,7.45,2.88,-3.09,-3.44,Maize,Clay Loam,0.474,0.283,19.25,9,0.388,2.781.506,22.912
21.022,106.398,9,2,3.64,35.361,25.038,6.016,28.308,36.331,30.916,24.18,4.13,82.51,13.441,12,-3.45,-2.61,-3.49,-2.27,-1.12,6.4,-0.14,6.45,7.56,0.06,-3.6,-3.84,Maize,Clay Loam,0.528,0.268,20.52,9,0.369,2.133.282,24.167
20.36,105.663,9,22.974,3.64,32.067,22.708,5.9,27.12,40.81,21.051,23.616,3.607,83.74,14.41,12,-3.306,-2.874,-3.102,-2.217,-1.233,3.949,0.452,4.415,7.469,2.91,-3.063,-3.43,Maize,Clay Loam,0.474,0.257,19.225,9,0.389,2.384.767,23.467
21.141,106.5,9,169,3.64,30.897,26.181,5.7,26.658,42.445,34.003,24.18,4.121,82.527,13.394,12,-3.446,-2.616,-3.486,-2.273,-1.123,6.339,-0.12,6.399,7.569,0.115,-3.578,-3.829,Maize,Clay Loam,0.527,0.276,20.471,9,0.371,2.818.361,23.082
21.098,105.85,9,11.302,3.64,28.349,20.481,6.06,33.566,38.015,19.776,23.88,3.84,82.73,14.01,12,-3.62,-2.57,-3.27,-2.24,-0.69,5.8,0.34,6.86,5.89,0.57,-3.41,-3.66,Maize,Clay Loam,0.512,0.24,19.46,8,0.353,2.037.892,23.807
14.158,108.028,5,637.753,3.64,29.301,19.973,5.7,36.535,34.164,26.447,23.37,4.74,85.96,16.692,12,-3.49,-5.08,-5.82,-5.01,1.27,2.46,6.48,1.14,8.68,5.17,-1.63,-4.16,Maize,Clay Loam,0.403,0.243,25.19,9,0.344,2.818.361,19.225
20.279,105.677,9,302,3.64,36.876,29.802,5.5,27.095,35.96,43.502,23.6,3.61,83.74,14.41,12,-3.31,-2.87,-3.1,-2.21,-1.23,4,0.43,4.46,7.45,2.88,-3.09,-3.44,Maize,Clay Loam,0.474,0.289,19.25,9,0.388,3.251.955,21.637
20.919,106.343,9,102.628,3.64,32.721,24.172,6.026,29.105,38.274,30.515,24.186,4.013,82.739,13.572,12,-3.398,-2.69,-3.43,-2.307,-1.165,5.579,0.126,5.755,7.681,0.801,-3.306,-3.691,Maize,Clay Loam,0.521,0.266,19.987,9,0.385,2.111.603,23.519
20.706,106.228,9,3.946,3.64,34.689,29.453,6,29.358,35.953,26.222,24.42,4.15,83.73,14.17,12,-3.54,-3.28,-3.86,-2.76,-1.25,4.9,0.24,4.95,8.6,3.24,-3.34,-3.95,Maize,Clay Loam,0.498,0.259,21.98,9,0.392,2167.97,24.394
20.808,105.673,9,10.512,3.64,28.314,24.686,6.1,27.816,43.87,28.258,23.88,3.84,82.73,14.41,12,-3.62,-2.57,-3.27,-2.24,-0.69,5.8,0.34,6.86,5.89,0.57,-3.41,-3.66,Maize,Clay Loam,0.512,0.266,19.46,8,0.353,1.951.173,23.812
20.975,106.432,9,4.911,3.64,34.904,26.48,6.091,28.566,36.53,36.078,24.143,4.213,82.598,14.17,12,-3.464,-2.661,-3.533,-2.336,-1.157,6.775,-0.103,6.437,7.617,-0.11,-3.612,-3.901,Maize,Clay Loam,0.524,0.275,20.877,9,0.366,1.970.685,24.111
20.506,106.427,9,2.177,3.64,34.747,34.016,6.018,27.753,37.5,32.971,24.42,4.15,83.73,14.17,12,-3.54,-3.28,-3.86,-2.76,-1.25,4.9,0.24,4.95,8.6,3.24,-3.34,-3.95,Maize,Clay Loam,0.498,0.272,21.98,9,0.392,2.128.947,24.406
13.282,108.39,5,498.05,3.64,32.06,29.928,5.7,35.86,32.08,32.659,24.64,4.92,84.79,16.78,12,-3.74,-5.15,-5.62,-5,2.51,2.76,7.89,1.25,8.92,3.13,-2.41,-4.49,Maize,Clay Loam,0.472,0.253,26.41,9,0.337,2.818.361,21.403
14.856,108.127,5,1217.92,3.64,35.615,44.037,5.4,35.219,29.238,53.905,21.901,6.159,88.41,16.21,12,-2.513,-4.833,-7.162,-6.311,-2.757,-1.563,0.622,-1.821,7.822,14.856,4.654,-1.019,Maize,Clay Loam,0.305,0.284,27.979,10,0.531,3.468.752,13.985
20.885,105.675,9,7,3.64,30.384,25.048,5.939,24.487,45.129,27.039,23.88,3.84,82.73,14.41,12,-3.62,-2.57,-3.27,-2.24,-0.69,5.8,0.34,6.86,5.89,0.57,-3.41,-3.66,Maize,Clay Loam,0.512,0.272,19.46,8,0.353,2.300.216,23.834
14.191,107.918,5,631.509,3.64,29.046,19.789,5.784,37.887,33.067,24.504,23.37,4.74,85.96,16.815,12,-3.49,-5.08,-5.82,-5.01,1.27,2.46,6.48,1.14,8.68,5.17,-1.63,-4.16,Maize,Clay Loam,0.403,0.237,25.19,9,0.344,2.636.252,19.265
13.525,107.804,5,204.538,3.64,33.704,20.22,5.9,34.261,32.035,26.539,24.686,4.968,84.629,17.67,12,-3.805,-5.182,-5.629,-4.956,2.525,2.891,8.097,1.391,8.851,2.977,-2.551,-4.562,Maize,Clay Loam,0.478,0.248,26.685,9,0.331,2.384.767,23.357
12.277,107.917,5,831.661,3.64,33.43,32.485,5.44,33.292,33.291,34.193,22.204,4.69,86.346,17.64,12,-3.605,-4.86,-5,-4.703,1.969,2.548,9.662,2.191,7.144,0.606,-2.335,-3.592,Maize,Clay Loam,0.366,0.261,24.095,7,0.401,3.382.033,16.798
21.392,106.035,9,11,3.64,31.127,25.028,6.105,31.091,37.782,25.582,23.24,4.05,82.32,13.38,12,-3.55,-1.88,-3.28,-2.06,-0.89,7.01,0.69,7.59,5.4,-2.13,-3.3,-3.62,Maize,Clay Loam,0.504,0.254,20.71,8,0.367,1.940.333,23.168
20.941,106.072,9,3.974,3.64,34.142,22.897,6.097,26.258,39.6,26.566,24.18,4.13,82.51,14.149,12,-3.45,-2.61,-3.49,-2.27,-1.12,6.4,-0.14,6.45,7.56,0.06,-3.6,-3.84,Maize,Clay Loam,0.528,0.267,20.52,9,0.369,1.957.677,24.154
20.501,106.432,9,3,3.64,34.001,30.873,5.962,28.386,37.675,29.499,24.42,4.15,83.73,14.17,12,-3.54,-3.28,-3.86,-2.76,-1.25,4.9,0.24,4.95,8.6,3.24,-3.34,-3.95,Maize,Clay Loam,0.498,0.266,21.98,9,0.392,2.250.353,24.4
20.176,106.169,9,1.811,3.64,32.321,29.989,5.962,29.33,38.329,26.138,24.89,4.18,84.24,14.17,12,-3.87,-3.88,-4.3,-3.56,-1.35,2.53,2.04,3.07,7.68,7.12,-1.86,-3.62,Maize,Clay Loam,0.496,0.259,22.44,9,0.342,2.250.353,24.878
21.387,106.556,9,12.987,3.64,27.115,20.733,6.101,25.504,47.381,21.231,23.24,4.05,82.32,13.38,12,-3.55,-1.88,-3.28,-2.06,-0.89,7.01,0.69,7.59,5.4,-2.13,-3.3,-3.62,Maize,Clay Loam,0.504,0.261,20.71,8,0.367,1.949.005,23.156
20.908,105.752,9,5.301,3.64,28.386,27.38,5.8,30.524,41.175,28.091,23.88,3.84,82.73,14.41,12,-3.62,-2.57,-3.27,-2.24,-0.69,5.8,0.34,6.86,5.89,0.57,-3.41,-3.66,Maize,Clay Loam,0.512,0.259,19.46,8,0.353,2.601.564,23.846
20.914,106.475,9,3,3.64,36,33.519,5.941,30.259,33.7,34.223,24.18,4.13,82.51,14.17,12,-3.45,-2.61,-3.49,-2.27,-1.12,6.4,-0.14,6.45,7.56,0.06,-3.6,-3.84,Maize,Clay Loam,0.528,0.268,20.52,9,0.369,2295.88,24.16
13.599,107.586,5,191.666,3.64,31.833,27.048,5.638,34.528,33.676,32.372,26.03,6.93,82.59,17.67,12,-5.74,-6.67,-6.72,-5.6,3.27,5.56,14.57,4.05,8.95,0.25,-5.41,-6.56,Maize,Clay Loam,0.586,0.256,36.7,7,0.398,2.952.775,24.784
20.201,105.785,9,159.94,3.64,31.43,23.15,5.6,30.392,38.178,32.935,24.192,3.503,83.74,14.41,12,-3.174,-3.035,-3.168,-2.462,-1.356,2.05,1.264,2.772,8.187,4.005,-2.052,-3.052,Maize,Clay Loam,0.491,0.266,18.299,9,0.448,3.035.158,23.152
21.245,106.227,9,3.158,3.64,27.968,23.632,6,29.579,42.453,24.579,24.18,4.13,82.51,13.38,12,-3.45,-2.61,-3.49,-2.27,-1.12,6.4,-0.14,6.45,7.56,0.06,-3.6,-3.84,Maize,Clay Loam,0.528,0.256,20.52,9,0.369,2167.97,24.159
20.216,106.307,9,2,3.64,34.249,24.575,5.9,31.151,34.5,25.087,24.89,4.18,84.24,14.209,12,-3.87,-3.88,-4.3,-3.56,-1.35,2.53,2.04,3.07,7.68,7.12,-1.86,-3.62,Maize,Clay Loam,0.496,0.253,22.44,9,0.342,2.384.767,24.877
20.781,106.068,9,4.469,3.64,37.038,25.784,5.9,25.416,37.494,26.097,24.18,4.13,82.51,14.17,12,-3.45,-2.61,-3.49,-2.27,-1.12,6.4,-0.14,6.45,7.56,0.06,-3.6,-3.84,Maize,Clay Loam,0.528,0.268,20.52,9,0.369,2.384.767,24.151
21.017,106.01,9,6.415,3.64,30.334,20.859,6.1,32.078,37.647,23.451,24.18,4.13,82.51,13.842,12,-3.45,-2.61,-3.49,-2.27,-1.12,6.4,-0.14,6.45,7.56,0.06,-3.6,-3.84,Maize,Clay Loam,0.528,0.249,20.52,9,0.369,1.951.173,24.138
13.592,107.559,5,194.906,3.64,30.935,22.888,5.727,35.927,33.184,28.006,26.03,6.93,82.59,17.67,12,-5.74,-6.67,-6.72,-5.6,3.27,5.56,14.57,4.05,8.95,0.25,-5.41,-6.56,Maize,Clay Loam,0.586,0.247,36.7,7,0.398,2.759.826,24.763
21.394,106.52,9,21,3.64,29.555,20.285,6.206,25.777,44.668,18.6,23.189,4.07,82.397,13.38,12,-3.548,-1.897,-3.281,-2.071,-0.929,7.127,0.714,7.524,5.445,-2.165,-3.298,-3.639,Maize,Clay Loam,0.5,0.257,20.828,8,0.362,1.721.368,23.052
12.7,108.469,5,451.188,3.64,32.978,21.292,5.986,38.322,28.714,20.773,23.453,3.856,86.896,16.64,12,-2.056,-4.453,-5.081,-4.937,1.805,0.239,4.658,-0.329,7.229,3.546,1.298,-1.944,Maize,Clay Loam,0.378,0.231,18.8,9,0.385,2.198.322,20.52
20.734,106.6,9,2.187,3.64,33.813,33.087,6.119,29.126,37.061,31.875,24.776,5.206,82.785,14.17,12,-3.927,-4.009,-4.661,-3.823,-1.132,10.797,0.613,5.39,8.281,1.117,-3.789,-4.829,Maize,Clay Loam,0.538,0.268,26.17,6,0.412,1.909.982,24.762
21.099,105.673,9,11,3.64,29.6,21.7,6,32.5,37.9,23.5,23.88,3.84,82.73,14.01,12,-3.62,-2.57,-3.27,-2.24,-0.69,5.8,0.34,6.86,5.89,0.57,-3.41,-3.66,Maize,Clay Loam,0.512,0.248,19.46,8,0.353,2167.97,23.808
20.828,105.592,9,54.997,3.64,31.7,22.396,5.9,23.901,44.399,29.571,23.879,3.839,82.733,14.41,12,-3.619,-2.571,-3.269,-2.24,-0.692,5.794,0.34,6.852,5.895,0.578,-3.409,-3.659,Maize,Clay Loam,0.512,0.276,19.459,8,0.352,2.384.767,23.522
20.668,105.836,9,3.889,3.64,34.367,25.967,5.889,23.167,42.467,28.511,23.6,3.61,83.74,14.41,12,-3.31,-2.87,-3.1,-2.21,-1.23,4,0.43,4.46,7.45,2.88,-3.09,-3.44,Maize,Clay Loam,0.474,0.277,19.25,9,0.388,2.408.615,23.575
20.272,105.705,9,168.769,3.64,31.139,25.17,5.677,29.576,39.285,33.646,24.069,3.525,83.74,14.41,12,-3.202,-3.001,-3.154,-2.41,-1.33,2.454,1.091,3.122,8.034,3.772,-2.267,-3.132,Maize,Clay Loam,0.487,0.269,18.496,9,0.435,2.868.224,22.972
21.386,106.554,9,12.945,3.64,27.166,20.844,6.106,25.517,47.317,21.333,23.24,4.05,82.32,13.38,12,-3.55,-1.88,-3.28,-2.06,-0.89,7.01,0.69,7.59,5.4,-2.13,-3.3,-3.62,Maize,Clay Loam,0.504,0.261,20.71,8,0.367,1.938.165,23.156
21.065,106.242,9,6.15,3.64,33.69,19.631,6.085,26.995,39.399,28.121,24.18,4.13,82.51,13.535,12,-3.45,-2.61,-3.49,-2.27,-1.12,6.4,-0.14,6.45,7.56,0.06,-3.6,-3.84,Maize,Clay Loam,0.528,0.267,20.52,9,0.369,1.983.693,24.14
20.601,105.677,9,147.258,3.64,33.833,24.654,5.801,24.677,41.49,34.723,23.751,3.583,83.74,14.41,12,-3.275,-2.912,-3.117,-2.274,-1.262,3.503,0.643,4.03,7.638,3.167,-2.825,-3.341,Maize,Clay Loam,0.478,0.282,19.006,9,0.402,2.599.396,22.794
12.642,107.974,5,436,3.64,32.311,23.154,5.61,35.802,31.887,30.518,24.014,5.15,85.166,17.129,12,-3.905,-5.25,-5.479,-5.223,2.76,1.916,10.126,1.783,8.652,1.278,-2.402,-4.235,Maize,Clay Loam,0.443,0.25,26.494,7,0.382,3.013.478,21.18
14.333,107.935,5,811,3.64,33.913,34.668,5.487,34.152,31.923,38.738,21.871,4.852,88.018,17.308,12,-2.987,-4.854,-6.157,-5.375,-0.492,0.711,4.364,0.314,8.121,8.376,0.79,-2.817,Maize,Clay Loam,0.314,0.266,22.682,10,0.369,3.280.139,16.6
20.387,105.965,9,2.954,3.64,32.123,24.491,6.005,26.328,41.454,30.072,24.42,4.15,83.73,14.399,12,-3.54,-3.28,-3.86,-2.76,-1.25,4.9,0.24,4.95,8.6,3.24,-3.34,-3.95,Maize,Clay Loam,0.498,0.272,21.98,9,0.392,2157.13,24.401
20.292,105.66,9,94.575,3.64,32.815,23.2,5.8,28.84,38.285,30.146,23.97,3.543,83.74,14.41,12,-3.225,-2.973,-3.142,-2.368,-1.309,2.782,0.951,3.405,7.911,3.583,-2.441,-3.198,Maize,Clay Loam,0.484,0.266,18.656,9,0.425,2.601.564,23.355
20.965,106.608,9,2,3.64,33.552,31.629,6.077,27.14,39.331,42.348,23.856,4.847,83.274,14.17,12,-3.573,-3.05,-3.86,-2.841,-1.436,9.647,0.184,6.334,8.054,-1.413,-3.708,-4.365,Maize,Clay Loam,0.495,0.287,24.246,6,0.398,2.001.036,23.843
13.169,107.943,5,399,3.64,31.188,19.666,5.666,36.436,32.409,29.242,24.937,5.234,83.804,16.978,12,-4.129,-5.334,-5.575,-4.874,2.824,2.9,9.758,2.087,8.575,1.606,-3.079,-4.747,Maize,Clay Loam,0.511,0.247,27.738,7,0.352,2.892.072,22.344
20.555,106.414,9,2.382,3.64,33.824,31.647,6.062,27.873,38.342,29.615,24.42,4.15,83.73,14.17,12,-3.54,-3.28,-3.86,-2.76,-1.25,4.9,0.24,4.95,8.6,3.24,-3.34,-3.95,Maize,Clay Loam,0.498,0.267,21.98,9,0.392,2.033.556,24.405
20.46,106.159,9,3.358,3.64,30.637,27.145,5.964,28.928,40.434,28.088,24.42,4.15,83.73,14.17,12,-3.54,-3.28,-3.86,-2.76,-1.25,4.9,0.24,4.95,8.6,3.24,-3.34,-3.95,Maize,Clay Loam,0.498,0.263,21.98,9,0.392,2.246.017,24.398
20.838,105.776,9,5,3.64,29.423,28.241,5.989,26.593,44.084,27.686,23.88,3.84,82.73,14.41,12,-3.62,-2.57,-3.27,-2.24,-0.69,5.8,0.34,6.86,5.89,0.57,-3.41,-3.66,Maize,Clay Loam,0.512,0.268,19.46,8,0.353,2.191.818,23.848
13.353,107.903,5,434.029,3.64,27.38,26.072,5.533,38.525,34.094,32.14,24.326,4.692,84.878,16.84,12,-3.696,-4.891,-5.201,-4.486,2.381,2.21,8.359,1.624,8.105,2.256,-2.419,-4.212,Maize,Clay Loam,0.46,0.246,24.905,7,0.335,3.180.412,21.505
20.868,106.271,9,2.959,3.64,35.568,25.092,6.048,29.228,35.104,24.748,24.18,4.13,82.51,14.17,12,-3.45,-2.61,-3.49,-2.27,-1.12,6.4,-0.14,6.45,7.56,0.06,-3.6,-3.84,Maize,Clay Loam,0.528,0.257,20.52,9,0.369,2.063.907,24.161
20.527,105.763,9,198.772,3.64,32.091,28.381,5.6,26.949,40.983,39.258,23.732,3.728,83.46,14.175,12,-3.342,-2.811,-3.189,-2.224,-1.205,4.546,0.3,4.913,7.475,2.238,-3.206,-3.531,Maize,Clay Loam,0.486,0.283,19.508,9,0.384,3.035.158,22.44
20.669,106.012,9,8.44,3.64,34.448,26.756,5.904,26.764,38.788,27.079,24.42,4.15,83.73,14.295,12,-3.54,-3.28,-3.86,-2.76,-1.25,4.9,0.24,4.95,8.6,3.24,-3.34,-3.95,Maize,Clay Loam,0.498,0.266,21.98,9,0.392,2.376.095,24.365
13.659,108.334,5,218.852,3.64,34.391,23.56,6.07,34.326,31.283,28.819,24.64,4.92,84.79,16.78,12,-3.74,-5.15,-5.62,-5,2.51,2.76,7.89,1.25,8.92,3.13,-2.41,-4.49,Maize,Clay Loam,0.472,0.251,26.41,9,0.337,2.016.212,23.217
20.576,106.577,9,1.552,3.64,35.455,33.89,6.1,27.617,36.927,40.046,25.01,5.24,82.62,14.17,12,-4,-4.2,-4.82,-4.01,-1.04,10.84,0.69,5.18,8.3,1.8,-3.8,-4.9,Maize,Clay Loam,0.551,0.283,26.77,6,0.404,1.951.173,25
20.467,106.439,9,2.439,3.64,34.712,34.695,6,28.183,37.105,32.241,24.42,4.15,83.73,14.17,12,-3.54,-3.28,-3.86,-2.76,-1.25,4.9,0.24,4.95,8.6,3.24,-3.34,-3.95,Maize,Clay Loam,0.498,0.27,21.98,9,0.392,2167.97,24.404
20.561,105.912,9,102.383,3.64,31.304,22.866,5.788,26.346,42.437,38.793,23.556,3.664,83.565,14.283,12,-3.34,-2.748,-3.122,-2.191,-1.188,4.371,0.462,4.846,7.197,2.262,-3.116,-3.462,Maize,Clay Loam,0.477,0.284,19.167,9,0.376,2627.58,22.891
21.313,105.814,9,7,3.64,31.682,24.872,6.1,30.618,37.7,26.479,23.66,4.1,82.25,14.01,12,-3.83,-2.11,-3.41,-2.35,-0.33,6.36,1.26,8.89,4.16,-1.78,-3.22,-3.69,Maize,Clay Loam,0.519,0.257,20.72,8,0.43,1.951.173,23.614
14.243,107.963,5,1005.33,3.64,28.229,35.458,5.573,37.459,34.312,36.796,23.237,4.56,85.889,17.25,12,-3.349,-4.866,-5.62,-4.725,1.046,2.154,5.901,0.966,8.298,5.43,-1.358,-3.875,Maize,Clay Loam,0.402,0.255,23.793,9,0.349,3.093.693,16.702
20.459,106.262,9,2.029,3.64,35.412,33.206,5.903,27.417,37.268,29.414,24.42,4.15,83.73,14.17,12,-3.54,-3.28,-3.86,-2.76,-1.25,4.9,0.24,4.95,8.6,3.24,-3.34,-3.95,Maize,Clay Loam,0.498,0.268,21.98,9,0.392,2.378.263,24.407
20.272,106.44,9,1.245,3.64,35.086,33.245,6.051,29.651,35.263,39.341,24.42,4.15,83.73,14.17,12,-3.54,-3.28,-3.86,-2.76,-1.25,4.9,0.24,4.95,8.6,3.24,-3.34,-3.95,Maize,Clay Loam,0.498,0.277,21.98,9,0.392,2.057.404,24.412
20.419,106.177,9,3,3.64,31.592,26.845,6.024,31.021,37.386,29.445,24.42,4.15,83.73,14.17,12,-3.54,-3.28,-3.86,-2.76,-1.25,4.9,0.24,4.95,8.6,3.24,-3.34,-3.95,Maize,Clay Loam,0.498,0.26,21.98,9,0.392,2.115.939,24.4
13.123,108.076,5,339.561,3.64,33.707,24.497,5.941,35.018,31.274,25.507,24.276,5.015,85.065,17.002,12,-3.802,-5.194,-5.576,-5.089,2.557,2.485,8.784,1.484,8.778,2.414,-2.413,-4.386,Maize,Clay Loam,0.453,0.245,26.46,7,0.331,2295.88,22.069
14.877,108.147,5,1.430.935,3.64,35.423,50.322,5.3,34.07,30.506,48.931,21.905,6.269,88.423,16.21,12,-2.481,-4.832,-7.233,-6.384,-2.916,-1.732,0.378,-1.977,7.786,15.302,4.941,-0.876,Maize,Clay Loam,0.304,0.28,28.431,10,0.539,3.685.549,12.604
20.551,105.911,9,8.727,3.64,36.673,26.827,6,25.705,37.55,27.655,23.712,3.684,83.739,14.41,12,-3.341,-2.926,-3.204,-2.285,-1.233,4.123,0.404,4.527,7.607,2.929,-3.124,-3.51,Maize,Clay Loam,0.477,0.27,19.623,9,0.388,2167.97,23.655
20.707,105.744,9,4.985,3.64,32.197,25.507,6.099,22.901,44.901,24.822,23.6,3.61,83.74,14.41,12,-3.31,-2.87,-3.1,-2.21,-1.23,4,0.43,4.46,7.45,2.88,-3.09,-3.44,Maize,Clay Loam,0.474,0.272,19.25,9,0.388,1.953.341,23.568
21.177,105.746,9,7.052,3.64,29.796,21.545,5.97,30.431,39.738,38.321,23.88,3.84,82.73,14.01,12,-3.62,-2.57,-3.27,-2.24,-0.69,5.8,0.34,6.86,5.89,0.57,-3.41,-3.66,Maize,Clay Loam,0.512,0.274,19.46,8,0.353,2.233.009,23.834
21.251,105.984,9,13.82,3.64,28.682,21.259,6.036,25.708,45.61,22.374,23.502,3.964,82.488,13.802,12,-3.579,-2.163,-3.276,-2.134,-0.808,6.514,0.546,7.291,5.601,-1.023,-3.345,-3.636,Maize,Clay Loam,0.507,0.262,19.964,8,0.365,2.089.923,23.412
12.64,108.035,5,540.138,3.64,33.876,23.534,5.5,34.069,32.116,30.198,24.224,5.118,84.972,16.989,12,-3.889,-5.233,-5.482,-5.197,2.792,1.945,9.853,1.694,8.726,1.476,-2.396,-4.268,Maize,Clay Loam,0.454,0.254,26.465,7,0.372,3.251.955,20.713
20.983,106.644,9,2.875,3.64,38.313,26.569,6.144,26.213,35.475,31.8,23.76,5.06,83.5,14.17,12,-3.61,-3.18,-3.97,-3.01,-1.53,10.61,0.28,6.3,8.2,-1.85,-3.74,-4.52,Maize,Clay Loam,0.485,0.274,25.41,6,0.418,1.855.782,23.741
21.385,106.553,9,12.904,3.64,27.215,20.949,6.11,25.529,47.256,21.43,23.24,4.05,82.32,13.38,12,-3.55,-1.88,-3.28,-2.06,-0.89,7.01,0.69,7.59,5.4,-2.13,-3.3,-3.62,Maize,Clay Loam,0.504,0.261,20.71,8,0.367,1.929.493,23.156
21.176,106.656,9,283.313,3.64,35.365,31.391,5.4,27.239,37.361,46.616,23.76,5.06,83.5,13.38,12,-3.61,-3.18,-3.97,-3.01,-1.53,10.61,0.28,6.3,8.2,-1.85,-3.74,-4.52,Maize,Clay Loam,0.485,0.293,25.41,6,0.418,3.468.752,21.918
20.231,105.559,9,47.944,3.64,31.65,19.018,5.851,28.45,39.851,26.405,23.914,3.553,83.74,14.41,12,-3.238,-2.957,-3.136,-2.344,-1.297,2.967,0.872,3.566,7.841,3.476,-2.54,-3.234,Maize,Clay Loam,0.483,0.262,18.746,9,0.419,2.490.998,23.602
20.851,106.044,9,5.567,3.64,35.357,27.013,5.978,25.705,38.938,23.265,24.18,4.13,82.51,14.17,12,-3.45,-2.61,-3.49,-2.27,-1.12,6.4,-0.14,6.45,7.56,0.06,-3.6,-3.84,Maize,Clay Loam,0.528,0.263,20.52,9,0.369,2.215.665,24.144
20.959,106.159,9,3,3.64,36.876,25.162,6,24.662,38.483,25.848,24.18,4.13,82.51,13.857,12,-3.45,-2.61,-3.49,-2.27,-1.12,6.4,-0.14,6.45,7.56,0.06,-3.6,-3.84,Maize,Clay Loam,0.528,0.269,20.52,9,0.369,2167.97,24.16
21.025,106.333,9,5.134,3.64,32.262,24.149,6.049,32.711,35.089,31.16,24.021,4.481,82.884,13.679,12,-3.51,-2.825,-3.671,-2.55,-1.275,7.991,0.019,6.393,7.802,-0.662,-3.653,-4.097,Maize,Clay Loam,0.511,0.258,22.243,6,0.36,2.061.739,23.988
14.367,108.247,5,1340.23,3.64,29.861,39.999,5.372,35.007,35.218,62.235,22.059,4.843,87.935,16.21,12,-2.973,-4.873,-6.251,-5.381,-0.575,0.718,3.919,0.183,8.309,8.973,0.854,-2.91,Maize,Clay Loam,0.32,0.297,22.963,10,0.391,3.529.455,13.348
20.199,105.985,9,2.252,3.64,34.581,26.076,5.91,30.885,34.439,24.55,24.89,4.18,84.24,14.398,12,-3.87,-3.88,-4.3,-3.56,-1.35,2.53,2.04,3.07,7.68,7.12,-1.86,-3.62,Maize,Clay Loam,0.496,0.253,22.44,9,0.342,2.363.087,24.875
20.976,106.023,9,6.853,3.64,32.044,22.094,6.1,28.641,39.4,23.191,24.18,4.13,82.51,14.17,12,-3.45,-2.61,-3.49,-2.27,-1.12,6.4,-0.14,6.45,7.56,0.06,-3.6,-3.84,Maize,Clay Loam,0.528,0.257,20.52,9,0.369,1.951.173,24.135
12.989,108.198,5,698.147,3.64,31.716,21.802,5.5,35.515,32.676,31.299,24.537,5.027,84.766,16.608,12,-3.78,-5.164,-5.551,-5.153,2.595,1.904,8.754,1.364,8.862,2.529,-2.114,-4.23,Maize,Clay Loam,0.469,0.252,25.992,9,0.341,3.251.955,19.999
20.878,106.54,9,2.508,3.64,34.951,25.956,5.951,30.646,34.403,31.914,24.18,4.13,82.51,14.17,12,-3.45,-2.61,-3.49,-2.27,-1.12,6.4,-0.14,6.45,7.56,0.06,-3.6,-3.84,Maize,Clay Loam,0.528,0.264,20.52,9,0.369,2.274.201,24.164
21.145,105.69,9,6.742,3.64,27.494,20.929,6.048,30.097,42.409,38.746,23.88,3.84,82.73,14.01,12,-3.62,-2.57,-3.27,-2.24,-0.69,5.8,0.34,6.86,5.89,0.57,-3.41,-3.66,Maize,Clay Loam,0.512,0.275,19.46,8,0.353,2.063.907,23.836
20.717,106.398,9,4.082,3.64,34.279,34.17,5.954,26.789,38.933,34.852,24.29,4.139,83.07,14.17,12,-3.491,-2.918,-3.66,-2.495,-1.18,5.711,0.034,5.761,8.038,1.52,-3.481,-3.891,Maize,Clay Loam,0.514,0.277,21.116,9,0.382,2.267.697,24.263
20.121,105.701,9,11.06,3.64,31.396,22.6,5.798,28.982,39.524,26.9,24.198,3.502,83.74,14.41,12,-3.173,-3.037,-3.169,-2.465,-1.357,2.03,1.273,2.755,8.195,4.017,-2.041,-3.048,Maize,Clay Loam,0.491,0.261,18.29,9,0.449,2605.9,24.126
12.038,107.794,5,587.059,3.64,34.991,31.506,5.351,34.9,30.109,37.34,23.065,5.48,84.603,17.178,12,-4.442,-5.351,-5.415,-5.239,1.527,3.448,12.185,2.844,7.331,0.498,-3.056,-4.321,Maize,Clay Loam,0.434,0.262,27.824,7,0.438,3.574.983,19.249
20.345,105.942,9,2.329,3.64,27.564,29.71,6.1,28.864,43.571,25.526,24.42,4.15,83.73,14.41,12,-3.54,-3.28,-3.86,-2.76,-1.25,4.9,0.24,4.95,8.6,3.24,-3.34,-3.95,Maize,Clay Loam,0.498,0.259,21.98,9,0.392,1.951.173,24.405
20.532,106.113,9,2.633,3.64,31.774,29.857,5.963,25.11,43.08,29.867,24.42,4.15,83.73,14.17,12,-3.54,-3.28,-3.86,-2.76,-1.25,4.9,0.24,4.95,8.6,3.24,-3.34,-3.95,Maize,Clay Loam,0.498,0.274,21.98,9,0.392,2.248.185,24.403
20.608,106.45,9,2.76,3.64,35.68,33.16,6.024,27.952,36.368,30.14,24.42,4.15,83.73,14.17,12,-3.54,-3.28,-3.86,-2.76,-1.25,4.9,0.24,4.95,8.6,3.24,-3.34,-3.95,Maize,Clay Loam,0.498,0.268,21.98,9,0.392,2.115.939,24.402
12.739,107.991,5,327.062,3.64,31.633,22.892,5.808,37.109,31.258,24.137,23.512,5.225,85.627,17.53,12,-3.942,-5.292,-5.472,-5.287,2.685,1.844,10.778,1.997,8.476,0.806,-2.417,-4.156,Maize,Clay Loam,0.416,0.238,26.566,7,0.405,2584.22,21.386
20.618,106.211,9,6.613,3.64,32.271,26.384,6,28.977,38.664,30.194,24.42,4.15,83.73,14.17,12,-3.54,-3.28,-3.86,-2.76,-1.25,4.9,0.24,4.95,8.6,3.24,-3.34,-3.95,Maize,Clay Loam,0.498,0.266,21.98,9,0.392,2167.97,24.377
20.096,106.2,9,1.872,3.64,33.502,35.182,5.926,30.359,36.138,31.151,24.89,4.18,84.24,14.17,12,-3.87,-3.88,-4.3,-3.56,-1.35,2.53,2.04,3.07,7.68,7.12,-1.86,-3.62,Maize,Clay Loam,0.496,0.264,22.44,9,0.342,2328.4,24.878
20.287,105.868,9,2.304,3.64,31.43,28.894,5.9,28.291,40.278,29.585,23.725,3.692,83.738,14.374,12,-3.345,-2.932,-3.215,-2.294,-1.233,4.137,0.401,4.534,7.625,2.935,-3.128,-3.517,Maize,Clay Loam,0.477,0.266,19.664,9,0.388,2.384.767,23.71
21.385,106.295,9,107.722,3.64,30.025,23.739,5.8,23.728,46.248,30.936,23.329,4.021,82.377,13.523,12,-3.56,-1.976,-3.279,-2.085,-0.862,6.842,0.641,7.489,5.468,-1.755,-3.315,-3.626,Maize,Clay Loam,0.505,0.279,20.458,8,0.366,2.601.564,22.629
11.877,108.203,5,965.437,3.64,39.377,29.043,5.436,32.344,28.28,33.153,22.01,4.8,86.45,18.81,12,-3.64,-4.95,-5.06,-4.94,2.06,2.54,10.12,2.23,7.25,0.26,-2.31,-3.54,Maize,Clay Loam,0.358,0.262,24.44,7,0.414,3.390.705,15.735
21.3,105.708,9,11.364,3.64,33.127,21.2,6.082,27.3,39.654,22.473,23.66,4.1,82.25,14.01,12,-3.83,-2.11,-3.41,-2.35,-0.33,6.36,1.26,8.89,4.16,-1.78,-3.22,-3.69,Maize,Clay Loam,0.519,0.259,20.72,8,0.43,1.990.196,23.586
14.611,108.272,5,1.228.889,3.64,35.421,37.202,5.335,33.379,31.2,49.757,21.85,4.86,88.25,16.21,12,-2.89,-4.84,-6.32,-5.44,-0.87,0.44,3.51,0.03,8.25,9.58,1.25,-2.71,Maize,Clay Loam,0.308,0.283,23.07,10,0.415,3609.67,13.862
20.575,106.598,9,1.897,3.64,37.732,32.117,6.01,27.169,35.099,33.223,25.01,5.24,82.62,14.17,12,-4,-4.2,-4.82,-4.01,-1.04,10.84,0.69,5.18,8.3,1.8,-3.8,-4.9,Maize,Clay Loam,0.551,0.274,26.77,6,0.404,2146.29,24.998
21.274,106.248,9,4,3.64,29.79,19.843,6.247,30.521,39.589,26.263,23.24,4.05,82.32,13.38,12,-3.55,-1.88,-3.28,-2.06,-0.89,7.01,0.69,7.59,5.4,-2.13,-3.3,-3.62,Maize,Clay Loam,0.504,0.257,20.71,8,0.367,1.632.481,23.214
21.113,105.887,9,8.668,3.64,26.432,21.599,6.1,31.967,41.534,22.299,23.88,3.84,82.73,14.01,12,-3.62,-2.57,-3.27,-2.24,-0.69,5.8,0.34,6.86,5.89,0.57,-3.41,-3.66,Maize,Loam,0.512,0.248,19.46,8,0.353,1.951.173,23.824
12.571,108.009,5,415.483,3.64,34.649,20.207,5.717,33.579,31.772,23.786,23.641,5.206,85.508,17.401,12,-3.933,-5.281,-5.473,-5.271,2.704,1.863,10.61,1.942,8.521,0.927,-2.413,-4.176,Maize,Clay Loam,0.423,0.246,26.547,7,0.399,2.781.506,20.94
20.336,106.477,9,1,3.64,36.327,33.727,6.1,27.196,36.477,38.981,24.42,4.15,83.73,14.17,12,-3.54,-3.28,-3.86,-2.76,-1.25,4.9,0.24,4.95,8.6,3.24,-3.34,-3.95,Maize,Clay Loam,0.498,0.282,21.98,9,0.392,1.951.173,24.414
13.321,108.362,5,762.204,3.64,32.229,23.765,5.604,34.549,33.222,38.199,24.588,4.913,84.838,16.757,12,-3.73,-5.147,-5.628,-5,2.459,2.748,7.832,1.246,8.91,3.213,-2.378,-4.477,Maize,Clay Loam,0.469,0.264,26.36,9,0.337,3.026.486,19.634
20.741,105.558,9,390.858,3.64,33.597,30.899,5.632,26.089,40.314,42.855,23.61,3.693,83.488,14.342,12,-3.398,-2.742,-3.152,-2.234,-1.078,4.399,0.57,5.208,6.894,2.093,-3.112,-3.482,Maize,Clay Loam,0.481,0.29,19.198,9,0.36,2.965.783,21.069
20.396,106.381,9,2,3.64,34.362,32.184,6.028,29.171,36.539,31.333,24.42,4.15,83.73,14.17,12,-3.54,-3.28,-3.86,-2.76,-1.25,4.9,0.24,4.95,8.6,3.24,-3.34,-3.95,Maize,Clay Loam,0.498,0.267,21.98,9,0.392,2.107.267,24.407
20.151,106.214,9,2,3.64,32.658,33.029,6,28.683,38.658,33.911,24.89,4.18,84.24,14.17,12,-3.87,-3.88,-4.3,-3.56,-1.35,2.53,2.04,3.07,7.68,7.12,-1.86,-3.62,Maize,Clay Loam,0.496,0.272,22.44,9,0.342,2167.97,24.877
21.39,106.03,9,11.089,3.64,30.931,25.002,6.109,31.109,37.96,25.567,23.24,4.05,82.32,13.38,12,-3.55,-1.88,-3.28,-2.06,-0.89,7.01,0.69,7.59,5.4,-2.13,-3.3,-3.62,Maize,Clay Loam,0.504,0.254,20.71,8,0.367,1.931.661,23.168
14.299,108.091,5,596.759,3.64,32.004,21.915,5.776,32.97,35.026,24.884,22.033,4.846,87.974,16.279,12,-2.962,-4.869,-6.26,-5.388,-0.612,0.684,3.868,0.164,8.302,9.048,0.903,-2.885,Maize,Clay Loam,0.319,0.249,22.976,10,0.394,2.653.595,18.154
12.225,107.695,5,724.843,3.64,31.063,34.597,5.292,34.656,34.281,43.549,22.964,6.563,85.636,17.608,12,-5.198,-6.12,-6.182,-5.943,1.909,3.888,15.28,3.74,8.064,-0.285,-3.965,-5.206,Maize,Clay Loam,0.403,0.271,32.899,7,0.465,3.702.893,18.253
20.234,106.455,9,1,3.64,35.311,33.303,5.941,29.083,35.606,32.849,24.89,4.18,84.24,14.17,12,-3.87,-3.88,-4.3,-3.56,-1.35,2.53,2.04,3.07,7.68,7.12,-1.86,-3.62,Maize,Clay Loam,0.496,0.269,22.44,9,0.342,2295.88,24.884
21.157,106.263,9,9.814,3.64,29.591,29.107,5.827,24.047,46.325,29.826,23.473,3.974,82.469,13.755,12,-3.575,-2.131,-3.276,-2.126,-0.817,6.569,0.563,7.324,5.578,-1.146,-3.34,-3.635,Maize,Clay Loam,0.507,0.276,20.046,8,0.366,2.543.029,23.409
20.987,106.151,9,4,3.64,34.799,23.201,5.899,26.945,38.256,22.855,24.18,4.13,82.51,13.778,12,-3.45,-2.61,-3.49,-2.27,-1.12,6.4,-0.14,6.45,7.56,0.06,-3.6,-3.84,Maize,Clay Loam,0.528,0.26,20.52,9,0.369,2.386.935,24.154
21.158,106.209,9,4.69,3.64,28.514,21.45,5.969,28.117,43.3,27.631,24.18,4.13,82.51,13.38,12,-3.45,-2.61,-3.49,-2.27,-1.12,6.4,-0.14,6.45,7.56,0.06,-3.6,-3.84,Maize,Clay Loam,0.528,0.264,20.52,9,0.369,2.235.177,24.15
13.648,107.917,5,444.157,3.64,27.445,20.445,5.884,36.769,35.786,27.34,24.644,4.925,84.778,17.63,12,-3.744,-5.152,-5.615,-5.005,2.524,2.731,7.94,1.259,8.92,3.084,-2.409,-4.484,Maize,Clay Loam,0.472,0.244,26.409,9,0.337,2.419.455,21.757
14.564,108.196,5,940.195,3.64,34.598,33.26,5.4,32.501,32.901,44.678,21.85,4.86,88.25,16.21,12,-2.89,-4.84,-6.32,-5.44,-0.87,0.44,3.51,0.03,8.25,9.58,1.25,-2.71,Maize,Clay Loam,0.308,0.278,23.07,10,0.415,3.468.752,15.739
20.977,106.365,9,4,3.64,35.465,24.567,5.988,28.974,35.598,27.028,24.18,4.13,82.51,14.17,12,-3.45,-2.61,-3.49,-2.27,-1.12,6.4,-0.14,6.45,7.56,0.06,-3.6,-3.84,Maize,Clay Loam,0.528,0.261,20.52,9,0.369,2.193.986,24.154
11.741,107.658,5,740.836,3.64,33.312,40.101,5.392,33.526,33.162,42.071,25.16,4.368,82.795,17.613,12,-3.952,-4.491,-4.518,-4.297,0.508,4.147,8.605,1.844,5.9,2.253,-2.365,-3.65,Maize,Clay Loam,0.55,0.272,23.273,7,0.37,3.486.096,20.345
20.535,106.049,9,4,3.64,32.802,25.537,6.075,29.037,38.161,25.34,24.42,4.15,83.73,14.17,12,-3.54,-3.28,-3.86,-2.76,-1.25,4.9,0.24,4.95,8.6,3.24,-3.34,-3.95,Maize,Clay Loam,0.498,0.259,21.98,9,0.392,2.005.372,24.394
20.218,105.735,9,169,3.64,30.969,24.982,5.684,30.61,38.421,34.746,24.162,3.509,83.74,14.41,12,-3.181,-3.027,-3.164,-2.449,-1.35,2.149,1.222,2.858,8.15,3.948,-2.105,-3.072,Maize,Clay Loam,0.49,0.268,18.348,9,0.445,2.853.049,23.063
14.136,108.149,5,700.428,3.64,29.455,29.486,5.494,35.523,35.022,37.197,21.86,4.856,88.14,16.291,12,-2.936,-4.847,-6.243,-5.409,-0.691,0.568,3.914,0.164,8.189,9.011,1.033,-2.761,Maize,Clay Loam,0.311,0.26,22.887,10,0.394,3.264.963,17.307
13.958,107.688,5,306.169,3.64,29.315,28.492,5.828,35.838,34.846,30.984,23.446,4.329,85.684,17.328,12,-3.538,-4.562,-4.848,-3.76,1.737,2.387,7.866,1.968,7.008,2.25,-2.478,-3.988,Maize,Clay Loam,0.413,0.251,23.174,7,0.339,2.540.861,21.456
11.998,107.804,5,635.419,3.64,35.577,27.268,5.358,36.096,28.308,35.426,23.687,5.88,83.515,17.495,12,-4.914,-5.587,-5.624,-5.416,1.213,3.983,13.401,3.206,7.379,0.639,-3.495,-4.782,Maize,Clay Loam,0.483,0.257,29.818,7,0.449,3.559.807,19.557
20.262,106.202,9,2.748,3.64,32.402,30.103,6,31.024,36.574,35.026,24.42,4.15,83.73,14.17,12,-3.54,-3.28,-3.86,-2.76,-1.25,4.9,0.24,4.95,8.6,3.24,-3.34,-3.95,Maize,Clay Loam,0.498,0.268,21.98,9,0.392,2167.97,24.402
14.315,107.687,5,705.786,3.64,26.768,35.305,5.555,38.613,34.619,38.068,23.698,4.176,85.452,17.137,12,-3.467,-4.448,-4.772,-3.532,1.655,2.493,7.156,1.853,6.912,2.679,-2.478,-4.007,Maize,Loam,0.426,0.254,22.704,7,0.315,3.132.717,19.11
20.955,106.112,9,4,3.64,35.095,26.114,5.921,25.084,39.8,23.416,24.18,4.13,82.51,14.17,12,-3.45,-2.61,-3.49,-2.27,-1.12,6.4,-0.14,6.45,7.56,0.06,-3.6,-3.84,Maize,Clay Loam,0.528,0.265,20.52,9,0.369,2339.24,24.154
21.105,106.245,9,5.63,3.64,33.956,21.693,6.063,24.296,41.685,24.918,24.18,4.13,82.51,13.673,12,-3.45,-2.61,-3.49,-2.27,-1.12,6.4,-0.14,6.45,7.56,0.06,-3.6,-3.84,Maize,Clay Loam,0.528,0.269,20.52,9,0.369,2.031.388,24.143
20.077,106.135,9,2.515,3.64,33.865,33.008,5.8,29.281,36.905,44.355,24.89,4.18,84.24,14.17,12,-3.87,-3.88,-4.3,-3.56,-1.35,2.53,2.04,3.07,7.68,7.12,-1.86,-3.62,Maize,Clay Loam,0.496,0.285,22.44,9,0.342,2.601.564,24.874
20.337,105.612,9,136.672,3.64,33.318,26.349,5.6,27.273,39.471,39.684,23.6,3.61,83.74,14.41,12,-3.31,-2.87,-3.1,-2.21,-1.23,4,0.43,4.46,7.45,2.88,-3.09,-3.44,Maize,Clay Loam,0.474,0.283,19.25,9,0.388,3.035.158,22.712
20.698,105.772,9,4.631,3.64,32.237,25.906,5.952,22.826,44.937,25.132,23.6,3.61,83.74,14.41,12,-3.31,-2.87,-3.1,-2.21,-1.23,4,0.43,4.46,7.45,2.88,-3.09,-3.44,Maize,Clay Loam,0.474,0.273,19.25,9,0.388,2.272.033,23.57
13.126,108.196,5,972.912,3.64,34.198,37.115,5.4,33.922,31.834,47.435,22.474,4.393,86.534,16.899,12,-2.969,-4.549,-5.386,-4.857,0.092,1.892,5.059,0.886,7.246,5.593,-0.249,-2.775,Maize,Clay Loam,0.366,0.278,20.785,9,0.349,3.468.752,16.15
21.231,105.745,9,9.747,3.64,29.475,20.523,6.075,31.126,39.448,21.927,23.88,3.84,82.73,14.01,12,-3.62,-2.57,-3.27,-2.24,-0.69,5.8,0.34,6.86,5.89,0.57,-3.41,-3.66,Maize,Clay Loam,0.512,0.249,19.46,8,0.353,2.005.372,23.817
21.062,106.127,9,6.927,3.64,29.918,21.544,5.911,29.311,40.771,22.729,24.18,4.13,82.51,13.38,12,-3.45,-2.61,-3.49,-2.27,-1.12,6.4,-0.14,6.45,7.56,0.06,-3.6,-3.84,Maize,Clay Loam,0.528,0.254,20.52,9,0.369,2.360.919,24.135
21.193,106.043,9,17,3.64,31.03,20.478,6.25,29.85,39.046,24.319,23.943,4.11,82.462,13.38,12,-3.475,-2.426,-3.437,-2.217,-1.062,6.554,0.07,6.738,7.015,-0.493,-3.524,-3.784,Maize,Clay Loam,0.522,0.255,20.418,9,0.344,1.625.978,23.833
21.124,105.902,9,9.573,3.64,29.572,20.057,6,31.643,38.742,23.087,23.88,3.84,82.73,14.125,12,-3.62,-2.57,-3.27,-2.24,-0.69,5.8,0.34,6.86,5.89,0.57,-3.41,-3.66,Maize,Clay Loam,0.512,0.25,19.46,8,0.353,2167.97,23.818
20.455,106.382,9,2,3.64,34.805,39.595,6,27.785,37.41,38.231,24.42,4.15,83.73,14.17,12,-3.54,-3.28,-3.86,-2.76,-1.25,4.9,0.24,4.95,8.6,3.24,-3.34,-3.95,Maize,Clay Loam,0.498,0.28,21.98,9,0.392,2167.97,24.407
20.781,106.112,9,3,3.64,31.472,18.577,6.054,26.679,41.898,31.788,23.897,3.876,83.111,13.883,12,-3.382,-2.737,-3.3,-2.241,-1.174,5.228,0.138,5.478,7.506,1.437,-3.351,-3.645,Maize,Clay Loam,0.501,0.273,19.83,9,0.379,2050.9,23.877
21.058,105.871,9,6.532,3.64,28.449,22.594,6.053,32.766,38.785,23.228,23.88,3.84,82.73,14.197,12,-3.62,-2.57,-3.27,-2.24,-0.69,5.8,0.34,6.86,5.89,0.57,-3.41,-3.66,Maize,Clay Loam,0.512,0.247,19.46,8,0.353,2.053.068,23.838
12.185,108.463,5,1.324.286,3.64,32.771,33.439,5.4,35.379,31.772,45.283,22.948,3.556,87.857,18.531,12,-1.569,-4.438,-5.016,-4.86,1.442,1.208,4.001,0.128,6.714,2.946,0.875,-1.424,Maize,Clay Loam,0.34,0.272,17.307,9,0.388,3.468.752,14.34
20.996,105.749,9,8.342,3.64,32.187,21.453,5.955,26.442,41.371,20.624,24.014,3.97,82.632,14.189,12,-3.544,-2.588,-3.368,-2.253,-0.882,6.068,0.125,6.677,6.637,0.342,-3.495,-3.741,Maize,Clay Loam,0.519,0.258,19.871,8,0.336,2.265.529,23.96
21.115,105.869,9,8.533,3.64,26.608,21.721,6.1,31.913,41.426,22.461,23.88,3.84,82.73,14.01,12,-3.62,-2.57,-3.27,-2.24,-0.69,5.8,0.34,6.86,5.89,0.57,-3.41,-3.66,Maize,Loam,0.512,0.248,19.46,8,0.353,1.951.173,23.825
21.049,106.295,9,392.181,3.64,34.127,30.627,5.473,25.197,40.676,40.043,24.039,4.004,82.808,13.63,12,-3.416,-2.673,-3.395,-2.255,-1.147,5.818,-0.002,5.967,7.533,0.744,-3.476,-3.743,Maize,Clay Loam,0.514,0.288,20.107,9,0.375,3310.49,21.49
12.469,107.849,5,419.615,3.64,32.073,24.085,5.673,32.931,34.996,26.789,23.41,5.24,85.72,17.53,12,-3.95,-5.3,-5.47,-5.3,2.67,1.83,10.91,2.04,8.44,0.71,-2.42,-4.14,Maize,Clay Loam,0.411,0.252,26.58,7,0.41,2.876.896,20.683
12.938,108.079,5,454.132,3.64,31.205,24.796,5.787,34.468,34.364,25.305,24.244,5.115,84.954,16.727,12,-3.888,-5.232,-5.482,-5.194,2.795,1.948,9.826,1.685,8.733,1.495,-2.395,-4.271,Maize,Clay Loam,0.456,0.246,26.462,7,0.371,2.629.748,21.292
20.442,105.688,9,71.98,3.64,32.484,23.7,5.698,27.87,39.646,34.52,23.6,3.61,83.74,14.41,12,-3.31,-2.87,-3.1,-2.21,-1.23,4,0.43,4.46,7.45,2.88,-3.09,-3.44,Maize,Clay Loam,0.474,0.274,19.25,9,0.388,2.822.697,23.132
20.823,105.853,9,4.322,3.64,33.251,25.425,5.932,25.236,41.514,25.781,23.88,3.84,82.73,14.41,12,-3.62,-2.57,-3.27,-2.24,-0.69,5.8,0.34,6.86,5.89,0.57,-3.41,-3.66,Maize,Clay Loam,0.512,0.268,19.46,8,0.353,2.315.392,23.852
14.591,107.824,5,683.789,3.64,31.05,26.264,5.7,34.265,34.764,32.549,22.589,3.683,85.542,17.151,12,-2.662,-3.818,-4.645,-3.33,-0.047,0.662,3.073,0.115,6.433,6.7,-0.029,-2.48,Maize,Clay Loam,0.396,0.257,17.011,10,0.395,2.818.361,18.144
21.285,105.977,9,7,3.64,29.9,23.473,6.2,33.778,36.322,22.258,23.24,4.05,82.32,14.01,12,-3.55,-1.88,-3.28,-2.06,-0.89,7.01,0.69,7.59,5.4,-2.13,-3.3,-3.62,Maize,Clay Loam,0.504,0.243,20.71,8,0.367,1.734.376,23.194
20.909,106.33,9,2.88,3.64,36.34,27.344,6,28.04,35.62,27.724,24.18,4.13,82.51,14.075,12,-3.45,-2.61,-3.49,-2.27,-1.12,6.4,-0.14,6.45,7.56,0.06,-3.6,-3.84,Maize,Clay Loam,0.528,0.264,20.52,9,0.369,2167.97,24.161
20.869,106.103,9,3,3.64,36.531,25.334,6,24.834,38.712,26.537,24.18,4.13,82.51,14.084,12,-3.45,-2.61,-3.49,-2.27,-1.12,6.4,-0.14,6.45,7.56,0.06,-3.6,-3.84,Maize,Clay Loam,0.528,0.27,20.52,9,0.369,2167.97,24.16
20.494,106.096,9,3,3.64,35.013,28.675,5.981,25.787,39.2,29.075,24.42,4.15,83.73,14.17,12,-3.54,-3.28,-3.86,-2.76,-1.25,4.9,0.24,4.95,8.6,3.24,-3.34,-3.95,Maize,Clay Loam,0.498,0.271,21.98,9,0.392,2.209.161,24.4
20.679,105.777,9,4,3.64,32.285,26.146,5.932,22.111,45.604,26.185,23.6,3.61,83.74,14.41,12,-3.31,-2.87,-3.1,-2.21,-1.23,4,0.43,4.46,7.45,2.88,-3.09,-3.44,Maize,Clay Loam,0.474,0.276,19.25,9,0.388,2.315.392,23.574
20.295,105.892,9,2,3.64,33.015,21.994,5.9,26.39,40.516,31.062,23.6,3.61,83.74,14.41,12,-3.31,-2.87,-3.1,-2.21,-1.23,4,0.43,4.46,7.45,2.88,-3.09,-3.44,Maize,Clay Loam,0.474,0.273,19.25,9,0.388,2.384.767,23.587
20.91,105.964,9,4,3.64,34.297,26.399,5.95,25.201,40.502,24.102,24.03,3.985,82.62,14.29,12,-3.535,-2.59,-3.38,-2.255,-0.904,6.099,0.101,6.656,6.722,0.316,-3.505,-3.75,Maize,Clay Loam,0.52,0.266,19.919,9,0.338,2.276.368,24.004
20.522,105.98,9,4.913,3.64,34.143,25.07,6.083,26.3,39.557,24.626,24.42,4.15,83.73,14.41,12,-3.54,-3.28,-3.86,-2.76,-1.25,4.9,0.24,4.95,8.6,3.24,-3.34,-3.95,Maize,Clay Loam,0.498,0.264,21.98,9,0.392,1.988.028,24.388
20.892,105.794,9,118.852,3.64,33.478,24.387,5.854,27.237,39.286,29.719,23.628,3.837,83.05,14.225,12,-3.551,-2.518,-3.243,-2.275,-0.813,5.092,0.814,6.511,5.927,0.723,-3.15,-3.556,Maize,Clay Loam,0.495,0.269,19.106,8,0.341,2.484.494,22.855
13.204,108.291,5,1.647.174,3.64,35.095,49.133,5.259,34.376,30.529,55.094,21.973,5.564,87.285,16.462,12,-3.115,-4.9,-6.06,-5.642,-0.225,0.532,5.745,0.267,7.419,7.114,1.099,-2.234,Maize,Clay Loam,0.336,0.288,22.176,9,0.335,3.774.436,11.266
21.412,105.827,9,11.745,3.64,32.184,23.349,6.025,29.673,38.144,20.973,23.66,4.1,82.25,14.01,12,-3.83,-2.11,-3.41,-2.35,-0.33,6.36,1.26,8.89,4.16,-1.78,-3.22,-3.69,Maize,Clay Loam,0.519,0.251,20.72,8,0.43,2.113.771,23.584
20.324,105.554,9,199,3.64,32.455,27.734,5.6,28.212,39.334,43.283,23.6,3.61,83.74,14.41,12,-3.31,-2.87,-3.1,-2.21,-1.23,4,0.43,4.46,7.45,2.88,-3.09,-3.44,Maize,Clay Loam,0.474,0.286,19.25,9,0.388,3.035.158,22.306
14.23,107.977,5,634.745,3.64,30.194,22.523,5.874,36.251,33.568,29.1,23.381,4.643,85.923,16.343,12,-3.476,-4.978,-5.666,-4.775,1.284,2.478,6.508,1.242,8.397,4.873,-1.741,-4.131,Maize,Clay Loam,0.405,0.247,24.767,9,0.339,2.441.134,19.255
21.266,105.735,9,10.716,3.64,30.772,19.395,6.1,30.284,38.916,20.48,23.66,4.1,82.25,14.01,12,-3.83,-2.11,-3.41,-2.35,-0.33,6.36,1.26,8.89,4.16,-1.78,-3.22,-3.69,Maize,Clay Loam,0.519,0.249,20.72,8,0.43,1.951.173,23.59
20.088,106.094,9,3,3.64,32.754,31.727,5.9,30.646,36.7,28.399,24.89,4.18,84.24,14.17,12,-3.87,-3.88,-4.3,-3.56,-1.35,2.53,2.04,3.07,7.68,7.12,-1.86,-3.62,Maize,Clay Loam,0.496,0.259,22.44,9,0.342,2.384.767,24.87
13.327,108.063,5,240.187,3.64,30.933,23.656,5.8,39.173,29.858,25.137,24.629,4.658,85.364,17.355,12,-3.315,-4.831,-5.539,-5.007,1.873,1.754,6.484,0.4,8.315,4.5,-0.749,-3.849,Maize,Clay Loam,0.453,0.235,23.29,9,0.356,2.601.564,23.068
20.551,106.388,9,3,3.64,35.229,32.258,6.057,28.799,35.915,29.9,24.42,4.15,83.73,14.17,12,-3.54,-3.28,-3.86,-2.76,-1.25,4.9,0.24,4.95,8.6,3.24,-3.34,-3.95,Maize,Clay Loam,0.498,0.266,21.98,9,0.392,2.044.396,24.4
21.235,106.639,9,34.644,3.64,30.366,22.984,6.142,28.273,41.361,24.995,23.251,4.825,83.564,13.38,12,-3.574,-2.824,-3.728,-2.739,-1.551,10.069,0.579,6.343,7.488,-2.17,-3.569,-4.317,Maize,Clay Loam,0.469,0.26,24.472,6,0.411,1.860.118,23.026
21.001,105.71,9,10.013,3.64,28.811,21.7,5.901,31.809,39.38,23.796,23.88,3.84,82.73,14.01,12,-3.62,-2.57,-3.27,-2.24,-0.69,5.8,0.34,6.86,5.89,0.57,-3.41,-3.66,Maize,Clay Loam,0.512,0.25,19.46,8,0.353,2.382.599,23.815
20.326,106.25,9,1.606,3.64,33.276,27.93,5.961,29.737,37.048,31.218,24.42,4.15,83.73,14.17,12,-3.54,-3.28,-3.86,-2.76,-1.25,4.9,0.24,4.95,8.6,3.24,-3.34,-3.95,Maize,Clay Loam,0.498,0.265,21.98,9,0.392,2.252.521,24.41
13.879,107.677,5,240.102,3.64,30.749,26.79,5.7,34.407,34.82,36.384,25.448,6.214,82.53,17.316,12,-5.144,-6.033,-6.132,-4.907,2.723,4.916,12.858,3.734,8.182,0.535,-4.816,-5.911,Maize,Clay Loam,0.568,0.262,32.943,7,0.39,2.818.361,23.887
20.512,105.723,9,27.204,3.64,33.802,27.905,5.7,27.141,39.058,37.301,23.6,3.61,83.74,14.41,12,-3.31,-2.87,-3.1,-2.21,-1.23,4,0.43,4.46,7.45,2.88,-3.09,-3.44,Maize,Clay Loam,0.474,0.28,19.25,9,0.388,2.818.361,23.423
20.811,105.652,9,83.236,3.64,31.154,20.959,5.885,26.525,42.321,27.416,23.545,3.677,83.523,14.253,12,-3.347,-2.719,-3.128,-2.187,-1.178,4.46,0.47,4.938,7.137,2.114,-3.122,-3.468,Maize,Clay Loam,0.478,0.267,19.149,9,0.373,2.417.287,23.004
20.726,106.613,9,2,3.64,34.974,35.169,6.075,30.374,34.652,35.798,24.703,5.196,82.836,14.17,12,-3.904,-3.949,-4.611,-3.764,-1.161,10.783,0.589,5.455,8.275,0.902,-3.785,-4.807,Maize,Clay Loam,0.534,0.27,25.981,6,0.415,2.005.372,24.69
14.286,107.558,5,867.839,3.64,29.23,39.352,5.532,38.561,32.125,46.959,24.848,5.272,82.887,17.25,12,-4.337,-5.285,-5.522,-4.114,2.227,3.974,9.546,2.786,7.559,1.864,-3.721,-4.993,Maize,Clay Loam,0.537,0.267,27.972,7,0.341,3182.58,19.207
20.937,106.509,9,3.187,3.64,35.131,26.337,6.056,30.008,34.843,32.296,24.18,4.13,82.51,14.17,12,-3.45,-2.61,-3.49,-2.27,-1.12,6.4,-0.14,6.45,7.56,0.06,-3.6,-3.84,Maize,Clay Loam,0.528,0.266,20.52,9,0.369,2.046.564,24.159
13.402,107.696,5,509.566,3.64,27.054,24.826,5.686,35.931,37.016,33.556,24.775,5.519,83.347,17.63,12,-4.486,-5.536,-5.67,-4.621,2.713,3.882,10.946,2.977,8.047,0.817,-3.914,-5.155,Maize,Clay Loam,0.521,0.254,29.382,7,0.373,2.848.713,21.463
20.566,106.381,9,2,3.64,32.281,36.148,5.935,26.265,41.453,35.305,24.42,4.15,83.73,14.17,12,-3.54,-3.28,-3.86,-2.76,-1.25,4.9,0.24,4.95,8.6,3.24,-3.34,-3.95,Maize,Clay Loam,0.498,0.279,21.98,9,0.392,2.308.888,24.407
20.572,106.426,9,0.206,3.64,35.172,39.948,6.121,27.162,37.666,34.645,24.42,4.15,83.73,14.17,12,-3.54,-3.28,-3.86,-2.76,-1.25,4.9,0.24,4.95,8.6,3.24,-3.34,-3.95,Maize,Clay Loam,0.498,0.276,21.98,9,0.392,1.905.646,24.419
11.949,107.704,5,504.802,3.64,34.732,30.117,5.508,30.616,34.652,35.378,24.035,6.068,83.043,17.615,12,-5.118,-5.705,-5.737,-5.512,1.143,4.129,13.927,3.328,7.493,0.728,-3.671,-5.005,Maize,Clay Loam,0.507,0.269,30.748,7,0.453,3.234.611,20.754
21.371,106.56,9,12.525,3.64,28.929,22.303,6.252,24.751,46.267,23.39,22.763,4.234,83.033,13.38,12,-3.529,-2.037,-3.285,-2.16,-1.257,8.101,0.916,6.976,5.82,-2.455,-3.279,-3.793,Maize,Clay Loam,0.47,0.266,21.795,6,0.371,1.621.642,22.682
20.572,105.59,9,314.538,3.64,35.7,26.305,5.664,26.22,38.08,37.214,23.715,3.704,83.325,14.41,12,-3.437,-2.747,-3.17,-2.222,-1.008,4.739,0.393,5.445,6.81,1.932,-3.221,-3.53,Maize,Clay Loam,0.489,0.282,19.335,9,0.353,2.896.408,21.671
20.466,105.622,9,69.982,3.64,32.277,21.237,5.704,25.416,42.307,26.514,23.611,3.608,83.74,14.41,12,-3.308,-2.873,-3.101,-2.215,-1.232,3.965,0.445,4.429,7.463,2.9,-3.071,-3.433,Maize,Clay Loam,0.474,0.269,19.233,9,0.389,2.809.689,23.156
20.954,106.087,9,3.888,3.64,34.279,22.889,6.089,26.121,39.6,26.454,24.18,4.13,82.51,14.081,12,-3.45,-2.61,-3.49,-2.27,-1.12,6.4,-0.14,6.45,7.56,0.06,-3.6,-3.84,Maize,Clay Loam,0.528,0.267,20.52,9,0.369,1.975.021,24.155
11.631,107.981,5,967.796,3.64,35.906,32.643,5.36,33.202,30.791,38.614,23.2,3.85,84.54,18.142,12,-3.06,-4.21,-4.3,-4.18,1.21,3.58,6.86,1.88,6.08,0.96,-1.99,-2.85,Maize,Clay Loam,0.44,0.268,20.59,7,0.333,3.555.471,16.909
14.14,108.25,5,849.122,3.64,30.758,28.82,5.6,34.3,34.945,40.279,23.34,4.699,85.944,16.242,12,-3.458,-5.031,-5.775,-4.945,1.219,2.39,6.348,1.1,8.593,5.229,-1.568,-4.095,Maize,Clay Loam,0.403,0.268,24.872,9,0.345,3.035.158,17.821
21.033,106.645,9,2.403,3.64,35.491,25.413,6.04,24.488,40.121,27.427,23.76,5.06,83.5,13.38,12,-3.61,-3.18,-3.97,-3.01,-1.53,10.61,0.28,6.3,8.2,-1.85,-3.74,-4.52,Maize,Clay Loam,0.485,0.272,25.41,6,0.418,2.081.251,23.744
20.518,106.463,9,1,3.64,38.224,37.727,6.082,26.949,34.827,40.046,24.42,4.15,83.73,14.17,12,-3.54,-3.28,-3.86,-2.76,-1.25,4.9,0.24,4.95,8.6,3.24,-3.34,-3.95,Maize,Clay Loam,0.498,0.284,21.98,9,0.392,1.990.196,24.414
21.056,106.11,9,5,3.64,32.506,22.855,6.023,26.013,41.481,23.903,24.18,4.13,82.51,13.38,12,-3.45,-2.61,-3.49,-2.27,-1.12,6.4,-0.14,6.45,7.56,0.06,-3.6,-3.84,Maize,Clay Loam,0.528,0.264,20.52,9,0.369,2.118.107,24.148
20.771,106.613,9,3.658,3.64,37.4,29.7,6.083,30.58,32.02,32.668,23.832,4.901,83.331,14.17,12,-3.583,-3.083,-3.888,-2.884,-1.46,9.891,0.208,6.326,8.091,-1.524,-3.716,-4.404,Maize,Clay Loam,0.492,0.265,24.542,6,0.403,1.988.028,23.808
20.519,105.918,9,4,3.64,32.997,25.732,5.966,24.467,42.503,31.27,23.6,3.61,83.74,14.41,12,-3.31,-2.87,-3.1,-2.21,-1.23,4,0.43,4.46,7.45,2.88,-3.09,-3.44,Maize,Clay Loam,0.474,0.278,19.25,9,0.388,2.241.681,23.574
20.39,106.058,9,2.071,3.64,33.908,26.7,6,26.385,39.614,30.029,24.42,4.15,83.73,14.17,12,-3.54,-3.28,-3.86,-2.76,-1.25,4.9,0.24,4.95,8.6,3.24,-3.34,-3.95,Maize,Clay Loam,0.498,0.271,21.98,9,0.392,2167.97,24.407
20.127,106.224,9,2.114,3.64,32.057,31.224,5.944,30.324,37.631,27.644,24.89,4.18,84.24,14.17,12,-3.87,-3.88,-4.3,-3.56,-1.35,2.53,2.04,3.07,7.68,7.12,-1.86,-3.62,Maize,Clay Loam,0.496,0.259,22.44,9,0.342,2.289.376,24.876
20.473,106.136,9,4.572,3.64,32.986,27.343,5.929,27.257,39.8,33.572,24.42,4.15,83.73,14.17,12,-3.54,-3.28,-3.86,-2.76,-1.25,4.9,0.24,4.95,8.6,3.24,-3.34,-3.95,Maize,Clay Loam,0.498,0.274,21.98,9,0.392,2.321.896,24.39
20.442,106.51,9,1,3.64,38.156,34.62,6.172,25.808,35.964,41.88,24.42,4.15,83.73,14.17,12,-3.54,-3.28,-3.86,-2.76,-1.25,4.9,0.24,4.95,8.6,3.24,-3.34,-3.95,Maize,Clay Loam,0.498,0.289,21.98,9,0.392,1.795.079,24.414
13.779,108.331,5,726.078,3.64,32.345,24.463,5.6,32.946,34.709,31.678,23.688,4.809,85.621,16.309,12,-3.573,-5.105,-5.744,-5.038,1.639,2.359,7.1,1.216,8.733,4.432,-1.803,-4.204,Maize,Clay Loam,0.421,0.259,25.467,9,0.343,3.035.158,18.968
20.996,105.891,9,10,3.64,31.613,21.218,5.919,28.156,40.231,20.956,24.124,4.076,82.551,14.335,12,-3.482,-2.603,-3.449,-2.264,-1.04,6.288,-0.05,6.527,7.248,0.155,-3.564,-3.806,Maize,Clay Loam,0.525,0.255,20.258,9,0.358,2.343.576,24.059
20.513,106.105,9,2.647,3.64,32.162,25.297,5.968,25.041,42.797,32.441,24.155,3.975,83.733,14.248,12,-3.466,-3.147,-3.614,-2.582,-1.244,4.609,0.301,4.791,8.228,3.123,-3.259,-3.785,Maize,Clay Loam,0.49,0.278,21.097,9,0.391,2.237.345,24.138
11.835,107.861,5,646.276,3.64,34.215,28.621,5.357,34.64,31.202,34.661,23.579,4.824,83.804,18.338,12,-3.979,-4.861,-4.921,-4.754,1.125,3.899,9.978,2.544,6.646,0.862,-2.752,-3.799,Maize,Clay Loam,0.471,0.259,25.066,7,0.398,3.561.975,19.378
21.117,106.011,9,26.97,3.64,33.146,23.268,5.949,27.886,38.968,25.782,23.555,3.947,82.522,13.887,12,-3.584,-2.22,-3.275,-2.149,-0.792,6.414,0.518,7.231,5.641,-0.801,-3.354,-3.64,Maize,Clay Loam,0.508,0.262,19.815,8,0.365,2.278.536,23.38
19.611,106.879,8.03,280.697,3.64,30.924,32.639,5.524,28.803,40.273,47.403,22.604,4.298,84.162,14.318,12,-3.478,-2.689,-3.61,-2.473,-0.87,7.517,2.473,5.334,6.263,-1.395,-3.076,-3.945,Maize,Clay Loam,0.434,0.29,21.536,6,0.348,3.199.924,20.779
20.667,105.716,9,4,3.64,32.351,23.78,5.989,21.899,45.751,24.003,23.6,3.61,83.74,14.41,12,-3.31,-2.87,-3.1,-2.21,-1.23,4,0.43,4.46,7.45,2.88,-3.09,-3.44,Maize,Clay Loam,0.474,0.273,19.25,9,0.388,2.191.818,23.574
14.139,107.85,5,344.168,3.64,32.17,29.741,5.795,34.055,33.836,41.881,23.919,4.346,85.327,17.067,12,-3.52,-4.619,-5.003,-3.883,1.82,2.662,7.163,1.671,7.418,2.953,-2.465,-4.148,Maize,Clay Loam,0.436,0.27,23.638,9,0.313,2.612.404,21.682
20.778,106.577,9,2.289,3.64,36.211,30.104,5.9,29.591,34.198,40.775,23.881,4.792,83.214,14.17,12,-3.564,-3.015,-3.831,-2.796,-1.412,9.395,0.159,6.343,8.015,-1.299,-3.7,-4.324,Maize,Clay Loam,0.497,0.279,23.941,6,0.393,2.384.767,23.866
20.455,106.552,9,1.419,3.64,37.247,33.021,6.084,27.381,35.314,34.409,24.42,4.15,83.73,14.17,12,-3.54,-3.28,-3.86,-2.76,-1.25,4.9,0.24,4.95,8.6,3.24,-3.34,-3.95,Maize,Clay Loam,0.498,0.275,21.98,9,0.392,1.985.861,24.411
13.843,107.602,5,212.309,3.64,30.001,20.855,5.869,36.253,33.746,24.238,25.232,5.539,82.723,17.67,12,-4.569,-5.562,-5.71,-4.47,2.752,4.286,10.684,3.06,8.047,1.031,-4.181,-5.373,Maize,Clay Loam,0.555,0.241,29.865,7,0.358,2.451.974,23.852
21.057,106.121,9,5,3.64,32.685,22.989,5.956,25.678,41.637,23.992,24.18,4.13,82.51,13.38,12,-3.45,-2.61,-3.49,-2.27,-1.12,6.4,-0.14,6.45,7.56,0.06,-3.6,-3.84,Maize,Clay Loam,0.528,0.265,20.52,9,0.369,2.263.361,24.148
20.914,106.466,9,3,3.64,36,33.493,5.953,30.247,33.7,34.73,24.18,4.13,82.51,14.17,12,-3.45,-2.61,-3.49,-2.27,-1.12,6.4,-0.14,6.45,7.56,0.06,-3.6,-3.84,Maize,Clay Loam,0.528,0.269,20.52,9,0.369,2.269.865,24.16
20.836,105.679,9,6.948,3.64,31.748,27.509,6,26.959,41.293,28.035,23.88,3.84,82.73,14.41,12,-3.62,-2.57,-3.27,-2.24,-0.69,5.8,0.34,6.86,5.89,0.57,-3.41,-3.66,Maize,Clay Loam,0.512,0.267,19.46,8,0.353,2167.97,23.835
13.421,107.88,5,355.663,3.64,30.349,27.403,5.634,38.036,31.615,32.878,25.562,6.253,83.331,17.37,12,-5.067,-6.158,-6.35,-5.398,3.014,4.618,12.321,3.108,8.94,1.219,-4.4,-5.863,Maize,Clay Loam,0.546,0.249,33.236,7,0.371,2.961.447,23.25
20.634,106.44,9,2.866,3.64,35.733,33.266,6.013,27.973,36.294,30.034,24.42,4.15,83.73,14.17,12,-3.54,-3.28,-3.86,-2.76,-1.25,4.9,0.24,4.95,8.6,3.24,-3.34,-3.95,Maize,Clay Loam,0.498,0.268,21.98,9,0.392,2.139.786,24.401
20.706,105.746,9,4.937,3.64,32.181,25.506,6.087,22.868,44.951,24.863,23.6,3.61,83.74,14.41,12,-3.31,-2.87,-3.1,-2.21,-1.23,4,0.43,4.46,7.45,2.88,-3.09,-3.44,Maize,Clay Loam,0.474,0.272,19.25,9,0.388,1.979.357,23.568
20.742,106.615,9,2.01,3.64,36.11,30.001,6,29.777,34.113,33.46,25.01,5.24,82.62,14.17,12,-4,-4.2,-4.82,-4.01,-1.04,10.84,0.69,5.18,8.3,1.8,-3.8,-4.9,Maize,Clay Loam,0.551,0.268,26.77,6,0.404,2167.97,24.997
20.191,105.673,9,28.033,3.64,28.909,21.597,5.832,31.351,39.807,22.293,24.21,3.5,83.74,14.41,12,-3.17,-3.04,-3.17,-2.47,-1.36,1.99,1.29,2.72,8.21,4.04,-2.02,-3.04,Maize,Clay Loam,0.491,0.249,18.27,9,0.45,2.532.189,24.028
20.546,105.609,9,217.19,3.64,32.322,26.371,5.638,26.176,41.501,38.876,23.6,3.61,83.74,14.41,12,-3.31,-2.87,-3.1,-2.21,-1.23,4,0.43,4.46,7.45,2.88,-3.09,-3.44,Maize,Clay Loam,0.474,0.284,19.25,9,0.388,2.952.775,22.188
12.917,108.35,5,693.963,3.64,33.496,26.688,5.775,36.722,29.807,34.385,24.75,5.04,84.49,16.64,12,-3.85,-5.19,-5.49,-5.13,2.87,2.02,9.17,1.47,8.91,1.97,-2.38,-4.35,Maize,Clay Loam,0.484,0.254,26.39,7,0.347,2.655.763,20.239
20.676,105.746,9,4,3.64,32.877,27.396,5.968,21.341,45.75,27.159,23.6,3.61,83.74,14.41,12,-3.31,-2.87,-3.1,-2.21,-1.23,4,0.43,4.46,7.45,2.88,-3.09,-3.44,Maize,Clay Loam,0.474,0.279,19.25,9,0.388,2.237.345,23.574
20.451,106.065,9,2.76,3.64,32.676,26.125,6.024,27.356,39.968,29.196,24.42,4.15,83.73,14.17,12,-3.54,-3.28,-3.86,-2.76,-1.25,4.9,0.24,4.95,8.6,3.24,-3.34,-3.95,Maize,Clay Loam,0.498,0.268,21.98,9,0.392,2.115.939,24.402
13.136,107.61,5,174.404,3.64,36.398,18.115,5.96,32.619,30.943,25.354,25.86,8.09,82.95,17.67,12,-6.57,-7.33,-7.36,-6.7,2.7,5.61,18.96,4.97,9.12,-0.51,-5.8,-7.04,Maize,Clay Loam,0.568,0.25,41.31,7,0.458,2.254.689,24.726
21.31,106.048,9,13.585,3.64,26.419,20.221,6.294,30.351,43.23,19.459,23.462,4.076,82.283,13.713,12,-3.698,-2.002,-3.349,-2.213,-0.594,6.667,0.991,8.277,4.745,-1.945,-3.258,-3.657,Maize,Loam,0.512,0.247,20.716,8,0.4,1.530.587,23.374
14.223,107.827,5,965.293,3.64,26.371,39.369,5.459,37.241,36.388,49.663,24.517,5.263,83.866,16.822,12,-4.202,-5.403,-5.779,-4.622,2.129,3.777,9.115,2.44,8.215,2.635,-3.324,-4.983,Maize,Loam,0.497,0.274,28.313,7,0.322,3.340.842,18.243
21.216,106.237,9,35.953,3.64,27.407,19.64,6.205,31.146,41.447,22.598,23.535,4.224,82.918,13.38,12,-3.471,-2.46,-3.42,-2.263,-1.284,7.338,0.3,6.44,7.086,-0.92,-3.481,-3.878,Maize,Clay Loam,0.496,0.25,21.177,6,0.347,1.723.536,23.301
21.168,106.177,9,4.141,3.64,29.585,22.344,6.014,31.47,38.938,26.89,24.18,4.13,82.51,13.424,12,-3.45,-2.61,-3.49,-2.27,-1.12,6.4,-0.14,6.45,7.56,0.06,-3.6,-3.84,Maize,Clay Loam,0.528,0.255,20.52,9,0.369,2.137.618,24.153
20.767,105.596,9,40.678,3.64,30.403,20.1,6.066,25.803,43.877,22.404,23.833,3.801,82.901,14.41,12,-3.567,-2.621,-3.241,-2.235,-0.781,5.495,0.355,6.453,6.154,0.961,-3.356,-3.623,Maize,Clay Loam,0.505,0.262,19.424,8,0.332,2.024.884,23.569
12.054,108.136,5,553.455,3.64,35.231,31.019,5.507,34.695,30.073,28.557,22.072,4.914,86.397,16.671,12,-3.741,-5.026,-5.133,-5.005,2.05,2.627,10.455,2.328,7.303,0.225,-2.417,-3.648,Maize,Clay Loam,0.361,0.25,24.97,7,0.418,3.236.779,18.475
20.138,106.016,9,2,3.64,33.299,26.087,6.063,30.513,36.276,31.276,24.89,4.18,84.24,14.17,12,-3.87,-3.88,-4.3,-3.56,-1.35,2.53,2.04,3.07,7.68,7.12,-1.86,-3.62,Maize,Clay Loam,0.496,0.264,22.44,9,0.342,2.031.388,24.877
20.831,105.964,9,5,3.64,33.4,24.927,5.9,26.892,39.635,24.819,23.961,3.918,82.671,14.133,12,-3.574,-2.581,-3.329,-2.248,-0.806,5.961,0.211,6.75,6.339,0.433,-3.461,-3.708,Maize,Clay Loam,0.516,0.263,19.707,8,0.343,2.384.767,23.928
20.27,106.345,9,1.123,3.64,34.731,29.632,6.1,29.451,35.812,28.051,24.42,4.15,83.73,14.17,12,-3.54,-3.28,-3.86,-2.76,-1.25,4.9,0.24,4.95,8.6,3.24,-3.34,-3.95,Maize,Clay Loam,0.498,0.262,21.98,9,0.392,1.951.173,24.413
21.045,106.241,9,3,3.64,36.318,26.055,6,25.309,38.391,26.391,24.18,4.13,82.51,13.523,12,-3.45,-2.61,-3.49,-2.27,-1.12,6.4,-0.14,6.45,7.56,0.06,-3.6,-3.84,Maize,Clay Loam,0.528,0.269,20.52,9,0.369,2167.97,24.16
11.896,107.902,5,726.867,3.64,30.2,31.2,5.4,33.2,36.6,36,22.01,4.8,86.45,17.7,12,-3.64,-4.95,-5.06,-4.94,2.06,2.54,10.12,2.23,7.25,0.26,-2.31,-3.54,Maize,Clay Loam,0.358,0.264,24.44,7,0.414,3.468.752,17.285
21.372,105.917,9,38.036,3.64,33.908,26.332,5.948,27.427,38.691,24.116,23.316,4.178,82.62,13.847,12,-3.747,-2.128,-3.379,-2.324,-0.656,7.067,1.224,8.251,4.688,-2.031,-3.23,-3.757,Maize,Clay Loam,0.498,0.261,21.252,8,0.389,2.280.704,23.069
20.649,106.06,9,7.723,3.64,35.674,27.896,6,28.953,35.315,26.204,24.42,4.15,83.73,14.17,12,-3.54,-3.28,-3.86,-2.76,-1.25,4.9,0.24,4.95,8.6,3.24,-3.34,-3.95,Maize,Clay Loam,0.498,0.26,21.98,9,0.392,2167.97,24.37
21.336,106.571,9,108.842,3.64,30.326,25.952,5.8,24.794,44.88,27.333,22.474,4.345,83.465,13.38,12,-3.516,-2.133,-3.288,-2.22,-1.479,8.761,1.052,6.605,6.073,-2.652,-3.266,-3.898,Maize,Clay Loam,0.45,0.271,22.452,6,0.39,2.601.564,21.767
21.034,106.499,9,297.699,3.64,35.482,30.553,5.414,27.598,36.834,43.995,23.738,4.857,83.534,13.524,12,-3.568,-3.137,-3.848,-2.898,-1.488,9.686,0.301,6.043,8.095,-1.189,-3.649,-4.369,Maize,Clay Loam,0.484,0.288,24.146,6,0.401,3438.4,21.803
21.314,105.951,9,7.795,3.64,31.861,23.977,6.1,29.882,38.177,27.016,23.326,4.06,82.306,13.509,12,-3.607,-1.927,-3.307,-2.119,-0.775,6.877,0.807,7.856,5.146,-2.058,-3.284,-3.634,Maize,Clay Loam,0.507,0.259,20.711,8,0.38,1.951.173,23.275
13.172,108.138,5,724.21,3.64,33.746,20.129,5.64,35.068,31.186,28.519,24.472,4.98,84.786,16.848,12,-3.777,-5.168,-5.557,-5.106,2.547,2.109,8.628,1.403,8.864,2.615,-2.229,-4.312,Maize,Clay Loam,0.467,0.249,26.149,9,0.339,2.948.439,19.765
20.928,105.684,9,7.164,3.64,30.722,21.5,5.984,26.335,43.027,26.684,23.88,3.84,82.73,14.41,12,-3.62,-2.57,-3.27,-2.24,-0.69,5.8,0.34,6.86,5.89,0.57,-3.41,-3.66,Maize,Clay Loam,0.512,0.267,19.46,8,0.353,2.202.658,23.833
20.676,105.728,9,4,3.64,32.903,27.021,5.984,21.648,45.449,26.803,23.6,3.61,83.74,14.41,12,-3.31,-2.87,-3.1,-2.21,-1.23,4,0.43,4.46,7.45,2.88,-3.09,-3.44,Maize,Clay Loam,0.474,0.278,19.25,9,0.388,2.202.658,23.574
20.289,105.675,9,302.742,3.64,36.073,30.366,5.519,27.249,36.597,43.529,23.6,3.61,83.74,14.41,12,-3.31,-2.87,-3.1,-2.21,-1.23,4,0.43,4.46,7.45,2.88,-3.09,-3.44,Maize,Clay Loam,0.474,0.288,19.25,9,0.388,3.210.764,21.632
13.651,107.64,5,254.665,3.64,30.267,22.206,5.833,34.401,35.332,29.897,25.501,6.454,82.584,17.344,12,-5.326,-6.199,-6.289,-5.137,2.72,5.005,13.638,3.892,8.302,0.401,-4.942,-6.056,Maize,Clay Loam,0.568,0.253,33.949,7,0.402,2.530.021,23.846
20.672,105.921,9,6,3.64,32.052,24.448,5.857,26.792,41.155,27.254,23.6,3.61,83.74,14.41,12,-3.31,-2.87,-3.1,-2.21,-1.23,4,0.43,4.46,7.45,2.88,-3.09,-3.44,Maize,Clay Loam,0.474,0.267,19.25,9,0.388,2477.99,23.561
21.431,105.905,9,14,3.64,33.667,23.144,6.036,29.659,36.738,21.295,23.509,4.082,82.275,13.784,12,-3.73,-2.027,-3.363,-2.246,-0.531,6.593,1.055,8.424,4.605,-1.906,-3.249,-3.665,Maize,Clay Loam,0.514,0.252,20.717,8,0.407,2.089.923,23.418
20.492,106.381,9,2.877,3.64,34.714,31.302,6.088,29.363,35.835,29.851,24.42,4.15,83.73,14.17,12,-3.54,-3.28,-3.86,-2.76,-1.25,4.9,0.24,4.95,8.6,3.24,-3.34,-3.95,Maize,Clay Loam,0.498,0.264,21.98,9,0.392,1.977.189,24.401
20.864,106.058,9,4,3.64,34.943,24.568,6.061,25.096,39.922,23.282,24.18,4.13,82.51,14.17,12,-3.45,-2.61,-3.49,-2.27,-1.12,6.4,-0.14,6.45,7.56,0.06,-3.6,-3.84,Maize,Clay Loam,0.528,0.265,20.52,9,0.369,2.035.724,24.154
20.505,106.35,9,2.183,3.64,35.975,29.483,6,27.845,36.18,30.607,24.42,4.15,83.73,14.17,12,-3.54,-3.28,-3.86,-2.76,-1.25,4.9,0.24,4.95,8.6,3.24,-3.34,-3.95,Maize,Clay Loam,0.498,0.269,21.98,9,0.392,2167.97,24.406
21.361,106.611,9,31.804,3.64,30.813,20.12,6.356,26.841,42.346,21.188,22.33,4.4,83.68,13.38,12,-3.51,-2.18,-3.29,-2.25,-1.59,9.09,1.12,6.42,6.2,-2.75,-3.26,-3.95,Maize,Clay Loam,0.44,0.258,22.78,6,0.398,1.396.173,22.123
12.516,108.295,5,914.1,3.64,32.972,30.106,5.538,33.174,33.854,42.38,23.264,4.185,85.075,17.83,12,-3.222,-4.538,-4.873,-4.493,1.233,3.158,6.717,1.601,7.06,2.547,-1.854,-3.344,Maize,Clay Loam,0.426,0.273,22.324,9,0.316,3.169.572,17.322
21.323,106.207,9,9.463,3.64,30.382,22.893,6.3,30.933,38.685,22.118,23.24,4.05,82.32,13.38,12,-3.55,-1.88,-3.28,-2.06,-0.89,7.01,0.69,7.59,5.4,-2.13,-3.3,-3.62,Maize,Clay Loam,0.504,0.25,20.71,8,0.367,1.517.579,23.178
13.641,107.736,5,206.411,3.64,32.674,20.29,5.9,34.823,32.503,25.977,24.845,5.134,84.07,17.67,12,-4.029,-5.295,-5.659,-4.804,2.576,3.345,8.815,1.883,8.61,2.446,-3.043,-4.812,Maize,Clay Loam,0.5,0.246,27.642,7,0.319,2.384.767,23.503
20.145,105.855,9,3.252,3.64,34.47,23.574,5.9,29.93,35.6,31.198,24.21,3.5,83.74,14.41,12,-3.17,-3.04,-3.17,-2.47,-1.36,1.99,1.29,2.72,8.21,4.04,-2.02,-3.04,Maize,Clay Loam,0.491,0.265,18.27,9,0.45,2.384.767,24.189
20.183,105.71,9,28.519,3.64,31.957,21.277,5.749,30.75,37.243,37.496,24.21,3.5,83.74,14.41,12,-3.17,-3.04,-3.17,-2.47,-1.36,1.99,1.29,2.72,8.21,4.04,-2.02,-3.04,Maize,Clay Loam,0.491,0.272,18.27,9,0.45,2712.13,24.025
12.927,108.183,5,813.768,3.64,34.454,23.73,5.73,35.175,30.318,31.786,24.597,5.295,84.1,16.954,12,-4.168,-5.318,-5.553,-5.223,2.438,2.556,10.336,1.927,8.562,1.682,-2.705,-4.52,Maize,Clay Loam,0.492,0.254,27.487,7,0.376,2.753.322,19.308
20.405,106.541,9,1.1,3.64,36.029,32.09,5.99,27.981,35.9,34.411,24.42,4.15,83.73,14.17,12,-3.54,-3.28,-3.86,-2.76,-1.25,4.9,0.24,4.95,8.6,3.24,-3.34,-3.95,Maize,Clay Loam,0.498,0.274,21.98,9,0.392,2189.65,24.413
20.145,106.101,9,2.384,3.64,35.116,37.624,5.923,26.63,38.254,31.554,24.89,4.18,84.24,14.17,12,-3.87,-3.88,-4.3,-3.56,-1.35,2.53,2.04,3.07,7.68,7.12,-1.86,-3.62,Maize,Clay Loam,0.496,0.273,22.44,9,0.342,2.334.904,24.875
20.972,105.686,9,9.913,3.64,30.02,22.735,5.8,28.344,41.637,22.946,23.88,3.84,82.73,14.227,12,-3.62,-2.57,-3.27,-2.24,-0.69,5.8,0.34,6.86,5.89,0.57,-3.41,-3.66,Maize,Clay Loam,0.512,0.257,19.46,8,0.353,2.601.564,23.816
21.04,106.005,9,6.906,3.64,30.137,20.809,6.1,31.34,38.532,23.156,24.18,4.13,82.51,13.454,12,-3.45,-2.61,-3.49,-2.27,-1.12,6.4,-0.14,6.45,7.56,0.06,-3.6,-3.84,Maize,Clay Loam,0.528,0.25,20.52,9,0.369,1.951.173,24.135
14.287,108.054,5,852.248,3.64,33.577,36.927,5.562,34.488,31.96,46.746,23.094,3.629,85.982,17.073,12,-2.38,-3.788,-4.664,-3.662,0.288,-0.015,2.727,-0.536,6.345,6.742,1.084,-2.165,Maize,Clay Loam,0.396,0.276,17.21,10,0.392,3.117.541,17.554
20.094,106.198,9,1.883,3.64,33.494,35.201,5.923,30.371,36.135,31.147,24.89,4.18,84.24,14.17,12,-3.87,-3.88,-4.3,-3.56,-1.35,2.53,2.04,3.07,7.68,7.12,-1.86,-3.62,Maize,Clay Loam,0.496,0.264,22.44,9,0.342,2.334.904,24.878
20.66,106.225,9,4,3.64,31.918,29.594,5.906,27.942,40.14,35.858,24.42,4.15,83.73,14.17,12,-3.54,-3.28,-3.86,-2.76,-1.25,4.9,0.24,4.95,8.6,3.24,-3.34,-3.95,Maize,Clay Loam,0.498,0.276,21.98,9,0.392,2.371.759,24.394
20.62,105.937,9,155.511,3.64,31.435,22.91,5.7,26.846,41.719,30.079,23.816,3.804,83.282,14.027,12,-3.362,-2.773,-3.245,-2.232,-1.189,4.894,0.218,5.201,7.491,1.83,-3.28,-3.589,Maize,Clay Loam,0.493,0.27,19.67,9,0.382,2.818.361,22.805
12.836,108.148,5,1.038.665,3.64,34.023,33.03,5.267,33.873,32.138,42.359,21.956,4.82,87.053,17.939,12,-3.389,-4.913,-5.482,-5.107,1.079,1.837,7.906,1.493,7.585,3.381,-1.118,-3.262,Maize,Clay Loam,0.341,0.271,23.271,7,0.34,3.757.092,15.205
20.6,106.21,9,2,3.64,31.291,31.247,5.9,24.095,44.6,33.513,24.42,4.15,83.73,14.17,12,-3.54,-3.28,-3.86,-2.76,-1.25,4.9,0.24,4.95,8.6,3.24,-3.34,-3.95,Maize,Clay Loam,0.498,0.281,21.98,9,0.392,2.384.767,24.407
12.424,107.931,5,419.176,3.64,35.438,18.468,5.779,30.183,34.3,26.511,23.41,5.24,85.72,17.53,12,-3.95,-5.3,-5.47,-5.3,2.67,1.83,10.91,2.04,8.44,0.71,-2.42,-4.14,Maize,Clay Loam,0.411,0.258,26.58,7,0.41,2.647.091,20.685
20.326,105.551,9,199,3.64,32.304,28.054,5.6,28.042,39.654,42.228,23.6,3.61,83.74,14.41,12,-3.31,-2.87,-3.1,-2.21,-1.23,4,0.43,4.46,7.45,2.88,-3.09,-3.44,Maize,Clay Loam,0.474,0.285,19.25,9,0.388,3.035.158,22.306
13.486,107.779,5,325.266,3.64,31.533,28.208,5.693,34.553,33.861,33.308,23.437,4.568,85.693,17.381,12,-3.646,-4.756,-5.011,-4.164,1.982,2.241,8.664,1.987,7.384,1.846,-2.463,-4.028,Maize,Clay Loam,0.413,0.257,24.068,7,0.359,2.833.537,21.323
20.912,106.236,9,2.894,3.64,36.945,27.549,6.079,29.295,33.67,25.411,24.18,4.13,82.51,14.17,12,-3.45,-2.61,-3.49,-2.27,-1.12,6.4,-0.14,6.45,7.56,0.06,-3.6,-3.84,Maize,Clay Loam,0.528,0.258,20.52,9,0.369,1996.7,24.161
12.443,108.193,5,505.097,3.64,36.28,28.744,5.779,32.746,30.975,28.899,22.566,4.825,86.099,16.67,12,-3.661,-4.992,-5.178,-4.953,2.155,2.587,9.649,2.023,7.603,0.867,-2.331,-3.741,Maize,Clay Loam,0.38,0.255,24.856,7,0.388,2.647.091,19.283
11.802,107.722,5,1051,3.64,32.182,39.679,5.1,36.351,31.467,53.796,24.09,6.14,82.81,17.7,12,-5.22,-5.74,-5.76,-5.53,1.01,4.33,14.19,3.44,7.41,0.73,-3.78,-5.08,Maize,Clay Loam,0.516,0.282,31.11,7,0.456,4.119.143,17.258
20.05,105.613,9,13.377,3.64,30.487,16.505,5.931,28.251,41.194,29.586,24.21,3.5,83.74,14.41,12,-3.17,-3.04,-3.17,-2.47,-1.36,1.99,1.29,2.72,8.21,4.04,-2.02,-3.04,Maize,Clay Loam,0.491,0.266,18.27,9,0.45,2317.56,24.123
13.094,107.871,5,231.994,3.64,32.726,20.199,5.825,35.844,31.43,21.645,24.723,5.01,84.565,17.67,12,-3.823,-5.18,-5.522,-5.098,2.781,2.204,8.852,1.415,8.912,2.258,-2.387,-4.385,Maize,Clay Loam,0.481,0.238,26.395,9,0.337,2.547.365,23.215
20.361,106.334,9,2,3.64,34.193,31.821,5.926,29.83,35.977,36.07,24.42,4.15,83.73,14.17,12,-3.54,-3.28,-3.86,-2.76,-1.25,4.9,0.24,4.95,8.6,3.24,-3.34,-3.95,Maize,Clay Loam,0.498,0.272,21.98,9,0.392,2328.4,24.407
21.08,105.771,9,8.034,3.64,27.643,22.556,6.003,30.36,41.897,19.774,23.88,3.84,82.73,14.01,12,-3.62,-2.57,-3.27,-2.24,-0.69,5.8,0.34,6.86,5.89,0.57,-3.41,-3.66,Maize,Clay Loam,0.512,0.248,19.46,8,0.353,2.161.466,23.828
13.499,107.79,5,235.86,3.64,30.142,23.156,5.743,37.692,32.166,24.69,25.432,6.065,83.536,17.67,12,-4.88,-6.016,-6.247,-5.342,2.943,4.356,11.697,2.846,8.937,1.489,-4.12,-5.67,Maize,Clay Loam,0.535,0.238,32.275,7,0.362,2.725.138,23.899
20.462,106.43,9,0.95,3.64,35.115,36.587,5.976,27.47,37.439,48.852,24.42,4.15,83.73,14.17,12,-3.54,-3.28,-3.86,-2.76,-1.25,4.9,0.24,4.95,8.6,3.24,-3.34,-3.95,Maize,Clay Loam,0.498,0.295,21.98,9,0.392,2.220.001,24.414
20.502,106.105,9,2.877,3.64,34.175,28.717,5.912,26.563,39.249,29.486,24.42,4.15,83.73,14.17,12,-3.54,-3.28,-3.86,-2.76,-1.25,4.9,0.24,4.95,8.6,3.24,-3.34,-3.95,Maize,Clay Loam,0.498,0.27,21.98,9,0.392,2.358.751,24.401
12.738,107.844,5,876.71,3.64,33.89,31.316,5.468,34.058,32.118,37.108,22.919,3.696,84.844,17.546,12,-2.848,-3.96,-4.31,-3.735,0.659,2.417,5.252,1.182,5.994,3.064,-1.172,-2.569,Maize,Clay Loam,0.424,0.264,18.594,9,0.323,3321.33,17.22
14.915,107.988,5,1335.57,3.64,32.914,49.263,5.3,35.539,31.629,53.542,21.92,6.65,88.47,16.396,12,-2.37,-4.83,-7.48,-6.64,-3.47,-2.32,-0.47,-2.52,7.66,16.85,5.94,-0.38,Maize,Clay Loam,0.303,0.283,30.48,10,0.553,3.685.549,13.239
14.298,107.729,5,346.106,3.64,30.843,38.317,5.7,37.077,32.08,39.202,23.591,4.084,85.573,17.198,12,-3.42,-4.376,-4.722,-3.372,1.505,2.618,6.832,1.864,6.732,2.872,-2.49,-3.992,Maize,Clay Loam,0.42,0.26,22.372,7,0.305,2.818.361,21.341
20.983,106.033,9,6.693,3.64,31.831,22.315,6.1,28.623,39.63,23.2,24.18,4.13,82.51,14.17,12,-3.45,-2.61,-3.49,-2.27,-1.12,6.4,-0.14,6.45,7.56,0.06,-3.6,-3.84,Maize,Clay Loam,0.528,0.257,20.52,9,0.369,1.951.173,24.136
21.189,105.735,9,10.873,3.64,28.102,22.398,6.162,31.364,40.534,22.229,23.88,3.84,82.73,14.01,12,-3.62,-2.57,-3.27,-2.24,-0.69,5.8,0.34,6.86,5.89,0.57,-3.41,-3.66,Maize,Clay Loam,0.512,0.249,19.46,8,0.353,1.816.759,23.809
13.078,107.763,5,814.397,3.64,31.016,23.372,5.519,35.518,33.405,36.681,23.617,6.747,85.345,17.006,12,-5.322,-6.31,-6.616,-6.089,1.577,4.015,14.442,3.485,8.728,1.602,-3.89,-5.649,Maize,Clay Loam,0.427,0.26,33.876,7,0.427,3.210.764,18.323
21.037,105.607,9,9.797,3.64,29.522,24.877,5.92,29.577,40.901,25.765,23.88,3.84,82.73,14.091,12,-3.62,-2.57,-3.27,-2.24,-0.69,5.8,0.34,6.86,5.89,0.57,-3.41,-3.66,Maize,Clay Loam,0.512,0.258,19.46,8,0.353,2.341.408,23.816
14.191,107.621,5,639.801,3.64,25.919,30.245,5.6,37.4,36.665,43.491,23.243,4.103,85.787,17.159,12,-3.419,-4.38,-4.677,-3.435,1.482,2.591,7.213,1.983,6.578,2.453,-2.472,-3.872,Maize,Loam,0.405,0.265,22.255,7,0.323,3.035.158,19.084
20.221,106.255,9,1.771,3.64,32.504,32.929,6.023,29.862,37.633,31.962,24.89,4.18,84.24,14.17,12,-3.87,-3.88,-4.3,-3.56,-1.35,2.53,2.04,3.07,7.68,7.12,-1.86,-3.62,Maize,Clay Loam,0.496,0.266,22.44,9,0.342,2.118.107,24.878
20.517,105.715,9,73.555,3.64,32.389,26.105,5.9,26.811,40.8,33.461,23.6,3.61,83.74,14.41,12,-3.31,-2.87,-3.1,-2.21,-1.23,4,0.43,4.46,7.45,2.88,-3.09,-3.44,Maize,Clay Loam,0.474,0.275,19.25,9,0.388,2.384.767,23.122
20.28,105.659,9,80.4,3.64,30.912,19.348,5.828,31.264,37.824,26.012,24.039,3.531,83.74,14.41,12,-3.209,-2.992,-3.15,-2.397,-1.324,2.553,1.049,3.207,7.997,3.715,-2.32,-3.152,Maize,Clay Loam,0.486,0.255,18.544,9,0.432,2.540.861,23.516
21.268,106.249,9,67.641,3.64,28.089,22.962,5.836,25.739,46.172,29.595,23.843,4.101,82.442,13.38,12,-3.486,-2.348,-3.415,-2.195,-1.037,6.619,0.158,6.859,6.785,-0.726,-3.492,-3.761,Maize,Clay Loam,0.519,0.272,20.46,8,0.336,2.523.517,23.403
20.568,105.745,9,18.224,3.64,31.939,24.645,5.761,25.484,42.578,29.084,23.6,3.61,83.74,14.41,12,-3.31,-2.87,-3.1,-2.21,-1.23,4,0.43,4.46,7.45,2.88,-3.09,-3.44,Maize,Clay Loam,0.474,0.272,19.25,9,0.388,2.686.115,23.482
20.344,106.477,9,1,3.64,34.743,37.126,6,28.852,36.406,37.36,24.42,4.15,83.73,14.17,12,-3.54,-3.28,-3.86,-2.76,-1.25,4.9,0.24,4.95,8.6,3.24,-3.34,-3.95,Maize,Clay Loam,0.498,0.276,21.98,9,0.392,2167.97,24.414
14.183,108.084,5,639.237,3.64,29.895,20.991,5.7,36.153,33.952,27.02,23.37,4.74,85.96,16.472,12,-3.49,-5.08,-5.82,-5.01,1.27,2.46,6.48,1.14,8.68,5.17,-1.63,-4.16,Maize,Clay Loam,0.403,0.245,25.19,9,0.344,2.818.361,19.215
20.308,106.438,9,1.654,3.64,33.657,37.312,6.2,28.839,37.538,36.427,24.42,4.15,83.73,14.17,12,-3.54,-3.28,-3.86,-2.76,-1.25,4.9,0.24,4.95,8.6,3.24,-3.34,-3.95,Maize,Clay Loam,0.498,0.275,21.98,9,0.392,1.734.376,24.409
11.966,108.107,5,763.09,3.64,31.726,32.484,5.454,34.909,33.346,41.48,23.481,4.066,84.531,18.441,12,-3.203,-4.388,-4.516,-4.353,1.511,3.297,7.279,1.806,6.594,1.143,-2.061,-3.122,Maize,Clay Loam,0.447,0.268,21.643,7,0.337,3.351.682,18.521
20.16,105.951,9,2,3.64,33.618,27.579,5.8,27.255,39.118,28.146,24.89,4.18,84.24,14.41,12,-3.87,-3.88,-4.3,-3.56,-1.35,2.53,2.04,3.07,7.68,7.12,-1.86,-3.62,Maize,Clay Loam,0.496,0.267,22.44,9,0.342,2.601.564,24.877
13.116,107.782,5,349,3.64,31.259,21.758,5.783,37.075,31.766,21.875,24.206,5.402,84.337,17.588,12,-4.262,-5.437,-5.587,-4.904,2.695,3.026,10.931,2.586,8.211,0.772,-3.291,-4.732,Maize,Clay Loam,0.473,0.235,28.213,7,0.387,2.638.419,21.938
20.449,106.062,9,5.198,3.64,33.4,29.639,6.04,27.821,38.84,25.083,24.42,4.15,83.73,14.17,12,-3.54,-3.28,-3.86,-2.76,-1.25,4.9,0.24,4.95,8.6,3.24,-3.34,-3.95,Maize,Clay Loam,0.498,0.261,21.98,9,0.392,2.081.251,24.386
12.641,108.219,5,454.614,3.64,34.317,29.641,5.739,36.408,29.329,29.018,23.41,5.24,85.72,16.64,12,-3.95,-5.3,-5.47,-5.3,2.67,1.83,10.91,2.04,8.44,0.71,-2.42,-4.14,Maize,Clay Loam,0.411,0.247,26.58,7,0.41,2733.81,20.455
20.722,105.952,9,3.053,3.64,32.884,25.168,5.816,28.047,39.069,26.242,24.42,4.15,83.73,14.397,12,-3.54,-3.28,-3.86,-2.76,-1.25,4.9,0.24,4.95,8.6,3.24,-3.34,-3.95,Maize,Clay Loam,0.498,0.262,21.98,9,0.392,2.566.876,24.4
21.41,105.875,9,13.307,3.64,31.438,21.893,5.946,27.361,41.116,19.708,23.596,4.092,82.261,13.913,12,-3.787,-2.075,-3.39,-2.306,-0.416,6.46,1.173,8.691,4.35,-1.834,-3.232,-3.679,Maize,Clay Loam,0.517,0.255,20.719,8,0.42,2285.04,23.51
20.432,106.398,9,2.586,3.64,33.341,35.555,6.041,26.441,40.276,30.317,24.42,4.15,83.73,14.17,12,-3.54,-3.28,-3.86,-2.76,-1.25,4.9,0.24,4.95,8.6,3.24,-3.34,-3.95,Maize,Clay Loam,0.498,0.272,21.98,9,0.392,2.079.083,24.403
21.312,106.413,9,14.012,3.64,32.598,21.408,6.2,27.738,39.665,24.341,23.24,4.05,82.32,13.38,12,-3.55,-1.88,-3.28,-2.06,-0.89,7.01,0.69,7.59,5.4,-2.13,-3.3,-3.62,Maize,Clay Loam,0.504,0.26,20.71,8,0.367,1.734.376,23.149
21.338,106.128,9,8.223,3.64,31.633,22.373,6.222,30.372,37.995,20.75,23.24,4.05,82.32,13.38,12,-3.55,-1.88,-3.28,-2.06,-0.89,7.01,0.69,7.59,5.4,-2.13,-3.3,-3.62,Maize,Clay Loam,0.504,0.249,20.71,8,0.367,1.686.681,23.187
20.944,105.565,9,30.054,3.64,32.867,21.286,6.004,25.634,41.4,22.371,23.868,3.844,82.723,14.391,12,-3.619,-2.558,-3.27,-2.237,-0.694,5.822,0.346,6.873,5.881,0.521,-3.408,-3.659,Maize,Clay Loam,0.511,0.262,19.445,8,0.353,2.159.298,23.673
21.087,105.796,9,10.872,3.64,30.928,20.028,5.987,28.623,40.449,22.121,23.918,3.877,82.702,14.061,12,-3.598,-2.575,-3.298,-2.244,-0.745,5.877,0.279,6.808,6.104,0.505,-3.434,-3.683,Maize,Clay Loam,0.514,0.255,19.577,8,0.348,2.196.154,23.847
20.67,105.534,9,73.068,3.64,30.761,22.288,5.893,27.663,41.669,31.686,23.641,3.603,83.74,14.41,12,-3.3,-2.882,-3.105,-2.228,-1.239,3.864,0.488,4.342,7.502,2.959,-3.017,-3.413,Maize,Clay Loam,0.475,0.271,19.184,9,0.392,2.399.943,23.166
12.836,108.416,5,1065,3.64,34.839,36.708,5.3,32.144,32.961,49.181,23.902,4.545,86.387,16.719,12,-3.006,-4.735,-5.329,-5.108,1.969,0.604,6.818,0.232,7.739,3.773,0.202,-3.151,Maize,Clay Loam,0.404,0.285,21.329,9,0.363,3.685.549,16.98
21.183,106.021,9,6.303,3.64,30.379,21.706,5.961,30.852,38.77,22.125,24.18,4.13,82.51,13.38,12,-3.45,-2.61,-3.49,-2.27,-1.12,6.4,-0.14,6.45,7.56,0.06,-3.6,-3.84,Maize,Clay Loam,0.528,0.25,20.52,9,0.369,2.252.521,24.139
13.879,107.526,5,297.775,3.64,32.221,29.692,5.8,36.253,31.526,36.991,25.176,5.502,82.653,17.637,12,-4.598,-5.525,-5.662,-4.259,2.625,4.537,10.63,3.241,7.779,1.013,-4.354,-5.434,Maize,Clay Loam,0.555,0.258,29.832,7,0.356,2.601.564,23.24
20.918,106.244,9,2.707,3.64,33.529,28.459,6.029,27.634,38.807,27.673,24.18,4.13,82.51,14.17,12,-3.45,-2.61,-3.49,-2.27,-1.12,6.4,-0.14,6.45,7.56,0.06,-3.6,-3.84,Maize,Clay Loam,0.528,0.265,20.52,9,0.369,2.105.099,24.162
20.123,105.736,9,29.153,3.64,34.632,21.129,5.815,31.246,34.122,24.859,24.21,3.5,83.74,14.41,12,-3.17,-3.04,-3.17,-2.47,-1.36,1.99,1.29,2.72,8.21,4.04,-2.02,-3.04,Maize,Clay Loam,0.491,0.253,18.27,9,0.45,2.569.044,24.021
13.172,107.977,5,655.542,3.64,32.99,25.156,5.588,33.246,33.78,36.159,23.544,6.151,85.528,17.098,12,-4.778,-5.944,-6.379,-5.768,1.486,3.553,12.077,2.788,8.714,2.662,-3.219,-5.207,Maize,Clay Loam,0.42,0.264,31.295,7,0.386,3.061.174,19.283
21.27,105.717,9,11.213,3.64,31.3,19.467,6.139,31.715,37.025,23.121,23.66,4.1,82.25,14.01,12,-3.83,-2.11,-3.41,-2.35,-0.33,6.36,1.26,8.89,4.16,-1.78,-3.22,-3.69,Maize,Clay Loam,0.519,0.249,20.72,8,0.43,1.866.622,23.587
20.948,106.328,9,5.152,3.64,36.885,25.049,6.042,29.333,33.797,29.209,24.18,4.13,82.51,14.17,12,-3.45,-2.61,-3.49,-2.27,-1.12,6.4,-0.14,6.45,7.56,0.06,-3.6,-3.84,Maize,Clay Loam,0.528,0.263,20.52,9,0.369,2.076.915,24.147
20.255,105.699,9,141.264,3.64,33.069,24.606,5.574,28.358,38.573,39.676,23.6,3.61,83.74,14.41,12,-3.31,-2.87,-3.1,-2.21,-1.23,4,0.43,4.46,7.45,2.88,-3.09,-3.44,Maize,Clay Loam,0.474,0.28,19.25,9,0.388,3.091.525,22.682
20.732,105.954,9,3.066,3.64,32.88,25.226,5.82,28.166,38.954,26.128,24.42,4.15,83.73,14.394,12,-3.54,-3.28,-3.86,-2.76,-1.25,4.9,0.24,4.95,8.6,3.24,-3.34,-3.95,Maize,Clay Loam,0.498,0.262,21.98,9,0.392,2.558.205,24.4
20.702,106.307,9,2,3.64,34.548,27.57,6.185,28.385,37.067,25.874,24.42,4.15,83.73,14.17,12,-3.54,-3.28,-3.86,-2.76,-1.25,4.9,0.24,4.95,8.6,3.24,-3.34,-3.95,Maize,Clay Loam,0.498,0.261,21.98,9,0.392,1.766.896,24.407
20.509,105.883,9,4,3.64,30.962,24.566,6.01,26.093,42.89,32.175,23.6,3.61,83.74,14.41,12,-3.31,-2.87,-3.1,-2.21,-1.23,4,0.43,4.46,7.45,2.88,-3.09,-3.44,Maize,Clay Loam,0.474,0.275,19.25,9,0.388,2146.29,23.574
20.086,106.163,9,1,3.64,33.077,28.323,5.823,31.149,35.774,23.13,24.89,4.18,84.24,14.17,12,-3.87,-3.88,-4.3,-3.56,-1.35,2.53,2.04,3.07,7.68,7.12,-1.86,-3.62,Maize,Clay Loam,0.496,0.251,22.44,9,0.342,2.551.701,24.884
20.491,106.476,9,0.03,3.64,35.379,37.297,5.998,26.915,37.708,48.848,24.42,4.15,83.73,14.17,12,-3.54,-3.28,-3.86,-2.76,-1.25,4.9,0.24,4.95,8.6,3.24,-3.34,-3.95,Maize,Clay Loam,0.498,0.296,21.98,9,0.392,2.172.306,24.42
21.175,106.213,9,3.839,3.64,31.636,24.591,6.032,29.342,39.023,29.235,24.18,4.13,82.51,13.38,12,-3.45,-2.61,-3.49,-2.27,-1.12,6.4,-0.14,6.45,7.56,0.06,-3.6,-3.84,Maize,Clay Loam,0.528,0.263,20.52,9,0.369,2.098.595,24.155
20.64,106.405,9,2.875,3.64,35.75,33.375,5.988,27.925,36.337,29.838,24.42,4.15,83.73,14.17,12,-3.54,-3.28,-3.86,-2.76,-1.25,4.9,0.24,4.95,8.6,3.24,-3.34,-3.95,Maize,Clay Loam,0.498,0.268,21.98,9,0.392,2.193.986,24.401
20.114,106.101,9,2.921,3.64,34.76,34.721,5.816,31.279,33.96,27.098,24.89,4.18,84.24,14.17,12,-3.87,-3.88,-4.3,-3.56,-1.35,2.53,2.04,3.07,7.68,7.12,-1.86,-3.62,Maize,Clay Loam,0.496,0.256,22.44,9,0.342,2.566.876,24.871
13.26,107.701,5,178.52,3.64,37.474,19.862,5.813,32.491,30.048,25.499,26.008,7.081,82.637,17.652,12,-5.848,-6.756,-6.803,-5.743,3.196,5.567,15.141,4.17,8.972,0.151,-5.461,-6.622,Maize,Clay Loam,0.584,0.251,37.233,7,0.407,2573.38,24.848
21.229,106.35,9,11,3.64,31.629,24.956,6.148,30.186,38.185,25.556,23.49,4.536,82.888,13.38,12,-3.579,-2.506,-3.612,-2.517,-1.198,8.742,0.493,6.969,6.747,-1.995,-3.512,-4.053,Maize,Clay Loam,0.495,0.256,22.972,6,0.381,1847.11,23.418
20.771,105.857,9,69.183,3.64,30.256,22.771,5.741,25.831,43.912,28.176,23.837,3.823,83.237,13.989,12,-3.367,-2.764,-3.259,-2.235,-1.185,4.981,0.197,5.273,7.495,1.727,-3.298,-3.603,Maize,Clay Loam,0.495,0.27,19.711,9,0.381,2.729.474,23.387
13.24,108.273,5,355,3.64,34.438,25.766,5.66,36.585,28.977,32.567,24.684,4.968,84.67,16.78,12,-3.784,-5.166,-5.568,-5.052,2.654,2.465,8.401,1.338,8.916,2.667,-2.398,-4.434,Maize,Clay Loam,0.477,0.251,26.402,9,0.337,2905.08,22.376
20.827,105.854,9,5,3.64,27.833,27.756,5.995,26.982,45.185,27.31,23.88,3.84,82.73,14.41,12,-3.62,-2.57,-3.27,-2.24,-0.69,5.8,0.34,6.86,5.89,0.57,-3.41,-3.66,Maize,Clay Loam,0.512,0.266,19.46,8,0.353,2178.81,23.848
21.372,106.259,9,17.335,3.64,27.998,20.768,6.2,26.696,45.34,18.399,23.24,4.05,82.32,13.38,12,-3.55,-1.88,-3.28,-2.06,-0.89,7.01,0.69,7.59,5.4,-2.13,-3.3,-3.62,Maize,Clay Loam,0.504,0.254,20.71,8,0.367,1.734.376,23.127
20.971,106.411,9,2.197,3.64,35.42,25.751,6,28.32,36.261,31.215,24.18,4.13,82.51,13.536,12,-3.45,-2.61,-3.49,-2.27,-1.12,6.4,-0.14,6.45,7.56,0.06,-3.6,-3.84,Maize,Clay Loam,0.528,0.269,20.52,9,0.369,2167.97,24.166
21.024,106.389,9,2,3.64,35.402,25.105,6,28.297,36.301,30.886,24.18,4.13,82.51,13.38,12,-3.45,-2.61,-3.49,-2.27,-1.12,6.4,-0.14,6.45,7.56,0.06,-3.6,-3.84,Maize,Clay Loam,0.528,0.268,20.52,9,0.369,2167.97,24.167
20.182,105.843,9,3.334,3.64,32.033,20.667,5.933,29.433,38.534,27.034,24.663,3.953,84.073,14.41,12,-3.637,-3.6,-3.923,-3.196,-1.353,2.35,1.79,2.953,7.857,6.093,-1.913,-3.427,Maize,Clay Loam,0.494,0.26,21.049,9,0.373,2.313.224,24.641
14.643,108.437,5,1.220.213,3.64,37.902,47.864,5.36,34.645,27.453,61.994,22.774,5.111,87.816,16.21,12,-2.687,-4.772,-6.615,-5.842,-1.535,-0.058,3.231,-0.922,8.33,10.141,2.875,-2.145,Maize,Clay Loam,0.338,0.297,24.576,10,0.413,3.555.471,14.843
12.831,108.108,5,533.238,3.64,31.798,21.705,5.554,36.112,32.19,30.336,24.75,5.04,84.49,16.64,12,-3.85,-5.19,-5.49,-5.13,2.87,2.02,9.17,1.47,8.91,1.97,-2.38,-4.35,Maize,Clay Loam,0.484,0.249,26.39,7,0.347,3.134.885,21.284
20.69,106.548,9,3.84,3.64,36.66,36.724,6.1,28.912,34.528,32.628,24.42,4.15,83.73,14.17,12,-3.54,-3.28,-3.86,-2.76,-1.25,4.9,0.24,4.95,8.6,3.24,-3.34,-3.95,Maize,Clay Loam,0.498,0.269,21.98,9,0.392,1.951.173,24.395
20.494,106.386,9,2,3.64,31.954,34.185,6.065,25.389,42.658,31.542,24.42,4.15,83.73,14.17,12,-3.54,-3.28,-3.86,-2.76,-1.25,4.9,0.24,4.95,8.6,3.24,-3.34,-3.95,Maize,Clay Loam,0.498,0.276,21.98,9,0.392,2.027.052,24.407
20.54,106.085,9,2.694,3.64,33.075,28.882,5.965,26.92,40.069,35.835,24.42,4.15,83.73,14.17,12,-3.54,-3.28,-3.86,-2.76,-1.25,4.9,0.24,4.95,8.6,3.24,-3.34,-3.95,Maize,Clay Loam,0.498,0.278,21.98,9,0.392,2.243.849,24.402
12.277,108.071,5,524.375,3.64,37.086,26.12,5.774,31.365,31.549,32.827,22.377,4.915,86.258,16.874,12,-3.721,-5.042,-5.168,-5.034,2.22,2.354,10.327,2.18,7.562,0.378,-2.339,-3.697,Maize,Clay Loam,0.372,0.264,25.001,7,0.413,2.657.931,18.969
20.4,106.339,9,3,3.64,34.252,30.359,6.1,29.674,35.974,29.681,24.42,4.15,83.73,14.17,12,-3.54,-3.28,-3.86,-2.76,-1.25,4.9,0.24,4.95,8.6,3.24,-3.34,-3.95,Maize,Clay Loam,0.498,0.263,21.98,9,0.392,1.951.173,24.4
10.451,105.431,6,3,3.64,39.355,27.121,5.628,18.824,41.834,31.69,27.74,4.64,80.6,17.9,12,-4.02,-5.17,-5.35,-3.98,0.31,1.52,7.43,-0.41,8.29,5.16,0.33,-4.15,Mango,Clay Loam,0.722,0.291,23.08,9,0.36,2.974.455,27.72
10.358,105.674,6.845,2,3.64,40.249,30.489,5.662,17.518,42.233,32.478,27.766,4.592,80.463,17.9,12,-4.022,-5.109,-5.277,-3.983,0.316,1.689,7.503,-0.391,8.018,5.036,0.28,-4.1,Mango,Clay,0.728,0.295,22.882,9,0.351,2.900.744,27.753
10.373,105.764,6,2,3.64,37.115,32.855,5.804,17.868,45.053,34.532,27.794,4.541,80.319,17.9,12,-4.023,-5.046,-5.2,-3.986,0.323,1.868,7.58,-0.372,7.732,4.905,0.228,-4.048,Mango,Clay Loam,0.735,0.297,22.675,9,0.342,2.592.892,27.781
10.345,105.528,6,3.171,3.64,38.613,27.571,5.749,20.597,40.707,28.747,27.74,4.64,80.6,17.9,12,-4.02,-5.17,-5.35,-3.98,0.31,1.52,7.43,-0.41,8.29,5.16,0.33,-4.15,Mango,Clay Loam,0.722,0.283,23.08,9,0.36,2712.13,27.719
10.419,106.052,6.037,4,3.64,39.337,26.811,6.3,18.567,42.096,36.637,27.91,4.33,79.72,18.06,12,-4.03,-4.78,-4.88,-4,0.35,2.61,7.9,-0.29,6.54,4.36,0.01,-3.83,Mango,Clay Loam,0.763,0.299,21.81,7,0.363,1.517.579,27.884
10.41,106.042,6.404,4,3.64,39.704,26.921,6.3,18.237,42.06,36.014,27.91,4.33,79.72,18.06,12,-4.03,-4.78,-4.88,-4,0.35,2.61,7.9,-0.29,6.54,4.36,0.01,-3.83,Mango,Clay Loam,0.763,0.298,21.81,7,0.363,1.517.579,27.884
10.792,105.683,6.23,3.54,3.64,37.437,24.599,5.761,23.018,39.568,39.125,28.056,3.876,78.057,17.937,12,-3.522,-4.333,-4.449,-3.607,0.127,1.855,5.344,-0.159,6.517,5.299,0.31,-3.43,Mango,Clay Loam,0.832,0.292,19.5,9,0.335,2.686.115,28.033
10.378,106.223,6.121,4.362,3.64,37.709,35.483,6.104,19.552,42.74,40.528,27.89,4.367,79.826,18.041,12,-4.029,-4.827,-4.937,-3.998,0.345,2.479,7.843,-0.304,6.751,4.456,0.049,-3.869,Mango,Clay Loam,0.758,0.302,21.964,7,0.358,1.942.501,27.862
10.808,105.263,7,2.923,3.64,33.854,23.923,5.623,24.123,41.931,33.054,28.128,3.957,77.157,17.9,12,-3.272,-4.321,-4.538,-3.417,-0.216,0.745,3.59,0.273,8.668,4.957,0.81,-3.282,Mango,Clay Loam,0.87,0.281,19.046,9,0.455,2.985.295,28.109
8.949,104.988,6,2.696,3.64,39.923,49.072,5.461,29.696,30.35,47.77,28.04,4.45,80.82,17.524,12,-4.45,-5.29,-5.62,-3.24,-0.63,1.27,6.71,0.39,7.95,3.73,3.01,-3.78,Mango,Clay Loam,0.727,0.289,23.01,9,0.345,3.336.506,28.022
9.699,106.212,6.66,1.66,3.64,42.586,30.04,6.166,26.748,30.665,30.818,27.705,5.416,82.757,18.179,12,-4.978,-5.989,-6.254,-3.771,0.147,0.694,10.14,0.66,8.495,5.783,0.425,-5.355,Mango,Clay,0.641,0.272,26.347,7,0.385,1.808.087,27.694
10.497,104.991,6.275,46.789,3.64,27.384,31.622,5.8,44.043,28.572,44.324,27.91,4.77,79.76,17.994,12,-3.85,-5.17,-5.46,-3.66,-0.22,0.5,5.61,-0.26,10.88,4.65,0.87,-3.94,Mango,Clay Loam,0.761,0.251,22.56,9,0.483,2.601.564,27.606
9.55,105.372,6,2,3.64,35.624,48.729,5.626,26.28,38.089,60.645,27.592,5.654,82.823,17.144,12,-5.133,-6.197,-6.575,-3.842,-0.139,0.753,10.401,0.381,9.256,6.033,0.574,-5.468,Mango,Clay Loam,0.634,0.314,27.354,7,0.38,2.978.791,27.579
10.683,106.495,6.685,3,3.64,39.378,30.838,5.9,23.616,36.937,25.975,27.91,4.33,79.72,18.06,12,-4.03,-4.78,-4.88,-4,0.35,2.61,7.9,-0.29,6.54,4.36,0.01,-3.83,Mango,Clay Loam,0.763,0.272,21.81,7,0.363,2.384.767,27.89
9.028,104.931,6.461,2,3.64,37.091,46.725,5.608,32.753,30.149,49.113,28.04,4.45,80.82,17.913,12,-4.45,-5.29,-5.62,-3.24,-0.63,1.27,6.71,0.39,7.95,3.73,3.01,-3.78,Mango,Clay Loam,0.727,0.283,23.01,9,0.345,3.017.814,28.027
10.623,105.263,6.791,2,3.64,38.272,29.216,5.758,20.912,40.816,34.067,27.91,4.77,79.76,17.9,12,-3.85,-5.17,-5.46,-3.66,-0.22,0.5,5.61,-0.26,10.88,4.65,0.87,-3.94,Mango,Clay Loam,0.761,0.29,22.56,9,0.483,2.692.619,27.897
10.488,105.486,6.319,2.681,3.64,38.265,32.601,5.464,19.494,42.272,40.609,27.74,4.64,80.6,17.9,12,-4.02,-5.17,-5.35,-3.98,0.31,1.52,7.43,-0.41,8.29,5.16,0.33,-4.15,Mango,Clay Loam,0.722,0.302,23.08,9,0.36,3.330.002,27.723
10.544,105.581,6.374,3.748,3.64,35.124,25.638,5.575,21.961,42.915,37.789,27.74,4.64,80.6,17.9,12,-4.02,-5.17,-5.35,-3.98,0.31,1.52,7.43,-0.41,8.29,5.16,0.33,-4.15,Mango,Clay Loam,0.722,0.292,23.08,9,0.36,3.089.357,27.716
10.765,104.791,7,5,3.64,30.053,33.918,5.454,33.638,36.309,30.354,28.16,3.9,76.87,18.24,12,-3.21,-4.25,-4.47,-3.37,-0.26,0.68,3.27,0.33,8.7,4.94,0.85,-3.21,Mango,Clay Loam,0.882,0.255,18.77,9,0.464,3.351.682,28.128
9.125,104.935,6.616,1.384,3.64,36.708,47.477,5.762,32.877,30.376,53.817,28.04,4.45,80.82,18.06,12,-4.45,-5.29,-5.62,-3.24,-0.63,1.27,6.71,0.39,7.95,3.73,3.01,-3.78,Mango,Clay Loam,0.727,0.29,23.01,9,0.345,2.683.947,28.031
10.846,104.853,7,5.466,3.64,31.891,32.593,5.193,31.553,36.555,23.978,28.16,3.9,76.87,18.24,12,-3.21,-4.25,-4.47,-3.37,-0.26,0.68,3.27,0.33,8.7,4.94,0.85,-3.21,Mango,Clay Loam,0.882,0.251,18.77,9,0.464,3.917.522,28.124
10.562,106.045,6,2.049,3.64,36.476,36.154,6.202,19.234,44.388,40.927,27.91,4.33,79.72,18.06,12,-4.03,-4.78,-4.88,-4,0.35,2.61,7.9,-0.29,6.54,4.36,0.01,-3.83,Mango,Clay Loam,0.763,0.303,21.81,7,0.363,1730.04,27.897
10.244,105.109,6,2,3.64,38.635,34.558,5.687,23.943,37.335,39.992,27.916,4.786,79.898,17.9,12,-3.903,-5.214,-5.503,-3.637,-0.236,0.564,5.83,-0.238,10.784,4.575,0.913,-3.98,Mango,Clay Loam,0.756,0.291,22.711,9,0.476,2.846.545,27.903
9.561,106.413,7,3.957,3.64,38.564,36.315,6.098,25.719,35.715,35.768,27.767,5.275,82.712,18.77,12,-4.883,-5.863,-6.062,-3.739,0.313,0.681,9.992,0.8,8.05,5.617,0.34,-5.276,Mango,Clay Loam,0.645,0.281,25.823,7,0.387,1.955.509,27.741
10.613,106.454,7,2.125,3.64,40.375,30.375,5.9,22.825,36.8,26.901,27.91,4.33,79.72,18.06,12,-4.03,-4.78,-4.88,-4,0.35,2.61,7.9,-0.29,6.54,4.36,0.01,-3.83,Mango,Clay,0.763,0.275,21.81,7,0.363,2.384.767,27.896
10.49,106.257,6,3.529,3.64,37.93,34.617,6.2,18.941,43.177,42.39,27.91,4.33,79.72,18.06,12,-4.03,-4.78,-4.88,-4,0.35,2.61,7.9,-0.29,6.54,4.36,0.01,-3.83,Mango,Clay Loam,0.763,0.306,21.81,7,0.363,1.734.376,27.887
10.356,104.697,7,2.878,3.64,29.822,45.249,5.8,27.273,42.999,56.554,27.947,4.754,79.751,18.24,12,-3.853,-5.172,-5.456,-3.651,-0.219,0.55,5.67,-0.257,10.781,4.571,0.916,-3.928,Mango,Clay Loam,0.763,0.306,22.536,9,0.479,2.601.564,27.928
9.728,105.249,7,1,3.64,36.302,34.203,5.86,27.078,36.62,46.239,27.962,4.856,80.913,17.03,12,-4.326,-5.512,-5.788,-3.434,-0.38,1.113,7.405,-0.024,9.772,4.068,1.349,-4.248,Mango,Clay Loam,0.72,0.292,23.712,9,0.412,2.471.486,27.956
10.715,105.797,6.002,2,3.64,41.699,31.504,5.401,19.8,38.601,35.904,27.74,4.64,80.6,17.9,12,-4.02,-5.17,-5.35,-3.98,0.31,1.52,7.43,-0.41,8.29,5.16,0.33,-4.15,Mango,Clay,0.722,0.295,23.08,9,0.36,3.466.584,27.727
10.351,106.204,6.649,5.299,3.64,38.651,26.345,6.365,19.769,41.581,35.531,27.91,4.33,79.72,18.06,12,-4.03,-4.78,-4.88,-4,0.35,2.61,7.9,-0.29,6.54,4.36,0.01,-3.83,Mango,Clay Loam,0.763,0.294,21.81,7,0.363,1.376.661,27.876
9.596,106.241,7,3.63,3.64,40.828,27.256,6.13,24.635,34.537,34.988,27.77,5.28,82.72,18.77,12,-4.89,-5.87,-6.07,-3.73,0.31,0.66,9.99,0.82,8.06,5.64,0.34,-5.29,Mango,Clay,0.644,0.282,25.85,7,0.387,1.886.134,27.746
10.511,105.572,7,4.99,3.64,33.423,26.54,5.661,24.041,42.535,34.477,27.74,4.64,80.6,17.9,12,-4.02,-5.17,-5.35,-3.98,0.31,1.52,7.43,-0.41,8.29,5.16,0.33,-4.15,Mango,Clay Loam,0.722,0.283,23.08,9,0.36,2.902.912,27.708
9.753,105.069,7,1,3.64,35.836,41.692,5.404,26.44,37.724,45.687,27.965,4.802,81.059,17.03,12,-4.432,-5.515,-5.785,-3.36,-0.444,1.307,7.57,0.082,9.188,4.065,1.585,-4.245,Mango,Clay Loam,0.714,0.293,23.781,9,0.386,3460.08,27.958
10.599,105.477,6.372,2,3.64,35.379,25.91,5.712,23.082,41.539,35.332,27.74,4.64,80.6,17.9,12,-4.02,-5.17,-5.35,-3.98,0.31,1.52,7.43,-0.41,8.29,5.16,0.33,-4.15,Mango,Clay Loam,0.722,0.286,23.08,9,0.36,2.792.345,27.727
9.618,105.909,7,5.884,3.64,36.566,40.501,6.037,29.784,33.649,65.119,27.677,4.914,82.21,18.671,12,-4.497,-5.462,-5.649,-4.032,0.327,1.5,9.479,0.017,7.506,4.316,0.853,-4.406,Mango,Clay Loam,0.66,0.313,24.046,7,0.395,2.087.755,27.639
9.386,105.087,6.016,1.016,3.64,39.921,29.351,5.702,28.813,31.268,48.911,27.97,4.72,81.28,17.03,12,-4.59,-5.52,-5.78,-3.25,-0.54,1.6,7.82,0.24,8.31,4.06,1.94,-4.24,Mango,Clay Loam,0.706,0.292,23.92,9,0.347,2.814.025,27.963
10.131,105.022,6,2,3.64,37.354,31.49,5.6,24.516,38.03,42.612,27.96,4.89,80.82,17.979,12,-4.26,-5.51,-5.79,-3.48,-0.34,0.99,7.3,-0.09,10.14,4.07,1.2,-4.25,Mango,Clay Loam,0.723,0.293,23.72,9,0.428,3.035.158,27.947
10.296,105.451,6.418,2,3.64,35.576,31.484,5.833,22.118,42.306,37.218,27.74,4.64,80.6,17.9,12,-4.02,-5.17,-5.35,-3.98,0.31,1.52,7.43,-0.41,8.29,5.16,0.33,-4.15,Mango,Clay Loam,0.722,0.291,23.08,9,0.36,2.530.021,27.727
10.808,104.961,6,3.421,3.64,32.759,34.853,5.426,28.009,39.232,38.752,28.16,3.9,76.87,18.24,12,-3.21,-4.25,-4.47,-3.37,-0.26,0.68,3.27,0.33,8.7,4.94,0.85,-3.21,Mango,Clay Loam,0.882,0.28,18.77,9,0.464,3.412.385,28.138
10.007,106.019,7,1.262,3.64,35.956,33.99,6.126,27.262,36.782,43.979,27.652,5.11,82.44,18.128,12,-4.661,-5.627,-5.804,-4.047,0.421,1.383,10.049,0.141,7.728,4.851,0.325,-4.803,Mango,Clay Loam,0.65,0.289,24.942,7,0.404,1.894.806,27.644
10.352,106.117,6,3.522,3.64,35.428,33.608,6.228,20.863,43.709,37.713,27.869,4.404,79.93,18.022,12,-4.028,-4.873,-4.992,-3.995,0.34,2.35,7.788,-0.319,6.958,4.551,0.086,-3.906,Mango,Clay Loam,0.753,0.295,22.113,7,0.353,1.673.673,27.846
9.746,105.394,7,2.89,3.64,38.122,36.255,5.811,24.777,37.101,45.522,27.527,5.467,82.465,17.03,12,-4.732,-6.033,-6.299,-4.152,0.159,1.178,10.074,-0.139,9.384,5.179,0.43,-5.026,Mango,Clay Loam,0.645,0.297,26.381,7,0.382,2.577.716,27.508
10.856,105.173,7,3,3.64,33.735,24.733,5.535,22.874,43.42,34.484,28.16,3.9,76.87,17.9,12,-3.21,-4.25,-4.47,-3.37,-0.26,0.68,3.27,0.33,8.7,4.94,0.85,-3.21,Mango,Clay Loam,0.882,0.286,18.77,9,0.464,3.176.076,28.14
10.593,105.971,6.287,2,3.64,41.515,33.544,5.871,16.114,42.371,35.237,27.861,4.419,79.973,18.014,12,-4.027,-4.892,-5.015,-3.994,0.339,2.297,7.765,-0.324,7.043,4.59,0.102,-3.922,Mango,Clay,0.751,0.302,22.174,7,0.351,2.447.638,27.848
10.056,106.302,6,5.407,3.64,34.874,29.404,6.2,18.885,46.311,41.426,27.61,5.05,82.34,18.06,12,-4.58,-5.54,-5.71,-4.16,0.46,1.64,10.07,-0.1,7.61,4.57,0.32,-4.63,Mango,Clay Loam,0.653,0.305,24.72,7,0.408,1.734.376,27.575
10.301,105.301,6,2,3.64,40.443,27.9,5.6,22.804,36.753,36.18,27.791,4.698,80.651,17.9,12,-4.076,-5.249,-5.453,-3.863,0.158,1.396,7.4,-0.335,8.722,4.905,0.533,-4.173,Mango,Clay,0.723,0.288,23.149,9,0.377,3.035.158,27.778
9.341,105.669,6.958,2,3.64,41.216,42.006,5.792,31.7,26.984,41.458,27.588,5.663,82.825,17.103,12,-5.139,-6.205,-6.587,-3.845,-0.15,0.756,10.411,0.37,9.286,6.042,0.579,-5.472,Mango,Clay,0.634,0.275,27.398,7,0.379,2.618.908,27.575
10.314,106.28,7,5.964,3.64,38.336,26.118,6.398,20.352,41.313,34.902,27.91,4.33,79.72,18.06,12,-4.03,-4.78,-4.88,-4,0.35,2.61,7.9,-0.29,6.54,4.36,0.01,-3.83,Mango,Clay Loam,0.763,0.292,21.81,7,0.363,1.305.118,27.871
9.95,105.565,6,2.988,3.64,33.316,33.602,5.905,26.662,40.12,37.073,27.521,5.435,82.419,17.043,12,-4.679,-6.004,-6.253,-4.19,0.203,1.235,10.03,-0.199,9.368,5.064,0.409,-4.966,Mango,Clay Loam,0.646,0.281,26.291,7,0.381,2.373.927,27.502
10.348,106.174,7,5.144,3.64,39.156,26.528,6.357,19.245,41.599,34.943,27.91,4.33,79.72,18.06,12,-4.03,-4.78,-4.88,-4,0.35,2.61,7.9,-0.29,6.54,4.36,0.01,-3.83,Mango,Clay Loam,0.763,0.295,21.81,7,0.363,1.394.005,27.877
9.791,105.693,6.616,3,3.64,39.107,30.853,5.9,25.692,35.201,45.946,27.543,5.532,82.578,17.03,12,-4.861,-6.091,-6.395,-4.059,0.058,1.049,10.184,0.011,9.371,5.45,0.479,-5.166,Mango,Clay Loam,0.641,0.295,26.572,7,0.383,2.384.767,27.524
10.763,104.77,7,5.641,3.64,29.444,33.716,5.5,33.099,37.457,29.987,28.16,3.9,76.87,18.24,12,-3.21,-4.25,-4.47,-3.37,-0.26,0.68,3.27,0.33,8.7,4.94,0.85,-3.21,Mango,Clay Loam,0.882,0.256,18.77,9,0.464,3.251.955,28.123
10.522,104.941,7,3,3.64,34.26,36.474,5.578,35.102,30.638,43.889,27.91,4.77,79.76,18.24,12,-3.85,-5.17,-5.46,-3.66,-0.22,0.5,5.61,-0.26,10.88,4.65,0.87,-3.94,Mango,Clay Loam,0.761,0.271,22.56,9,0.483,3.082.853,27.89
10.223,105.246,6,2,3.64,41.995,30.375,5.595,21.935,35.975,38.295,27.96,4.89,80.82,17.9,12,-4.26,-5.51,-5.79,-3.48,-0.34,0.99,7.3,-0.09,10.14,4.07,1.2,-4.25,Mango,Clay,0.723,0.293,23.72,9,0.428,3.045.998,27.947
10.356,105.549,6.786,4.573,3.64,35.701,25.35,5.657,22.58,41.72,37.006,27.74,4.64,80.6,17.9,12,-4.02,-5.17,-5.35,-3.98,0.31,1.52,7.43,-0.41,8.29,5.16,0.33,-4.15,Mango,Clay Loam,0.722,0.29,23.08,9,0.36,2.911.584,27.71
10.432,106.58,6.089,2.911,3.64,38.741,30.963,6.237,22.7,38.559,36.161,27.758,4.121,80.819,18.046,12,-3.82,-4.578,-4.667,-4.035,0.255,3.35,7.466,0.373,6.287,3.111,-0.153,-3.613,Mango,Clay Loam,0.715,0.288,20.866,7,0.358,1.654.161,27.739
10.71,106.449,6,2.582,3.64,41.035,29.191,5.858,21.831,37.134,24.859,27.91,4.33,79.72,18.06,12,-4.03,-4.78,-4.88,-4,0.35,2.61,7.9,-0.29,6.54,4.36,0.01,-3.83,Mango,Clay,0.763,0.275,21.81,7,0.363,2.475.822,27.893
9.927,106.245,7,3.758,3.64,36.081,27.673,6.052,24.042,39.877,30.36,27.599,5.097,82.35,18.56,12,-4.592,-5.597,-5.776,-4.164,0.429,1.59,10.065,-0.112,7.825,4.63,0.331,-4.671,Mango,Clay Loam,0.652,0.277,24.912,7,0.405,2.055.236,27.575
9.693,105.969,6.055,5.387,3.64,32.312,37.799,5.978,30.893,36.796,64.865,27.639,4.99,82.283,18.727,12,-4.544,-5.506,-5.683,-4.104,0.402,1.579,9.811,-0.049,7.565,4.459,0.553,-4.532,Mango,Clay Loam,0.656,0.31,24.418,7,0.403,2.215.665,27.604
10.221,105.167,6,2,3.64,41.118,29.331,5.553,22.227,36.601,39.088,27.96,4.89,80.82,17.9,12,-4.26,-5.51,-5.79,-3.48,-0.34,0.99,7.3,-0.09,10.14,4.07,1.2,-4.25,Mango,Clay,0.723,0.294,23.72,9,0.428,3.137.053,27.947
9.267,105.435,7,1.387,3.64,41.532,30.353,5.361,32.157,26.311,33.434,27.681,5.549,82.853,17.03,12,-5.173,-6.119,-6.544,-3.599,-0.22,0.659,9.916,0.582,8.98,6.234,0.776,-5.468,Mango,Clay,0.636,0.263,27.123,7,0.365,3.553.303,27.672
10.509,105.077,6.167,2,3.64,34.766,34.467,5.7,25.45,39.701,42.084,27.91,4.77,79.76,17.9,12,-3.85,-5.17,-5.46,-3.66,-0.22,0.5,5.61,-0.26,10.88,4.65,0.87,-3.94,Mango,Clay Loam,0.761,0.29,22.56,9,0.483,2.818.361,27.897
9.773,105.366,7,2.982,3.64,37.999,36.101,5.799,24.71,37.291,45.501,27.524,5.434,82.41,17.03,12,-4.679,-6.006,-6.256,-4.182,0.193,1.233,10.01,-0.196,9.38,5.061,0.424,-4.964,Mango,Clay Loam,0.647,0.297,26.283,7,0.381,2.603.732,27.505
9.941,105.553,6.232,3,3.64,33.578,33.855,5.923,26.584,39.938,37.239,27.52,5.44,82.42,17.03,12,-4.68,-6.01,-6.26,-4.19,0.2,1.23,10.03,-0.2,9.39,5.07,0.41,-4.97,Mango,Clay Loam,0.646,0.281,26.31,7,0.381,2.334.904,27.5
9.759,105.382,7,2.943,3.64,38.063,36.18,5.806,24.74,37.197,45.511,27.523,5.454,82.443,17.03,12,-4.707,-6.022,-6.28,-4.171,0.179,1.203,10.053,-0.169,9.387,5.127,0.42,-4.999,Mango,Clay Loam,0.645,0.297,26.348,7,0.381,2.588.556,27.504
8.81,104.954,6,2,3.64,39.279,53.676,5.505,32.866,27.855,45.401,28.075,4.282,80.992,17.74,12,-4.264,-5.16,-5.483,-3.208,-0.616,1.011,6.248,0.544,7.544,3.32,3.546,-3.458,Mango,Clay Loam,0.722,0.278,22.189,9,0.34,3.241.115,28.062
9.36,105.618,6,0.785,3.64,39.637,34.735,5.578,31.724,28.639,35.375,27.655,5.523,82.787,17.03,12,-5.048,-6.083,-6.398,-3.803,0.018,0.721,10.257,0.534,8.838,5.895,0.492,-5.405,Mango,Clay Loam,0.638,0.267,26.737,7,0.383,3.082.853,27.65
10.235,106.393,6,5.025,3.64,40.956,33.534,6.3,21.669,37.375,47.125,27.764,4.681,80.997,18.06,12,-4.298,-5.15,-5.284,-4.078,0.404,2.137,8.957,-0.197,7.061,4.462,0.161,-4.22,Mango,Clay,0.708,0.306,23.227,7,0.386,1.517.579,27.731
10.615,106.461,7,2.461,3.64,40.531,30.008,5.9,23.015,36.454,26.116,27.91,4.33,79.72,18.06,12,-4.03,-4.78,-4.88,-4,0.35,2.61,7.9,-0.29,6.54,4.36,0.01,-3.83,Mango,Clay,0.763,0.274,21.81,7,0.363,2.384.767,27.894
9.86,105.739,7,2.647,3.64,38.865,30.071,5.9,25.394,35.741,46.065,27.531,5.482,82.492,17.03,12,-4.763,-6.047,-6.322,-4.13,0.135,1.147,10.101,-0.103,9.381,5.245,0.442,-5.06,Mango,Clay Loam,0.644,0.296,26.425,7,0.382,2.384.767,27.514
10.363,105.204,6,2.78,3.64,37.824,27.28,5.578,23.168,39.009,30.639,27.873,4.741,79.945,17.9,12,-3.887,-5.17,-5.436,-3.731,-0.103,0.725,6.011,-0.293,10.309,4.762,0.751,-3.986,Mango,Clay Loam,0.752,0.28,22.606,9,0.457,3.082.853,27.855
10.578,104.716,6.814,2.814,3.64,31.91,45.195,5.337,28.31,39.78,42.049,27.931,4.679,79.678,18.24,12,-3.802,-5.088,-5.367,-3.61,-0.237,0.545,5.438,-0.253,10.684,4.531,0.952,-3.843,Mango,Clay Loam,0.765,0.284,22.2,9,0.482,3.605.334,27.913
8.865,104.981,6.78,1.78,3.64,40.337,51.619,5.478,31.087,28.576,50.503,28.04,4.45,80.82,17.795,12,-4.45,-5.29,-5.62,-3.24,-0.63,1.27,6.71,0.39,7.95,3.73,3.01,-3.78,Mango,Clay,0.727,0.289,23.01,9,0.345,3299.65,28.028
10.575,104.953,7,78.652,3.64,29.566,33.711,5.93,42.194,28.175,43.401,27.91,4.77,79.76,18.24,12,-3.85,-5.17,-5.46,-3.66,-0.22,0.5,5.61,-0.26,10.88,4.65,0.87,-3.94,Mango,Clay Loam,0.761,0.254,22.56,9,0.483,2.319.728,27.399
10.319,106.272,6.942,5.884,3.64,38.358,26.14,6.394,20.296,41.346,35.004,27.91,4.33,79.72,18.06,12,-4.03,-4.78,-4.88,-4,0.35,2.61,7.9,-0.29,6.54,4.36,0.01,-3.83,Mango,Clay Loam,0.763,0.292,21.81,7,0.363,1313.79,27.872
10.712,106.328,6.031,2.062,3.64,42.172,28.894,5.803,20.299,37.529,25.469,27.91,4.33,79.72,18.06,12,-4.03,-4.78,-4.88,-4,0.35,2.61,7.9,-0.29,6.54,4.36,0.01,-3.83,Mango,Clay,0.763,0.279,21.81,7,0.363,2595.06,27.897
10.441,105.462,6.116,2.884,3.64,37.779,32.156,5.423,19.879,42.354,40.73,27.74,4.64,80.6,17.9,12,-4.02,-5.17,-5.35,-3.98,0.31,1.52,7.43,-0.41,8.29,5.16,0.33,-4.15,Mango,Clay Loam,0.722,0.301,23.08,9,0.36,3.418.889,27.721
10.126,105.26,6,1.928,3.64,38.157,31.795,5.586,25.073,36.77,38.781,27.96,4.89,80.82,17.912,12,-4.26,-5.51,-5.79,-3.48,-0.34,0.99,7.3,-0.09,10.14,4.07,1.2,-4.25,Mango,Clay Loam,0.723,0.287,23.72,9,0.428,3065.51,27.947
10.199,106.573,6.995,3.005,3.64,40.799,37.782,6.499,19.209,39.992,46.498,27.899,4.572,82.798,18.06,12,-4.112,-5.152,-5.272,-3.901,0.42,1.501,8.428,0.467,7.6,3.694,0.728,-4.351,Mango,Clay,0.646,0.311,22.788,7,0.369,1.086.153,27.879
8.66,104.884,7,1.174,3.64,37.518,50.565,5.483,32.622,29.861,57.035,28.14,3.97,81.31,17.74,12,-3.92,-4.92,-5.23,-3.15,-0.59,0.53,5.39,0.83,6.79,2.56,4.54,-2.86,Mango,Clay Loam,0.712,0.295,20.67,9,0.329,3288.81,28.132
9.376,106.06,6.604,2,3.64,39.326,34.436,5.76,32.275,28.398,34.291,27.77,5.28,82.72,18.081,12,-4.89,-5.87,-6.07,-3.73,0.31,0.66,9.99,0.82,8.06,5.64,0.34,-5.29,Mango,Clay Loam,0.644,0.264,25.85,7,0.387,2.688.283,27.757
10.441,105.577,6,3.725,3.64,39.118,26.962,5.793,19.221,41.686,31.099,27.781,4.565,80.387,17.939,12,-4.022,-5.076,-5.236,-3.985,0.32,1.784,7.544,-0.381,7.867,4.967,0.253,-4.073,Mango,Clay Loam,0.732,0.289,22.773,9,0.346,2616.74,27.757
10.809,106.158,6,2,3.64,41.322,24.578,5.918,20.122,38.586,32.226,28.086,3.719,77.657,18.011,12,-3.502,-4.116,-4.188,-3.58,0.088,2.486,5.408,-0.016,5.904,4.933,-0.122,-3.289,Mango,Clay,0.849,0.289,18.813,9,0.314,2.345.744,28.073
10.606,105.179,6.846,3,3.64,37.631,33.884,5.746,21.477,40.892,40.015,27.91,4.77,79.76,17.9,12,-3.85,-5.17,-5.46,-3.66,-0.22,0.5,5.61,-0.26,10.88,4.65,0.87,-3.94,Mango,Clay Loam,0.761,0.297,22.56,9,0.483,2.718.634,27.89
10.274,105.465,6.184,2,3.64,35.366,31.437,5.926,21.884,42.75,36.984,27.74,4.64,80.6,17.9,12,-4.02,-5.17,-5.35,-3.98,0.31,1.52,7.43,-0.41,8.29,5.16,0.33,-4.15,Mango,Clay Loam,0.722,0.291,23.08,9,0.36,2328.4,27.727
10.335,105.095,6.776,2,3.64,33.604,27.143,5.81,26.898,39.476,33.914,27.91,4.77,79.76,17.9,12,-3.85,-5.17,-5.46,-3.66,-0.22,0.5,5.61,-0.26,10.88,4.65,0.87,-3.94,Mango,Clay Loam,0.761,0.276,22.56,9,0.483,2.579.884,27.897
10.565,105.149,6.776,3.224,3.64,37.152,34.231,5.633,22.227,40.621,40.382,27.91,4.77,79.76,17.9,12,-3.85,-5.17,-5.46,-3.66,-0.22,0.5,5.61,-0.26,10.88,4.65,0.87,-3.94,Mango,Clay Loam,0.761,0.295,22.56,9,0.483,2.963.615,27.889
9.81,105.071,7,1,3.64,36.333,42.148,5.407,26.705,36.961,41.333,27.965,4.799,81.067,17.03,12,-4.437,-5.515,-5.785,-3.356,-0.447,1.318,7.579,0.087,9.157,4.065,1.597,-4.245,Mango,Clay Loam,0.714,0.286,23.785,9,0.385,3.453.576,27.958
10.351,105.595,6.593,2.407,3.64,41.311,28.431,5.681,17.219,41.512,31.83,27.74,4.64,80.6,17.9,12,-4.02,-5.17,-5.35,-3.98,0.31,1.52,7.43,-0.41,8.29,5.16,0.33,-4.15,Mango,Clay,0.722,0.295,23.08,9,0.36,2.859.552,27.724
10.46,106.281,6.58,6.061,3.64,35.376,33.44,6.1,19.462,45.162,55.382,27.91,4.33,79.72,18.06,12,-4.03,-4.78,-4.88,-4,0.35,2.61,7.9,-0.29,6.54,4.36,0.01,-3.83,Mango,Clay Loam,0.763,0.323,21.81,7,0.363,1.951.173,27.871
10.101,105.206,6.091,2,3.64,32.655,30.207,5.627,27.554,39.791,31.157,27.955,4.879,80.723,17.9,12,-4.222,-5.479,-5.76,-3.496,-0.329,0.945,7.145,-0.106,10.208,4.123,1.17,-4.222,Mango,Clay Loam,0.727,0.27,23.614,9,0.433,2.976.623,27.942
10.244,105.452,6.123,2,3.64,40.761,27.79,5.674,22.696,36.543,35.851,27.744,4.718,80.86,18.007,12,-4.127,-5.256,-5.438,-3.949,0.31,1.415,7.744,-0.259,8.262,5.219,0.331,-4.29,Mango,Clay,0.713,0.288,23.319,9,0.355,2.874.728,27.731
10.134,105.069,6.734,2,3.64,38.605,25.356,5.5,25.024,36.372,37.456,27.96,4.89,80.82,17.9,12,-4.26,-5.51,-5.79,-3.48,-0.34,0.99,7.3,-0.09,10.14,4.07,1.2,-4.25,Mango,Clay Loam,0.723,0.285,23.72,9,0.428,3.251.955,27.947
10.771,105.617,6.87,3,3.64,38.183,25.754,5.5,20.854,40.963,37.391,28.1,3.74,77.56,17.9,12,-3.37,-4.2,-4.32,-3.49,0.06,1.63,4.58,-0.12,6.51,5.58,0.4,-3.31,Mango,Clay Loam,0.853,0.294,18.81,9,0.347,3.251.955,28.08
9.18,105.274,6,4.111,3.64,36.934,28.867,5.389,32.611,30.455,38.567,28.04,4.45,80.82,17.03,12,-4.45,-5.29,-5.62,-3.24,-0.63,1.27,6.71,0.39,7.95,3.73,3.01,-3.78,Mango,Clay Loam,0.727,0.269,23.01,9,0.345,3492.6,28.013
9.374,106.156,6,2.956,3.64,36.433,37.696,6.078,33.994,29.569,40.978,27.77,5.28,82.72,18.77,12,-4.89,-5.87,-6.07,-3.73,0.31,0.66,9.99,0.82,8.06,5.64,0.34,-5.29,Mango,Clay Loam,0.644,0.269,25.85,7,0.387,1.998.868,27.751
10.485,104.926,7,2.862,3.64,37.342,32.717,5.5,32.71,29.948,41.603,27.91,4.77,79.76,18.24,12,-3.85,-5.17,-5.46,-3.66,-0.22,0.5,5.61,-0.26,10.88,4.65,0.87,-3.94,Mango,Clay Loam,0.761,0.273,22.56,9,0.483,3.251.955,27.891
9.017,105.061,6,1.619,3.64,40.552,51.905,5.438,32.029,27.419,44.305,27.952,4.684,81.203,17.605,12,-4.583,-5.467,-5.809,-3.356,-0.542,1.173,7.419,0.382,8.215,4.174,2.549,-4.104,Mango,Clay,0.709,0.278,23.861,9,0.344,3.386.369,27.941
10.215,105.103,6,2,3.64,39.862,27.966,5.534,23.014,37.124,39.066,27.96,4.89,80.82,17.9,12,-4.26,-5.51,-5.79,-3.48,-0.34,0.99,7.3,-0.09,10.14,4.07,1.2,-4.25,Mango,Clay Loam,0.723,0.292,23.72,9,0.428,3.178.244,27.947
10.409,105.478,6,3.449,3.64,39.447,27.849,5.665,20.431,40.067,29.637,27.74,4.64,80.6,17.9,12,-4.02,-5.17,-5.35,-3.98,0.31,1.52,7.43,-0.41,8.29,5.16,0.33,-4.15,Mango,Clay Loam,0.722,0.285,23.08,9,0.36,2894.24,27.718
9.725,105.112,7,1,3.64,35.674,41.552,5.483,27.174,37.143,43.139,27.97,4.72,81.28,17.03,12,-4.59,-5.52,-5.78,-3.25,-0.54,1.6,7.82,0.24,8.31,4.06,1.94,-4.24,Mango,Clay Loam,0.706,0.288,23.92,9,0.347,3288.81,27.964
10.709,104.877,6.408,3.817,3.64,28.103,34.159,5.5,33.604,38.293,29.999,28.012,4.415,78.58,18.24,12,-3.589,-4.794,-5.056,-3.542,-0.236,0.574,4.654,-0.019,9.99,4.768,0.862,-3.642,Mango,Clay Loam,0.81,0.255,20.878,9,0.479,3.251.955,27.987
10.533,105.087,6,2,3.64,34.347,35.366,5.925,26.19,39.425,42.014,27.91,4.77,79.76,17.9,12,-3.85,-5.17,-5.46,-3.66,-0.22,0.5,5.61,-0.26,10.88,4.65,0.87,-3.94,Mango,Clay Loam,0.761,0.289,22.56,9,0.483,2.330.568,27.897
10.292,105.038,6,3.48,3.64,36.068,32.962,5.452,24.4,39.506,42.166,27.923,4.801,80.035,17.9,12,-3.956,-5.258,-5.546,-3.613,-0.251,0.627,6.049,-0.216,10.688,4.499,0.956,-4.021,Mango,Clay Loam,0.751,0.293,22.861,9,0.468,3.356.018,27.9
10.859,105.938,6,3,3.64,34.294,29.23,5.255,28.155,37.451,28.419,28.086,3.718,77.661,17.9,12,-3.507,-4.113,-4.183,-3.584,0.089,2.52,5.441,-0.011,5.881,4.907,-0.143,-3.288,Mango,Clay Loam,0.849,0.265,18.829,9,0.312,3.783.108,28.066
9.605,105.115,7,1.504,3.64,37.399,41.092,5.451,24.901,37.65,44.852,27.97,4.72,81.28,17.03,12,-4.59,-5.52,-5.78,-3.25,-0.54,1.6,7.82,0.24,8.31,4.06,1.94,-4.24,Mango,Clay Loam,0.706,0.296,23.92,9,0.347,3.358.186,27.96
10.107,105.561,6.081,2.919,3.64,30.905,28.016,6.024,25.233,43.862,36.241,27.52,5.44,82.42,17.9,12,-4.68,-6.01,-6.26,-4.19,0.2,1.23,10.03,-0.2,9.39,5.07,0.41,-4.97,Mango,Clay Loam,0.646,0.283,26.31,7,0.381,2.115.939,27.501
9.519,106.091,6,2.44,3.64,37.356,41.472,5.978,26.881,35.685,56.692,27.77,5.28,82.72,18.77,12,-4.89,-5.87,-6.07,-3.73,0.31,0.66,9.99,0.82,8.06,5.64,0.34,-5.29,Mango,Clay Loam,0.644,0.308,25.85,7,0.387,2.215.665,27.754
10.505,105.283,7,2.683,3.64,40.309,33.84,5.837,20.105,39.586,39.75,27.91,4.77,79.76,17.9,12,-3.85,-5.17,-5.46,-3.66,-0.22,0.5,5.61,-0.26,10.88,4.65,0.87,-3.94,Mango,Clay,0.761,0.299,22.56,9,0.483,2.521.349,27.893
10.392,104.894,6,2,3.64,31.683,35.261,5.815,28.54,39.685,46.265,27.91,4.77,79.76,18.214,12,-3.85,-5.17,-5.46,-3.66,-0.22,0.5,5.61,-0.26,10.88,4.65,0.87,-3.94,Mango,Clay Loam,0.761,0.289,22.56,9,0.483,2.569.044,27.897
10.373,105.898,6,2,3.64,35.579,29.542,6.385,20.196,44.226,42.3,27.707,4.759,80.871,17.9,12,-4.118,-5.295,-5.485,-4.011,0.294,1.477,7.817,-0.379,8.454,5.147,0.342,-4.272,Mango,Clay Loam,0.711,0.303,23.56,9,0.359,1.333.302,27.694
9.412,106.169,6.495,2.505,3.64,37.736,38.938,6.1,33.555,28.758,42.436,27.77,5.28,82.72,18.77,12,-4.89,-5.87,-6.07,-3.73,0.31,0.66,9.99,0.82,8.06,5.64,0.34,-5.29,Mango,Clay Loam,0.644,0.272,25.85,7,0.387,1.951.173,27.754
10.233,105.374,6,2,3.64,39.817,27.692,5.6,23.695,36.436,36.627,27.626,5.056,81.545,17.9,12,-4.363,-5.606,-5.823,-4.089,0.253,1.369,8.78,-0.301,8.861,5.113,0.372,-4.576,Mango,Clay Loam,0.683,0.287,24.758,9,0.358,3.035.158,27.613
9.36,105.859,6.408,2,3.64,40.826,40.956,5.741,30.634,28.5,40.315,27.693,5.443,82.765,18.061,12,-4.996,-6.013,-6.29,-3.779,0.114,0.701,10.169,0.628,8.582,5.811,0.442,-5.367,Mango,Clay,0.64,0.276,26.445,7,0.385,2.729.474,27.68
9.851,105.711,6.825,3,3.64,38.668,30.226,5.9,25.588,35.744,46.03,27.531,5.482,82.492,17.03,12,-4.762,-6.047,-6.321,-4.13,0.135,1.148,10.1,-0.104,9.381,5.244,0.442,-5.059,Mango,Clay Loam,0.644,0.296,26.423,7,0.382,2.384.767,27.511
9.877,105.537,7,1,3.64,35.691,33.874,5.97,27.261,37.048,45.53,27.838,4.946,81.349,17.333,12,-4.371,-5.52,-5.762,-3.717,-0.062,1.216,8.263,-0.093,9.26,4.244,0.894,-4.382,Mango,Clay Loam,0.698,0.291,23.907,9,0.388,2.233.009,27.832
10.43,105.601,6.322,3.966,3.64,39.383,26.817,5.793,18.714,41.903,31.607,27.795,4.54,80.317,17.952,12,-4.023,-5.044,-5.199,-3.986,0.323,1.871,7.581,-0.371,7.727,4.902,0.227,-4.047,Mango,Clay Loam,0.735,0.291,22.67,9,0.341,2616.74,27.769
10.588,105.482,6.434,5.303,3.64,33.039,25.142,5.5,23.574,43.387,33.699,27.74,4.64,80.6,17.9,12,-4.02,-5.17,-5.35,-3.98,0.31,1.52,7.43,-0.41,8.29,5.16,0.33,-4.15,Mango,Clay Loam,0.722,0.283,23.08,9,0.36,3.251.955,27.706
8.625,104.881,6,2,3.64,37.841,56.929,5.62,33.486,28.673,48.561,28.14,3.97,81.31,17.74,12,-3.92,-4.92,-5.23,-3.15,-0.59,0.53,5.39,0.83,6.79,2.56,4.54,-2.86,Mango,Clay Loam,0.712,0.281,20.67,9,0.329,2.991.799,28.127
8.705,104.863,7,1.121,3.64,43.26,51.727,5.5,29.131,27.609,54.327,28.128,4.028,81.251,17.74,12,-3.984,-4.965,-5.277,-3.161,-0.595,0.62,5.55,0.777,6.931,2.702,4.354,-2.972,Mango,Clay,0.714,0.299,20.954,9,0.331,3.251.955,28.121
9.925,105.662,7,2,3.64,37.299,34.234,5.681,25.563,37.118,36.772,27.538,5.361,82.404,17.382,12,-4.66,-5.915,-6.149,-4.184,0.253,1.313,10.038,-0.18,9.029,4.969,0.392,-4.901,Mango,Clay Loam,0.647,0.283,25.989,7,0.386,2.859.552,27.525
10.671,106.51,6.342,2.658,3.64,40.234,29.742,5.9,22.966,36.8,25.151,27.91,4.33,79.72,18.06,12,-4.03,-4.78,-4.88,-4,0.35,2.61,7.9,-0.29,6.54,4.36,0.01,-3.83,Mango,Clay,0.763,0.272,21.81,7,0.363,2.384.767,27.893
10.674,105.932,6,2.149,3.64,41.297,31.41,5.534,20.233,38.555,35.915,27.743,4.555,80.636,17.924,12,-3.987,-5.073,-5.238,-3.989,0.301,1.82,7.436,-0.282,7.961,4.824,0.251,-4.062,Mango,Clay,0.721,0.294,22.631,9,0.352,3.178.244,27.729
9.684,105.834,6.133,1.133,3.64,40.696,30.368,6.047,25.019,34.285,32.361,27.572,5.648,82.776,17.03,12,-5.088,-6.192,-6.564,-3.895,-0.121,0.822,10.377,0.277,9.347,5.929,0.566,-5.412,Mango,Clay,0.635,0.278,27.272,7,0.38,2.066.075,27.565
10.597,106.142,6.708,2,3.64,40.621,33.471,6.183,17.475,41.904,36.442,27.91,4.33,79.72,18.06,12,-4.03,-4.78,-4.88,-4,0.35,2.61,7.9,-0.29,6.54,4.36,0.01,-3.83,Mango,Clay,0.763,0.301,21.81,7,0.363,1.771.231,27.897
10.663,106.081,6.163,1.326,3.64,41.304,32.174,5.965,19.384,39.396,30.612,27.91,4.33,79.72,18.06,12,-4.03,-4.78,-4.88,-4,0.35,2.61,7.9,-0.29,6.54,4.36,0.01,-3.83,Mango,Clay,0.763,0.288,21.81,7,0.363,2.243.849,27.901
10.415,105.575,6,3.697,3.64,38.342,27.718,5.6,17.566,44.092,32.079,27.74,4.64,80.6,17.9,12,-4.02,-5.17,-5.35,-3.98,0.31,1.52,7.43,-0.41,8.29,5.16,0.33,-4.15,Mango,Clay Loam,0.722,0.295,23.08,9,0.36,3.035.158,27.716
10.682,106.439,6.68,3.36,3.64,41.588,28.764,5.868,22.376,36.036,24.82,27.91,4.33,79.72,18.06,12,-4.03,-4.78,-4.88,-4,0.35,2.61,7.9,-0.29,6.54,4.36,0.01,-3.83,Mango,Clay,0.763,0.273,21.81,7,0.363,2.454.142,27.888
9.698,105.99,6,2.763,3.64,37.019,41.695,6.038,26.305,36.614,55.398,27.675,5.341,82.606,18.106,12,-4.81,-5.923,-6.142,-3.905,0.268,0.877,10.005,0.431,8.567,5.423,0.367,-5.168,Mango,Clay Loam,0.645,0.307,25.948,7,0.386,2.085.587,27.657
9.609,106.009,6.753,1.495,3.64,40.333,42.525,5.974,25.747,33.919,37.852,27.627,5.581,82.803,17.46,12,-5.086,-6.133,-6.476,-3.82,-0.051,0.735,10.321,0.466,9.023,5.956,0.528,-5.433,Mango,Clay,0.636,0.284,26.999,7,0.382,2.224.337,27.617
10.866,105.449,6,2.159,3.64,34.895,30.962,5.537,23.434,41.655,27.195,28.097,3.735,77.582,17.9,12,-3.4,-4.181,-4.29,-3.511,0.066,1.825,4.769,-0.096,6.372,5.432,0.281,-3.305,Mango,Clay Loam,0.852,0.274,18.783,9,0.34,3171.74,28.083
10.23,104.748,7,2,3.64,31.326,53.897,5.488,26.721,42.04,46.41,28.014,4.332,79.553,18.096,12,-3.709,-4.824,-5.058,-3.373,-0.337,0.842,5.063,-0.165,9.649,4.016,1.385,-3.518,Mango,Clay Loam,0.774,0.294,20.984,9,0.46,3.277.971,28.001
9.159,105.484,6.872,1.872,3.64,39.282,38.261,5.5,28.316,32.39,40.451,27.807,5.384,82.882,17.03,12,-5.202,-5.993,-6.462,-3.283,-0.283,0.533,9.27,0.873,8.529,6.452,1.008,-5.454,Mango,Clay Loam,0.64,0.282,26.677,7,0.348,3.251.955,27.795
9.613,105.632,6,3.029,3.64,40.327,32.697,5.894,26.012,33.661,45.598,27.58,5.68,82.83,17.03,12,-5.15,-6.22,-6.61,-3.85,-0.17,0.76,10.43,0.35,9.34,6.06,0.59,-5.48,Mango,Clay,0.633,0.294,27.48,7,0.379,2.397.775,27.56
10.825,104.687,7,9.09,3.64,27.662,28.457,5.517,40.743,31.595,27.894,28.136,3.966,77.297,18.24,12,-3.276,-4.334,-4.555,-3.373,-0.269,0.69,3.517,0.234,8.897,4.778,0.93,-3.247,Mango,Clay Loam,0.865,0.235,19.054,9,0.467,3215.1,28.077
9.382,105.7,7,2,3.64,42.258,38.977,5.626,30.219,27.597,41.326,27.58,5.68,82.83,17.03,12,-5.15,-6.22,-6.61,-3.85,-0.17,0.76,10.43,0.35,9.34,6.06,0.59,-5.48,Mango,Clay,0.633,0.278,27.48,7,0.379,2.978.791,27.567
10.41,105.056,6,3.33,3.64,35.03,34.205,5.601,25.137,39.832,42.333,27.91,4.77,79.76,17.9,12,-3.85,-5.17,-5.46,-3.66,-0.22,0.5,5.61,-0.26,10.88,4.65,0.87,-3.94,Mango,Clay Loam,0.761,0.291,22.56,9,0.483,3032.99,27.888
8.65,104.914,6,2.513,3.64,36.636,54.069,5.623,34.254,29.11,48.077,28.14,3.97,81.31,17.74,12,-3.92,-4.92,-5.23,-3.15,-0.59,0.53,5.39,0.83,6.79,2.56,4.54,-2.86,Mango,Clay Loam,0.712,0.279,20.67,9,0.329,2.985.295,28.124
10.381,104.687,7,2.839,3.64,29.764,45.554,5.736,27.264,43.071,55.301,27.928,4.691,79.689,18.24,12,-3.808,-5.099,-5.38,-3.617,-0.234,0.539,5.462,-0.254,10.711,4.547,0.941,-3.856,Mango,Clay Loam,0.765,0.305,22.248,9,0.482,2.740.314,27.91
8.802,104.94,6,3.636,3.64,35.255,49.972,5.455,34.245,30.482,48.901,28.122,4.057,81.221,17.798,12,-4.016,-4.987,-5.301,-3.166,-0.597,0.665,5.63,0.75,7.001,2.773,4.261,-3.027,Mango,Clay Loam,0.715,0.28,21.094,9,0.332,3.349.514,28.098
9.371,106.021,6,2,3.64,40.299,39.68,5.683,30.202,29.482,39.668,27.77,5.28,82.72,18.77,12,-4.89,-5.87,-6.07,-3.73,0.31,0.66,9.99,0.82,8.06,5.64,0.34,-5.29,Mango,Clay,0.644,0.276,25.85,7,0.387,2.855.216,27.757
10.176,106.139,6,2.985,3.64,38.975,35.469,6.3,21.052,39.973,45.491,27.564,5.248,82.381,17.979,12,-4.631,-5.779,-5.989,-4.175,0.328,1.432,10.05,-0.151,8.513,4.824,0.366,-4.803,Mango,Clay Loam,0.649,0.305,25.528,7,0.394,1.517.579,27.545
10.296,105.186,6,2,3.64,38.207,28.704,5.699,23.209,38.584,35.28,27.91,4.771,79.767,17.9,12,-3.853,-5.172,-5.462,-3.659,-0.221,0.503,5.621,-0.259,10.875,4.646,0.872,-3.942,Mango,Clay Loam,0.761,0.286,22.568,9,0.483,2.820.529,27.897
10.425,106.566,6,2,3.64,38.986,33.084,6.371,19.059,41.955,39.575,27.803,4.145,80.519,18.06,12,-3.866,-4.595,-4.68,-4.029,0.279,3.266,7.593,0.238,6.219,3.326,-0.14,-3.638,Mango,Clay Loam,0.728,0.302,20.948,7,0.363,1.363.653,27.79
10.494,106.28,6.383,2,3.64,36.845,36.736,6.277,18.894,44.323,40.119,27.853,4.23,80.149,18.06,12,-3.942,-4.68,-4.773,-4.015,0.312,2.962,7.735,-0.007,6.368,3.805,-0.07,-3.727,Mango,Clay Loam,0.744,0.303,21.214,7,0.365,1.567.442,27.84
9.703,105.481,6,1,3.64,36.532,34.391,5.806,24.698,38.868,39.858,27.579,5.675,82.822,17.03,12,-5.141,-6.216,-6.603,-3.856,-0.163,0.769,10.422,0.34,9.341,6.041,0.587,-5.47,Mango,Clay Loam,0.634,0.289,27.449,7,0.379,2.588.556,27.572
9.552,105.671,6.632,1.632,3.64,39.873,31.9,5.847,24.9,35.227,35.38,27.58,5.68,82.83,17.03,12,-5.15,-6.22,-6.61,-3.85,-0.17,0.76,10.43,0.35,9.34,6.06,0.59,-5.48,Mango,Clay Loam,0.633,0.282,27.48,7,0.379,2.499.669,27.569
10.68,106.412,7,3,3.64,39.46,34.999,6.104,21.34,39.126,52.594,28.036,3.871,78.225,18.06,12,-3.682,-4.262,-4.325,-3.719,0.165,2.795,6.323,-0.053,5.874,4.575,-0.256,-3.423,Mango,Clay Loam,0.825,0.315,19.72,7,0.32,1.942.501,28.016
10.205,104.669,6.634,1,3.64,30.895,45.488,5.8,28.729,40.376,59.497,28.52,4.5,79.62,18.24,12,-3.9,-5.2,-5.39,-3.52,-0.2,1.32,6.6,-0.21,9.26,3.35,1.63,-3.74,Mango,Clay Loam,0.794,0.307,22.16,9,0.418,2.601.564,28.514
8.939,104.98,6.54,1.08,3.64,38.912,43.906,5.5,32.388,28.754,48.316,28.04,4.45,80.82,17.855,12,-4.45,-5.29,-5.62,-3.24,-0.63,1.27,6.71,0.39,7.95,3.73,3.01,-3.78,Mango,Clay Loam,0.727,0.283,23.01,9,0.345,3.251.955,28.033
10.016,105.884,7,2,3.64,37.484,39.046,6.246,20.896,41.62,45.956,27.59,5.136,82.358,17.9,12,-4.602,-5.643,-5.831,-4.167,0.403,1.55,10.061,-0.122,8.002,4.68,0.34,-4.705,Mango,Clay Loam,0.651,0.306,25.07,7,0.402,1.634.649,27.577
10.114,105.081,6.893,2,3.64,38.26,24.774,5.511,25.675,36.064,36.564,27.96,4.89,80.82,17.9,12,-4.26,-5.51,-5.79,-3.48,-0.34,0.99,7.3,-0.09,10.14,4.07,1.2,-4.25,Mango,Clay Loam,0.723,0.282,23.72,9,0.428,3.228.107,27.947
10.551,106.263,6.761,2.717,3.64,43.254,31.033,6.204,18.9,37.846,39.324,27.951,4.182,79.237,18.06,12,-3.918,-4.613,-4.701,-3.909,0.29,2.67,7.391,-0.214,6.325,4.429,-0.076,-3.699,Mango,Clay,0.783,0.302,21.13,7,0.35,1.725.704,27.933
10.447,106.389,6.459,2.459,3.64,38.191,31.887,6.3,20.705,41.105,41.867,27.91,4.33,79.72,18.06,12,-4.03,-4.78,-4.88,-4,0.35,2.61,7.9,-0.29,6.54,4.36,0.01,-3.83,Mango,Clay Loam,0.763,0.301,21.81,7,0.363,1.517.579,27.894
9.929,105.82,6,4.074,3.64,36.23,41.015,6.089,26.841,36.93,52.759,27.52,5.44,82.42,17.03,12,-4.68,-6.01,-6.26,-4.19,0.2,1.23,10.03,-0.2,9.39,5.07,0.41,-4.97,Mango,Clay Loam,0.646,0.302,26.31,7,0.381,1.975.021,27.494
10.705,104.888,6.342,3.684,3.64,27.923,34.166,5.5,33.571,38.506,29.852,27.995,4.473,78.772,18.24,12,-3.631,-4.855,-5.122,-3.561,-0.234,0.562,4.81,-0.058,10.135,4.749,0.863,-3.69,Mango,Clay Loam,0.802,0.255,21.151,9,0.48,3.251.955,27.971
9.857,105.285,6,1,3.64,35.778,32.161,5.563,27.069,37.153,34.859,27.96,4.89,80.82,17.03,12,-4.26,-5.51,-5.79,-3.48,-0.34,0.99,7.3,-0.09,10.14,4.07,1.2,-4.25,Mango,Clay Loam,0.723,0.277,23.72,9,0.428,3.115.373,27.954
10.344,105.066,6.068,2,3.64,34.888,30.948,5.507,24.098,41.014,37.707,27.898,4.761,79.817,17.9,12,-3.862,-5.17,-5.453,-3.682,-0.184,0.569,5.734,-0.27,10.704,4.685,0.833,-3.954,Mango,Clay Loam,0.758,0.287,22.575,9,0.475,3.236.779,27.885
10.326,105.038,6.103,27.642,3.64,26.084,30.041,5.79,45.265,28.651,42.864,27.923,4.737,79.869,17.909,12,-3.912,-5.182,-5.476,-3.617,-0.262,0.579,5.723,-0.193,10.58,4.556,1.089,-3.924,Mango,Loam,0.758,0.246,22.566,9,0.47,2.623.244,27.743
9.706,105.499,6,1,3.64,36.607,34.369,5.819,24.694,38.793,39.995,27.576,5.665,82.804,17.03,12,-5.12,-6.207,-6.588,-3.871,-0.147,0.79,10.405,0.315,9.343,5.998,0.579,-5.448,Mango,Clay Loam,0.634,0.289,27.381,7,0.379,2.560.373,27.57
10.038,105.282,6,1.312,3.64,37.099,32.769,5.531,26.001,36.9,37.637,27.96,4.89,80.82,17.302,12,-4.26,-5.51,-5.79,-3.48,-0.34,0.99,7.3,-0.09,10.14,4.07,1.2,-4.25,Mango,Clay Loam,0.723,0.283,23.72,9,0.428,3.184.748,27.951
9.656,105.881,6,1.204,3.64,39.01,37.471,6.007,25.495,35.588,54.105,27.576,5.664,82.802,17.03,12,-5.118,-6.206,-6.586,-3.873,-0.145,0.792,10.403,0.313,9.343,5.993,0.578,-5.445,Mango,Clay Loam,0.634,0.307,27.373,7,0.379,2.152.794,27.568
10.365,105.512,6.699,4.097,3.64,35.97,25.29,5.67,22.719,41.311,36.51,27.74,4.64,80.6,17.9,12,-4.02,-5.17,-5.35,-3.98,0.31,1.52,7.43,-0.41,8.29,5.16,0.33,-4.15,Mango,Clay Loam,0.722,0.289,23.08,9,0.36,2883.4,27.713
10.038,106.065,6.708,2,3.64,36.883,31.642,6.158,21.725,41.392,42.158,27.584,5.164,82.363,18.516,12,-4.609,-5.677,-5.871,-4.169,0.384,1.52,10.058,-0.129,8.129,4.716,0.346,-4.729,Mango,Clay Loam,0.651,0.299,25.184,7,0.4,1.825.431,27.571
9.642,106.304,6.067,2.865,3.64,37.953,42.62,6.139,26.46,35.588,37.535,27.783,5.254,82.592,18.653,12,-4.848,-5.846,-6.051,-3.713,0.266,0.682,9.809,0.759,8.2,5.534,0.398,-5.22,Mango,Clay Loam,0.65,0.282,25.678,7,0.382,1.866.622,27.764
9.353,105.7,6.418,0.836,3.64,40.291,34.291,5.625,31.276,28.433,34.348,27.659,5.513,82.784,17.757,12,-5.041,-6.074,-6.384,-3.8,0.031,0.718,10.246,0.546,8.805,5.885,0.486,-5.401,Mango,Clay,0.638,0.266,26.7,7,0.384,2.980.959,27.654
10.396,105.684,6.346,2.654,3.64,36.589,26.646,5.669,18.146,45.265,31.98,27.74,4.64,80.6,17.9,12,-4.02,-5.17,-5.35,-3.98,0.31,1.52,7.43,-0.41,8.29,5.16,0.33,-4.15,Mango,Clay Loam,0.722,0.293,23.08,9,0.36,2.885.568,27.723
10.794,105.696,6.379,3,3.64,38.548,28.856,5.5,19.92,41.531,36.51,28.1,3.74,77.56,17.9,12,-3.37,-4.2,-4.32,-3.49,0.06,1.63,4.58,-0.12,6.51,5.58,0.4,-3.31,Mango,Clay Loam,0.853,0.295,18.81,9,0.347,3.251.955,28.08
10.286,106.557,7,4,3.64,38.773,26.05,6.395,18.941,42.382,36.622,27.767,4.082,80.789,18.06,12,-3.811,-4.532,-4.613,-4.038,0.255,3.488,7.49,0.416,6.111,2.976,-0.19,-3.572,Mango,Clay Loam,0.716,0.298,20.756,7,0.361,1.311.622,27.741
10.666,106.403,7,3,3.64,40.22,32.11,5.813,21.198,38.569,27.833,27.91,4.33,79.72,18.06,12,-4.03,-4.78,-4.88,-4,0.35,2.61,7.9,-0.29,6.54,4.36,0.01,-3.83,Mango,Clay,0.763,0.28,21.81,7,0.363,2573.38,27.89
10.882,105.57,6.027,4.027,3.64,36.976,24.427,5.611,23.758,39.269,39.78,28.1,3.74,77.56,17.9,12,-3.37,-4.2,-4.32,-3.49,0.06,1.63,4.58,-0.12,6.51,5.58,0.4,-3.31,Mango,Clay Loam,0.853,0.291,18.81,9,0.347,3011.31,28.074
10.313,106.245,6.031,5.907,3.64,41.138,32.925,6.291,22.375,36.484,48.224,27.915,4.311,79.657,18.06,12,-4.015,-4.758,-4.857,-3.988,0.342,2.618,7.834,-0.28,6.512,4.369,-0.001,-3.813,Mango,Clay,0.765,0.306,21.712,7,0.361,1.537.091,27.877
10.419,105.365,6.75,2,3.64,37.225,31.326,5.675,17.45,45.35,32.626,27.867,4.737,79.97,17.9,12,-3.893,-5.17,-5.432,-3.74,-0.087,0.755,6.066,-0.298,10.232,4.778,0.735,-3.993,Mango,Clay Loam,0.751,0.296,22.613,9,0.453,2872.56,27.854
10.199,106.44,6.87,5.48,3.64,36.391,31.207,6.187,20.506,43.103,61.211,27.649,4.956,81.999,18.06,12,-4.508,-5.441,-5.602,-4.139,0.446,1.766,9.788,-0.125,7.471,4.543,0.28,-4.526,Mango,Clay Loam,0.667,0.329,24.341,7,0.403,1762.56,27.613
10.553,105.823,6.242,3.209,3.64,39.789,32.383,5.931,18.897,41.238,40.227,27.74,4.64,80.6,17.9,12,-4.02,-5.17,-5.35,-3.98,0.31,1.52,7.43,-0.41,8.29,5.16,0.33,-4.15,Mango,Clay Loam,0.722,0.303,23.08,9,0.36,2317.56,27.719
9.896,105.729,6.975,3.025,3.64,38.3,29.7,5.9,25.498,36.202,45.984,27.521,5.446,82.43,17.03,12,-4.692,-6.015,-6.269,-4.182,0.191,1.218,10.04,-0.186,9.389,5.094,0.414,-4.983,Mango,Clay Loam,0.646,0.296,26.327,7,0.381,2.384.767,27.501
10.352,105.069,7,2,3.64,33.154,27.273,5.893,27.087,39.76,34.731,27.91,4.77,79.76,17.908,12,-3.85,-5.17,-5.46,-3.66,-0.22,0.5,5.61,-0.26,10.88,4.65,0.87,-3.94,Mango,Clay Loam,0.761,0.276,22.56,9,0.483,2.399.943,27.897
8.917,104.966,6.324,0.647,3.64,40.488,43.094,5.5,31.847,27.632,50.994,28.04,4.45,80.82,17.909,12,-4.45,-5.29,-5.62,-3.24,-0.63,1.27,6.71,0.39,7.95,3.73,3.01,-3.78,Mango,Clay,0.727,0.288,23.01,9,0.345,3.251.955,28.036
9.609,105.051,6,0.489,3.64,38.223,41.682,5.398,25.205,36.573,50.93,27.97,4.72,81.28,17.557,12,-4.59,-5.52,-5.78,-3.25,-0.54,1.6,7.82,0.24,8.31,4.06,1.94,-4.24,Mango,Clay Loam,0.706,0.303,23.92,9,0.347,3.473.088,27.967
10.565,105.201,7,2,3.64,35.856,30.441,5.654,20.438,43.707,35.756,27.91,4.77,79.76,17.9,12,-3.85,-5.17,-5.46,-3.66,-0.22,0.5,5.61,-0.26,10.88,4.65,0.87,-3.94,Mango,Clay Loam,0.761,0.293,22.56,9,0.483,2.918.088,27.897
9.355,105.668,7,2,3.64,41.648,41.028,5.737,31.162,27.153,41.437,27.58,5.68,82.83,17.03,12,-5.15,-6.22,-6.61,-3.85,-0.17,0.76,10.43,0.35,9.34,6.06,0.59,-5.48,Mango,Clay,0.633,0.276,27.48,7,0.379,2.738.146,27.567
9.899,105.37,6.446,2,3.64,37.646,30.246,5.734,24.722,37.577,45.943,27.791,5.242,81.716,17.7,12,-4.657,-5.827,-6.156,-3.645,-0.264,0.887,8.696,0.106,9.783,4.957,0.928,-4.798,Mango,Clay Loam,0.683,0.297,25.347,9,0.386,2744.65,27.778
10.847,105.076,6,3.726,3.64,34.49,33.969,5.627,24.425,41.085,36.052,28.16,3.9,76.87,18.147,12,-3.21,-4.25,-4.47,-3.37,-0.26,0.68,3.27,0.33,8.7,4.94,0.85,-3.21,Mango,Clay Loam,0.882,0.284,18.77,9,0.464,2.976.623,28.136
10.636,105.072,7,2,3.64,34.708,28.906,5.5,20.89,44.403,34.593,27.91,4.77,79.76,17.9,12,-3.85,-5.17,-5.46,-3.66,-0.22,0.5,5.61,-0.26,10.88,4.65,0.87,-3.94,Mango,Clay Loam,0.761,0.29,22.56,9,0.483,3.251.955,27.897
9.743,105.896,6.574,4,3.64,37.498,31.969,5.93,26.744,35.757,41.684,27.597,5.318,82.549,18.028,12,-4.823,-5.83,-6.094,-4.028,0.192,1.265,10.223,0.092,8.347,5.205,0.435,-4.992,Mango,Clay Loam,0.644,0.287,25.767,7,0.397,2.319.728,27.571
10.373,106.68,6.451,2,3.64,38.223,35.296,6.4,18.51,43.267,38.755,27.76,4.07,80.84,18.06,12,-3.8,-4.52,-4.6,-4.04,0.25,3.53,7.47,0.45,6.09,2.91,-0.2,-3.56,Mango,Clay Loam,0.714,0.302,20.72,7,0.361,1.300.782,27.747
9.778,106.293,6.836,1.836,3.64,36.638,32.253,5.935,26.731,36.547,34.169,27.667,5.024,82.091,18.485,12,-4.528,-5.535,-5.723,-4.049,0.329,1.534,9.617,-0.098,8.024,4.488,0.464,-4.568,Mango,Clay Loam,0.664,0.276,24.501,7,0.393,2.308.888,27.655
10.126,105.581,6.205,5.41,3.64,31.985,28.169,5.659,24.356,43.659,37.543,27.565,5.276,82.047,17.9,12,-4.545,-5.838,-6.073,-4.147,0.223,1.29,9.497,-0.243,9.164,5.088,0.394,-4.802,Mango,Clay Loam,0.662,0.287,25.648,7,0.37,2.907.248,27.53
10.875,105.562,6.694,4.694,3.64,36.376,27.63,5.877,22.69,41.004,41.781,28.1,3.74,77.56,17.9,12,-3.37,-4.2,-4.32,-3.49,0.06,1.63,4.58,-0.12,6.51,5.58,0.4,-3.31,Mango,Clay Loam,0.853,0.296,18.81,9,0.347,2434.63,28.069
10.485,104.959,7,2.779,3.64,33.697,36.33,5.578,35.27,31.032,43.727,27.91,4.77,79.76,18.24,12,-3.85,-5.17,-5.46,-3.66,-0.22,0.5,5.61,-0.26,10.88,4.65,0.87,-3.94,Mango,Clay Loam,0.761,0.27,22.56,9,0.483,3.082.853,27.892
10.403,105.655,6.082,3.835,3.64,37.927,27.851,5.616,17.057,45.016,32.381,27.74,4.64,80.6,17.9,12,-4.02,-5.17,-5.35,-3.98,0.31,1.52,7.43,-0.41,8.29,5.16,0.33,-4.15,Mango,Clay Loam,0.722,0.296,23.08,9,0.36,3000.47,27.715
9.609,105.436,6.32,2.639,3.64,35.321,39.954,5.728,27.115,37.564,52.844,27.826,4.95,81.644,17.03,12,-4.619,-5.677,-5.933,-3.55,-0.304,1.482,8.526,0.099,8.655,4.383,1.451,-4.473,Mango,Clay Loam,0.687,0.302,24.556,9,0.352,2.757.658,27.809
10.133,105.71,6.345,2,3.64,36.609,37.322,6.093,21.58,41.811,45.211,27.52,5.44,82.42,17.9,12,-4.68,-6.01,-6.26,-4.19,0.2,1.23,10.03,-0.2,9.39,5.07,0.41,-4.97,Mango,Clay Loam,0.646,0.304,26.31,7,0.381,1.966.349,27.507
9.771,106.07,6.273,7.547,3.64,40.472,29.408,6.045,27.199,32.328,37.006,27.654,5.113,82.444,18.77,12,-4.665,-5.63,-5.808,-4.042,0.419,1.372,10.048,0.151,7.733,4.862,0.325,-4.81,Mango,Clay,0.65,0.279,24.955,7,0.403,2.070.411,27.605
10.369,106.098,7,3,3.64,40.151,38.454,6.38,20.649,39.195,53.907,27.918,4.3,79.621,18.06,12,-4.007,-4.746,-4.843,-3.981,0.338,2.622,7.795,-0.274,6.496,4.374,-0.008,-3.803,Mango,Clay,0.767,0.318,21.662,7,0.36,1.344.141,27.898
10.339,106.082,7,3.453,3.64,40.14,38.066,6.385,20.781,39.079,53.381,27.91,4.33,79.72,18.06,12,-4.03,-4.78,-4.88,-4,0.35,2.61,7.9,-0.29,6.54,4.36,0.01,-3.83,Mango,Clay,0.763,0.317,21.81,7,0.363,1.333.302,27.888
10.091,105.259,6.568,2,3.64,38.221,28.719,5.657,25.281,36.497,31.362,27.71,5.202,81.728,17.406,12,-4.498,-5.794,-6.057,-3.883,-0.033,1.126,8.85,-0.152,9.714,4.638,0.752,-4.659,Mango,Clay Loam,0.679,0.276,25.076,9,0.387,2.911.584,27.697
10.021,105.979,7,2.056,3.64,38.252,39.121,6.406,20.427,41.321,46.028,27.626,5.023,82.366,17.909,12,-4.553,-5.518,-5.685,-4.145,0.458,1.632,9.977,-0.068,7.609,4.52,0.343,-4.614,Mango,Clay Loam,0.652,0.307,24.583,7,0.407,1.287.774,27.613
10.406,104.669,7,2.58,3.64,29.868,46.123,5.632,27.368,42.864,53.048,27.956,4.564,79.575,18.24,12,-3.741,-4.985,-5.25,-3.547,-0.258,0.601,5.224,-0.243,10.439,4.381,1.055,-3.722,Mango,Clay Loam,0.77,0.301,21.746,9,0.481,2.965.783,27.939
10.666,105.638,7,2,3.64,33.885,25.154,5.719,24.581,41.534,31.64,27.87,4.315,79.501,17.9,12,-3.785,-4.819,-4.978,-3.803,0.22,1.56,6.4,-0.305,7.647,5.312,0.355,-3.846,Mango,Clay Loam,0.769,0.278,21.536,9,0.356,2777.17,27.857
10.769,105.636,6.602,3,3.64,37.942,25.245,5.5,20.345,41.713,36.131,28.1,3.74,77.56,17.9,12,-3.37,-4.2,-4.32,-3.49,0.06,1.63,4.58,-0.12,6.51,5.58,0.4,-3.31,Mango,Clay Loam,0.853,0.294,18.81,9,0.347,3.251.955,28.08
10.569,104.711,6.726,2.726,3.64,32.103,45.098,5.355,28.503,39.393,41.602,27.94,4.636,79.639,18.24,12,-3.779,-5.049,-5.323,-3.586,-0.245,0.566,5.358,-0.249,10.592,4.475,0.991,-3.797,Mango,Clay Loam,0.767,0.283,22.028,9,0.482,3.566.311,27.922
10.562,105.911,6,2,3.64,40.158,31.857,6.1,18.821,40.921,40.335,27.743,4.642,80.587,17.9,12,-4.017,-5.17,-5.352,-3.975,0.302,1.504,7.401,-0.408,8.331,5.152,0.339,-4.147,Mango,Clay,0.723,0.303,23.069,9,0.362,1.951.173,27.73
10.752,104.769,7,6.181,3.64,29.169,29.988,5.541,39.754,31.077,29.825,28.058,4.256,78.053,18.24,12,-3.472,-4.627,-4.875,-3.489,-0.244,0.606,4.228,0.088,9.592,4.821,0.858,-3.509,Mango,Clay Loam,0.832,0.24,20.216,9,0.475,3.163.068,28.018
10.643,105.583,6.894,2.106,3.64,35.941,29.387,5.589,19.344,44.715,37.785,27.74,4.64,80.6,17.9,12,-4.02,-5.17,-5.35,-3.98,0.31,1.52,7.43,-0.41,8.29,5.16,0.33,-4.15,Mango,Clay Loam,0.722,0.298,23.08,9,0.36,3.059.006,27.726
10.544,105.454,6.23,3.54,3.64,35.407,30.83,5.677,21.853,42.74,36.183,27.74,4.64,80.6,17.9,12,-4.02,-5.17,-5.35,-3.98,0.31,1.52,7.43,-0.41,8.29,5.16,0.33,-4.15,Mango,Clay Loam,0.722,0.29,23.08,9,0.36,2.868.224,27.717
10.644,106.15,6.213,2,3.64,41.421,33.336,6.028,16.69,41.889,35.81,27.91,4.33,79.72,18.06,12,-4.03,-4.78,-4.88,-4,0.35,2.61,7.9,-0.29,6.54,4.36,0.01,-3.83,Mango,Clay,0.763,0.302,21.81,7,0.363,2.107.267,27.897
10.509,104.916,7,3,3.64,37.563,32.946,5.503,32.7,29.737,41.787,27.91,4.77,79.76,18.24,12,-3.85,-5.17,-5.46,-3.66,-0.22,0.5,5.61,-0.26,10.88,4.65,0.87,-3.94,Mango,Clay Loam,0.761,0.273,22.56,9,0.483,3.245.451,27.89
9.355,105.951,6.348,2,3.64,39.997,39.202,5.67,31.7,28.203,40.848,27.704,5.419,82.758,18.164,12,-4.981,-5.992,-6.258,-3.772,0.143,0.695,10.143,0.656,8.506,5.786,0.427,-5.356,Mango,Clay Loam,0.641,0.274,26.359,7,0.385,2883.4,27.691
10.495,105.274,7,1.369,3.64,38.474,30.837,5.6,18.058,43.469,33.831,27.91,4.77,79.76,17.9,12,-3.85,-5.17,-5.46,-3.66,-0.22,0.5,5.61,-0.26,10.88,4.65,0.87,-3.94,Mango,Clay Loam,0.761,0.296,22.56,9,0.483,3.035.158,27.901
10.621,105.265,6.136,2,3.64,39.124,31.771,5.627,20.322,40.554,34.591,27.91,4.77,79.76,17.9,12,-3.85,-5.17,-5.46,-3.66,-0.22,0.5,5.61,-0.26,10.88,4.65,0.87,-3.94,Mango,Clay Loam,0.761,0.292,22.56,9,0.483,2.976.623,27.897
10.635,105.96,6,2,3.64,37.905,33.021,5.789,18.226,43.816,33.796,27.91,4.33,79.72,17.9,12,-4.03,-4.78,-4.88,-4,0.35,2.61,7.9,-0.29,6.54,4.36,0.01,-3.83,Mango,Clay Loam,0.763,0.295,21.81,7,0.363,2.625.412,27.897
10.474,105.752,7,2,3.64,35.971,27.236,5.79,18.845,45.184,34.445,27.74,4.64,80.6,17.9,12,-4.02,-5.17,-5.35,-3.98,0.31,1.52,7.43,-0.41,8.29,5.16,0.33,-4.15,Mango,Clay Loam,0.722,0.295,23.08,9,0.36,2.623.244,27.727
10.021,106.045,6.814,2,3.64,36.666,32.238,6.007,22.6,40.734,42.323,27.593,5.122,82.355,18.609,12,-4.599,-5.627,-5.812,-4.166,0.412,1.564,10.063,-0.119,7.94,4.663,0.337,-4.693,Mango,Clay Loam,0.651,0.297,25.016,7,0.403,2.152.794,27.58
9.611,106.045,6.131,2.263,3.64,37.361,41.277,6,26.079,36.474,57.105,27.737,5.301,82.681,18.541,12,-4.862,-5.888,-6.095,-3.79,0.296,0.735,9.995,0.686,8.235,5.565,0.349,-5.248,Mango,Clay Loam,0.645,0.31,25.883,7,0.386,2167.97,27.722
10.034,106.098,6,1.67,3.64,35.61,34.735,6.155,23.135,41.255,49.341,27.639,4.958,81.951,18.576,12,-4.455,-5.457,-5.63,-4.12,0.426,1.613,9.48,-0.169,7.762,4.702,0.322,-4.523,Mango,Clay Loam,0.668,0.306,24.354,7,0.39,1.831.935,27.628
9.852,105.131,6.771,2,3.64,32.633,48.723,5.446,26.293,41.073,48.448,27.981,4.619,80.831,17.307,12,-4.361,-5.339,-5.592,-3.282,-0.487,1.403,7.103,0.135,8.658,4.049,1.796,-4.052,Mango,Clay Loam,0.724,0.297,23.113,9,0.374,3.369.025,27.968
10.339,105.474,6.845,2.845,3.64,36.66,26.767,5.6,20.273,43.067,35.624,27.74,4.64,80.6,17.9,12,-4.02,-5.17,-5.35,-3.98,0.31,1.52,7.43,-0.41,8.29,5.16,0.33,-4.15,Mango,Clay Loam,0.722,0.293,23.08,9,0.36,3.035.158,27.722
10.215,105.533,7,5.478,3.64,35.665,26.156,5.724,23.091,41.243,36.815,27.687,4.831,81.035,17.9,12,-4.178,-5.371,-5.567,-4.03,0.284,1.451,8.051,-0.36,8.553,5.138,0.349,-4.346,Mango,Clay Loam,0.704,0.288,23.852,9,0.359,2766.33,27.651
10.696,106.479,7,3.374,3.64,41.05,29.639,5.9,22.711,36.239,27.318,27.91,4.33,79.72,18.06,12,-4.03,-4.78,-4.88,-4,0.35,2.61,7.9,-0.29,6.54,4.36,0.01,-3.83,Mango,Clay,0.763,0.276,21.81,7,0.363,2.384.767,27.888
10.631,105.123,6.869,2.262,3.64,34.766,29.123,5.526,20.992,44.243,34.744,27.888,4.753,79.87,17.9,12,-3.872,-5.17,-5.446,-3.702,-0.15,0.634,5.849,-0.28,10.54,4.717,0.799,-3.968,Mango,Clay Loam,0.756,0.29,22.588,9,0.468,3.195.588,27.873
9.983,105.412,7,2,3.64,37.384,28.337,5.71,25.826,36.787,30.914,27.523,5.427,82.417,17.087,12,-4.677,-5.995,-6.242,-4.189,0.208,1.243,10.031,-0.197,9.332,5.054,0.407,-4.959,Mango,Clay Loam,0.646,0.274,26.259,7,0.382,2.796.681,27.51
9.61,105.047,7,1.079,3.64,37.995,36.303,5.716,25.768,36.237,45.608,27.939,4.796,81.403,17.03,12,-4.634,-5.575,-5.846,-3.297,-0.511,1.534,8.027,0.249,8.392,4.218,1.833,-4.338,Mango,Clay Loam,0.7,0.295,24.201,9,0.346,2.783.673,27.932
10.594,106.306,6,2.617,3.64,44.392,32.452,6.308,17.817,37.792,32.002,27.975,4.092,78.946,18.06,12,-3.85,-4.512,-4.592,-3.854,0.254,2.706,7.083,-0.167,6.195,4.471,-0.128,-3.619,Mango,Clay,0.795,0.294,20.722,7,0.342,1.500.235,27.958
10.481,105.265,7,1.797,3.64,37.746,30.88,5.6,17.544,44.71,32.59,27.91,4.77,79.76,17.9,12,-3.85,-5.17,-5.46,-3.66,-0.22,0.5,5.61,-0.26,10.88,4.65,0.87,-3.94,Mango,Clay Loam,0.761,0.295,22.56,9,0.483,3.035.158,27.898
10.614,106.428,6,3.037,3.64,42.77,26.619,6.007,21.807,35.474,26.952,27.91,4.33,79.72,18.06,12,-4.03,-4.78,-4.88,-4,0.35,2.61,7.9,-0.29,6.54,4.36,0.01,-3.83,Mango,Clay,0.763,0.278,21.81,7,0.363,2.152.794,27.89
10.036,105.703,7,2,3.64,35.628,38.582,5.782,22.089,42.283,45.823,27.531,5.394,82.411,17.9,12,-4.668,-5.955,-6.195,-4.186,0.231,1.278,10.035,-0.188,9.181,5.011,0.399,-4.93,Mango,Clay Loam,0.647,0.303,26.122,7,0.384,2.640.587,27.518
10.094,106.098,6,4,3.64,35.9,30.6,6.137,21.687,42.413,38.062,27.626,4.999,82.122,18.04,12,-4.51,-5.494,-5.665,-4.137,0.441,1.625,9.74,-0.139,7.695,4.644,0.321,-4.57,Mango,Clay Loam,0.661,0.293,24.515,7,0.398,1.870.958,27.6
10.568,105.248,6.686,2,3.64,37.175,31.34,5.669,20.269,42.557,35.66,27.91,4.77,79.76,17.9,12,-3.85,-5.17,-5.46,-3.66,-0.22,0.5,5.61,-0.26,10.88,4.65,0.87,-3.94,Mango,Clay Loam,0.761,0.293,22.56,9,0.483,2.885.568,27.897
10.882,105.745,6.43,2.43,3.64,35.058,31.157,5.643,22.843,42.099,26.282,28.091,3.727,77.62,17.969,12,-3.452,-4.148,-4.238,-3.546,0.077,2.159,5.092,-0.055,6.136,5.18,0.077,-3.297,Mango,Clay Loam,0.85,0.274,18.736,9,0.328,2.941.935,28.075
10.814,105.507,6.799,3,3.64,35.881,26.019,5.58,18.48,45.559,36.898,28.1,3.74,77.56,17.9,12,-3.37,-4.2,-4.32,-3.49,0.06,1.63,4.58,-0.12,6.51,5.58,0.4,-3.31,Mango,Clay Loam,0.853,0.299,18.81,9,0.347,3.078.517,28.08
10.625,106.139,6.492,2,3.64,40.859,33.449,6.097,17.085,42.056,36.398,27.91,4.33,79.72,18.06,12,-4.03,-4.78,-4.88,-4,0.35,2.61,7.9,-0.29,6.54,4.36,0.01,-3.83,Mango,Clay,0.763,0.302,21.81,7,0.363,1.957.677,27.897
10.535,106.522,6.064,3.936,3.64,43.146,24.866,6.181,23.236,33.712,28.345,27.91,4.33,79.72,18.06,12,-4.03,-4.78,-4.88,-4,0.35,2.61,7.9,-0.29,6.54,4.36,0.01,-3.83,Mango,Clay,0.763,0.276,21.81,7,0.363,1.775.567,27.884
10.864,104.992,6.418,3.164,3.64,34.607,35.869,5.475,25,40.393,37.82,28.16,3.9,76.87,18.24,12,-3.21,-4.25,-4.47,-3.37,-0.26,0.68,3.27,0.33,8.7,4.94,0.85,-3.21,Mango,Clay Loam,0.882,0.285,18.77,9,0.464,3.306.154,28.139
10.502,106.2,6,2.462,3.64,43.474,33.67,6.339,18.523,38.03,31.935,27.91,4.33,79.72,18.06,12,-4.03,-4.78,-4.88,-4,0.35,2.61,7.9,-0.29,6.54,4.36,0.01,-3.83,Mango,Clay,0.763,0.292,21.81,7,0.363,1.433.028,27.894
10.709,106.496,6,2.798,3.64,40.605,29.299,5.88,22.433,36.962,24.623,27.91,4.33,79.72,18.06,12,-4.03,-4.78,-4.88,-4,0.35,2.61,7.9,-0.29,6.54,4.36,0.01,-3.83,Mango,Clay,0.763,0.273,21.81,7,0.363,2.428.126,27.892
9.801,105.472,6.31,1.31,3.64,36.159,34.524,5.769,24.762,39.148,38.807,27.561,5.606,82.703,17.3,12,-5.004,-6.155,-6.501,-3.956,-0.055,0.906,10.306,0.179,9.356,5.753,0.534,-5.322,Mango,Clay Loam,0.637,0.287,26.993,7,0.381,2.668.771,27.552
9.788,105.779,6.545,3.455,3.64,38.3,29.7,5.9,25.454,36.246,43.96,27.547,5.549,82.607,17.03,12,-4.894,-6.106,-6.419,-4.035,0.032,1.016,10.212,0.05,9.367,5.521,0.492,-5.202,Mango,Clay Loam,0.64,0.293,26.656,7,0.383,2.384.767,27.525
10.535,105.378,6,3.988,3.64,41.074,28.387,5.501,20.088,38.837,31.405,27.74,4.64,80.6,17.9,12,-4.02,-5.17,-5.35,-3.98,0.31,1.52,7.43,-0.41,8.29,5.16,0.33,-4.15,Mango,Clay,0.722,0.288,23.08,9,0.36,3.249.787,27.714
10.709,105.802,6,2,3.64,41.591,31.304,5.436,19.72,38.781,35.98,27.74,4.64,80.6,17.9,12,-4.02,-5.17,-5.35,-3.98,0.31,1.52,7.43,-0.41,8.29,5.16,0.33,-4.15,Mango,Clay,0.722,0.295,23.08,9,0.36,3.390.705,27.727
10.405,105.262,7,1.608,3.64,37.765,29.146,5.722,21.885,40.351,34.685,27.93,4.817,80.176,17.9,12,-4.011,-5.303,-5.59,-3.589,-0.267,0.692,6.273,-0.193,10.59,4.422,1,-4.062,Mango,Clay Loam,0.746,0.288,23.015,9,0.461,2.770.666,27.92
10.621,105.24,7,3,3.64,38.368,34.548,5.796,20.928,40.704,39.32,27.91,4.77,79.76,17.9,12,-3.85,-5.17,-5.46,-3.66,-0.22,0.5,5.61,-0.26,10.88,4.65,0.87,-3.94,Mango,Clay Loam,0.761,0.297,22.56,9,0.483,2.610.236,27.89
10.6,106.123,6,1.8,3.64,42.58,33.14,6.14,18.92,38.56,31.24,27.91,4.33,79.72,18.06,12,-4.03,-4.78,-4.88,-4,0.35,2.61,7.9,-0.29,6.54,4.36,0.01,-3.83,Mango,Clay,0.763,0.29,21.81,7,0.363,1.864.454,27.898
10.828,105.43,7,2.708,3.64,33.508,23.379,5.542,24.333,42.087,31.542,28.143,3.853,77.071,17.9,12,-3.257,-4.235,-4.426,-3.405,-0.167,0.957,3.652,0.199,8.061,5.127,0.719,-3.239,Mango,Clay Loam,0.874,0.278,18.729,9,0.431,3160.9,28.125
10.502,106.054,6.305,3.39,3.64,37.417,35.12,5.986,19.417,43.166,40.508,27.968,4.15,79.061,18.011,12,-3.829,-4.603,-4.709,-3.844,0.262,2.311,6.887,-0.238,6.531,4.732,0.129,-3.671,Mango,Clay Loam,0.79,0.302,20.894,7,0.33,2.198.322,27.946
10.441,104.636,7,2,3.64,30.24,48.407,5.414,27.502,42.358,47.734,28.02,4.28,79.32,18.24,12,-3.59,-4.73,-4.96,-3.39,-0.31,0.74,4.69,-0.22,9.83,4.01,1.31,-3.42,Mango,Clay Loam,0.783,0.294,20.62,9,0.478,3438.4,28.007
10.442,105.562,6,3.66,3.64,39.098,26.992,5.776,19.21,41.714,31.162,27.777,4.572,80.406,17.935,12,-4.022,-5.084,-5.247,-3.984,0.319,1.76,7.533,-0.384,7.905,4.984,0.26,-4.08,Mango,Clay Loam,0.731,0.289,22.801,9,0.347,2.653.595,27.753
10.093,106.319,6.04,5.842,3.64,34.467,28.936,6.176,17.755,47.873,42.502,27.615,5.034,82.271,18.054,12,-4.558,-5.525,-5.696,-4.153,0.454,1.635,9.965,-0.112,7.637,4.593,0.32,-4.611,Mango,Clay Loam,0.655,0.309,24.655,7,0.405,1.786.407,27.577
9.442,105.36,7,2.039,3.64,34.325,40.094,5.64,29.774,35.901,42.405,27.686,5.388,82.664,17.03,12,-4.955,-5.984,-6.354,-3.676,-0.06,0.851,9.547,0.397,8.881,5.818,0.753,-5.219,Mango,Clay Loam,0.643,0.281,26.248,7,0.364,2.948.439,27.673
8.649,104.867,6,3.79,3.64,37.158,61.708,5.49,32.379,30.463,56.65,28.13,4.02,81.259,17.774,12,-3.976,-4.959,-5.271,-3.159,-0.594,0.608,5.529,0.784,6.912,2.683,4.379,-2.957,Mango,Clay Loam,0.714,0.295,20.916,9,0.331,3.273.635,28.105
10.027,105.281,6,1.242,3.64,36.987,32.889,5.524,26.113,36.9,37.539,27.96,4.89,80.82,17.241,12,-4.26,-5.51,-5.79,-3.48,-0.34,0.99,7.3,-0.09,10.14,4.07,1.2,-4.25,Mango,Clay Loam,0.723,0.282,23.72,9,0.428,3.199.924,27.952
9.373,106.005,6,2.013,3.64,40.444,40.068,5.705,29.956,29.6,39.52,27.77,5.28,82.72,18.77,12,-4.89,-5.87,-6.07,-3.73,0.31,0.66,9.99,0.82,8.06,5.64,0.34,-5.29,Mango,Clay,0.644,0.276,25.85,7,0.387,2.807.521,27.757
10.76,105.648,6,2,3.64,39.601,24.613,5.5,20.728,39.757,31.785,28.049,3.868,77.993,17.9,12,-3.463,-4.338,-4.467,-3.56,0.096,1.614,4.986,-0.161,6.764,5.52,0.39,-3.43,Mango,Clay Loam,0.834,0.287,19.419,9,0.349,3.251.955,28.036
10.398,105.964,7,2,3.64,40.901,34.151,6.3,17.699,41.399,35.448,27.715,4.886,81.073,17.98,12,-4.356,-5.396,-5.572,-4.095,0.275,1.918,8.967,-0.245,7.968,4.716,0.21,-4.401,Mango,Clay,0.704,0.299,24.065,7,0.373,1.517.579,27.702
10.487,105.269,7,1.618,3.64,38.049,30.862,5.6,17.758,44.193,33.107,27.91,4.77,79.76,17.9,12,-3.85,-5.17,-5.46,-3.66,-0.22,0.5,5.61,-0.26,10.88,4.65,0.87,-3.94,Mango,Clay Loam,0.761,0.296,22.56,9,0.483,3.035.158,27.899
9.698,105.937,7,2,3.64,36.491,33.638,6.111,28.417,35.093,44.468,27.713,5.399,82.753,18.252,12,-4.967,-5.974,-6.231,-3.766,0.167,0.69,10.121,0.68,8.441,5.765,0.414,-5.347,Mango,Clay Loam,0.641,0.287,26.285,7,0.385,1.927.325,27.7
10.441,105.522,7,2.56,3.64,36.492,28.233,5.6,19.548,43.961,36.469,27.74,4.64,80.6,17.9,12,-4.02,-5.17,-5.35,-3.98,0.31,1.52,7.43,-0.41,8.29,5.16,0.33,-4.15,Mango,Clay Loam,0.722,0.296,23.08,9,0.36,3.035.158,27.723
10.849,104.697,7,6.98,3.64,27.057,27.945,5.496,40.809,32.134,26.07,28.16,3.9,76.87,18.24,12,-3.21,-4.25,-4.47,-3.37,-0.26,0.68,3.27,0.33,8.7,4.94,0.85,-3.21,Mango,Clay Loam,0.882,0.233,18.77,9,0.464,3.260.627,28.115
10.364,106.485,6.326,2.674,3.64,39.522,31.618,6.267,21.916,38.561,36.033,27.711,4.39,81.33,18.06,12,-4.055,-4.853,-4.962,-4.079,0.319,2.913,8.319,0.27,6.586,3.452,-0.03,-3.909,Mango,Clay Loam,0.694,0.29,21.888,7,0.381,1.589.122,27.694
10.458,104.986,6,2,3.64,32.743,35.614,5.904,27.613,39.596,44.322,27.91,4.77,79.76,18.064,12,-3.85,-5.17,-5.46,-3.66,-0.22,0.5,5.61,-0.26,10.88,4.65,0.87,-3.94,Mango,Clay Loam,0.761,0.289,22.56,9,0.483,2.376.095,27.897
10.867,105.164,7,3,3.64,33.858,25.405,5.509,21.857,44.367,35.52,28.155,3.886,76.931,17.9,12,-3.224,-4.246,-4.457,-3.381,-0.232,0.763,3.385,0.29,8.508,4.996,0.81,-3.219,Mango,Clay Loam,0.88,0.289,18.759,9,0.454,3.232.443,28.136
10.143,105.069,6.649,2,3.64,38.766,25.662,5.5,24.743,36.491,37.762,27.96,4.89,80.82,17.9,12,-4.26,-5.51,-5.79,-3.48,-0.34,0.99,7.3,-0.09,10.14,4.07,1.2,-4.25,Mango,Clay Loam,0.723,0.286,23.72,9,0.428,3.251.955,27.947
10.87,105.386,6.033,2.033,3.64,34.82,31.197,5.603,22.803,42.377,27.037,28.099,3.739,77.565,17.905,12,-3.376,-4.196,-4.314,-3.494,0.061,1.671,4.62,-0.115,6.481,5.549,0.375,-3.309,Mango,Clay Loam,0.853,0.275,18.804,9,0.346,3.028.654,28.086
10.857,106.644,6.079,2.079,3.64,37.904,30.131,6.116,23.262,38.834,34.556,27.735,3.814,78.891,18.06,12,-3.615,-4.135,-4.171,-3.816,0.184,4.121,6.601,0.834,5.342,3.116,-1.206,-3.222,Mango,Clay Loam,0.786,0.285,20.165,7,0.327,1.916.485,27.721
10.509,106.323,6.397,3,3.64,37.784,32.606,6.24,19.43,42.846,43.566,27.91,4.33,79.72,18.06,12,-4.03,-4.78,-4.88,-4,0.35,2.61,7.9,-0.29,6.54,4.36,0.01,-3.83,Mango,Clay Loam,0.763,0.306,21.81,7,0.363,1.647.657,27.89
9.39,105.111,6,1,3.64,41.201,32.609,5.527,26.892,31.907,48.306,27.97,4.72,81.28,17.03,12,-4.59,-5.52,-5.78,-3.25,-0.54,1.6,7.82,0.24,8.31,4.06,1.94,-4.24,Mango,Clay,0.706,0.296,23.92,9,0.347,3193.42,27.964
10.257,105.125,6,2.568,3.64,38.562,28.322,5.6,23.862,37.576,30.908,27.932,4.822,80.218,17.9,12,-4.027,-5.317,-5.603,-3.582,-0.272,0.712,6.341,-0.186,10.56,4.399,1.013,-4.074,Mango,Clay Loam,0.745,0.278,23.061,9,0.459,3.035.158,27.915
10.76,106.265,6.311,2,3.64,44.399,29.542,5.838,17.337,38.332,23.662,28.027,3.903,78.327,18.06,12,-3.706,-4.297,-4.363,-3.738,0.178,2.782,6.431,-0.069,5.919,4.56,-0.238,-3.451,Mango,Clay,0.821,0.283,19.862,7,0.324,2.519.181,28.014
9.426,105.899,6.801,2,3.64,39.3,38.481,5.6,31.14,29.46,43.302,27.618,5.6,82.808,17.377,12,-5.098,-6.15,-6.502,-3.826,-0.074,0.74,10.342,0.444,9.085,5.976,0.54,-5.442,Mango,Clay Loam,0.636,0.279,27.092,7,0.381,3.035.158,27.605
10.528,106.182,6.8,1.8,3.64,41.5,32.98,6.38,18.68,39.84,33.279,27.91,4.33,79.72,18.06,12,-4.03,-4.78,-4.88,-4,0.35,2.61,7.9,-0.29,6.54,4.36,0.01,-3.83,Mango,Clay,0.763,0.294,21.81,7,0.363,1.344.141,27.898
9.058,105.05,6,1.833,3.64,38.617,51.601,5.567,29.519,31.781,47.934,28.04,4.45,80.82,17.191,12,-4.45,-5.29,-5.62,-3.24,-0.63,1.27,6.71,0.39,7.95,3.73,3.01,-3.78,Mango,Clay Loam,0.727,0.289,23.01,9,0.345,3.106.701,28.028
9.689,106.163,6.895,2,3.64,40.97,27.052,6.137,24.173,34.846,35.688,27.744,5.297,82.689,18.679,12,-4.868,-5.885,-6.09,-3.778,0.298,0.72,9.994,0.713,8.199,5.58,0.347,-5.257,Mango,Clay,0.645,0.284,25.878,7,0.387,1.870.958,27.731
10.047,105.283,6,1.364,3.64,37.182,32.682,5.536,25.918,36.9,37.709,27.96,4.89,80.82,17.346,12,-4.26,-5.51,-5.79,-3.48,-0.34,0.99,7.3,-0.09,10.14,4.07,1.2,-4.25,Mango,Clay Loam,0.723,0.283,23.72,9,0.428,3.173.908,27.951
9.179,105.384,6.706,3.587,3.64,34.581,42.459,5.371,30.103,35.316,40.801,27.764,5.44,82.872,17.03,12,-5.192,-6.036,-6.49,-3.391,-0.262,0.576,9.49,0.774,8.683,6.378,0.929,-5.459,Mango,Clay Loam,0.639,0.278,26.83,7,0.354,3.531.623,27.741
9.467,106.211,7,8.842,3.64,39.606,28.308,5.903,26.346,34.047,33.385,27.77,5.28,82.72,18.77,12,-4.89,-5.87,-6.07,-3.73,0.31,0.66,9.99,0.82,8.06,5.64,0.34,-5.29,Mango,Clay Loam,0.644,0.276,25.85,7,0.387,2.378.263,27.713
10.554,105.477,6.936,2,3.64,34.532,26.6,5.874,24.515,40.947,33.541,27.751,4.648,80.546,17.9,12,-4.009,-5.17,-5.357,-3.96,0.276,1.455,7.314,-0.4,8.455,5.127,0.364,-4.137,Mango,Clay Loam,0.725,0.281,23.033,9,0.368,2.441.134,27.738
10.816,105.469,7,2.948,3.64,35.531,26.672,5.6,18.342,46.032,37.795,28.081,3.787,77.718,17.9,12,-3.404,-4.25,-4.374,-3.515,0.073,1.624,4.728,-0.135,6.603,5.558,0.396,-3.354,Mango,Clay Loam,0.846,0.301,19.032,9,0.348,3.035.158,28.062
9.307,105.359,6.541,0.541,3.64,40.933,31.523,5.446,31.225,27.842,34.721,27.58,5.68,82.83,17.03,12,-5.15,-6.22,-6.61,-3.85,-0.17,0.76,10.43,0.35,9.34,6.06,0.59,-5.48,Mango,Clay,0.633,0.267,27.48,7,0.379,3.369.025,27.576
10.343,106.093,7,3.291,3.64,40.607,37.885,6.4,20.716,38.676,53.273,27.91,4.33,79.72,18.06,12,-4.03,-4.78,-4.88,-4,0.35,2.61,7.9,-0.29,6.54,4.36,0.01,-3.83,Mango,Clay,0.763,0.317,21.81,7,0.363,1.300.782,27.889
10.51,106.166,6.871,2,3.64,41.526,32.894,6.358,18.668,39.819,34.245,27.888,4.37,79.834,18.039,12,-4.029,-4.83,-4.941,-3.997,0.345,2.469,7.839,-0.305,6.766,4.463,0.051,-3.871,Mango,Clay,0.757,0.295,21.973,7,0.357,1.391.837,27.875
10.222,105.067,6,2,3.64,38.328,34.142,5.671,23.972,37.6,40.572,27.924,4.804,80.063,17.9,12,-3.967,-5.267,-5.554,-3.609,-0.254,0.64,6.093,-0.211,10.668,4.484,0.964,-4.029,Mango,Clay Loam,0.75,0.292,22.891,9,0.467,2.881.232,27.911
8.909,104.862,7,1.802,3.64,40.428,46.117,5.559,33.22,26.272,52.153,28.04,4.45,80.82,17.803,12,-4.45,-5.29,-5.62,-3.24,-0.63,1.27,6.71,0.39,7.95,3.73,3.01,-3.78,Mango,Clay,0.727,0.287,23.01,9,0.345,3.124.045,28.028
10.029,106.006,6,1.339,3.64,36.375,35.181,6.234,22.257,41.368,48.203,27.579,5.182,82.367,18.475,12,-4.614,-5.7,-5.897,-4.17,0.372,1.501,10.056,-0.134,8.214,4.74,0.351,-4.745,Mango,Clay Loam,0.65,0.306,25.26,7,0.399,1.660.665,27.57
10.549,104.861,6.815,2.815,3.64,31.337,42.589,5.337,28.307,40.356,34.152,27.93,4.679,79.679,18.24,12,-3.802,-5.089,-5.367,-3.61,-0.237,0.544,5.44,-0.253,10.686,4.531,0.951,-3.844,Mango,Clay Loam,0.765,0.273,22.202,9,0.482,3.605.334,27.912
10.404,106.055,6,1.92,3.64,42.828,33.18,6.26,18.141,39.124,74.482,27.914,4.375,79.808,18.074,12,-4.048,-4.838,-4.953,-3.958,0.295,2.48,7.852,-0.274,6.828,4.337,0.105,-3.864,Mango,Clay,0.759,0.353,21.935,7,0.359,1.604.298,27.902
9.439,106.124,7,2,3.64,39.421,40.41,6.068,32.863,27.795,43.648,27.75,5.322,82.732,18.587,12,-4.917,-5.907,-6.127,-3.743,0.26,0.671,10.036,0.771,8.195,5.684,0.366,-5.31,Mango,Clay Loam,0.643,0.276,26.004,7,0.386,2.020.548,27.737
10.719,106.156,6.452,3.548,3.64,39.181,31.314,5.636,19.067,41.752,28.945,28.003,3.99,78.614,18.06,12,-3.773,-4.397,-4.469,-3.792,0.213,2.747,6.734,-0.115,6.047,4.519,-0.187,-3.529,Mango,Clay Loam,0.809,0.287,20.262,7,0.332,2.957.111,27.98
9.652,106.117,6.817,1.817,3.64,40.634,27.311,6.145,24.392,34.974,35.847,27.735,5.353,82.74,18.452,12,-4.938,-5.934,-6.169,-3.752,0.222,0.678,10.07,0.734,8.294,5.717,0.386,-5.325,Mango,Clay,0.642,0.284,26.118,7,0.386,1.853.614,27.723
10.616,105.517,6.452,3.095,3.64,35.607,30.238,5.655,20.469,43.924,36.605,27.74,4.64,80.6,17.9,12,-4.02,-5.17,-5.35,-3.98,0.31,1.52,7.43,-0.41,8.29,5.16,0.33,-4.15,Mango,Clay Loam,0.722,0.294,23.08,9,0.36,2915.92,27.72
9.816,105.472,6.356,1.356,3.64,36.108,34.543,5.764,24.771,39.185,38.659,27.559,5.594,82.684,17.34,12,-4.982,-6.145,-6.485,-3.971,-0.038,0.928,10.287,0.154,9.358,5.707,0.526,-5.298,Mango,Clay Loam,0.638,0.287,26.919,7,0.382,2.679.611,27.55
10.242,105.371,6,2,3.64,39.895,27.711,5.6,23.589,36.468,36.563,27.636,5.019,81.462,17.9,12,-4.333,-5.568,-5.781,-4.079,0.258,1.383,8.661,-0.311,8.811,5.117,0.368,-4.538,Mango,Clay Loam,0.686,0.287,24.61,9,0.358,3.035.158,27.623
10.234,104.676,7,1.268,3.64,31.539,48.308,5.719,27.997,40.491,52.099,28.386,4.441,79.539,18.24,12,-3.817,-5.074,-5.275,-3.485,-0.23,1.164,6.087,-0.213,9.413,3.527,1.544,-3.654,Mango,Clay Loam,0.791,0.299,21.748,9,0.433,2777.17,28.378
9.643,106.192,6.918,1.918,3.64,40.947,27.139,6.176,24.231,34.822,35.655,27.754,5.313,82.729,18.628,12,-4.911,-5.899,-6.114,-3.74,0.271,0.668,10.026,0.782,8.164,5.674,0.36,-5.306,Mango,Clay,0.644,0.284,25.97,7,0.386,1.786.407,27.742
10.603,106.454,7,2.121,3.64,40.36,30.297,5.9,22.93,36.709,26.473,27.91,4.33,79.72,18.06,12,-4.03,-4.78,-4.88,-4,0.35,2.61,7.9,-0.29,6.54,4.36,0.01,-3.83,Mango,Clay,0.763,0.274,21.81,7,0.363,2.384.767,27.896
10.657,105.902,6.247,2,3.64,41.651,31.895,5.672,19.479,38.946,35.431,27.782,4.563,80.383,17.94,12,-4.022,-5.074,-5.234,-3.985,0.32,1.789,7.546,-0.38,7.858,4.962,0.251,-4.071,Mango,Clay,0.732,0.295,22.766,9,0.346,2.879.064,27.769
9.363,105.208,7,2.16,3.64,37.364,35.91,5.416,31.423,31.129,43.717,28.019,4.501,80.651,17.223,12,-4.354,-5.271,-5.594,-3.307,-0.565,1.147,6.535,0.286,8.417,3.877,2.669,-3.806,Mango,Clay Loam,0.732,0.279,22.897,9,0.367,3.434.064,28.005
9.754,105.195,7,2,3.64,32.628,48.533,5.4,25.682,41.703,48.61,27.976,4.664,81.029,17.185,12,-4.462,-5.419,-5.675,-3.268,-0.511,1.49,7.419,0.181,8.505,4.054,1.859,-4.135,Mango,Clay Loam,0.716,0.299,23.47,9,0.362,3.468.752,27.963
10.304,105.586,6.219,2,3.64,36.853,32.227,5.834,17.768,45.456,33.952,27.777,4.668,80.416,17.9,12,-3.983,-5.17,-5.374,-3.91,0.194,1.296,7.031,-0.377,8.858,5.048,0.448,-4.104,Mango,Clay Loam,0.731,0.297,22.918,9,0.387,2.527.853,27.764
10.652,105.466,6,2,3.64,37.212,26.587,5.514,22.722,40.066,32.946,27.74,4.619,80.557,17.904,12,-4.009,-5.144,-5.32,-3.976,0.307,1.586,7.407,-0.378,8.216,5.108,0.29,-4.126,Mango,Clay Loam,0.724,0.284,22.953,9,0.359,3.221.603,27.727
9.687,106.044,6,3.989,3.64,34.084,39.082,6,29.05,36.832,62.04,27.664,5.127,82.468,18.77,12,-4.684,-5.651,-5.831,-4.015,0.409,1.31,10.043,0.21,7.762,4.93,0.327,-4.852,Mango,Clay Loam,0.65,0.31,25.033,7,0.402,2167.97,27.638
10.302,105.215,6,2,3.64,38.655,28.554,5.682,23.073,38.272,35.409,27.879,4.746,79.913,17.9,12,-3.881,-5.17,-5.44,-3.718,-0.123,0.686,5.941,-0.287,10.408,4.743,0.772,-3.978,Mango,Clay Loam,0.754,0.287,22.597,9,0.462,2.857.384,27.866
10.661,104.839,7,5.421,3.64,31.185,31.927,5.579,38.689,30.126,33.286,27.963,4.587,79.152,18.24,12,-3.715,-4.977,-5.252,-3.599,-0.228,0.538,5.118,-0.136,10.422,4.711,0.866,-3.786,Mango,Clay Loam,0.786,0.248,21.693,9,0.481,3.080.685,27.928
9.8,105.006,6,1,3.64,37.941,34.471,5.502,27.129,34.929,41.134,27.96,4.89,80.82,17.708,12,-4.26,-5.51,-5.79,-3.48,-0.34,0.99,7.3,-0.09,10.14,4.07,1.2,-4.25,Mango,Clay Loam,0.723,0.285,23.72,9,0.428,3.247.619,27.954
9.472,106.088,6,2.996,3.64,37.3,40.804,5.95,27.993,34.657,56.303,27.77,5.28,82.72,18.77,12,-4.89,-5.87,-6.07,-3.73,0.31,0.66,9.99,0.82,8.06,5.64,0.34,-5.29,Mango,Clay Loam,0.644,0.304,25.85,7,0.387,2.276.368,27.751
10.512,105.575,6.445,3.889,3.64,35.222,25.589,5.589,22.067,42.711,37.655,27.74,4.64,80.6,17.9,12,-4.02,-5.17,-5.35,-3.98,0.31,1.52,7.43,-0.41,8.29,5.16,0.33,-4.15,Mango,Clay Loam,0.722,0.292,23.08,9,0.36,3.059.006,27.715
9.839,105.295,6.719,1,3.64,35.953,31.718,5.644,27.507,36.54,36.121,27.96,4.89,80.82,17.03,12,-4.26,-5.51,-5.79,-3.48,-0.34,0.99,7.3,-0.09,10.14,4.07,1.2,-4.25,Mango,Clay Loam,0.723,0.277,23.72,9,0.428,2.939.767,27.954
9.705,106.061,6.772,2.228,3.64,38.394,33.24,6.131,27.543,34.063,44.543,27.727,5.371,82.745,18.372,12,-4.949,-5.95,-6.193,-3.757,0.2,0.683,10.091,0.713,8.352,5.736,0.397,-5.333,Mango,Clay Loam,0.642,0.289,26.182,7,0.386,1.883.966,27.713
9.212,105.212,6,4.996,3.64,39.589,29.398,5.3,30.31,30.101,42.285,28.04,4.45,80.82,17.03,12,-4.45,-5.29,-5.62,-3.24,-0.63,1.27,6.71,0.39,7.95,3.73,3.01,-3.78,Mango,Clay Loam,0.727,0.279,23.01,9,0.345,3.685.549,28.008
10.563,106.265,6,2.025,3.64,39.177,32.328,6.297,20.15,40.676,41.573,27.91,4.33,79.72,18.06,12,-4.03,-4.78,-4.88,-4,0.35,2.61,7.9,-0.29,6.54,4.36,0.01,-3.83,Mango,Clay Loam,0.763,0.302,21.81,7,0.363,1.524.083,27.897
10.561,106.147,6,2,3.64,39.55,32.16,6.23,19.71,40.705,41.08,27.851,4.438,80.028,18.004,12,-4.027,-4.916,-5.044,-3.993,0.336,2.229,7.736,-0.332,7.152,4.64,0.122,-3.942,Mango,Clay Loam,0.748,0.302,22.254,7,0.348,1.669.337,27.838
10.755,105.522,7,2.8,3.64,35.6,26.66,5.64,18.4,45.92,37.122,28.028,3.92,78.167,17.9,12,-3.5,-4.394,-4.526,-3.588,0.11,1.608,5.149,-0.178,6.865,5.496,0.386,-3.478,Mango,Clay Loam,0.827,0.3,19.664,9,0.35,2.948.439,28.01
9.375,105.819,7,2,3.64,40.628,41.56,5.896,32.116,27.22,42.267,27.641,5.552,82.795,17.586,12,-5.067,-6.108,-6.437,-3.812,-0.017,0.728,10.289,0.5,8.931,5.926,0.51,-5.419,Mango,Clay,0.637,0.275,26.86,7,0.383,2.393.439,27.628
9.113,104.935,7,1.072,3.64,37.218,47.284,5.778,33.293,29.482,54.926,28.04,4.45,80.82,18.037,12,-4.45,-5.29,-5.62,-3.24,-0.63,1.27,6.71,0.39,7.95,3.73,3.01,-3.78,Mango,Clay Loam,0.727,0.29,23.01,9,0.345,2.649.259,28.033
9.586,106.351,6.969,10.724,3.64,38.932,30.289,6.009,25.939,35.132,88.405,27.774,5.251,82.628,18.748,12,-4.864,-5.837,-6.034,-3.738,0.311,0.72,9.926,0.786,8.013,5.601,0.33,-5.245,Mango,Clay Loam,0.648,0.354,25.718,7,0.386,2.148.458,27.704
10.058,106.108,6,7.712,3.64,34.999,28.345,6.203,22.504,42.497,43.715,27.687,4.864,81.665,18.587,12,-4.438,-5.344,-5.496,-4.119,0.432,1.89,9.511,-0.149,7.334,4.516,0.24,-4.424,Mango,Clay Loam,0.681,0.299,23.97,7,0.398,1.727.872,27.637
10.248,105.036,6,3.075,3.64,36.433,32.699,5.493,24.4,39.121,41.984,27.933,4.826,80.25,17.9,12,-4.04,-5.327,-5.613,-3.577,-0.276,0.727,6.392,-0.181,10.538,4.382,1.023,-4.083,Mango,Clay Loam,0.744,0.293,23.097,9,0.457,3.267.131,27.913
10.393,106.186,7,3.868,3.64,41.284,35.61,6.347,21.079,37.624,51.579,27.932,4.248,79.454,18.06,12,-3.968,-4.688,-4.781,-3.95,0.317,2.643,7.619,-0.248,6.421,4.398,-0.037,-3.758,Mango,Clay,0.774,0.314,21.43,7,0.356,1.415.684,27.907
10.331,105.1,6.727,2,3.64,33.691,27.109,5.791,26.854,39.427,33.745,27.91,4.77,79.76,17.9,12,-3.85,-5.17,-5.46,-3.66,-0.22,0.5,5.61,-0.26,10.88,4.65,0.87,-3.94,Mango,Clay Loam,0.761,0.275,22.56,9,0.483,2.621.076,27.897
8.931,104.842,6,2.515,3.64,36.903,56.287,5.426,32.251,30.846,51.484,28.066,4.326,80.946,17.978,12,-4.314,-5.195,-5.52,-3.217,-0.62,1.08,6.37,0.503,7.652,3.429,3.404,-3.543,Mango,Clay Loam,0.723,0.288,22.409,9,0.341,3.412.385,28.05
10.257,105.125,6,2.575,3.64,38.553,28.308,5.6,23.853,37.594,30.894,27.931,4.821,80.211,17.9,12,-4.024,-5.315,-5.6,-3.583,-0.271,0.708,6.329,-0.188,10.565,4.403,1.01,-4.072,Mango,Clay Loam,0.745,0.278,23.053,9,0.459,3.035.158,27.914
10.537,104.824,6.654,2.654,3.64,31.803,42.926,5.369,28.661,39.536,34.891,27.948,4.6,79.608,18.24,12,-3.76,-5.018,-5.287,-3.567,-0.251,0.583,5.292,-0.246,10.517,4.429,1.022,-3.76,Mango,Clay Loam,0.768,0.273,21.889,9,0.481,3.535.959,27.931
9.564,105.243,7,2,3.64,41.571,28.526,5.874,28.227,30.302,43.623,27.803,4.987,81.703,17.03,12,-4.623,-5.702,-5.958,-3.599,-0.265,1.463,8.64,0.077,8.711,4.435,1.372,-4.511,Mango,Clay,0.684,0.286,24.658,9,0.353,2.441.134,27.79
10.876,104.986,6.988,2.025,3.64,34.209,36.78,5.304,25,40.791,39.073,28.16,3.9,76.87,18.24,12,-3.21,-4.25,-4.47,-3.37,-0.26,0.68,3.27,0.33,8.7,4.94,0.85,-3.21,Mango,Clay Loam,0.882,0.287,18.77,9,0.464,3.676.877,28.147
9.749,106.392,7,14.559,3.64,40.436,26.012,6.284,27.815,31.748,26.612,27.776,5.242,82.6,18.742,12,-4.856,-5.826,-6.022,-3.741,0.312,0.738,9.906,0.775,7.999,5.589,0.327,-5.231,Mango,Clay,0.649,0.263,25.676,7,0.386,1.552.267,27.681
10.391,106.084,6.133,6,3.64,39.88,25.887,6.373,19.374,40.833,29.206,27.91,4.33,79.72,18.06,12,-4.03,-4.78,-4.88,-4,0.35,2.61,7.9,-0.29,6.54,4.36,0.01,-3.83,Mango,Clay Loam,0.763,0.286,21.81,7,0.363,1.359.317,27.871
10.22,105.592,6.421,5.843,3.64,32.179,27.715,5.616,24.205,43.616,36.852,27.613,5.103,81.653,17.9,12,-4.402,-5.656,-5.877,-4.102,0.246,1.352,8.935,-0.288,8.927,5.108,0.376,-4.625,Mango,Clay Loam,0.678,0.286,24.95,7,0.358,3000.47,27.575
9.959,105.668,6.561,2.123,3.64,38.884,38.393,6.005,22.53,38.586,52.07,27.936,4.501,80.404,17.608,12,-4.276,-5.105,-5.275,-3.671,-0.04,2.167,7.865,-0.058,7.316,4.228,0.857,-4.01,Mango,Clay Loam,0.738,0.311,22.435,7,0.351,2157.13,27.922
8.698,104.946,6.275,3.451,3.64,34.148,50.473,5.4,34.81,31.042,50.223,28.14,3.97,81.31,17.74,12,-3.92,-4.92,-5.23,-3.15,-0.59,0.53,5.39,0.83,6.79,2.56,4.54,-2.86,Mango,Clay Loam,0.712,0.28,20.67,9,0.329,3.468.752,28.118
10.615,106.499,6.487,3.513,3.64,42.132,27.274,6.054,22.813,35.106,28.641,27.91,4.33,79.72,18.06,12,-4.03,-4.78,-4.88,-4,0.35,2.61,7.9,-0.29,6.54,4.36,0.01,-3.83,Mango,Clay,0.763,0.278,21.81,7,0.363,2050.9,27.887
10.542,106.163,6,2.127,3.64,38.985,32.249,6.186,20.187,40.828,41.411,27.888,4.369,79.831,18.04,12,-4.029,-4.829,-4.939,-3.997,0.345,2.472,7.841,-0.305,6.762,4.461,0.051,-3.871,Mango,Clay Loam,0.757,0.302,21.97,7,0.358,1.764.728,27.874
10.894,106.649,6,2.099,3.64,37.621,29.911,6.07,23.491,38.879,34.383,27.756,3.764,78.709,18.06,12,-3.578,-4.08,-4.112,-3.782,0.163,4.112,6.419,0.841,5.28,3.173,-1.215,-3.181,Mango,Clay Loam,0.793,0.284,19.948,7,0.321,2.016.212,27.742
10.212,105.128,6,2,3.64,39.769,27.942,5.558,23.294,36.937,38.365,27.96,4.89,80.82,17.9,12,-4.26,-5.51,-5.79,-3.48,-0.34,0.99,7.3,-0.09,10.14,4.07,1.2,-4.25,Mango,Clay Loam,0.723,0.29,23.72,9,0.428,3.126.213,27.947
9.335,105.98,7,2,3.64,40.526,33.585,5.662,32.188,27.286,32.912,27.789,5.297,82.767,18.288,12,-4.979,-5.895,-6.172,-3.583,0.141,0.616,9.744,0.856,8.157,5.881,0.542,-5.334,Mango,Clay,0.643,0.262,25.963,7,0.376,2.900.744,27.776
10.388,105.938,6.592,2.408,3.64,37.282,31.315,5.885,22.7,40.018,37.066,27.748,4.408,80.698,17.965,12,-3.93,-4.905,-5.044,-4.004,0.286,2.339,7.446,-0.059,7.393,4.243,0.114,-3.909,Mango,Clay Loam,0.719,0.29,21.851,7,0.341,2.417.287,27.732
9.637,105.934,6.088,1.088,3.64,41.2,30.376,6.109,24.83,33.97,32.854,27.597,5.645,82.82,17.182,12,-5.127,-6.189,-6.563,-3.839,-0.128,0.751,10.391,0.391,9.228,6.023,0.568,-5.463,Mango,Clay,0.634,0.279,27.309,7,0.38,1.931.661,27.59
9.422,105.222,6.211,3.579,3.64,36.284,29.516,5.421,33.005,30.711,38.711,28.013,4.517,80.597,17.285,12,-4.324,-5.265,-5.586,-3.328,-0.544,1.108,6.478,0.253,8.567,3.924,2.559,-3.814,Mango,Clay Loam,0.734,0.268,22.861,9,0.374,3.423.225,27.99
9.87,105,7,4.508,3.64,36.569,34.534,5.575,33.957,29.474,42.68,27.959,4.649,80.16,18.146,12,-4.076,-5.215,-5.52,-3.502,-0.375,0.79,6.025,-0.015,9.775,4.303,1.677,-3.88,Mango,Clay Loam,0.748,0.272,22.583,9,0.433,3.089.357,27.93
10.336,105.544,6.368,4,3.64,41.474,31.5,5.889,18.105,40.447,35.947,27.74,4.64,80.6,17.9,12,-4.02,-5.17,-5.35,-3.98,0.31,1.52,7.43,-0.41,8.29,5.16,0.33,-4.15,Mango,Clay,0.722,0.299,23.08,9,0.36,2.408.615,27.714
10.761,106.102,6.733,2,3.64,35.826,31.347,5.747,23.02,41.154,27.32,27.961,4.173,79.144,18.017,12,-3.854,-4.625,-4.731,-3.864,0.273,2.348,7.014,-0.245,6.532,4.686,0.114,-3.691,Mango,Clay Loam,0.787,0.275,21.01,7,0.335,2.716.466,27.948
9.917,105.779,6.868,3.737,3.64,37.139,37.224,6,26.521,36.326,57.695,27.553,5.419,82.459,17.259,12,-4.708,-5.992,-6.235,-4.129,0.214,1.155,10.025,-0.066,9.215,5.145,0.401,-5.012,Mango,Clay Loam,0.646,0.31,26.142,7,0.383,2167.97,27.529
10.439,105.7,6.284,2.568,3.64,36.831,26.813,5.671,23.013,40.157,32.161,27.703,4.757,81.094,18.147,12,-4.179,-5.275,-5.452,-4.031,0.353,1.554,8.18,-0.322,8.097,4.992,0.327,-4.286,Mango,Clay Loam,0.702,0.282,23.545,7,0.348,2.881.232,27.686
10.401,106.241,6.091,3.818,3.64,37.545,35.527,6.136,19.545,42.909,40.573,27.927,4.276,79.524,18.045,12,-3.97,-4.727,-4.829,-3.954,0.324,2.521,7.598,-0.275,6.537,4.471,0.045,-3.783,Mango,Clay Loam,0.771,0.302,21.538,7,0.353,1.873.126,27.902
10.644,106.001,6.18,2,3.64,39.49,37.955,6.092,17.544,42.984,39.79,27.879,4.386,79.878,18.031,12,-4.028,-4.85,-4.964,-3.996,0.343,2.414,7.816,-0.312,6.854,4.504,0.067,-3.887,Mango,Clay Loam,0.755,0.305,22.037,7,0.355,1.968.517,27.866
10.629,105.451,6.238,2,3.64,36.559,26.524,5.595,23.104,40.338,33.09,27.74,4.64,80.6,17.9,12,-4.02,-5.17,-5.35,-3.98,0.31,1.52,7.43,-0.41,8.29,5.16,0.33,-4.15,Mango,Clay Loam,0.722,0.283,23.08,9,0.36,3.045.998,27.727
9.599,105.009,7,1.057,3.64,37.929,36.306,5.691,25.892,36.18,45.674,27.972,4.712,81.267,17.057,12,-4.586,-5.513,-5.775,-3.25,-0.543,1.591,7.788,0.244,8.3,4.051,1.971,-4.227,Mango,Clay Loam,0.707,0.294,23.894,9,0.347,2.837.873,27.965
9.5,105.144,7,2,3.64,41.381,27.386,5.836,28.93,29.789,43.509,27.889,4.85,81.486,17.03,12,-4.606,-5.609,-5.867,-3.42,-0.406,1.533,8.22,0.16,8.505,4.243,1.663,-4.372,Mango,Clay,0.695,0.284,24.28,9,0.35,2.523.517,27.876
10.366,104.984,7,2.146,3.64,35.479,32.287,5.5,33.284,31.238,41.102,27.91,4.77,79.76,18.24,12,-3.85,-5.17,-5.46,-3.66,-0.22,0.5,5.61,-0.26,10.88,4.65,0.87,-3.94,Mango,Clay Loam,0.761,0.271,22.56,9,0.483,3.251.955,27.896
10.451,106.241,6.492,2.508,3.64,42.871,33.608,6.5,18.348,38.781,33.238,27.91,4.33,79.72,18.06,12,-4.03,-4.78,-4.88,-4,0.35,2.61,7.9,-0.29,6.54,4.36,0.01,-3.83,Mango,Clay,0.763,0.294,21.81,7,0.363,1.083.985,27.894
9.889,104.931,6,1.247,3.64,37.872,34.473,5.474,26.435,35.669,40.877,27.948,4.86,80.558,18.02,12,-4.159,-5.426,-5.708,-3.525,-0.31,0.869,6.882,-0.132,10.323,4.213,1.118,-4.173,Mango,Clay Loam,0.733,0.286,23.433,9,0.441,3.308.322,27.94
10.507,106.208,6.871,2,3.64,41.487,33.139,6.422,18.203,40.31,34.297,27.91,4.33,79.72,18.06,12,-4.03,-4.78,-4.88,-4,0.35,2.61,7.9,-0.29,6.54,4.36,0.01,-3.83,Mango,Clay,0.763,0.296,21.81,7,0.363,1.253.087,27.897
8.94,104.988,6.445,0.891,3.64,39.12,43.537,5.5,32.18,28.745,48.752,28.04,4.45,80.82,17.879,12,-4.45,-5.29,-5.62,-3.24,-0.63,1.27,6.71,0.39,7.95,3.73,3.01,-3.78,Mango,Clay Loam,0.727,0.284,23.01,9,0.345,3.251.955,28.034
9.862,105.093,6.515,3.485,3.64,37.166,30.859,5.451,32.746,30.088,39.953,27.973,4.615,80.274,17.653,12,-4.141,-5.228,-5.538,-3.456,-0.419,0.874,6.144,0.055,9.458,4.204,1.908,-3.862,Mango,Clay Loam,0.744,0.271,22.644,9,0.418,3.358.186,27.95
10.471,106.422,7,6.845,3.64,35.996,32.995,6.064,21.28,42.688,53.638,27.971,4.107,78.994,18.06,12,-3.861,-4.529,-4.611,-3.863,0.26,2.7,7.135,-0.175,6.217,4.464,-0.119,-3.632,Mango,Clay Loam,0.793,0.316,20.79,7,0.343,2029.22,27.927
10.442,105.644,6.407,2,3.64,41.218,32.022,5.937,19.248,39.475,40.911,27.809,4.693,80.258,17.9,12,-3.951,-5.17,-5.395,-3.85,0.094,1.105,6.689,-0.349,9.344,4.952,0.55,-4.065,Mango,Clay,0.738,0.303,22.78,9,0.411,2.304.552,27.796
9.528,106.091,6,2.327,3.64,37.367,41.608,5.984,26.654,35.895,56.771,27.77,5.28,82.72,18.77,12,-4.89,-5.87,-6.07,-3.73,0.31,0.66,9.99,0.82,8.06,5.64,0.34,-5.29,Mango,Clay Loam,0.644,0.308,25.85,7,0.387,2.202.658,27.755
10.568,105.648,6,2.609,3.64,31.869,28.978,5.478,30.097,37.973,30.496,28.045,4.19,78.835,17.9,12,-3.718,-4.712,-4.895,-3.486,-0.096,1.38,5.644,-0.108,7.93,4.989,0.713,-3.678,Mango,Clay Loam,0.802,0.263,20.693,9,0.384,3299.65,28.028
10.329,105.344,6,2,3.64,44.369,29.046,5.988,18.776,36.854,34.951,27.747,4.648,80.607,17.9,12,-4.027,-5.18,-5.363,-3.965,0.29,1.504,7.426,-0.4,8.347,5.127,0.357,-4.153,Mango,Clay,0.722,0.296,23.088,9,0.362,2.193.986,27.734
10.491,105.713,7,2,3.64,35.768,26.784,5.723,19.161,45.071,34.761,27.74,4.64,80.6,17.9,12,-4.02,-5.17,-5.35,-3.98,0.31,1.52,7.43,-0.41,8.29,5.16,0.33,-4.15,Mango,Clay Loam,0.722,0.295,23.08,9,0.36,2.768.498,27.727
10.292,106.48,7,4.687,3.64,38.563,26.034,6.4,19.481,42.022,36.082,27.811,4.159,80.456,18.06,12,-3.879,-4.609,-4.696,-4.026,0.284,3.214,7.618,0.196,6.244,3.408,-0.128,-3.653,Mango,Clay Loam,0.731,0.296,20.991,7,0.363,1.300.782,27.781
10.711,106.363,6.325,2.325,3.64,43.269,30.028,6.098,17.883,38.848,31.363,28.025,3.912,78.357,18.06,12,-3.713,-4.308,-4.374,-3.744,0.181,2.779,6.463,-0.074,5.933,4.556,-0.233,-3.459,Mango,Clay,0.819,0.293,19.905,7,0.325,1.955.509,28.01
9.388,105.087,6.773,2.68,3.64,40.838,27.002,5.687,29.759,29.481,43.151,27.986,4.659,81.176,17.03,12,-4.558,-5.468,-5.744,-3.248,-0.56,1.525,7.569,0.274,8.228,3.985,2.182,-4.136,Mango,Clay,0.711,0.282,23.714,9,0.346,2.846.545,27.969
10.793,106.278,6,2.131,3.64,44.633,29.226,5.9,18.915,36.539,24.487,28.058,3.791,77.964,18.06,12,-3.622,-4.172,-4.228,-3.67,0.133,2.827,6.049,-0.012,5.758,4.612,-0.303,-3.352,Mango,Clay,0.836,0.281,19.359,7,0.312,2.384.767,28.044
9.767,105.978,6,4.879,3.64,32.312,37.811,5.994,30.561,37.127,64.718,27.637,5.033,82.258,18.754,12,-4.559,-5.53,-5.7,-4.141,0.44,1.63,9.965,-0.103,7.66,4.533,0.36,-4.603,Mango,Clay Loam,0.657,0.31,24.636,7,0.405,2.180.978,27.605
9.769,105.857,6,2.361,3.64,37.929,39.015,6.045,26.035,36.09,53.565,27.553,5.571,82.644,17.03,12,-4.937,-6.125,-6.451,-4.004,-0.002,0.973,10.248,0.1,9.363,5.611,0.508,-5.249,Mango,Clay Loam,0.639,0.305,26.768,7,0.382,2.070.411,27.538
10.566,105.2,7,2,3.64,35.846,30.428,5.653,20.442,43.712,35.746,27.91,4.77,79.76,17.9,12,-3.85,-5.17,-5.46,-3.66,-0.22,0.5,5.61,-0.26,10.88,4.65,0.87,-3.94,Mango,Clay Loam,0.761,0.293,22.56,9,0.483,2.920.256,27.897
10.209,105.164,6,2,3.64,39.629,27.907,5.593,23.712,36.659,37.32,27.96,4.89,80.82,17.9,12,-4.26,-5.51,-5.79,-3.48,-0.34,0.99,7.3,-0.09,10.14,4.07,1.2,-4.25,Mango,Clay Loam,0.723,0.288,23.72,9,0.428,3.050.334,27.947
10.643,105.587,6.17,3,3.64,34.973,26.087,5.517,21.145,43.881,37.991,27.74,4.64,80.6,17.9,12,-4.02,-5.17,-5.35,-3.98,0.31,1.52,7.43,-0.41,8.29,5.16,0.33,-4.15,Mango,Clay Loam,0.722,0.295,23.08,9,0.36,3215.1,27.72
10.672,106.532,7,2.52,3.64,41.956,31.545,5.996,23.501,34.543,29.864,27.838,4.205,80.258,18.06,12,-3.92,-4.655,-4.746,-4.019,0.302,3.052,7.694,0.065,6.324,3.664,-0.091,-3.7,Mango,Clay,0.739,0.278,21.131,7,0.365,2.176.642,27.822
10.469,104.984,6,74.421,3.64,29.277,35.366,5.734,41.924,28.865,44.689,27.91,4.77,79.76,18.125,12,-3.85,-5.17,-5.46,-3.66,-0.22,0.5,5.61,-0.26,10.88,4.65,0.87,-3.94,Mango,Clay Loam,0.761,0.256,22.56,9,0.483,2744.65,27.426
10.255,105.942,7,2,3.64,40.686,33.117,6.114,20.232,39.083,36.391,27.632,4.98,82.042,18.033,12,-4.484,-5.477,-5.648,-4.129,0.434,1.619,9.618,-0.153,7.726,4.671,0.322,-4.548,Mango,Clay,0.664,0.294,24.439,7,0.394,1.920.821,27.619
9.855,105.887,6.569,2,3.64,40.252,27.215,5.941,24.402,35.303,36.276,27.662,5.349,82.591,18.395,12,-4.8,-5.93,-6.152,-3.928,0.263,0.906,10.007,0.38,8.633,5.394,0.37,-5.152,Mango,Clay,0.645,0.285,25.962,7,0.386,2295.88,27.649
10.069,105.949,6,2.497,3.64,34.299,36.726,6.15,23.549,42.152,45.597,27.642,4.948,81.907,17.246,12,-4.441,-5.448,-5.62,-4.115,0.423,1.61,9.413,-0.177,7.779,4.717,0.322,-4.511,Mango,Clay Loam,0.67,0.3,24.312,7,0.388,1.842.774,27.626
10.488,106.428,6,2,3.64,39.085,32.721,6.338,19.587,41.327,40.466,27.853,4.23,80.149,18.06,12,-3.942,-4.68,-4.773,-4.015,0.312,2.962,7.735,-0.007,6.368,3.805,-0.07,-3.727,Mango,Clay Loam,0.744,0.302,21.214,7,0.365,1.435.196,27.84
10.194,105.783,6,2,3.64,35.024,32.104,6.088,22.257,42.689,36.243,27.702,4.76,81.11,17.947,12,-4.184,-5.278,-5.456,-4.033,0.354,1.555,8.204,-0.319,8.091,4.987,0.327,-4.291,Mango,Clay Loam,0.702,0.29,23.561,7,0.349,1.977.189,27.689
9.734,105.098,7,1,3.64,35.617,41.567,5.467,27.066,37.317,43.935,27.968,4.748,81.203,17.03,12,-4.535,-5.518,-5.782,-3.288,-0.507,1.498,7.733,0.185,8.616,4.062,1.816,-4.242,Mango,Clay Loam,0.709,0.289,23.872,9,0.36,3.323.498,27.962
10.292,104.676,7,1.832,3.64,31.201,53.158,5.55,27.151,41.731,47.474,28.104,4.317,79.37,18.24,12,-3.642,-4.809,-5.032,-3.412,-0.292,0.837,5.01,-0.218,9.734,3.899,1.364,-3.474,Mango,Clay Loam,0.785,0.294,20.879,9,0.467,3.143.556,28.092
9.764,106.378,7,2,3.64,43.293,29.821,6.196,27.594,29.114,29.933,27.77,5.236,82.651,18.744,12,-4.85,-5.82,-6.016,-3.741,0.308,0.765,9.898,0.806,7.988,5.54,0.32,-5.227,Mango,Clay,0.647,0.268,25.654,7,0.386,1.743.048,27.757
10.617,105.294,6.736,2.736,3.64,39.226,33.994,5.821,20.2,40.574,37.719,27.91,4.77,79.76,17.9,12,-3.85,-5.17,-5.46,-3.66,-0.22,0.5,5.61,-0.26,10.88,4.65,0.87,-3.94,Mango,Clay Loam,0.761,0.296,22.56,9,0.483,2.556.037,27.892
10.474,105.069,6.336,2,3.64,33.631,35.765,5.731,26.129,40.24,42.805,27.91,4.77,79.76,17.9,12,-3.85,-5.17,-5.46,-3.66,-0.22,0.5,5.61,-0.26,10.88,4.65,0.87,-3.94,Mango,Clay Loam,0.761,0.29,22.56,9,0.483,2.751.154,27.897
10.234,105.015,6,2.949,3.64,36.441,31.461,5.505,24.663,38.844,44.449,27.936,4.833,80.317,18.079,12,-4.065,-5.349,-5.633,-3.565,-0.283,0.757,6.498,-0.171,10.491,4.345,1.043,-4.103,Mango,Clay Loam,0.741,0.296,23.169,9,0.453,3.241.115,27.917
10.485,105.44,6.156,3,3.64,37.313,31.916,5.431,20.303,42.369,40.66,27.796,4.5,80.126,17.9,12,-3.919,-5.019,-5.189,-3.904,0.271,1.537,6.986,-0.365,8.013,5.225,0.341,-4.019,Mango,Clay Loam,0.742,0.3,22.415,9,0.358,3.401.545,27.776
8.891,105.085,6.194,1,3.64,39.652,52.847,5.419,31.478,28.87,50.208,28.059,4.357,80.915,17.941,12,-4.347,-5.218,-5.544,-3.223,-0.622,1.126,6.453,0.476,7.725,3.503,3.307,-3.601,Mango,Clay Loam,0.724,0.288,22.555,9,0.342,3.427.561,28.053
9.694,105.935,6.585,4,3.64,35.502,38.254,5.959,28.829,35.668,53.668,27.624,5.374,82.544,17.751,12,-4.767,-5.952,-6.181,-3.999,0.246,0.994,10.013,0.223,8.839,5.306,0.381,-5.103,Mango,Clay Loam,0.646,0.299,26.002,7,0.385,2.256.857,27.598
10.62,105.271,6.132,2.132,3.64,39.287,32.603,5.64,20.2,40.513,35.24,27.91,4.77,79.76,17.9,12,-3.85,-5.17,-5.46,-3.66,-0.22,0.5,5.61,-0.26,10.88,4.65,0.87,-3.94,Mango,Clay Loam,0.761,0.293,22.56,9,0.483,2.948.439,27.896
9.842,105.708,6.794,3,3.64,38.732,30.318,5.9,25.603,35.665,46.018,27.532,5.489,82.504,17.03,12,-4.777,-6.053,-6.332,-4.12,0.124,1.133,10.112,-0.087,9.38,5.274,0.447,-5.075,Mango,Clay Loam,0.644,0.296,26.444,7,0.382,2.384.767,27.512
9.659,105.803,7,1.112,3.64,41.131,31.688,5.9,24.855,34.014,45.855,27.58,5.68,82.83,17.03,12,-5.15,-6.22,-6.61,-3.85,-0.17,0.76,10.43,0.35,9.34,6.06,0.59,-5.48,Mango,Clay,0.633,0.297,27.48,7,0.379,2.384.767,27.573
10.529,105.631,7,2,3.64,35.343,25.839,5.581,19.822,44.835,35.422,27.74,4.64,80.6,17.9,12,-4.02,-5.17,-5.35,-3.98,0.31,1.52,7.43,-0.41,8.29,5.16,0.33,-4.15,Mango,Clay Loam,0.722,0.294,23.08,9,0.36,3.076.349,27.727
8.684,105.056,6.057,2,3.64,38.277,44.286,5.5,33.4,28.423,40.543,28.134,3.997,81.282,17.976,12,-3.95,-4.941,-5.252,-3.155,-0.592,0.572,5.465,0.805,6.856,2.627,4.453,-2.913,Mango,Clay Loam,0.713,0.27,20.803,9,0.33,3.251.955,28.121
9.477,106.088,6,2.938,3.64,37.306,40.875,5.953,27.875,34.765,56.344,27.77,5.28,82.72,18.77,12,-4.89,-5.87,-6.07,-3.73,0.31,0.66,9.99,0.82,8.06,5.64,0.34,-5.29,Mango,Clay Loam,0.644,0.305,25.85,7,0.387,2.269.865,27.751
10.63,105.082,7,2,3.64,34.795,29.027,5.513,20.862,44.343,34.695,27.91,4.77,79.76,17.9,12,-3.85,-5.17,-5.46,-3.66,-0.22,0.5,5.61,-0.26,10.88,4.65,0.87,-3.94,Mango,Clay Loam,0.761,0.291,22.56,9,0.483,3.223.771,27.897
10.202,106.538,7,2.961,3.64,40.698,37.694,6.484,19.208,40.094,46.429,27.894,4.573,82.713,18.054,12,-4.106,-5.151,-5.273,-3.903,0.416,1.501,8.381,0.435,7.627,3.748,0.714,-4.342,Mango,Clay,0.649,0.311,22.775,7,0.367,1.118.673,27.875
10.831,105.423,7,3,3.64,35.28,26.353,5.588,18.776,45.868,37.495,28.107,3.76,77.476,17.9,12,-3.35,-4.206,-4.338,-3.475,0.021,1.514,4.42,-0.065,6.777,5.502,0.455,-3.298,Mango,Clay Loam,0.857,0.299,18.732,9,0.363,3.061.174,28.088
9.507,105.632,6,2,3.64,36.524,41.562,5.781,26.383,37.048,54.864,27.88,4.973,81.931,17.817,12,-4.726,-5.678,-5.911,-3.467,-0.156,1.175,8.801,0.502,8.197,4.774,1.216,-4.715,Mango,Clay Loam,0.678,0.306,24.653,7,0.357,2.642.755,27.867
10.592,105.3,7,2.934,3.64,39.431,34.441,5.887,20.18,40.388,38.998,27.91,4.77,79.76,17.9,12,-3.85,-5.17,-5.46,-3.66,-0.22,0.5,5.61,-0.26,10.88,4.65,0.87,-3.94,Mango,Clay Loam,0.761,0.298,22.56,9,0.483,2.412.951,27.891
10.296,106.047,7,5.684,3.64,37.573,25.815,6.179,21.19,41.237,35.437,27.856,4.428,79.998,18.009,12,-4.027,-4.903,-5.029,-3.994,0.337,2.265,7.751,-0.328,7.093,4.613,0.111,-3.931,Mango,Clay Loam,0.75,0.291,22.212,7,0.35,1.779.903,27.819
10.319,106.159,6,1.493,3.64,36.442,34.499,6.151,20.041,43.517,53.202,27.758,4.695,81.049,18.42,12,-4.309,-5.165,-5.301,-4.081,0.406,2.118,9.001,-0.194,7.083,4.467,0.167,-4.236,Mango,Clay Loam,0.706,0.318,23.286,7,0.387,1.840.607,27.748
9.751,106.392,7,14.543,3.64,40.437,26.016,6.283,27.809,31.754,26.609,27.776,5.241,82.595,18.74,12,-4.854,-5.825,-6.021,-3.741,0.312,0.741,9.903,0.774,7.997,5.587,0.326,-5.229,Mango,Clay,0.649,0.263,25.67,7,0.386,1.554.434,27.681
10.39,105.061,6.148,3.852,3.64,35.897,33.478,5.445,23.985,40.119,42.014,27.91,4.77,79.76,17.9,12,-3.85,-5.17,-5.46,-3.66,-0.22,0.5,5.61,-0.26,10.88,4.65,0.87,-3.94,Mango,Clay Loam,0.761,0.294,22.56,9,0.483,3.371.193,27.885
10.218,105.068,6,2,3.64,39.995,27.999,5.501,22.616,37.389,40.06,27.96,4.89,80.82,17.9,12,-4.26,-5.51,-5.79,-3.48,-0.34,0.99,7.3,-0.09,10.14,4.07,1.2,-4.25,Mango,Clay Loam,0.723,0.294,23.72,9,0.428,3.249.787,27.947
10.045,106.49,6.035,2,3.64,34.628,33.835,6.279,23.645,41.63,34.959,27.607,5.064,82.343,18.054,12,-4.583,-5.556,-5.729,-4.161,0.451,1.626,10.069,-0.103,7.672,4.587,0.323,-4.642,Mango,Clay Loam,0.652,0.285,24.774,7,0.407,1.563.106,27.594
10.717,106.032,6,1.01,3.64,41.513,32.508,5.903,19.394,39.192,30.41,27.91,4.33,79.72,18.06,12,-4.03,-4.78,-4.88,-4,0.35,2.61,7.9,-0.29,6.54,4.36,0.01,-3.83,Mango,Clay,0.763,0.288,21.81,7,0.363,2.378.263,27.903
10.092,105.931,7,1,3.64,35.286,34.364,6.09,27.039,37.676,43.886,27.606,5.069,82.344,17.858,12,-4.585,-5.563,-5.737,-4.161,0.447,1.62,10.068,-0.105,7.696,4.594,0.324,-4.646,Mango,Clay Loam,0.652,0.289,24.797,7,0.407,1.972.853,27.6
10.633,105.653,6.361,2,3.64,41.483,32.113,5.508,19.836,38.744,36.586,27.74,4.64,80.6,17.9,12,-4.02,-5.17,-5.35,-3.98,0.31,1.52,7.43,-0.41,8.29,5.16,0.33,-4.15,Mango,Clay,0.722,0.296,23.08,9,0.36,3.234.611,27.727
10.361,106.367,6.132,3.736,3.64,37.574,35.951,6.226,19.442,42.985,40.349,27.89,4.296,79.868,18.06,12,-4,-4.746,-4.843,-4.005,0.337,2.732,7.843,-0.192,6.481,4.168,-0.018,-3.794,Mango,Clay Loam,0.756,0.302,21.598,7,0.364,1.678.009,27.866
10.565,106.169,6.455,1.909,3.64,40.954,31.591,6.082,19.355,39.746,30.991,27.91,4.33,79.72,18.06,12,-4.03,-4.78,-4.88,-4,0.35,2.61,7.9,-0.29,6.54,4.36,0.01,-3.83,Mango,Clay,0.763,0.289,21.81,7,0.363,1.990.196,27.898
8.618,104.847,6,3.031,3.64,38.363,62.019,5.452,32.109,29.528,53.915,28.14,3.97,81.31,17.74,12,-3.92,-4.92,-5.23,-3.15,-0.59,0.53,5.39,0.83,6.79,2.56,4.54,-2.86,Mango,Clay Loam,0.712,0.292,20.67,9,0.329,3.356.018,28.12
10.479,106.346,7,2,3.64,42.647,31.864,6.3,18.389,38.964,40.68,27.91,4.33,79.72,18.06,12,-4.03,-4.78,-4.88,-4,0.35,2.61,7.9,-0.29,6.54,4.36,0.01,-3.83,Mango,Clay,0.763,0.305,21.81,7,0.363,1.517.579,27.897
10.732,104.805,6.667,14.662,3.64,26.367,28.333,5.6,42.699,30.934,31.63,28.077,4.19,77.833,18.127,12,-3.423,-4.556,-4.8,-3.467,-0.247,0.62,4.05,0.133,9.426,4.843,0.857,-3.453,Mango,Loam,0.842,0.236,19.946,9,0.473,3.035.158,27.982
9.23,105.663,6.14,2,3.64,39.716,37.877,5.67,32.914,27.384,47.858,27.83,5.332,82.866,17.273,12,-5.165,-5.947,-6.388,-3.274,-0.215,0.522,9.224,0.932,8.361,6.389,0.968,-5.428,Mango,Clay Loam,0.641,0.281,26.417,7,0.349,2883.4,27.817
9.735,105.106,7,1,3.64,37.44,42.082,5.306,24.878,37.585,44.552,27.97,4.72,81.28,17.03,12,-4.59,-5.52,-5.78,-3.25,-0.54,1.6,7.82,0.24,8.31,4.06,1.94,-4.24,Mango,Clay Loam,0.706,0.295,23.92,9,0.347,3.672.541,27.964
10.4,105.603,6,4.384,3.64,37.862,26.262,5.669,17.993,44.145,32.561,27.74,4.64,80.6,17.9,12,-4.02,-5.17,-5.35,-3.98,0.31,1.52,7.43,-0.41,8.29,5.16,0.33,-4.15,Mango,Clay Loam,0.722,0.294,23.08,9,0.36,2.885.568,27.712
10.623,105.263,6.705,2,3.64,38.384,29.552,5.741,20.834,40.782,34.136,27.91,4.77,79.76,17.9,12,-3.85,-5.17,-5.46,-3.66,-0.22,0.5,5.61,-0.26,10.88,4.65,0.87,-3.94,Mango,Clay Loam,0.761,0.29,22.56,9,0.483,2.729.474,27.897
9.807,105.632,7,2.404,3.64,41.695,31.634,6,26.324,32.081,43.495,27.52,5.44,82.42,17.03,12,-4.68,-6.01,-6.26,-4.19,0.2,1.23,10.03,-0.2,9.39,5.07,0.41,-4.97,Mango,Clay,0.646,0.29,26.31,7,0.381,2167.97,27.504
8.937,104.968,6.673,1.347,3.64,38.618,44.426,5.5,32.682,28.767,47.702,28.04,4.45,80.82,17.822,12,-4.45,-5.29,-5.62,-3.24,-0.63,1.27,6.71,0.39,7.95,3.73,3.01,-3.78,Mango,Clay Loam,0.727,0.282,23.01,9,0.345,3.251.955,28.031
10.393,106.094,6.03,6,3.64,39.818,25.897,6.394,19.549,40.73,28.969,27.91,4.33,79.72,18.06,12,-4.03,-4.78,-4.88,-4,0.35,2.61,7.9,-0.29,6.54,4.36,0.01,-3.83,Mango,Clay Loam,0.763,0.286,21.81,7,0.363,1313.79,27.871
9.474,106.228,7,8.53,3.64,39.619,28.72,5.909,26.24,34.141,33.554,27.77,5.28,82.72,18.77,12,-4.89,-5.87,-6.07,-3.73,0.31,0.66,9.99,0.82,8.06,5.64,0.34,-5.29,Mango,Clay Loam,0.644,0.277,25.85,7,0.387,2.365.255,27.715
10.624,105.542,6.673,2.655,3.64,35.805,30.062,5.633,19.918,44.276,37.045,27.74,4.64,80.6,17.9,12,-4.02,-5.17,-5.35,-3.98,0.31,1.52,7.43,-0.41,8.29,5.16,0.33,-4.15,Mango,Clay Loam,0.722,0.296,23.08,9,0.36,2.963.615,27.723
9.852,105.893,7,4.556,3.64,37.267,38.669,6.056,27.879,34.854,61.527,27.57,5.223,82.376,17.998,12,-4.624,-5.749,-5.954,-4.173,0.345,1.458,10.052,-0.144,8.4,4.792,0.36,-4.781,Mango,Clay Loam,0.65,0.312,25.425,7,0.396,2.046.564,27.54
9.516,105.668,7,2,3.64,39.179,38.067,5.926,25.558,35.276,45.41,27.605,5.627,82.815,17.259,12,-5.116,-6.174,-6.539,-3.834,-0.107,0.747,10.372,0.412,9.171,6.005,0.557,-5.455,Mango,Clay Loam,0.635,0.295,27.225,7,0.38,2328.4,27.592
9.355,105.934,7,2.823,3.64,40.617,37.383,5.765,29.766,29.6,46.469,27.736,5.351,82.739,17.03,12,-4.936,-5.932,-6.166,-3.751,0.225,0.678,10.068,0.737,8.287,5.714,0.384,-5.324,Mango,Clay,0.642,0.287,26.109,7,0.386,2.677.443,27.718
10.208,105.995,6,3.078,3.64,35,35.439,6.061,23.839,41.161,48.168,27.7,4.766,81.135,18.167,12,-4.192,-5.284,-5.461,-4.035,0.356,1.557,8.241,-0.315,8.081,4.979,0.327,-4.298,Mango,Clay Loam,0.701,0.303,23.585,7,0.35,2.035.724,27.68
10.537,106.134,6,2.162,3.64,38.925,32.235,6.154,20.184,40.891,41.387,27.882,4.38,79.862,18.034,12,-4.028,-4.843,-4.956,-3.997,0.344,2.434,7.824,-0.309,6.823,4.49,0.062,-3.882,Mango,Clay Loam,0.756,0.302,22.015,7,0.356,1.834.103,27.868
10.025,106.198,6,4.111,3.64,35.911,30.506,6.2,21.478,42.616,38.638,27.61,5.05,82.34,18.06,12,-4.58,-5.54,-5.71,-4.16,0.46,1.64,10.07,-0.1,7.61,4.57,0.32,-4.63,Mango,Clay Loam,0.653,0.295,24.72,7,0.408,1.734.376,27.583
10.383,104.812,7,2.683,3.64,30.942,37.144,5.568,29.073,40.017,41.09,27.91,4.77,79.76,18.24,12,-3.85,-5.17,-5.46,-3.66,-0.22,0.5,5.61,-0.26,10.88,4.65,0.87,-3.94,Mango,Clay Loam,0.761,0.281,22.56,9,0.483,3.104.533,27.893
10.645,106.319,6,2.503,3.64,44.449,31.962,6.251,17.703,37.849,31.854,27.995,4.022,78.716,18.06,12,-3.796,-4.432,-4.507,-3.811,0.226,2.734,6.841,-0.131,6.093,4.504,-0.169,-3.557,Mango,Clay,0.804,0.294,20.403,7,0.335,1623.81,27.979
9.372,105.083,6,1,3.64,41.553,32.947,5.538,27.097,31.35,48.773,27.97,4.72,81.28,17.03,12,-4.59,-5.52,-5.78,-3.25,-0.54,1.6,7.82,0.24,8.31,4.06,1.94,-4.24,Mango,Clay,0.706,0.296,23.92,9,0.347,3.169.572,27.964
9.392,105.083,6.131,1.131,3.64,40.07,28.994,5.713,28.905,31.038,48.266,27.97,4.72,81.28,17.03,12,-4.59,-5.52,-5.78,-3.25,-0.54,1.6,7.82,0.24,8.31,4.06,1.94,-4.24,Mango,Clay,0.706,0.291,23.92,9,0.347,2.790.177,27.963
10.31,106.124,7,5.141,3.64,40.573,35.101,6.343,21.456,37.971,50.587,27.91,4.33,79.72,18.06,12,-4.03,-4.78,-4.88,-4,0.35,2.61,7.9,-0.29,6.54,4.36,0.01,-3.83,Mango,Clay,0.763,0.311,21.81,7,0.363,1.424.356,27.877
10.293,105.187,6,2,3.64,38.243,28.676,5.697,23.218,38.539,35.355,27.912,4.774,79.792,17.9,12,-3.862,-5.18,-5.47,-3.655,-0.224,0.515,5.661,-0.255,10.858,4.632,0.88,-3.949,Mango,Clay Loam,0.76,0.286,22.595,9,0.482,2.824.865,27.899
10.566,105.507,7,2.345,3.64,34.376,26.593,5.872,24.359,41.266,33.79,27.74,4.64,80.6,17.9,12,-4.02,-5.17,-5.35,-3.98,0.31,1.52,7.43,-0.41,8.29,5.16,0.33,-4.15,Mango,Clay Loam,0.722,0.281,23.08,9,0.36,2445.47,27.725
10.427,104.943,6,2,3.64,32.245,35.448,5.862,28.048,39.638,45.234,27.91,4.77,79.76,18.134,12,-3.85,-5.17,-5.46,-3.66,-0.22,0.5,5.61,-0.26,10.88,4.65,0.87,-3.94,Mango,Clay Loam,0.761,0.289,22.56,9,0.483,2467.15,27.897
10.637,106.313,7,3,3.64,40.077,32.232,5.8,19.991,39.932,27.579,27.91,4.33,79.72,18.06,12,-4.03,-4.78,-4.88,-4,0.35,2.61,7.9,-0.29,6.54,4.36,0.01,-3.83,Mango,Clay,0.763,0.283,21.81,7,0.363,2.601.564,27.89
9.117,105.18,6.216,0.431,3.64,40.829,35.951,5.4,30.573,28.576,40.806,28.04,4.45,80.82,17.03,12,-4.45,-5.29,-5.62,-3.24,-0.63,1.27,6.71,0.39,7.95,3.73,3.01,-3.78,Mango,Clay,0.727,0.277,23.01,9,0.345,3.468.752,28.037
8.904,104.829,6,2,3.64,37.755,56.59,5.4,32.064,30.181,49.639,28.074,4.286,80.987,17.951,12,-4.269,-5.164,-5.487,-3.209,-0.616,1.018,6.26,0.54,7.554,3.331,3.532,-3.466,Mango,Clay Loam,0.722,0.286,22.211,9,0.34,3.468.752,28.061
9.837,105.058,7,1,3.64,36.591,42.349,5.379,26.491,36.918,40.818,27.964,4.823,81.001,17.03,12,-4.39,-5.514,-5.786,-3.389,-0.419,1.23,7.505,0.04,9.419,4.066,1.491,-4.246,Mango,Clay Loam,0.717,0.286,23.744,9,0.397,3.514.279,27.958
9.629,105.089,7,1.651,3.64,37.3,41.077,5.495,25.314,37.386,43.112,27.967,4.779,81.12,17.03,12,-4.475,-5.517,-5.783,-3.33,-0.47,1.387,7.639,0.125,8.948,4.063,1.682,-4.243,Mango,Clay Loam,0.712,0.292,23.818,9,0.375,3.262.795,27.956
10.587,106.172,7,3,3.64,39.507,32.289,5.8,18.566,41.927,26.839,27.91,4.33,79.72,18.06,12,-4.03,-4.78,-4.88,-4,0.35,2.61,7.9,-0.29,6.54,4.36,0.01,-3.83,Mango,Clay Loam,0.763,0.285,21.81,7,0.363,2.601.564,27.89
10.03,105.831,6.658,2,3.64,35.126,34.458,5.905,24.455,40.384,36.018,27.551,5.307,82.393,17.955,12,-4.646,-5.849,-6.072,-4.18,0.289,1.37,10.044,-0.166,8.781,4.899,0.379,-4.854,Mango,Clay Loam,0.648,0.284,25.767,7,0.39,2.373.927,27.538
9.636,105.885,6.001,1.002,3.64,39.199,37.2,6,25.401,35.5,54.202,27.58,5.68,82.83,17.03,12,-5.15,-6.22,-6.61,-3.85,-0.17,0.76,10.43,0.35,9.34,6.059,0.59,-5.48,Mango,Clay Loam,0.633,0.307,27.48,7,0.379,2167.97,27.573
10.555,106.151,7,2,3.64,40.358,33.481,6.31,18.024,41.618,36.379,27.91,4.33,79.72,18.06,12,-4.03,-4.78,-4.88,-4,0.35,2.61,7.9,-0.29,6.54,4.36,0.01,-3.83,Mango,Clay,0.763,0.299,21.81,7,0.363,1.495.899,27.897
10.474,106.21,7,2,3.64,41.5,33.139,6.495,18.475,40.025,34.009,27.901,4.355,79.782,18.056,12,-4.045,-4.808,-4.911,-4.004,0.347,2.579,7.949,-0.288,6.605,4.376,0.019,-3.856,Mango,Clay,0.76,0.295,21.912,7,0.363,1.094.825,27.888
10.843,104.896,7,5,3.64,32.474,35.348,5.141,31.112,36.414,24.953,28.16,3.9,76.87,18.24,12,-3.21,-4.25,-4.47,-3.37,-0.26,0.68,3.27,0.33,8.7,4.94,0.85,-3.21,Mango,Clay Loam,0.882,0.253,18.77,9,0.464,4.030.256,28.128
10.401,105.588,6.129,3,3.64,37.435,31.835,5.516,20.255,42.31,40.994,27.762,4.6,80.486,17.921,12,-4.021,-5.12,-5.289,-3.983,0.315,1.661,7.491,-0.394,8.064,5.057,0.289,-4.109,Mango,Clay Loam,0.727,0.301,22.916,9,0.352,3.217.267,27.742
10.876,105.657,6.218,3.87,3.64,30.442,27.978,5.422,33.702,35.777,29.386,28.113,3.775,77.41,17.974,12,-3.335,-4.211,-4.353,-3.464,-0.01,1.423,4.295,-0.022,6.987,5.441,0.498,-3.288,Mango,Clay Loam,0.86,0.254,18.683,9,0.375,3.421.057,28.088
9.609,105.62,6.567,4,3.64,38.358,28.913,5.74,30.122,31.577,40.028,27.745,5.011,81.727,17.03,12,-4.58,-5.698,-5.983,-3.779,-0.159,1.247,8.592,0.055,8.767,4.49,1.536,-4.455,Mango,Clay Loam,0.681,0.277,24.654,9,0.355,2.731.642,27.719
10.085,105.014,6,2.046,3.64,30.258,42.769,5.852,29.64,40.101,67.48,28.282,4.644,80.331,18.379,12,-4.078,-5.289,-5.474,-3.687,-0.027,1.404,7.508,-0.181,8.828,3.669,1.287,-3.973,Mango,Clay Loam,0.756,0.316,22.709,9,0.389,2488.83,28.269
10.133,105.263,7,1.121,3.64,37.473,30.069,5.624,22.857,39.67,35.657,27.954,4.875,80.691,17.9,12,-4.21,-5.469,-5.75,-3.502,-0.325,0.93,7.095,-0.111,10.23,4.14,1.16,-4.212,Mango,Clay Loam,0.728,0.287,23.579,9,0.434,2.983.127,27.947
10.235,105.702,7,2,3.64,36.106,27.715,6.017,21.109,42.825,32.815,27.609,5.117,81.684,17.9,12,-4.413,-5.671,-5.892,-4.105,0.244,1.347,8.979,-0.285,8.945,5.106,0.378,-4.639,Mango,Clay Loam,0.677,0.287,25.005,7,0.359,2.131.115,27.596
10.457,105.499,6,3.327,3.64,41.84,26.785,5.702,18.081,40.146,31.131,27.74,4.64,80.6,17.9,12,-4.02,-5.17,-5.35,-3.98,0.31,1.52,7.43,-0.41,8.29,5.16,0.33,-4.15,Mango,Clay,0.722,0.292,23.08,9,0.36,2.814.025,27.718
10.354,105.627,7,2,3.64,42.566,33.267,5.699,22.597,34.837,31.534,27.894,4.617,80.827,17.953,12,-4.107,-5.181,-5.394,-3.666,-0.144,1.834,7.357,0.089,8.794,3.684,0.735,-4.021,Mango,Clay,0.72,0.282,22.513,9,0.391,2.820.529,27.881
9.351,105.048,6,1,3.64,41.723,32.777,5.581,27.65,30.627,49.412,27.97,4.72,81.28,17.03,12,-4.59,-5.52,-5.78,-3.25,-0.54,1.6,7.82,0.24,8.31,4.06,1.94,-4.24,Mango,Clay,0.706,0.296,23.92,9,0.347,3.076.349,27.964
10.484,105.659,7,2,3.64,41.433,33.034,5.843,19.425,39.143,38.798,27.78,4.566,80.391,17.938,12,-4.022,-5.077,-5.238,-3.985,0.32,1.779,7.542,-0.381,7.874,4.97,0.254,-4.074,Mango,Clay,0.732,0.3,22.777,9,0.346,2.508.341,27.767
10.39,106.02,7,4.404,3.64,40.32,26.837,6.28,17.74,41.939,34.232,27.91,4.33,79.72,18.06,12,-4.03,-4.78,-4.88,-4,0.35,2.61,7.9,-0.29,6.54,4.36,0.01,-3.83,Mango,Clay,0.763,0.297,21.81,7,0.363,1.560.938,27.881
10.519,106.254,6.436,5.049,3.64,35.78,33.729,6.1,18.899,45.321,55.685,27.91,4.33,79.72,18.06,12,-4.03,-4.78,-4.88,-4,0.35,2.61,7.9,-0.29,6.54,4.36,0.01,-3.83,Mango,Clay Loam,0.763,0.324,21.81,7,0.363,1.951.173,27.877
10.836,105.223,7,3,3.64,33.782,23.991,5.582,23.754,42.401,33.419,28.16,3.9,76.87,17.9,12,-3.21,-4.25,-4.47,-3.37,-0.26,0.68,3.27,0.33,8.7,4.94,0.85,-3.21,Mango,Clay Loam,0.882,0.282,18.77,9,0.464,3.074.181,28.14
10.158,105.089,6.12,1.361,3.64,39.928,34.316,5.872,22.936,37.136,57.395,27.954,4.823,80.688,18.218,12,-4.232,-5.422,-5.681,-3.543,-0.257,1.185,7.372,-0.114,9.707,4.105,1.057,-4.2,Mango,Clay Loam,0.728,0.318,23.449,9,0.414,2445.47,27.945
9.609,105.089,6.456,1,3.64,36.744,39.776,5.409,25.182,38.073,49.144,27.965,4.797,81.07,17.03,12,-4.44,-5.515,-5.785,-3.355,-0.449,1.322,7.583,0.09,9.144,4.065,1.603,-4.245,Mango,Clay Loam,0.714,0.301,23.789,9,0.384,3449.24,27.958
10.293,106.118,6.994,6,3.64,39.808,34.491,6.3,21.803,38.388,49.89,27.91,4.33,79.72,18.06,12,-4.03,-4.78,-4.88,-4,0.35,2.61,7.9,-0.29,6.54,4.36,0.01,-3.83,Mango,Clay Loam,0.763,0.31,21.81,7,0.363,1.517.579,27.871
9.827,105.645,6,1.325,3.64,40.583,30.278,5.938,24.803,34.614,32.438,27.703,5.424,82.178,17.312,12,-4.861,-5.99,-6.344,-3.73,-0.225,0.835,9.414,0.207,9.6,5.414,0.788,-5.081,Mango,Clay,0.662,0.278,26.231,9,0.366,2.302.384,27.694
9.779,106.05,6.634,1.634,3.64,36.314,32.07,5.853,26.893,36.73,34.007,27.738,4.991,81.783,18.132,12,-4.463,-5.529,-5.739,-3.911,0.167,1.402,9.055,-0.096,8.537,4.387,0.642,-4.491,Mango,Clay Loam,0.678,0.276,24.229,7,0.374,2.486.662,27.727
10.414,105.403,6.604,2,3.64,42.062,32.647,5.46,20.827,37.151,33.485,27.873,4.791,80.733,17.9,12,-4.165,-5.375,-5.616,-3.678,-0.082,1.2,7.352,-0.217,9.407,4.502,0.855,-4.21,Mango,Clay,0.723,0.289,23.343,9,0.403,3.338.674,27.86
10.659,105.589,6.695,2.305,3.64,35.643,28.612,5.57,19.8,44.556,37.944,27.74,4.64,80.6,17.9,12,-4.02,-5.17,-5.35,-3.98,0.31,1.52,7.43,-0.41,8.29,5.16,0.33,-4.15,Mango,Clay Loam,0.722,0.298,23.08,9,0.36,3.100.197,27.725
10.441,105.817,6,3.223,3.64,40.972,32.238,5.961,17.117,41.972,35.994,27.806,4.52,80.258,17.962,12,-4.024,-5.018,-5.167,-3.988,0.326,1.944,7.613,-0.363,7.61,4.849,0.206,-4.026,Mango,Clay,0.738,0.301,22.586,7,0.338,2.252.521,27.785
8.756,104.89,7,1.449,3.64,42.344,51.531,5.5,29.753,27.904,53.05,28.095,4.185,81.09,17.74,12,-4.158,-5.086,-5.405,-3.19,-0.608,0.862,5.982,0.633,7.31,3.085,3.853,-3.273,Mango,Clay,0.719,0.296,21.72,9,0.336,3.251.955,28.086
10.084,105.61,6.762,2,3.64,35.276,37.574,5.676,22.371,42.352,45.206,27.52,5.44,82.42,17.9,12,-4.68,-6.01,-6.26,-4.19,0.2,1.23,10.03,-0.2,9.39,5.07,0.41,-4.97,Mango,Clay Loam,0.646,0.302,26.31,7,0.381,2.870.392,27.507
8.711,104.865,6.373,2,3.64,40.048,57.593,5.437,31.427,28.525,50.399,28.103,4.149,81.127,17.74,12,-4.118,-5.058,-5.376,-3.184,-0.605,0.806,5.883,0.666,7.223,2.997,3.969,-3.203,Mango,Clay,0.718,0.288,21.544,9,0.335,3.388.537,28.09
9.581,105.609,6,1,3.64,38.045,35.059,6.023,25.991,35.964,42.823,27.566,5.625,82.737,17.03,12,-5.043,-6.172,-6.53,-3.927,-0.086,0.867,10.339,0.225,9.351,5.835,0.549,-5.364,Mango,Clay Loam,0.636,0.29,27.122,7,0.381,2.118.107,27.56
9.773,105.407,6.927,2.854,3.64,38.015,35.939,5.822,24.693,37.293,45.31,27.52,5.44,82.42,17.03,12,-4.68,-6.01,-6.26,-4.19,0.2,1.23,10.03,-0.2,9.39,5.07,0.41,-4.97,Mango,Clay Loam,0.646,0.297,26.31,7,0.381,2.553.869,27.501
9.802,105.852,6.603,2.81,3.64,36.243,37.26,6,26.969,36.828,53.053,27.544,5.535,82.583,17.03,12,-4.866,-6.093,-6.399,-4.055,0.053,1.044,10.189,0.018,9.37,5.463,0.481,-5.172,Mango,Clay Loam,0.641,0.302,26.585,7,0.383,2167.97,27.526
10.062,106.393,6.332,2,3.64,36.83,38.732,6.333,21.435,41.734,47.804,27.804,4.729,82.647,18.007,12,-4.266,-5.279,-5.416,-3.986,0.433,1.546,8.967,0.281,7.603,3.982,0.594,-4.443,Mango,Clay Loam,0.648,0.308,23.39,7,0.383,1.446.036,27.791
10.177,106.354,6,2.761,3.64,35.591,37.511,6.186,22.813,41.596,48.205,27.839,4.597,81.963,17.999,12,-4.076,-5.158,-5.3,-3.93,0.378,1.508,8.043,0.135,7.863,4.249,0.578,-4.274,Mango,Clay Loam,0.675,0.305,22.738,7,0.353,1.764.728,27.821
9.637,105.881,6.537,1.537,3.64,37.893,34.327,6.107,27.258,34.849,43.551,27.682,5.465,82.771,17.964,12,-5.011,-6.032,-6.32,-3.786,0.088,0.706,10.194,0.602,8.653,5.835,0.456,-5.378,Mango,Clay Loam,0.639,0.288,26.527,7,0.384,1.935.997,27.672
10.488,105.712,6.62,3.38,3.64,40.418,28.4,5.934,19.666,39.854,30.842,27.74,4.64,80.6,17.9,12,-4.02,-5.17,-5.35,-3.98,0.31,1.52,7.43,-0.41,8.29,5.16,0.33,-4.15,Mango,Clay,0.722,0.288,23.08,9,0.36,2.311.056,27.718
10.513,105.054,6.137,2.137,3.64,33.517,35.836,5.945,26.955,39.527,42.022,27.91,4.77,79.76,17.946,12,-3.85,-5.17,-5.46,-3.66,-0.22,0.5,5.61,-0.26,10.88,4.65,0.87,-3.94,Mango,Clay Loam,0.761,0.287,22.56,9,0.483,2.287.208,27.896
10.558,104.897,7,3.962,3.64,35.103,32.896,5.548,35.245,29.652,38.574,27.91,4.77,79.76,18.24,12,-3.85,-5.17,-5.46,-3.66,-0.22,0.5,5.61,-0.26,10.88,4.65,0.87,-3.94,Mango,Clay Loam,0.761,0.263,22.56,9,0.483,3.147.892,27.884
10.271,105.198,6,2,3.64,40.335,27.952,5.548,22.552,37.112,38.087,27.855,4.77,80.715,17.9,12,-4.145,-5.347,-5.579,-3.72,-0.029,1.244,7.362,-0.243,9.254,4.592,0.783,-4.202,Mango,Clay,0.723,0.291,23.265,9,0.398,3.147.892,27.842
10.104,105.079,6.974,2,3.64,38.123,24.479,5.503,25.872,36.003,36.521,27.949,4.904,80.861,17.9,12,-4.271,-5.523,-5.802,-3.498,-0.326,0.996,7.37,-0.093,10.121,4.096,1.18,-4.268,Mango,Clay Loam,0.721,0.282,23.781,9,0.426,3.245.451,27.936
10.321,105.931,7,2,3.64,41.5,34.22,6.368,17.775,40.725,34.264,27.653,5.061,81.499,17.955,12,-4.458,-5.59,-5.789,-4.125,0.251,1.701,9.303,-0.231,8.417,4.828,0.274,-4.581,Mango,Clay,0.685,0.297,24.774,7,0.376,1.370.157,27.64
9.466,105.067,7,5.479,3.64,34.168,37.438,5.662,36.048,29.784,44.376,27.991,4.572,80.417,18.085,12,-4.222,-5.244,-5.559,-3.4,-0.474,0.977,6.292,0.143,9.064,4.08,2.196,-3.841,Mango,Clay Loam,0.74,0.269,22.74,9,0.398,2.900.744,27.955
10.872,105.299,6.601,4.202,3.64,32.242,30.705,5.22,31.64,36.079,25.911,28.136,3.836,77.145,18.104,12,-3.274,-4.23,-4.41,-3.418,-0.132,1.059,3.792,0.151,7.827,5.195,0.671,-3.25,Mango,Clay Loam,0.871,0.254,18.714,9,0.419,3.858.987,28.109
10.52,105.548,6.58,4.58,3.64,36.42,24.822,5.658,23.278,40.302,37.901,27.891,4.262,79.324,17.9,12,-3.747,-4.763,-4.918,-3.774,0.205,1.566,6.233,-0.288,7.543,5.336,0.359,-3.797,Mango,Clay Loam,0.777,0.29,21.287,9,0.355,2.909.416,27.861
10.338,105.166,7,69.837,3.64,33.878,32.779,5.74,33.284,32.838,41.064,27.787,4.821,80.766,17.676,12,-4.098,-5.327,-5.566,-3.763,-0.072,0.969,7.181,-0.211,9.625,4.504,0.89,-4.143,Mango,Clay Loam,0.718,0.271,23.18,9,0.415,2.731.642,27.333
10.624,105.951,6.392,2,3.64,42.131,31.382,5.753,19.447,38.482,37.233,27.807,4.518,80.255,17.963,12,-4.024,-5.017,-5.166,-3.988,0.326,1.947,7.614,-0.363,7.604,4.846,0.205,-4.025,Mango,Clay,0.738,0.297,22.583,7,0.338,2.703.459,27.794
9.763,106.309,6.765,8.884,3.64,39.811,30.882,6.071,24.202,36.011,85.767,27.803,5.057,82.015,18.603,12,-4.688,-5.614,-5.79,-3.793,0.319,1.118,9.499,0.559,7.703,5.339,0.262,-4.947,Mango,Clay Loam,0.672,0.354,24.832,7,0.383,2.014.044,27.745
9.652,104.953,6.187,1.187,3.64,37.544,34.711,5.4,28.029,34.408,41.661,27.975,4.808,80.82,17.867,12,-4.296,-5.469,-5.758,-3.435,-0.394,1.042,7.19,0,9.73,4.006,1.538,-4.162,Mango,Clay Loam,0.724,0.284,23.514,9,0.414,3.468.752,27.967
9.577,105.753,7,1,3.64,39.832,44.389,5.787,26.092,34.077,38,27.58,5.68,82.83,17.03,12,-5.15,-6.22,-6.61,-3.85,-0.17,0.76,10.43,0.35,9.34,6.06,0.59,-5.48,Mango,Clay Loam,0.633,0.283,27.48,7,0.379,2.629.748,27.574
9.497,105.12,7,1.956,3.64,37.3,40.225,5.587,25.04,37.66,44.846,27.97,4.728,81.26,17.03,12,-4.575,-5.52,-5.78,-3.26,-0.531,1.573,7.797,0.225,8.391,4.06,1.907,-4.24,Mango,Clay Loam,0.707,0.295,23.906,9,0.35,3.063.342,27.957
10.6,106.451,7,2.018,3.64,40.276,30.42,5.9,22.918,36.804,26.602,27.91,4.33,79.72,18.06,12,-4.03,-4.78,-4.88,-4,0.35,2.61,7.9,-0.29,6.54,4.36,0.01,-3.83,Mango,Clay,0.763,0.275,21.81,7,0.363,2.384.767,27.897
9.546,105.967,7,1.804,3.64,39.269,41.859,5.943,26.248,34.544,43.715,27.809,5.17,82.438,18.429,12,-4.831,-5.801,-6.013,-3.636,0.144,0.844,9.565,0.706,8.109,5.331,0.653,-5.084,Mango,Clay Loam,0.656,0.291,25.365,7,0.377,2.291.544,27.797
10.876,104.986,6.992,2.015,3.64,34.205,36.788,5.302,25,40.795,39.083,28.16,3.9,76.87,18.24,12,-3.21,-4.25,-4.47,-3.37,-0.26,0.68,3.27,0.33,8.7,4.94,0.85,-3.21,Mango,Clay Loam,0.882,0.287,18.77,9,0.464,3.681.213,28.147
10.132,105.71,6.353,2,3.64,36.595,37.335,6.088,21.588,41.817,45.217,27.52,5.44,82.42,17.9,12,-4.68,-6.01,-6.26,-4.19,0.2,1.23,10.03,-0.2,9.39,5.07,0.41,-4.97,Mango,Clay Loam,0.646,0.304,26.31,7,0.381,1.977.189,27.507
10.289,105.179,6,2,3.64,38.312,28.771,5.69,23.343,38.345,34.974,27.915,4.782,79.868,17.9,12,-3.892,-5.205,-5.494,-3.642,-0.232,0.55,5.782,-0.243,10.805,4.591,0.904,-3.972,Mango,Clay Loam,0.757,0.285,22.68,9,0.477,2.840.041,27.902
10.387,104.869,6.243,2.243,3.64,31.403,35.103,5.751,28.822,39.7,45.212,27.91,4.77,79.76,18.24,12,-3.85,-5.17,-5.46,-3.66,-0.22,0.5,5.61,-0.26,10.88,4.65,0.87,-3.94,Mango,Clay Loam,0.761,0.287,22.56,9,0.483,2.707.795,27.895
10.262,105.443,6,2,3.64,35.171,31.364,5.964,21.882,42.947,36.866,27.752,4.649,80.539,17.9,12,-4.008,-5.17,-5.358,-3.957,0.271,1.446,7.297,-0.399,8.479,5.123,0.369,-4.135,Mango,Clay Loam,0.725,0.291,23.027,9,0.369,2.246.017,27.739
9.715,105.478,6.06,1.121,3.64,36.379,34.418,5.812,24.79,38.93,39.673,27.576,5.666,82.805,17.03,12,-5.122,-6.207,-6.589,-3.87,-0.148,0.788,10.406,0.317,9.343,6,0.579,-5.449,Mango,Clay Loam,0.634,0.289,27.385,7,0.379,2.575.548,27.569
9.93,105.816,6,4.131,3.64,36.098,40.872,6.08,26.872,37.029,52.728,27.52,5.44,82.42,17.03,12,-4.68,-6.01,-6.26,-4.19,0.2,1.23,10.03,-0.2,9.39,5.07,0.41,-4.97,Mango,Clay Loam,0.646,0.302,26.31,7,0.381,1.994.532,27.493
10.359,104.78,7,2.352,3.64,30.776,39.598,5.535,28.941,40.348,41.289,27.91,4.77,79.76,18.24,12,-3.85,-5.17,-5.46,-3.66,-0.22,0.5,5.61,-0.26,10.88,4.65,0.87,-3.94,Mango,Clay Loam,0.761,0.281,22.56,9,0.483,3.176.076,27.895
9.443,106.178,6.899,2.101,3.64,38.906,39.946,6.1,33.112,28.072,43.606,27.77,5.28,82.72,18.77,12,-4.89,-5.87,-6.07,-3.73,0.31,0.66,9.99,0.82,8.06,5.64,0.34,-5.29,Mango,Clay Loam,0.644,0.275,25.85,7,0.387,1.951.173,27.756
10.453,104.98,6,2,3.64,32.666,35.589,5.897,27.68,39.603,44.462,27.91,4.77,79.76,18.075,12,-3.85,-5.17,-5.46,-3.66,-0.22,0.5,5.61,-0.26,10.88,4.65,0.87,-3.94,Mango,Clay Loam,0.761,0.289,22.56,9,0.483,2.391.271,27.897
10.678,106.428,7,3.257,3.64,39.816,34.265,6.103,21.446,38.663,51.946,28.036,3.869,78.219,18.06,12,-3.681,-4.26,-4.323,-3.718,0.164,2.796,6.317,-0.052,5.871,4.576,-0.258,-3.421,Mango,Clay Loam,0.825,0.313,19.713,7,0.32,1.944.669,28.015
10.4,105.097,6.285,2,3.64,35.199,30.9,5.557,23.089,41.712,37.244,27.91,4.77,79.76,17.9,12,-3.85,-5.17,-5.46,-3.66,-0.22,0.5,5.61,-0.26,10.88,4.65,0.87,-3.94,Mango,Clay Loam,0.761,0.289,22.56,9,0.483,3.128.381,27.897
10.75,105.766,7,2,3.64,33.322,23.829,5.554,24.746,41.931,29.752,27.989,4.017,78.494,17.9,12,-3.57,-4.498,-4.637,-3.641,0.137,1.596,5.456,-0.209,7.057,5.451,0.378,-3.568,Mango,Clay Loam,0.812,0.275,20.123,9,0.352,3.134.885,27.976
8.874,105.088,6,1.591,3.64,38.405,54.971,5.42,32.159,29.436,50.755,28.06,4.355,80.917,17.941,12,-4.346,-5.217,-5.543,-3.222,-0.622,1.124,6.45,0.477,7.722,3.5,3.311,-3.599,Mango,Clay Loam,0.724,0.287,22.549,9,0.342,3.425.393,28.05
10.438,105.479,6,3,3.64,40.421,26.701,5.692,18.178,41.447,31.431,27.74,4.64,80.6,17.9,12,-4.02,-5.17,-5.35,-3.98,0.31,1.52,7.43,-0.41,8.29,5.16,0.33,-4.15,Mango,Clay,0.722,0.292,23.08,9,0.36,2.835.705,27.72
10.486,105.643,7,2,3.64,41.629,32.577,5.887,19.589,38.782,38.267,27.793,4.543,80.326,17.95,12,-4.023,-5.049,-5.204,-3.986,0.322,1.859,7.576,-0.373,7.745,4.911,0.23,-4.05,Mango,Clay,0.735,0.299,22.685,9,0.342,2.412.951,27.78
10.275,105.086,7,1.61,3.64,33.94,27.378,5.744,26.009,40.012,34.31,27.929,4.817,80.173,17.9,12,-4.01,-5.302,-5.589,-3.59,-0.267,0.691,6.269,-0.194,10.592,4.424,0.999,-4.061,Mango,Clay Loam,0.746,0.278,23.013,9,0.461,2722.97,27.919
10.425,105.352,7,2,3.64,41.554,32.916,5.7,19.9,38.546,38.935,27.788,4.677,80.362,17.9,12,-3.972,-5.17,-5.381,-3.889,0.16,1.23,6.913,-0.367,9.025,5.015,0.483,-4.09,Mango,Clay,0.733,0.299,22.869,9,0.395,2.818.361,27.775
10.376,104.725,6.727,2,3.64,31.445,42.773,5.5,29.154,39.473,40.519,27.94,4.636,79.64,18.24,12,-3.779,-5.05,-5.324,-3.586,-0.245,0.565,5.359,-0.249,10.594,4.476,0.99,-3.798,Mango,Clay Loam,0.767,0.28,22.031,9,0.482,3.251.955,27.927
10.398,105.304,6.414,2,3.64,34.793,26.6,5.665,25.456,39.693,32.234,27.84,4.716,80.107,17.9,12,-3.92,-5.17,-5.415,-3.792,-0.001,0.922,6.363,-0.322,9.809,4.861,0.647,-4.027,Mango,Clay Loam,0.745,0.277,22.647,9,0.434,2894.24,27.827
10.563,105.466,6.122,3.878,3.64,35.395,30.161,5.688,21.393,43.212,35.676,27.74,4.64,80.6,17.9,12,-4.02,-5.17,-5.35,-3.98,0.31,1.52,7.43,-0.41,8.29,5.16,0.33,-4.15,Mango,Clay Loam,0.722,0.291,23.08,9,0.36,2.844.377,27.715
9.07,105.146,6.181,5.457,3.64,31.58,37.664,5.682,35.309,33.111,50.887,28.098,4.115,81.029,18.035,12,-3.907,-4.965,-5.272,-3.242,-0.523,0.525,5.43,0.633,7.531,2.939,3.875,-3.056,Mango,Clay Loam,0.721,0.28,20.965,9,0.36,2.857.384,28.063
10.509,105.149,6.681,2.681,3.64,37.951,34.659,5.7,22.302,39.716,39.928,27.91,4.77,79.76,17.9,12,-3.85,-5.17,-5.46,-3.66,-0.22,0.5,5.61,-0.26,10.88,4.65,0.87,-3.94,Mango,Clay Loam,0.761,0.295,22.56,9,0.483,2.818.361,27.893
10.217,105.232,6,2,3.64,43.164,30.5,5.6,21.327,35.491,34.271,27.96,4.89,80.82,17.9,12,-4.26,-5.51,-5.79,-3.48,-0.34,0.99,7.3,-0.09,10.14,4.07,1.2,-4.25,Mango,Clay,0.723,0.289,23.72,9,0.428,3.035.158,27.947
10.386,105.775,7,2.525,3.64,40.332,29.207,5.915,18.403,41.212,31.402,27.74,4.64,80.6,17.9,12,-4.02,-5.17,-5.35,-3.98,0.31,1.52,7.43,-0.41,8.29,5.16,0.33,-4.15,Mango,Clay,0.722,0.292,23.08,9,0.36,2.352.247,27.724
9.946,105.528,7,2.709,3.64,34.762,34.729,5.913,25.822,39.487,37.38,27.52,5.44,82.42,17.283,12,-4.68,-6.01,-6.26,-4.19,0.2,1.23,10.03,-0.2,9.39,5.07,0.41,-4.97,Mango,Clay Loam,0.646,0.283,26.31,7,0.381,2.356.583,27.502
9.401,105.363,6,0,3.64,40.869,48.207,5.579,31.353,27.778,45.247,27.629,5.549,82.615,17.133,12,-5.075,-6.121,-6.504,-3.785,-0.219,0.815,10.032,0.354,9.191,5.811,0.849,-5.298,Mango,Clay,0.643,0.281,27.002,7,0.371,3.080.685,27.629
9.325,105.669,7,1.567,3.64,39.909,39.834,5.673,27.315,32.776,39.078,27.728,5.487,82.864,17.03,12,-5.184,-6.072,-6.514,-3.481,-0.244,0.612,9.675,0.69,8.812,6.315,0.862,-5.463,Mango,Clay Loam,0.638,0.282,26.958,7,0.359,2.876.896,27.718
9.999,105.883,6.257,2,3.64,34.482,37.385,6.072,23.043,42.474,45.205,27.587,5.15,82.361,17.253,12,-4.606,-5.661,-5.851,-4.168,0.393,1.535,10.06,-0.126,8.067,4.698,0.343,-4.717,Mango,Clay Loam,0.651,0.3,25.129,7,0.401,2.011.876,27.574
10.309,105.618,6.963,2.037,3.64,40.756,29.948,5.607,17.293,41.956,32.348,27.74,4.64,80.6,17.9,12,-4.02,-5.17,-5.35,-3.98,0.31,1.52,7.43,-0.41,8.29,5.16,0.33,-4.15,Mango,Clay,0.722,0.296,23.08,9,0.36,3.019.982,27.727
10.648,105.422,6.516,3,3.64,36.88,31.952,5.503,20.771,42.297,40.335,27.926,4.175,79.03,17.9,12,-3.684,-4.669,-4.818,-3.727,0.181,1.577,5.958,-0.26,7.371,5.377,0.366,-3.716,Mango,Clay Loam,0.789,0.299,20.874,9,0.354,3.245.451,27.906
10.89,106.629,6,2.194,3.64,37.545,29.731,6.042,23.387,39.049,33.985,27.79,3.758,78.603,18.06,12,-3.576,-4.08,-4.114,-3.765,0.156,3.98,6.35,0.755,5.318,3.328,-1.124,-3.191,Mango,Clay Loam,0.799,0.284,19.85,7,0.319,2.076.915,27.776
9.989,105.46,7,2,3.64,36.5,34.745,5.645,25.12,38.379,37.04,27.52,5.44,82.42,17.421,12,-4.68,-6.01,-6.26,-4.19,0.2,1.23,10.03,-0.2,9.39,5.07,0.41,-4.97,Mango,Clay Loam,0.646,0.284,26.31,7,0.381,2.937.599,27.507
9.075,105.048,6,1.957,3.64,38.222,49.082,5.4,29.326,32.548,47.187,28.04,4.45,80.82,17.072,12,-4.45,-5.29,-5.62,-3.24,-0.63,1.27,6.71,0.39,7.95,3.73,3.01,-3.78,Mango,Clay Loam,0.727,0.289,23.01,9,0.345,3.468.752,28.027
10.212,105.133,6,2,3.64,39.747,27.937,5.563,23.36,36.893,38.201,27.96,4.89,80.82,17.9,12,-4.26,-5.51,-5.79,-3.48,-0.34,0.99,7.3,-0.09,10.14,4.07,1.2,-4.25,Mango,Clay Loam,0.723,0.29,23.72,9,0.428,3.115.373,27.947
10.645,105.082,6.951,2.049,3.64,34.637,28.987,5.51,20.997,44.366,34.561,27.922,4.728,79.62,17.9,12,-3.819,-5.125,-5.412,-3.646,-0.222,0.509,5.496,-0.231,10.774,4.664,0.869,-3.905,Mango,Clay Loam,0.767,0.29,22.36,9,0.483,3.230.275,27.909
10.493,106.15,6,2.797,3.64,36.102,35.443,6.24,19.758,44.201,39.805,27.91,4.33,79.72,18.06,12,-4.03,-4.78,-4.88,-4,0.35,2.61,7.9,-0.29,6.54,4.36,0.01,-3.83,Mango,Clay Loam,0.763,0.3,21.81,7,0.363,1.647.657,27.892
10.656,106.485,7,3.638,3.64,41.119,29.007,5.9,23.31,35.571,24.88,27.91,4.33,79.72,18.06,12,-4.03,-4.78,-4.88,-4,0.35,2.61,7.9,-0.29,6.54,4.36,0.01,-3.83,Mango,Clay,0.763,0.271,21.81,7,0.363,2.384.767,27.886
10.269,106.375,7,8.653,3.64,34.443,32.38,6.112,21.088,44.468,55.357,27.875,4.413,80.023,18.06,12,-4.094,-4.868,-4.976,-4.019,0.363,2.498,8.151,-0.268,6.664,4.384,0.046,-3.923,Mango,Clay Loam,0.75,0.319,22.148,7,0.369,1.925.157,27.819
10.597,106.014,6,2.456,3.64,41.24,32.967,5.923,16.542,42.24,36.186,27.871,4.401,79.921,18.024,12,-4.028,-4.869,-4.987,-3.995,0.341,2.361,7.793,-0.317,6.939,4.542,0.083,-3.903,Mango,Clay,0.753,0.303,22.099,7,0.353,2.334.904,27.855
9.041,105.028,6,2.212,3.64,38.688,48.73,5.4,29.37,32.021,47.248,28.04,4.45,80.82,17.181,12,-4.45,-5.29,-5.62,-3.24,-0.63,1.27,6.71,0.39,7.95,3.73,3.01,-3.78,Mango,Clay Loam,0.727,0.289,23.01,9,0.345,3.468.752,28.026
10.329,105.571,6,2.611,3.64,37.15,31.744,5.75,19.905,42.945,41.384,27.654,4.951,81.308,17.9,12,-4.277,-5.497,-5.704,-4.062,0.267,1.407,8.441,-0.328,8.718,5.125,0.361,-4.469,Mango,Clay Loam,0.692,0.302,24.337,9,0.358,2.709.962,27.637
10.628,106.684,6,2.589,3.64,38.466,30.571,6.218,23.07,38.464,35.507,27.744,3.947,80.01,18.06,12,-3.71,-4.339,-4.399,-3.941,0.217,3.826,7.067,0.647,5.741,2.951,-0.656,-3.4,Mango,Clay Loam,0.744,0.287,20.445,7,0.346,1.695.353,27.727
10.283,105.377,7,2,3.64,42.428,33.336,5.596,22.028,35.543,31.724,27.928,4.759,80.823,17.926,12,-4.186,-5.351,-5.599,-3.57,-0.246,1.397,7.327,-0.004,9.491,3.884,0.976,-4.14,Mango,Clay,0.722,0.284,23.096,9,0.411,3043.83,27.915
10.298,106.113,7,5.7,3.64,39.84,34.92,6.31,21.68,38.48,50.31,27.91,4.33,79.72,18.06,12,-4.03,-4.78,-4.88,-4,0.35,2.61,7.9,-0.29,6.54,4.36,0.01,-3.83,Mango,Clay Loam,0.763,0.311,21.81,7,0.363,1.495.899,27.873
10.827,104.715,7,7,3.64,27.672,29.667,5.5,37.542,34.786,26.489,28.16,3.9,76.87,18.24,12,-3.21,-4.25,-4.47,-3.37,-0.26,0.68,3.27,0.33,8.7,4.94,0.85,-3.21,Mango,Clay Loam,0.882,0.241,18.77,9,0.464,3.251.955,28.114
10.426,106.252,6,3.526,3.64,35.737,34.75,6.276,20.268,44.018,38.711,27.91,4.33,79.72,18.06,12,-4.03,-4.78,-4.88,-4,0.35,2.61,7.9,-0.29,6.54,4.36,0.01,-3.83,Mango,Clay Loam,0.763,0.298,21.81,7,0.363,1569.61,27.887
10.011,106.189,6.219,3.561,3.64,36.219,30.841,6.178,21.898,41.883,39.212,27.61,5.05,82.34,18.216,12,-4.58,-5.54,-5.71,-4.16,0.46,1.64,10.07,-0.1,7.61,4.57,0.32,-4.63,Mango,Clay Loam,0.653,0.295,24.72,7,0.408,1.782.071,27.587
9.731,105.268,7,2.45,3.64,37.973,36.127,5.773,25.002,37.025,45.527,27.644,5.242,82.107,17.03,12,-4.655,-5.875,-6.128,-3.932,-0.003,1.332,9.423,-0.079,9.093,4.792,0.83,-4.769,Mango,Clay Loam,0.662,0.296,25.441,7,0.37,2.660.099,27.628
10.337,104.691,6.823,2.645,3.64,29.665,45.094,5.8,27.573,42.845,58.793,28.018,4.722,79.735,18.24,12,-3.859,-5.175,-5.448,-3.635,-0.216,0.645,5.786,-0.251,10.593,4.419,1.005,-3.905,Mango,Clay Loam,0.767,0.309,22.489,9,0.472,2.601.564,28.001
10.387,104.924,7,2.576,3.64,31.947,35.012,5.431,27.505,40.547,42.214,27.91,4.77,79.76,18.096,12,-3.85,-5.17,-5.46,-3.66,-0.22,0.5,5.61,-0.26,10.88,4.65,0.87,-3.94,Mango,Clay Loam,0.761,0.286,22.56,9,0.483,3.401.545,27.893
10.859,104.821,7,5.665,3.64,30.872,30.971,5.233,34.692,34.436,24.031,28.16,3.9,76.87,18.24,12,-3.21,-4.25,-4.47,-3.37,-0.26,0.68,3.27,0.33,8.7,4.94,0.85,-3.21,Mango,Clay Loam,0.882,0.244,18.77,9,0.464,3.830.803,28.123
10.431,105.416,7,3.809,3.64,42.638,31.662,5.7,18.905,38.367,36.353,27.74,4.64,80.6,17.9,12,-4.02,-5.17,-5.35,-3.98,0.31,1.52,7.43,-0.41,8.29,5.16,0.33,-4.15,Mango,Clay,0.722,0.297,23.08,9,0.36,2.818.361,27.715
9.74,105.91,6,5.128,3.64,39.24,29.775,5.975,26.19,34.57,40.272,27.591,5.443,82.646,17.684,12,-4.936,-5.964,-6.271,-3.967,0.067,1.091,10.295,0.181,8.689,5.5,0.488,-5.16,Mango,Clay Loam,0.641,0.286,26.298,7,0.391,2.222.169,27.558
10.759,104.919,6,4.096,3.64,29.028,37.764,5.226,30.878,40.093,29.264,28.047,4.293,78.176,18.24,12,-3.499,-4.666,-4.917,-3.501,-0.242,0.599,4.327,0.063,9.685,4.809,0.859,-3.54,Mango,Clay Loam,0.827,0.26,20.365,9,0.476,3.845.979,28.02
9.538,106.056,6,4.413,3.64,35.216,38.773,5.941,30.248,34.536,59.321,27.704,5.185,82.563,18.77,12,-4.762,-5.734,-5.921,-3.908,0.372,1.065,10.023,0.44,7.874,5.198,0.332,-5.017,Mango,Clay Loam,0.648,0.303,25.342,7,0.396,2295.88,27.675
10.497,105.645,6.832,6.496,3.64,38.349,34.202,5.534,19.267,42.384,40.101,27.769,4.588,80.452,17.927,12,-4.022,-5.104,-5.271,-3.983,0.317,1.703,7.509,-0.39,7.996,5.026,0.276,-4.096,Mango,Clay Loam,0.729,0.302,22.866,9,0.35,3.178.244,27.727
10.239,105.115,6,2.263,3.64,38.958,28.9,5.6,24.258,36.784,31.547,27.947,4.858,80.541,17.9,12,-4.152,-5.421,-5.703,-3.527,-0.308,0.861,6.855,-0.135,10.335,4.223,1.113,-4.168,Mango,Clay Loam,0.733,0.278,23.414,9,0.442,3.035.158,27.932
10.531,105.087,6,2,3.64,34.065,35.767,5.973,26.449,39.473,42.131,27.91,4.77,79.76,17.9,12,-3.85,-5.17,-5.46,-3.66,-0.22,0.5,5.61,-0.26,10.88,4.65,0.87,-3.94,Mango,Clay Loam,0.761,0.288,22.56,9,0.483,2.226.505,27.897
10.47,106.02,7,2.433,3.64,42.8,31.265,6.17,18.878,38.3,38.628,27.873,4.397,79.911,18.025,12,-4.028,-4.865,-4.982,-3.996,0.341,2.374,7.798,-0.316,6.919,4.533,0.079,-3.899,Mango,Clay,0.754,0.301,22.086,7,0.354,1.799.415,27.857
10.084,105.208,6.096,1.904,3.64,32.839,30.213,5.59,27.284,39.867,31.078,27.96,4.89,80.82,17.9,12,-4.26,-5.51,-5.79,-3.48,-0.34,0.99,7.3,-0.09,10.14,4.07,1.2,-4.25,Mango,Clay Loam,0.723,0.271,23.72,9,0.428,3.056.838,27.948
10.666,106.395,7,3,3.64,40.412,32.153,5.802,20.835,38.753,28.024,27.91,4.33,79.72,18.06,12,-4.03,-4.78,-4.88,-4,0.35,2.61,7.9,-0.29,6.54,4.36,0.01,-3.83,Mango,Clay,0.763,0.281,21.81,7,0.363,2.597.228,27.89
9.937,105.553,6.358,3,3.64,33.73,33.994,5.936,26.521,39.849,37.315,27.52,5.44,82.42,17.03,12,-4.68,-6.01,-6.26,-4.19,0.2,1.23,10.03,-0.2,9.39,5.07,0.41,-4.97,Mango,Clay Loam,0.646,0.281,26.31,7,0.381,2306.72,27.5
10.062,105.868,6,2,3.64,35.418,36.882,6.239,22.475,42.107,44.961,27.575,5.203,82.371,17.372,12,-4.619,-5.725,-5.926,-4.172,0.358,1.479,10.054,-0.139,8.309,4.766,0.355,-4.764,Mango,Clay Loam,0.65,0.301,25.345,7,0.397,1.649.825,27.562
10.457,105.827,6,2,3.64,37.411,33.037,5.736,17.845,44.735,34.555,27.833,4.471,80.119,17.9,12,-4.025,-4.957,-5.093,-3.991,0.332,2.116,7.687,-0.344,7.333,4.723,0.155,-3.975,Mango,Clay Loam,0.744,0.297,22.385,7,0.344,2.740.314,27.82
9.39,105.108,6,1,3.64,41.052,32.242,5.546,27.11,31.838,48.386,27.97,4.72,81.28,17.03,12,-4.59,-5.52,-5.78,-3.25,-0.54,1.6,7.82,0.24,8.31,4.06,1.94,-4.24,Mango,Clay,0.706,0.295,23.92,9,0.347,3.152.228,27.964
10.487,105.959,6.609,3.218,3.64,40.261,27.765,6.144,18.091,41.648,35.782,27.844,4.451,80.064,17.997,12,-4.026,-4.932,-5.064,-3.992,0.334,2.184,7.716,-0.337,7.224,4.673,0.135,-3.955,Mango,Clay,0.747,0.298,22.306,7,0.347,1.855.782,27.823
9.333,105.144,6.594,2.811,3.64,39.335,27.314,5.638,30.938,29.787,41.251,27.998,4.611,81.093,17.03,12,-4.533,-5.427,-5.715,-3.246,-0.576,1.466,7.37,0.301,8.164,3.926,2.374,-4.053,Mango,Clay Loam,0.715,0.277,23.55,9,0.346,2.952.775,27.98
10.698,105.041,6,3.006,3.64,34.999,34.753,5.699,25.248,39.703,39.284,28.036,4.332,78.306,18.071,12,-3.528,-4.707,-4.962,-3.514,-0.24,0.591,4.432,0.037,9.783,4.796,0.86,-3.573,Mango,Clay Loam,0.822,0.287,20.524,9,0.477,2.820.529,28.016
10.56,106.145,6.988,2,3.64,40.269,33.489,6.296,18.009,41.722,36.456,27.91,4.33,79.72,18.058,12,-4.03,-4.78,-4.88,-4,0.35,2.61,7.9,-0.29,6.54,4.36,0.01,-3.83,Mango,Clay,0.763,0.3,21.81,7,0.363,1.526.251,27.897
10.183,105.035,6.864,2.273,3.64,35.305,31.736,5.486,33.332,31.364,40.604,27.928,4.726,79.905,18.075,12,-3.932,-5.186,-5.482,-3.603,-0.276,0.605,5.76,-0.171,10.48,4.524,1.162,-3.918,Mango,Clay Loam,0.756,0.27,22.568,9,0.465,3.282.307,27.913
10.448,105.724,6.695,2.61,3.64,36.64,27.483,5.739,18.221,45.139,33.729,27.74,4.64,80.6,17.9,12,-4.02,-5.17,-5.35,-3.98,0.31,1.52,7.43,-0.41,8.29,5.16,0.33,-4.15,Mango,Clay Loam,0.722,0.295,23.08,9,0.36,2733.81,27.723
10.122,106.113,6,4.383,3.64,35.29,29.951,6.24,18.468,46.302,42.538,27.574,5.208,82.372,17.995,12,-4.62,-5.73,-5.932,-4.172,0.355,1.474,10.054,-0.14,8.33,4.772,0.356,-4.767,Mango,Clay Loam,0.65,0.307,25.361,7,0.397,1.647.657,27.546
10.577,105.533,6.572,2,3.64,35.443,25.386,5.543,21.099,43.458,36.014,27.74,4.64,80.6,17.9,12,-4.02,-5.17,-5.35,-3.98,0.31,1.52,7.43,-0.41,8.29,5.16,0.33,-4.15,Mango,Clay Loam,0.722,0.292,23.08,9,0.36,3.158.732,27.727
10.75,104.788,6.718,13.495,3.64,26.463,28.267,5.585,42.425,31.112,30.788,28.089,4.146,77.686,18.144,12,-3.391,-4.51,-4.75,-3.452,-0.249,0.629,3.931,0.163,9.316,4.858,0.856,-3.416,Mango,Loam,0.848,0.236,19.768,9,0.472,3.067.678,28.001
10.379,105.67,6,3.77,3.64,37.954,25.923,5.669,16.977,45.069,33.73,27.74,4.64,80.6,17.9,12,-4.02,-5.17,-5.35,-3.98,0.31,1.52,7.43,-0.41,8.29,5.16,0.33,-4.15,Mango,Clay Loam,0.722,0.298,23.08,9,0.36,2.885.568,27.715
10.641,106.101,6.009,2,3.64,39.383,38.79,6.202,17.409,43.209,39.691,27.909,4.328,79.73,18.06,12,-4.028,-4.778,-4.878,-4,0.349,2.618,7.896,-0.284,6.536,4.347,0.008,-3.828,Mango,Clay Loam,0.762,0.306,21.796,7,0.363,1730.04,27.896
10.314,104.948,6.872,2.128,3.64,31.023,26.344,5.651,26.372,42.605,36.151,27.86,4.856,80.102,18.196,12,-3.957,-5.278,-5.563,-3.728,-0.166,0.594,6.178,-0.252,10.689,4.704,0.811,-4.072,Mango,Clay Loam,0.746,0.28,23.016,9,0.465,2.924.592,27.846
8.956,105.13,6,1.104,3.64,38.69,52.913,5.421,31.777,29.523,48.954,28.04,4.45,80.82,17.89,12,-4.45,-5.29,-5.62,-3.24,-0.63,1.27,6.71,0.39,7.95,3.73,3.01,-3.78,Mango,Clay Loam,0.727,0.285,23.01,9,0.345,3.423.225,28.033
10.372,106.097,7,4.551,3.64,39.749,26.824,6.328,18.444,41.807,34.972,27.91,4.33,79.72,18.06,12,-4.03,-4.78,-4.88,-4,0.35,2.61,7.9,-0.29,6.54,4.36,0.01,-3.83,Mango,Clay Loam,0.763,0.297,21.81,7,0.363,1.456.876,27.88
10.607,106.339,7,3,3.64,39.622,35.808,6.169,21.178,39.142,52.901,28.008,3.971,78.552,18.06,12,-3.758,-4.375,-4.446,-3.78,0.205,2.755,6.668,-0.105,6.019,4.528,-0.198,-3.512,Mango,Clay Loam,0.811,0.315,20.174,7,0.331,1.801.583,27.988
9.973,106.417,7,11.984,3.64,40.647,26.668,6.19,26.739,32.614,26.097,27.808,5.02,81.898,18.575,12,-4.654,-5.571,-5.744,-3.804,0.321,1.195,9.417,0.516,7.643,5.289,0.25,-4.89,Mango,Clay,0.677,0.265,24.663,7,0.382,1.756.056,27.73
10.503,105.177,6,3.079,3.64,37.768,30.182,5.984,20.848,41.384,41.105,27.91,4.77,79.76,17.9,12,-3.85,-5.17,-5.46,-3.66,-0.22,0.5,5.61,-0.26,10.88,4.65,0.87,-3.94,Mango,Clay Loam,0.761,0.3,22.56,9,0.483,2.202.658,27.89
10.274,106.371,7,8.743,3.64,34.38,32.437,6.109,21.091,44.529,55.134,27.884,4.392,79.944,18.06,12,-4.077,-4.845,-4.951,-4.014,0.359,2.527,8.086,-0.274,6.632,4.378,0.037,-3.899,Mango,Clay Loam,0.753,0.319,22.06,7,0.367,1.931.661,27.827
9.435,105.879,6.894,2.106,3.64,38.983,38.594,5.653,31.328,29.6,43.683,27.6,5.638,82.818,17.214,12,-5.122,-6.183,-6.553,-3.837,-0.119,0.749,10.383,0.4,9.205,6.016,0.564,-5.46,Mango,Clay Loam,0.634,0.279,27.274,7,0.38,2.920.256,27.586
9.748,106.204,7,2.384,3.64,37.685,33.035,6.181,27.808,34.507,43.644,27.739,5.236,82.647,18.77,12,-4.831,-5.807,-6.001,-3.813,0.339,0.848,10.005,0.643,7.974,5.435,0.336,-5.163,Mango,Clay Loam,0.646,0.287,25.615,7,0.391,1.775.567,27.724
9.642,105.702,7,1.323,3.64,35.967,29.244,5.9,26.733,37.3,43.267,27.58,5.68,82.83,17.03,12,-5.15,-6.22,-6.61,-3.85,-0.17,0.76,10.43,0.35,9.34,6.06,0.59,-5.48,Mango,Clay Loam,0.633,0.289,27.48,7,0.379,2.384.767,27.571
9.558,106.423,7,4,3.64,38.872,36.015,6.077,25.473,35.655,35.845,27.77,5.28,82.72,18.77,12,-4.89,-5.87,-6.07,-3.73,0.31,0.66,9.99,0.82,8.06,5.64,0.34,-5.29,Mango,Clay Loam,0.644,0.282,25.85,7,0.387,2.001.036,27.744
9.829,105.117,6,1,3.64,38.245,34.623,5.594,26.977,34.777,41.165,27.96,4.89,80.82,17.396,12,-4.26,-5.51,-5.79,-3.48,-0.34,0.99,7.3,-0.09,10.14,4.07,1.2,-4.25,Mango,Clay Loam,0.723,0.286,23.72,9,0.428,3.048.166,27.954
10.831,105.236,7,3,3.64,33.793,23.811,5.593,23.968,42.153,33.16,28.16,3.9,76.87,17.9,12,-3.21,-4.25,-4.47,-3.37,-0.26,0.68,3.27,0.33,8.7,4.94,0.85,-3.21,Mango,Clay Loam,0.882,0.281,18.77,9,0.464,3.050.334,28.14
10.461,106.427,6.481,2,3.64,39.573,33.448,6.352,18.311,42.115,37.694,27.832,4.195,80.301,18.06,12,-3.911,-4.645,-4.735,-4.021,0.298,3.088,7.677,0.094,6.306,3.607,-0.099,-3.69,Mango,Clay Loam,0.737,0.301,21.101,7,0.364,1.404.845,27.819
10.518,105.084,6,2.135,3.64,34.015,35.817,5.959,26.451,39.534,42.214,27.91,4.77,79.76,17.9,12,-3.85,-5.17,-5.46,-3.66,-0.22,0.5,5.61,-0.26,10.88,4.65,0.87,-3.94,Mango,Clay Loam,0.761,0.288,22.56,9,0.483,2.256.857,27.896
9.57,106.394,7,3.601,3.64,40.439,35.399,6,24.66,34.901,36.12,27.77,5.28,82.72,18.77,12,-4.89,-5.87,-6.07,-3.73,0.31,0.66,9.99,0.82,8.06,5.64,0.34,-5.29,Mango,Clay,0.644,0.284,25.85,7,0.387,2167.97,27.747
9.024,105.011,6.766,9.429,3.64,30.496,41.995,5.647,34.358,35.146,69.19,28.229,4.094,80.915,18.048,12,-3.915,-4.985,-5.267,-3.236,-0.499,0.715,5.673,0.587,7.367,2.745,3.86,-3.066,Mango,Clay Loam,0.731,0.308,20.968,9,0.352,2.933.263,28.168
9.629,105.975,7,2,3.64,38.088,32.508,5.838,25.682,36.184,35.758,27.594,5.39,82.605,17.83,12,-4.888,-5.907,-6.196,-3.993,0.12,1.165,10.264,0.143,8.544,5.375,0.466,-5.089,Mango,Clay Loam,0.642,0.281,26.073,7,0.394,2.519.181,27.581
10.618,105.553,6.88,2.12,3.64,39.612,33.836,5.576,18.428,42.048,40.272,27.74,4.64,80.6,17.9,12,-4.02,-5.17,-5.35,-3.98,0.31,1.52,7.43,-0.41,8.29,5.16,0.33,-4.15,Mango,Clay Loam,0.722,0.304,23.08,9,0.36,3.087.189,27.726
10.309,104.684,6.651,2.302,3.64,29.63,44.991,5.8,27.933,42.502,60.82,28.123,4.676,79.711,18.24,12,-3.867,-5.18,-5.436,-3.611,-0.213,0.786,5.956,-0.243,10.314,4.196,1.135,-3.87,Mango,Clay Loam,0.772,0.311,22.42,9,0.461,2.601.564,28.108
10.487,104.921,6.533,229.712,3.64,34.007,38.514,5.566,39.174,26.819,48.273,27.91,4.77,79.76,18.24,12,-3.85,-5.17,-5.46,-3.66,-0.22,0.5,5.61,-0.26,10.88,4.65,0.87,-3.94,Mango,Clay Loam,0.761,0.267,22.56,9,0.483,3.108.869,26.417
10.519,105.268,7,1.324,3.64,38.159,30.832,5.632,19.084,42.757,35.289,27.91,4.77,79.76,17.9,12,-3.85,-5.17,-5.46,-3.66,-0.22,0.5,5.61,-0.26,10.88,4.65,0.87,-3.94,Mango,Clay Loam,0.761,0.296,22.56,9,0.483,2.965.783,27.901
10.166,105.327,6,2,3.64,39.2,27.633,5.6,24.467,36.267,37.233,27.667,5.257,81.887,17.9,12,-4.54,-5.843,-6.103,-3.954,0.02,1.15,9.121,-0.163,9.64,4.737,0.673,-4.73,Mango,Clay Loam,0.671,0.286,25.333,9,0.38,3.035.158,27.654
10.885,106.6,6,2.331,3.64,37.436,29.472,6.001,23.236,39.295,33.412,27.839,3.75,78.45,18.06,12,-3.573,-4.08,-4.117,-3.741,0.147,3.791,6.252,0.633,5.372,3.552,-0.993,-3.206,Mango,Clay Loam,0.807,0.283,19.71,7,0.317,2.165.802,27.824
10.019,105.469,6.994,1.994,3.64,35.406,34.798,5.701,24.899,39.695,36.619,27.52,5.441,82.422,17.895,12,-4.683,-6.011,-6.262,-4.188,0.198,1.227,10.032,-0.197,9.39,5.076,0.411,-4.973,Mango,Clay Loam,0.646,0.284,26.314,7,0.381,2.816.193,27.507
10.785,105.607,6.338,3,3.64,36.757,24.912,5.534,18.896,44.313,34.822,28.1,3.74,77.56,17.9,12,-3.37,-4.2,-4.32,-3.49,0.06,1.63,4.58,-0.12,6.51,5.58,0.4,-3.31,Mango,Clay Loam,0.853,0.295,18.81,9,0.347,3.178.244,28.08
10.104,105.274,6.558,1.442,3.64,37.754,30.875,5.6,23.896,38.35,37.094,27.96,4.89,80.82,17.9,12,-4.26,-5.51,-5.79,-3.48,-0.34,0.99,7.3,-0.09,10.14,4.07,1.2,-4.25,Mango,Clay Loam,0.723,0.287,23.72,9,0.428,3.035.158,27.951
10.487,105.074,6,2.539,3.64,35.235,34.031,5.692,25.204,39.489,41.889,27.91,4.77,79.76,17.9,12,-3.85,-5.17,-5.46,-3.66,-0.22,0.5,5.61,-0.26,10.88,4.65,0.87,-3.94,Mango,Clay Loam,0.761,0.291,22.56,9,0.483,2.835.705,27.893
10.643,106.093,6.535,2.07,3.64,40.377,32.393,5.847,18.812,40.858,28.421,27.91,4.33,79.72,18.06,12,-4.03,-4.78,-4.88,-4,0.35,2.61,7.9,-0.29,6.54,4.36,0.01,-3.83,Mango,Clay,0.763,0.287,21.81,7,0.363,2.499.669,27.897
9.767,105.584,7,1.94,3.64,42.158,32.27,5.994,25.84,32.096,44.114,27.524,5.454,82.445,17.03,12,-4.708,-6.023,-6.281,-4.17,0.178,1.202,10.054,-0.167,9.387,5.13,0.421,-5.001,Mango,Clay,0.645,0.292,26.35,7,0.381,2.180.978,27.511
10.412,105.513,6,3,3.64,38.025,26.862,5.6,18.531,43.444,31.319,27.74,4.64,80.6,17.9,12,-4.02,-5.17,-5.35,-3.98,0.31,1.52,7.43,-0.41,8.29,5.16,0.33,-4.15,Mango,Clay Loam,0.722,0.291,23.08,9,0.36,3.035.158,27.72
10.395,105.914,6,2,3.64,35.451,29.297,6.396,20.27,44.279,42.3,27.731,4.674,80.677,17.9,12,-4.048,-5.206,-5.389,-3.989,0.305,1.508,7.54,-0.401,8.337,5.156,0.333,-4.185,Mango,Clay Loam,0.719,0.303,23.218,9,0.36,1.309.454,27.718
9.621,106.046,6,2.351,3.64,37.225,41.86,6.018,26.14,36.553,56.264,27.726,5.308,82.667,18.465,12,-4.853,-5.895,-6.103,-3.811,0.291,0.76,9.997,0.641,8.293,5.54,0.352,-5.234,Mango,Clay Loam,0.645,0.309,25.896,7,0.386,2.128.947,27.711
9.405,105.75,7,2,3.64,41.439,38.562,5.6,30.31,28.289,42.137,27.58,5.68,82.83,17.03,12,-5.15,-6.22,-6.61,-3.85,-0.17,0.76,10.43,0.35,9.34,6.06,0.59,-5.48,Mango,Clay,0.633,0.279,27.48,7,0.379,3.035.158,27.567
9.799,105.964,7,4.799,3.64,37.34,39.616,6.08,28.438,34.222,63.154,27.592,5.128,82.356,18.42,12,-4.6,-5.634,-5.821,-4.166,0.408,1.558,10.062,-0.12,7.968,4.67,0.338,-4.698,Mango,Clay Loam,0.651,0.313,25.039,7,0.402,1.994.532,27.561
10.279,105.155,6,2.464,3.64,36.393,27.018,5.546,24.854,38.7,30.643,27.91,4.77,79.76,17.9,12,-3.85,-5.17,-5.46,-3.66,-0.22,0.5,5.61,-0.26,10.88,4.65,0.87,-3.94,Mango,Clay Loam,0.761,0.276,22.56,9,0.483,3.152.228,27.894
9.17,105.526,6,1.807,3.64,39.829,37.916,5.59,32.736,27.435,48.722,27.859,5.254,82.69,17.123,12,-5.137,-5.895,-6.361,-3.204,-0.332,0.574,8.869,0.896,8.366,6.241,1.258,-5.289,Mango,Clay Loam,0.649,0.283,26.218,7,0.338,3.056.838,27.847
10.659,106.05,6,2,3.64,39.869,33.4,5.765,16.921,43.166,35.534,27.91,4.33,79.72,17.988,12,-4.03,-4.78,-4.88,-4,0.35,2.61,7.9,-0.29,6.54,4.36,0.01,-3.83,Mango,Clay Loam,0.763,0.301,21.81,7,0.363,2.677.443,27.897
10.215,105.988,7,2,3.64,40.819,33.515,6.224,19.593,39.588,35.685,27.588,5.145,82.36,18.021,12,-4.604,-5.655,-5.844,-4.167,0.397,1.54,10.06,-0.124,8.044,4.692,0.342,-4.713,Mango,Clay,0.651,0.295,25.107,7,0.401,1.682.345,27.575
10.825,104.848,7,5,3.64,31.723,33.056,5.239,32.399,35.878,25.885,28.16,3.9,76.87,18.24,12,-3.21,-4.25,-4.47,-3.37,-0.26,0.68,3.27,0.33,8.7,4.94,0.85,-3.21,Mango,Clay Loam,0.882,0.252,18.77,9,0.464,3.817.795,28.128
10.249,105.79,6.665,2,3.64,35.597,32.337,5.835,23.002,41.368,36.828,27.696,4.777,81.183,17.954,12,-4.208,-5.294,-5.471,-4.04,0.36,1.56,8.315,-0.306,8.062,4.962,0.327,-4.311,Mango,Clay Loam,0.699,0.289,23.63,7,0.353,2.525.685,27.683
10.854,105.824,6,2.795,3.64,35.277,30.007,5.282,25.982,38.661,27.577,28.084,3.716,77.671,17.9,12,-3.521,-4.105,-4.169,-3.593,0.092,2.608,5.527,-0.001,5.818,4.84,-0.197,-3.286,Mango,Clay Loam,0.848,0.269,18.872,9,0.308,3.724.572,28.066
9.881,105.72,6.927,3,3.64,38.453,29.918,5.9,25.536,36.011,46.071,27.524,5.457,82.45,17.03,12,-4.714,-6.025,-6.285,-4.165,0.173,1.196,10.059,-0.16,9.386,5.142,0.423,-5.007,Mango,Clay Loam,0.645,0.296,26.356,7,0.381,2.384.767,27.504
10.779,105.63,6.235,3,3.64,36.954,24.663,5.523,18.989,44.034,34.356,28.1,3.74,77.56,17.9,12,-3.37,-4.2,-4.32,-3.49,0.06,1.63,4.58,-0.12,6.51,5.58,0.4,-3.31,Mango,Clay Loam,0.853,0.294,18.81,9,0.347,3.202.092,28.08
10.3,106.404,7,5.201,3.64,38.46,26.06,6.4,19.841,41.739,35.619,27.85,4.226,80.167,18.06,12,-3.938,-4.676,-4.768,-4.016,0.31,2.977,7.728,0.005,6.36,3.781,-0.074,-3.722,Mango,Clay Loam,0.743,0.294,21.194,7,0.365,1.300.782,27.816
10.1,105.251,6.848,1.152,3.64,37.522,30.056,5.615,23.115,39.363,35.809,27.952,4.872,80.658,17.9,12,-4.198,-5.458,-5.74,-3.507,-0.322,0.915,7.042,-0.116,10.253,4.158,1.15,-4.203,Mango,Clay Loam,0.729,0.287,23.544,9,0.436,3.002.638,27.945
10.563,105.92,6.008,2,3.64,40.198,31.917,6.096,18.795,40.908,40.299,27.74,4.64,80.6,17.9,12,-4.02,-5.17,-5.35,-3.98,0.31,1.52,7.43,-0.41,8.29,5.16,0.33,-4.15,Mango,Clay,0.722,0.303,23.08,9,0.36,1.959.845,27.727
10.829,105.838,7,2.073,3.64,32.873,22.68,5.415,24.842,42.278,28.365,28.104,3.752,77.51,17.9,12,-3.358,-4.204,-4.331,-3.481,0.037,1.561,4.484,-0.087,6.67,5.533,0.433,-3.303,Mango,Clay Loam,0.855,0.273,18.764,9,0.356,3.436.232,28.091
10.493,105.396,6,3.46,3.64,39.912,27.806,5.554,19.56,40.528,31.616,27.74,4.64,80.6,17.9,12,-4.02,-5.17,-5.35,-3.98,0.31,1.52,7.43,-0.41,8.29,5.16,0.33,-4.15,Mango,Clay Loam,0.722,0.289,23.08,9,0.36,3.134.885,27.718
10.728,106.31,6,2,3.64,42.69,28.947,5.816,19.9,37.426,25.342,27.937,4.232,79.401,18.06,12,-3.956,-4.669,-4.762,-3.94,0.311,2.649,7.564,-0.239,6.398,4.406,-0.047,-3.743,Mango,Clay,0.776,0.28,21.356,7,0.355,2.566.876,27.924
10.504,106.396,6.521,2,3.64,38.358,38.175,6.304,17.921,43.721,39.179,27.832,4.195,80.303,18.06,12,-3.91,-4.645,-4.734,-4.021,0.298,3.089,7.676,0.096,6.306,3.605,-0.099,-3.689,Mango,Clay Loam,0.737,0.304,21.098,7,0.364,1.508.907,27.819
10.338,105.52,6.376,2,3.64,36.963,31.96,5.787,17.674,45.425,33.559,27.804,4.689,80.284,17.9,12,-3.956,-5.17,-5.391,-3.86,0.111,1.136,6.745,-0.354,9.265,4.968,0.533,-4.071,Mango,Clay Loam,0.737,0.296,22.802,9,0.407,2.629.748,27.791
10.373,105.684,6,4.822,3.64,37.355,25.845,5.691,17.527,45.118,32.704,27.74,4.64,80.6,17.9,12,-4.02,-5.17,-5.35,-3.98,0.31,1.52,7.43,-0.41,8.29,5.16,0.33,-4.15,Mango,Clay Loam,0.722,0.295,23.08,9,0.36,2.837.873,27.709
10.766,105.663,6.245,3,3.64,37.62,24.565,5.5,19.665,42.715,34.45,28.1,3.74,77.56,17.9,12,-3.37,-4.2,-4.32,-3.49,0.06,1.63,4.58,-0.12,6.51,5.58,0.4,-3.31,Mango,Clay Loam,0.853,0.293,18.81,9,0.347,3.251.955,28.08
9.524,105.325,6.128,2.255,3.64,35.608,40.702,5.651,26.866,37.526,52.998,27.913,4.812,81.426,17.03,12,-4.601,-5.583,-5.841,-3.37,-0.445,1.553,8.102,0.184,8.448,4.189,1.745,-4.333,Mango,Clay Loam,0.699,0.302,24.173,9,0.349,2.924.592,27.898
9.914,105.758,6.826,3.478,3.64,37.465,36.622,6,26.391,36.161,57.174,27.53,5.482,82.491,17.03,12,-4.762,-6.047,-6.321,-4.131,0.136,1.148,10.1,-0.104,9.381,5.242,0.441,-5.059,Mango,Clay Loam,0.644,0.309,26.424,7,0.382,2167.97,27.507
8.871,105.089,6,1.218,3.64,38.373,53.58,5.465,32.536,29.091,48.86,28.062,4.345,80.927,17.936,12,-4.334,-5.209,-5.535,-3.22,-0.621,1.109,6.422,0.486,7.697,3.475,3.343,-3.579,Mango,Clay Loam,0.724,0.284,22.498,9,0.342,3.327.834,28.054
10.63,105.549,7,2.291,3.64,35.217,25.65,5.529,19.647,45.108,36.383,27.845,4.378,79.715,17.9,12,-3.831,-4.887,-5.05,-3.837,0.237,1.552,6.6,-0.326,7.772,5.282,0.35,-3.905,Mango,Clay Loam,0.76,0.296,21.836,9,0.357,3.189.084,27.83
10.572,104.905,6.964,3.072,3.64,30.796,42.146,5.289,27.933,41.271,33.159,27.919,4.739,79.655,18.24,12,-3.827,-5.137,-5.424,-3.65,-0.221,0.507,5.525,-0.239,10.801,4.66,0.869,-3.914,Mango,Clay Loam,0.765,0.272,22.412,9,0.483,3.709.397,27.899
10.479,105.071,6.303,2,3.64,33.657,35.788,5.757,26.176,40.167,42.746,27.91,4.77,79.76,17.9,12,-3.85,-5.17,-5.46,-3.66,-0.22,0.5,5.61,-0.26,10.88,4.65,0.87,-3.94,Mango,Clay Loam,0.761,0.29,22.56,9,0.483,2.694.787,27.897
9.703,106.041,6.737,4.211,3.64,37.4,40.821,6.074,28.137,34.437,62.527,27.652,5.111,82.44,18.77,12,-4.662,-5.627,-5.805,-4.047,0.421,1.382,10.049,0.142,7.728,4.852,0.325,-4.804,Mango,Clay Loam,0.65,0.313,24.945,7,0.404,2007.54,27.625
10.278,105.051,6,2,3.64,36.572,32.828,5.672,24.796,38.532,41.572,27.942,4.847,80.438,17.9,12,-4.112,-5.388,-5.671,-3.545,-0.297,0.814,6.691,-0.151,10.407,4.279,1.081,-4.138,Mango,Clay Loam,0.737,0.291,23.302,9,0.447,2.879.064,27.929
8.666,104.876,7,1.088,3.64,38.104,50.582,5.491,32.363,29.533,57.216,28.14,3.97,81.31,17.74,12,-3.92,-4.92,-5.23,-3.15,-0.59,0.53,5.39,0.83,6.79,2.56,4.54,-2.86,Mango,Clay Loam,0.712,0.296,20.67,9,0.329,3.271.467,28.133
10.142,105.384,6.063,2,3.64,38.943,27.305,5.594,24.869,36.094,37.25,27.548,5.405,82.319,17.9,12,-4.654,-5.978,-6.23,-4.145,0.166,1.215,9.858,-0.193,9.437,5.007,0.46,-4.925,Mango,Clay Loam,0.651,0.285,26.125,7,0.377,3.048.166,27.535
10.124,105.557,6.554,2,3.64,35.255,36.76,5.655,22.434,42.311,44.685,27.52,5.44,82.42,17.9,12,-4.68,-6.01,-6.26,-4.19,0.2,1.23,10.03,-0.2,9.39,5.07,0.41,-4.97,Mango,Clay Loam,0.646,0.301,26.31,7,0.381,2915.92,27.507
8.851,104.978,6.694,2,3.64,38.022,45.242,5.5,33.4,28.678,44.367,28.071,4.303,80.97,17.816,12,-4.288,-5.177,-5.501,-3.213,-0.618,1.044,6.307,0.524,7.596,3.373,3.477,-3.499,Mango,Clay Loam,0.722,0.275,22.296,9,0.34,3.251.955,28.058
10.182,106.565,6.397,3.603,3.64,40.74,35.629,6.379,20.225,39.035,46.259,27.725,4.859,82.523,18.06,12,-4.393,-5.385,-5.535,-4.057,0.444,1.584,9.415,0.126,7.606,4.221,0.483,-4.519,Mango,Clay,0.65,0.308,23.889,7,0.394,1.346.309,27.702
9.839,105.517,6,2.106,3.64,34.731,33.958,5.855,25.806,39.563,38.307,27.547,5.547,82.603,17.03,12,-4.89,-6.104,-6.417,-4.038,0.035,1.02,10.209,0.046,9.368,5.513,0.49,-5.198,Mango,Clay Loam,0.64,0.284,26.647,7,0.383,2.482.326,27.533
10.367,105.642,6.399,3.201,3.64,37.661,27.541,5.6,17.938,44.441,32.16,27.74,4.64,80.6,17.9,12,-4.02,-5.17,-5.35,-3.98,0.31,1.52,7.43,-0.41,8.29,5.16,0.33,-4.15,Mango,Clay Loam,0.722,0.294,23.08,9,0.36,3.035.158,27.719
10.849,105.21,6.516,3,3.64,33.555,27.915,5.597,22.539,43.958,34.574,28.16,3.9,76.87,17.9,12,-3.21,-4.25,-4.47,-3.37,-0.26,0.68,3.27,0.33,8.7,4.94,0.85,-3.21,Mango,Clay Loam,0.882,0.287,18.77,9,0.464,3.041.662,28.14
10.281,105.16,6.081,2,3.64,34.855,26.656,5.532,26.273,38.781,31.482,27.91,4.77,79.76,17.9,12,-3.85,-5.17,-5.46,-3.66,-0.22,0.5,5.61,-0.26,10.88,4.65,0.87,-3.94,Mango,Clay Loam,0.761,0.274,22.56,9,0.483,3182.58,27.897
9.926,104.979,7,1.503,3.64,32.354,47.358,5.599,26.891,40.755,51.483,28.243,4.611,80.455,17.631,12,-4.247,-5.361,-5.586,-3.384,-0.371,1.461,7.214,0.016,8.782,3.707,1.786,-3.992,Mango,Clay Loam,0.749,0.3,22.941,9,0.382,3.037.326,28.233
9.371,106.152,6.008,3,3.64,36.28,37.737,6.095,34.08,29.64,41.002,27.771,5.28,82.721,18.756,12,-4.893,-5.871,-6.073,-3.726,0.305,0.659,9.983,0.821,8.063,5.647,0.346,-5.291,Mango,Clay Loam,0.644,0.269,25.854,7,0.387,1.962.013,27.752
9.571,105.524,7,2,3.64,38.847,32.912,5.685,24.959,36.193,37.059,27.571,5.644,82.769,17.03,12,-5.08,-6.189,-6.558,-3.901,-0.115,0.83,10.371,0.268,9.347,5.913,0.563,-5.404,Mango,Clay Loam,0.635,0.284,27.247,7,0.38,2.850.881,27.558
10.486,105.562,7,2,3.64,41.454,32.783,5.825,19.691,38.854,38.113,27.775,4.575,80.417,17.933,12,-4.022,-5.089,-5.252,-3.984,0.318,1.747,7.528,-0.385,7.925,4.993,0.263,-4.083,Mango,Clay,0.731,0.298,22.815,9,0.348,2.547.365,27.762
10.216,105.221,6.069,2,3.64,43.324,30.701,5.593,21.221,35.456,33.296,27.96,4.89,80.82,17.9,12,-4.26,-5.51,-5.79,-3.48,-0.34,0.99,7.3,-0.09,10.14,4.07,1.2,-4.25,Mango,Clay,0.723,0.288,23.72,9,0.428,3.050.334,27.947
10.707,106.331,6.116,2.116,3.64,41.991,29.284,5.8,20.27,37.74,25.791,27.91,4.33,79.72,18.06,12,-4.03,-4.78,-4.88,-4,0.35,2.61,7.9,-0.29,6.54,4.36,0.01,-3.83,Mango,Clay,0.763,0.279,21.81,7,0.363,2.601.564,27.896
10.49,105.447,6.183,2.817,3.64,37.409,32.247,5.418,19.899,42.692,40.709,27.806,4.476,80.045,17.9,12,-3.901,-4.993,-5.162,-3.891,0.264,1.54,6.91,-0.357,7.965,5.237,0.343,-3.997,Mango,Clay Loam,0.746,0.301,22.301,9,0.358,3.429.729,27.788
10.694,106.441,7,3,3.64,40.71,30.961,5.862,21.729,37.561,28.619,27.91,4.33,79.72,18.06,12,-4.03,-4.78,-4.88,-4,0.35,2.61,7.9,-0.29,6.54,4.36,0.01,-3.83,Mango,Clay,0.763,0.28,21.81,7,0.363,2467.15,27.89
10.376,106.003,7,5.756,3.64,40.388,25.959,6.212,17.876,41.737,31.664,27.91,4.33,79.72,18.06,12,-4.03,-4.78,-4.88,-4,0.35,2.61,7.9,-0.29,6.54,4.36,0.01,-3.83,Mango,Clay,0.763,0.293,21.81,7,0.363,1708.36,27.873
9.519,106.198,7,2.66,3.64,39.449,41.325,6.087,26.56,34.077,43.724,27.77,5.28,82.72,18.77,12,-4.89,-5.87,-6.07,-3.73,0.31,0.66,9.99,0.82,8.06,5.64,0.34,-5.29,Mango,Clay Loam,0.644,0.29,25.85,7,0.387,1.979.357,27.753
10.697,105.695,6,2,3.64,41.234,31.655,5.439,19.878,38.969,35.667,27.773,4.665,80.437,17.9,12,-3.987,-5.17,-5.371,-3.918,0.207,1.322,7.077,-0.381,8.793,5.061,0.435,-4.109,Mango,Clay,0.73,0.294,22.936,9,0.384,3.384.201,27.76
10.645,105.678,6.79,2,3.64,39.795,35.087,5.726,18.032,42.252,40.095,27.776,4.575,80.415,17.934,12,-4.022,-5.088,-5.251,-3.984,0.318,1.749,7.529,-0.385,7.923,4.992,0.263,-4.083,Mango,Clay Loam,0.731,0.305,22.813,9,0.348,2.761.994,27.763
10.162,105.106,6.695,2,3.64,38.13,25.71,5.561,25.077,36.792,36.134,27.945,4.853,80.497,17.9,12,-4.135,-5.406,-5.689,-3.535,-0.303,0.841,6.785,-0.142,10.365,4.247,1.099,-4.156,Mango,Clay Loam,0.735,0.283,23.366,9,0.444,3.119.709,27.932
10.551,105.226,7,2,3.64,36.079,30.738,5.684,20.349,43.573,35.979,27.91,4.77,79.76,17.9,12,-3.85,-5.17,-5.46,-3.66,-0.22,0.5,5.61,-0.26,10.88,4.65,0.87,-3.94,Mango,Clay Loam,0.761,0.294,22.56,9,0.483,2.853.049,27.897
10.349,104.988,7,2,3.64,32.354,26.816,5.779,26.858,40.788,35.264,27.91,4.77,79.76,18.037,12,-3.85,-5.17,-5.46,-3.66,-0.22,0.5,5.61,-0.26,10.88,4.65,0.87,-3.94,Mango,Clay Loam,0.761,0.278,22.56,9,0.483,2.647.091,27.897
10.072,105.424,6,1.826,3.64,38.844,27.708,5.652,24.956,36.117,37.317,27.53,5.482,82.491,17.749,12,-4.762,-6.046,-6.321,-4.131,0.136,1.148,10.099,-0.105,9.381,5.242,0.441,-5.058,Mango,Clay Loam,0.644,0.285,26.423,7,0.382,2.922.424,27.518
10.082,105.553,6,3.61,3.64,30.897,28.183,5.908,25.195,43.908,37.019,27.52,5.44,82.42,17.9,12,-4.68,-6.01,-6.26,-4.19,0.2,1.23,10.03,-0.2,9.39,5.07,0.41,-4.97,Mango,Clay Loam,0.646,0.284,26.31,7,0.381,2.367.423,27.497
10.619,106.546,7,2,3.64,42.131,32.1,6.031,24.142,33.727,29.346,27.812,4.16,80.452,18.06,12,-3.88,-4.61,-4.697,-4.026,0.285,3.212,7.619,0.194,6.246,3.412,-0.127,-3.653,Mango,Clay,0.731,0.276,20.993,7,0.363,2.100.763,27.799
9.484,105.124,7,1.976,3.64,37.256,40.134,5.598,25.059,37.685,45.049,27.97,4.72,81.28,17.03,12,-4.59,-5.52,-5.78,-3.25,-0.54,1.6,7.82,0.24,8.31,4.06,1.94,-4.24,Mango,Clay Loam,0.706,0.295,23.92,9,0.347,3.039.494,27.957
9.947,105.631,7,5,3.64,36.718,36.235,6.028,27.859,35.423,64.32,27.718,4.949,81.414,18.58,12,-4.318,-5.407,-5.62,-3.98,0.216,1.231,8.469,-0.157,8.784,4.599,0.517,-4.382,Mango,Clay Loam,0.691,0.316,23.864,9,0.369,2.107.267,27.686
9.377,105.078,6,1,3.64,40.237,29.986,5.682,28.64,31.122,49.124,27.97,4.72,81.28,17.03,12,-4.59,-5.52,-5.78,-3.25,-0.54,1.6,7.82,0.24,8.31,4.06,1.94,-4.24,Mango,Clay,0.706,0.293,23.92,9,0.347,2.857.384,27.964
10.168,106.467,6.867,2,3.64,37.899,32.647,6.213,21.761,40.34,41.673,27.65,4.955,81.993,18.06,12,-4.507,-5.439,-5.6,-4.139,0.445,1.769,9.782,-0.125,7.468,4.542,0.279,-4.524,Mango,Clay Loam,0.667,0.298,24.334,7,0.403,1.706.192,27.637
10.385,105.973,6.138,4.138,3.64,37.134,28.066,6.431,20.735,42.145,44.855,27.936,4.249,79.422,18.038,12,-3.939,-4.7,-4.803,-3.93,0.31,2.475,7.442,-0.267,6.536,4.528,0.064,-3.758,Mango,Clay Loam,0.775,0.305,21.397,7,0.348,1.233.575,27.909
10.55,106.204,6,2.077,3.64,39.069,32.269,6.23,20.192,40.739,41.446,27.897,4.354,79.788,18.048,12,-4.029,-4.81,-4.916,-3.998,0.347,2.526,7.864,-0.299,6.675,4.422,0.035,-3.855,Mango,Clay Loam,0.759,0.302,21.907,7,0.36,1.669.337,27.883
10.6,105.976,6.487,4.513,3.64,43.775,30.987,5.803,18.851,37.325,37.841,27.914,4.163,79.112,17.982,12,-3.784,-4.611,-4.724,-3.795,0.202,2.207,6.579,-0.184,6.931,4.898,-0.019,-3.704,Mango,Clay,0.786,0.3,20.821,9,0.333,2595.06,27.885
10.309,105.247,6,2,3.64,39.184,28.385,5.661,22.924,37.891,35.536,27.843,4.719,80.091,17.9,12,-3.917,-5.17,-5.417,-3.786,-0.011,0.902,6.327,-0.319,9.86,4.851,0.657,-4.023,Mango,Clay Loam,0.746,0.287,22.643,9,0.436,2.902.912,27.83
10.158,105.384,6.235,2.765,3.64,30.641,27.553,5.906,25.735,43.624,36.406,27.612,5.282,81.794,17.98,12,-4.485,-5.812,-6.072,-4.065,0.101,1.058,8.99,-0.214,9.74,4.971,0.518,-4.728,Mango,Clay Loam,0.673,0.282,25.376,9,0.384,2.371.759,27.594
8.931,104.994,6.175,0.35,3.64,40.31,42.499,5.5,31.55,28.123,50.905,28.04,4.45,80.82,17.946,12,-4.45,-5.29,-5.62,-3.24,-0.63,1.27,6.71,0.39,7.95,3.73,3.01,-3.78,Mango,Clay,0.727,0.289,23.01,9,0.345,3.251.955,28.038
10.808,104.831,7,5,3.64,31.242,33.304,5.301,32.756,36.002,27.171,28.16,3.9,76.87,18.24,12,-3.21,-4.25,-4.47,-3.37,-0.26,0.68,3.27,0.33,8.7,4.94,0.85,-3.21,Mango,Clay Loam,0.882,0.253,18.77,9,0.464,3.683.381,28.128
10.154,105.882,6.399,3.203,3.64,36.04,30.999,5.961,22.099,41.861,38.161,27.662,4.887,81.646,17.996,12,-4.357,-5.392,-5.566,-4.088,0.4,1.592,9.018,-0.224,7.881,4.805,0.324,-4.439,Mango,Clay Loam,0.68,0.293,24.066,7,0.375,2.252.521,27.641
10.517,106.13,6.854,2,3.64,42.639,31.244,6.168,19.032,38.344,38.802,27.885,4.375,79.849,18.037,12,-4.029,-4.837,-4.949,-3.997,0.344,2.45,7.831,-0.308,6.796,4.477,0.057,-3.877,Mango,Clay,0.757,0.301,21.997,7,0.357,1.803.751,27.872
8.681,104.859,7,1,3.64,41.799,51.359,5.5,30.076,28.125,55.756,28.14,3.97,81.31,17.74,12,-3.92,-4.92,-5.23,-3.15,-0.59,0.53,5.39,0.83,6.79,2.56,4.54,-2.86,Mango,Clay,0.712,0.299,20.67,9,0.329,3.251.955,28.134
10.609,104.986,6.932,69.137,3.64,27.336,31.25,5.986,44.53,28.041,40.743,27.91,4.77,79.76,18.217,12,-3.85,-5.17,-5.46,-3.66,-0.22,0.5,5.61,-0.26,10.88,4.65,0.87,-3.94,Mango,Clay Loam,0.761,0.245,22.56,9,0.483,2.198.322,27.461
10.873,104.985,6.974,2.026,3.64,34.123,36.743,5.3,25.134,40.743,39.126,28.16,3.9,76.87,18.24,12,-3.21,-4.25,-4.47,-3.37,-0.26,0.68,3.27,0.33,8.7,4.94,0.85,-3.21,Mango,Clay Loam,0.882,0.287,18.77,9,0.464,3.685.549,28.147
10.685,106.071,6.135,3.865,3.64,41.684,33.354,5.695,17.311,41.005,29.711,27.91,4.33,79.72,18.06,12,-4.03,-4.78,-4.88,-4,0.35,2.61,7.9,-0.29,6.54,4.36,0.01,-3.83,Mango,Clay,0.763,0.292,21.81,7,0.363,2.829.201,27.885
10.12,105.434,6.037,2.258,3.64,39.022,27.522,5.611,24.859,36.023,37.152,27.529,5.434,82.431,17.932,12,-4.688,-6.005,-6.253,-4.173,0.204,1.209,10.029,-0.162,9.341,5.091,0.407,-4.982,Mango,Clay Loam,0.646,0.285,26.263,7,0.382,3011.31,27.514
9.416,106.17,6.55,2.45,3.64,37.894,39.074,6.1,33.496,28.666,42.594,27.77,5.28,82.72,18.77,12,-4.89,-5.87,-6.07,-3.73,0.31,0.66,9.99,0.82,8.06,5.64,0.34,-5.29,Mango,Clay Loam,0.644,0.273,25.85,7,0.387,1.951.173,27.754
10.614,105.177,6.966,2.966,3.64,37.638,34.517,5.7,21.675,40.684,39.814,27.91,4.77,79.76,17.9,12,-3.85,-5.17,-5.46,-3.66,-0.22,0.5,5.61,-0.26,10.88,4.65,0.87,-3.94,Mango,Clay Loam,0.761,0.296,22.56,9,0.483,2.818.361,27.891
10.271,105.508,7,4.135,3.64,36.346,25.978,5.657,21.603,42.051,36.124,27.74,4.64,80.6,17.9,12,-4.02,-5.17,-5.35,-3.98,0.31,1.52,7.43,-0.41,8.29,5.16,0.33,-4.15,Mango,Clay Loam,0.722,0.291,23.08,9,0.36,2.911.584,27.713
10.479,105.072,6,2.624,3.64,35.256,33.988,5.675,25.157,39.518,41.918,27.91,4.77,79.76,17.9,12,-3.85,-5.17,-5.46,-3.66,-0.22,0.5,5.61,-0.26,10.88,4.65,0.87,-3.94,Mango,Clay Loam,0.761,0.291,22.56,9,0.483,2872.56,27.893
8.867,104.953,6.494,2.506,3.64,40.648,49.631,5.449,30.395,28.957,49.331,28.04,4.45,80.82,17.74,12,-4.45,-5.29,-5.62,-3.24,-0.63,1.27,6.71,0.39,7.95,3.73,3.01,-3.78,Mango,Clay,0.727,0.289,23.01,9,0.345,3.362.521,28.024
9.813,105.863,6.56,4,3.64,39.085,29.308,5.956,26.857,34.114,41.456,27.546,5.545,82.6,17.03,12,-4.887,-6.102,-6.414,-4.041,0.037,1.023,10.206,0.042,9.368,5.505,0.489,-5.194,Mango,Clay Loam,0.641,0.286,26.638,7,0.383,2.263.361,27.52
10.123,105.082,6.894,2,3.64,38.111,24.854,5.521,25.615,36.275,36.373,27.955,4.877,80.708,17.9,12,-4.217,-5.474,-5.755,-3.499,-0.327,0.938,7.121,-0.108,10.218,4.131,1.165,-4.217,Mango,Clay Loam,0.727,0.282,23.597,9,0.433,3.206.428,27.942
10.646,106.466,7,2.641,3.64,39.467,31.105,5.9,23.541,36.928,26.664,27.91,4.33,79.72,18.06,12,-4.03,-4.78,-4.88,-4,0.35,2.61,7.9,-0.29,6.54,4.36,0.01,-3.83,Mango,Clay Loam,0.763,0.273,21.81,7,0.363,2.384.767,27.893
9.709,105.852,6.216,1.648,3.64,38.746,37.049,6,25.659,35.673,54.978,27.567,5.628,82.741,17.03,12,-5.048,-6.175,-6.534,-3.923,-0.09,0.862,10.344,0.231,9.351,5.846,0.551,-5.37,Mango,Clay Loam,0.636,0.308,27.14,7,0.381,2167.97,27.556
10.42,105.873,6.62,3.522,3.64,35.453,29.458,5.828,18.567,46.017,39.602,27.691,4.796,81.262,17.961,12,-4.233,-5.311,-5.487,-4.048,0.367,1.566,8.434,-0.292,8.031,4.936,0.326,-4.333,Mango,Clay Loam,0.696,0.303,23.704,7,0.356,2.540.861,27.668
10.366,106.559,6,2.7,3.64,38.445,34.205,6.33,18.95,42.605,39.43,27.812,4.161,80.448,18.06,12,-3.88,-4.611,-4.698,-4.026,0.285,3.208,7.62,0.191,6.247,3.417,-0.127,-3.654,Mango,Clay Loam,0.731,0.302,20.996,7,0.363,1452.54,27.794
9.302,105.561,7,1.304,3.64,43.444,35.998,5.885,30.687,25.869,45.304,27.609,5.619,82.813,17.03,12,-5.11,-6.167,-6.528,-3.832,-0.097,0.745,10.363,0.421,9.145,5.996,0.552,-5.451,Mango,Clay,0.635,0.283,27.185,7,0.381,2.417.287,27.601
10.831,105.236,7,3,3.64,33.794,23.798,5.594,23.983,42.135,33.141,28.16,3.9,76.87,17.9,12,-3.21,-4.25,-4.47,-3.37,-0.26,0.68,3.27,0.33,8.7,4.94,0.85,-3.21,Mango,Clay Loam,0.882,0.281,18.77,9,0.464,3.048.166,28.14
9.69,105.467,6.781,1.781,3.64,38.653,35.17,5.922,26.103,35.266,50.843,27.58,5.68,82.83,17.03,12,-5.15,-6.22,-6.61,-3.85,-0.17,0.76,10.43,0.35,9.34,6.06,0.59,-5.48,Mango,Clay Loam,0.633,0.301,27.48,7,0.379,2.337.072,27.568
9.621,105.498,6,1,3.64,37.19,34.86,5.892,25.482,37.383,41.179,27.58,5.68,82.83,17.03,12,-5.15,-6.22,-6.61,-3.85,-0.17,0.76,10.43,0.35,9.34,6.06,0.59,-5.48,Mango,Clay Loam,0.633,0.289,27.48,7,0.379,2.402.111,27.574
10.534,106.522,6.058,3.942,3.64,43.16,24.832,6.183,23.242,33.692,28.341,27.91,4.33,79.72,18.06,12,-4.03,-4.78,-4.88,-4,0.35,2.61,7.9,-0.29,6.54,4.36,0.01,-3.83,Mango,Clay,0.763,0.276,21.81,7,0.363,1.771.231,27.884
8.912,104.983,6,1.99,3.64,40.388,52.781,5.4,32.198,27.414,43.991,28.04,4.45,80.82,17.741,12,-4.45,-5.29,-5.62,-3.24,-0.63,1.27,6.71,0.39,7.95,3.73,3.01,-3.78,Mango,Clay,0.727,0.278,23.01,9,0.345,3.468.752,28.027
9.446,106.17,6.942,2,3.64,39.275,40.194,6.077,32.821,27.998,43.646,27.77,5.28,82.72,18.77,12,-4.89,-5.87,-6.07,-3.73,0.31,0.66,9.99,0.82,8.06,5.64,0.34,-5.29,Mango,Clay Loam,0.644,0.276,25.85,7,0.387,2.001.036,27.757
9.833,106.132,6.305,9.44,3.64,40.678,28.68,6.161,27.652,31.67,34.832,27.659,5.12,82.456,18.77,12,-4.675,-5.641,-5.82,-4.029,0.414,1.341,10.046,0.181,7.747,4.896,0.326,-4.831,Mango,Clay,0.65,0.275,24.996,7,0.403,1.818.927,27.598
10.463,105.621,6.984,6.935,3.64,32.664,26.524,5.508,23.828,43.508,35.024,27.736,4.653,80.63,17.9,12,-4.031,-5.184,-5.365,-3.983,0.308,1.515,7.472,-0.407,8.308,5.159,0.331,-4.163,Mango,Clay Loam,0.721,0.284,23.133,9,0.36,3.234.611,27.691
10.015,106.013,7,1.239,3.64,35.898,34.009,6.124,27.239,36.863,43.972,27.648,5.105,82.431,18.108,12,-4.654,-5.619,-5.796,-4.057,0.424,1.406,10.051,0.12,7.718,4.826,0.325,-4.788,Mango,Clay Loam,0.651,0.289,24.914,7,0.404,1.899.142,27.64
10.607,105.265,7,1.858,3.64,38.156,28.741,5.772,20.73,41.113,34.042,27.91,4.77,79.76,17.9,12,-3.85,-5.17,-5.46,-3.66,-0.22,0.5,5.61,-0.26,10.88,4.65,0.87,-3.94,Mango,Clay Loam,0.761,0.29,22.56,9,0.483,2.662.267,27.898
10.789,105.777,6,2.121,3.64,39.624,24.773,5.536,20.655,39.797,31.479,28.098,3.736,77.577,17.919,12,-3.393,-4.185,-4.297,-3.506,0.065,1.779,4.724,-0.102,6.404,5.467,0.309,-3.306,Mango,Clay Loam,0.852,0.287,18.789,9,0.342,3.173.908,28.084
10.273,105.718,7,2,3.64,41.591,34.527,6.148,16.945,41.464,33.854,27.587,5.197,81.868,17.9,12,-4.48,-5.755,-5.984,-4.126,0.233,1.318,9.241,-0.264,9.056,5.097,0.386,-4.721,Mango,Clay,0.669,0.298,25.33,7,0.365,1847.11,27.574
10.707,105.607,6.101,2.899,3.64,34.752,26.294,5.51,21.168,44.081,38.419,27.74,4.64,80.6,17.9,12,-4.02,-5.17,-5.35,-3.98,0.31,1.52,7.43,-0.41,8.29,5.16,0.33,-4.15,Mango,Clay Loam,0.722,0.295,23.08,9,0.36,3.230.275,27.721
10.533,104.924,7,85.151,3.64,31.584,35.968,5.862,40.039,28.346,46.137,27.91,4.77,79.76,18.24,12,-3.85,-5.17,-5.46,-3.66,-0.22,0.5,5.61,-0.26,10.88,4.65,0.87,-3.94,Mango,Clay Loam,0.761,0.263,22.56,9,0.483,2467.15,27.357
9.116,104.936,7,1.062,3.64,37.174,47.3,5.781,33.294,29.526,54.963,28.04,4.45,80.82,18.04,12,-4.45,-5.29,-5.62,-3.24,-0.63,1.27,6.71,0.39,7.95,3.73,3.01,-3.78,Mango,Clay Loam,0.727,0.29,23.01,9,0.345,2.642.755,28.033
10.174,105.194,6,2,3.64,33.777,28.587,5.551,26.913,39.26,30.996,27.935,4.831,80.3,17.9,12,-4.059,-5.343,-5.628,-3.568,-0.281,0.75,6.471,-0.173,10.503,4.355,1.038,-4.098,Mango,Clay Loam,0.742,0.271,23.15,9,0.454,3.141.389,27.922
10.375,105.688,6,4.987,3.64,37.406,25.801,5.7,17.494,45.1,32.909,27.74,4.64,80.6,17.9,12,-4.02,-5.17,-5.35,-3.98,0.31,1.52,7.43,-0.41,8.29,5.16,0.33,-4.15,Mango,Clay Loam,0.722,0.296,23.08,9,0.36,2.818.361,27.708
10.534,106.115,6,2.186,3.64,38.884,32.226,6.133,20.181,40.935,41.37,27.878,4.388,79.884,18.03,12,-4.028,-4.853,-4.967,-3.996,0.343,2.407,7.813,-0.312,6.866,4.509,0.07,-3.89,Mango,Clay Loam,0.755,0.302,22.046,7,0.355,1879.63,27.864
9.678,105.555,6.615,1.615,3.64,38.769,35.6,5.938,25.954,35.315,51.555,27.58,5.68,82.83,17.03,12,-5.15,-6.22,-6.61,-3.85,-0.17,0.76,10.43,0.35,9.34,6.06,0.59,-5.48,Mango,Clay Loam,0.633,0.302,27.48,7,0.379,2.302.384,27.57
10.369,104.986,6.694,2,3.64,32.61,35.269,5.384,26.272,41.087,44.796,27.91,4.77,79.76,18.004,12,-3.85,-5.17,-5.46,-3.66,-0.22,0.5,5.61,-0.26,10.88,4.65,0.87,-3.94,Mango,Clay Loam,0.761,0.292,22.56,9,0.483,3503.44,27.897
10.66,105.74,6.624,4.624,3.64,36.551,28.649,6.188,21.561,41.95,43.64,28.029,3.962,78.372,17.96,12,-3.618,-4.418,-4.531,-3.682,0.169,1.999,5.829,-0.184,6.521,5.121,0.253,-3.506,Mango,Clay Loam,0.819,0.302,19.939,9,0.328,1.760.392,27.999
10.354,106.303,6.473,4,3.64,39.016,26.422,6.347,18.789,42.242,36.7,27.839,4.207,80.25,18.06,12,-3.921,-4.657,-4.748,-4.019,0.303,3.045,7.697,0.06,6.327,3.674,-0.089,-3.702,Mango,Clay Loam,0.74,0.298,21.136,7,0.365,1.415.684,27.813
10.652,105.412,6,3.148,3.64,34.408,24.697,5.543,22.931,42.661,34.234,27.74,4.64,80.6,17.9,12,-4.02,-5.17,-5.35,-3.98,0.31,1.52,7.43,-0.41,8.29,5.16,0.33,-4.15,Mango,Clay Loam,0.722,0.285,23.08,9,0.36,3.158.732,27.72
10.703,106.531,6.131,3,3.64,40.043,29.674,5.9,23.118,36.826,24.701,27.91,4.33,79.72,18.06,12,-4.03,-4.78,-4.88,-4,0.35,2.61,7.9,-0.29,6.54,4.36,0.01,-3.83,Mango,Clay,0.763,0.271,21.81,7,0.363,2.384.767,27.89
10.493,105.442,6,2.887,3.64,39.025,26.96,5.589,19.247,41.739,31.777,27.781,4.538,80.255,17.9,12,-3.946,-5.06,-5.233,-3.924,0.282,1.532,7.107,-0.377,8.088,5.208,0.338,-4.055,Mango,Clay Loam,0.737,0.29,22.595,9,0.359,3.059.006,27.762
10.347,104.651,7,1.55,3.64,30.82,46.77,5.58,27.96,41.276,50.834,28.245,4.379,79.455,18.24,12,-3.729,-4.941,-5.153,-3.448,-0.261,1.001,5.549,-0.216,9.574,3.713,1.454,-3.564,Mango,Clay Loam,0.788,0.297,21.312,9,0.45,3.078.517,28.235
10.444,105.998,7,3,3.64,40.058,28.809,6.219,19.381,40.481,30.734,27.773,4.58,80.429,17.931,12,-4.022,-5.094,-5.259,-3.984,0.318,1.732,7.521,-0.387,7.949,5.004,0.268,-4.088,Mango,Clay,0.73,0.288,22.834,9,0.349,1.693.185,27.754
9.751,105.199,6.632,2.471,3.64,37.079,42.79,5.3,26.121,36.8,39.474,27.82,5.181,81.559,17.03,12,-4.587,-5.771,-6.092,-3.616,-0.277,0.905,8.451,0.072,9.846,4.802,0.976,-4.702,Mango,Clay Loam,0.69,0.285,25.045,9,0.393,3.685.549,27.804
10.382,106.01,7,5.172,3.64,40.359,26.338,6.241,17.817,41.824,32.774,27.91,4.33,79.72,18.06,12,-4.03,-4.78,-4.88,-4,0.35,2.61,7.9,-0.29,6.54,4.36,0.01,-3.83,Mango,Clay,0.763,0.295,21.81,7,0.363,1.645.489,27.876
8.878,104.918,6.828,2,3.64,40.11,51.7,5.483,31.041,28.848,50.641,28.04,4.45,80.82,17.795,12,-4.45,-5.29,-5.62,-3.24,-0.63,1.27,6.71,0.39,7.95,3.73,3.01,-3.78,Mango,Clay,0.727,0.29,23.01,9,0.345,3288.81,28.027
10.622,105.06,6.266,2,3.64,33.98,36.213,5.814,26.174,39.846,41.374,27.977,4.538,78.99,17.991,12,-3.68,-4.925,-5.196,-3.583,-0.231,0.548,4.987,-0.103,10.299,4.727,0.865,-3.746,Mango,Clay Loam,0.793,0.288,21.464,9,0.481,2.571.212,27.964
10.392,105.656,6,4.231,3.64,37.939,27.416,5.623,17.038,45.023,32.361,27.74,4.64,80.6,17.9,12,-4.02,-5.17,-5.35,-3.98,0.31,1.52,7.43,-0.41,8.29,5.16,0.33,-4.15,Mango,Clay Loam,0.722,0.296,23.08,9,0.36,2.985.295,27.712
10.479,106.22,6.989,2.011,3.64,41.53,33.111,6.5,18.497,39.974,33.983,27.91,4.33,79.72,18.06,12,-4.03,-4.78,-4.88,-4,0.35,2.61,7.9,-0.29,6.54,4.36,0.01,-3.83,Mango,Clay,0.763,0.295,21.81,7,0.363,1.083.985,27.897
10.133,106.024,6.416,4.752,3.64,39.993,31.568,6.134,23.69,36.317,47.268,27.748,4.792,80.844,17.631,12,-4.301,-5.292,-5.454,-4.079,0.288,2.036,8.786,-0.253,7.726,4.655,0.176,-4.304,Mango,Clay Loam,0.714,0.302,23.683,7,0.371,1.877.462,27.717
9.777,105.856,6,2.444,3.64,37.852,39.125,6.048,26.074,36.126,53.526,27.551,5.564,82.633,17.03,12,-4.924,-6.119,-6.442,-4.014,0.008,0.986,10.237,0.085,9.364,5.583,0.503,-5.235,Mango,Clay Loam,0.639,0.305,26.734,7,0.382,2.063.907,27.535
10.508,105.281,7,1.019,3.64,39.044,30.802,5.602,18.535,42.421,34.923,27.91,4.77,79.76,17.9,12,-3.85,-5.17,-5.46,-3.66,-0.22,0.5,5.61,-0.26,10.88,4.65,0.87,-3.94,Mango,Clay Loam,0.761,0.296,22.56,9,0.483,3.030.822,27.903
9.986,106.188,6.74,2.52,3.64,36.74,31.414,6.126,22.366,40.894,41.139,27.61,5.05,82.34,18.586,12,-4.58,-5.54,-5.71,-4.16,0.46,1.64,10.07,-0.1,7.61,4.57,0.32,-4.63,Mango,Clay Loam,0.653,0.296,24.72,7,0.408,1.894.806,27.594
10.578,104.978,6.76,77.993,3.64,28.435,33.102,5.928,43.273,28.24,41.823,27.91,4.77,79.76,18.24,12,-3.85,-5.17,-5.46,-3.66,-0.22,0.5,5.61,-0.26,10.88,4.65,0.87,-3.94,Mango,Clay Loam,0.761,0.249,22.56,9,0.483,2.324.064,27.403
10.482,105.734,7,2,3.64,35.877,27.026,5.759,18.992,45.131,34.592,27.74,4.64,80.6,17.9,12,-4.02,-5.17,-5.35,-3.98,0.31,1.52,7.43,-0.41,8.29,5.16,0.33,-4.15,Mango,Clay Loam,0.722,0.295,23.08,9,0.36,2.690.451,27.727
10.497,104.967,6.465,58.346,3.64,28.957,33.289,5.8,42.49,28.554,45.442,27.91,4.77,79.76,18.058,12,-3.85,-5.17,-5.46,-3.66,-0.22,0.5,5.61,-0.26,10.88,4.65,0.87,-3.94,Mango,Clay Loam,0.761,0.256,22.56,9,0.483,2.601.564,27.531
9.999,105.828,7,1.215,3.64,34.891,34.2,6.057,27.516,37.592,44.158,27.604,5.186,82.445,17.713,12,-4.703,-5.686,-5.904,-4.093,0.324,1.451,10.147,-0.003,7.982,4.891,0.378,-4.813,Mango,Clay Loam,0.648,0.289,25.202,7,0.403,2.044.396,27.596
9.387,105.704,7,1.988,3.64,42.418,38.467,5.604,30.011,27.67,41.345,27.58,5.68,82.83,17.03,12,-5.15,-6.22,-6.61,-3.85,-0.17,0.76,10.43,0.35,9.34,6.06,0.59,-5.48,Mango,Clay,0.633,0.279,27.48,7,0.379,3.026.486,27.567
10.004,105.489,6.759,2.241,3.64,34.893,34.511,5.748,25.334,39.796,36.721,27.52,5.44,82.42,17.69,12,-4.68,-6.01,-6.26,-4.19,0.2,1.23,10.03,-0.2,9.39,5.07,0.41,-4.97,Mango,Clay Loam,0.646,0.283,26.31,7,0.381,2.714.298,27.505
10.153,105.283,6,2,3.64,38.181,31.61,5.6,24.888,36.929,38.67,27.96,4.89,80.82,17.9,12,-4.26,-5.51,-5.79,-3.48,-0.34,0.99,7.3,-0.09,10.14,4.07,1.2,-4.25,Mango,Clay Loam,0.723,0.287,23.72,9,0.428,3.035.158,27.947
9.976,105.572,7,2.397,3.64,37.102,28.081,5.779,25.403,37.495,30.701,27.538,5.363,82.404,17.375,12,-4.66,-5.917,-6.151,-4.184,0.252,1.311,10.038,-0.18,9.037,4.971,0.392,-4.903,Mango,Clay Loam,0.647,0.275,25.995,7,0.386,2.647.091,27.522
10.475,106.194,7,2,3.64,41.512,33.132,6.472,18.395,40.093,33.943,27.903,4.343,79.756,18.054,12,-4.03,-4.796,-4.899,-3.999,0.348,2.566,7.881,-0.295,6.611,4.392,0.023,-3.843,Mango,Clay,0.761,0.295,21.862,7,0.361,1.144.688,27.89
10.354,106.152,7,4.976,3.64,39.324,26.612,6.349,19.017,41.659,34.951,27.91,4.33,79.72,18.06,12,-4.03,-4.78,-4.88,-4,0.35,2.61,7.9,-0.29,6.54,4.36,0.01,-3.83,Mango,Clay Loam,0.763,0.295,21.81,7,0.363,1.411.348,27.878
10.341,104.682,7,2.11,3.64,31.144,53.59,5.478,27.01,41.935,45.76,28.008,4.334,79.368,18.24,12,-3.619,-4.778,-5.015,-3.42,-0.3,0.714,4.791,-0.224,9.945,4.08,1.262,-3.477,Mango,Clay Loam,0.78,0.292,20.833,9,0.478,3299.65,27.994
9.961,105.137,6.452,1.548,3.64,36.612,31.563,5.736,26.03,37.303,46.345,27.96,4.89,80.82,17.693,12,-4.26,-5.51,-5.79,-3.48,-0.34,0.99,7.3,-0.09,10.14,4.07,1.2,-4.25,Mango,Clay Loam,0.723,0.295,23.72,9,0.428,2.740.314,27.95
10.29,106.25,7,7.637,3.64,36.745,33.463,6.191,21.418,41.837,52.41,27.91,4.33,79.72,18.06,12,-4.03,-4.78,-4.88,-4,0.35,2.61,7.9,-0.29,6.54,4.36,0.01,-3.83,Mango,Clay Loam,0.763,0.314,21.81,7,0.363,1.753.888,27.86
10.389,105.042,6.844,2,3.64,33.225,35.409,5.325,25.418,41.358,43.72,27.91,4.77,79.76,17.9,12,-3.85,-5.17,-5.46,-3.66,-0.22,0.5,5.61,-0.26,10.88,4.65,0.87,-3.94,Mango,Clay Loam,0.761,0.293,22.56,9,0.483,3631.35,27.897
10.377,104.951,6.902,3.098,3.64,37.592,32.408,5.49,32.629,29.778,41.347,27.923,4.739,79.864,18.121,12,-3.909,-5.182,-5.476,-3.619,-0.26,0.576,5.718,-0.196,10.593,4.56,1.08,-3.924,Mango,Clay Loam,0.758,0.273,22.566,9,0.47,3.273.635,27.903
10.698,106.422,7,2.488,3.64,37.567,31.449,5.849,23.491,38.894,27.058,27.91,4.33,79.72,18.06,12,-4.03,-4.78,-4.88,-4,0.35,2.61,7.9,-0.29,6.54,4.36,0.01,-3.83,Mango,Clay Loam,0.763,0.274,21.81,7,0.363,2.495.333,27.894
10.488,106.413,6.85,2,3.64,42.155,32.41,6.27,18.035,39.795,41.745,27.884,4.377,79.852,18.036,12,-4.028,-4.839,-4.951,-3.997,0.344,2.446,7.829,-0.308,6.803,4.48,0.058,-3.878,Mango,Clay,0.756,0.307,22.001,7,0.357,1.582.618,27.871
10.689,105.01,6,3.351,3.64,34.868,33.804,5.568,24.74,40.392,37.16,28.079,4.182,77.808,18.13,12,-3.418,-4.549,-4.791,-3.464,-0.247,0.622,4.03,0.138,9.408,4.846,0.856,-3.447,Mango,Clay Loam,0.843,0.285,19.916,9,0.473,3.104.533,28.057
10.313,105.568,6.263,2,3.64,36.884,32.154,5.821,17.742,45.447,33.843,27.785,4.674,80.379,17.9,12,-3.975,-5.17,-5.379,-3.896,0.171,1.252,6.952,-0.371,8.97,5.026,0.472,-4.095,Mango,Clay Loam,0.732,0.297,22.886,9,0.393,2.556.037,27.772
9.479,105.968,7,2,3.64,42.566,31.167,5.728,30.582,26.852,30.948,27.807,5.311,82.809,17.858,12,-5.058,-5.917,-6.264,-3.452,-0.01,0.576,9.524,0.888,8.243,6.096,0.723,-5.374,Mango,Clay,0.643,0.263,26.075,7,0.366,2.757.658,27.794
10.474,106.051,7,2,3.64,42.799,33.15,5.874,23.56,33.641,31.213,27.835,4.378,80.832,18,12,-3.973,-4.892,-5.047,-3.83,0.028,2.575,7.406,0.247,7.612,3.346,0.326,-3.819,Mango,Clay,0.718,0.28,21.561,9,0.353,2.441.134,27.822
10.309,106.233,6.394,3.606,3.64,37.182,29.281,6.421,20.816,42.003,44.056,27.91,4.33,79.72,18.06,12,-4.03,-4.78,-4.88,-4,0.35,2.61,7.9,-0.29,6.54,4.36,0.01,-3.83,Mango,Clay Loam,0.763,0.304,21.81,7,0.363,1.255.255,27.887
10.094,105.959,6.459,2,3.64,36.784,31.592,6.208,20.978,42.238,42.208,27.561,5.261,82.383,18.3,12,-4.634,-5.794,-6.007,-4.176,0.319,1.418,10.048,-0.154,8.572,4.84,0.369,-4.814,Mango,Clay Loam,0.649,0.301,25.579,7,0.393,1.717.032,27.548
10.011,106.189,6.215,3.57,3.64,36.215,30.836,6.179,21.893,41.892,39.195,27.61,5.05,82.34,18.213,12,-4.58,-5.54,-5.71,-4.16,0.46,1.64,10.07,-0.1,7.61,4.57,0.32,-4.63,Mango,Clay Loam,0.653,0.295,24.72,7,0.408,1.779.903,27.587
10.554,105.866,6.108,2,3.64,40.297,32.04,6.057,18.919,40.695,40.03,27.74,4.64,80.6,17.9,12,-4.02,-5.17,-5.35,-3.98,0.31,1.52,7.43,-0.41,8.29,5.16,0.33,-4.15,Mango,Clay,0.722,0.303,23.08,9,0.36,2.044.396,27.727
10.891,106.265,7,2.955,3.64,35.436,31.113,5.704,22.909,41.655,25.298,28.072,3.738,77.79,18.06,12,-3.581,-4.111,-4.163,-3.637,0.111,2.849,5.865,0.016,5.68,4.637,-0.334,-3.305,Mango,Clay Loam,0.843,0.273,19.131,7,0.306,2.809.689,28.053
9.197,105.525,6.787,2,3.64,40.661,42.626,5.736,32.062,27.22,41.223,27.699,5.316,82.506,17.235,12,-4.888,-5.943,-6.316,-3.701,-0.26,0.711,9.356,0.452,8.797,5.314,1.432,-4.922,Mango,Clay,0.65,0.274,26.03,7,0.359,2.740.314,27.686
10.523,105.702,7,2,3.64,36.032,28.089,5.737,18.895,45.074,35.441,27.74,4.64,80.6,17.9,12,-4.02,-5.17,-5.35,-3.98,0.31,1.52,7.43,-0.41,8.29,5.16,0.33,-4.15,Mango,Clay Loam,0.722,0.296,23.08,9,0.36,2.738.146,27.727
10.596,105.479,6.688,2,3.64,35.342,26.569,5.775,23.87,40.788,33.451,27.74,4.64,80.6,17.9,12,-4.02,-5.17,-5.35,-3.98,0.31,1.52,7.43,-0.41,8.29,5.16,0.33,-4.15,Mango,Clay Loam,0.722,0.282,23.08,9,0.36,2.655.763,27.727
9.591,106.002,6,1.562,3.64,38.188,39.9,6,25.737,36.062,55.775,27.687,5.455,82.768,18.009,12,-5.004,-6.023,-6.306,-3.783,0.1,0.704,10.183,0.614,8.62,5.824,0.449,-5.373,Mango,Clay Loam,0.64,0.309,26.489,7,0.384,2167.97,27.677
10.706,105.087,6,4.236,3.64,36.342,26.153,5.5,28.287,35.346,31.275,28.096,4.122,77.606,17.9,12,-3.373,-4.484,-4.722,-3.444,-0.25,0.634,3.866,0.18,9.255,4.866,0.855,-3.396,Mango,Clay Loam,0.851,0.269,19.669,9,0.471,3.251.955,28.068
10.614,106.472,6.159,3,3.64,38.293,31.966,6.068,24.57,37.136,28.243,27.91,4.33,79.72,18.06,12,-4.03,-4.78,-4.88,-4,0.35,2.61,7.9,-0.29,6.54,4.36,0.01,-3.83,Mango,Clay Loam,0.763,0.273,21.81,7,0.363,2.020.548,27.89
10.615,105.303,6.962,2.962,3.64,39.204,34.512,5.888,20.2,40.596,38.642,27.91,4.77,79.76,17.9,12,-3.85,-5.17,-5.46,-3.66,-0.22,0.5,5.61,-0.26,10.88,4.65,0.87,-3.94,Mango,Clay Loam,0.761,0.298,22.56,9,0.483,2.410.783,27.891
10.665,106.472,7,2.902,3.64,39.128,31.392,5.9,23.802,36.98,26.69,27.91,4.33,79.72,18.06,12,-4.03,-4.78,-4.88,-4,0.35,2.61,7.9,-0.29,6.54,4.36,0.01,-3.83,Mango,Clay Loam,0.763,0.273,21.81,7,0.363,2.384.767,27.891
9.661,105.7,6.539,3.616,3.64,36.523,44.461,5.869,27.7,35.777,62.839,27.596,5.341,82.566,17.967,12,-4.843,-5.854,-6.125,-4.017,0.169,1.234,10.236,0.108,8.408,5.258,0.445,-5.022,Mango,Clay Loam,0.644,0.314,25.861,7,0.396,2.451.974,27.572
10.844,106.271,6,3.637,3.64,38.238,29.666,5.609,20.716,41.01,30.727,28.08,3.71,77.7,18.06,12,-3.56,-4.08,-4.13,-3.62,0.1,2.86,5.77,0.03,5.64,4.65,-0.35,-3.28,Mango,Clay Loam,0.847,0.285,19.02,7,0.303,3.015.646,28.056
9.606,105.515,7,2.341,3.64,38.725,37.023,5.866,25.162,36.113,45.632,27.56,5.598,82.69,17.03,12,-4.99,-6.148,-6.491,-3.966,-0.044,0.92,10.294,0.163,9.357,5.723,0.529,-5.306,Mango,Clay Loam,0.638,0.296,26.945,7,0.381,2.458.478,27.545
10.5,105.174,6,2.895,3.64,37.779,30.364,6.01,20.727,41.484,41.336,27.91,4.77,79.76,17.9,12,-3.85,-5.17,-5.46,-3.66,-0.22,0.5,5.61,-0.26,10.88,4.65,0.87,-3.94,Mango,Clay Loam,0.761,0.3,22.56,9,0.483,2146.29,27.891
9.423,106.172,6.637,2.363,3.64,38.146,39.292,6.1,33.4,28.518,42.846,27.77,5.28,82.72,18.77,12,-4.89,-5.87,-6.07,-3.73,0.31,0.66,9.99,0.82,8.06,5.64,0.34,-5.29,Mango,Clay Loam,0.644,0.273,25.85,7,0.387,1.951.173,27.755
10.509,106.277,6.614,2,3.64,41.612,32.268,6.223,18.247,40.102,41.344,27.844,4.45,80.06,17.998,12,-4.026,-4.931,-5.061,-3.992,0.335,2.189,7.719,-0.336,7.216,4.669,0.134,-3.954,Mango,Clay,0.747,0.306,22.3,7,0.347,1.684.513,27.831
10.457,104.959,6.067,96.6,3.64,31.533,38.467,5.707,39.593,28.967,45.893,27.91,4.77,79.76,18.24,12,-3.85,-5.17,-5.46,-3.66,-0.22,0.5,5.61,-0.26,10.88,4.65,0.87,-3.94,Mango,Clay Loam,0.761,0.263,22.56,9,0.483,2.803.185,27.282
10.336,105.551,6.518,2.037,3.64,37.956,26.615,5.6,17.925,44.119,35.548,27.74,4.64,80.6,17.9,12,-4.02,-5.17,-5.35,-3.98,0.31,1.52,7.43,-0.41,8.29,5.16,0.33,-4.15,Mango,Clay Loam,0.722,0.299,23.08,9,0.36,3.035.158,27.727
10.531,105.087,6,2,3.64,34.08,35.745,5.97,26.435,39.47,42.125,27.91,4.77,79.76,17.9,12,-3.85,-5.17,-5.46,-3.66,-0.22,0.5,5.61,-0.26,10.88,4.65,0.87,-3.94,Mango,Clay Loam,0.761,0.288,22.56,9,0.483,2.233.009,27.897
10.581,106.246,6,2.263,3.64,38.964,32.589,6.274,19.675,41.388,42.261,27.91,4.33,79.72,18.06,12,-4.03,-4.78,-4.88,-4,0.35,2.61,7.9,-0.29,6.54,4.36,0.01,-3.83,Mango,Clay Loam,0.763,0.304,21.81,7,0.363,1.573.946,27.895
9.612,105.501,6,1,3.64,37.268,34.912,5.902,25.571,37.21,41.337,27.58,5.68,82.83,17.03,12,-5.15,-6.22,-6.61,-3.85,-0.17,0.76,10.43,0.35,9.34,6.06,0.59,-5.48,Mango,Clay Loam,0.633,0.289,27.48,7,0.379,2.380.431,27.574
10.237,105.249,6.32,2,3.64,42.292,31.044,5.632,21.26,36.38,39.351,27.944,4.852,80.481,17.9,12,-4.129,-5.401,-5.684,-3.538,-0.302,0.833,6.76,-0.144,10.377,4.255,1.094,-4.151,Mango,Clay,0.735,0.296,23.349,9,0.445,2.965.783,27.931
10.483,106.217,7,2,3.64,41.45,33.117,6.492,18.479,40.071,34.104,27.91,4.33,79.72,18.06,12,-4.03,-4.78,-4.88,-4,0.35,2.61,7.9,-0.29,6.54,4.36,0.01,-3.83,Mango,Clay,0.763,0.295,21.81,7,0.363,1.101.329,27.897
9.252,105.58,7,1.915,3.64,41.849,32.203,5.308,33.056,25.095,32.112,27.818,5.369,82.885,17.03,12,-5.205,-5.982,-6.454,-3.255,-0.289,0.522,9.213,0.899,8.489,6.472,1.029,-5.453,Mango,Clay,0.64,0.259,26.638,7,0.346,3.668.205,27.806
9.015,104.92,6,1.716,3.64,37.339,53.816,5.4,32.172,30.489,49.315,28.04,4.45,80.82,18.04,12,-4.45,-5.29,-5.62,-3.24,-0.63,1.27,6.71,0.39,7.95,3.73,3.01,-3.78,Mango,Clay Loam,0.727,0.285,23.01,9,0.345,3.468.752,28.029
10.081,106.568,6,2,3.64,36.056,38.392,6.293,22.001,41.943,48.433,27.879,4.605,82.767,17.986,12,-4.144,-5.178,-5.302,-3.919,0.423,1.51,8.539,0.429,7.601,3.753,0.7,-4.37,Mango,Clay Loam,0.647,0.307,22.913,7,0.372,1.532.755,27.866
10.705,106.231,6,3.071,3.64,39.086,32.821,6.107,16.164,44.75,44.036,27.91,4.33,79.72,18.06,12,-4.03,-4.78,-4.88,-4,0.35,2.61,7.9,-0.29,6.54,4.36,0.01,-3.83,Mango,Clay Loam,0.763,0.314,21.81,7,0.363,1.935.997,27.89
8.688,104.853,7,1.012,3.64,43.572,51.727,5.5,28.952,27.475,54.759,28.139,3.976,81.304,17.74,12,-3.926,-4.924,-5.235,-3.151,-0.59,0.539,5.406,0.825,6.804,2.574,4.521,-2.871,Mango,Clay,0.712,0.3,20.697,9,0.329,3.251.955,28.132
9.785,106.029,6.957,4.87,3.64,37.648,40.082,6.109,28.413,33.944,64.996,27.623,5.019,82.226,18.739,12,-4.556,-5.507,-5.674,-4.153,0.455,1.682,9.976,-0.108,7.563,4.561,0.307,-4.595,Mango,Clay Loam,0.657,0.316,24.593,7,0.406,1.931.661,27.591
10.601,106.211,7,3,3.64,39.662,32.274,5.8,18.956,41.381,27.041,27.91,4.33,79.72,18.06,12,-4.03,-4.78,-4.88,-4,0.35,2.61,7.9,-0.29,6.54,4.36,0.01,-3.83,Mango,Clay Loam,0.763,0.284,21.81,7,0.363,2.601.564,27.89
9.31,105.61,7,1.353,3.64,40.841,30.766,5.541,31.606,27.553,34.011,27.647,5.539,82.791,17.645,12,-5.058,-6.096,-6.419,-3.808,0,0.725,10.275,0.516,8.888,5.912,0.502,-5.413,Mango,Clay,0.637,0.265,26.794,7,0.383,3.163.068,27.638
10.066,106.131,7,2.297,3.64,38.901,38.785,6.43,20.115,40.985,46.148,27.696,4.908,82.476,17.947,12,-4.441,-5.424,-5.58,-4.083,0.448,1.598,9.581,0.069,7.607,4.309,0.442,-4.547,Mango,Clay Loam,0.651,0.308,24.075,7,0.398,1.235.743,27.681
10.273,105.05,6,2,3.64,36.596,32.804,5.67,24.785,38.52,41.57,27.943,4.848,80.449,17.9,12,-4.117,-5.391,-5.675,-3.543,-0.298,0.819,6.709,-0.149,10.399,4.273,1.085,-4.142,Mango,Clay Loam,0.737,0.291,23.315,9,0.447,2883.4,27.93
10.77,104.77,6.775,12.183,3.64,26.572,28.193,5.568,42.117,31.311,29.841,28.104,4.096,77.521,18.163,12,-3.354,-4.457,-4.693,-3.435,-0.251,0.639,3.797,0.197,9.191,4.875,0.855,-3.375,Mango,Loam,0.855,0.235,19.565,9,0.47,3.104.533,28.025
10.859,104.82,7,5.677,3.64,30.836,30.942,5.235,34.749,34.415,24.05,28.16,3.9,76.87,18.24,12,-3.21,-4.25,-4.47,-3.37,-0.26,0.68,3.27,0.33,8.7,4.94,0.85,-3.21,Mango,Clay Loam,0.882,0.244,18.77,9,0.464,3.826.467,28.123
10.416,106.267,6,3.63,3.64,35.685,34.652,6.281,20.341,43.993,38.556,27.91,4.33,79.72,18.06,12,-4.03,-4.78,-4.88,-4,0.35,2.61,7.9,-0.29,6.54,4.36,0.01,-3.83,Mango,Clay Loam,0.763,0.297,21.81,7,0.363,1558.77,27.886
10.822,106.279,6,2.826,3.64,36.952,27.904,5.748,22.535,40.43,31,28.021,3.872,78.205,18.032,12,-3.64,-4.27,-4.342,-3.683,0.137,2.627,6.059,-0.047,6.101,4.739,-0.232,-3.431,Mango,Clay Loam,0.825,0.282,19.645,9,0.31,2.714.298,28.003
9.71,105.108,7,1.098,3.64,37.48,41.903,5.33,24.82,37.61,44.649,27.97,4.72,81.28,17.03,12,-4.59,-5.52,-5.78,-3.25,-0.54,1.6,7.82,0.24,8.31,4.06,1.94,-4.24,Mango,Clay Loam,0.706,0.295,23.92,9,0.347,3620.51,27.963
9.731,105.108,7,1,3.64,36.821,41.896,5.368,25.683,37.43,44.056,27.97,4.72,81.28,17.03,12,-4.59,-5.52,-5.78,-3.25,-0.54,1.6,7.82,0.24,8.31,4.06,1.94,-4.24,Mango,Clay Loam,0.706,0.293,23.92,9,0.347,3.538.127,27.964
10.6,105.822,6.236,1.236,3.64,41.689,32.712,5.806,19.895,38.493,30.753,27.922,4.462,79.979,18.022,12,-4.084,-4.952,-5.094,-3.877,0.187,2.228,7.759,-0.243,7.388,4.292,0.29,-3.929,Mango,Clay,0.753,0.287,22.179,7,0.35,2.588.556,27.914
10.283,106.289,7,3.735,3.64,38.196,26.265,6.188,19.239,42.639,36.382,27.755,4.221,80.776,18.018,12,-3.858,-4.692,-4.799,-4.024,0.266,2.997,7.459,0.222,6.673,3.506,-0.06,-3.716,Mango,Clay Loam,0.716,0.297,21.149,7,0.353,1.760.392,27.731
10.613,105.465,6.021,2,3.64,35.871,25.523,5.606,22.344,41.785,36.246,27.74,4.64,80.6,17.9,12,-4.02,-5.17,-5.35,-3.98,0.31,1.52,7.43,-0.41,8.29,5.16,0.33,-4.15,Mango,Clay Loam,0.722,0.289,23.08,9,0.36,3022.15,27.727
10.329,105.086,6.918,2,3.64,33.151,27.563,5.875,27.141,39.708,34.38,27.914,4.78,79.847,17.9,12,-3.884,-5.198,-5.487,-3.645,-0.23,0.54,5.749,-0.246,10.819,4.602,0.897,-3.965,Mango,Clay Loam,0.758,0.276,22.655,9,0.479,2.438.966,27.901
9.482,105.12,7,1.968,3.64,37.319,39.975,5.603,25.026,37.655,45.116,27.97,4.72,81.28,17.03,12,-4.59,-5.52,-5.78,-3.25,-0.54,1.6,7.82,0.24,8.31,4.06,1.94,-4.24,Mango,Clay Loam,0.706,0.296,23.92,9,0.347,3.028.654,27.957
9.295,105.991,7,11.295,3.64,36.436,33.45,5.882,29.066,34.498,83.068,27.879,4.893,82.303,18.54,12,-4.603,-5.589,-5.822,-3.559,0.044,0.622,8.631,0.823,7.685,4.73,1.581,-4.572,Mango,Clay Loam,0.664,0.339,24.145,7,0.358,2423.79,27.806
9.358,106.005,6.231,2,3.64,39.762,38.662,5.646,31.7,28.438,40.731,27.726,5.372,82.745,18.368,12,-4.95,-5.951,-6.195,-3.758,0.199,0.683,10.092,0.712,8.355,5.737,0.398,-5.334,Mango,Clay Loam,0.642,0.274,26.188,7,0.386,2.935.431,27.713
9.669,105.856,6.625,1.625,3.64,38.2,31.964,5.975,24.538,37.262,44.524,27.557,5.59,82.676,17.03,12,-4.974,-6.141,-6.479,-3.978,-0.031,0.936,10.28,0.144,9.359,5.688,0.522,-5.289,Mango,Clay Loam,0.638,0.296,26.892,7,0.382,2.222.169,27.546
10.513,106.086,6.618,2,3.64,41.807,31.467,6.224,18.862,39.293,39.682,27.845,4.448,80.056,17.999,12,-4.026,-4.929,-5.06,-3.992,0.335,2.194,7.72,-0.336,7.208,4.666,0.132,-3.952,Mango,Clay,0.747,0.302,22.295,7,0.347,1.682.345,27.832
10.668,105.716,6.206,2,3.64,41.577,31.85,5.462,19.821,38.682,36.291,27.74,4.64,80.6,17.9,12,-4.02,-5.17,-5.35,-3.98,0.31,1.52,7.43,-0.41,8.29,5.16,0.33,-4.15,Mango,Clay,0.722,0.295,23.08,9,0.36,3.334.338,27.727
10.603,104.988,6.879,66.902,3.64,27.209,31.133,5.976,44.631,28.073,40.855,27.91,4.77,79.76,18.199,12,-3.85,-5.17,-5.46,-3.66,-0.22,0.5,5.61,-0.26,10.88,4.65,0.87,-3.94,Mango,Clay Loam,0.761,0.245,22.56,9,0.483,2.220.001,27.475
10.535,105.494,7,2,3.64,35.5,27.916,5.685,19.608,44.892,34.477,27.805,4.69,80.277,17.9,12,-3.955,-5.17,-5.392,-3.857,0.106,1.127,6.729,-0.352,9.287,4.964,0.538,-4.069,Mango,Clay Loam,0.737,0.293,22.795,9,0.408,2.850.881,27.792
10.603,105.669,6,2,3.64,42.083,31.275,5.445,20.116,37.879,35.337,27.79,4.696,80.65,17.9,12,-4.074,-5.247,-5.449,-3.867,0.164,1.401,7.401,-0.338,8.707,4.914,0.526,-4.173,Mango,Clay,0.723,0.293,23.148,9,0.377,3.371.193,27.777
10.317,105.286,6,2,3.64,39.81,28.185,5.636,22.749,37.441,35.686,27.801,4.686,80.301,17.9,12,-3.959,-5.17,-5.389,-3.866,0.121,1.157,6.782,-0.357,9.212,4.978,0.522,-4.075,Mango,Clay Loam,0.736,0.288,22.816,9,0.405,2.957.111,27.788
10.562,106.392,6.53,4.409,3.64,40.139,33.324,6.141,21.976,37.832,50.221,28,4.001,78.649,18.06,12,-3.781,-4.409,-4.482,-3.798,0.217,2.743,6.77,-0.12,6.063,4.514,-0.181,-3.538,Mango,Clay,0.807,0.31,20.309,7,0.333,1.862.286,27.971
10.437,105.434,6.958,3.916,3.64,42.754,31.5,5.687,18.842,38.313,36.187,27.74,4.64,80.6,17.9,12,-4.02,-5.17,-5.35,-3.98,0.31,1.52,7.43,-0.41,8.29,5.16,0.33,-4.15,Mango,Clay,0.722,0.297,23.08,9,0.36,2.846.545,27.715
8.898,104.968,6,2.968,3.64,40.371,48.084,5.409,30.069,29.557,47.92,28.04,4.45,80.82,17.75,12,-4.45,-5.29,-5.62,-3.24,-0.63,1.27,6.71,0.39,7.95,3.73,3.01,-3.78,Mango,Clay,0.727,0.288,23.01,9,0.345,3449.24,28.021
9.073,104.959,7,1.201,3.64,36.276,47.762,5.719,33.058,30.645,54.838,28.04,4.45,80.82,18.046,12,-4.45,-5.29,-5.62,-3.24,-0.63,1.27,6.71,0.39,7.95,3.73,3.01,-3.78,Mango,Clay Loam,0.727,0.291,23.01,9,0.345,2777.17,28.032
10.77,105.629,6.707,3,3.64,38.036,25.444,5.5,20.544,41.42,36.624,28.1,3.74,77.56,17.9,12,-3.37,-4.2,-4.32,-3.49,0.06,1.63,4.58,-0.12,6.51,5.58,0.4,-3.31,Mango,Clay Loam,0.853,0.294,18.81,9,0.347,3.251.955,28.08
10.226,105.421,6.02,2,3.64,35.202,34.678,5.602,22.594,42.204,43.35,27.52,5.44,82.42,17.9,12,-4.68,-6.01,-6.26,-4.19,0.2,1.23,10.03,-0.2,9.39,5.07,0.41,-4.97,Mango,Clay Loam,0.646,0.299,26.31,7,0.381,3.030.822,27.507
10.004,105.809,6,2,3.64,33.125,36.283,6.081,23.738,43.137,43.447,27.574,5.205,82.372,17.376,12,-4.62,-5.727,-5.929,-4.172,0.356,1.477,10.054,-0.14,8.319,4.769,0.356,-4.765,Mango,Clay Loam,0.65,0.296,25.353,7,0.397,1.992.364,27.561
9.33,105.792,7,1.582,3.64,40.543,31.912,5.633,31.675,27.782,33.759,27.691,5.447,82.766,18.043,12,-4.999,-6.016,-6.295,-3.78,0.11,0.702,10.174,0.624,8.594,5.815,0.444,-5.369,Mango,Clay,0.64,0.264,26.459,7,0.384,2.963.615,27.681
10.37,105.578,7,3.496,3.64,42.246,31.903,5.826,19.178,38.502,36.175,27.707,4.743,81.038,17.94,12,-4.161,-5.263,-5.441,-4.025,0.348,1.55,8.095,-0.332,8.119,5.011,0.327,-4.271,Mango,Clay,0.705,0.297,23.493,9,0.346,2.545.197,27.684
10.573,104.709,7,2.812,3.64,31.236,45.776,5.319,27.844,40.939,43.941,27.931,4.678,79.677,18.24,12,-3.801,-5.087,-5.366,-3.609,-0.237,0.545,5.437,-0.252,10.682,4.53,0.953,-3.842,Mango,Clay Loam,0.765,0.287,22.194,9,0.482,3.644.358,27.913
8.895,105.008,6,1.969,3.64,39.676,48.444,5.4,30.618,29.706,45.911,28.04,4.45,80.82,17.826,12,-4.45,-5.29,-5.62,-3.24,-0.63,1.27,6.71,0.39,7.95,3.73,3.01,-3.78,Mango,Clay Loam,0.727,0.284,23.01,9,0.345,3.468.752,28.027
10.325,105.747,6.872,2.128,3.64,38.213,34.882,6.113,19.246,42.554,44.662,27.762,4.6,80.487,17.92,12,-4.021,-5.12,-5.29,-3.983,0.315,1.66,7.49,-0.395,8.066,5.058,0.289,-4.109,Mango,Clay Loam,0.727,0.308,22.918,9,0.353,1.922.989,27.748
10.537,104.927,7,84.573,3.64,31.404,35.767,5.868,40.231,28.331,45.894,27.91,4.77,79.76,18.24,12,-3.85,-5.17,-5.46,-3.66,-0.22,0.5,5.61,-0.26,10.88,4.65,0.87,-3.94,Mango,Clay Loam,0.761,0.262,22.56,9,0.483,2.454.142,27.36
9.436,105.865,6.928,2,3.64,39.3,38.621,5.6,31.05,29.55,43.748,27.594,5.651,82.822,17.155,12,-5.131,-6.195,-6.571,-3.841,-0.135,0.753,10.398,0.384,9.248,6.03,0.572,-5.466,Mango,Clay Loam,0.634,0.28,27.339,7,0.38,3.035.158,27.581
10.186,105.39,6,2,3.64,39.382,27.59,5.6,24.283,36.257,36.986,27.569,5.26,82.011,17.9,12,-4.532,-5.821,-6.056,-4.143,0.225,1.295,9.446,-0.247,9.143,5.09,0.392,-4.786,Mango,Clay Loam,0.663,0.286,25.585,7,0.369,3.035.158,27.556
10.026,105.026,6.628,3.744,3.64,38.407,31.535,5.426,31.744,29.849,41.923,27.958,4.651,80.154,17.79,12,-4.073,-5.215,-5.52,-3.504,-0.373,0.787,6.019,-0.018,9.79,4.308,1.666,-3.88,Mango,Clay Loam,0.748,0.276,22.583,9,0.434,3.412.385,27.934
10.854,105.706,6,2.864,3.64,36.615,30.898,5.557,21.461,41.925,28.699,28.091,3.727,77.62,17.969,12,-3.452,-4.148,-4.238,-3.546,0.077,2.161,5.094,-0.055,6.134,5.178,0.076,-3.297,Mango,Clay Loam,0.85,0.281,18.736,9,0.328,3.128.381,28.072
10.435,104.951,7,2.561,3.64,36.558,32.536,5.5,32.952,30.491,41.392,27.91,4.77,79.76,18.24,12,-3.85,-5.17,-5.46,-3.66,-0.22,0.5,5.61,-0.26,10.88,4.65,0.87,-3.94,Mango,Clay Loam,0.761,0.272,22.56,9,0.483,3.251.955,27.893
10.883,106.588,6,2.387,3.64,37.39,29.365,5.984,23.174,39.397,33.174,27.859,3.747,78.386,18.06,12,-3.572,-4.08,-4.118,-3.73,0.143,3.712,6.211,0.582,5.395,3.645,-0.938,-3.213,Mango,Clay Loam,0.81,0.283,19.651,7,0.315,2.202.658,27.843
10.784,104.754,7,6.886,3.64,28.946,32.968,5.5,31.542,39.512,27.433,28.16,3.9,76.87,18.24,12,-3.21,-4.25,-4.47,-3.37,-0.26,0.68,3.27,0.33,8.7,4.94,0.85,-3.21,Mango,Clay Loam,0.882,0.256,18.77,9,0.464,3.251.955,28.115
10.626,106.319,7,2.481,3.64,41.702,29.434,5.844,16.163,42.135,23.389,27.91,4.33,79.72,18.06,12,-4.03,-4.78,-4.88,-4,0.35,2.61,7.9,-0.29,6.54,4.36,0.01,-3.83,Mango,Clay,0.763,0.286,21.81,7,0.363,2.506.173,27.894
10.589,105.567,6.878,2,3.64,35.991,29.994,5.649,19.416,44.593,37.591,27.74,4.64,80.6,17.9,12,-4.02,-5.17,-5.35,-3.98,0.31,1.52,7.43,-0.41,8.29,5.16,0.33,-4.15,Mango,Clay Loam,0.722,0.298,23.08,9,0.36,2.928.927,27.727
9.099,105.142,6.197,5.408,3.64,31.615,37.661,5.68,35.318,33.067,50.76,28.095,4.128,81.004,18.039,12,-3.906,-4.969,-5.275,-3.251,-0.517,0.524,5.433,0.615,7.598,2.973,3.815,-3.073,Mango,Clay Loam,0.722,0.28,20.991,9,0.363,2861.72,28.06
10.691,106.477,6.887,3.113,3.64,41.171,29.555,5.934,22.413,36.427,28.921,27.91,4.33,79.72,18.06,12,-4.03,-4.78,-4.88,-4,0.35,2.61,7.9,-0.29,6.54,4.36,0.01,-3.83,Mango,Clay,0.763,0.279,21.81,7,0.363,2.311.056,27.89
10.724,104.911,7,4.292,3.64,31.575,40.456,5.235,29.515,38.91,29.748,28.071,4.208,77.894,18.24,12,-3.437,-4.576,-4.821,-3.473,-0.246,0.616,4.099,0.121,9.472,4.837,0.857,-3.469,Mango,Clay Loam,0.839,0.264,20.022,9,0.474,3.826.467,28.043
10.713,106.134,6.286,3.714,3.64,41.471,33.343,5.657,18.086,40.442,29,27.91,4.33,79.72,18.06,12,-4.03,-4.78,-4.88,-4,0.35,2.61,7.9,-0.29,6.54,4.36,0.01,-3.83,Mango,Clay,0.763,0.289,21.81,7,0.363,2.911.584,27.886
10.522,105.477,6.184,3.816,3.64,40.898,28.4,5.629,19.971,39.113,31.234,27.74,4.64,80.6,17.9,12,-4.02,-5.17,-5.35,-3.98,0.31,1.52,7.43,-0.41,8.29,5.16,0.33,-4.15,Mango,Clay,0.722,0.288,23.08,9,0.36,2.972.287,27.715
10.572,106.256,6,2.139,3.64,39.075,32.452,6.286,19.923,41.016,41.902,27.91,4.33,79.72,18.06,12,-4.03,-4.78,-4.88,-4,0.35,2.61,7.9,-0.29,6.54,4.36,0.01,-3.83,Mango,Clay Loam,0.763,0.303,21.81,7,0.363,1.547.931,27.896
10.673,106.337,6.847,2.693,3.64,40.569,32.246,5.815,20.585,38.861,28.368,27.91,4.33,79.72,18.06,12,-4.03,-4.78,-4.88,-4,0.35,2.61,7.9,-0.29,6.54,4.36,0.01,-3.83,Mango,Clay,0.763,0.282,21.81,7,0.363,2.569.044,27.892
10.624,105.262,6.919,2,3.64,38.105,28.716,5.784,21.027,40.868,33.965,27.91,4.77,79.76,17.9,12,-3.85,-5.17,-5.46,-3.66,-0.22,0.5,5.61,-0.26,10.88,4.65,0.87,-3.94,Mango,Clay Loam,0.761,0.289,22.56,9,0.483,2.636.252,27.897
10.745,105.621,6,2,3.64,39.294,24.855,5.5,20.98,39.801,31.928,28.009,3.967,78.327,17.9,12,-3.534,-4.445,-4.58,-3.614,0.123,1.602,5.299,-0.193,6.959,5.474,0.382,-3.522,Mango,Clay Loam,0.82,0.286,19.888,9,0.351,3.251.955,27.996
9.866,105.121,6.755,2,3.64,32.608,48.724,5.449,26.355,41.037,48.431,27.982,4.612,80.8,17.326,12,-4.345,-5.326,-5.579,-3.284,-0.484,1.389,7.053,0.127,8.682,4.048,1.786,-4.039,Mango,Clay Loam,0.725,0.297,23.057,9,0.376,3.362.521,27.969
9.972,105.507,7,2.461,3.64,34.986,34.754,5.838,25.499,39.562,37.107,27.52,5.44,82.42,17.499,12,-4.68,-6.01,-6.26,-4.19,0.2,1.23,10.03,-0.2,9.39,5.07,0.41,-4.97,Mango,Clay Loam,0.646,0.283,26.31,7,0.381,2.519.181,27.504
9.559,105.632,6.158,1.158,3.64,37.968,35.084,6.032,26.653,35.379,43.021,27.61,5.617,82.813,17.305,12,-5.109,-6.165,-6.525,-3.831,-0.094,0.744,10.36,0.424,9.138,5.994,0.55,-5.45,Mango,Clay Loam,0.635,0.289,27.174,7,0.381,2.098.595,27.602
10.076,105.948,6,2.543,3.64,34.309,36.701,6.146,23.572,42.12,45.652,27.645,4.939,81.868,17.266,12,-4.428,-5.44,-5.612,-4.111,0.419,1.607,9.353,-0.184,7.795,4.73,0.323,-4.5,Mango,Clay Loam,0.671,0.3,24.275,7,0.386,1.851.446,27.628
10.388,105.646,6,3.776,3.64,37.832,27.542,5.6,17.101,45.067,31.865,27.74,4.64,80.6,17.9,12,-4.02,-5.17,-5.35,-3.98,0.31,1.52,7.43,-0.41,8.29,5.16,0.33,-4.15,Mango,Clay Loam,0.722,0.295,23.08,9,0.36,3.035.158,27.715
10.475,105.351,6,2.656,3.64,37.534,30.972,5.641,20.1,42.331,41.385,27.798,4.685,80.311,17.9,12,-3.962,-5.17,-5.388,-3.87,0.128,1.169,6.804,-0.358,9.181,4.985,0.516,-4.078,Mango,Clay Loam,0.736,0.302,22.826,9,0.403,2.946.271,27.781
10.084,106.442,7,2,3.64,37.576,32.523,6.182,22.106,40.318,41.771,27.61,5.05,82.34,18.186,12,-4.58,-5.54,-5.71,-4.16,0.46,1.64,10.07,-0.1,7.61,4.57,0.32,-4.63,Mango,Clay Loam,0.653,0.298,24.72,7,0.408,1.773.399,27.597
10.433,105.578,6.455,2,3.64,36.427,27.273,5.864,22.473,41.101,33.082,27.64,5.004,81.428,17.9,12,-4.32,-5.552,-5.764,-4.076,0.26,1.388,8.613,-0.314,8.79,5.119,0.366,-4.523,Mango,Clay Loam,0.687,0.285,24.549,9,0.358,2.462.814,27.627
10.355,105.645,6.015,2.985,3.64,36.902,26.311,5.6,17.826,45.274,30.721,27.74,4.64,80.6,17.9,12,-4.02,-5.17,-5.35,-3.98,0.31,1.52,7.43,-0.41,8.29,5.16,0.33,-4.15,Mango,Clay Loam,0.722,0.292,23.08,9,0.36,3.035.158,27.721
9.558,106.392,7,3.875,3.64,38.875,36.513,6.094,25.625,35.5,35.85,27.77,5.28,82.72,18.77,12,-4.89,-5.87,-6.07,-3.73,0.31,0.66,9.99,0.82,8.06,5.64,0.34,-5.29,Mango,Clay Loam,0.644,0.281,25.85,7,0.387,1.964.181,27.745
10.312,105.957,6,3.914,3.64,34.669,36.012,6.013,24.196,41.135,47.456,27.747,4.637,80.695,17.907,12,-4.024,-5.169,-5.347,-3.977,0.315,1.519,7.473,-0.372,8.26,5.097,0.347,-4.159,Mango,Clay Loam,0.719,0.301,23.048,9,0.359,2.139.786,27.722
10.626,105.073,7,2,3.64,34.749,28.9,5.5,21.131,44.12,34.204,27.91,4.77,79.76,17.9,12,-3.85,-5.17,-5.46,-3.66,-0.22,0.5,5.61,-0.26,10.88,4.65,0.87,-3.94,Mango,Clay Loam,0.761,0.289,22.56,9,0.483,3.251.955,27.897
10.019,105.923,6,2,3.64,35.242,38.389,6.2,22.258,42.5,43.871,27.532,5.389,82.409,17.785,12,-4.667,-5.948,-6.188,-4.186,0.234,1.284,10.035,-0.187,9.156,5.004,0.398,-4.925,Mango,Clay Loam,0.647,0.3,26.101,7,0.384,1.734.376,27.519
9.641,105.842,6.274,3.452,3.64,38.273,30.001,5.9,25.153,36.574,42.523,27.58,5.68,82.83,17.03,12,-5.15,-6.22,-6.61,-3.85,-0.17,0.76,10.43,0.35,9.34,6.06,0.59,-5.48,Mango,Clay Loam,0.633,0.292,27.48,7,0.379,2.384.767,27.558
10.628,106.03,6.182,2,3.64,41.473,33.491,5.882,16.145,42.382,35.626,27.879,4.386,79.88,18.031,12,-4.028,-4.851,-4.966,-3.996,0.343,2.411,7.814,-0.312,6.859,4.506,0.068,-3.888,Mango,Clay,0.755,0.303,22.041,7,0.355,2423.79,27.866
10.363,106.222,6.214,2.854,3.64,41.648,32.588,6.279,18.405,40.026,72.911,27.846,4.484,80.279,18.06,12,-4.147,-4.942,-5.057,-4.034,0.373,2.403,8.363,-0.249,6.768,4.405,0.076,-4.001,Mango,Clay,0.739,0.35,22.43,7,0.374,1.563.106,27.827
10.475,105.441,6.506,2.988,3.64,35.655,31.106,5.649,22.156,42.188,36.762,27.74,4.64,80.6,17.9,12,-4.02,-5.17,-5.35,-3.98,0.31,1.52,7.43,-0.41,8.29,5.16,0.33,-4.15,Mango,Clay Loam,0.722,0.291,23.08,9,0.36,2.928.927,27.721
10.091,105.549,6,3.319,3.64,30.707,28.096,5.952,25.341,43.952,36.771,27.52,5.44,82.42,17.9,12,-4.68,-6.01,-6.26,-4.19,0.2,1.23,10.03,-0.2,9.39,5.07,0.41,-4.97,Mango,Clay Loam,0.646,0.283,26.31,7,0.381,2.272.033,27.498
8.739,105.03,6.267,2,3.64,38.193,44.601,5.5,33.4,28.507,41.803,28.113,4.098,81.179,17.923,12,-4.062,-5.019,-5.334,-3.174,-0.601,0.728,5.743,0.712,7.1,2.873,4.131,-3.106,Mango,Clay Loam,0.716,0.272,21.296,9,0.334,3.251.955,28.1
10.54,105.118,6,3.373,3.64,35.824,26.325,5.5,27.482,36.64,31.246,28.024,4.372,78.437,17.9,12,-3.557,-4.749,-5.007,-3.527,-0.238,0.582,4.539,0.01,9.882,4.783,0.861,-3.606,Mango,Clay Loam,0.816,0.271,20.684,9,0.478,3.251.955,28.002
10.012,106.221,6,7.771,3.64,34.282,28.664,6.141,20.947,44.812,42.995,27.61,5.05,82.34,18.479,12,-4.58,-5.54,-5.71,-4.16,0.46,1.64,10.07,-0.1,7.61,4.57,0.32,-4.63,Mango,Clay Loam,0.653,0.302,24.72,7,0.408,1.862.286,27.559
10.413,105.515,7,3.525,3.64,35.263,25.888,5.798,23.637,41.1,35.174,27.74,4.64,80.6,17.9,12,-4.02,-5.17,-5.35,-3.98,0.31,1.52,7.43,-0.41,8.29,5.16,0.33,-4.15,Mango,Clay Loam,0.722,0.285,23.08,9,0.36,2605.9,27.717
10.309,105.189,6.298,310.637,3.64,35.503,37.791,5.479,35.996,28.5,47.454,27.794,4.969,80.551,17.88,12,-4.097,-5.42,-5.698,-3.818,-0.095,0.717,6.925,-0.242,10.437,4.775,0.733,-4.246,Mango,Clay Loam,0.726,0.274,23.616,9,0.442,3.297.482,25.775
9.75,105.073,7,1,3.64,35.804,41.674,5.413,26.53,37.665,45.436,27.966,4.794,81.08,17.03,12,-4.446,-5.516,-5.784,-3.35,-0.453,1.335,7.594,0.096,9.106,4.064,1.618,-4.244,Mango,Clay Loam,0.714,0.293,23.793,9,0.382,3.440.568,27.96
9.871,105.908,6.311,1,3.64,37.298,33.993,6.1,25.347,37.356,43.211,27.548,5.319,82.395,17.301,12,-4.649,-5.864,-6.089,-4.181,0.281,1.358,10.042,-0.169,8.836,4.914,0.382,-4.864,Mango,Clay Loam,0.648,0.292,25.816,7,0.389,1.951.173,27.542
10.503,105.085,6,2,3.64,35.556,34.389,5.787,25.285,39.059,41.51,27.91,4.77,79.76,17.9,12,-3.85,-5.17,-5.46,-3.66,-0.22,0.5,5.61,-0.26,10.88,4.65,0.87,-3.94,Mango,Clay Loam,0.761,0.29,22.56,9,0.483,2.629.748,27.897
8.662,104.918,6,2.727,3.64,36.4,53.554,5.591,34.318,29.282,48.109,28.14,3.97,81.31,17.74,12,-3.92,-4.92,-5.23,-3.15,-0.59,0.53,5.39,0.83,6.79,2.56,4.54,-2.86,Mango,Clay Loam,0.712,0.278,20.67,9,0.329,3054.67,28.122
10.341,105.699,6.239,2.761,3.64,37.548,32.091,5.591,20.554,41.898,41.015,27.709,4.738,81.016,17.938,12,-4.154,-5.258,-5.436,-4.023,0.346,1.549,8.061,-0.336,8.128,5.019,0.328,-4.265,Mango,Clay Loam,0.706,0.3,23.472,9,0.347,3054.67,27.691
10.879,105.786,6,3.32,3.64,32.264,27.68,5.416,31.268,36.384,30.46,28.11,3.766,77.45,17.9,12,-3.344,-4.208,-4.344,-3.471,0.009,1.478,4.37,-0.048,6.861,5.478,0.472,-3.294,Mango,Clay Loam,0.858,0.261,18.709,9,0.368,3.434.064,28.088
9.77,105.647,6.462,1.923,3.64,38.108,34.915,5.962,24.646,37.246,44.1,27.52,5.44,82.42,17.03,12,-4.68,-6.01,-6.26,-4.19,0.2,1.23,10.03,-0.2,9.39,5.07,0.41,-4.97,Mango,Clay Loam,0.646,0.295,26.31,7,0.381,2.250.353,27.508
10.315,106.283,7,5.963,3.64,38.306,26.095,6.399,20.4,41.295,34.921,27.91,4.33,79.72,18.06,12,-4.03,-4.78,-4.88,-4,0.35,2.61,7.9,-0.29,6.54,4.36,0.01,-3.83,Mango,Clay Loam,0.763,0.292,21.81,7,0.363,1302.95,27.871
10.421,105.828,6.753,3,3.64,39.531,28.153,6.101,19.721,40.648,29.933,27.74,4.64,80.6,17.9,12,-4.02,-5.17,-5.35,-3.98,0.31,1.52,7.43,-0.41,8.29,5.16,0.33,-4.15,Mango,Clay Loam,0.722,0.287,23.08,9,0.36,1.949.005,27.72
10.543,104.841,6.726,2.726,3.64,31.593,42.774,5.355,28.502,39.905,34.558,27.94,4.636,79.64,18.24,12,-3.779,-5.05,-5.323,-3.586,-0.245,0.566,5.358,-0.249,10.593,4.475,0.99,-3.798,Mango,Clay Loam,0.767,0.273,22.03,9,0.482,3.566.311,27.922
10.329,105.339,6,2,3.64,40.68,27.907,5.601,22.506,36.815,35.895,27.741,4.641,80.593,17.9,12,-4.019,-5.17,-5.351,-3.977,0.306,1.512,7.415,-0.409,8.311,5.156,0.334,-4.148,Mango,Clay,0.723,0.288,23.074,9,0.361,3032.99,27.728
9.767,105.504,6,1.099,3.64,38.189,28.581,5.87,25.611,36.19,37.39,27.574,5.656,82.789,17.116,12,-5.103,-6.199,-6.575,-3.884,-0.133,0.807,10.39,0.295,9.345,5.962,0.572,-5.429,Mango,Clay Loam,0.635,0.283,27.323,7,0.38,2.449.806,27.567
9.968,105.929,6.599,1,3.64,36.464,34.08,6.1,26.036,37.499,43.499,27.574,5.207,82.372,17.551,12,-4.62,-5.729,-5.931,-4.172,0.356,1.475,10.054,-0.14,8.325,4.771,0.356,-4.767,Mango,Clay Loam,0.65,0.291,25.359,7,0.397,1.951.173,27.568
10.233,105.072,6,2,3.64,38.44,34.4,5.68,23.92,37.54,40.46,27.92,4.794,79.972,17.9,12,-3.932,-5.238,-5.526,-3.624,-0.244,0.598,5.948,-0.226,10.732,4.534,0.936,-4.002,Mango,Clay Loam,0.754,0.292,22.792,9,0.472,2861.72,27.907
10.304,106.109,7,5.388,3.64,39.882,35.357,6.32,21.555,38.563,50.737,27.91,4.33,79.72,18.06,12,-4.03,-4.78,-4.88,-4,0.35,2.61,7.9,-0.29,6.54,4.36,0.01,-3.83,Mango,Clay Loam,0.763,0.311,21.81,7,0.363,1474.22,27.875
10.469,105.469,6.445,2.445,3.64,36.3,26.167,5.6,21.232,42.467,35.944,27.74,4.64,80.6,17.9,12,-4.02,-5.17,-5.35,-3.98,0.31,1.52,7.43,-0.41,8.29,5.16,0.33,-4.15,Mango,Clay Loam,0.722,0.291,23.08,9,0.36,3.035.158,27.724
10.822,104.822,6,5.932,3.64,31.64,36.139,5.373,30.273,38.087,43.912,28.16,3.9,76.87,18.24,12,-3.21,-4.25,-4.47,-3.37,-0.26,0.68,3.27,0.33,8.7,4.94,0.85,-3.21,Mango,Clay Loam,0.882,0.282,18.77,9,0.464,3.527.287,28.121
10.592,106.31,6.616,3.152,3.64,43.53,30.931,6.146,18.9,37.57,39.338,27.975,4.092,78.944,18.06,12,-3.85,-4.511,-4.592,-3.854,0.254,2.706,7.082,-0.167,6.194,4.471,-0.128,-3.619,Mango,Clay,0.795,0.302,20.721,7,0.342,1.851.446,27.955
10.499,105.077,6.188,2,3.64,33.75,35.868,5.85,26.337,39.914,42.538,27.91,4.77,79.76,17.9,12,-3.85,-5.17,-5.46,-3.66,-0.22,0.5,5.61,-0.26,10.88,4.65,0.87,-3.94,Mango,Clay Loam,0.761,0.289,22.56,9,0.483,2.493.166,27.897
9.583,105.21,7,1.355,3.64,38.326,36.662,5.771,25.658,36.016,45.636,27.831,5.061,81.831,17.03,12,-4.789,-5.769,-6.075,-3.463,-0.409,1.301,8.748,0.279,8.676,4.771,1.46,-4.681,Mango,Clay Loam,0.68,0.295,25.186,7,0.347,2.664.435,27.822
10.86,106.375,6,2,3.64,44.095,28.697,6.022,17.805,38.1,31.481,28.08,3.71,77.7,18.06,12,-3.56,-4.08,-4.13,-3.62,0.1,2.86,5.77,0.03,5.64,4.65,-0.35,-3.28,Mango,Clay,0.847,0.293,19.02,7,0.303,2.120.275,28.067
10.208,105.134,6.554,1.446,3.64,35.055,27.099,5.5,25.147,39.698,32.586,27.938,4.837,80.347,17.9,12,-4.077,-5.358,-5.643,-3.56,-0.287,0.772,6.547,-0.166,10.47,4.329,1.053,-4.112,Mango,Clay Loam,0.74,0.278,23.203,9,0.452,3.251.955,27.929
9.442,105.848,7,2,3.64,39.299,38.708,5.603,31.01,29.591,43.999,27.581,5.678,82.829,17.039,12,-5.149,-6.218,-6.607,-3.849,-0.167,0.759,10.428,0.352,9.333,6.058,0.589,-5.479,Mango,Clay Loam,0.633,0.28,27.469,7,0.379,3.028.654,27.568
10.476,105.482,6.239,4.717,3.64,35.057,30.265,5.724,22.102,42.841,36.13,27.687,4.831,81.035,17.9,12,-4.178,-5.371,-5.567,-4.03,0.284,1.451,8.051,-0.36,8.553,5.138,0.349,-4.346,Mango,Clay Loam,0.704,0.29,23.852,9,0.359,2766.33,27.656
9.704,105.365,7,1.965,3.64,38.606,34.501,5.9,26.251,35.144,49.759,27.58,5.68,82.83,17.03,12,-5.15,-6.22,-6.61,-3.85,-0.17,0.76,10.43,0.35,9.34,6.06,0.59,-5.48,Mango,Clay Loam,0.633,0.299,27.48,7,0.379,2.384.767,27.567
8.655,104.89,7,1.254,3.64,36.971,50.549,5.475,32.863,30.166,56.866,28.14,3.97,81.31,17.74,12,-3.92,-4.92,-5.23,-3.15,-0.59,0.53,5.39,0.83,6.79,2.56,4.54,-2.86,Mango,Clay Loam,0.712,0.294,20.67,9,0.329,3.306.154,28.132
10.317,105.343,6,2,3.64,43.056,30.702,5.56,20.917,36.048,33.906,27.915,4.839,80.775,17.9,12,-4.211,-5.441,-5.701,-3.581,-0.208,1.097,7.326,-0.155,9.765,4.291,1.024,-4.23,Mango,Clay,0.723,0.289,23.527,9,0.415,3.121.877,27.902
10.276,105.719,7,2.042,3.64,38.309,35.213,6.117,19.392,42.299,44.775,27.747,4.637,80.692,17.907,12,-4.024,-5.169,-5.347,-3.977,0.315,1.519,7.472,-0.373,8.261,5.098,0.347,-4.158,Mango,Clay Loam,0.719,0.308,23.048,9,0.359,1.914.318,27.734
9.897,105.019,7,4.472,3.64,33.815,37.463,5.637,35.947,30.238,44.426,27.958,4.652,80.15,18.148,12,-4.071,-5.214,-5.519,-3.505,-0.371,0.783,6.015,-0.021,9.802,4.311,1.657,-3.881,Mango,Clay Loam,0.748,0.27,22.582,9,0.434,2.954.943,27.929
10.504,106.011,6.673,3.673,3.64,39.304,26.896,6.071,19.167,41.529,29.512,27.854,4.431,80.008,18.008,12,-4.027,-4.908,-5.034,-3.993,0.337,2.254,7.746,-0.329,7.112,4.622,0.115,-3.935,Mango,Clay Loam,0.749,0.287,22.226,7,0.349,2.014.044,27.83
10.301,105.261,7,2,3.64,42.462,32.349,5.7,19.9,37.638,41.204,27.885,4.751,79.885,17.9,12,-3.875,-5.17,-5.444,-3.708,-0.141,0.652,5.881,-0.282,10.494,4.726,0.79,-3.971,Mango,Clay,0.755,0.302,22.591,9,0.466,2.818.361,27.872
10.349,105.302,6.694,2,3.64,35.703,31.386,5.569,23.158,41.139,37.769,27.792,4.68,80.343,17.9,12,-3.968,-5.17,-5.384,-3.882,0.148,1.208,6.874,-0.364,9.082,5.004,0.495,-4.086,Mango,Clay Loam,0.734,0.29,22.854,9,0.398,3.102.365,27.779
10.344,105.357,6.123,2.247,3.64,44.203,29.308,5.963,18.712,37.073,35.148,27.74,4.64,80.6,17.9,12,-4.02,-5.17,-5.35,-3.98,0.31,1.52,7.43,-0.41,8.29,5.16,0.33,-4.15,Mango,Clay,0.722,0.296,23.08,9,0.36,2.248.185,27.725
10.537,105.086,6,2.007,3.64,35.102,34.296,5.799,25.496,39.303,41.703,27.91,4.77,79.76,17.9,12,-3.85,-5.17,-5.46,-3.66,-0.22,0.5,5.61,-0.26,10.88,4.65,0.87,-3.94,Mango,Clay Loam,0.761,0.29,22.56,9,0.483,2.603.732,27.897
9.626,105.67,6.632,2.737,3.64,38.09,31.463,5.826,25.2,36.711,44.285,27.58,5.68,82.83,17.03,12,-5.15,-6.22,-6.61,-3.85,-0.17,0.76,10.43,0.35,9.34,6.06,0.59,-5.48,Mango,Clay Loam,0.633,0.294,27.48,7,0.379,2.545.197,27.562
10.347,106.014,7,2.551,3.64,40.479,30.321,5.986,18.403,41.118,32.014,27.834,4.469,80.115,17.988,12,-4.026,-4.955,-5.091,-3.991,0.332,2.121,7.689,-0.344,7.325,4.719,0.154,-3.974,Mango,Clay,0.744,0.292,22.381,7,0.344,2.198.322,27.817
9.014,105.296,7,2.722,3.64,38.455,38.955,5.4,29.611,31.905,47.06,28.04,4.45,80.82,17.723,12,-4.45,-5.29,-5.62,-3.24,-0.63,1.27,6.71,0.39,7.95,3.73,3.01,-3.78,Mango,Clay Loam,0.727,0.288,23.01,9,0.345,3.468.752,28.022
9.586,105.577,6,2.772,3.64,40.343,32.324,5.877,26.319,33.338,46.076,27.624,5.571,82.654,17.03,12,-5.086,-6.14,-6.516,-3.782,-0.212,0.856,10.133,0.337,9.223,5.832,0.744,-5.339,Mango,Clay,0.641,0.294,27.075,7,0.374,2434.63,27.606
10.597,105.543,7,4.035,3.64,39.33,34.019,5.519,18.607,42.122,40.119,27.74,4.64,80.6,17.9,12,-4.02,-5.17,-5.35,-3.98,0.31,1.52,7.43,-0.41,8.29,5.16,0.33,-4.15,Mango,Clay Loam,0.722,0.303,23.08,9,0.36,3.210.764,27.714
9.312,105.672,7,1.783,3.64,42.725,36.309,5.861,30.352,26.923,45.783,27.654,5.523,82.787,17.03,12,-5.048,-6.083,-6.399,-3.803,0.018,0.721,10.258,0.534,8.839,5.896,0.492,-5.406,Mango,Clay,0.638,0.284,26.739,7,0.383,2.469.318,27.642
10.257,105.714,6.587,2.825,3.64,41.17,33.438,6.176,17.524,41.348,34.978,27.611,5.11,81.669,17.9,12,-4.408,-5.663,-5.885,-4.103,0.245,1.35,8.957,-0.287,8.936,5.107,0.377,-4.632,Mango,Clay,0.677,0.299,24.978,7,0.359,1.786.407,27.593
10.368,105.509,7,2.696,3.64,36.283,26.483,5.57,19.991,43.726,35.591,27.74,4.64,80.6,17.9,12,-4.02,-5.17,-5.35,-3.98,0.31,1.52,7.43,-0.41,8.29,5.16,0.33,-4.15,Mango,Clay Loam,0.722,0.294,23.08,9,0.36,3.100.197,27.722
8.844,104.936,6.997,2,3.64,40.793,51.2,5.5,30.794,28.413,50.89,28.04,4.45,80.82,17.738,12,-4.45,-5.29,-5.62,-3.24,-0.63,1.27,6.71,0.39,7.95,3.73,3.01,-3.78,Mango,Clay,0.727,0.29,23.01,9,0.345,3.251.955,28.027
10.631,104.791,6.62,23.185,3.64,28.632,30.377,5.676,42.397,28.972,38.797,27.978,4.466,79.487,18.111,12,-3.689,-4.897,-5.15,-3.493,-0.276,0.649,5.04,-0.235,10.229,4.253,1.143,-3.618,Mango,Clay Loam,0.774,0.247,21.358,9,0.48,2.870.392,27.827
10.219,105.13,6.645,2,3.64,41.234,31.978,5.536,22.602,36.164,31.971,27.96,4.89,80.82,17.9,12,-4.26,-5.51,-5.79,-3.48,-0.34,0.99,7.3,-0.09,10.14,4.07,1.2,-4.25,Mango,Clay,0.723,0.283,23.72,9,0.428,3.173.908,27.947
10.019,106.101,6.794,2,3.64,36.918,31.659,6.141,21.983,41.1,42.141,27.591,5.13,82.356,18.591,12,-4.601,-5.637,-5.823,-4.166,0.406,1.556,10.062,-0.121,7.976,4.673,0.339,-4.7,Mango,Clay Loam,0.651,0.298,25.048,7,0.402,1.862.286,27.578
10.034,106.436,6.093,2.093,3.64,34.591,33.884,6.272,23.842,41.486,35.16,27.602,5.086,82.347,17.964,12,-4.589,-5.584,-5.761,-4.163,0.436,1.602,10.066,-0.109,7.776,4.616,0.328,-4.662,Mango,Clay Loam,0.652,0.284,24.868,7,0.405,1.578.282,27.588
10.668,106.426,7,3,3.64,39.823,31.912,5.841,22.077,38.059,27.465,27.91,4.33,79.72,18.06,12,-4.03,-4.78,-4.88,-4,0.35,2.61,7.9,-0.29,6.54,4.36,0.01,-3.83,Mango,Clay Loam,0.763,0.278,21.81,7,0.363,2.512.677,27.89
10.734,105.519,7,2.519,3.64,35.789,28.087,5.6,18.685,45.475,37.752,27.927,4.173,79.022,17.9,12,-3.683,-4.667,-4.815,-3.726,0.18,1.577,5.951,-0.259,7.366,5.378,0.366,-3.714,Mango,Clay Loam,0.79,0.3,20.864,9,0.354,3.035.158,27.911
9.294,105.19,7,2.358,3.64,37.872,40.028,5.528,26.431,35.697,46.209,27.995,4.623,81.115,17.373,12,-4.54,-5.438,-5.723,-3.246,-0.572,1.482,7.423,0.294,8.181,3.942,2.323,-4.075,Mango,Clay Loam,0.714,0.294,23.594,9,0.346,3.191.252,27.98
10.424,105.501,6,2.935,3.64,37.61,31.926,5.458,20.106,42.283,40.845,27.751,4.62,80.543,17.91,12,-4.021,-5.145,-5.32,-3.981,0.313,1.591,7.46,-0.402,8.177,5.108,0.309,-4.129,Mango,Clay Loam,0.725,0.301,22.998,9,0.356,3343.01,27.732
9.626,105.498,7,2.42,3.64,38.638,36.912,5.858,25.106,36.256,45.616,27.555,5.579,82.658,17.03,12,-4.953,-6.132,-6.463,-3.993,-0.015,0.957,10.262,0.119,9.361,5.644,0.514,-5.266,Mango,Clay Loam,0.639,0.296,26.822,7,0.382,2.475.822,27.539
9.682,105.819,7,2,3.64,35.871,33.751,6.068,28.614,35.516,44.595,27.687,5.455,82.768,18.007,12,-5.004,-6.023,-6.307,-3.783,0.1,0.704,10.183,0.614,8.621,5.824,0.45,-5.373,Mango,Clay Loam,0.64,0.287,26.49,7,0.384,2.020.548,27.674
9.957,105.646,6.439,2,3.64,40.303,27.505,5.864,23.932,35.765,36.397,27.877,5.061,81.655,18.282,12,-4.537,-5.668,-5.913,-3.59,-0.054,0.845,8.482,0.31,9.226,4.76,0.822,-4.707,Mango,Clay,0.688,0.286,24.469,9,0.377,2.462.814,27.864
10.22,105.244,6,2,3.64,42.615,30.5,5.6,21.622,35.702,36.297,27.96,4.89,80.82,17.9,12,-4.26,-5.51,-5.79,-3.48,-0.34,0.99,7.3,-0.09,10.14,4.07,1.2,-4.25,Mango,Clay,0.723,0.291,23.72,9,0.428,3.035.158,27.947
9.886,105.778,7,3.353,3.64,40.509,30.068,6,27.321,32.271,42.309,27.52,5.44,82.42,17.03,12,-4.68,-6.01,-6.26,-4.19,0.2,1.23,10.03,-0.2,9.39,5.07,0.41,-4.97,Mango,Clay,0.646,0.286,26.31,7,0.381,2167.97,27.498
9.528,105.12,7,1.805,3.64,37.339,40.49,5.541,24.961,37.68,45.002,27.97,4.72,81.28,17.03,12,-4.59,-5.52,-5.78,-3.25,-0.54,1.6,7.82,0.24,8.31,4.06,1.94,-4.24,Mango,Clay Loam,0.706,0.296,23.92,9,0.347,3.163.068,27.958
10.219,105.516,6.73,6.191,3.64,34.762,29.578,5.773,23.133,42.105,37.014,27.579,5.224,81.929,17.9,12,-4.502,-5.783,-6.014,-4.133,0.23,1.308,9.328,-0.257,9.093,5.094,0.388,-4.749,Mango,Clay Loam,0.667,0.289,25.438,7,0.367,2.660.099,27.539
10.89,106.205,6.825,3,3.64,35.4,30.855,5.613,23.582,41,25.637,28.08,3.71,77.7,18.032,12,-3.56,-4.08,-4.13,-3.62,0.1,2.86,5.77,0.03,5.64,4.65,-0.35,-3.28,Mango,Clay Loam,0.847,0.272,19.02,7,0.303,3.006.974,28.06
10.363,105.301,7,1.498,3.64,34.801,27.052,5.699,24.35,40.799,33.7,27.85,4.765,80.71,17.9,12,-4.14,-5.341,-5.571,-3.729,-0.016,1.254,7.365,-0.249,9.218,4.613,0.767,-4.2,Mango,Clay Loam,0.723,0.281,23.246,9,0.397,2.820.529,27.84
10.651,106.31,7,2.077,3.64,42.169,30.454,5.708,15.439,42.392,22.178,27.91,4.33,79.72,18.06,12,-4.03,-4.78,-4.88,-4,0.35,2.61,7.9,-0.29,6.54,4.36,0.01,-3.83,Mango,Clay,0.763,0.286,21.81,7,0.363,2.801.017,27.896
10.373,105.037,6.941,2,3.64,33.217,35.241,5.235,25.218,41.559,43.865,27.91,4.77,79.76,17.9,12,-3.85,-5.17,-5.46,-3.66,-0.22,0.5,5.61,-0.26,10.88,4.65,0.87,-3.94,Mango,Clay Loam,0.761,0.293,22.56,9,0.483,3.826.467,27.897
9.952,105.092,6.666,2.668,3.64,35.601,31.064,5.467,33.233,31.166,40.031,27.953,4.663,80.114,17.836,12,-4.051,-5.21,-5.513,-3.52,-0.357,0.757,5.978,-0.043,9.901,4.343,1.585,-3.887,Mango,Clay Loam,0.75,0.27,22.581,9,0.439,3.323.498,27.936
10.525,105.47,6,2.785,3.64,39.137,26.655,5.578,19.38,41.505,31.757,27.817,4.446,79.946,17.9,12,-3.88,-4.961,-5.128,-3.875,0.256,1.544,6.817,-0.348,7.907,5.25,0.345,-3.969,Mango,Clay Loam,0.75,0.29,22.161,9,0.357,3.082.853,27.799
10.066,105.546,6.708,6.415,3.64,33.782,29.025,5.771,23.934,42.285,37.705,27.52,5.44,82.42,17.9,12,-4.68,-6.01,-6.26,-4.19,0.2,1.23,10.03,-0.2,9.39,5.07,0.41,-4.97,Mango,Clay Loam,0.646,0.288,26.31,7,0.381,2.664.435,27.478
10.007,106.096,6,2,3.64,34.623,37.317,6.221,23.004,42.373,45.782,27.671,4.949,82.437,17.248,12,-4.481,-5.458,-5.617,-4.105,0.452,1.61,9.721,0.02,7.608,4.384,0.407,-4.571,Mango,Clay Loam,0.651,0.301,24.232,7,0.402,1.688.849,27.658
10.633,106.473,6.483,3,3.64,38.379,31.914,6.003,24.469,37.103,27.424,27.91,4.33,79.72,18.06,12,-4.03,-4.78,-4.88,-4,0.35,2.61,7.9,-0.29,6.54,4.36,0.01,-3.83,Mango,Clay Loam,0.763,0.272,21.81,7,0.363,2.161.466,27.89
8.903,104.976,6,2.44,3.64,40.444,50.731,5.4,31.232,28.324,45.673,28.04,4.45,80.82,17.74,12,-4.45,-5.29,-5.62,-3.24,-0.63,1.27,6.71,0.39,7.95,3.73,3.01,-3.78,Mango,Clay,0.727,0.282,23.01,9,0.345,3.468.752,28.024
10.436,105.863,6.853,3,3.64,39.72,28.253,6.141,19.592,40.588,30.161,27.74,4.64,80.6,17.9,12,-4.02,-5.17,-5.35,-3.98,0.31,1.52,7.43,-0.41,8.29,5.16,0.33,-4.15,Mango,Clay Loam,0.722,0.287,23.08,9,0.36,1.862.286,27.72
10.416,105.569,6,3.672,3.64,38.363,27.703,5.6,17.622,44.015,32.069,27.74,4.64,80.6,17.9,12,-4.02,-5.17,-5.35,-3.98,0.31,1.52,7.43,-0.41,8.29,5.16,0.33,-4.15,Mango,Clay Loam,0.722,0.294,23.08,9,0.36,3.035.158,27.716
10.385,106.055,6.434,6,3.64,40.06,25.857,6.313,18.862,41.134,29.898,27.91,4.33,79.72,18.06,12,-4.03,-4.78,-4.88,-4,0.35,2.61,7.9,-0.29,6.54,4.36,0.01,-3.83,Mango,Clay,0.763,0.288,21.81,7,0.363,1.489.395,27.871
9.702,105.114,7,1.089,3.64,35.659,41.376,5.509,27.187,37.153,43.186,27.97,4.72,81.28,17.03,12,-4.59,-5.52,-5.78,-3.25,-0.54,1.6,7.82,0.24,8.31,4.06,1.94,-4.24,Mango,Clay Loam,0.706,0.288,23.92,9,0.347,3.232.443,27.963
8.61,104.86,6,3.559,3.64,37.729,62.335,5.478,32.268,30.003,55.867,28.14,3.97,81.31,17.74,12,-3.92,-4.92,-5.23,-3.15,-0.59,0.53,5.39,0.83,6.79,2.56,4.54,-2.86,Mango,Clay Loam,0.712,0.294,20.67,9,0.329,3299.65,28.117
9.839,105.025,7,4.607,3.64,33.862,37.46,5.64,35.961,30.177,44.42,27.962,4.641,80.186,18.14,12,-4.091,-5.218,-5.524,-3.491,-0.385,0.809,6.052,0.001,9.703,4.28,1.73,-3.876,Mango,Clay Loam,0.747,0.269,22.585,9,0.43,2.948.439,27.932
10.18,105.483,6.264,2,3.64,35.226,35.631,5.626,22.521,42.253,43.961,27.52,5.44,82.42,17.9,12,-4.68,-6.01,-6.26,-4.19,0.2,1.23,10.03,-0.2,9.39,5.07,0.41,-4.97,Mango,Clay Loam,0.646,0.3,26.31,7,0.381,2.978.791,27.507
10.345,104.861,6.998,2.002,3.64,31.099,26.103,5.601,26.498,42.403,36.101,27.909,4.771,79.764,18.239,12,-3.851,-5.171,-5.461,-3.661,-0.219,0.501,5.617,-0.26,10.878,4.651,0.869,-3.942,Mango,Clay Loam,0.761,0.28,22.565,9,0.483,3032.99,27.896
10.248,105.076,6,2.134,3.64,39.826,27.9,5.52,22.52,37.654,40.093,27.957,4.882,80.749,17.9,12,-4.233,-5.487,-5.768,-3.492,-0.332,0.957,7.187,-0.101,10.189,4.109,1.178,-4.229,Mango,Clay Loam,0.726,0.294,23.642,9,0.431,3.208.596,27.943
9.749,105.362,7,2.643,3.64,38.179,35.564,5.836,25.272,36.549,47.073,27.541,5.526,82.567,17.03,12,-4.848,-6.085,-6.385,-4.068,0.068,1.062,10.173,-0.003,9.372,5.424,0.474,-5.152,Mango,Clay Loam,0.642,0.298,26.541,7,0.383,2.523.517,27.524
10.307,105.128,6.421,2,3.64,34.242,26.895,5.668,26.579,39.121,32.674,27.91,4.77,79.76,17.9,12,-3.85,-5.17,-5.46,-3.66,-0.22,0.5,5.61,-0.26,10.88,4.65,0.87,-3.94,Mango,Clay Loam,0.761,0.275,22.56,9,0.483,2.887.736,27.897
9.52,106.059,6,4.364,3.64,35.454,38.872,5.936,30.218,34.328,58.874,27.712,5.196,82.582,18.77,12,-4.777,-5.75,-5.939,-3.886,0.365,1.017,10.019,0.485,7.896,5.251,0.333,-5.05,Mango,Clay Loam,0.647,0.303,25.402,7,0.395,2306.72,27.684
9.017,104.912,6.214,1.786,3.64,36.893,48.243,5.657,32.179,30.85,52.843,28.061,4.347,80.925,17.991,12,-4.336,-5.211,-5.536,-3.221,-0.621,1.111,6.427,0.484,7.701,3.479,3.338,-3.583,Mango,Clay Loam,0.724,0.29,22.508,9,0.342,2.911.584,28.049
10.572,105.459,6.118,3.763,3.64,35.307,30.718,5.688,21.73,42.963,35.949,27.74,4.64,80.6,17.9,12,-4.02,-5.17,-5.35,-3.98,0.31,1.52,7.43,-0.41,8.29,5.16,0.33,-4.15,Mango,Clay Loam,0.722,0.29,23.08,9,0.36,2.844.377,27.716
8.929,105.076,6,1.41,3.64,39.397,52.977,5.4,32.141,28.462,47.009,28.04,4.45,80.82,17.888,12,-4.45,-5.29,-5.62,-3.24,-0.63,1.27,6.71,0.39,7.95,3.73,3.01,-3.78,Mango,Clay Loam,0.727,0.282,23.01,9,0.345,3.468.752,28.031
10.416,106.049,6.16,4,3.64,39.46,26.848,6.3,18.456,42.084,36.428,27.91,4.33,79.72,18.06,12,-4.03,-4.78,-4.88,-4,0.35,2.61,7.9,-0.29,6.54,4.36,0.01,-3.83,Mango,Clay Loam,0.763,0.299,21.81,7,0.363,1.517.579,27.884
10.6,106.062,6,3.849,3.64,44.585,29.924,5.938,18.823,36.592,37.711,27.949,4.067,78.813,17.999,12,-3.737,-4.498,-4.598,-3.758,0.181,2.346,6.407,-0.139,6.657,4.846,-0.089,-3.614,Mango,Clay,0.798,0.3,20.433,9,0.326,2.302.384,27.924
9.327,105.149,6.572,2.856,3.64,39.231,27.37,5.629,31.013,29.814,41.131,28,4.604,81.083,17.03,12,-4.53,-5.422,-5.711,-3.246,-0.579,1.459,7.345,0.304,8.156,3.919,2.398,-4.043,Mango,Clay Loam,0.715,0.276,23.531,9,0.346,2.972.287,27.981
9.521,105.423,6,2.176,3.64,40.812,32.865,5.735,26.247,32.94,46.731,27.741,5.284,82.191,17.03,12,-4.919,-5.931,-6.268,-3.603,-0.323,1.106,9.354,0.305,8.915,5.236,1.147,-4.969,Mango,Clay,0.663,0.295,26.013,7,0.359,2.742.482,27.727
10.018,105.58,6,2.184,3.64,31.832,34.905,5.9,24.824,43.362,40.362,27.52,5.44,82.42,17.74,12,-4.68,-6.01,-6.26,-4.19,0.2,1.23,10.03,-0.2,9.39,5.07,0.41,-4.97,Mango,Clay Loam,0.646,0.289,26.31,7,0.381,2.384.767,27.506
9.645,105.813,7,1.362,3.64,40.305,31.438,5.9,24.755,34.94,45.755,27.58,5.68,82.83,17.03,12,-5.15,-6.22,-6.61,-3.85,-0.17,0.76,10.43,0.35,9.34,6.06,0.59,-5.48,Mango,Clay,0.633,0.297,27.48,7,0.379,2.384.767,27.571
9.091,105.004,6,2,3.64,37.598,48.465,5.5,30.204,32.232,48.605,28.04,4.45,80.82,17.375,12,-4.45,-5.29,-5.62,-3.24,-0.63,1.27,6.71,0.39,7.95,3.73,3.01,-3.78,Mango,Clay Loam,0.727,0.289,23.01,9,0.345,3.251.955,28.027
10.166,105.116,7,1.026,3.64,35.084,27.476,5.51,24.303,40.516,33.7,27.954,4.883,80.814,17.9,12,-4.254,-5.501,-5.778,-3.493,-0.323,1.004,7.303,-0.098,10.092,4.099,1.177,-4.247,Mango,Clay Loam,0.723,0.281,23.694,9,0.426,3.230.275,27.947
10.564,104.901,7,3,3.64,30.817,42.277,5.3,27.9,41.283,33.535,27.91,4.77,79.76,18.24,12,-3.85,-5.17,-5.46,-3.66,-0.22,0.5,5.61,-0.26,10.88,4.65,0.87,-3.94,Mango,Clay Loam,0.761,0.273,22.56,9,0.483,3.685.549,27.89
9.02,105.017,6.832,1.663,3.64,38.455,46.104,5.517,33.047,28.581,46.099,27.963,4.657,81.158,17.621,12,-4.568,-5.447,-5.787,-3.343,-0.553,1.184,7.336,0.383,8.184,4.122,2.603,-4.066,Mango,Clay Loam,0.711,0.279,23.764,9,0.344,3215.1,27.952
10.388,104.868,6.273,2.273,3.64,31.391,35.091,5.745,28.837,39.7,45.043,27.91,4.77,79.76,18.24,12,-3.85,-5.17,-5.46,-3.66,-0.22,0.5,5.61,-0.26,10.88,4.65,0.87,-3.94,Mango,Clay Loam,0.761,0.287,22.56,9,0.483,2.720.802,27.895
9.161,105.08,6.482,0.482,3.64,41.16,42.716,5.452,30.092,28.748,52.824,28.006,4.58,81.042,17.527,12,-4.517,-5.401,-5.697,-3.245,-0.587,1.429,7.245,0.318,8.123,3.889,2.494,-4.002,Mango,Clay,0.717,0.295,23.449,9,0.346,3.356.018,28.003
9.571,105.043,6.701,1,3.64,37.691,36.738,5.64,25.561,36.748,46.795,27.97,4.72,81.28,17.03,12,-4.59,-5.52,-5.78,-3.25,-0.54,1.6,7.82,0.24,8.31,4.06,1.94,-4.24,Mango,Clay Loam,0.706,0.297,23.92,9,0.347,2.948.439,27.964
10.329,105.34,6,2,3.64,40.919,27.965,5.624,22.275,36.806,35.847,27.74,4.64,80.6,17.9,12,-4.02,-5.17,-5.35,-3.98,0.31,1.52,7.43,-0.41,8.29,5.16,0.33,-4.15,Mango,Clay,0.722,0.289,23.08,9,0.36,2.983.127,27.727
10.013,105.625,6.259,2,3.64,39.57,27.37,5.756,24.618,35.737,36.833,27.585,5.399,82.498,18.126,12,-4.734,-5.974,-6.211,-4.071,0.229,1.082,10.02,0.064,9.045,5.218,0.392,-5.053,Mango,Clay Loam,0.646,0.285,26.043,7,0.385,2.696.955,27.572
9.855,105.888,6.57,2,3.64,40.255,27.215,5.942,24.401,35.302,36.273,27.663,5.349,82.591,18.396,12,-4.8,-5.93,-6.152,-3.928,0.263,0.905,10.007,0.382,8.631,5.395,0.37,-5.153,Mango,Clay,0.645,0.285,25.963,7,0.386,2.293.712,27.65
10.264,106.051,6,4.636,3.64,36.905,27.976,6.449,20.844,42.251,44.945,27.872,4.422,80.053,18.15,12,-4.1,-4.877,-4.986,-4.02,0.364,2.487,8.176,-0.266,6.676,4.387,0.049,-3.932,Mango,Clay Loam,0.748,0.305,22.181,7,0.369,1.194.551,27.842
10.013,105.281,6,1.158,3.64,36.853,33.031,5.516,26.247,36.9,37.421,27.96,4.89,80.82,17.168,12,-4.26,-5.51,-5.79,-3.48,-0.34,0.99,7.3,-0.09,10.14,4.07,1.2,-4.25,Mango,Clay Loam,0.723,0.282,23.72,9,0.428,3.217.267,27.952
10.52,104.875,7,2.814,3.64,30.763,42.2,5.337,28.067,41.188,34.826,27.91,4.77,79.76,18.24,12,-3.85,-5.17,-5.46,-3.66,-0.22,0.5,5.61,-0.26,10.88,4.65,0.87,-3.94,Mango,Clay Loam,0.761,0.274,22.56,9,0.483,3.605.334,27.892
9.859,105.804,6.197,5,3.64,33.012,35.863,5.98,29.692,37.296,64.482,27.669,4.995,81.831,18.665,12,-4.436,-5.467,-5.661,-4.061,0.326,1.415,9.19,-0.132,8.255,4.586,0.429,-4.494,Mango,Clay Loam,0.674,0.312,24.251,7,0.38,2.211.329,27.636
10.459,106.058,6.542,2.916,3.64,39.083,26.15,6.3,19.575,41.396,36.971,27.91,4.33,79.72,18.06,12,-4.03,-4.78,-4.88,-4,0.35,2.61,7.9,-0.29,6.54,4.36,0.01,-3.83,Mango,Clay Loam,0.763,0.297,21.81,7,0.363,1.517.579,27.891
9.882,105.058,6.517,3.966,3.64,38.618,31.158,5.403,31.489,29.893,41.99,27.973,4.615,80.272,17.656,12,-4.14,-5.228,-5.537,-3.457,-0.418,0.872,6.141,0.054,9.465,4.206,1.904,-3.863,Mango,Clay Loam,0.745,0.276,22.643,9,0.418,3.462.248,27.947
10.244,105.759,6.867,2.267,3.64,41.393,34.36,6.26,17.44,41.18,34.587,27.549,5.333,82.177,17.9,12,-4.592,-5.898,-6.139,-4.162,0.215,1.269,9.683,-0.228,9.243,5.082,0.399,-4.861,Mango,Clay,0.656,0.298,25.88,7,0.374,1.604.298,27.534
9.875,105.784,6.919,3.839,3.64,34.421,37.614,5.968,27.895,37.684,52.364,27.556,5.382,82.328,17.03,12,-4.673,-5.971,-6.221,-4.114,0.14,1.26,9.852,-0.165,9.303,4.989,0.533,-4.911,Mango,Clay Loam,0.651,0.299,26.055,7,0.378,2.237.345,27.531
8.927,105.094,6,1.544,3.64,39.19,51.74,5.4,31.529,29.282,48.746,28.04,4.45,80.82,17.922,12,-4.45,-5.29,-5.62,-3.24,-0.63,1.27,6.71,0.39,7.95,3.73,3.01,-3.78,Mango,Clay Loam,0.727,0.286,23.01,9,0.345,3.468.752,28.03
9.655,105.509,6.504,2.489,3.64,36.389,30.535,5.801,27.105,36.506,42.2,27.58,5.68,82.83,17.03,12,-5.15,-6.22,-6.61,-3.85,-0.17,0.76,10.43,0.35,9.34,6.06,0.59,-5.48,Mango,Clay Loam,0.633,0.287,27.48,7,0.379,2.599.396,27.564
9.126,105.59,7,3,3.64,39.774,38.677,5.575,29.218,31.008,47.676,27.922,4.813,81.65,17.571,12,-4.642,-5.543,-5.817,-3.454,-0.219,1.004,8.143,0.578,7.998,4.564,1.844,-4.44,Mango,Clay Loam,0.69,0.29,24.115,7,0.337,3.089.357,27.902
10.593,105.481,6.73,2,3.64,35.23,26.573,5.792,23.94,40.83,33.484,27.74,4.64,80.6,17.9,12,-4.02,-5.17,-5.35,-3.98,0.31,1.52,7.43,-0.41,8.29,5.16,0.33,-4.15,Mango,Clay Loam,0.722,0.282,23.08,9,0.36,2.618.908,27.727
10.86,105.262,6,4.531,3.64,35.534,26.469,5.477,29.633,34.81,31.066,28.146,3.862,77.032,17.9,12,-3.248,-4.238,-4.435,-3.398,-0.185,0.903,3.577,0.224,8.186,5.09,0.744,-3.233,Mango,Clay Loam,0.876,0.265,18.737,9,0.437,3.301.818,28.117
10.174,105.395,6,2,3.64,39.27,27.564,5.6,24.435,36.211,37.078,27.555,5.313,82.131,17.9,12,-4.575,-5.877,-6.115,-4.157,0.217,1.276,9.617,-0.233,9.215,5.084,0.397,-4.84,Mango,Clay Loam,0.658,0.286,25.797,7,0.373,3.035.158,27.542
10.182,105.837,6.39,2,3.64,36.174,33.859,5.834,22.366,41.459,42.676,27.555,5.288,82.389,17.962,12,-4.641,-5.827,-6.046,-4.178,0.301,1.39,10.046,-0.161,8.696,4.875,0.375,-4.837,Mango,Clay Loam,0.649,0.298,25.69,7,0.391,2.527.853,27.542
10.228,104.679,7,1.271,3.64,31.429,45.892,5.8,28.238,40.347,54.625,28.437,4.537,79.639,18.24,12,-3.893,-5.196,-5.399,-3.539,-0.203,1.209,6.466,-0.217,9.479,3.526,1.527,-3.767,Mango,Clay Loam,0.789,0.302,22.214,9,0.427,2.601.564,28.429
10.59,104.771,7,3,3.64,31.326,44.604,5.3,27.9,40.774,40.588,27.91,4.77,79.76,18.24,12,-3.85,-5.17,-5.46,-3.66,-0.22,0.5,5.61,-0.26,10.88,4.65,0.87,-3.94,Mango,Clay Loam,0.761,0.283,22.56,9,0.483,3.685.549,27.89
8.958,105.211,6.657,1.971,3.64,39.312,40.552,5.434,29.755,30.934,49.092,28.04,4.45,80.82,17.99,12,-4.45,-5.29,-5.62,-3.24,-0.63,1.27,6.71,0.39,7.95,3.73,3.01,-3.78,Mango,Clay Loam,0.727,0.29,23.01,9,0.345,3.395.041,28.027
10.276,105.721,7,2.043,3.64,38.313,35.217,6.117,19.391,42.296,44.778,27.747,4.637,80.695,17.907,12,-4.024,-5.169,-5.347,-3.977,0.315,1.519,7.473,-0.372,8.26,5.096,0.347,-4.159,Mango,Clay Loam,0.719,0.308,23.048,9,0.359,1.914.318,27.734
10.604,106.472,6.069,3,3.64,38.014,32.155,6.086,24.814,37.172,28.162,27.91,4.33,79.72,18.06,12,-4.03,-4.78,-4.88,-4,0.35,2.61,7.9,-0.29,6.54,4.36,0.01,-3.83,Mango,Clay Loam,0.763,0.272,21.81,7,0.363,1.981.525,27.89
10.272,105.462,6.057,2,3.64,35.257,31.371,5.983,21.62,43.123,36.76,27.75,4.647,80.552,17.9,12,-4.01,-5.17,-5.356,-3.962,0.28,1.462,7.326,-0.401,8.438,5.131,0.361,-4.138,Mango,Clay Loam,0.724,0.292,23.037,9,0.367,2.204.825,27.737
9.656,105.564,6.718,1.847,3.64,35.747,29.657,5.844,27.405,36.849,42.2,27.58,5.68,82.83,17.03,12,-5.15,-6.22,-6.61,-3.85,-0.17,0.76,10.43,0.35,9.34,6.06,0.59,-5.48,Mango,Clay Loam,0.633,0.286,27.48,7,0.379,2.506.173,27.568
9.687,105.489,6.738,1.738,3.64,38.683,35.28,5.926,26.064,35.279,51.025,27.58,5.68,82.83,17.03,12,-5.15,-6.22,-6.61,-3.85,-0.17,0.76,10.43,0.35,9.34,6.06,0.59,-5.48,Mango,Clay Loam,0.633,0.301,27.48,7,0.379,2328.4,27.569
10.52,106.194,6.247,2,3.64,36.722,36.546,6.249,19.002,44.351,40.432,27.873,4.266,79.997,18.06,12,-3.973,-4.716,-4.811,-4.01,0.325,2.837,7.794,-0.107,6.429,4.002,-0.042,-3.763,Mango,Clay Loam,0.751,0.303,21.422,7,0.364,1.628.145,27.86
9.738,105.527,6.906,1.906,3.64,42.125,32.375,5.953,25.966,32,44.394,27.562,5.373,82.313,17.03,12,-4.672,-5.964,-6.215,-4.102,0.131,1.265,9.823,-0.159,9.289,4.975,0.553,-4.902,Mango,Clay,0.652,0.292,26.014,7,0.377,2.269.865,27.55
9.279,105.733,7,2,3.64,41.426,32.874,5.425,32.851,25.724,32.249,27.823,5.325,82.848,17.464,12,-5.13,-5.938,-6.348,-3.332,-0.148,0.54,9.322,0.918,8.323,6.293,0.888,-5.41,Mango,Clay,0.642,0.26,26.306,7,0.355,3.414.553,27.81
10.494,106.164,6,1.728,3.64,36.701,34.546,6.127,18.723,44.576,54.778,27.828,4.526,80.433,18.253,12,-4.18,-4.987,-5.106,-4.044,0.38,2.346,8.49,-0.238,6.831,4.417,0.094,-4.048,Mango,Clay Loam,0.732,0.324,22.603,7,0.376,1.892.638,27.817
10.305,106.211,6.241,5.519,3.64,41.296,33.622,6.324,22.063,36.641,48.918,27.91,4.33,79.72,18.06,12,-4.03,-4.78,-4.88,-4,0.35,2.61,7.9,-0.29,6.54,4.36,0.01,-3.83,Mango,Clay,0.763,0.308,21.81,7,0.363,1.465.548,27.874
10.648,106.472,6.45,3,3.64,39.194,31.356,6.01,23.786,37.02,28.505,27.91,4.33,79.72,18.06,12,-4.03,-4.78,-4.88,-4,0.35,2.61,7.9,-0.29,6.54,4.36,0.01,-3.83,Mango,Clay Loam,0.763,0.275,21.81,7,0.363,2146.29,27.89
10.565,105.149,6.777,3.223,3.64,37.153,34.232,5.633,22.225,40.621,40.381,27.91,4.77,79.76,17.9,12,-3.85,-5.17,-5.46,-3.66,-0.22,0.5,5.61,-0.26,10.88,4.65,0.87,-3.94,Mango,Clay Loam,0.761,0.295,22.56,9,0.483,2.963.615,27.889
9.8,106.251,6.935,4,3.64,37.272,31.382,6.087,26.895,35.833,41.307,27.608,5.091,82.372,18.656,12,-4.617,-5.584,-5.769,-4.14,0.419,1.582,10.094,-0.071,7.723,4.667,0.338,-4.686,Mango,Clay Loam,0.651,0.286,24.867,7,0.407,1.979.357,27.582
10.231,105.525,6.488,2.463,3.64,40.626,34.978,6.093,22.127,37.246,54.933,27.936,4.617,80.284,18.152,12,-4.148,-5.154,-5.346,-3.734,-0.004,1.78,7.593,-0.188,8.385,4.211,0.62,-4.045,Mango,Clay,0.742,0.316,22.619,9,0.371,1.966.349,27.92
10.414,105.56,6.034,2.966,3.64,42.15,26.138,5.793,17.107,40.84,31.047,27.74,4.64,80.6,17.9,12,-4.02,-5.17,-5.35,-3.98,0.31,1.52,7.43,-0.41,8.29,5.16,0.33,-4.15,Mango,Clay,0.722,0.294,23.08,9,0.36,2616.74,27.721
10.778,105.683,6,2.063,3.64,39.837,24.287,5.5,20.325,39.932,31.707,28.1,3.74,77.56,17.9,12,-3.37,-4.2,-4.32,-3.49,0.06,1.63,4.58,-0.12,6.51,5.58,0.4,-3.31,Mango,Clay Loam,0.853,0.288,18.81,9,0.347,3.251.955,28.087
8.938,105.126,6,1.094,3.64,38.859,53.072,5.4,32.109,29.032,48.623,28.04,4.45,80.82,17.967,12,-4.45,-5.29,-5.62,-3.24,-0.63,1.27,6.71,0.39,7.95,3.73,3.01,-3.78,Mango,Clay Loam,0.727,0.284,23.01,9,0.345,3.468.752,28.033
9.107,104.941,6,2,3.64,36.651,47.781,5.658,31.782,31.495,50.973,28.04,4.45,80.82,17.917,12,-4.45,-5.29,-5.62,-3.24,-0.63,1.27,6.71,0.39,7.95,3.73,3.01,-3.78,Mango,Clay Loam,0.727,0.288,23.01,9,0.345,2.909.416,28.027
10.184,106.566,6.468,3.532,3.64,40.747,35.883,6.394,20.105,39.148,46.287,27.746,4.826,82.555,18.06,12,-4.36,-5.358,-5.504,-4.038,0.441,1.575,9.298,0.167,7.605,4.159,0.512,-4.499,Mango,Clay,0.65,0.309,23.759,7,0.391,1313.79,27.723
10.292,105.312,6,3,3.64,38.041,27.459,5.682,22.231,39.687,29.26,27.84,4.717,80.105,17.9,12,-3.92,-5.17,-5.415,-3.792,-0.002,0.919,6.358,-0.322,9.815,4.86,0.648,-4.026,Mango,Clay Loam,0.745,0.28,22.647,9,0.434,2.857.384,27.82
9.227,105.624,7,2,3.64,39.104,38.113,5.535,29.499,31.362,41.324,27.75,5.458,82.869,17.03,12,-5.189,-6.05,-6.499,-3.426,-0.255,0.59,9.562,0.742,8.733,6.354,0.903,-5.46,Mango,Clay Loam,0.638,0.28,26.879,7,0.356,3.176.076,27.737
9.3,105.537,7,1.2,3.64,43.6,35.93,5.89,30.76,25.641,45.2,27.599,5.64,82.819,17.03,12,-5.124,-6.185,-6.556,-3.838,-0.122,0.75,10.386,0.397,9.212,6.018,0.565,-5.461,Mango,Clay,0.634,0.283,27.286,7,0.38,2.406.447,27.591
10.631,105.856,6,2,3.64,40.2,28.868,5.904,18.702,41.096,37.072,27.74,4.64,80.6,17.9,12,-4.02,-5.17,-5.35,-3.98,0.31,1.52,7.43,-0.41,8.29,5.16,0.33,-4.15,Mango,Clay,0.722,0.299,23.08,9,0.36,2.376.095,27.727
10.474,105.353,6,2.664,3.64,37.534,30.992,5.635,20.1,42.333,41.372,27.797,4.684,80.318,17.9,12,-3.963,-5.17,-5.387,-3.872,0.132,1.177,6.818,-0.36,9.161,4.989,0.512,-4.079,Mango,Clay Loam,0.735,0.302,22.831,9,0.402,2.959.279,27.78
10.316,105.639,7,2,3.64,36.945,27.044,5.626,19.599,43.552,32.144,27.732,4.669,80.667,17.9,12,-4.044,-5.201,-5.383,-3.988,0.306,1.509,7.525,-0.402,8.33,5.157,0.333,-4.18,Mango,Clay Loam,0.719,0.29,23.198,9,0.36,2.978.791,27.719
10.587,105.573,6.56,2,3.64,41.364,32.452,5.568,19.856,38.824,36.964,27.74,4.64,80.6,17.9,12,-4.02,-5.17,-5.35,-3.98,0.31,1.52,7.43,-0.41,8.29,5.16,0.33,-4.15,Mango,Clay,0.722,0.296,23.08,9,0.36,3.104.533,27.727
10.299,106.23,6.063,5.874,3.64,41.225,33.09,6.306,22.312,36.463,48.315,27.91,4.33,79.72,18.06,12,-4.03,-4.78,-4.88,-4,0.35,2.61,7.9,-0.29,6.54,4.36,0.01,-3.83,Mango,Clay,0.763,0.306,21.81,7,0.363,1.504.571,27.872
8.857,104.847,7,2,3.64,41.122,45.795,5.5,33.21,25.578,51.128,28.04,4.45,80.82,17.74,12,-4.45,-5.29,-5.62,-3.24,-0.63,1.27,6.71,0.39,7.95,3.73,3.01,-3.78,Mango,Clay,0.727,0.285,23.01,9,0.345,3.251.955,28.027
9.745,105.384,6.581,0.581,3.64,34.581,37.432,5.774,27.591,37.828,43.977,27.545,5.541,82.592,17.03,12,-4.877,-6.098,-6.407,-4.048,0.045,1.033,10.198,0.03,9.369,5.485,0.485,-5.184,Mango,Clay Loam,0.641,0.288,26.614,7,0.383,2.657.931,27.541
8.961,105.405,6.74,5.959,3.64,35.116,37.478,5.804,35.654,29.23,43.441,27.97,4.666,81.314,18.193,12,-4.564,-5.441,-5.737,-3.367,-0.385,1.111,7.563,0.502,7.979,4.227,2.315,-4.173,Mango,Clay Loam,0.705,0.269,23.667,9,0.337,2.592.892,27.931
10.67,106.452,7,3,3.64,39.377,31.688,5.873,23.066,37.485,27.05,27.91,4.33,79.72,18.06,12,-4.03,-4.78,-4.88,-4,0.35,2.61,7.9,-0.29,6.54,4.36,0.01,-3.83,Mango,Clay Loam,0.763,0.275,21.81,7,0.363,2.443.302,27.89
9.388,105.715,6.981,2,3.64,42.342,38.483,5.6,30.032,27.722,41.285,27.584,5.673,82.828,17.063,12,-5.145,-6.213,-6.6,-3.848,-0.161,0.758,10.422,0.359,9.316,6.052,0.585,-5.476,Mango,Clay,0.634,0.279,27.443,7,0.379,3.035.158,27.571
9.174,105.402,6,0.513,3.64,41.159,36.262,5.451,30.733,28.082,40.054,27.971,4.663,81.307,17.476,12,-4.563,-5.439,-5.735,-3.366,-0.389,1.114,7.551,0.5,7.978,4.22,2.325,-4.167,Mango,Clay,0.705,0.275,23.659,9,0.337,3.358.186,27.968
8.98,104.931,6,2.692,3.64,35.916,48.603,5.596,33.065,30.954,50.459,28.075,4.284,80.989,17.949,12,-4.267,-5.162,-5.485,-3.209,-0.616,1.014,6.254,0.542,7.549,3.325,3.539,-3.462,Mango,Clay Loam,0.722,0.285,22.201,9,0.34,3043.83,28.058
9.188,105.291,7,2.604,3.64,34.057,42.222,5.42,30.768,35.175,41.637,27.866,5.217,82.571,17.03,12,-5.087,-5.873,-6.309,-3.21,-0.348,0.718,8.846,0.809,8.39,6.025,1.242,-5.21,Mango,Clay Loam,0.654,0.278,26.037,7,0.34,3.425.393,27.849
9.908,105.467,6,1.435,3.64,38.491,28.178,5.77,25.309,36.157,37.357,27.554,5.576,82.652,17.408,12,-4.946,-6.129,-6.458,-3.998,-0.009,0.964,10.256,0.111,9.362,5.63,0.512,-5.258,Mango,Clay Loam,0.639,0.284,26.798,7,0.382,2.666.603,27.545
10.84,104.898,7,5,3.64,32.429,35.748,5.146,31.043,36.528,25.227,28.16,3.9,76.87,18.24,12,-3.21,-4.25,-4.47,-3.37,-0.26,0.68,3.27,0.33,8.7,4.94,0.85,-3.21,Mango,Clay Loam,0.882,0.254,18.77,9,0.464,4.019.416,28.128
10.385,106.332,7,2.972,3.64,40.334,30.573,6.306,19.278,40.389,31.764,27.91,4.33,79.72,18.06,12,-4.03,-4.78,-4.88,-4,0.35,2.61,7.9,-0.29,6.54,4.36,0.01,-3.83,Mango,Clay,0.763,0.29,21.81,7,0.363,1.504.571,27.891
10.105,105.721,6,2,3.64,35.322,37.034,5.965,22.296,42.383,43.543,27.52,5.44,82.42,17.9,12,-4.68,-6.01,-6.26,-4.19,0.2,1.23,10.03,-0.2,9.39,5.07,0.41,-4.97,Mango,Clay Loam,0.646,0.3,26.31,7,0.381,2.243.849,27.507
8.931,105.085,6,1.35,3.64,39.294,52.995,5.4,32.135,28.571,47.318,28.04,4.45,80.82,17.903,12,-4.45,-5.29,-5.62,-3.24,-0.63,1.27,6.71,0.39,7.95,3.73,3.01,-3.78,Mango,Clay Loam,0.727,0.282,23.01,9,0.345,3.468.752,28.031
10.612,105.263,6.114,2,3.64,38.946,32.14,5.611,20.211,40.842,34.86,27.91,4.77,79.76,17.9,12,-3.85,-5.17,-5.46,-3.66,-0.22,0.5,5.61,-0.26,10.88,4.65,0.87,-3.94,Mango,Clay Loam,0.761,0.292,22.56,9,0.483,3011.31,27.897
10.744,106.219,6.849,2,3.64,35.988,31.37,5.77,23.055,40.957,27.355,27.939,4.241,79.393,18.036,12,-3.93,-4.692,-4.795,-3.923,0.306,2.462,7.398,-0.264,6.535,4.545,0.069,-3.751,Mango,Clay Loam,0.776,0.275,21.355,7,0.347,2.666.603,27.926
10.288,105.234,6,3,3.64,38.023,27.477,5.645,22.714,39.241,29.594,27.872,4.741,79.949,17.9,12,-3.888,-5.17,-5.435,-3.732,-0.101,0.73,6.02,-0.294,10.296,4.765,0.748,-3.987,Mango,Clay Loam,0.752,0.279,22.607,9,0.456,2.937.599,27.852
9.53,106.078,6.749,2,3.64,42.373,38.677,5.925,25.855,31.772,37.328,27.77,5.28,82.72,18.77,12,-4.89,-5.87,-6.07,-3.73,0.31,0.66,9.99,0.82,8.06,5.64,0.34,-5.29,Mango,Clay,0.644,0.283,25.85,7,0.387,2.330.568,27.757
10.303,105.496,6,3,3.64,38.085,27.415,5.77,21.088,40.741,28.469,27.765,4.659,80.475,17.9,12,-3.995,-5.17,-5.366,-3.932,0.231,1.368,7.158,-0.388,8.677,5.084,0.411,-4.119,Mango,Clay Loam,0.728,0.281,22.97,9,0.378,2.666.603,27.746
10.588,105.013,7,2,3.64,33.583,35.958,5.244,25.112,41.305,41.85,28.02,4.388,78.492,18.049,12,-3.569,-4.766,-5.026,-3.533,-0.238,0.579,4.583,-0.001,9.923,4.777,0.861,-3.62,Mango,Clay Loam,0.814,0.291,20.753,9,0.479,3.806.955,28.007
9.708,105.551,6,3.047,3.64,36.114,41.2,5.862,26.752,37.134,52.943,27.734,5.097,81.877,17.03,12,-4.637,-5.776,-6.031,-3.742,-0.153,1.406,8.977,0.01,8.875,4.589,1.139,-4.622,Mango,Clay Loam,0.674,0.303,24.961,7,0.359,2467.15,27.714
10.455,105.473,7,2,3.64,41.043,33.189,5.757,19.946,39.011,37.605,27.725,4.687,80.8,17.918,12,-4.084,-5.212,-5.391,-4.001,0.327,1.534,7.733,-0.374,8.212,5.092,0.329,-4.205,Mango,Clay,0.714,0.297,23.267,9,0.354,2.694.787,27.712
10.246,105.963,7,2,3.64,40.67,33.114,6.13,20.244,39.086,36.338,27.628,4.993,82.097,18.038,12,-4.502,-5.488,-5.66,-4.135,0.439,1.623,9.701,-0.143,7.705,4.653,0.321,-4.563,Mango,Clay,0.662,0.294,24.491,7,0.397,1.886.134,27.615
10.138,105.783,6,2,3.64,36.773,37.227,6.272,21.449,41.777,44.567,27.52,5.44,82.42,17.9,12,-4.68,-6.01,-6.26,-4.19,0.2,1.23,10.03,-0.2,9.39,5.07,0.41,-4.97,Mango,Clay Loam,0.646,0.303,26.31,7,0.381,1.578.282,27.507
8.919,105.125,6,1.068,3.64,38.598,53.249,5.42,32.235,29.166,49.026,28.047,4.418,80.853,17.973,12,-4.414,-5.265,-5.594,-3.234,-0.627,1.22,6.621,0.42,7.872,3.651,3.114,-3.718,Mango,Clay Loam,0.726,0.284,22.852,9,0.344,3.425.393,28.04
9.999,105.848,6,2,3.64,33.411,36.474,6.112,23.621,42.967,43.861,27.584,5.164,82.363,17.284,12,-4.609,-5.677,-5.871,-4.169,0.384,1.52,10.058,-0.129,8.13,4.716,0.346,-4.729,Mango,Clay Loam,0.651,0.297,25.184,7,0.4,1.925.157,27.571
8.896,105.047,6.456,1.456,3.64,39.659,52.233,5.446,31.507,28.835,49.922,28.04,4.45,80.82,17.876,12,-4.45,-5.29,-5.62,-3.24,-0.63,1.27,6.71,0.39,7.95,3.73,3.01,-3.78,Mango,Clay Loam,0.727,0.287,23.01,9,0.345,3.369.025,28.031
9.977,106.188,6.918,2.163,3.64,36.918,31.61,6.108,22.526,40.555,41.798,27.61,5.05,82.34,18.712,12,-4.58,-5.54,-5.71,-4.16,0.46,1.64,10.07,-0.1,7.61,4.57,0.32,-4.63,Mango,Clay Loam,0.653,0.297,24.72,7,0.408,1.933.829,27.596
10.379,106.51,6.542,2.917,3.64,36.529,36.088,6.354,19.408,44.063,38.379,27.829,4.189,80.327,18.06,12,-3.905,-4.639,-4.728,-4.022,0.296,3.108,7.667,0.111,6.296,3.575,-0.104,-3.684,Mango,Clay Loam,0.736,0.299,21.082,7,0.364,1.400.509,27.81
10.467,105.53,7,2.485,3.64,36.439,28.443,5.6,19.488,44.073,36.634,27.74,4.64,80.6,17.9,12,-4.02,-5.17,-5.35,-3.98,0.31,1.52,7.43,-0.41,8.29,5.16,0.33,-4.15,Mango,Clay Loam,0.722,0.296,23.08,9,0.36,3.035.158,27.724
10.351,105.355,6.834,2,3.64,35.884,31.484,5.583,22.949,41.167,37.783,27.768,4.662,80.461,17.9,12,-3.992,-5.17,-5.368,-3.927,0.222,1.351,7.128,-0.385,8.719,5.075,0.42,-4.115,Mango,Clay Loam,0.729,0.29,22.957,9,0.38,3.072.013,27.755
10.873,105.871,6,3,3.64,31.161,28.337,5.405,31.792,36.952,30.235,28.09,3.796,77.679,17.918,12,-3.396,-4.253,-4.382,-3.499,0.045,1.569,4.636,-0.128,6.747,5.529,0.426,-3.344,Mango,Clay Loam,0.848,0.259,19.002,9,0.356,3.457.912,28.07
9.96,105.467,6.85,2.15,3.64,36.785,34.535,5.645,25.51,37.72,37.355,27.52,5.44,82.42,17.03,12,-4.68,-6.01,-6.26,-4.19,0.2,1.23,10.03,-0.2,9.39,5.07,0.41,-4.97,Mango,Clay Loam,0.646,0.284,26.31,7,0.381,2.937.599,27.506
10.135,105.711,6.331,2,3.64,36.638,37.296,6.101,21.564,41.798,45.198,27.52,5.44,82.42,17.9,12,-4.68,-6.01,-6.26,-4.19,0.2,1.23,10.03,-0.2,9.39,5.07,0.41,-4.97,Mango,Clay Loam,0.646,0.304,26.31,7,0.381,1.949.005,27.507
9.78,105.844,6.462,1.462,3.64,36.04,31.916,5.785,27.03,36.884,33.87,27.798,4.964,81.523,17.834,12,-4.408,-5.524,-5.753,-3.794,0.03,1.29,8.581,-0.095,8.97,4.301,0.793,-4.426,Mango,Clay Loam,0.69,0.275,24,9,0.374,2.634.084,27.788
10.621,105.533,6.588,2.824,3.64,35.729,30.129,5.641,20.129,44.141,36.876,27.74,4.64,80.6,17.9,12,-4.02,-5.17,-5.35,-3.98,0.31,1.52,7.43,-0.41,8.29,5.16,0.33,-4.15,Mango,Clay Loam,0.722,0.295,23.08,9,0.36,2.946.271,27.722
10.271,105.159,6,2,3.64,38.584,28.944,5.665,23.689,37.727,34.183,27.927,4.812,80.13,17.9,12,-3.993,-5.289,-5.575,-3.597,-0.262,0.671,6.2,-0.201,10.622,4.448,0.985,-4.048,Mango,Clay Loam,0.748,0.283,22.965,9,0.463,2894.24,27.914
10.689,106.228,6.545,2.091,3.64,40.9,32.336,5.845,20.164,38.982,29.091,27.91,4.33,79.72,18.06,12,-4.03,-4.78,-4.88,-4,0.35,2.61,7.9,-0.29,6.54,4.36,0.01,-3.83,Mango,Clay,0.763,0.284,21.81,7,0.363,2.504.005,27.896
9.972,105.254,6,1,3.64,36.662,33.362,5.494,26.55,36.788,37.443,27.96,4.89,80.82,17.094,12,-4.26,-5.51,-5.79,-3.48,-0.34,0.99,7.3,-0.09,10.14,4.07,1.2,-4.25,Mango,Clay Loam,0.723,0.281,23.72,9,0.428,3.264.963,27.954
9.416,105.778,7,2,3.64,40.811,38.603,5.6,30.513,28.674,42.684,27.58,5.68,82.83,17.03,12,-5.15,-6.22,-6.61,-3.85,-0.17,0.76,10.43,0.35,9.34,6.06,0.59,-5.48,Mango,Clay,0.633,0.28,27.48,7,0.379,3.035.158,27.567
9.599,106.426,7,3.613,3.64,38.271,35.626,6.081,25.874,35.836,35.51,27.739,5.235,82.646,18.77,12,-4.83,-5.806,-6,-3.813,0.339,0.85,10.005,0.642,7.973,5.433,0.336,-5.162,Mango,Clay Loam,0.646,0.28,25.611,7,0.391,1.992.364,27.716
9.958,106.263,6.541,6.867,3.64,40.775,31.532,6.138,22.296,36.975,82.876,27.834,4.844,81.342,18.444,12,-4.495,-5.369,-5.524,-3.854,0.328,1.556,9.03,0.31,7.362,5.052,0.188,-4.62,Mango,Clay,0.698,0.355,23.862,7,0.379,1868.79,27.789
10.379,105.674,6,4.896,3.64,37.478,25.878,5.695,17.583,44.939,32.843,27.74,4.64,80.6,17.9,12,-4.02,-5.17,-5.35,-3.98,0.31,1.52,7.43,-0.41,8.29,5.16,0.33,-4.15,Mango,Clay Loam,0.722,0.296,23.08,9,0.36,2.829.201,27.708
9.644,105.382,6.214,0.214,3.64,34.214,37.285,5.664,27.407,38.379,44.308,27.567,5.629,82.742,17.03,12,-5.05,-6.175,-6.535,-3.923,-0.091,0.86,10.345,0.232,9.351,5.848,0.552,-5.371,Mango,Clay Loam,0.636,0.289,27.145,7,0.38,2.896.408,27.566
10.39,106.077,6.201,6,3.64,39.921,25.88,6.36,19.258,40.901,29.363,27.91,4.33,79.72,18.06,12,-4.03,-4.78,-4.88,-4,0.35,2.61,7.9,-0.29,6.54,4.36,0.01,-3.83,Mango,Clay Loam,0.763,0.287,21.81,7,0.363,1.387.501,27.871
10.365,106.169,7,4,3.64,39.886,26.816,6.326,18.036,42.103,35.44,27.871,4.263,80.01,18.06,12,-3.971,-4.713,-4.808,-4.01,0.324,2.848,7.789,-0.099,6.424,3.985,-0.044,-3.76,Mango,Clay Loam,0.75,0.298,21.405,7,0.364,1.461.212,27.845
10.182,105.886,6.165,2,3.64,36.781,31.698,6.284,19.995,43.224,42.201,27.535,5.376,82.407,17.926,12,-4.664,-5.933,-6.169,-4.185,0.243,1.298,10.037,-0.184,9.097,4.988,0.395,-4.914,Mango,Clay Loam,0.647,0.303,26.049,7,0.385,1.552.267,27.522
9.517,105.265,6.33,1.33,3.64,41.664,32.836,5.665,26.369,32,46.813,27.821,4.958,81.656,17.03,12,-4.62,-5.682,-5.939,-3.56,-0.296,1.478,8.55,0.095,8.667,4.394,1.435,-4.481,Mango,Clay,0.686,0.295,24.578,9,0.352,2894.24,27.812
10.094,105.007,6.757,3.73,3.64,32.789,37.549,5.624,35.654,31.557,46.397,27.966,4.575,80.137,18.179,12,-3.867,-5.109,-5.404,-3.536,-0.31,0.507,5.556,0.005,9.885,4.142,1.763,-3.677,Mango,Clay Loam,0.749,0.273,21.903,9,0.452,2.983.127,27.942
10.455,105.817,7,2.961,3.64,42.8,31.344,6.012,18.852,38.3,37.81,27.828,4.479,80.143,17.983,12,-4.025,-4.967,-5.106,-3.99,0.331,2.086,7.674,-0.348,7.381,4.744,0.164,-3.984,Mango,Clay,0.743,0.3,22.42,7,0.343,2.141.954,27.809
9.366,105.931,6.205,2,3.64,40.664,40.53,5.72,30.269,29.047,39.91,27.731,5.362,82.743,18.414,12,-4.943,-5.942,-6.181,-3.755,0.212,0.68,10.08,0.724,8.322,5.726,0.391,-5.329,Mango,Clay,0.642,0.276,26.15,7,0.386,2.775.002,27.718
9.706,104.984,6.122,0.122,3.64,39.579,45.017,5.312,25.828,34.594,52.542,27.97,4.72,81.28,17.934,12,-4.59,-5.52,-5.78,-3.25,-0.54,1.6,7.82,0.24,8.31,4.06,1.94,-4.24,Mango,Clay Loam,0.706,0.304,23.92,9,0.347,3.659.533,27.969
10.519,105.061,6,2,3.64,34.666,34.408,5.8,25.885,39.348,42.29,27.91,4.77,79.76,17.941,12,-3.85,-5.17,-5.46,-3.66,-0.22,0.5,5.61,-0.26,10.88,4.65,0.87,-3.94,Mango,Clay Loam,0.761,0.29,22.56,9,0.483,2.601.564,27.897
9.728,106.063,6.129,5.777,3.64,33.228,36.642,6,30.031,36.741,67.732,27.631,5.08,82.389,18.77,12,-4.62,-5.583,-5.757,-4.104,0.441,1.513,10.06,0.019,7.668,4.708,0.323,-4.715,Mango,Clay Loam,0.652,0.316,24.779,7,0.407,2167.97,27.593
8.944,104.849,6,2,3.64,36.896,54.387,5.472,32.654,30.451,49.066,28.064,4.335,80.937,17.984,12,-4.323,-5.202,-5.527,-3.219,-0.62,1.093,6.395,0.495,7.673,3.451,3.375,-3.56,Mango,Clay Loam,0.723,0.284,22.451,9,0.341,3.312.658,28.051
10.213,105.114,6,2,3.64,39.82,27.955,5.545,23.141,37.039,38.746,27.96,4.89,80.82,17.9,12,-4.26,-5.51,-5.79,-3.48,-0.34,0.99,7.3,-0.09,10.14,4.07,1.2,-4.25,Mango,Clay Loam,0.723,0.291,23.72,9,0.428,3.154.396,27.947
8.96,105.306,6.985,3.045,3.64,38.784,39.867,5.405,29.093,32.123,48.262,28.042,4.443,80.827,17.99,12,-4.442,-5.284,-5.614,-3.239,-0.629,1.259,6.69,0.397,7.933,3.712,3.033,-3.766,Mango,Clay Loam,0.727,0.291,22.974,9,0.345,3.457.912,28.022
10.408,106.211,7,5.316,3.64,39.663,34.318,6.232,21.754,38.56,50.402,27.949,4.189,79.259,18.06,12,-3.923,-4.62,-4.709,-3.913,0.293,2.667,7.414,-0.217,6.335,4.426,-0.072,-3.705,Mango,Clay Loam,0.782,0.311,21.159,7,0.351,1.665.001,27.914
9.554,106.07,6,2,3.64,37.357,41.978,5.989,26.019,36.527,56.894,27.775,5.265,82.681,18.723,12,-4.882,-5.86,-6.062,-3.717,0.287,0.686,9.931,0.804,8.067,5.597,0.383,-5.261,Mango,Clay Loam,0.646,0.31,25.782,7,0.386,2.191.818,27.762
10.36,105.092,6.935,2.13,3.64,33.198,35.339,5.252,25.141,41.661,44.222,27.899,4.762,79.815,17.9,12,-3.861,-5.17,-5.453,-3.681,-0.185,0.567,5.729,-0.27,10.711,4.683,0.835,-3.954,Mango,Clay Loam,0.759,0.294,22.574,9,0.476,3.789.612,27.885
9.996,105.291,6.464,2.856,3.64,33.165,42.651,5.939,29.114,37.721,66.644,28.098,4.755,80.882,18.486,12,-4.215,-5.358,-5.538,-3.817,0.106,1.468,8.21,-0.159,8.495,3.916,1.022,-4.153,Mango,Clay Loam,0.727,0.316,23.24,9,0.366,2.300.216,28.079
10.468,104.631,6.909,2,3.64,30.218,47.527,5.418,27.754,42.119,47.964,28.02,4.28,79.32,18.24,12,-3.59,-4.73,-4.96,-3.39,-0.31,0.74,4.69,-0.22,9.83,4.01,1.31,-3.42,Mango,Clay Loam,0.783,0.293,20.62,9,0.478,3.429.729,28.007
8.878,104.937,6.461,2,3.64,34.324,48.892,5.562,33.538,32.084,53.307,28.086,4.229,81.046,17.912,12,-4.206,-5.119,-5.44,-3.198,-0.612,0.929,6.101,0.593,7.415,3.19,3.716,-3.356,Mango,Clay Loam,0.72,0.287,21.931,9,0.338,3.117.541,28.073
10.021,106.24,6,7.507,3.64,34.3,28.699,6.15,20.462,45.288,42.951,27.61,5.05,82.34,18.417,12,-4.58,-5.54,-5.71,-4.16,0.46,1.64,10.07,-0.1,7.61,4.57,0.32,-4.63,Mango,Clay Loam,0.653,0.303,24.72,7,0.408,1.842.774,27.561
10.512,105.081,6.105,2,3.64,33.816,35.926,5.916,26.452,39.732,42.39,27.91,4.77,79.76,17.9,12,-3.85,-5.17,-5.46,-3.66,-0.22,0.5,5.61,-0.26,10.88,4.65,0.87,-3.94,Mango,Clay Loam,0.761,0.289,22.56,9,0.483,2.350.079,27.897
10.862,104.993,6.343,3.314,3.64,34.66,35.749,5.497,25,40.34,37.655,28.16,3.9,76.87,18.24,12,-3.21,-4.25,-4.47,-3.37,-0.26,0.68,3.27,0.33,8.7,4.94,0.85,-3.21,Mango,Clay Loam,0.882,0.285,18.77,9,0.464,3.258.459,28.138
10.082,105.537,6.822,6.288,3.64,33.871,28.987,5.836,24.02,42.109,37.322,27.52,5.44,82.42,17.9,12,-4.68,-6.01,-6.26,-4.19,0.2,1.23,10.03,-0.2,9.39,5.07,0.41,-4.97,Mango,Clay Loam,0.646,0.287,26.31,7,0.381,2.523.517,27.479
9.54,106.065,7,1.62,3.64,40.233,42.066,6.024,26.182,33.648,41.408,27.698,5.432,82.762,18.108,12,-4.989,-6.003,-6.275,-3.776,0.127,0.698,10.157,0.641,8.547,5.8,0.435,-5.362,Mango,Clay,0.64,0.288,26.405,7,0.385,2.115.939,27.687
10.138,105.781,6,2,3.64,36.604,36.767,6.278,21.671,41.724,44.922,27.54,5.352,82.402,17.705,12,-4.658,-5.905,-6.137,-4.183,0.258,1.322,10.039,-0.178,8.991,4.958,0.39,-4.894,Mango,Clay Loam,0.648,0.303,25.955,7,0.387,1.565.274,27.527
9.101,104.928,6.036,2,3.64,36.308,47.657,5.689,32.196,31.396,51.664,28.04,4.45,80.82,18.058,12,-4.45,-5.29,-5.62,-3.24,-0.63,1.27,6.71,0.39,7.95,3.73,3.01,-3.78,Mango,Clay Loam,0.727,0.288,23.01,9,0.345,2.842.209,28.027
10.124,105.091,6.796,2,3.64,38.406,25.113,5.52,25.472,36.122,36.622,27.96,4.89,80.82,17.9,12,-4.26,-5.51,-5.79,-3.48,-0.34,0.99,7.3,-0.09,10.14,4.07,1.2,-4.25,Mango,Clay Loam,0.723,0.283,23.72,9,0.428,3.208.596,27.947
9.782,105.294,6.477,1,3.64,35.491,31.309,5.648,27.638,36.871,34.549,27.96,4.89,80.82,17.03,12,-4.26,-5.51,-5.79,-3.48,-0.34,0.99,7.3,-0.09,10.14,4.07,1.2,-4.25,Mango,Clay Loam,0.723,0.275,23.72,9,0.428,2.931.095,27.954
9.755,106.213,7,2.574,3.64,37.628,32.854,6.171,27.713,34.659,43.367,27.724,5.214,82.611,18.77,12,-4.801,-5.775,-5.967,-3.853,0.353,0.941,10.013,0.556,7.931,5.333,0.334,-5.1,Mango,Clay Loam,0.647,0.287,25.496,7,0.393,1.797.247,27.707
9.289,105.949,6.793,2,3.64,39.014,41.029,5.976,33.083,28.004,43.134,27.847,5.009,82.428,18.608,12,-4.689,-5.673,-5.896,-3.61,0.124,0.633,9.037,0.822,7.797,5.002,1.21,-4.787,Mango,Clay Loam,0.658,0.274,24.655,7,0.367,2.220.001,27.834
9.006,105.06,6,1.155,3.64,38.158,48.984,5.4,30.298,31.602,45.072,28.04,4.45,80.82,17.436,12,-4.45,-5.29,-5.62,-3.24,-0.63,1.27,6.71,0.39,7.95,3.73,3.01,-3.78,Mango,Clay Loam,0.727,0.283,23.01,9,0.345,3.468.752,28.032
10.633,104.739,7,45.31,3.64,31.75,33.621,5.673,39.306,28.944,40.858,27.98,4.459,79.481,18.24,12,-3.685,-4.891,-5.143,-3.489,-0.277,0.652,5.026,-0.235,10.214,4.244,1.149,-3.61,Mango,Clay Loam,0.775,0.257,21.33,9,0.48,2.876.896,27.685
10.178,105.263,7,1.202,3.64,37.521,29.916,5.64,22.696,39.783,35.496,27.95,4.866,80.606,17.9,12,-4.177,-5.441,-5.723,-3.516,-0.316,0.891,6.958,-0.124,10.29,4.187,1.133,-4.187,Mango,Clay Loam,0.731,0.287,23.484,9,0.439,2.948.439,27.942
9.66,105.376,6.396,1.188,3.64,35.584,36.764,5.679,26.27,38.146,44.896,27.556,5.585,82.668,17.03,12,-4.964,-6.137,-6.471,-3.985,-0.023,0.946,10.272,0.132,9.36,5.668,0.519,-5.278,Mango,Clay Loam,0.638,0.292,26.858,7,0.382,2.863.888,27.548
10.038,105.692,6.915,2,3.64,35.308,38.508,5.742,22.283,42.408,45.622,27.52,5.44,82.42,17.9,12,-4.68,-6.01,-6.26,-4.19,0.2,1.23,10.03,-0.2,9.39,5.07,0.41,-4.97,Mango,Clay Loam,0.646,0.303,26.31,7,0.381,2.727.306,27.507
9.782,105.294,6.467,1,3.64,35.487,31.313,5.647,27.633,36.88,34.527,27.96,4.89,80.82,17.03,12,-4.26,-5.51,-5.79,-3.48,-0.34,0.99,7.3,-0.09,10.14,4.07,1.2,-4.25,Mango,Clay Loam,0.723,0.275,23.72,9,0.428,2.933.263,27.954
10.16,106.228,6.158,5.368,3.64,34.669,29.042,6.105,17.921,47.495,41.91,27.631,4.985,82.065,18.035,12,-4.492,-5.482,-5.653,-4.132,0.436,1.621,9.653,-0.149,7.717,4.663,0.322,-4.554,Mango,Clay Loam,0.664,0.307,24.462,7,0.395,1.940.333,27.596
10.282,105.225,7,1.304,3.64,34.918,27.226,5.622,24.33,40.682,33.7,27.893,4.814,80.753,17.9,12,-4.187,-5.407,-5.656,-3.632,-0.142,1.151,7.34,-0.187,9.577,4.401,0.935,-4.22,Mango,Clay Loam,0.723,0.281,23.431,9,0.409,2.987.463,27.885
10.18,105.119,6.793,1.207,3.64,35.079,27.314,5.5,24.693,40.128,33.183,27.95,4.865,80.601,17.9,12,-4.175,-5.44,-5.722,-3.517,-0.315,0.889,6.951,-0.125,10.293,4.19,1.132,-4.186,Mango,Clay Loam,0.731,0.28,23.48,9,0.439,3.251.955,27.942
10.339,105.589,7,2,3.64,41.452,32.696,5.737,16.343,42.205,32.537,27.74,4.64,80.6,17.9,12,-4.02,-5.17,-5.35,-3.98,0.31,1.52,7.43,-0.41,8.29,5.16,0.33,-4.15,Mango,Clay,0.722,0.298,23.08,9,0.36,2.738.146,27.727
10.565,105.458,6.143,3.714,3.64,35.329,30.743,5.686,21.757,42.914,36,27.74,4.64,80.6,17.9,12,-4.02,-5.17,-5.35,-3.98,0.31,1.52,7.43,-0.41,8.29,5.16,0.33,-4.15,Mango,Clay Loam,0.722,0.29,23.08,9,0.36,2.848.713,27.716
10.766,106.187,6.094,2,3.64,39.447,31.353,5.591,17.641,42.913,38.941,28.082,3.713,77.687,18.045,12,-3.542,-4.091,-4.148,-3.608,0.096,2.745,5.658,0.016,5.722,4.737,-0.28,-3.283,Mango,Clay Loam,0.847,0.304,18.952,9,0.302,3054.67,28.069
10.141,105.232,6.723,5,3.64,34.642,31.237,5.928,27.274,38.085,64.166,27.827,4.848,80.474,18.387,12,-4.052,-5.272,-5.529,-3.798,-0.032,0.816,6.845,-0.216,9.975,4.628,0.718,-4.131,Mango,Clay Loam,0.731,0.317,23.03,9,0.434,2.324.064,27.795
10.345,105.039,6,3.967,3.64,35.626,33.242,5.403,24.408,39.964,42.464,27.911,4.772,79.777,17.906,12,-3.857,-5.176,-5.465,-3.657,-0.222,0.508,5.638,-0.257,10.868,4.64,0.875,-3.945,Mango,Clay Loam,0.76,0.293,22.579,9,0.482,3.462.248,27.885
9.658,105.462,6.141,0.141,3.64,34.183,36.778,5.67,27.258,38.559,44.416,27.584,5.591,82.761,17.152,12,-5.07,-6.124,-6.483,-3.894,-0.081,0.884,10.379,0.287,9.097,5.85,0.552,-5.36,Mango,Clay Loam,0.636,0.289,27.012,7,0.384,2883.4,27.583
10.669,105.717,6.202,2,3.64,41.579,31.843,5.461,19.82,38.681,36.284,27.74,4.64,80.6,17.9,12,-4.02,-5.17,-5.35,-3.98,0.31,1.52,7.43,-0.41,8.29,5.16,0.33,-4.15,Mango,Clay,0.722,0.295,23.08,9,0.36,3.336.506,27.727
10.506,105.076,6.184,2,3.64,34.732,34.484,5.689,25.445,39.742,42.124,27.91,4.77,79.76,17.9,12,-3.85,-5.17,-5.46,-3.66,-0.22,0.5,5.61,-0.26,10.88,4.65,0.87,-3.94,Mango,Clay Loam,0.761,0.29,22.56,9,0.483,2.842.209,27.897
10.643,105.583,6.894,2.106,3.64,35.941,29.387,5.589,19.344,44.715,37.785,27.74,4.64,80.6,17.9,12,-4.02,-5.17,-5.35,-3.98,0.31,1.52,7.43,-0.41,8.29,5.16,0.33,-4.15,Mango,Clay Loam,0.722,0.298,23.08,9,0.36,3.059.006,27.726
10.311,104.69,7,2.309,3.64,30.391,45.477,5.8,27.615,42.059,55.87,28.121,4.677,79.712,18.24,12,-3.867,-5.18,-5.436,-3.612,-0.213,0.783,5.952,-0.243,10.32,4.201,1.133,-3.871,Mango,Clay Loam,0.772,0.305,22.422,9,0.461,2.601.564,28.106
10.177,106.462,6.848,2,3.64,37.928,32.639,6.215,21.726,40.346,41.67,27.656,4.94,81.941,18.06,12,-4.496,-5.424,-5.584,-4.136,0.443,1.788,9.74,-0.129,7.447,4.538,0.273,-4.508,Mango,Clay Loam,0.669,0.298,24.277,7,0.402,1.701.856,27.643
10.407,105.695,6.44,2.56,3.64,36.504,26.74,5.688,18.24,45.256,32.329,27.74,4.64,80.6,17.9,12,-4.02,-5.17,-5.35,-3.98,0.31,1.52,7.43,-0.41,8.29,5.16,0.33,-4.15,Mango,Clay Loam,0.722,0.293,23.08,9,0.36,2.844.377,27.723
10.627,105.644,6.385,2,3.64,41.469,32.154,5.515,19.838,38.754,36.631,27.74,4.64,80.6,17.9,12,-4.02,-5.17,-5.35,-3.98,0.31,1.52,7.43,-0.41,8.29,5.16,0.33,-4.15,Mango,Clay,0.722,0.296,23.08,9,0.36,3.219.435,27.727
10.821,106.184,6.083,3.917,3.64,39.117,30.642,5.525,19.792,41.091,30.566,28.066,3.762,77.869,18.06,12,-3.599,-4.138,-4.193,-3.652,0.121,2.839,5.948,0.003,5.715,4.626,-0.32,-3.326,Mango,Clay Loam,0.84,0.287,19.228,7,0.309,3.197.756,28.041
9.496,105.123,6,0.882,3.64,37.435,38.847,5.476,25.047,37.518,49.906,27.97,4.72,81.28,17.151,12,-4.59,-5.52,-5.78,-3.25,-0.54,1.6,7.82,0.24,8.31,4.06,1.94,-4.24,Mango,Clay Loam,0.706,0.302,23.92,9,0.347,3.303.986,27.964
9.297,105.961,6.804,2,3.64,39.023,40.986,5.982,33.079,27.998,43.173,27.843,5.023,82.443,18.617,12,-4.699,-5.683,-5.905,-3.616,0.133,0.634,9.087,0.822,7.811,5.035,1.165,-4.813,Mango,Clay Loam,0.658,0.274,24.716,7,0.368,2.206.993,27.83
10.036,106.283,6,2,3.64,35.19,37.742,6.249,22.607,42.203,46.831,27.753,4.812,82.568,17.54,12,-4.347,-5.347,-5.492,-4.031,0.44,1.571,9.254,0.182,7.605,4.135,0.523,-4.491,Mango,Clay Loam,0.65,0.304,23.708,7,0.39,1.628.145,27.74
10.393,106.024,7,4.066,3.64,40.303,27.057,6.297,17.707,41.99,34.875,27.91,4.33,79.72,18.06,12,-4.03,-4.78,-4.88,-4,0.35,2.61,7.9,-0.29,6.54,4.36,0.01,-3.83,Mango,Clay,0.763,0.298,21.81,7,0.363,1.524.083,27.884
10.459,105.067,6,2.836,3.64,35.309,33.882,5.633,25.04,39.592,41.992,27.91,4.77,79.76,17.9,12,-3.85,-5.17,-5.46,-3.66,-0.22,0.5,5.61,-0.26,10.88,4.65,0.87,-3.94,Mango,Clay Loam,0.761,0.291,22.56,9,0.483,2.963.615,27.892
10.526,104.947,7,3,3.64,33.37,37.425,5.598,35.749,30.881,44.456,27.91,4.77,79.76,18.24,12,-3.85,-5.17,-5.46,-3.66,-0.22,0.5,5.61,-0.26,10.88,4.65,0.87,-3.94,Mango,Clay Loam,0.761,0.27,22.56,9,0.483,3.039.494,27.89
8.904,104.959,6.332,2.668,3.64,39.637,47.303,5.433,31.129,29.268,47.269,28.04,4.45,80.82,17.74,12,-4.45,-5.29,-5.62,-3.24,-0.63,1.27,6.71,0.39,7.95,3.73,3.01,-3.78,Mango,Clay Loam,0.727,0.285,23.01,9,0.345,3.397.209,28.023
10.432,105.805,6,3.269,3.64,40.956,32.194,5.963,17.152,41.956,35.983,27.802,4.527,80.279,17.958,12,-4.024,-5.028,-5.178,-3.987,0.325,1.918,7.602,-0.366,7.651,4.868,0.213,-4.033,Mango,Clay,0.737,0.301,22.616,9,0.339,2.248.185,27.781
9.151,105.315,6,0.332,3.64,41.385,36.099,5.433,30.616,27.983,40,27.995,4.588,81.135,17.319,12,-4.523,-5.386,-5.695,-3.321,-0.474,1.169,7.254,0.461,7.968,4.047,2.567,-4.031,Mango,Clay,0.713,0.276,23.43,9,0.34,3.397.209,27.993
10.655,105.828,6.118,2,3.64,41.57,31.689,5.494,19.859,38.659,35.924,27.725,4.688,80.805,17.919,12,-4.086,-5.214,-5.393,-4.001,0.328,1.534,7.742,-0.373,8.21,5.09,0.329,-4.207,Mango,Clay,0.714,0.295,23.274,9,0.353,3.264.963,27.712
9.763,105.058,7,1,3.64,36.756,41.985,5.3,25.144,38.058,46.89,27.964,4.817,81.017,17.03,12,-4.401,-5.514,-5.786,-3.382,-0.425,1.251,7.522,0.051,9.358,4.066,1.516,-4.246,Mango,Clay Loam,0.716,0.298,23.754,9,0.394,3.685.549,27.958
9.086,104.941,7,1.162,3.64,37.533,48.016,5.751,32.894,29.573,54.502,28.04,4.45,80.82,18.008,12,-4.45,-5.29,-5.62,-3.24,-0.63,1.27,6.71,0.39,7.95,3.73,3.01,-3.78,Mango,Clay Loam,0.727,0.291,23.01,9,0.345,2.707.795,28.032
10.728,106.034,6.013,3.987,3.64,41.88,33.758,5.609,17.029,41.091,29.429,27.91,4.33,79.72,18.06,12,-4.03,-4.78,-4.88,-4,0.35,2.61,7.9,-0.29,6.54,4.36,0.01,-3.83,Mango,Clay,0.763,0.292,21.81,7,0.363,3.015.646,27.884
10.472,104.934,6.44,94.359,3.64,32.28,38.28,5.744,38.996,28.78,46.977,27.91,4.77,79.76,18.24,12,-3.85,-5.17,-5.46,-3.66,-0.22,0.5,5.61,-0.26,10.88,4.65,0.87,-3.94,Mango,Clay Loam,0.761,0.266,22.56,9,0.483,2722.97,27.297
9.128,105.731,6.473,13.055,3.64,36.39,37.825,5.758,30.995,32.614,65.181,27.945,4.661,82.054,18.401,12,-4.432,-5.421,-5.673,-3.456,-0.115,0.599,7.816,0.825,7.46,4.184,2.325,-4.142,Mango,Clay Loam,0.676,0.31,23.239,7,0.337,2.692.619,27.86
10.736,106.455,6,2.719,3.64,41.631,29.344,5.9,21.681,36.716,24.428,27.958,4.156,79.153,18.06,12,-3.898,-4.584,-4.67,-3.893,0.28,2.68,7.302,-0.2,6.287,4.441,-0.091,-3.676,Mango,Clay,0.786,0.274,21.012,7,0.348,2.384.767,27.94
10.602,106.467,7,2,3.64,40.607,30.685,5.922,23.109,36.284,27.061,27.894,4.301,79.843,18.06,12,-4.005,-4.751,-4.849,-4.004,0.339,2.711,7.853,-0.209,6.491,4.201,-0.013,-3.8,Mango,Clay,0.757,0.275,21.631,7,0.364,2.337.072,27.881
8.852,104.849,7,2,3.64,41.26,46.229,5.5,33.009,25.638,51.36,28.04,4.45,80.82,17.74,12,-4.45,-5.29,-5.62,-3.24,-0.63,1.27,6.71,0.39,7.95,3.73,3.01,-3.78,Mango,Clay,0.727,0.286,23.01,9,0.345,3.251.955,28.027
9.428,105.809,7,2,3.64,40.132,38.646,5.6,30.731,29.09,43.275,27.58,5.68,82.83,17.03,12,-5.15,-6.22,-6.61,-3.85,-0.17,0.76,10.43,0.35,9.34,6.06,0.59,-5.48,Mango,Clay,0.633,0.28,27.48,7,0.379,3.035.158,27.567
9.007,104.851,6.187,2,3.64,37.55,53.557,5.419,31.938,30.513,49.681,28.04,4.45,80.82,18,12,-4.45,-5.29,-5.62,-3.24,-0.63,1.27,6.71,0.39,7.95,3.73,3.01,-3.78,Mango,Clay Loam,0.727,0.286,23.01,9,0.345,3.427.561,28.027
10.327,105.662,7,2.142,3.64,40.601,29.859,5.685,17.598,41.787,32.131,27.74,4.64,80.6,17.9,12,-4.02,-5.17,-5.35,-3.98,0.31,1.52,7.43,-0.41,8.29,5.16,0.33,-4.15,Mango,Clay,0.722,0.295,23.08,9,0.36,2.850.881,27.726
9.603,105.153,7,1.362,3.64,35.174,41.663,5.482,28.16,36.666,42.692,27.946,4.832,81.571,17.03,12,-4.702,-5.6,-5.899,-3.241,-0.497,1.401,8.052,0.368,8.328,4.503,1.783,-4.459,Mango,Clay Loam,0.694,0.285,24.398,9,0.341,3.290.978,27.937
9.703,105.892,6.541,4,3.64,37.146,37.924,5.954,28.161,34.693,56.79,27.635,5.367,82.558,17.829,12,-4.776,-5.946,-6.173,-3.979,0.251,0.968,10.012,0.268,8.779,5.332,0.378,-5.117,Mango,Clay Loam,0.645,0.305,25.991,7,0.385,2.267.697,27.609
9.53,105.177,7,1.58,3.64,34.978,41.761,5.471,28.617,36.405,42.507,27.932,4.9,81.747,17.03,12,-4.77,-5.647,-5.971,-3.236,-0.47,1.281,8.191,0.446,8.339,4.77,1.688,-4.591,Mango,Clay Loam,0.687,0.284,24.685,9,0.337,3.314.826,27.922
10.547,105.424,6.314,4.314,3.64,34.149,24.446,5.563,23.243,42.608,33.926,27.74,4.64,80.6,17.9,12,-4.02,-5.17,-5.35,-3.98,0.31,1.52,7.43,-0.41,8.29,5.16,0.33,-4.15,Mango,Clay Loam,0.722,0.284,23.08,9,0.36,3.115.373,27.712
8.879,104.895,6.529,1.471,3.64,37.616,49.186,5.594,32.147,30.189,54.667,28.093,4.196,81.079,17.891,12,-4.17,-5.094,-5.414,-3.192,-0.609,0.879,6.012,0.623,7.337,3.111,3.819,-3.293,Mango,Clay Loam,0.719,0.293,21.772,9,0.337,3.048.166,28.083
10.013,106.179,6,4.892,3.64,35.679,30.225,6.182,21.968,42.354,39.256,27.61,5.05,82.34,18.187,12,-4.58,-5.54,-5.71,-4.16,0.46,1.64,10.07,-0.1,7.61,4.57,0.32,-4.63,Mango,Clay Loam,0.653,0.294,24.72,7,0.408,1.773.399,27.578
10.562,105.003,6.541,52.711,3.64,26.398,30.39,5.908,45.273,28.276,41.564,27.91,4.77,79.76,18.084,12,-3.85,-5.17,-5.46,-3.66,-0.22,0.5,5.61,-0.26,10.88,4.65,0.87,-3.94,Mango,Loam,0.761,0.244,22.56,9,0.483,2.367.423,27.567
10.131,105.006,6,2,3.64,37.272,30.587,5.6,24.721,37.907,44.583,27.96,4.89,80.82,18.118,12,-4.26,-5.51,-5.79,-3.48,-0.34,0.99,7.3,-0.09,10.14,4.07,1.2,-4.25,Mango,Clay Loam,0.723,0.296,23.72,9,0.428,3.035.158,27.947
9.661,105.952,6,4,3.64,36.795,40.409,6.001,28.381,34.823,54.184,27.644,5.361,82.568,17.89,12,-4.784,-5.941,-6.166,-3.963,0.254,0.948,10.01,0.304,8.733,5.352,0.375,-5.128,Mango,Clay Loam,0.645,0.301,25.982,7,0.385,2.165.802,27.618
10.802,105.726,6.172,3,3.64,38.631,29.81,5.5,19.526,41.842,36.012,28.1,3.74,77.56,17.9,12,-3.37,-4.2,-4.32,-3.49,0.06,1.63,4.58,-0.12,6.51,5.58,0.4,-3.31,Mango,Clay Loam,0.853,0.296,18.81,9,0.347,3.251.955,28.08
9.736,105.804,6.335,3.665,3.64,38.3,29.7,5.9,25.434,36.266,42.975,27.56,5.6,82.693,17.03,12,-4.992,-6.15,-6.493,-3.964,-0.046,0.918,10.296,0.166,9.357,5.728,0.53,-5.309,Mango,Clay Loam,0.638,0.292,26.954,7,0.381,2.384.767,27.536
9.951,105.726,6,5.652,3.64,32.599,37.069,5.852,27.709,39.692,51.891,27.52,5.44,82.42,17.03,12,-4.68,-6.01,-6.26,-4.19,0.2,1.23,10.03,-0.2,9.39,5.07,0.41,-4.97,Mango,Clay Loam,0.646,0.299,26.31,7,0.381,2488.83,27.483
10.632,106.443,6.288,2.712,3.64,37.339,32.041,6.014,24.453,38.208,27.898,27.91,4.33,79.72,18.06,12,-4.03,-4.78,-4.88,-4,0.35,2.61,7.9,-0.29,6.54,4.36,0.01,-3.83,Mango,Clay Loam,0.763,0.273,21.81,7,0.363,2.137.618,27.892
10.302,105.391,7,1.826,3.64,36.326,31.374,5.6,22.77,40.904,37.469,27.778,4.684,80.638,17.9,12,-4.062,-5.229,-5.427,-3.893,0.197,1.428,7.407,-0.354,8.612,4.97,0.481,-4.167,Mango,Clay Loam,0.722,0.29,23.132,9,0.373,3.035.158,27.766
10.524,105.573,7,2.101,3.64,35.271,25.471,5.51,20.17,44.559,35.77,27.74,4.64,80.6,17.9,12,-4.02,-5.17,-5.35,-3.98,0.31,1.52,7.43,-0.41,8.29,5.16,0.33,-4.15,Mango,Clay Loam,0.722,0.294,23.08,9,0.36,3.230.275,27.726
10.568,105.119,7,2,3.64,35.288,29.38,5.548,21.82,42.892,33.136,27.91,4.77,79.76,17.9,12,-3.85,-5.17,-5.46,-3.66,-0.22,0.5,5.61,-0.26,10.88,4.65,0.87,-3.94,Mango,Clay Loam,0.761,0.286,22.56,9,0.483,3.147.892,27.897
10.652,105.197,6,3.716,3.64,37.428,26.883,5.843,21.215,41.342,40.355,27.91,4.77,79.76,17.9,12,-3.85,-5.17,-5.46,-3.66,-0.22,0.5,5.61,-0.26,10.88,4.65,0.87,-3.94,Mango,Clay Loam,0.761,0.298,22.56,9,0.483,2.508.341,27.886
9.35,105.392,7,1.696,3.64,35.591,46.834,5.465,28.992,35.417,39.148,27.67,5.562,82.851,17.03,12,-5.171,-6.13,-6.551,-3.624,-0.215,0.67,9.967,0.559,9.016,6.217,0.757,-5.47,Mango,Clay Loam,0.636,0.278,27.161,7,0.367,3.327.834,27.659
10.367,105.309,7,2,3.64,41.979,32.65,5.7,19.9,38.121,39.999,27.833,4.711,80.138,17.9,12,-3.927,-5.17,-5.41,-3.804,0.019,0.959,6.43,-0.328,9.714,4.88,0.627,-4.035,Mango,Clay,0.744,0.3,22.674,9,0.429,2.818.361,27.82
10.642,105.964,6,2,3.64,37.85,32.801,5.9,18.474,43.651,33.327,27.91,4.33,79.72,17.9,12,-4.03,-4.78,-4.88,-4,0.35,2.61,7.9,-0.29,6.54,4.36,0.01,-3.83,Mango,Clay Loam,0.763,0.294,21.81,7,0.363,2.384.767,27.897
10.436,106.499,6.349,2,3.64,39.388,33.435,6.365,18.391,42.221,37.998,27.812,4.161,80.449,18.06,12,-3.88,-4.611,-4.698,-4.026,0.285,3.209,7.62,0.192,6.247,3.416,-0.127,-3.654,Mango,Clay Loam,0.731,0.301,20.996,7,0.363,1.376.661,27.799
10.608,106.213,7,2.621,3.64,40.537,31.542,5.762,17.125,42.338,24.843,27.91,4.33,79.72,18.06,12,-4.03,-4.78,-4.88,-4,0.35,2.61,7.9,-0.29,6.54,4.36,0.01,-3.83,Mango,Clay,0.763,0.285,21.81,7,0.363,2.683.947,27.893
10.104,105.937,6,3.295,3.64,35.718,30.882,6.13,21.7,42.582,37.836,27.656,4.906,81.727,18.004,12,-4.383,-5.41,-5.583,-4.097,0.407,1.598,9.14,-0.209,7.85,4.778,0.324,-4.461,Mango,Clay Loam,0.677,0.293,24.143,7,0.379,1.886.134,27.635
9.609,106.244,7,3.11,3.64,40.946,27.174,6.152,24.465,34.589,35.151,27.77,5.28,82.72,18.77,12,-4.89,-5.87,-6.07,-3.73,0.31,0.66,9.99,0.82,8.06,5.64,0.34,-5.29,Mango,Clay,0.644,0.283,25.85,7,0.387,1.838.439,27.75
10.655,106.512,6.471,2.471,3.64,38.925,30.289,6.194,21.573,39.501,33.339,27.81,4.034,79.244,18.06,12,-3.792,-4.41,-4.473,-3.894,0.255,3.477,7.155,0.355,5.853,3.646,-0.688,-3.481,Mango,Clay Loam,0.776,0.287,20.738,7,0.345,1.747.384,27.794
10.76,106.253,6,2.021,3.64,39.679,31.09,5.598,17.536,42.785,38.733,28.08,3.711,77.697,18.057,12,-3.556,-4.083,-4.134,-3.617,0.099,2.834,5.745,0.027,5.658,4.669,-0.334,-3.281,Mango,Clay Loam,0.847,0.304,19.005,7,0.302,3.039.494,28.067
10.651,105.517,6,2.366,3.64,35.424,25.646,5.563,21.971,42.605,37.105,27.74,4.64,80.6,17.9,12,-4.02,-5.17,-5.35,-3.98,0.31,1.52,7.43,-0.41,8.29,5.16,0.33,-4.15,Mango,Clay Loam,0.722,0.291,23.08,9,0.36,3.115.373,27.725
10.013,106.12,6,8.369,3.64,34.591,28.424,6.151,22.859,42.549,43.453,27.648,4.959,82.009,18.68,12,-4.511,-5.444,-5.605,-4.14,0.446,1.762,9.796,-0.124,7.475,4.543,0.281,-4.529,Mango,Clay Loam,0.666,0.298,24.353,7,0.403,1.840.607,27.594
9.7,105.724,7,1.324,3.64,41.727,31.962,5.932,25.224,33.082,45.285,27.561,5.602,82.697,17.03,12,-4.998,-6.152,-6.497,-3.96,-0.05,0.912,10.3,0.172,9.356,5.739,0.532,-5.315,Mango,Clay,0.638,0.295,26.972,7,0.381,2.315.392,27.552
10.499,105.469,6.325,3.675,3.64,35.72,29.43,5.667,21.047,43.233,35.635,27.74,4.64,80.6,17.9,12,-4.02,-5.17,-5.35,-3.98,0.31,1.52,7.43,-0.41,8.29,5.16,0.33,-4.15,Mango,Clay Loam,0.722,0.291,23.08,9,0.36,2.889.904,27.716
10.296,105.313,6,2,3.64,41.139,28.716,5.6,22.312,36.518,36.621,27.809,4.718,80.669,17.9,12,-4.095,-5.277,-5.488,-3.823,0.106,1.354,7.389,-0.31,8.87,4.818,0.603,-4.181,Mango,Clay,0.723,0.29,23.174,9,0.383,3.035.158,27.796
10.631,105.193,6,3.861,3.64,37.581,26.604,5.779,21.484,40.935,40.007,27.913,4.778,79.834,17.9,12,-3.879,-5.194,-5.483,-3.647,-0.228,0.534,5.728,-0.248,10.828,4.61,0.893,-3.962,Mango,Clay Loam,0.758,0.297,22.641,9,0.479,2.647.091,27.888
9.593,106.298,6.825,9.951,3.64,37.681,31.494,6,26.969,35.35,84.568,27.742,5.24,82.654,18.77,12,-4.836,-5.812,-6.007,-3.805,0.336,0.831,10.004,0.659,7.981,5.453,0.337,-5.175,Mango,Clay Loam,0.646,0.346,25.635,7,0.391,2167.97,27.677
10.59,105.567,7,2.144,3.64,35.158,25.473,5.514,19.926,44.902,36.089,27.792,4.51,80.161,17.9,12,-3.926,-5.03,-5.201,-3.909,0.274,1.536,7.019,-0.368,8.033,5.221,0.34,-4.029,Mango,Clay Loam,0.741,0.295,22.463,9,0.358,3.221.603,27.778
10.839,104.86,7,5,3.64,32.096,32.863,5.191,32.123,35.782,24.886,28.16,3.9,76.87,18.24,12,-3.21,-4.25,-4.47,-3.37,-0.26,0.68,3.27,0.33,8.7,4.94,0.85,-3.21,Mango,Clay Loam,0.882,0.251,18.77,9,0.464,3.921.858,28.128
10.222,105.25,6,2,3.64,42.312,30.5,5.6,21.786,35.819,37.418,27.96,4.89,80.82,17.9,12,-4.26,-5.51,-5.79,-3.48,-0.34,0.99,7.3,-0.09,10.14,4.07,1.2,-4.25,Mango,Clay,0.723,0.292,23.72,9,0.428,3.035.158,27.947
10.457,105.552,6.279,3,3.64,39.207,27.607,5.768,19.184,41.581,31.437,27.74,4.64,80.6,17.9,12,-4.02,-5.17,-5.35,-3.98,0.31,1.52,7.43,-0.41,8.29,5.16,0.33,-4.15,Mango,Clay Loam,0.722,0.29,23.08,9,0.36,2.670.939,27.72
10.261,105.71,6.643,2.929,3.64,40.921,35.257,6.186,21.786,37.293,53.893,27.928,4.53,80.113,18.124,12,-4.112,-5.041,-5.205,-3.814,0.104,2.031,7.686,-0.219,7.826,4.256,0.435,-3.98,Mango,Clay,0.749,0.315,22.371,9,0.35,1.764.728,27.909
10.52,105.224,6.694,2.306,3.64,38,28.125,5.739,21.773,40.227,32.707,27.91,4.77,79.76,17.9,12,-3.85,-5.17,-5.46,-3.66,-0.22,0.5,5.61,-0.26,10.88,4.65,0.87,-3.94,Mango,Clay Loam,0.761,0.286,22.56,9,0.483,2733.81,27.895
9.376,106.039,6,2,3.64,38.813,36.382,5.649,32.334,28.803,38.209,27.77,5.28,82.72,17.922,12,-4.89,-5.87,-6.07,-3.73,0.31,0.66,9.99,0.82,8.06,5.64,0.34,-5.29,Mango,Clay Loam,0.644,0.269,25.85,7,0.387,2.928.927,27.757
9.786,106.251,7,3.389,3.64,37.383,32.08,6.131,27.305,35.312,42.185,27.659,5.12,82.456,18.77,12,-4.675,-5.641,-5.82,-4.029,0.414,1.341,10.046,0.181,7.747,4.897,0.326,-4.832,Mango,Clay Loam,0.65,0.286,24.997,7,0.403,1.883.966,27.637
10.383,105.906,6.787,5.362,3.64,40.783,25.843,6.115,17.73,41.509,31.157,27.874,4.396,79.907,18.026,12,-4.028,-4.863,-4.98,-3.996,0.341,2.378,7.8,-0.316,6.912,4.53,0.078,-3.898,Mango,Clay,0.754,0.293,22.081,7,0.354,1.918.653,27.839
9.395,106.075,6,3.9,3.64,37.266,39.52,5.903,29.847,32.89,55.554,27.764,5.293,82.724,18.712,12,-4.899,-5.882,-6.088,-3.734,0.294,0.663,10.005,0.804,8.102,5.654,0.348,-5.296,Mango,Clay Loam,0.644,0.299,25.899,7,0.387,2.378.263,27.739
9.786,105.374,7,1.304,3.64,34.514,36.567,5.9,28.286,37.2,44.056,27.538,5.513,82.545,17.03,12,-4.823,-6.074,-6.366,-4.087,0.088,1.087,10.152,-0.033,9.375,5.371,0.465,-5.125,Mango,Clay Loam,0.642,0.287,26.508,7,0.383,2.384.767,27.53
9.941,105.644,7,5,3.64,36.741,36.377,6.031,27.894,35.365,64.327,27.714,4.953,81.445,18.586,12,-4.327,-5.412,-5.623,-3.987,0.224,1.245,8.523,-0.155,8.744,4.598,0.511,-4.391,Mango,Clay Loam,0.69,0.316,23.895,9,0.367,2.100.763,27.682
10.542,105.243,7,1.938,3.64,36.379,30.894,5.694,20.189,43.432,36.026,27.91,4.77,79.76,17.9,12,-3.85,-5.17,-5.46,-3.66,-0.22,0.5,5.61,-0.26,10.88,4.65,0.87,-3.94,Mango,Clay Loam,0.761,0.294,22.56,9,0.483,2.831.369,27.897
8.805,105.018,7,2,3.64,33.555,49.355,5.4,32.486,33.871,53.645,28.053,4.388,80.883,17.958,12,-4.382,-5.242,-5.57,-3.228,-0.625,1.175,6.54,0.447,7.801,3.579,3.207,-3.662,Mango,Clay Loam,0.725,0.29,22.709,9,0.343,3.468.752,28.04
10.696,106.057,6.234,3.766,3.64,41.315,33.449,5.647,17.304,41.381,28.768,27.91,4.33,79.72,18.06,12,-4.03,-4.78,-4.88,-4,0.35,2.61,7.9,-0.29,6.54,4.36,0.01,-3.83,Mango,Clay,0.763,0.29,21.81,7,0.363,2.933.263,27.886
9.445,106.176,7,2,3.64,40.698,33.09,5.885,30.933,28.369,32.581,27.77,5.28,82.72,18.77,12,-4.89,-5.87,-6.07,-3.73,0.31,0.66,9.99,0.82,8.06,5.64,0.34,-5.29,Mango,Clay,0.644,0.264,25.85,7,0.387,2.417.287,27.757
8.924,105.083,6,1.67,3.64,39.303,51.425,5.4,31.396,29.301,48.664,28.04,4.45,80.82,17.906,12,-4.45,-5.29,-5.62,-3.24,-0.63,1.27,6.71,0.39,7.95,3.73,3.01,-3.78,Mango,Clay Loam,0.727,0.286,23.01,9,0.345,3.468.752,28.029
8.621,104.87,6.26,3.219,3.64,37.59,59.477,5.5,32.322,30.088,57.474,28.14,3.97,81.31,17.74,12,-3.92,-4.92,-5.23,-3.15,-0.59,0.53,5.39,0.83,6.79,2.56,4.54,-2.86,Mango,Clay Loam,0.712,0.296,20.67,9,0.329,3.251.955,28.119
10.201,105.131,6.093,2,3.64,39.124,29.289,5.609,24.711,36.165,31.979,27.919,4.941,80.968,17.819,12,-4.299,-5.556,-5.834,-3.546,-0.29,1.012,7.553,-0.1,10.07,4.163,1.127,-4.317,Mango,Clay Loam,0.716,0.278,23.942,9,0.421,3.015.646,27.906
9.101,104.964,6,2,3.64,36.993,48.028,5.601,31.212,31.761,50.118,28.04,4.45,80.82,17.721,12,-4.45,-5.29,-5.62,-3.24,-0.63,1.27,6.71,0.39,7.95,3.73,3.01,-3.78,Mango,Clay Loam,0.727,0.288,23.01,9,0.345,3032.99,28.027
10.318,105.115,6.56,2,3.64,33.991,26.992,5.724,26.704,39.26,33.162,27.91,4.77,79.76,17.9,12,-3.85,-5.17,-5.46,-3.66,-0.22,0.5,5.61,-0.26,10.88,4.65,0.87,-3.94,Mango,Clay Loam,0.761,0.275,22.56,9,0.483,2766.33,27.897
10.801,105.309,6,3.111,3.64,33.6,30.689,5.7,22.756,43.645,34.011,28.113,3.982,77.284,17.9,12,-3.3,-4.352,-4.568,-3.438,-0.197,0.773,3.732,0.248,8.654,4.964,0.792,-3.314,Mango,Clay Loam,0.864,0.285,19.169,9,0.452,2.818.361,28.093
9.715,105.659,6,2.341,3.64,38.066,33.319,5.921,25.405,36.529,42.587,27.547,5.547,82.603,17.03,12,-4.89,-6.104,-6.416,-4.038,0.035,1.02,10.209,0.046,9.368,5.513,0.49,-5.198,Mango,Clay Loam,0.64,0.291,26.646,7,0.383,2339.24,27.532
10.352,105.985,6,3.079,3.64,36.425,28.498,6.454,20.408,43.167,43.865,27.832,4.473,80.125,17.986,12,-4.025,-4.96,-5.096,-3.991,0.332,2.108,7.684,-0.345,7.346,4.728,0.157,-3.977,Mango,Clay Loam,0.744,0.304,22.394,7,0.344,1.183.712,27.812
10.418,105.125,6.135,43.273,3.64,26.766,29.945,5.814,43.496,29.738,43.201,27.857,4.861,80.12,17.782,12,-3.962,-5.284,-5.568,-3.732,-0.163,0.599,6.209,-0.252,10.678,4.707,0.808,-4.079,Mango,Loam,0.745,0.25,23.04,9,0.464,2.571.212,27.576
10.586,106.312,7,3.093,3.64,40.815,28.332,6.028,17.387,41.799,25.408,27.91,4.33,79.72,18.06,12,-4.03,-4.78,-4.88,-4,0.35,2.61,7.9,-0.29,6.54,4.36,0.01,-3.83,Mango,Clay,0.763,0.286,21.81,7,0.363,2.107.267,27.89
9.506,105.237,6.38,1.38,3.64,41.952,32.548,5.752,27.139,30.947,47.532,27.799,4.994,81.714,17.03,12,-4.624,-5.706,-5.963,-3.608,-0.259,1.459,8.661,0.073,8.721,4.444,1.358,-4.518,Mango,Clay,0.683,0.294,24.678,9,0.353,2.705.627,27.79
9.991,105.943,6,2,3.64,34.223,36.944,6.186,23.284,42.493,44.961,27.608,5.059,82.342,17.05,12,-4.582,-5.551,-5.723,-4.161,0.454,1.63,10.069,-0.102,7.651,4.582,0.322,-4.638,Mango,Clay Loam,0.652,0.299,24.757,7,0.408,1.764.728,27.595
10.114,106.54,6,2.221,3.64,36.023,38.212,6.267,22.166,41.811,48.556,27.882,4.578,82.556,18.042,12,-4.1,-5.152,-5.279,-3.909,0.408,1.502,8.31,0.373,7.676,3.853,0.686,-4.328,Mango,Clay Loam,0.655,0.307,22.768,7,0.364,1.589.122,27.868
10.664,106.544,7,2.423,3.64,42.17,31.817,6.015,23.744,34.086,30.039,27.823,4.18,80.367,18.06,12,-3.897,-4.63,-4.718,-4.023,0.292,3.141,7.652,0.137,6.28,3.523,-0.111,-3.674,Mango,Clay,0.734,0.277,21.053,7,0.364,2135.45,27.807
10.361,105.072,6.958,2.084,3.64,33.163,35.325,5.234,25.162,41.675,44.143,27.903,4.765,79.795,17.9,12,-3.857,-5.17,-5.455,-3.673,-0.198,0.543,5.686,-0.266,10.771,4.671,0.847,-3.949,Mango,Clay Loam,0.759,0.294,22.568,9,0.478,3.828.635,27.889
10.582,106.101,6.74,2,3.64,39.65,33.266,6.222,18.182,42.168,35.564,27.91,4.33,79.72,18.018,12,-4.03,-4.78,-4.88,-4,0.35,2.61,7.9,-0.29,6.54,4.36,0.01,-3.83,Mango,Clay Loam,0.763,0.298,21.81,7,0.363,1.686.681,27.897
9.361,106.059,7,1.918,3.64,40.107,33.59,5.767,31.775,28.118,33.39,27.754,5.313,82.729,18.627,12,-4.911,-5.899,-6.114,-3.74,0.271,0.668,10.026,0.781,8.165,5.674,0.36,-5.306,Mango,Clay,0.644,0.264,25.97,7,0.386,2.673.107,27.742
10.541,105.776,6.28,2,3.64,40.452,32.264,5.988,19.108,40.368,39.6,27.74,4.64,80.6,17.9,12,-4.02,-5.17,-5.35,-3.98,0.31,1.52,7.43,-0.41,8.29,5.16,0.33,-4.15,Mango,Clay,0.722,0.301,23.08,9,0.36,2.193.986,27.727
10.892,106.215,6.858,3,3.64,35.4,30.902,5.629,23.452,41.133,25.554,28.08,3.71,77.7,18.037,12,-3.56,-4.08,-4.13,-3.62,0.1,2.86,5.77,0.03,5.64,4.65,-0.35,-3.28,Mango,Clay Loam,0.847,0.272,19.02,7,0.303,2.972.287,28.06
9.605,106.205,6.292,11.37,3.64,40.231,36.436,5.958,27.272,32.497,62.306,27.723,5.213,82.609,18.77,12,-4.799,-5.774,-5.965,-3.856,0.354,0.946,10.013,0.551,7.929,5.327,0.334,-5.097,Mango,Clay,0.647,0.315,25.491,7,0.393,2.259.025,27.649
10.625,105.245,7,2,3.64,37.706,28.445,5.773,21.082,41.212,33.962,27.91,4.77,79.76,17.9,12,-3.85,-5.17,-5.46,-3.66,-0.22,0.5,5.61,-0.26,10.88,4.65,0.87,-3.94,Mango,Clay Loam,0.761,0.289,22.56,9,0.483,2.660.099,27.897
10.472,105.402,7,2.492,3.64,41.518,32.782,5.7,19.629,38.828,37.406,27.74,4.64,80.6,17.9,12,-4.02,-5.17,-5.35,-3.98,0.31,1.52,7.43,-0.41,8.29,5.16,0.33,-4.15,Mango,Clay,0.722,0.297,23.08,9,0.36,2.818.361,27.724
10.271,105.133,6,2.805,3.64,38.254,27.871,5.6,23.554,38.193,30.41,27.92,4.793,79.967,17.9,12,-3.93,-5.236,-5.524,-3.625,-0.243,0.596,5.94,-0.227,10.736,4.537,0.934,-4,Mango,Clay Loam,0.754,0.278,22.785,9,0.472,3.035.158,27.902
10.112,106.151,6,2.018,3.64,36.269,28.551,6.187,21.4,42.429,38.402,27.612,5.043,82.309,18.057,12,-4.57,-5.533,-5.704,-4.157,0.457,1.638,10.022,-0.106,7.622,4.581,0.32,-4.621,Mango,Clay Loam,0.654,0.295,24.691,7,0.407,1762.56,27.599
9.655,105.772,6.963,1,3.64,41.44,31.711,5.893,25.045,33.514,46.015,27.595,5.644,82.772,17.03,12,-5.129,-6.194,-6.579,-3.828,-0.184,0.791,10.333,0.346,9.302,5.986,0.64,-5.434,Mango,Clay,0.636,0.297,27.348,7,0.377,2.399.943,27.588
9.93,105.281,6,1,3.64,36.245,32.808,5.527,26.746,37.009,36.189,27.96,4.89,80.82,17.03,12,-4.26,-5.51,-5.79,-3.48,-0.34,0.99,7.3,-0.09,10.14,4.07,1.2,-4.25,Mango,Clay Loam,0.723,0.279,23.72,9,0.428,3193.42,27.954
9.3,105.351,7,2.39,3.64,34.096,40.937,5.552,30.442,35.462,42.001,27.742,5.37,82.747,17.03,12,-5.048,-5.975,-6.385,-3.502,-0.148,0.722,9.383,0.6,8.709,6.071,0.869,-5.304,Mango,Clay Loam,0.642,0.279,26.362,7,0.356,3.139.221,27.726
9.341,105.673,7,2,3.64,41.82,38.381,5.583,29.778,28.485,41.061,27.624,5.622,82.84,17.03,12,-5.16,-6.176,-6.581,-3.739,-0.192,0.716,10.203,0.452,9.181,6.137,0.672,-5.475,Mango,Clay,0.635,0.279,27.323,7,0.373,3.072.013,27.611
9.696,105.793,6,6.437,3.64,40.462,29.759,5.875,28.288,31.25,39.498,27.731,4.881,81.912,18.28,12,-4.543,-5.47,-5.685,-3.901,0.153,1.536,9.124,0.038,7.706,4.334,1.077,-4.391,Mango,Clay,0.673,0.28,23.99,7,0.381,2.438.966,27.689
8.629,104.828,6,2.254,3.64,39.295,61.553,5.413,31.876,28.829,51.042,28.14,3.97,81.31,17.74,12,-3.92,-4.92,-5.23,-3.15,-0.59,0.53,5.39,0.83,6.79,2.56,4.54,-2.86,Mango,Clay Loam,0.712,0.288,20.67,9,0.329,3.440.568,28.125
8.902,104.954,6.887,2,3.64,37.945,45.531,5.5,33.4,28.755,45.525,28.051,4.396,80.875,17.768,12,-4.39,-5.248,-5.576,-3.23,-0.625,1.187,6.561,0.44,7.819,3.598,3.182,-3.676,Mango,Clay Loam,0.725,0.277,22.745,9,0.343,3.251.955,28.038
10.065,106.417,6.296,2,3.64,36.763,38.707,6.33,21.485,41.752,47.9,27.814,4.712,82.664,18.013,12,-4.249,-5.266,-5.4,-3.977,0.432,1.541,8.909,0.301,7.603,3.951,0.609,-4.433,Mango,Clay Loam,0.648,0.308,23.325,7,0.382,1452.54,27.801
9.653,105.75,6.459,1.459,3.64,38.613,35.553,6.008,24.967,36.419,44.186,27.548,5.55,82.608,17.03,12,-4.896,-6.106,-6.421,-4.034,0.03,1.014,10.214,0.053,9.367,5.525,0.493,-5.204,Mango,Clay Loam,0.64,0.294,26.661,7,0.383,2.150.626,27.539
10.744,106.458,6,4.71,3.64,44.497,30.23,5.929,18.9,36.603,38.995,28.064,3.77,77.895,18.06,12,-3.605,-4.148,-4.202,-3.657,0.124,2.836,5.976,-0.001,5.727,4.622,-0.315,-3.333,Mango,Clay,0.839,0.301,19.261,7,0.31,2.321.896,28.033
9.213,105.511,6.758,1.758,3.64,38.758,37.219,5.621,28.144,33.098,40.601,27.777,5.422,82.875,17.03,12,-5.195,-6.023,-6.481,-3.357,-0.269,0.563,9.422,0.805,8.635,6.401,0.954,-5.457,Mango,Clay Loam,0.639,0.282,26.782,7,0.352,2.989.631,27.766
10.712,105.803,6.012,2,3.64,41.698,31.52,5.414,19.784,38.617,35.876,27.742,4.636,80.589,17.902,12,-4.02,-5.165,-5.344,-3.98,0.31,1.534,7.436,-0.409,8.268,5.15,0.326,-4.146,Mango,Clay,0.723,0.295,23.064,9,0.359,3438.4,27.729
10.454,105.51,6,2,3.64,41.912,30.969,5.506,20.916,37.166,37.122,27.857,4.773,80.717,17.9,12,-4.147,-5.351,-5.584,-3.714,-0.035,1.238,7.361,-0.24,9.273,4.581,0.792,-4.203,Mango,Clay,0.723,0.294,23.274,9,0.399,3.238.947,27.844
9.418,105.926,6.699,2,3.64,39.3,38.369,5.6,31.211,29.389,42.946,27.637,5.559,82.797,17.554,12,-5.072,-6.115,-6.447,-3.814,-0.025,0.73,10.297,0.492,8.954,5.933,0.515,-5.423,Mango,Clay Loam,0.637,0.278,26.896,7,0.382,3.035.158,27.624
10.781,105.965,6.598,2,3.64,35.638,31.32,5.72,22.98,41.383,27.28,27.986,4.093,78.852,17.996,12,-3.765,-4.547,-4.655,-3.795,0.234,2.216,6.567,-0.222,6.528,4.85,0.167,-3.621,Mango,Clay Loam,0.799,0.275,20.605,7,0.319,2.775.002,27.973
10.366,105.775,6.297,3.406,3.64,40.581,32.094,6.089,17.789,41.7,36.008,27.791,4.548,80.338,17.948,12,-4.023,-5.054,-5.21,-3.986,0.322,1.844,7.57,-0.374,7.77,4.922,0.235,-4.055,Mango,Clay,0.734,0.299,22.702,9,0.343,1.975.021,27.769
10.138,106.194,6.3,2,3.64,35.05,33.14,6.09,23.33,41.55,35.77,27.649,4.927,81.818,18.012,12,-4.412,-5.429,-5.602,-4.106,0.415,1.604,9.278,-0.193,7.814,4.747,0.323,-4.486,Mango,Clay Loam,0.673,0.286,24.228,7,0.384,1.972.853,27.636
8.655,104.891,7,1.257,3.64,36.954,50.549,5.474,32.87,30.176,56.861,28.14,3.97,81.31,17.74,12,-3.92,-4.92,-5.23,-3.15,-0.59,0.53,5.39,0.83,6.79,2.56,4.54,-2.86,Mango,Clay Loam,0.712,0.294,20.67,9,0.329,3.308.322,28.132
9.451,106.164,7,2,3.64,39.205,40.128,6.076,32.904,27.982,43.905,27.761,5.299,82.725,18.686,12,-4.903,-5.887,-6.096,-3.736,0.287,0.665,10.011,0.797,8.122,5.66,0.352,-5.299,Mango,Clay Loam,0.644,0.276,25.921,7,0.387,2.003.204,27.748
10.338,105.131,6,3.194,3.64,37.883,27.354,5.59,23.853,38.263,30.126,27.934,4.686,79.479,17.9,12,-3.788,-5.081,-5.364,-3.632,-0.224,0.517,5.383,-0.203,10.668,4.678,0.868,-3.869,Mango,Clay Loam,0.773,0.277,22.161,9,0.482,3.056.838,27.913
9.333,105.385,6.148,0.148,3.64,40.618,33.687,5.485,30.989,28.393,34.997,27.58,5.68,82.83,17.03,12,-5.15,-6.22,-6.61,-3.85,-0.17,0.76,10.43,0.35,9.34,6.06,0.59,-5.48,Mango,Clay,0.633,0.268,27.48,7,0.379,3.284.475,27.579
10.525,105.337,6,2.332,3.64,37.466,26.832,5.533,22.899,39.635,31.937,27.796,4.683,80.321,17.9,12,-3.964,-5.17,-5.387,-3.874,0.134,1.181,6.825,-0.36,9.15,4.991,0.509,-4.08,Mango,Clay Loam,0.735,0.282,22.835,9,0.401,3.180.412,27.781
8.688,104.927,6,3.186,3.64,35.895,52.453,5.522,34.456,29.649,48.178,28.14,3.97,81.31,17.74,12,-3.92,-4.92,-5.23,-3.15,-0.59,0.53,5.39,0.83,6.79,2.56,4.54,-2.86,Mango,Clay Loam,0.712,0.278,20.67,9,0.329,3204.26,28.119
10.279,105.632,6.108,2,3.64,36.775,32.417,5.868,17.835,45.478,34.231,27.758,4.654,80.51,17.9,12,-4.002,-5.17,-5.362,-3.946,0.253,1.41,7.234,-0.394,8.569,5.105,0.388,-4.127,Mango,Clay Loam,0.726,0.297,23.001,9,0.373,2.454.142,27.745
10.803,106.042,6,3,3.64,35.845,30.182,5.367,26.466,37.607,27.774,28.048,3.825,78.074,17.93,12,-3.647,-4.21,-4.269,-3.69,0.146,2.814,6.165,-0.029,5.807,4.596,-0.283,-3.382,Mango,Clay Loam,0.831,0.268,19.51,7,0.316,3.540.295,28.028
10.79,106.302,6,2.079,3.64,41.924,24.803,6.076,19.771,38.313,32.382,28.053,3.783,77.929,18.047,12,-3.596,-4.166,-4.226,-3.648,0.117,2.754,5.901,-0.005,5.849,4.69,-0.296,-3.349,Mango,Clay,0.837,0.29,19.286,7,0.306,2.003.204,28.039
9.583,105.614,6,1,3.64,38.048,35.041,6.024,25.969,35.983,42.824,27.566,5.623,82.732,17.03,12,-5.037,-6.17,-6.526,-3.931,-0.081,0.873,10.334,0.218,9.352,5.823,0.547,-5.358,Mango,Clay Loam,0.636,0.29,27.103,7,0.381,2.115.939,27.56
10.241,105.101,7,1.205,3.64,35.079,27.788,5.5,23.889,40.952,33.392,27.95,4.865,80.602,17.9,12,-4.176,-5.44,-5.722,-3.517,-0.315,0.889,6.953,-0.125,10.292,4.189,1.132,-4.186,Mango,Clay Loam,0.731,0.282,23.481,9,0.439,3.251.955,27.942
10.828,105.265,7,2.965,3.64,33.765,23.662,5.593,24.128,42.01,32.827,28.158,3.894,76.894,17.9,12,-3.216,-4.248,-4.465,-3.374,-0.249,0.713,3.315,0.314,8.624,4.962,0.834,-3.213,Mango,Clay Loam,0.881,0.28,18.765,9,0.46,3.050.334,28.139
9.665,106.128,6,8.755,3.64,36.155,36.432,5.958,28.931,34.914,63.265,27.677,5.146,82.499,18.77,12,-4.709,-5.678,-5.86,-3.981,0.397,1.231,10.037,0.284,7.798,5.016,0.328,-4.905,Mango,Clay Loam,0.649,0.312,25.133,7,0.4,2.259.025,27.62
10.32,105.636,7,2,3.64,36.993,27.005,5.603,19.512,43.594,32.105,27.739,4.644,80.608,17.9,12,-4.023,-5.174,-5.354,-3.981,0.309,1.519,7.442,-0.409,8.295,5.16,0.33,-4.154,Mango,Clay Loam,0.722,0.29,23.095,9,0.36,3.028.654,27.726
10.279,106.283,6,5.711,3.64,41.128,33.088,6.3,22.184,36.689,47.811,27.867,4.434,80.098,18.06,12,-4.109,-4.89,-5,-4.023,0.366,2.47,8.213,-0.263,6.694,4.39,0.055,-3.945,Mango,Clay,0.746,0.306,22.23,7,0.37,1.517.579,27.83
10.501,106.262,6.479,5.35,3.64,35.66,33.643,6.1,19.066,45.274,55.595,27.91,4.33,79.72,18.06,12,-4.03,-4.78,-4.88,-4,0.35,2.61,7.9,-0.29,6.54,4.36,0.01,-3.83,Mango,Clay Loam,0.763,0.324,21.81,7,0.363,1.951.173,27.875
10.751,106.474,6,4.809,3.64,44.566,30.322,5.919,18.9,36.534,39.133,28.069,3.749,77.829,18.06,12,-3.59,-4.125,-4.178,-3.644,0.116,2.844,5.906,0.01,5.697,4.632,-0.327,-3.315,Mango,Clay,0.841,0.301,19.179,7,0.308,2.343.576,28.038
10.406,106.283,6,3.663,3.64,37.904,36.223,6.2,19.229,42.867,40.448,27.91,4.33,79.72,18.06,12,-4.03,-4.78,-4.88,-4,0.35,2.61,7.9,-0.29,6.54,4.36,0.01,-3.83,Mango,Clay Loam,0.763,0.302,21.81,7,0.363,1.734.376,27.886
10.691,105.395,6,3.599,3.64,34.478,30.64,5.7,22.121,43.401,34.938,27.908,4.343,79.104,17.9,12,-3.695,-4.801,-4.997,-3.735,0.081,1.183,5.762,-0.113,8.454,5.072,0.539,-3.773,Mango,Clay Loam,0.786,0.288,21.114,9,0.401,2.818.361,27.885
10.402,104.847,6.885,2.885,3.64,31.146,34.846,5.623,29.143,39.7,41.555,27.91,4.77,79.76,18.24,12,-3.85,-5.17,-5.46,-3.66,-0.22,0.5,5.61,-0.26,10.88,4.65,0.87,-3.94,Mango,Clay Loam,0.761,0.281,22.56,9,0.483,2.985.295,27.891
10.787,106.258,6.094,2,3.64,44.831,29.313,5.9,18.732,36.528,24.697,28.064,3.768,77.89,18.06,12,-3.604,-4.146,-4.2,-3.656,0.123,2.837,5.97,0,5.724,4.623,-0.316,-3.332,Mango,Clay,0.839,0.281,19.254,7,0.31,2.384.767,28.051
9.609,105.053,7,1.09,3.64,38.008,36.317,5.718,25.764,36.228,45.609,27.935,4.807,81.42,17.03,12,-4.641,-5.583,-5.855,-3.304,-0.507,1.524,8.056,0.25,8.403,4.241,1.818,-4.352,Mango,Clay Loam,0.7,0.295,24.242,9,0.346,2.779.338,27.928
9.094,105.063,6.331,0.331,3.64,40.828,42.429,5.467,30.439,28.733,52.189,28.017,4.539,80.972,17.672,12,-4.496,-5.366,-5.673,-3.243,-0.6,1.379,7.077,0.34,8.069,3.839,2.656,-3.932,Mango,Clay,0.72,0.293,23.31,9,0.345,3.323.498,28.015
9.716,105.023,6,0.341,3.64,38.568,45.883,5.351,25.554,35.878,53.685,27.903,4.884,81.545,17.884,12,-4.686,-5.639,-5.922,-3.352,-0.477,1.457,8.266,0.259,8.486,4.401,1.71,-4.452,Mango,Clay Loam,0.694,0.306,24.528,9,0.345,3.574.983,27.901
9.659,105.779,6.879,1.242,3.64,41.367,31.909,5.9,25.033,33.6,45.876,27.58,5.68,82.83,17.03,12,-5.15,-6.22,-6.61,-3.85,-0.17,0.76,10.43,0.35,9.34,6.06,0.59,-5.48,Mango,Clay,0.633,0.297,27.48,7,0.379,2.384.767,27.572
10.693,106.512,6.428,3,3.64,39.686,30.299,5.9,23.385,36.886,25.385,27.91,4.33,79.72,18.06,12,-4.03,-4.78,-4.88,-4,0.35,2.61,7.9,-0.29,6.54,4.36,0.01,-3.83,Mango,Clay Loam,0.763,0.272,21.81,7,0.363,2.384.767,27.89
10.458,105.672,6.517,3,3.64,39.469,27.869,5.91,19.255,41.224,31.127,27.74,4.64,80.6,17.9,12,-4.02,-5.17,-5.35,-3.98,0.31,1.52,7.43,-0.41,8.29,5.16,0.33,-4.15,Mango,Clay Loam,0.722,0.289,23.08,9,0.36,2.363.087,27.72
9.949,105.939,7,3.139,3.64,36.546,27.858,5.928,24.661,38.794,30.515,27.571,5.218,82.374,18.021,12,-4.623,-5.742,-5.947,-4.173,0.348,1.464,10.053,-0.143,8.376,4.785,0.359,-4.776,Mango,Clay Loam,0.65,0.276,25.404,7,0.396,2.324.064,27.551
10.676,106.405,6.317,4.049,3.64,44.098,30.722,6.027,18.9,37.002,39.368,28.026,3.907,78.34,18.06,12,-3.709,-4.302,-4.368,-3.74,0.179,2.781,6.445,-0.071,5.925,4.558,-0.236,-3.454,Mango,Clay,0.82,0.302,19.88,7,0.324,2.109.435,28
9.706,105.209,7,2.131,3.64,37.957,36.143,5.757,25.178,36.865,45.543,27.716,5.127,81.925,17.03,12,-4.641,-5.797,-6.051,-3.781,-0.122,1.391,9.07,-0.009,8.921,4.631,1.075,-4.653,Mango,Clay Loam,0.672,0.296,25.054,7,0.362,2.694.787,27.702
10.627,105.725,6.774,2,3.64,39.742,33.693,5.758,18.652,41.683,40.494,27.778,4.57,80.401,17.936,12,-4.022,-5.082,-5.244,-3.985,0.319,1.766,7.536,-0.383,7.894,4.979,0.258,-4.078,Mango,Clay Loam,0.731,0.304,22.794,9,0.347,2.692.619,27.765
10.557,105.177,7,2,3.64,35.722,30.104,5.62,21.096,43.182,34.548,27.91,4.77,79.76,17.9,12,-3.85,-5.17,-5.46,-3.66,-0.22,0.5,5.61,-0.26,10.88,4.65,0.87,-3.94,Mango,Clay Loam,0.761,0.29,22.56,9,0.483,2.991.799,27.897
10.006,105.645,7,4.107,3.64,36.928,35.672,5.989,26.536,36.536,58.466,27.562,5.368,82.134,17.16,12,-4.591,-5.92,-6.174,-4.133,0.155,1.152,9.555,-0.206,9.55,5.025,0.459,-4.859,Mango,Clay Loam,0.658,0.311,25.883,7,0.369,2.191.818,27.535
10.591,106.354,7,3.443,3.64,40.264,34.675,6.177,21.334,38.346,51.834,28.005,3.985,78.596,18.06,12,-3.768,-4.39,-4.463,-3.788,0.211,2.749,6.714,-0.112,6.039,4.521,-0.19,-3.524,Mango,Clay,0.809,0.313,20.235,7,0.332,1.784.239,27.983
10.622,105.535,6.607,2.786,3.64,35.746,30.114,5.639,20.082,44.171,36.914,27.74,4.64,80.6,17.9,12,-4.02,-5.17,-5.35,-3.98,0.31,1.52,7.43,-0.41,8.29,5.16,0.33,-4.15,Mango,Clay Loam,0.722,0.295,23.08,9,0.36,2.950.607,27.722
10.277,105.497,7,3.737,3.64,36.505,26.336,5.637,21.006,42.489,35.906,27.74,4.64,80.6,17.9,12,-4.02,-5.17,-5.35,-3.98,0.31,1.52,7.43,-0.41,8.29,5.16,0.33,-4.15,Mango,Clay Loam,0.722,0.292,23.08,9,0.36,2.954.943,27.716
9.741,105.091,6.408,4.183,3.64,38.824,30.788,5.382,31.239,29.937,42.055,27.987,4.581,80.387,17.524,12,-4.205,-5.241,-5.555,-3.411,-0.463,0.956,6.261,0.125,9.146,4.106,2.136,-3.845,Mango,Clay Loam,0.741,0.277,22.72,9,0.402,3.507.775,27.96
9.075,105.105,6,1.405,3.64,40.638,51.402,5.459,31.932,27.43,44.476,27.903,4.816,81.418,17.529,12,-4.658,-5.567,-5.914,-3.421,-0.493,1.118,7.816,0.378,8.363,4.423,2.29,-4.286,Mango,Clay,0.698,0.279,24.339,9,0.343,3.340.842,27.894
10.218,106.361,7,2.763,3.64,40.183,37.159,6.405,19.247,40.57,46.073,27.862,4.587,82.278,18.022,12,-4.089,-5.155,-5.289,-3.919,0.394,1.505,8.185,0.261,7.764,4.039,0.635,-4.303,Mango,Clay,0.665,0.31,22.755,7,0.359,1.289.942,27.844
10.418,105.876,6.488,3.025,3.64,40.505,32.475,6.146,17.846,41.7,36.141,27.823,4.489,80.171,17.978,12,-4.025,-4.98,-5.121,-3.99,0.33,2.052,7.659,-0.351,7.437,4.77,0.174,-3.994,Mango,Clay,0.742,0.3,22.461,7,0.342,1.851.446,27.803
10.157,106.1,6.104,2,3.64,36.279,28.725,6.137,21.16,42.65,38.327,27.624,5.007,82.159,18.043,12,-4.522,-5.501,-5.672,-4.141,0.444,1.627,9.795,-0.132,7.681,4.631,0.321,-4.58,Mango,Clay Loam,0.66,0.295,24.548,7,0.4,1.870.958,27.611
10.534,105.69,7,2,3.64,36.038,28.261,5.723,18.915,45.046,35.669,27.74,4.64,80.6,17.9,12,-4.02,-5.17,-5.35,-3.98,0.31,1.52,7.43,-0.41,8.29,5.16,0.33,-4.15,Mango,Clay Loam,0.722,0.296,23.08,9,0.36,2.768.498,27.727
8.768,105.003,6,2.537,3.64,37.932,57.967,5.451,32.254,29.815,53.404,28.091,4.204,81.071,17.862,12,-4.178,-5.1,-5.42,-3.194,-0.61,0.891,6.034,0.615,7.356,3.131,3.794,-3.309,Mango,Clay Loam,0.719,0.291,21.811,9,0.337,3.358.186,28.075
10.314,105.646,7,2,3.64,41.696,34.213,5.974,16.422,41.883,33.226,27.663,4.918,81.233,17.9,12,-4.25,-5.462,-5.666,-4.053,0.272,1.419,8.334,-0.337,8.673,5.129,0.358,-4.435,Mango,Clay,0.696,0.299,24.203,9,0.359,2.224.337,27.65
10.562,106.137,6.951,2,3.64,40.186,33.495,6.265,17.99,41.819,36.406,27.91,4.33,79.72,18.052,12,-4.03,-4.78,-4.88,-4,0.35,2.61,7.9,-0.29,6.54,4.36,0.01,-3.83,Mango,Clay,0.763,0.3,21.81,7,0.363,1.593.458,27.897
9.01,105.06,6,1.201,3.64,38.16,48.98,5.4,30.238,31.662,45.183,28.04,4.45,80.82,17.413,12,-4.45,-5.29,-5.62,-3.24,-0.63,1.27,6.71,0.39,7.95,3.73,3.01,-3.78,Mango,Clay Loam,0.727,0.284,23.01,9,0.345,3.468.752,28.032
10.627,105.213,7,2,3.64,37.154,28.528,5.723,21.049,41.797,34.079,27.91,4.77,79.76,17.9,12,-3.85,-5.17,-5.46,-3.66,-0.22,0.5,5.61,-0.26,10.88,4.65,0.87,-3.94,Mango,Clay Loam,0.761,0.289,22.56,9,0.483,2.768.498,27.897
10.208,105.388,6.494,78.386,3.64,31.173,31.916,5.849,36.08,32.747,44.527,27.717,5.101,81.073,17.47,12,-4.26,-5.585,-5.855,-3.922,-0.013,0.86,7.792,-0.23,10.144,4.857,0.643,-4.449,Mango,Clay Loam,0.704,0.269,24.314,9,0.418,2.495.333,27.207
8.935,104.99,6.634,2,3.64,34.751,48.615,5.51,32.137,33.012,52.741,28.04,4.45,80.82,18.016,12,-4.45,-5.29,-5.62,-3.24,-0.63,1.27,6.71,0.39,7.95,3.73,3.01,-3.78,Mango,Clay Loam,0.727,0.29,23.01,9,0.345,3.230.275,28.027
9.947,105.553,6.071,3,3.64,33.385,33.678,5.907,26.665,40.05,37.143,27.52,5.44,82.42,17.03,12,-4.68,-6.01,-6.26,-4.19,0.2,1.23,10.03,-0.2,9.39,5.07,0.41,-4.97,Mango,Clay Loam,0.646,0.281,26.31,7,0.381,2.369.591,27.5
10.381,105.677,6,4.746,3.64,37.578,26.334,5.675,17.347,45.075,32.722,27.74,4.64,80.6,17.9,12,-4.02,-5.17,-5.35,-3.98,0.31,1.52,7.43,-0.41,8.29,5.16,0.33,-4.15,Mango,Clay Loam,0.722,0.296,23.08,9,0.36,2872.56,27.709
8.985,104.978,6.638,2,3.64,38.009,46.858,5.464,31.88,30.211,46.526,28.04,4.45,80.82,17.483,12,-4.45,-5.29,-5.62,-3.24,-0.63,1.27,6.71,0.39,7.95,3.73,3.01,-3.78,Mango,Clay Loam,0.727,0.282,23.01,9,0.345,3.330.002,28.027
9.963,105.821,6.528,2,3.64,40.964,27.425,5.917,23.344,35.692,35.689,27.756,4.978,81.718,18.359,12,-4.479,-5.539,-5.73,-3.848,0.31,1.066,8.78,0.239,8.169,5.413,0.335,-4.751,Mango,Clay,0.681,0.286,24.347,7,0.361,2.347.912,27.743
9.49,105.123,7,1.954,3.64,37.309,40.191,5.586,24.991,37.695,45.077,27.97,4.72,81.28,17.03,12,-4.59,-5.52,-5.78,-3.25,-0.54,1.6,7.82,0.24,8.31,4.06,1.94,-4.24,Mango,Clay Loam,0.706,0.296,23.92,9,0.347,3065.51,27.957
10.549,106.299,6.14,2,3.64,39.662,32.328,6.3,19.878,40.46,41.57,27.91,4.33,79.72,18.06,12,-4.03,-4.78,-4.88,-4,0.35,2.61,7.9,-0.29,6.54,4.36,0.01,-3.83,Mango,Clay Loam,0.763,0.302,21.81,7,0.363,1.517.579,27.897
9.978,105.457,7,2,3.64,36.846,34.728,5.628,25.189,37.964,37.179,27.52,5.44,82.42,17.271,12,-4.68,-6.01,-6.26,-4.19,0.2,1.23,10.03,-0.2,9.39,5.07,0.41,-4.97,Mango,Clay Loam,0.646,0.284,26.31,7,0.381,2.974.455,27.507
10.667,106.383,6.972,3.028,3.64,40.443,32.246,5.794,20.692,38.865,28.04,27.91,4.33,79.72,18.06,12,-4.03,-4.78,-4.88,-4,0.35,2.61,7.9,-0.29,6.54,4.36,0.01,-3.83,Mango,Clay,0.763,0.282,21.81,7,0.363,2.614.572,27.89
10.162,106.587,6.669,2.669,3.64,39.276,38.032,6.434,20.095,40.63,47.229,27.9,4.57,82.8,18.06,12,-4.11,-5.15,-5.27,-3.9,0.42,1.5,8.42,0.47,7.6,3.69,0.73,-4.35,Mango,Clay Loam,0.646,0.31,22.78,7,0.369,1.227.071,27.883
10.877,105.564,6.518,4.518,3.64,36.534,26.786,5.807,22.971,40.547,41.254,28.1,3.74,77.56,17.9,12,-3.37,-4.2,-4.32,-3.49,0.06,1.63,4.58,-0.12,6.51,5.58,0.4,-3.31,Mango,Clay Loam,0.853,0.295,18.81,9,0.347,2.586.388,28.071
10.83,104.711,7,6.608,3.64,27.529,29.116,5.5,39.527,32.943,27.12,28.16,3.9,76.87,18.24,12,-3.21,-4.25,-4.47,-3.37,-0.26,0.68,3.27,0.33,8.7,4.94,0.85,-3.21,Mango,Clay Loam,0.882,0.237,18.77,9,0.464,3.251.955,28.117
9.749,106.11,6.611,4,3.64,37.628,30.799,6.022,26.377,35.995,41.339,27.598,5.295,82.531,18.093,12,-4.802,-5.805,-6.06,-4.039,0.215,1.297,10.21,0.075,8.283,5.15,0.425,-4.961,Mango,Clay Loam,0.645,0.287,25.667,7,0.398,2.120.275,27.572
10.412,105.049,6.719,2,3.64,33.661,35.019,5.368,25.284,41.026,43.354,27.91,4.77,79.76,17.9,12,-3.85,-5.17,-5.46,-3.66,-0.22,0.5,5.61,-0.26,10.88,4.65,0.87,-3.94,Mango,Clay Loam,0.761,0.293,22.56,9,0.483,3.538.127,27.897
10.077,105.529,7,105.438,3.64,36.034,33.955,5.838,28.581,35.385,44.33,27.623,5.2,81.778,17.28,12,-4.454,-5.745,-5.991,-4.024,0.094,1.129,8.925,-0.204,9.481,4.851,0.596,-4.649,Mango,Clay Loam,0.674,0.286,25.067,9,0.378,2.519.181,26.938
8.979,104.986,7,1.517,3.64,35.299,48.33,5.593,32.68,31.97,54.27,28.04,4.45,80.82,18.024,12,-4.45,-5.29,-5.62,-3.24,-0.63,1.27,6.71,0.39,7.95,3.73,3.01,-3.78,Mango,Clay Loam,0.727,0.291,23.01,9,0.345,3.050.334,28.03
10.334,104.747,7,2.006,3.64,30.603,42.159,5.501,28.802,40.694,41.497,27.91,4.77,79.76,18.24,12,-3.85,-5.17,-5.46,-3.66,-0.22,0.5,5.61,-0.26,10.88,4.65,0.87,-3.94,Mango,Clay Loam,0.761,0.282,22.56,9,0.483,3.249.787,27.897
10.022,106.184,6.008,4.023,3.64,35.989,30.589,6.197,21.715,42.295,38.393,27.609,5.053,82.341,18.059,12,-4.581,-5.544,-5.714,-4.16,0.458,1.637,10.07,-0.101,7.624,4.574,0.321,-4.633,Mango,Clay Loam,0.652,0.294,24.733,7,0.408,1740.88,27.583
9.069,104.941,7,1.219,3.64,37.754,48.232,5.734,32.752,29.493,54.258,28.04,4.45,80.82,17.99,12,-4.45,-5.29,-5.62,-3.24,-0.63,1.27,6.71,0.39,7.95,3.73,3.01,-3.78,Mango,Clay Loam,0.727,0.291,23.01,9,0.345,2744.65,28.032
10.506,105.281,7,1.037,3.64,39.038,30.804,5.6,18.456,42.506,34.794,27.91,4.77,79.76,17.9,12,-3.85,-5.17,-5.46,-3.66,-0.22,0.5,5.61,-0.26,10.88,4.65,0.87,-3.94,Mango,Clay Loam,0.761,0.296,22.56,9,0.483,3.035.158,27.903
10.37,104.929,7,2,3.64,31.467,26.154,5.632,26.273,42.26,35.841,27.892,4.756,79.851,18.203,12,-3.868,-5.17,-5.448,-3.695,-0.163,0.61,5.807,-0.276,10.6,4.705,0.812,-3.963,Mango,Clay Loam,0.757,0.28,22.583,9,0.47,2.965.783,27.879
9.744,105.745,6,1,3.64,37.624,34.069,5.998,24.634,37.776,41.85,27.54,5.521,82.559,17.03,12,-4.839,-6.081,-6.379,-4.075,0.075,1.071,10.166,-0.014,9.373,5.405,0.471,-5.143,Mango,Clay Loam,0.642,0.292,26.531,7,0.383,2.172.306,27.534
10.217,105.16,6.803,2,3.64,42.517,32.827,5.52,21.441,36.042,32.196,27.96,4.89,80.82,17.9,12,-4.26,-5.51,-5.79,-3.48,-0.34,0.99,7.3,-0.09,10.14,4.07,1.2,-4.25,Mango,Clay,0.723,0.286,23.72,9,0.428,3.208.596,27.947
10.791,105.494,6.428,3,3.64,35.859,23.929,5.543,21.297,42.801,33.172,28.126,3.808,77.265,17.9,12,-3.302,-4.221,-4.384,-3.439,-0.077,1.223,4.019,0.073,7.447,5.306,0.593,-3.267,Mango,Clay Loam,0.866,0.287,18.69,9,0.399,3.158.732,28.106
9.299,105.15,7,1.975,3.64,38.387,38.003,5.554,27.359,34.253,46.867,28.004,4.588,81.056,17.498,12,-4.522,-5.408,-5.702,-3.245,-0.584,1.439,7.279,0.313,8.135,3.899,2.461,-4.016,Mango,Clay Loam,0.716,0.293,23.477,9,0.346,3.134.885,27.991
10.38,106.007,7,5.413,3.64,40.371,26.182,6.229,17.841,41.788,32.315,27.91,4.33,79.72,18.06,12,-4.03,-4.78,-4.88,-4,0.35,2.61,7.9,-0.29,6.54,4.36,0.01,-3.83,Mango,Clay,0.763,0.294,21.81,7,0.363,1.671.505,27.875
9.282,105.334,6.932,0.932,3.64,41.245,29.375,5.407,31.459,27.296,34.448,27.58,5.68,82.83,17.03,12,-5.15,-6.22,-6.61,-3.85,-0.17,0.76,10.43,0.35,9.34,6.06,0.59,-5.48,Mango,Clay,0.633,0.266,27.48,7,0.379,3.453.576,27.574
10.799,106.114,6.397,2.603,3.64,35.718,30.375,5.438,25.331,38.891,27.581,28.013,3.956,78.502,17.964,12,-3.747,-4.358,-4.428,-3.771,0.199,2.761,6.616,-0.097,5.997,4.535,-0.207,-3.498,Mango,Clay Loam,0.813,0.27,20.106,7,0.329,3.386.369,27.996
9.916,105.822,7,4,3.64,34.544,37.23,6,27.878,37.578,52.779,27.52,5.44,82.42,17.03,12,-4.68,-6.01,-6.26,-4.19,0.2,1.23,10.03,-0.2,9.39,5.07,0.41,-4.97,Mango,Clay Loam,0.646,0.3,26.31,7,0.381,2167.97,27.494
9.533,105.844,6,4.234,3.64,37.198,42.6,5.645,26.5,36.302,38.758,27.653,5.527,82.788,17.696,12,-5.05,-6.086,-6.403,-3.804,0.014,0.722,10.262,0.53,8.85,5.899,0.494,-5.407,Mango,Clay Loam,0.638,0.283,26.75,7,0.383,2.937.599,27.625
10.474,104.949,6,354.873,3.64,34.324,39.032,5.346,40.32,25.367,47.65,27.91,4.77,79.76,18.24,12,-3.85,-5.17,-5.46,-3.66,-0.22,0.5,5.61,-0.26,10.88,4.65,0.87,-3.94,Mango,Clay Loam,0.761,0.264,22.56,9,0.483,3.585.822,25.603
9.963,105.261,6,1.345,3.64,38.462,33.695,5.665,26.144,35.394,40.302,27.96,4.89,80.82,17.33,12,-4.26,-5.51,-5.79,-3.48,-0.34,0.99,7.3,-0.09,10.14,4.07,1.2,-4.25,Mango,Clay Loam,0.723,0.286,23.72,9,0.428,2894.24,27.951
10.692,106.209,6.493,1.985,3.64,40.958,32.352,5.851,20.09,39.003,29.218,27.91,4.33,79.72,18.06,12,-4.03,-4.78,-4.88,-4,0.35,2.61,7.9,-0.29,6.54,4.36,0.01,-3.83,Mango,Clay,0.763,0.285,21.81,7,0.363,2.490.998,27.897
10.712,106.452,6.874,2.874,3.64,41.064,30.036,5.887,22.036,36.901,28.56,27.91,4.33,79.72,18.06,12,-4.03,-4.78,-4.88,-4,0.35,2.61,7.9,-0.29,6.54,4.36,0.01,-3.83,Mango,Clay,0.763,0.279,21.81,7,0.363,2.412.951,27.891
10.413,105.701,6.494,2.506,3.64,36.456,26.794,5.699,18.294,45.251,32.526,27.74,4.64,80.6,17.9,12,-4.02,-5.17,-5.35,-3.98,0.31,1.52,7.43,-0.41,8.29,5.16,0.33,-4.15,Mango,Clay Loam,0.722,0.293,23.08,9,0.36,2.820.529,27.724
10.78,106.02,6.298,2,3.64,38.896,31.904,5.57,17.947,43.157,39.247,28.086,3.719,77.658,18.012,12,-3.503,-4.116,-4.187,-3.581,0.088,2.494,5.416,-0.015,5.899,4.927,-0.127,-3.289,Mango,Clay Loam,0.849,0.304,18.818,9,0.313,3.100.197,28.073
10.317,106.524,7,3,3.64,36.995,31.404,6.295,21.301,41.704,42.283,27.911,4.326,79.704,18.059,12,-4.025,-4.776,-4.876,-3.996,0.348,2.603,7.876,-0.289,6.54,4.369,0.013,-3.826,Mango,Clay Loam,0.763,0.3,21.788,7,0.362,1.528.419,27.892
10.534,106.218,6.869,2,3.64,40.116,33.487,6.313,18.079,41.805,36.802,27.89,4.296,79.867,18.06,12,-4,-4.746,-4.843,-4.005,0.337,2.731,7.843,-0.193,6.481,4.169,-0.018,-3.794,Mango,Clay,0.756,0.3,21.599,7,0.364,1.489.395,27.877
9.748,105.083,7,1,3.64,37.143,42.045,5.3,24.965,37.82,45.699,27.967,4.767,81.154,17.03,12,-4.499,-5.517,-5.783,-3.313,-0.485,1.432,7.677,0.149,8.813,4.063,1.737,-4.243,Mango,Clay Loam,0.711,0.297,23.84,9,0.369,3.685.549,27.96
10.515,104.928,7,3,3.64,35.964,34.655,5.539,33.863,30.173,42.805,27.91,4.77,79.76,18.24,12,-3.85,-5.17,-5.46,-3.66,-0.22,0.5,5.61,-0.26,10.88,4.65,0.87,-3.94,Mango,Clay Loam,0.761,0.272,22.56,9,0.483,3.167.404,27.89
10.506,106.291,7,4.735,3.64,39.547,34.163,6.173,21.716,38.695,50.828,27.982,4.068,78.868,18.06,12,-3.832,-4.485,-4.564,-3.84,0.245,2.715,7.002,-0.155,6.16,4.482,-0.142,-3.598,Mango,Clay Loam,0.798,0.311,20.616,7,0.34,1.792.911,27.951
9.705,105.173,7,1.589,3.64,34.315,45.905,5.359,25.4,40.285,48.659,27.966,4.79,81.091,17.03,12,-4.454,-5.516,-5.784,-3.345,-0.458,1.349,7.606,0.104,9.062,4.064,1.636,-4.244,Mango,Clay Loam,0.713,0.3,23.801,9,0.38,3.557.639,27.956
9.419,105.821,6.908,2,3.64,39.346,38.589,5.6,31.176,29.388,44.416,27.604,5.649,82.836,17.03,12,-5.156,-6.196,-6.594,-3.79,-0.182,0.736,10.307,0.405,9.254,6.102,0.634,-5.477,Mango,Clay Loam,0.634,0.28,27.395,7,0.376,3.035.158,27.591
9.799,105.374,7,2.428,3.64,37.142,36.529,5.829,25.586,37.271,44.957,27.52,5.44,82.42,17.03,12,-4.68,-6.01,-6.26,-4.19,0.2,1.23,10.03,-0.2,9.39,5.07,0.41,-4.97,Mango,Clay Loam,0.646,0.294,26.31,7,0.381,2.538.693,27.504
10.578,106.311,7,3.216,3.64,40.637,28.112,6.065,17.632,41.731,25.812,27.91,4.33,79.72,18.06,12,-4.03,-4.78,-4.88,-4,0.35,2.61,7.9,-0.29,6.54,4.36,0.01,-3.83,Mango,Clay,0.763,0.286,21.81,7,0.363,2.027.052,27.889
10.46,105.595,6,2.691,3.64,38.335,31.9,5.617,19.698,41.936,40.645,27.74,4.64,80.6,17.9,12,-4.02,-5.17,-5.35,-3.98,0.31,1.52,7.43,-0.41,8.29,5.16,0.33,-4.15,Mango,Clay Loam,0.722,0.302,23.08,9,0.36,2.998.303,27.723
10.346,104.898,7,2,3.64,31.47,26.311,5.653,26.606,41.924,35.853,27.91,4.77,79.76,18.18,12,-3.85,-5.17,-5.46,-3.66,-0.22,0.5,5.61,-0.26,10.88,4.65,0.87,-3.94,Mango,Clay Loam,0.761,0.279,22.56,9,0.483,2.920.256,27.897
9.228,105.269,6.045,3.91,3.64,36.533,28.953,5.404,32.922,30.545,38.23,28.034,4.464,80.772,17.084,12,-4.423,-5.285,-5.613,-3.259,-0.612,1.235,6.661,0.361,8.082,3.771,2.914,-3.787,Mango,Clay Loam,0.728,0.268,22.979,9,0.351,3460.08,28.009
10.607,105.395,6.179,3.642,3.64,35.111,30.296,5.664,21.475,43.415,35.503,27.77,4.663,80.45,17.9,12,-3.99,-5.17,-5.37,-3.923,0.215,1.338,7.105,-0.383,8.753,5.069,0.427,-4.112,Mango,Clay Loam,0.729,0.29,22.948,9,0.382,2.896.408,27.746
10.309,104.676,6.998,2,3.64,31.1,54.591,5.5,26.904,42.096,46.102,28.02,4.28,79.32,18.24,12,-3.59,-4.73,-4.96,-3.39,-0.31,0.74,4.69,-0.22,9.83,4.01,1.31,-3.42,Mango,Clay Loam,0.783,0.293,20.62,9,0.478,3.251.955,28.007
9.243,105.442,6.636,1.636,3.64,39.8,39.109,5.5,27.609,32.555,41.463,27.745,5.464,82.868,17.03,12,-5.188,-6.055,-6.502,-3.436,-0.253,0.595,9.584,0.732,8.748,6.346,0.895,-5.461,Mango,Clay Loam,0.638,0.285,26.895,7,0.356,3.251.955,27.734
10.521,105.085,6,2.102,3.64,33.987,35.862,5.969,26.488,39.526,42.21,27.91,4.77,79.76,17.9,12,-3.85,-5.17,-5.46,-3.66,-0.22,0.5,5.61,-0.26,10.88,4.65,0.87,-3.94,Mango,Clay Loam,0.761,0.288,22.56,9,0.483,2.235.177,27.896
9.349,105.583,6.258,0.515,3.64,40.371,34.371,5.577,31.132,28.497,34.636,27.629,5.577,82.802,17.478,12,-5.083,-6.13,-6.471,-3.819,-0.046,0.734,10.317,0.471,9.01,5.952,0.526,-5.431,Mango,Clay,0.636,0.267,26.98,7,0.382,3.085.021,27.626
9.929,105.86,7,3.881,3.64,39.849,29.196,6,27.875,32.376,41.649,27.52,5.44,82.42,17.03,12,-4.68,-6.01,-6.26,-4.19,0.2,1.23,10.03,-0.2,9.39,5.07,0.41,-4.97,Mango,Clay Loam,0.646,0.284,26.31,7,0.381,2167.97,27.495
10.639,106.1,6.604,3.396,3.64,40.391,32.894,5.721,17.785,41.825,27.77,27.91,4.33,79.72,18.06,12,-4.03,-4.78,-4.88,-4,0.35,2.61,7.9,-0.29,6.54,4.36,0.01,-3.83,Mango,Clay,0.763,0.288,21.81,7,0.363,2.772.834,27.888
9.663,105.618,6.313,2.687,3.64,40.964,32.575,5.931,25.969,33.099,45.167,27.561,5.605,82.702,17.03,12,-5.003,-6.154,-6.5,-3.957,-0.054,0.907,10.305,0.178,9.356,5.75,0.534,-5.32,Mango,Clay,0.637,0.294,26.988,7,0.381,2317.56,27.544
10.804,104.816,6,6.428,3.64,32.04,36.62,5.469,29.876,38.083,44.945,28.131,4,77.201,18.201,12,-3.283,-4.355,-4.583,-3.403,-0.255,0.659,3.538,0.262,8.95,4.907,0.852,-3.294,Mango,Clay Loam,0.868,0.284,19.173,9,0.467,3.319.162,28.089
10.256,105.599,6,2,3.64,36.124,32.139,5.938,19.359,44.579,35.383,27.74,4.64,80.6,17.9,12,-4.02,-5.17,-5.35,-3.98,0.31,1.52,7.43,-0.41,8.29,5.16,0.33,-4.15,Mango,Clay Loam,0.722,0.295,23.08,9,0.36,2.302.384,27.727
10.453,105.408,7,3.088,3.64,42.024,32.276,5.7,19.302,38.619,36.93,27.74,4.64,80.6,17.9,12,-4.02,-5.17,-5.35,-3.98,0.31,1.52,7.43,-0.41,8.29,5.16,0.33,-4.15,Mango,Clay,0.722,0.297,23.08,9,0.36,2.818.361,27.72
10.265,104.684,7,1.738,3.64,30.962,45.705,5.8,27.957,41.118,55.186,28.295,4.6,79.672,18.24,12,-3.882,-5.189,-5.416,-3.572,-0.207,1.017,6.235,-0.228,9.858,3.83,1.35,-3.814,Mango,Clay Loam,0.782,0.303,22.308,9,0.442,2.601.564,28.284
10.422,105.611,7,7,3.64,32.93,26.827,5.536,23.788,43.282,35.303,27.713,4.737,80.82,17.9,12,-4.1,-5.272,-5.46,-4.005,0.297,1.485,7.745,-0.385,8.423,5.149,0.34,-4.249,Mango,Clay Loam,0.713,0.285,23.471,9,0.359,3.173.908,27.668
10.298,105.788,7,2.838,3.64,41.522,32.43,5.991,19.672,38.765,36.142,27.664,4.878,81.611,17.993,12,-4.345,-5.385,-5.559,-4.085,0.397,1.59,8.964,-0.23,7.895,4.817,0.324,-4.429,Mango,Clay,0.682,0.295,24.033,7,0.374,2.187.482,27.646
9.826,105.818,6.751,4,3.64,37.125,37.271,5.975,27.446,35.429,57.253,27.582,5.4,82.495,17.463,12,-4.732,-5.975,-6.213,-4.076,0.227,1.088,10.02,0.054,9.059,5.212,0.393,-5.05,Mango,Clay Loam,0.646,0.307,26.046,7,0.385,2.222.169,27.556
9.373,106.155,6,2.929,3.64,36.513,37.693,6.064,33.93,29.55,40.964,27.77,5.28,82.72,18.77,12,-4.89,-5.87,-6.07,-3.73,0.31,0.66,9.99,0.82,8.06,5.64,0.34,-5.29,Mango,Clay Loam,0.644,0.269,25.85,7,0.387,2029.22,27.751
10.352,106.001,6.08,4.08,3.64,37.204,27.996,6.46,20.636,42.168,45,27.925,4.283,79.547,18.047,12,-3.977,-4.733,-4.835,-3.959,0.327,2.531,7.634,-0.276,6.538,4.458,0.041,-3.788,Mango,Clay Loam,0.77,0.306,21.568,7,0.355,1.170.704,27.898
10.694,105.003,7,2,3.64,33.81,36.268,5.265,25.071,41.119,40.838,28.071,4.209,77.895,18.119,12,-3.437,-4.576,-4.821,-3.473,-0.246,0.616,4.1,0.121,9.473,4.837,0.857,-3.469,Mango,Clay Loam,0.839,0.29,20.022,9,0.474,3.761.428,28.058
8.632,104.827,6,2,3.64,39.46,61.045,5.417,31.934,28.606,49.978,28.14,3.97,81.31,17.74,12,-3.92,-4.92,-5.23,-3.15,-0.59,0.53,5.39,0.83,6.79,2.56,4.54,-2.86,Mango,Clay Loam,0.712,0.287,20.67,9,0.329,3.431.897,28.127
10.61,105.456,6.331,4.994,3.64,33.101,24.895,5.5,23.533,43.366,33.462,27.74,4.64,80.6,17.9,12,-4.02,-5.17,-5.35,-3.98,0.31,1.52,7.43,-0.41,8.29,5.16,0.33,-4.15,Mango,Clay Loam,0.722,0.283,23.08,9,0.36,3.251.955,27.708
10.461,105.133,6,2.964,3.64,35.578,26.407,5.5,27.1,37.254,31.232,27.99,4.49,78.831,17.9,12,-3.644,-4.874,-5.142,-3.567,-0.233,0.558,4.858,-0.07,10.18,4.743,0.864,-3.705,Mango,Clay Loam,0.8,0.271,21.235,9,0.48,3.251.955,27.971
10.414,104.652,6.362,1.638,3.64,31.509,47.787,5.672,28.974,39.517,50.025,28.201,4.36,79.429,18.24,12,-3.702,-4.9,-5.116,-3.437,-0.27,0.95,5.381,-0.216,9.624,3.771,1.426,-3.536,Mango,Clay Loam,0.787,0.293,21.177,9,0.455,2.879.064,28.19
10.594,105.475,6.406,5.219,3.64,33.056,25.075,5.5,23.563,43.381,33.635,27.74,4.64,80.6,17.9,12,-4.02,-5.17,-5.35,-3.98,0.31,1.52,7.43,-0.41,8.29,5.16,0.33,-4.15,Mango,Clay Loam,0.722,0.283,23.08,9,0.36,3.251.955,27.706
8.766,105.188,6.01,5.97,3.64,31.221,37.698,5.699,35.206,33.573,52.221,28.138,3.978,81.294,17.993,12,-3.919,-4.923,-5.232,-3.155,-0.586,0.53,5.392,0.819,6.831,2.581,4.503,-2.871,Mango,Clay Loam,0.713,0.282,20.686,9,0.331,2.820.529,28.099
9.658,105.947,6.636,1.636,3.64,37.873,34.128,6.127,27.418,34.709,43.691,27.701,5.426,82.76,18.137,12,-4.985,-5.997,-6.267,-3.774,0.135,0.696,10.15,0.649,8.526,5.793,0.431,-5.359,Mango,Clay Loam,0.64,0.288,26.382,7,0.385,1.892.638,27.69
10.217,105.229,6,2,3.64,43.287,30.5,5.6,21.261,35.443,33.816,27.96,4.89,80.82,17.9,12,-4.26,-5.51,-5.79,-3.48,-0.34,0.99,7.3,-0.09,10.14,4.07,1.2,-4.25,Mango,Clay,0.723,0.288,23.72,9,0.428,3.035.158,27.947
10.805,105.469,6.387,3,3.64,35.967,24.565,5.5,20.362,43.71,34.075,28.123,3.802,77.293,17.9,12,-3.308,-4.219,-4.378,-3.444,-0.064,1.262,4.072,0.054,7.358,5.332,0.574,-3.271,Mango,Clay Loam,0.864,0.291,18.684,9,0.394,3.251.955,28.104
9.313,105.365,6,0,3.64,40.664,34.664,5.487,30.837,28.499,35.706,27.638,5.525,82.576,17.03,12,-5.062,-6.103,-6.485,-3.773,-0.228,0.824,9.96,0.355,9.164,5.766,0.896,-5.265,Mango,Clay,0.645,0.269,26.916,7,0.369,3.280.139,27.638
10.611,105.356,6.276,3.448,3.64,35.062,30.131,5.645,21.407,43.531,35.396,27.787,4.676,80.368,17.9,12,-3.973,-5.17,-5.38,-3.892,0.164,1.238,6.928,-0.369,9.005,5.019,0.479,-4.092,Mango,Clay Loam,0.733,0.29,22.876,9,0.394,2.937.599,27.765
8.938,105.122,6,1.121,3.64,38.905,53.064,5.4,32.112,28.983,48.485,28.04,4.45,80.82,17.96,12,-4.45,-5.29,-5.62,-3.24,-0.63,1.27,6.71,0.39,7.95,3.73,3.01,-3.78,Mango,Clay Loam,0.727,0.284,23.01,9,0.345,3.468.752,28.033
9.917,105.821,7,4,3.64,34.573,37.222,6,27.863,37.563,52.837,27.52,5.44,82.42,17.03,12,-4.68,-6.01,-6.26,-4.19,0.2,1.23,10.03,-0.2,9.39,5.07,0.41,-4.97,Mango,Clay Loam,0.646,0.3,26.31,7,0.381,2167.97,27.494
10.107,105.021,6,1.934,3.64,37.413,32.153,5.587,24.593,37.901,41.473,27.96,4.89,80.82,17.911,12,-4.26,-5.51,-5.79,-3.48,-0.34,0.99,7.3,-0.09,10.14,4.07,1.2,-4.25,Mango,Clay Loam,0.723,0.291,23.72,9,0.428,3.063.342,27.947
10.429,106.409,6.534,2.534,3.64,38.025,31.819,6.3,20.787,41.187,41.927,27.91,4.33,79.72,18.06,12,-4.03,-4.78,-4.88,-4,0.35,2.61,7.9,-0.29,6.54,4.36,0.01,-3.83,Mango,Clay Loam,0.763,0.301,21.81,7,0.363,1.517.579,27.894
10.183,105.869,6.142,2,3.64,36.756,31.671,6.286,19.941,43.303,42.215,27.533,5.385,82.409,17.923,12,-4.666,-5.943,-6.182,-4.186,0.237,1.288,10.036,-0.186,9.137,4.999,0.397,-4.922,Mango,Clay Loam,0.647,0.303,26.085,7,0.385,1.547.931,27.52
10.549,105.586,7,2,3.64,35.111,25.323,5.504,20.184,44.706,35.784,27.74,4.64,80.6,17.9,12,-4.02,-5.17,-5.35,-3.98,0.31,1.52,7.43,-0.41,8.29,5.16,0.33,-4.15,Mango,Clay Loam,0.722,0.294,23.08,9,0.36,3.243.283,27.727
8.886,104.883,7,2,3.64,39.865,45.758,5.5,33.284,26.835,49.205,28.04,4.45,80.82,17.74,12,-4.45,-5.29,-5.62,-3.24,-0.63,1.27,6.71,0.39,7.95,3.73,3.01,-3.78,Mango,Clay Loam,0.727,0.282,23.01,9,0.345,3.251.955,28.027
10.796,106.156,6,2.705,3.64,36.989,27.698,5.711,22.559,40.382,31.279,27.98,3.984,78.556,18.013,12,-3.696,-4.402,-4.49,-3.726,0.162,2.465,6.26,-0.1,6.422,4.8,-0.149,-3.537,Mango,Clay Loam,0.81,0.282,20.1,9,0.319,2.794.513,27.962
8.828,104.868,6,2,3.64,37.006,54.717,5.554,33.177,29.818,48.68,28.091,4.203,81.072,17.896,12,-4.178,-5.1,-5.42,-3.194,-0.609,0.89,6.032,0.616,7.354,3.129,3.796,-3.307,Mango,Clay Loam,0.719,0.282,21.808,9,0.337,3.134.885,28.078
10.426,105.06,6,3.154,3.64,34.881,34.442,5.654,25.33,39.789,42.315,27.91,4.77,79.76,17.9,12,-3.85,-5.17,-5.46,-3.66,-0.22,0.5,5.61,-0.26,10.88,4.65,0.87,-3.94,Mango,Clay Loam,0.761,0.291,22.56,9,0.483,2.918.088,27.889
10.278,105.535,6.956,4.913,3.64,35.939,25.231,5.691,22.834,41.227,36.683,27.74,4.64,80.6,17.9,12,-4.02,-5.17,-5.35,-3.98,0.31,1.52,7.43,-0.41,8.29,5.16,0.33,-4.15,Mango,Clay Loam,0.722,0.289,23.08,9,0.36,2.837.873,27.708
9.849,105.384,7,1.246,3.64,35.369,37.415,5.888,27.419,37.212,43.834,27.52,5.44,82.42,17.03,12,-4.68,-6.01,-6.26,-4.19,0.2,1.23,10.03,-0.2,9.39,5.07,0.41,-4.97,Mango,Clay Loam,0.646,0.288,26.31,7,0.381,2.410.783,27.512
10.151,105.408,6.559,114.318,3.64,34.752,36.377,5.812,31.823,33.469,46.091,27.692,5.144,81.246,17.564,12,-4.314,-5.639,-5.907,-3.956,0.015,0.908,8.079,-0.226,10.048,4.885,0.613,-4.515,Mango,Clay Loam,0.696,0.281,24.557,9,0.409,2.575.548,26.949
10.071,106.292,6.343,2,3.64,35.891,38.5,6.094,22.037,42.072,47.705,27.77,4.869,82.67,18.005,12,-4.306,-5.445,-5.61,-4,0.345,1.407,8.972,0.24,8.214,4.164,0.62,-4.563,Mango,Clay Loam,0.646,0.306,23.924,7,0.374,1.964.181,27.757
9.786,104.783,6.271,3.979,3.64,29.852,43.679,5.746,31.087,39.06,68.744,28.417,4.356,80.078,18.172,12,-3.905,-5.124,-5.347,-3.42,-0.306,1.106,6.272,0.072,8.591,3.136,2.418,-3.502,Mango,Clay Loam,0.772,0.315,21.604,9,0.398,2.718.634,28.391
10.349,105.639,7,3.305,3.64,42.035,32.056,5.874,19.322,38.578,36.165,27.695,4.783,81.205,17.956,12,-4.215,-5.299,-5.475,-4.043,0.362,1.562,8.348,-0.302,8.054,4.955,0.327,-4.317,Mango,Clay,0.698,0.296,23.651,7,0.354,2.441.134,27.674
10.293,106.184,6.154,3.39,3.64,42.436,32.652,6.254,19.012,38.636,77.892,27.888,4.477,80.183,18.17,12,-4.163,-4.948,-5.064,-3.958,0.344,2.309,8.223,-0.119,6.775,4.558,0.061,-4.055,Mango,Clay,0.744,0.355,22.307,7,0.369,1.617.306,27.866
9.513,105.771,7,2,3.64,39.285,38.822,5.962,25.769,34.977,45.023,27.638,5.557,82.796,17.565,12,-5.07,-6.112,-6.444,-3.813,-0.022,0.729,10.295,0.495,8.946,5.931,0.513,-5.422,Mango,Clay Loam,0.637,0.294,26.883,7,0.383,2.250.353,27.625
9.808,105.63,6.43,0.43,3.64,34.559,35.91,5.815,27.171,38.27,44.242,27.593,5.409,82.619,17.404,12,-4.905,-5.928,-6.223,-3.983,0.101,1.138,10.275,0.157,8.596,5.419,0.474,-5.115,Mango,Clay Loam,0.642,0.289,26.154,7,0.393,2.569.044,27.59
9.682,105.524,6.673,1.673,3.64,38.729,35.45,5.933,26.006,35.298,51.306,27.58,5.68,82.83,17.03,12,-5.15,-6.22,-6.61,-3.85,-0.17,0.76,10.43,0.35,9.34,6.06,0.59,-5.48,Mango,Clay Loam,0.633,0.302,27.48,7,0.379,2.313.224,27.569
9.393,106.072,6.275,2.725,3.64,37.126,37.975,5.962,33.246,29.6,41.826,27.718,5.39,82.75,18.291,12,-4.962,-5.966,-6.219,-3.763,0.178,0.688,10.111,0.691,8.412,5.756,0.409,-5.342,Mango,Clay Loam,0.641,0.272,26.252,7,0.385,2.250.353,27.7
9.126,104.936,6.694,1.306,3.64,36.747,47.461,5.769,32.963,30.259,54.097,28.04,4.45,80.82,18.06,12,-4.45,-5.29,-5.62,-3.24,-0.63,1.27,6.71,0.39,7.95,3.73,3.01,-3.78,Mango,Clay Loam,0.727,0.29,23.01,9,0.345,2.668.771,28.032
10.778,105.589,6.211,3,3.64,36.64,24.016,5.521,20.234,43.105,33.237,28.113,3.774,77.414,17.9,12,-3.336,-4.211,-4.352,-3.465,-0.008,1.43,4.304,-0.025,6.972,5.445,0.495,-3.289,Mango,Clay Loam,0.859,0.29,18.686,9,0.374,3.206.428,28.094
10.349,106.169,7,5.107,3.64,39.193,26.546,6.355,19.195,41.612,34.945,27.91,4.33,79.72,18.06,12,-4.03,-4.78,-4.88,-4,0.35,2.61,7.9,-0.29,6.54,4.36,0.01,-3.83,Mango,Clay Loam,0.763,0.295,21.81,7,0.363,1.398.341,27.877
10.349,106.24,7,5.194,3.64,38.421,25.999,6.38,20.4,41.199,35.364,27.91,4.33,79.72,18.06,12,-4.03,-4.78,-4.88,-4,0.35,2.61,7.9,-0.29,6.54,4.36,0.01,-3.83,Mango,Clay Loam,0.763,0.293,21.81,7,0.363,1.344.141,27.876
10.199,106.484,6.178,4,3.64,40.86,34.502,6.318,20.918,38.222,47.059,27.663,4.922,81.875,18.06,12,-4.482,-5.405,-5.563,-4.132,0.44,1.812,9.685,-0.134,7.42,4.533,0.265,-4.488,Mango,Clay,0.672,0.308,24.204,7,0.401,1.478.556,27.637
10.395,104.829,7,2.858,3.64,31.029,35.854,5.586,29.143,39.842,40.985,27.91,4.77,79.76,18.24,12,-3.85,-5.17,-5.46,-3.66,-0.22,0.5,5.61,-0.26,10.88,4.65,0.87,-3.94,Mango,Clay Loam,0.761,0.28,22.56,9,0.483,3065.51,27.891
10.765,106.196,6.083,2,3.64,39.475,31.325,5.592,17.625,42.9,38.925,28.082,3.713,77.688,18.047,12,-3.544,-4.09,-4.146,-3.609,0.097,2.757,5.671,0.017,5.713,4.728,-0.287,-3.283,Mango,Clay Loam,0.847,0.304,18.959,9,0.301,3.052.502,28.069
10.8,105.432,6.569,3,3.64,35.352,23.872,5.557,21.988,42.603,33.129,28.134,3.831,77.167,17.9,12,-3.279,-4.228,-4.405,-3.422,-0.122,1.089,3.835,0.136,7.756,5.216,0.656,-3.253,Mango,Clay Loam,0.87,0.286,18.709,9,0.415,3.128.381,28.114
10.376,105.353,6.681,2,3.64,42.109,32.794,5.468,20.958,36.965,33.175,27.89,4.81,80.75,17.9,12,-4.183,-5.402,-5.65,-3.639,-0.133,1.159,7.341,-0.192,9.55,4.418,0.923,-4.218,Mango,Clay,0.723,0.288,23.417,9,0.408,3321.33,27.877
10.008,105.837,6.418,2,3.64,34.66,37.627,5.991,22.882,42.458,45.334,27.572,5.213,82.373,17.393,12,-4.622,-5.736,-5.94,-4.173,0.351,1.469,10.053,-0.142,8.354,4.779,0.358,-4.772,Mango,Clay Loam,0.65,0.301,25.385,7,0.396,2.187.482,27.559
10.687,106.473,7,3,3.64,39.705,31.017,5.9,23.306,36.926,27.554,27.91,4.33,79.72,18.06,12,-4.03,-4.78,-4.88,-4,0.35,2.61,7.9,-0.29,6.54,4.36,0.01,-3.83,Mango,Clay Loam,0.763,0.275,21.81,7,0.363,2.384.767,27.89
10.464,105.16,6.601,2,3.64,35.642,30.9,5.62,21.856,42.503,36.738,27.91,4.77,79.76,17.9,12,-3.85,-5.17,-5.46,-3.66,-0.22,0.5,5.61,-0.26,10.88,4.65,0.87,-3.94,Mango,Clay Loam,0.761,0.291,22.56,9,0.483,2.991.799,27.897
9.598,105.947,7,1.294,3.64,41.659,41.234,5.929,25.206,33.135,37.588,27.636,5.562,82.798,17.542,12,-5.073,-6.117,-6.451,-3.815,-0.029,0.731,10.3,0.488,8.963,5.936,0.516,-5.424,Mango,Clay,0.637,0.285,26.909,7,0.382,2.321.896,27.628
10.214,105.029,7,1.312,3.64,33.854,27.064,5.531,24.986,41.092,34.448,27.944,4.853,80.49,18.006,12,-4.132,-5.404,-5.687,-3.536,-0.303,0.837,6.773,-0.143,10.371,4.251,1.097,-4.153,Mango,Clay Loam,0.735,0.281,23.358,9,0.445,3.184.748,27.935
10.505,106.217,7,3,3.64,39.737,31.626,5.987,18.675,41.588,28.573,27.91,4.33,79.72,18.06,12,-4.03,-4.78,-4.88,-4,0.35,2.61,7.9,-0.29,6.54,4.36,0.01,-3.83,Mango,Clay Loam,0.763,0.287,21.81,7,0.363,2.196.154,27.89
10.481,104.966,6.167,92.828,3.64,30.749,37.315,5.75,40.484,28.833,44.849,27.91,4.77,79.76,18.24,12,-3.85,-5.17,-5.46,-3.66,-0.22,0.5,5.61,-0.26,10.88,4.65,0.87,-3.94,Mango,Clay Loam,0.761,0.26,22.56,9,0.483,2.709.962,27.307
10.437,105.632,7,2,3.64,38.932,34.669,5.885,18.883,42.228,42.763,27.74,4.64,80.6,17.9,12,-4.02,-5.17,-5.35,-3.98,0.31,1.52,7.43,-0.41,8.29,5.16,0.33,-4.15,Mango,Clay Loam,0.722,0.306,23.08,9,0.36,2.417.287,27.727
9.149,105.235,6.143,0.285,3.64,41.886,36.185,5.429,30.343,27.786,40.1,27.974,4.625,81.107,17.03,12,-4.55,-5.423,-5.761,-3.327,-0.564,1.197,7.24,0.384,8.148,4.062,2.665,-4.022,Mango,Clay,0.713,0.276,23.647,9,0.344,3.405.881,27.972
10.317,105.613,6.89,2.11,3.64,40.865,29.649,5.622,17.278,41.868,32.246,27.74,4.64,80.6,17.9,12,-4.02,-5.17,-5.35,-3.98,0.31,1.52,7.43,-0.41,8.29,5.16,0.33,-4.15,Mango,Clay,0.722,0.295,23.08,9,0.36,2.987.463,27.726
10.261,105.097,6.654,2.346,3.64,30.892,26.757,5.738,26.154,42.953,36.238,27.775,5.002,80.68,18.122,12,-4.137,-5.461,-5.737,-3.843,-0.075,0.752,7.139,-0.239,10.365,4.795,0.711,-4.296,Mango,Clay Loam,0.721,0.281,23.788,9,0.436,2.735.978,27.76
9.951,105.537,6.154,2.846,3.64,33.933,33.77,5.854,26.484,39.668,37.146,27.52,5.44,82.42,17.03,12,-4.68,-6.01,-6.26,-4.19,0.2,1.23,10.03,-0.2,9.39,5.07,0.41,-4.97,Mango,Clay Loam,0.646,0.281,26.31,7,0.381,2.484.494,27.502
10.614,105.944,6,2,3.64,37.967,33.38,5.608,17.803,44.136,34.597,27.906,4.338,79.742,17.9,12,-4.03,-4.79,-4.892,-3.999,0.349,2.582,7.888,-0.293,6.585,4.38,0.018,-3.838,Mango,Clay Loam,0.762,0.297,21.842,7,0.362,3.017.814,27.893
10.18,106.425,6.354,2.354,3.64,37.617,38.571,6.335,21.44,40.944,50.577,27.904,4.485,81.709,18.06,12,-4.082,-5.019,-5.132,-3.935,0.395,1.893,8.236,0.201,7.225,3.927,0.475,-4.166,Mango,Clay Loam,0.688,0.311,22.334,7,0.368,1441.7,27.889
9.905,105.018,7,4.452,3.64,33.808,37.464,5.636,35.945,30.246,44.427,27.957,4.654,80.145,18.149,12,-4.068,-5.214,-5.518,-3.507,-0.369,0.78,6.009,-0.024,9.816,4.316,1.647,-3.882,Mango,Clay Loam,0.749,0.27,22.582,9,0.435,2.957.111,27.928
10.122,104.896,7,2.659,3.64,30.824,46.392,5.664,26.587,42.655,53.975,27.93,4.753,80.278,17.828,12,-4.102,-5.289,-5.569,-3.52,-0.329,0.875,6.363,-0.09,10.005,4.449,1.234,-4.042,Mango,Clay Loam,0.742,0.304,22.941,9,0.436,2.896.408,27.913
10.685,104.933,6.072,3.143,3.64,27.194,34.193,5.5,33.436,39.371,29.258,27.928,4.708,79.553,18.24,12,-3.804,-5.104,-5.389,-3.639,-0.223,0.513,5.442,-0.218,10.724,4.671,0.869,-3.888,Mango,Clay Loam,0.77,0.254,22.265,9,0.483,3.251.955,27.908
10.596,105.98,6.41,2,3.64,39.487,33.037,6.013,19.381,41.173,40.967,27.84,4.457,80.08,17.994,12,-4.026,-4.94,-5.073,-3.992,0.334,2.164,7.707,-0.339,7.257,4.688,0.141,-3.961,Mango,Clay Loam,0.746,0.303,22.331,7,0.346,2.139.786,27.827
10.588,105.812,6.311,2,3.64,40.107,32.585,5.944,18.613,41.242,40.269,27.74,4.64,80.6,17.9,12,-4.02,-5.17,-5.35,-3.98,0.31,1.52,7.43,-0.41,8.29,5.16,0.33,-4.15,Mango,Clay,0.722,0.304,23.08,9,0.36,2.289.376,27.727
10.253,106.26,6.677,5.354,3.64,40.091,34.403,6.3,21.509,38.4,48.673,27.813,4.562,80.566,18.06,12,-4.208,-5.025,-5.148,-4.052,0.386,2.297,8.601,-0.229,6.885,4.428,0.11,-4.088,Mango,Clay,0.727,0.309,22.75,7,0.379,1.517.579,27.778
10.58,105.173,7,2,3.64,35.609,30.112,5.621,20.537,43.855,35.509,27.91,4.77,79.76,17.9,12,-3.85,-5.17,-5.46,-3.66,-0.22,0.5,5.61,-0.26,10.88,4.65,0.87,-3.94,Mango,Clay Loam,0.761,0.292,22.56,9,0.483,2.989.631,27.897
10.307,106.115,7,2,3.64,40.928,33.1,6.309,19.644,39.428,35.334,27.719,4.787,81.385,18.06,12,-4.379,-5.263,-5.407,-4.102,0.42,1.994,9.279,-0.169,7.22,4.493,0.207,-4.338,Mango,Clay,0.692,0.294,23.658,7,0.393,1.498.067,27.706
10.828,105.383,7,2.782,3.64,33.582,23.46,5.556,24.274,42.065,31.911,28.147,3.865,77.02,17.9,12,-3.245,-4.239,-4.437,-3.396,-0.19,0.887,3.555,0.232,8.223,5.079,0.752,-3.232,Mango,Clay Loam,0.876,0.279,18.739,9,0.439,3.130.549,28.129
10.601,105.466,6.012,3.976,3.64,35.211,30.59,5.699,21.57,43.219,35.724,27.74,4.64,80.6,17.9,12,-4.02,-5.17,-5.35,-3.98,0.31,1.52,7.43,-0.41,8.29,5.16,0.33,-4.15,Mango,Clay Loam,0.722,0.29,23.08,9,0.36,2.820.529,27.714
10.63,106.47,7,2.908,3.64,40.754,29.628,5.9,23.127,36.119,25.647,27.91,4.33,79.72,18.06,12,-4.03,-4.78,-4.88,-4,0.35,2.61,7.9,-0.29,6.54,4.36,0.01,-3.83,Mango,Clay,0.763,0.273,21.81,7,0.363,2.384.767,27.891
10.856,105.413,7,2.688,3.64,36.518,32.561,5.569,20.652,42.761,40.025,28.1,3.74,77.56,17.9,12,-3.37,-4.2,-4.32,-3.49,0.06,1.63,4.58,-0.12,6.51,5.58,0.4,-3.31,Mango,Clay Loam,0.853,0.299,18.81,9,0.347,3.102.365,28.083
9.669,105.242,7,1.859,3.64,33.45,47.744,5.386,25.4,41.15,48.686,27.969,4.744,81.215,17.03,12,-4.544,-5.519,-5.781,-3.282,-0.512,1.514,7.747,0.194,8.567,4.061,1.836,-4.241,Mango,Clay Loam,0.709,0.3,23.879,9,0.358,3.499.104,27.957
10.518,106.185,7,2,3.64,40.917,33.294,6.403,18.257,40.826,35.214,27.91,4.33,79.72,18.06,12,-4.03,-4.78,-4.88,-4,0.35,2.61,7.9,-0.29,6.54,4.36,0.01,-3.83,Mango,Clay,0.763,0.297,21.81,7,0.363,1.294.278,27.897
10.345,106.145,7,3.972,3.64,41.534,35.839,6.389,21.017,37.447,51.517,27.915,4.313,79.664,18.06,12,-4.017,-4.761,-4.859,-3.99,0.343,2.617,7.841,-0.281,6.515,4.368,0,-3.815,Mango,Clay,0.765,0.314,21.723,7,0.362,1324.63,27.889
10.273,105.284,6,2,3.64,42.035,29.186,5.6,21.857,36.108,34.664,27.849,4.764,80.709,17.9,12,-4.139,-5.338,-5.568,-3.733,-0.011,1.258,7.366,-0.252,9.205,4.621,0.76,-4.199,Mango,Clay,0.723,0.288,23.24,9,0.397,3.035.158,27.836
10.086,105.214,6.036,2,3.64,32.622,30.385,5.611,27.582,39.796,30.94,27.958,4.886,80.782,17.9,12,-4.245,-5.498,-5.778,-3.486,-0.336,0.972,7.239,-0.096,10.167,4.091,1.188,-4.239,Mango,Clay Loam,0.725,0.27,23.678,9,0.43,3011.31,27.945
9.843,105.055,7,1,3.64,37.377,42.593,5.3,25.477,37.107,41.398,27.964,4.825,80.997,17.03,12,-4.387,-5.514,-5.786,-3.392,-0.417,1.224,7.5,0.037,9.437,4.066,1.484,-4.246,Mango,Clay Loam,0.717,0.289,23.742,9,0.397,3.685.549,27.958
9.622,105.835,7,2.039,3.64,38.204,30.757,5.9,24.539,37.257,45.523,27.578,5.671,82.814,17.03,12,-5.132,-6.212,-6.596,-3.863,-0.156,0.778,10.414,0.329,9.342,6.021,0.583,-5.46,Mango,Clay Loam,0.634,0.297,27.419,7,0.379,2.384.767,27.565
10.31,105.629,7,2.031,3.64,40.678,30.047,5.619,17.365,41.954,32.341,27.74,4.64,80.6,17.9,12,-4.02,-5.17,-5.35,-3.98,0.31,1.52,7.43,-0.41,8.29,5.16,0.33,-4.15,Mango,Clay,0.722,0.295,23.08,9,0.36,2.993.967,27.727
10.053,106.178,6,3.224,3.64,36.116,29.824,6.2,21.584,42.339,38.4,27.61,5.05,82.34,18.06,12,-4.58,-5.54,-5.71,-4.16,0.46,1.64,10.07,-0.1,7.61,4.57,0.32,-4.63,Mango,Clay Loam,0.653,0.294,24.72,7,0.408,1.734.376,27.589
10.632,105.66,7,2,3.64,39.964,34.004,5.712,18.168,41.952,39.608,27.767,4.59,80.459,17.926,12,-4.022,-5.108,-5.275,-3.983,0.316,1.694,7.505,-0.391,8.01,5.032,0.279,-4.099,Mango,Clay Loam,0.729,0.304,22.878,9,0.351,2.792.345,27.754
10.32,105.631,7,2.023,3.64,36.995,27,5.6,19.509,43.593,32.179,27.74,4.64,80.6,17.9,12,-4.02,-5.17,-5.35,-3.98,0.31,1.52,7.43,-0.41,8.29,5.16,0.33,-4.15,Mango,Clay Loam,0.722,0.29,23.08,9,0.36,3.035.158,27.727
10.427,106.25,6,3.512,3.64,35.744,34.763,6.276,20.259,44.022,38.731,27.91,4.33,79.72,18.06,12,-4.03,-4.78,-4.88,-4,0.35,2.61,7.9,-0.29,6.54,4.36,0.01,-3.83,Mango,Clay Loam,0.763,0.298,21.81,7,0.363,1569.61,27.887
10.457,105.643,6.459,3,3.64,39.404,27.804,5.875,19.238,41.312,31.204,27.74,4.64,80.6,17.9,12,-4.02,-5.17,-5.35,-3.98,0.31,1.52,7.43,-0.41,8.29,5.16,0.33,-4.15,Mango,Clay Loam,0.722,0.289,23.08,9,0.36,2.438.966,27.72
9.366,106.125,6,2.289,3.64,38.432,37.629,5.745,32.394,29.102,40.645,27.77,5.28,82.72,18.77,12,-4.89,-5.87,-6.07,-3.73,0.31,0.66,9.99,0.82,8.06,5.64,0.34,-5.29,Mango,Clay Loam,0.644,0.272,25.85,7,0.387,2.720.802,27.755
10.339,105.655,6.9,2,3.64,40.41,30.35,5.64,17.44,42.15,32.45,27.757,4.609,80.512,17.9,12,-4.021,-5.131,-5.303,-3.982,0.314,1.629,7.477,-0.398,8.115,5.08,0.298,-4.118,Mango,Clay,0.726,0.295,22.953,9,0.354,2.948.439,27.744
9.555,105.377,7,1,3.64,36.681,48.468,5.477,27.403,35.916,38.163,27.624,5.588,82.597,17.03,12,-5.047,-6.138,-6.515,-3.807,-0.19,0.787,10.066,0.299,9.433,5.829,0.661,-5.337,Mango,Clay Loam,0.644,0.28,27.034,7,0.372,3.301.818,27.618
8.899,104.972,6,2.956,3.64,40.399,48.135,5.4,29.965,29.641,47.769,28.04,4.45,80.82,17.709,12,-4.45,-5.29,-5.62,-3.24,-0.63,1.27,6.71,0.39,7.95,3.73,3.01,-3.78,Mango,Clay,0.727,0.288,23.01,9,0.345,3.468.752,28.021
10.86,105.217,6.686,4.372,3.64,33.616,31.621,5.131,30.093,36.259,24.476,28.135,3.84,77.131,18.133,12,-3.32,-4.197,-4.363,-3.448,-0.147,1.364,4.055,0.236,7.739,4.849,0.473,-3.232,Mango,Clay Loam,0.871,0.255,18.707,9,0.413,4.051.936,28.107
10.373,106.255,7,2.888,3.64,40.345,30.455,6.222,19.077,40.579,31.778,27.891,4.365,79.818,18.042,12,-4.029,-4.824,-4.932,-3.998,0.346,2.488,7.848,-0.303,6.735,4.449,0.046,-3.866,Mango,Clay,0.758,0.291,21.952,7,0.358,1.686.681,27.872
10.394,105.089,7,62.279,3.64,33.421,32.529,5.719,34.282,32.297,40.371,27.821,4.741,80.551,17.76,12,-4.023,-5.238,-5.476,-3.708,-0.108,0.935,6.81,-0.212,9.655,4.431,0.953,-4.035,Mango,Clay Loam,0.728,0.268,22.8,9,0.424,2777.17,27.416
9.377,106.124,6,2.827,3.64,36.647,37.249,6.031,33.909,29.444,40.099,27.77,5.28,82.72,18.468,12,-4.89,-5.87,-6.07,-3.73,0.31,0.66,9.99,0.82,8.06,5.64,0.34,-5.29,Mango,Clay Loam,0.644,0.268,25.85,7,0.387,2.100.763,27.752
9.736,105.105,7,1,3.64,37.479,42.097,5.3,24.81,37.613,44.664,27.97,4.723,81.273,17.03,12,-4.585,-5.52,-5.78,-3.254,-0.537,1.59,7.812,0.235,8.339,4.06,1.928,-4.24,Mango,Clay Loam,0.707,0.295,23.916,9,0.348,3.685.549,27.964
10.839,105.245,6.288,3,3.64,33.487,29.143,5.642,22.698,43.844,34.233,28.16,3.9,76.87,17.9,12,-3.21,-4.25,-4.47,-3.37,-0.26,0.68,3.27,0.33,8.7,4.94,0.85,-3.21,Mango,Clay Loam,0.882,0.286,18.77,9,0.464,2.944.103,28.14
8.939,105.134,6,1.078,3.64,38.77,52.906,5.4,32.018,29.212,49.049,28.04,4.45,80.82,17.98,12,-4.45,-5.29,-5.62,-3.24,-0.63,1.27,6.71,0.39,7.95,3.73,3.01,-3.78,Mango,Clay Loam,0.727,0.285,23.01,9,0.345,3.468.752,28.033
9.672,105.122,7,1,3.64,37.121,35.226,5.778,26.423,36.456,45.912,27.966,4.786,81.101,17.03,12,-4.461,-5.516,-5.784,-3.34,-0.462,1.362,7.617,0.111,9.023,4.064,1.652,-4.244,Mango,Clay Loam,0.713,0.294,23.807,9,0.379,2.649.259,27.96
10.423,106.148,7,3.542,3.64,38.669,25.793,6.339,20.4,40.993,36.313,27.91,4.33,79.72,18.06,12,-4.03,-4.78,-4.88,-4,0.35,2.61,7.9,-0.29,6.54,4.36,0.01,-3.83,Mango,Clay Loam,0.763,0.294,21.81,7,0.363,1.433.028,27.887
9.859,106.109,7,1.66,3.64,36.949,33.672,6.166,27.66,35.391,44.098,27.716,5.202,82.591,18.474,12,-4.784,-5.758,-5.947,-3.876,0.361,0.994,10.017,0.507,7.907,5.276,0.333,-5.065,Mango,Clay Loam,0.647,0.288,25.43,7,0.394,1.808.087,27.705
9.951,104.952,7,1.459,3.64,32.296,47.238,5.617,27.024,40.68,51.732,28.268,4.601,80.381,17.685,12,-4.216,-5.347,-5.569,-3.396,-0.356,1.448,7.159,-0.004,8.824,3.676,1.772,-3.969,Mango,Clay Loam,0.753,0.3,22.857,9,0.386,2.998.303,28.259
9.672,106.137,7,10.075,3.64,38.291,29.984,5.985,26.169,35.54,84.977,27.792,5.201,82.264,18.688,12,-4.73,-5.762,-5.976,-3.719,0.228,0.635,9.315,0.654,8.495,5.487,0.422,-5.082,Mango,Clay Loam,0.662,0.349,25.269,7,0.369,2200.49,27.727
10.684,105.86,6.554,2.446,3.64,39.588,33.431,5.823,17.174,43.294,42.03,27.816,4.502,80.207,17.971,12,-4.024,-4.996,-5.14,-3.989,0.328,2.006,7.64,-0.356,7.509,4.803,0.187,-4.007,Mango,Clay Loam,0.74,0.309,22.512,7,0.34,2.551.701,27.8
10.168,105.94,6,3.083,3.64,34.417,36.404,6.092,23.842,41.742,46.3,27.68,4.828,81.397,17.501,12,-4.277,-5.34,-5.515,-4.062,0.379,1.575,8.64,-0.268,7.978,4.89,0.325,-4.37,Mango,Clay Loam,0.69,0.3,23.832,7,0.363,1.968.517,27.66
10.343,105.585,7,2,3.64,41.538,32.995,5.752,16.233,42.229,32.552,27.74,4.64,80.6,17.9,12,-4.02,-5.17,-5.35,-3.98,0.31,1.52,7.43,-0.41,8.29,5.16,0.33,-4.15,Mango,Clay,0.722,0.298,23.08,9,0.36,2.705.627,27.727
10.223,104.676,7,1.166,3.64,31.6,47.431,5.75,28.15,40.266,52.936,28.437,4.463,79.57,18.24,12,-3.848,-5.122,-5.318,-3.498,-0.218,1.224,6.282,-0.212,9.355,3.46,1.577,-3.687,Mango,Clay Loam,0.792,0.299,21.903,9,0.427,2.709.962,28.429
10.248,105.245,6.56,2,3.64,42.436,31.451,5.656,20.781,36.739,40.214,27.932,4.823,80.227,17.9,12,-4.031,-5.32,-5.605,-3.581,-0.273,0.716,6.354,-0.185,10.554,4.395,1.015,-4.077,Mango,Clay,0.744,0.299,23.072,9,0.458,2.913.752,27.919
9.991,105.661,6.302,2,3.64,39.665,27.349,5.781,24.588,35.677,36.756,27.596,5.392,82.511,18.163,12,-4.743,-5.968,-6.203,-4.051,0.233,1.058,10.018,0.108,8.988,5.242,0.389,-5.067,Mango,Clay Loam,0.646,0.285,26.032,7,0.385,2.642.755,27.583
10.471,104.951,6,312.534,3.64,33.844,38.944,5.404,40.218,25.963,47.329,27.91,4.77,79.76,18.24,12,-3.85,-5.17,-5.46,-3.66,-0.22,0.5,5.61,-0.26,10.88,4.65,0.87,-3.94,Mango,Clay Loam,0.761,0.264,22.56,9,0.483,3460.08,25.879
10.495,106.206,7,2,3.64,41.266,33.178,6.461,18.403,40.331,34.487,27.91,4.33,79.72,18.06,12,-4.03,-4.78,-4.88,-4,0.35,2.61,7.9,-0.29,6.54,4.36,0.01,-3.83,Mango,Clay,0.763,0.296,21.81,7,0.363,1.168.536,27.897
10.055,106.147,6,4,3.64,35.954,30.6,6.171,21.694,42.352,38.244,27.617,5.026,82.24,18.051,12,-4.548,-5.519,-5.689,-4.15,0.451,1.633,9.918,-0.118,7.649,4.604,0.321,-4.602,Mango,Clay Loam,0.656,0.294,24.626,7,0.404,1.797.247,27.591
8.965,105.517,6.658,12.685,3.64,34.43,39.008,5.703,32.715,32.855,66.66,28.013,4.419,81.793,18.257,12,-4.252,-5.245,-5.518,-3.349,-0.282,0.575,6.965,0.827,7.225,3.615,3.102,-3.692,Mango,Clay Loam,0.689,0.308,22.338,9,0.324,2.811.857,27.931
10.482,104.934,6.27,307.736,3.64,34.349,38.803,5.435,39.778,25.873,48.089,27.91,4.77,79.76,18.24,12,-3.85,-5.17,-5.46,-3.66,-0.22,0.5,5.61,-0.26,10.88,4.65,0.87,-3.94,Mango,Clay Loam,0.761,0.266,22.56,9,0.483,3.392.873,25.91
10.252,105.532,7,5.067,3.64,35.953,25.334,5.703,22.927,41.12,36.63,27.733,4.667,80.661,17.9,12,-4.042,-5.198,-5.381,-3.987,0.306,1.51,7.517,-0.403,8.327,5.157,0.333,-4.178,Mango,Clay Loam,0.72,0.289,23.189,9,0.36,2.811.857,27.7
10.686,106.362,6.558,2.558,3.64,41.196,30.74,5.8,20.535,38.269,26.894,27.91,4.33,79.72,18.06,12,-4.03,-4.78,-4.88,-4,0.35,2.61,7.9,-0.29,6.54,4.36,0.01,-3.83,Mango,Clay,0.763,0.28,21.81,7,0.363,2.601.564,27.893
10.505,105.579,7,5.264,3.64,33.325,26.535,5.639,24.008,42.667,34.549,27.74,4.64,80.6,17.9,12,-4.02,-5.17,-5.35,-3.98,0.31,1.52,7.43,-0.41,8.29,5.16,0.33,-4.15,Mango,Clay Loam,0.722,0.283,23.08,9,0.36,2.950.607,27.706
9.319,105.759,7,2.161,3.64,42.159,36.555,5.842,30.087,27.754,46.161,27.69,5.448,82.766,17.03,12,-4.999,-6.017,-6.297,-3.78,0.109,0.702,10.175,0.623,8.597,5.816,0.445,-5.37,Mango,Clay,0.64,0.285,26.463,7,0.384,2.510.509,27.676
9.529,105.332,6.139,2.278,3.64,35.591,40.657,5.656,26.881,37.528,52.989,27.907,4.82,81.439,17.03,12,-4.603,-5.588,-5.847,-3.381,-0.437,1.548,8.128,0.179,8.46,4.201,1.727,-4.342,Mango,Clay Loam,0.698,0.302,24.198,9,0.349,2.913.752,27.892
8.949,104.979,6.556,2,3.64,39.823,51.244,5.544,30.001,30.132,49.479,28.04,4.45,80.82,17.425,12,-4.45,-5.29,-5.62,-3.24,-0.63,1.27,6.71,0.39,7.95,3.73,3.01,-3.78,Mango,Clay Loam,0.727,0.29,23.01,9,0.345,3.156.564,28.027
10.289,105.312,6,2,3.64,35.05,31.213,5.813,22.634,42.315,37.136,27.804,4.689,80.286,17.9,12,-3.956,-5.17,-5.391,-3.86,0.112,1.139,6.75,-0.354,9.258,4.969,0.532,-4.072,Mango,Clay Loam,0.737,0.29,22.803,9,0.407,2573.38,27.791
10.136,105.84,6,3.022,3.64,35.609,30.991,6.102,21.7,42.691,37.618,27.674,4.85,81.489,17.982,12,-4.306,-5.359,-5.534,-4.072,0.387,1.581,8.779,-0.252,7.942,4.858,0.325,-4.395,Mango,Clay Loam,0.687,0.293,23.918,7,0.368,1.946.837,27.654
10.03,105.819,6.402,2,3.64,35.36,38.56,5.999,22.18,42.46,44.544,27.52,5.44,82.42,17.9,12,-4.68,-6.01,-6.26,-4.19,0.2,1.23,10.03,-0.2,9.39,5.07,0.41,-4.97,Mango,Clay Loam,0.646,0.301,26.31,7,0.381,2.170.138,27.507
9.335,105.951,6.994,2.994,3.64,40.893,37.102,5.799,29.521,29.586,47.009,27.77,5.28,82.721,17.03,12,-4.892,-5.871,-6.072,-3.727,0.306,0.659,9.985,0.821,8.062,5.645,0.344,-5.291,Mango,Clay,0.644,0.288,25.853,7,0.387,2.603.732,27.751
10.622,105.453,6,2.239,3.64,35.589,25.332,5.588,22.432,41.98,35.869,27.74,4.64,80.6,17.9,12,-4.02,-5.17,-5.35,-3.98,0.31,1.52,7.43,-0.41,8.29,5.16,0.33,-4.15,Mango,Clay Loam,0.722,0.289,23.08,9,0.36,3.061.174,27.725
10.365,106.453,6.377,3.247,3.64,37.525,36.416,6.275,19.148,43.327,39.884,27.854,4.232,80.142,18.06,12,-3.943,-4.682,-4.775,-4.015,0.312,2.956,7.738,-0.011,6.371,3.814,-0.069,-3.728,Mango,Clay Loam,0.744,0.302,21.223,7,0.365,1.571.778,27.833
10.406,105.705,7,2,3.64,36.431,27.171,5.714,19.101,44.511,33.41,27.74,4.64,80.6,17.9,12,-4.02,-5.17,-5.35,-3.98,0.31,1.52,7.43,-0.41,8.29,5.16,0.33,-4.15,Mango,Clay Loam,0.722,0.293,23.08,9,0.36,2.788.009,27.727
10.111,105.574,6.621,2,3.64,35.262,37.021,5.662,22.414,42.324,44.852,27.52,5.44,82.42,17.9,12,-4.68,-6.01,-6.26,-4.19,0.2,1.23,10.03,-0.2,9.39,5.07,0.41,-4.97,Mango,Clay Loam,0.646,0.301,26.31,7,0.381,2.900.744,27.507
10.382,105.644,6.201,3.597,3.64,37.879,27.719,5.6,17.423,44.718,32.18,27.74,4.64,80.6,17.9,12,-4.02,-5.17,-5.35,-3.98,0.31,1.52,7.43,-0.41,8.29,5.16,0.33,-4.15,Mango,Clay Loam,0.722,0.295,23.08,9,0.36,3.035.158,27.717
10.598,105.477,6.395,2,3.64,35.347,25.935,5.719,23.13,41.523,35.273,27.74,4.64,80.6,17.9,12,-4.02,-5.17,-5.35,-3.98,0.31,1.52,7.43,-0.41,8.29,5.16,0.33,-4.15,Mango,Clay Loam,0.722,0.286,23.08,9,0.36,2777.17,27.727
10.041,106.489,6.039,2.039,3.64,34.596,33.836,6.288,23.703,41.609,35.01,27.606,5.065,82.343,18.019,12,-4.584,-5.559,-5.732,-4.161,0.45,1.624,10.068,-0.104,7.68,4.59,0.324,-4.643,Mango,Clay Loam,0.652,0.284,24.783,7,0.407,1.543.595,27.593
9.287,105.541,7,2,3.64,38.251,37.546,5.495,31.105,30.544,44.052,27.821,5.035,81.776,17.03,12,-4.783,-5.732,-6.091,-3.53,-0.411,1.027,8.479,0.371,8.611,4.838,1.859,-4.588,Mango,Clay Loam,0.682,0.28,25.135,9,0.342,3.262.795,27.808
10.733,106.059,6,2.914,3.64,38.348,31.64,5.772,19.157,42.495,31.94,27.988,4.047,78.797,17.973,12,-3.815,-4.46,-4.537,-3.826,0.236,2.724,6.927,-0.144,6.129,4.493,-0.155,-3.579,Mango,Clay Loam,0.801,0.291,20.516,7,0.338,2.662.267,27.969
9.648,106.193,7,3.545,3.64,38.327,36.013,5.986,25.609,36.064,36.164,27.713,5.316,82.652,18.374,12,-4.842,-5.902,-6.113,-3.835,0.285,0.79,9.999,0.588,8.363,5.51,0.356,-5.217,Mango,Clay Loam,0.645,0.282,25.909,7,0.386,2.198.322,27.69
9.487,105.123,7,1.964,3.64,37.307,40.172,5.589,24.993,37.696,45.082,27.97,4.72,81.28,17.03,12,-4.59,-5.52,-5.78,-3.25,-0.54,1.6,7.82,0.24,8.31,4.06,1.94,-4.24,Mango,Clay Loam,0.706,0.296,23.92,9,0.347,3.059.006,27.957
10.688,106.059,6.091,1.181,3.64,41.391,32.319,5.936,19.391,39.309,30.518,27.91,4.33,79.72,18.06,12,-4.03,-4.78,-4.88,-4,0.35,2.61,7.9,-0.29,6.54,4.36,0.01,-3.83,Mango,Clay,0.763,0.288,21.81,7,0.363,2306.72,27.902
10.6,105.925,6.722,2.556,3.64,38.372,25.239,6.106,21.345,40.355,37.895,27.963,4.166,79.12,18.016,12,-3.847,-4.619,-4.724,-3.858,0.269,2.338,6.978,-0.243,6.532,4.699,0.118,-3.686,Mango,Clay Loam,0.788,0.294,20.977,7,0.333,1.938.165,27.946
10.58,105.528,6.533,2,3.64,35.473,25.393,5.547,21.18,43.347,36.033,27.74,4.64,80.6,17.9,12,-4.02,-5.17,-5.35,-3.98,0.31,1.52,7.43,-0.41,8.29,5.16,0.33,-4.15,Mango,Clay Loam,0.722,0.292,23.08,9,0.36,3150.06,27.727
9.649,105.824,7,2.13,3.64,38.213,30.657,5.9,24.63,37.157,45.578,27.572,5.649,82.777,17.03,12,-5.089,-6.193,-6.564,-3.894,-0.122,0.821,10.378,0.278,9.347,5.931,0.567,-5.414,Mango,Clay Loam,0.635,0.297,27.276,7,0.38,2.384.767,27.558
9.598,106.208,6.131,12.693,3.64,40.838,35.022,5.913,26.6,32.562,60.93,27.737,5.301,82.681,18.543,12,-4.863,-5.888,-6.095,-3.79,0.296,0.734,9.995,0.687,8.234,5.566,0.349,-5.248,Mango,Clay,0.645,0.314,25.884,7,0.386,2.356.583,27.654
10.337,105.528,6,3,3.64,38.268,27.379,5.758,20.365,41.289,28.954,27.74,4.64,80.6,17.9,12,-4.02,-5.17,-5.35,-3.98,0.31,1.52,7.43,-0.41,8.29,5.16,0.33,-4.15,Mango,Clay Loam,0.722,0.284,23.08,9,0.36,2.692.619,27.72
10.333,105.347,6,2,3.64,43.938,28.863,5.95,19.174,36.888,35.112,27.74,4.64,80.6,17.9,12,-4.02,-5.17,-5.35,-3.98,0.31,1.52,7.43,-0.41,8.29,5.16,0.33,-4.15,Mango,Clay,0.722,0.295,23.08,9,0.36,2.276.368,27.727
9.428,105.878,6.794,2,3.64,39.547,38.988,5.621,30.774,29.6,43.074,27.619,5.598,82.807,17.388,12,-5.096,-6.148,-6.499,-3.825,-0.071,0.739,10.339,0.447,9.077,5.974,0.539,-5.441,Mango,Clay Loam,0.636,0.28,27.08,7,0.381,2.989.631,27.606
9.656,105.566,6.724,1.827,3.64,35.727,29.631,5.845,27.414,36.859,42.2,27.58,5.68,82.83,17.03,12,-5.15,-6.22,-6.61,-3.85,-0.17,0.76,10.43,0.35,9.34,6.06,0.59,-5.48,Mango,Clay Loam,0.633,0.286,27.48,7,0.379,2.504.005,27.568
10.443,104.636,7,2,3.64,30.223,48.285,5.412,27.514,42.363,47.766,28.02,4.28,79.32,18.24,12,-3.59,-4.73,-4.96,-3.39,-0.31,0.74,4.69,-0.22,9.83,4.01,1.31,-3.42,Mango,Clay Loam,0.783,0.294,20.62,9,0.478,3.442.736,28.007
10.338,105.46,6.944,2,3.64,36.111,31.432,5.634,22.627,41.267,37.834,27.733,4.663,80.697,17.909,12,-4.051,-5.191,-5.37,-3.99,0.318,1.527,7.578,-0.393,8.252,5.127,0.329,-4.177,Mango,Clay Loam,0.718,0.291,23.172,9,0.357,2.961.447,27.72
10.583,105.108,7,2,3.64,35.446,28.826,5.545,22.121,42.432,32.453,27.91,4.77,79.76,17.9,12,-3.85,-5.17,-5.46,-3.66,-0.22,0.5,5.61,-0.26,10.88,4.65,0.87,-3.94,Mango,Clay Loam,0.761,0.285,22.56,9,0.483,3.154.396,27.897
8.678,104.862,7,1,3.64,40.967,51.155,5.5,30.619,28.413,56.197,28.14,3.97,81.31,17.74,12,-3.92,-4.92,-5.23,-3.15,-0.59,0.53,5.39,0.83,6.79,2.56,4.54,-2.86,Mango,Clay,0.712,0.298,20.67,9,0.329,3.251.955,28.134
10.01,105.944,6.981,2,3.64,38.049,39.189,6.396,20.53,41.421,45.956,27.608,5.057,82.342,17.9,12,-4.582,-5.549,-5.72,-4.161,0.455,1.632,10.069,-0.102,7.644,4.58,0.322,-4.636,Mango,Clay Loam,0.652,0.307,24.75,7,0.408,1.309.454,27.595
9.682,105.531,6.483,2.967,3.64,35.075,39.315,5.793,27.328,37.597,52.713,27.752,5.068,81.831,17.03,12,-4.634,-5.757,-6.012,-3.704,-0.182,1.421,8.888,0.027,8.832,4.548,1.2,-4.593,Mango,Clay Loam,0.677,0.301,24.882,7,0.357,2616.74,27.733
10.779,104.913,7,4.727,3.64,31.836,39.868,5.214,30.059,38.105,28.55,28.126,4.019,77.264,18.24,12,-3.297,-4.376,-4.605,-3.41,-0.255,0.655,3.589,0.249,8.997,4.9,0.853,-3.31,Mango,Clay Loam,0.866,0.261,19.253,9,0.468,3.871.994,28.095
9.72,105.677,6,2.234,3.64,38.077,33.365,5.935,25.34,36.583,42.612,27.545,5.539,82.589,17.03,12,-4.873,-6.096,-6.404,-4.05,0.048,1.037,10.195,0.026,9.369,5.477,0.484,-5.18,Mango,Clay Loam,0.641,0.291,26.603,7,0.383,2.308.888,27.53
10.543,106.242,6.375,4.627,3.64,35.949,33.849,6.1,18.664,45.387,55.812,27.91,4.33,79.72,18.06,12,-4.03,-4.78,-4.88,-4,0.35,2.61,7.9,-0.29,6.54,4.36,0.01,-3.83,Mango,Clay Loam,0.763,0.325,21.81,7,0.363,1.951.173,27.88
9.479,105.573,6.286,1.286,3.64,40.771,41.514,5.671,25.957,33.229,44,27.634,5.566,82.799,17.527,12,-5.076,-6.12,-6.456,-3.816,-0.033,0.731,10.304,0.484,8.974,5.94,0.519,-5.426,Mango,Clay,0.636,0.292,26.927,7,0.382,2.881.232,27.626
10.443,106.001,7,3,3.64,40.061,28.827,6.22,19.38,40.48,30.744,27.775,4.577,80.421,17.933,12,-4.022,-5.091,-5.254,-3.984,0.318,1.742,7.526,-0.386,7.934,4.997,0.265,-4.085,Mango,Clay,0.73,0.288,22.822,9,0.348,1.691.017,27.755
10.272,105.185,6.762,1.238,3.64,35.6,27.262,5.5,23.919,40.405,33.509,27.908,4.83,80.768,17.9,12,-4.203,-5.429,-5.685,-3.599,-0.185,1.116,7.331,-0.166,9.699,4.33,0.993,-4.226,Mango,Clay Loam,0.723,0.282,23.493,9,0.413,3.251.955,27.9
10.363,106.462,6,3.227,3.64,38.103,34.811,6.277,19.213,42.684,39.904,27.852,4.229,80.153,18.06,12,-3.941,-4.679,-4.772,-4.015,0.311,2.966,7.734,-0.004,6.366,3.8,-0.071,-3.726,Mango,Clay Loam,0.744,0.302,21.208,7,0.365,1.567.442,27.831
8.844,104.827,6,2,3.64,38.168,57.668,5.4,32.005,29.827,49.742,28.089,4.215,81.059,17.904,12,-4.191,-5.109,-5.429,-3.196,-0.61,0.908,6.065,0.605,7.383,3.158,3.758,-3.33,Mango,Clay Loam,0.72,0.286,21.865,9,0.337,3.468.752,28.076
10.11,105.276,6.492,1.508,3.64,37.806,30.96,5.6,24.014,38.18,37.271,27.96,4.89,80.82,17.9,12,-4.26,-5.51,-5.79,-3.48,-0.34,0.99,7.3,-0.09,10.14,4.07,1.2,-4.25,Mango,Clay Loam,0.723,0.287,23.72,9,0.428,3.035.158,27.95
10.142,105.9,6.423,3.423,3.64,37.17,27.485,5.927,22.01,40.762,29.088,27.685,4.813,81.336,18.268,12,-4.257,-5.326,-5.502,-4.056,0.373,1.571,8.546,-0.279,8.003,4.911,0.326,-4.353,Mango,Clay Loam,0.693,0.28,23.773,7,0.36,2.326.232,27.663
10.006,105.655,7,120.472,3.64,36.069,34.256,5.913,28.127,35.79,45.62,27.572,5.35,82.062,17.193,12,-4.568,-5.897,-6.152,-4.119,0.144,1.132,9.436,-0.208,9.59,5.014,0.472,-4.832,Mango,Clay Loam,0.661,0.289,25.776,9,0.372,2.356.583,26.789
10.643,105.585,7,2,3.64,39.95,34.069,5.613,18.194,41.954,40.235,27.743,4.634,80.583,17.903,12,-4.02,-5.162,-5.341,-3.98,0.311,1.541,7.439,-0.408,8.256,5.145,0.324,-4.144,Mango,Clay Loam,0.723,0.304,23.055,9,0.359,3.006.974,27.73
10.344,104.933,6.592,2,3.64,32.608,28.056,5.559,25.563,41.829,36.752,27.91,4.77,79.76,18.101,12,-3.85,-5.17,-5.46,-3.66,-0.22,0.5,5.61,-0.26,10.88,4.65,0.87,-3.94,Mango,Clay Loam,0.761,0.283,22.56,9,0.483,3.124.045,27.897
9.699,105.477,6.828,1.828,3.64,42.131,32.369,5.931,26.245,31.707,44.983,27.598,5.316,82.223,17.03,12,-4.664,-5.925,-6.177,-4.028,0.072,1.294,9.649,-0.124,9.204,4.896,0.674,-4.844,Mango,Clay,0.656,0.293,25.762,7,0.374,2317.56,27.586
9.772,105.491,6.765,2.529,3.64,38.047,35.582,5.871,24.676,37.276,44.888,27.52,5.44,82.42,17.03,12,-4.68,-6.01,-6.26,-4.19,0.2,1.23,10.03,-0.2,9.39,5.07,0.41,-4.97,Mango,Clay Loam,0.646,0.296,26.31,7,0.381,2.447.638,27.504
10.552,105.606,6,2,3.64,42.851,30.434,5.656,19.331,37.875,35.516,27.74,4.64,80.6,17.9,12,-4.02,-5.17,-5.35,-3.98,0.31,1.52,7.43,-0.41,8.29,5.16,0.33,-4.15,Mango,Clay,0.722,0.295,23.08,9,0.36,2.913.752,27.727
10.705,106.041,6,1.088,3.64,41.619,32.57,5.926,19.347,39.13,30.492,27.91,4.33,79.72,18.06,12,-4.03,-4.78,-4.88,-4,0.35,2.61,7.9,-0.29,6.54,4.36,0.01,-3.83,Mango,Clay,0.763,0.288,21.81,7,0.363,2328.4,27.903
9.067,105.369,7,2.8,3.64,34.763,41.478,5.42,31.019,34.219,41.019,27.84,5.34,82.89,17.03,12,-5.21,-5.96,-6.44,-3.2,-0.3,0.5,9.1,0.95,8.41,6.51,1.07,-5.45,Mango,Clay Loam,0.641,0.276,26.56,7,0.343,3.425.393,27.822
10.519,105.28,6.891,1.109,3.64,39.122,30.964,5.6,18.686,42.192,34.878,27.91,4.77,79.76,17.9,12,-3.85,-5.17,-5.46,-3.66,-0.22,0.5,5.61,-0.26,10.88,4.65,0.87,-3.94,Mango,Clay Loam,0.761,0.296,22.56,9,0.483,3.035.158,27.903
10.74,106.082,6,1.146,3.64,41.967,32.106,5.915,19.079,39.039,30.517,27.935,4.239,79.425,18.06,12,-3.961,-4.678,-4.77,-3.945,0.313,2.647,7.589,-0.243,6.409,4.402,-0.043,-3.75,Mango,Clay,0.775,0.289,21.39,7,0.355,2.352.247,27.928
10.35,105.987,6,3.122,3.64,36.466,28.471,6.456,20.412,43.122,43.926,27.835,4.466,80.106,17.99,12,-4.026,-4.951,-5.086,-3.991,0.332,2.131,7.694,-0.343,7.309,4.711,0.151,-3.971,Mango,Clay Loam,0.745,0.305,22.368,7,0.345,1.179.376,27.815
10.21,105.156,6,2,3.64,39.661,27.915,5.585,23.616,36.722,37.559,27.96,4.89,80.82,17.9,12,-4.26,-5.51,-5.79,-3.48,-0.34,0.99,7.3,-0.09,10.14,4.07,1.2,-4.25,Mango,Clay Loam,0.723,0.288,23.72,9,0.428,3.067.678,27.947
10.691,106.417,6.893,3,3.64,38.615,31.308,5.825,24.21,37.075,26.807,27.928,4.264,79.504,18.043,12,-3.98,-4.705,-4.8,-3.959,0.323,2.637,7.672,-0.256,6.444,4.391,-0.028,-3.771,Mango,Clay Loam,0.771,0.272,21.499,7,0.357,2.547.365,27.908
10.545,105.993,6,2,3.64,42.544,27.937,6.15,18.956,38.506,35.244,27.899,4.349,79.775,18.05,12,-4.029,-4.804,-4.909,-3.999,0.348,2.542,7.871,-0.297,6.649,4.41,0.03,-3.85,Mango,Clay,0.76,0.296,21.888,7,0.36,1.842.774,27.886
10.341,106.081,7,3.35,3.64,40.153,38.211,6.388,20.74,39.107,53.522,27.91,4.33,79.72,18.06,12,-4.03,-4.78,-4.88,-4,0.35,2.61,7.9,-0.29,6.54,4.36,0.01,-3.83,Mango,Clay,0.763,0.317,21.81,7,0.363,1.326.798,27.888
9.5,105.075,7,4.758,3.64,34.879,35.069,5.61,34.945,30.176,42.821,27.982,4.593,80.345,18.102,12,-4.181,-5.236,-5.548,-3.428,-0.446,0.925,6.217,0.099,9.264,4.142,2.051,-3.852,Mango,Clay Loam,0.742,0.27,22.691,9,0.408,3.013.478,27.951
10.855,106.206,6,3,3.64,36.166,28.934,5.506,24.605,39.129,29.18,28.08,3.71,77.7,17.982,12,-3.56,-4.08,-4.13,-3.62,0.1,2.86,5.77,0.03,5.64,4.65,-0.35,-3.28,Mango,Clay Loam,0.847,0.274,19.02,7,0.303,3.238.947,28.06
10.129,106.6,6.373,2.373,3.64,37.918,38.239,6.375,20.892,41.191,47.879,27.9,4.57,82.8,18.06,12,-4.11,-5.15,-5.27,-3.9,0.42,1.5,8.42,0.47,7.6,3.69,0.73,-4.35,Mango,Clay Loam,0.646,0.309,22.78,7,0.369,1.354.981,27.885
9.803,105.457,6.926,3.074,3.64,38.199,35.96,5.837,24.42,37.381,45.544,27.527,5.411,82.414,17.106,12,-4.673,-5.975,-6.22,-4.188,0.219,1.26,10.033,-0.193,9.259,5.033,0.403,-4.945,Mango,Clay Loam,0.647,0.298,26.194,7,0.383,2.521.349,27.507
10.671,106.474,6.981,3,3.64,38.977,31.515,5.904,23.921,37.004,26.727,27.91,4.33,79.72,18.06,12,-4.03,-4.78,-4.88,-4,0.35,2.61,7.9,-0.29,6.54,4.36,0.01,-3.83,Mango,Clay Loam,0.763,0.272,21.81,7,0.363,2.376.095,27.89
9.195,105.245,6,4.523,3.64,38.169,29.114,5.348,31.54,30.291,40.297,28.04,4.45,80.82,17.03,12,-4.45,-5.29,-5.62,-3.24,-0.63,1.27,6.71,0.39,7.95,3.73,3.01,-3.78,Mango,Clay Loam,0.727,0.274,23.01,9,0.345,3.581.486,28.011
10.668,106.075,6,2,3.64,40.338,33.4,5.806,16.7,42.931,35.769,27.91,4.33,79.72,18.01,12,-4.03,-4.78,-4.88,-4,0.35,2.61,7.9,-0.29,6.54,4.36,0.01,-3.83,Mango,Clay,0.763,0.302,21.81,7,0.363,2.588.556,27.897
8.911,105.043,6.277,0.555,3.64,38.045,48.157,5.428,32.244,29.74,43.381,28.04,4.45,80.82,17.921,12,-4.45,-5.29,-5.62,-3.24,-0.63,1.27,6.71,0.39,7.95,3.73,3.01,-3.78,Mango,Clay Loam,0.727,0.277,23.01,9,0.345,3.408.049,28.036
9.873,105.04,7,3.537,3.64,34.977,33.799,5.561,34.261,30.762,42.015,27.95,4.672,80.086,18.163,12,-4.034,-5.207,-5.509,-3.531,-0.346,0.737,5.948,-0.06,9.979,4.367,1.528,-3.891,Mango,Clay Loam,0.751,0.27,22.578,9,0.442,3.119.709,27.927
10.644,106.056,6.134,2,3.64,41.454,33.467,5.887,16.16,42.387,35.803,27.887,4.372,79.838,18.038,12,-4.029,-4.832,-4.943,-3.997,0.345,2.463,7.837,-0.306,6.775,4.468,0.053,-3.873,Mango,Clay,0.757,0.303,21.98,7,0.357,2.412.951,27.874
10.308,105.19,6.299,310.157,3.64,35.508,37.783,5.48,35.969,28.523,47.451,27.793,4.971,80.556,17.878,12,-4.098,-5.421,-5.7,-3.819,-0.094,0.719,6.933,-0.242,10.434,4.776,0.732,-4.248,Mango,Clay Loam,0.726,0.274,23.622,9,0.442,3.295.314,25.777
10.551,105.276,6.641,3,3.64,37.564,33.567,5.592,21.062,41.374,40.159,27.849,4.723,80.061,17.9,12,-3.911,-5.17,-5.421,-3.775,-0.03,0.866,6.263,-0.314,9.951,4.833,0.676,-4.015,Mango,Clay Loam,0.747,0.298,22.636,9,0.441,3.052.502,27.83
10.628,105.558,6.804,2.391,3.64,35.924,29.956,5.62,19.589,44.487,37.309,27.74,4.64,80.6,17.9,12,-4.02,-5.17,-5.35,-3.98,0.31,1.52,7.43,-0.41,8.29,5.16,0.33,-4.15,Mango,Clay Loam,0.722,0.297,23.08,9,0.36,2.991.799,27.724
10.448,105.729,6.721,2,3.64,41.688,33.761,5.828,15.984,42.328,33.631,27.787,4.554,80.355,17.945,12,-4.023,-5.061,-5.219,-3.986,0.321,1.824,7.561,-0.377,7.802,4.937,0.241,-4.061,Mango,Clay,0.733,0.3,22.727,9,0.344,2.540.861,27.774
10.205,105.114,6,2,3.64,39.621,28.759,5.521,23.085,37.295,39.784,27.96,4.89,80.82,17.9,12,-4.26,-5.51,-5.79,-3.48,-0.34,0.99,7.3,-0.09,10.14,4.07,1.2,-4.25,Mango,Clay Loam,0.723,0.293,23.72,9,0.428,3.206.428,27.947
9.893,105.04,7,1,3.64,37.27,43.168,5.309,25.972,36.757,39.34,27.944,4.924,80.906,17.03,12,-4.298,-5.54,-5.825,-3.496,-0.333,0.98,7.433,-0.071,10.106,4.155,1.174,-4.302,Mango,Clay Loam,0.719,0.285,23.865,9,0.424,3.666.037,27.938
10.136,104.957,6.009,1.027,3.64,39.717,34.116,5.805,23.181,37.103,58.141,27.96,4.885,80.81,18.238,12,-4.258,-5.504,-5.782,-3.485,-0.334,1.004,7.305,-0.092,10.108,4.073,1.189,-4.246,Mango,Clay Loam,0.724,0.318,23.701,9,0.427,2.590.724,27.953
9.766,105.884,6,1,3.64,38.196,33.901,6.099,24.6,37.204,42.893,27.52,5.441,82.421,17.03,12,-4.681,-6.01,-6.261,-4.189,0.199,1.229,10.031,-0.199,9.39,5.072,0.41,-4.971,Mango,Clay Loam,0.646,0.293,26.311,7,0.381,1.953.341,27.514
9.437,106.146,6,7.232,3.64,38.557,38.049,5.9,28.901,32.541,57.474,27.77,5.28,82.72,18.77,12,-4.89,-5.87,-6.07,-3.73,0.31,0.66,9.99,0.82,8.06,5.64,0.34,-5.29,Mango,Clay Loam,0.644,0.304,25.85,7,0.387,2.384.767,27.723
10.401,104.849,6.828,2.828,3.64,31.169,34.869,5.634,29.114,39.7,41.878,27.91,4.77,79.76,18.24,12,-3.85,-5.17,-5.46,-3.66,-0.22,0.5,5.61,-0.26,10.88,4.65,0.87,-3.94,Mango,Clay Loam,0.761,0.282,22.56,9,0.483,2.961.447,27.892
10.021,105.437,6,1.705,3.64,38.735,27.854,5.688,25.065,36.129,37.329,27.538,5.511,82.541,17.644,12,-4.818,-6.072,-6.363,-4.09,0.091,1.092,10.148,-0.038,9.375,5.362,0.463,-5.12,Mango,Clay Loam,0.642,0.285,26.501,7,0.382,2.844.377,27.527
10.527,105.51,7,6.928,3.64,38.52,33.903,5.403,19.186,42.296,40.003,27.74,4.64,80.6,17.9,12,-4.02,-5.17,-5.35,-3.98,0.31,1.52,7.43,-0.41,8.29,5.16,0.33,-4.15,Mango,Clay Loam,0.722,0.302,23.08,9,0.36,3.462.248,27.695
9.552,105.134,6.262,4.476,3.64,39.102,30.291,5.352,30.903,29.995,42.143,28.006,4.534,80.542,17.347,12,-4.293,-5.259,-5.578,-3.35,-0.523,1.068,6.422,0.22,8.718,3.971,2.449,-3.822,Mango,Clay Loam,0.736,0.278,22.825,9,0.382,3.572.815,27.977
9.962,105.748,7,4,3.64,36.636,36.633,6,26.832,36.532,56.888,27.52,5.44,82.42,17.03,12,-4.68,-6.01,-6.26,-4.19,0.2,1.23,10.03,-0.2,9.39,5.07,0.41,-4.97,Mango,Clay Loam,0.646,0.308,26.31,7,0.381,2167.97,27.494
10.381,106.41,6.26,3.481,3.64,35.993,35.156,6.326,20.029,43.978,38.182,27.871,4.263,80.011,18.06,12,-3.97,-4.713,-4.807,-4.01,0.324,2.849,7.788,-0.098,6.423,3.984,-0.045,-3.76,Mango,Clay Loam,0.75,0.297,21.403,7,0.364,1.461.212,27.848
10.832,105.416,7,3,3.64,35.243,26.329,5.586,18.857,45.829,37.443,28.109,3.763,77.461,17.9,12,-3.347,-4.207,-4.341,-3.473,0.014,1.494,4.393,-0.056,6.823,5.489,0.464,-3.296,Mango,Clay Loam,0.857,0.299,18.72,9,0.365,3065.51,28.09
10.683,105.125,6.753,2.247,3.64,34.379,29.344,5.549,21.393,44.227,34.403,27.972,4.555,79.047,17.9,12,-3.692,-4.943,-5.216,-3.588,-0.23,0.544,5.033,-0.115,10.342,4.722,0.865,-3.76,Mango,Clay Loam,0.791,0.289,21.544,9,0.481,3.145.724,27.957
10.52,105.351,7,2,3.64,33.714,26.484,5.831,24.885,41.4,34.255,27.779,4.67,80.406,17.979,12,-3.981,-5.17,-5.375,-3.906,0.188,1.284,7.009,-0.375,8.888,5.042,0.455,-4.101,Mango,Clay Loam,0.731,0.281,22.908,9,0.389,2.534.357,27.766
10.653,105.869,6,2,3.64,42.007,30.202,5.673,19.493,38.566,35.661,27.798,4.534,80.3,17.955,12,-4.023,-5.037,-5.19,-3.987,0.324,1.892,7.59,-0.369,7.692,4.887,0.221,-4.041,Mango,Clay,0.736,0.295,22.647,9,0.34,2.876.896,27.785
10.585,106.052,6,2,3.64,37.178,36.808,6.2,18.779,44.119,40.696,27.91,4.33,79.72,18.06,12,-4.03,-4.78,-4.88,-4,0.35,2.61,7.9,-0.29,6.54,4.36,0.01,-3.83,Mango,Clay Loam,0.763,0.304,21.81,7,0.363,1.734.376,27.897
8.868,104.87,6.846,1.692,3.64,41.115,45.184,5.5,32.892,25.908,51.308,28.04,4.45,80.82,17.779,12,-4.45,-5.29,-5.62,-3.24,-0.63,1.27,6.71,0.39,7.95,3.73,3.01,-3.78,Mango,Clay,0.727,0.286,23.01,9,0.345,3.251.955,28.029
10.276,105.825,6,2,3.64,36.136,30.611,6.339,19.87,43.993,42.3,27.605,5.131,81.717,17.9,12,-4.425,-5.685,-5.908,-4.109,0.243,1.342,9.025,-0.281,8.965,5.105,0.379,-4.653,Mango,Clay Loam,0.675,0.304,25.061,7,0.36,1.433.028,27.592
10.392,106.088,6.089,6,3.64,39.853,25.891,6.382,19.449,40.789,29.104,27.91,4.33,79.72,18.06,12,-4.03,-4.78,-4.88,-4,0.35,2.61,7.9,-0.29,6.54,4.36,0.01,-3.83,Mango,Clay Loam,0.763,0.286,21.81,7,0.363,1.339.805,27.871
10.52,106.183,7,2,3.64,40.885,33.305,6.398,18.244,40.871,35.281,27.91,4.33,79.72,18.06,12,-4.03,-4.78,-4.88,-4,0.35,2.61,7.9,-0.29,6.54,4.36,0.01,-3.83,Mango,Clay,0.763,0.297,21.81,7,0.363,1.305.118,27.897
10.414,105.434,6.922,4,3.64,42.637,31.5,5.723,18.715,38.564,36.169,27.74,4.64,80.6,17.9,12,-4.02,-5.17,-5.35,-3.98,0.31,1.52,7.43,-0.41,8.29,5.16,0.33,-4.15,Mango,Clay,0.722,0.298,23.08,9,0.36,2.768.498,27.714
10.318,106.122,7,2,3.64,40.967,33.1,6.322,19.566,39.467,35.244,27.732,4.757,81.272,18.06,12,-4.356,-5.23,-5.372,-4.095,0.415,2.035,9.186,-0.177,7.174,4.484,0.194,-4.304,Mango,Clay,0.697,0.294,23.534,7,0.391,1.469.884,27.719
9.7,105.185,7,1,3.64,36.714,34.718,5.819,26.749,36.537,46.074,27.964,4.821,81.007,17.03,12,-4.394,-5.514,-5.786,-3.386,-0.421,1.238,7.512,0.044,9.395,4.066,1.501,-4.246,Mango,Clay Loam,0.716,0.293,23.747,9,0.395,2.560.373,27.958
9.765,106.397,6.934,14.274,3.64,40.591,25.808,6.293,27.69,31.725,26.806,27.779,5.217,82.522,18.723,12,-4.833,-5.798,-5.991,-3.748,0.313,0.789,9.852,0.747,7.96,5.556,0.318,-5.194,Mango,Clay,0.652,0.264,25.564,7,0.386,1.532.755,27.686
10.713,106.375,6.349,2.349,3.64,41.747,29.353,5.835,20.933,37.321,26.721,27.91,4.33,79.72,18.06,12,-4.03,-4.78,-4.88,-4,0.35,2.61,7.9,-0.29,6.54,4.36,0.01,-3.83,Mango,Clay,0.763,0.279,21.81,7,0.363,2.525.685,27.895
9.287,105.302,6,5.222,3.64,39.733,29.455,5.389,29.989,30.278,41.867,27.992,4.517,80.989,17.223,12,-4.464,-5.318,-5.63,-3.342,-0.509,1.311,7.083,0.336,7.912,3.823,2.711,-3.874,Mango,Clay Loam,0.718,0.28,23.137,9,0.341,3492.6,27.958
9.221,105.651,6.192,2.192,3.64,40.011,37.423,5.638,32.248,27.741,48.212,27.827,5.328,82.857,17.03,12,-5.149,-5.943,-6.369,-3.302,-0.183,0.531,9.271,0.925,8.343,6.343,0.93,-5.419,Mango,Clay,0.641,0.283,26.365,7,0.352,2.952.775,27.813
9.275,105.643,7,2,3.64,41.973,32.354,5.347,32.912,25.114,31.795,27.836,5.337,82.881,17.121,12,-5.193,-5.955,-6.421,-3.228,-0.268,0.508,9.147,0.943,8.392,6.464,1.032,-5.442,Mango,Clay,0.641,0.259,26.507,7,0.345,3.583.654,27.823
10.313,105.484,7,2.928,3.64,36.749,27.202,5.6,19.842,43.408,35.659,27.74,4.64,80.6,17.9,12,-4.02,-5.17,-5.35,-3.98,0.31,1.52,7.43,-0.41,8.29,5.16,0.33,-4.15,Mango,Clay Loam,0.722,0.294,23.08,9,0.36,3.035.158,27.721
9.75,106.176,7,1.955,3.64,37.688,33.436,6.196,27.955,34.357,44.187,27.763,5.27,82.703,18.731,12,-4.876,-5.855,-6.054,-3.749,0.317,0.704,9.994,0.779,8.04,5.592,0.339,-5.26,Mango,Clay Loam,0.645,0.288,25.794,7,0.388,1.743.048,27.75
10.22,105.242,6,2,3.64,42.721,30.5,5.6,21.566,35.661,35.908,27.96,4.89,80.82,17.9,12,-4.26,-5.51,-5.79,-3.48,-0.34,0.99,7.3,-0.09,10.14,4.07,1.2,-4.25,Mango,Clay,0.723,0.291,23.72,9,0.428,3.035.158,27.947
10.332,105.72,6,3.899,3.64,38.609,26.951,5.98,20.37,40.98,28.41,27.791,4.547,80.336,17.948,12,-4.023,-5.053,-5.209,-3.986,0.322,1.847,7.571,-0.374,7.766,4.92,0.234,-4.054,Mango,Clay Loam,0.734,0.283,22.699,9,0.343,2.211.329,27.766
8.646,104.952,7,1.923,3.64,32.284,50.169,5.431,34.962,32.754,55.292,28.132,4.007,81.272,17.765,12,-3.961,-4.948,-5.26,-3.157,-0.593,0.587,5.491,0.796,6.879,2.65,4.422,-2.931,Mango,Clay Loam,0.713,0.287,20.85,9,0.33,3.401.545,28.12
9.838,105.612,6,7.492,3.64,40.549,34.45,5.85,24.898,34.553,59.798,27.865,5.085,81.769,18.505,12,-4.575,-5.69,-5.93,-3.605,-0.015,0.825,8.643,0.364,9.101,4.854,0.771,-4.769,Mango,Clay,0.684,0.316,24.584,9,0.371,2.493.166,27.816
10.083,105.231,7,1,3.64,36.927,29.725,5.579,23.347,39.705,35.448,27.96,4.89,80.82,17.9,12,-4.26,-5.51,-5.79,-3.48,-0.34,0.99,7.3,-0.09,10.14,4.07,1.2,-4.25,Mango,Clay Loam,0.723,0.286,23.72,9,0.428,3.080.685,27.954
10.765,106.075,6.707,2,3.64,35.79,31.341,5.741,23.012,41.198,27.312,27.966,4.157,79.087,18.013,12,-3.837,-4.61,-4.716,-3.851,0.265,2.323,6.928,-0.24,6.531,4.717,0.124,-3.678,Mango,Clay Loam,0.789,0.275,20.932,7,0.332,2.729.474,27.953
9.178,105.278,6,4.05,3.64,36.751,28.83,5.395,32.769,30.48,38.311,28.04,4.45,80.82,17.03,12,-4.45,-5.29,-5.62,-3.24,-0.63,1.27,6.71,0.39,7.95,3.73,3.01,-3.78,Mango,Clay Loam,0.727,0.268,23.01,9,0.345,3.479.592,28.014
10.401,105.629,6,3.927,3.64,38.158,27.856,5.6,17.06,44.781,32.171,27.74,4.64,80.6,17.9,12,-4.02,-5.17,-5.35,-3.98,0.31,1.52,7.43,-0.41,8.29,5.16,0.33,-4.15,Mango,Clay Loam,0.722,0.296,23.08,9,0.36,3.035.158,27.714
9.695,105.123,7,2.403,3.64,37.461,35.009,5.44,31.764,30.715,43.133,27.988,4.579,80.393,17.517,12,-4.208,-5.242,-5.556,-3.409,-0.465,0.96,6.267,0.128,9.13,4.101,2.148,-3.844,Mango,Clay Loam,0.741,0.277,22.724,9,0.402,3.382.033,27.972
10.753,105.62,6.705,2,3.64,36.852,34.509,5.707,19.059,44.118,40.507,28.044,3.914,78.198,17.947,12,-3.565,-4.371,-4.485,-3.641,0.146,1.919,5.56,-0.17,6.519,5.22,0.285,-3.464,Mango,Clay Loam,0.826,0.303,19.696,9,0.332,2.803.185,28.031
10.564,106.122,6,2,3.64,38.209,33.4,5.786,17.986,43.728,35.576,27.875,4.27,79.98,17.937,12,-3.977,-4.72,-4.815,-4.009,0.327,2.824,7.8,-0.118,6.435,4.023,-0.039,-3.767,Mango,Clay Loam,0.751,0.298,21.445,7,0.364,2.631.916,27.862
10.298,106.239,6.719,7.595,3.64,34.312,33.527,6.072,21.999,43.688,52.505,27.862,4.417,79.967,18.015,12,-4.027,-4.89,-5.012,-3.994,0.339,2.304,7.768,-0.324,7.032,4.585,0.1,-3.92,Mango,Clay Loam,0.751,0.313,22.167,7,0.351,2.011.876,27.813
10.492,105.632,6.803,4.197,3.64,43.173,31.303,5.739,18.82,37.927,36.829,27.807,4.457,80.03,17.931,12,-3.93,-4.956,-5.11,-3.909,0.269,1.783,7.104,-0.324,7.769,5.06,0.196,-3.979,Mango,Clay,0.746,0.298,22.208,9,0.35,2733.81,27.78
10.609,105.472,6.071,2,3.64,35.843,25.486,5.593,22.151,42.005,36.265,27.74,4.64,80.6,17.9,12,-4.02,-5.17,-5.35,-3.98,0.31,1.52,7.43,-0.41,8.29,5.16,0.33,-4.15,Mango,Clay Loam,0.722,0.29,23.08,9,0.36,3.050.334,27.727
10.051,106.284,6,5.19,3.64,35.048,29.589,6.2,19.32,45.691,40.958,27.61,5.05,82.34,18.06,12,-4.58,-5.54,-5.71,-4.16,0.46,1.64,10.07,-0.1,7.61,4.57,0.32,-4.63,Mango,Clay Loam,0.653,0.303,24.72,7,0.408,1.734.376,27.576
8.904,105.074,6,0.188,3.64,38.316,49.447,5.4,31.838,29.846,42.46,28.04,4.45,80.82,17.967,12,-4.45,-5.29,-5.62,-3.24,-0.63,1.27,6.71,0.39,7.95,3.73,3.01,-3.78,Mango,Clay Loam,0.727,0.276,23.01,9,0.345,3.468.752,28.039
9.694,105.42,6.679,2.357,3.64,38,35.875,5.864,25.247,36.753,44.632,27.539,5.517,82.552,17.03,12,-4.831,-6.078,-6.373,-4.081,0.081,1.079,10.159,-0.023,9.374,5.388,0.468,-5.134,Mango,Clay Loam,0.642,0.294,26.52,7,0.383,2.462.814,27.524
10.311,105.752,7,2.953,3.64,41.648,32.338,5.962,19.585,38.719,36.148,27.672,4.855,81.511,17.984,12,-4.313,-5.364,-5.538,-4.074,0.389,1.583,8.812,-0.248,7.934,4.851,0.325,-4.401,Mango,Clay,0.686,0.296,23.938,7,0.369,2.250.353,27.653
10.196,105.519,6.774,6.322,3.64,34.736,29.516,5.777,23.225,42.039,37.093,27.57,5.259,82.009,17.9,12,-4.531,-5.82,-6.054,-4.143,0.225,1.296,9.442,-0.247,9.141,5.09,0.392,-4.785,Mango,Clay Loam,0.663,0.289,25.58,7,0.369,2.651.427,27.529
10.723,106.031,6,2.079,3.64,41.644,32.967,5.792,18.537,39.883,30.04,27.91,4.33,79.72,18.06,12,-4.03,-4.78,-4.88,-4,0.35,2.61,7.9,-0.29,6.54,4.36,0.01,-3.83,Mango,Clay,0.763,0.289,21.81,7,0.363,2.618.908,27.896
9.907,105.711,6.979,2.979,3.64,38.277,29.702,5.894,25.487,36.234,46.104,27.529,5.428,82.386,17.055,12,-4.671,-5.999,-6.25,-4.175,0.189,1.225,9.973,-0.198,9.406,5.049,0.427,-4.955,Mango,Clay Loam,0.648,0.296,26.248,7,0.38,2.397.775,27.51
10.233,105.093,7,1.397,3.64,34.347,27.421,5.659,25.41,40.183,34.097,27.94,4.842,80.4,17.9,12,-4.097,-5.375,-5.659,-3.551,-0.292,0.796,6.63,-0.157,10.433,4.3,1.069,-4.127,Mango,Clay Loam,0.738,0.279,23.258,9,0.449,2.907.248,27.931
10.424,105.262,7,1.642,3.64,37.785,29.08,5.728,21.816,40.399,34.616,27.928,4.813,80.139,17.9,12,-3.997,-5.292,-5.578,-3.596,-0.263,0.675,6.215,-0.199,10.615,4.442,0.988,-4.051,Mango,Clay Loam,0.748,0.288,22.976,9,0.463,2.757.658,27.917
10.042,105.959,6.352,5.057,3.64,35.507,30.107,6.059,22.404,42.089,38.083,27.578,5.187,82.368,18.004,12,-4.615,-5.706,-5.904,-4.171,0.368,1.496,10.056,-0.135,8.237,4.746,0.352,-4.75,Mango,Clay Loam,0.65,0.292,25.281,7,0.398,2040.06,27.545
9.708,106.105,6.877,1.877,3.64,37.825,33.646,6.175,27.803,34.372,44.028,27.747,5.329,82.734,18.556,12,-4.922,-5.913,-6.136,-3.745,0.251,0.672,10.044,0.762,8.217,5.692,0.371,-5.313,Mango,Clay Loam,0.643,0.288,26.029,7,0.386,1.788.575,27.735
10.343,105.356,6.111,2.223,3.64,44.222,29.278,5.967,18.711,37.056,35.134,27.74,4.64,80.6,17.9,12,-4.02,-5.17,-5.35,-3.98,0.31,1.52,7.43,-0.41,8.29,5.16,0.33,-4.15,Mango,Clay,0.722,0.296,23.08,9,0.36,2.239.513,27.726
9.671,105.615,6.503,1.503,3.64,38.848,35.892,5.95,25.853,35.349,52.037,27.58,5.68,82.83,17.03,12,-5.15,-6.22,-6.61,-3.85,-0.17,0.76,10.43,0.35,9.34,6.06,0.59,-5.48,Mango,Clay Loam,0.633,0.303,27.48,7,0.379,2.276.368,27.57
10.767,104.767,7,5.899,3.64,29.341,33.561,5.5,32.777,37.883,29.458,28.16,3.9,76.87,18.24,12,-3.21,-4.25,-4.47,-3.37,-0.26,0.68,3.27,0.33,8.7,4.94,0.85,-3.21,Mango,Clay Loam,0.882,0.256,18.77,9,0.464,3.251.955,28.122
9.446,105.984,7,2,3.64,39.259,39.321,5.807,31.828,28.896,43.959,27.659,5.514,82.784,17.751,12,-5.042,-6.075,-6.386,-3.8,0.029,0.719,10.248,0.545,8.81,5.886,0.486,-5.401,Mango,Clay Loam,0.638,0.278,26.704,7,0.383,2.586.388,27.646
10.205,104.669,6.625,1,3.64,30.875,45.475,5.8,28.738,40.388,59.628,28.52,4.5,79.62,18.24,12,-3.9,-5.2,-5.39,-3.52,-0.2,1.32,6.6,-0.21,9.26,3.35,1.63,-3.74,Mango,Clay Loam,0.794,0.307,22.16,9,0.418,2.601.564,28.514
10.333,106.257,6.072,5.785,3.64,41.056,32.957,6.278,22.343,36.594,48.387,27.922,4.285,79.575,18.06,12,-3.996,-4.73,-4.826,-3.973,0.332,2.628,7.747,-0.267,6.475,4.381,-0.016,-3.791,Mango,Clay,0.769,0.306,21.599,7,0.359,1.565.274,27.884
10.428,104.944,6,2,3.64,32.262,35.454,5.863,28.033,39.637,45.204,27.91,4.77,79.76,18.132,12,-3.85,-5.17,-5.46,-3.66,-0.22,0.5,5.61,-0.26,10.88,4.65,0.87,-3.94,Mango,Clay Loam,0.761,0.289,22.56,9,0.483,2.464.982,27.897
10.289,105.618,6.242,3.516,3.64,40.7,31.161,5.903,17.603,41.773,34.977,27.74,4.64,80.6,17.9,12,-4.02,-5.17,-5.35,-3.98,0.31,1.52,7.43,-0.41,8.29,5.16,0.33,-4.15,Mango,Clay,0.722,0.298,23.08,9,0.36,2.378.263,27.717
10.363,105.523,7,1.714,3.64,40.242,30.3,5.6,17.643,42.114,33.115,27.789,4.677,80.36,17.9,12,-3.971,-5.17,-5.381,-3.888,0.158,1.228,6.909,-0.367,9.031,5.014,0.484,-4.09,Mango,Clay,0.733,0.296,22.867,9,0.396,3.035.158,27.778
10.504,105.05,6,2,3.64,33.474,35.858,5.965,26.973,39.535,42.981,27.91,4.77,79.76,17.96,12,-3.85,-5.17,-5.46,-3.66,-0.22,0.5,5.61,-0.26,10.88,4.65,0.87,-3.94,Mango,Clay Loam,0.761,0.288,22.56,9,0.483,2.243.849,27.897
10.288,105.618,6.196,3.608,3.64,40.7,31.226,5.922,17.622,41.759,35.133,27.74,4.64,80.6,17.9,12,-4.02,-5.17,-5.35,-3.98,0.31,1.52,7.43,-0.41,8.29,5.16,0.33,-4.15,Mango,Clay,0.722,0.299,23.08,9,0.36,2.337.072,27.717
10.712,106.405,6.553,2.553,3.64,41.482,29.618,5.855,21.36,37.158,27.434,27.91,4.33,79.72,18.06,12,-4.03,-4.78,-4.88,-4,0.35,2.61,7.9,-0.29,6.54,4.36,0.01,-3.83,Mango,Clay,0.763,0.279,21.81,7,0.363,2.482.326,27.893
10.673,105.594,6.52,2.48,3.64,35.38,27.929,5.552,20.204,44.416,38.084,27.74,4.64,80.6,17.9,12,-4.02,-5.17,-5.35,-3.98,0.31,1.52,7.43,-0.41,8.29,5.16,0.33,-4.15,Mango,Clay Loam,0.722,0.297,23.08,9,0.36,3.139.221,27.724
10.273,105.844,7,2,3.64,41.5,34.557,6.329,17.557,40.943,34.343,27.576,5.281,82.034,17.923,12,-4.587,-5.834,-6.063,-4.163,0.221,1.427,9.726,-0.213,8.983,4.969,0.353,-4.807,Mango,Clay,0.663,0.298,25.667,7,0.379,1.454.708,27.563
10.516,105.376,7,2.225,3.64,40.673,33.515,5.745,19.967,39.359,38.025,27.778,4.669,80.411,17.9,12,-3.982,-5.17,-5.375,-3.908,0.191,1.291,7.021,-0.376,8.872,5.045,0.451,-4.103,Mango,Clay,0.731,0.297,22.914,9,0.388,2.720.802,27.764
10.569,105.332,7,2,3.64,36.173,30.601,5.673,19.974,43.853,36.534,27.864,4.735,79.988,17.9,12,-3.896,-5.17,-5.43,-3.747,-0.076,0.777,6.104,-0.301,10.177,4.788,0.723,-3.997,Mango,Clay Loam,0.75,0.295,22.617,9,0.451,2.876.896,27.851
9.743,105.958,6,3.007,3.64,36.897,41.597,6.05,26.403,36.651,54.886,27.644,5.361,82.569,17.894,12,-4.784,-5.94,-6.166,-3.962,0.255,0.947,10.01,0.307,8.729,5.353,0.375,-5.129,Mango,Clay Loam,0.645,0.306,25.981,7,0.385,2.059.572,27.624
10.059,106.428,6,2,3.64,35.631,38.074,6.272,22.298,42.071,47.648,27.818,4.706,82.669,17.767,12,-4.244,-5.261,-5.395,-3.974,0.431,1.54,8.889,0.308,7.603,3.94,0.613,-4.43,Mango,Clay Loam,0.648,0.305,23.304,7,0.381,1.578.282,27.805
10.441,105.61,7,6.732,3.64,33.142,26.326,5.527,23.68,43.179,35.214,27.74,4.64,80.6,17.9,12,-4.02,-5.17,-5.35,-3.98,0.31,1.52,7.43,-0.41,8.29,5.16,0.33,-4.15,Mango,Clay Loam,0.722,0.285,23.08,9,0.36,3193.42,27.696
10.187,106.405,7,2.63,3.64,37,31.511,6.226,21.782,41.218,42.226,27.799,4.597,80.691,18.323,12,-4.234,-5.062,-5.187,-4.059,0.391,2.251,8.704,-0.22,6.936,4.438,0.125,-4.126,Mango,Clay Loam,0.721,0.299,22.888,7,0.381,1.678.009,27.782
8.845,105.017,6.946,2,3.64,33.963,49.466,5.4,32.105,33.837,53.183,28.04,4.45,80.82,17.994,12,-4.45,-5.29,-5.62,-3.24,-0.63,1.27,6.71,0.39,7.95,3.73,3.01,-3.78,Mango,Clay Loam,0.727,0.291,23.01,9,0.345,3.468.752,28.027
9.137,105.237,6.749,1.497,3.64,38.431,36.324,5.4,30.999,30.495,43.044,28.04,4.45,80.82,17.03,12,-4.45,-5.29,-5.62,-3.24,-0.63,1.27,6.71,0.39,7.95,3.73,3.01,-3.78,Mango,Clay Loam,0.727,0.279,23.01,9,0.345,3.468.752,28.03
10.065,106.399,7,2,3.64,37.478,32.382,6.168,22.191,40.332,41.827,27.61,5.05,82.34,18.285,12,-4.58,-5.54,-5.71,-4.16,0.46,1.64,10.07,-0.1,7.61,4.57,0.32,-4.63,Mango,Clay Loam,0.653,0.298,24.72,7,0.408,1.803.751,27.597
10.101,106.161,6,2,3.64,36.3,28.6,6.2,21.4,42.4,38.4,27.61,5.05,82.34,18.06,12,-4.58,-5.54,-5.71,-4.16,0.46,1.64,10.07,-0.1,7.61,4.57,0.32,-4.63,Mango,Clay Loam,0.653,0.295,24.72,7,0.408,1.734.376,27.597
10.424,105.831,6.511,3.511,3.64,43.484,32.771,6.091,18.507,37.958,34.391,27.823,4.488,80.17,17.978,12,-4.025,-4.979,-5.12,-3.99,0.33,2.053,7.66,-0.351,7.434,4.769,0.174,-3.994,Mango,Clay,0.742,0.296,22.459,7,0.342,1.970.685,27.8
10.487,106.06,7,2.094,3.64,38.966,25.67,6.3,20.273,40.856,37.097,27.91,4.33,79.72,18.06,12,-4.03,-4.78,-4.88,-4,0.35,2.61,7.9,-0.29,6.54,4.36,0.01,-3.83,Mango,Clay Loam,0.763,0.295,21.81,7,0.363,1.517.579,27.896
9.781,105.297,6.724,1,3.64,35.59,31.21,5.672,27.762,36.649,35.092,27.96,4.89,80.82,17.03,12,-4.26,-5.51,-5.79,-3.48,-0.34,0.99,7.3,-0.09,10.14,4.07,1.2,-4.25,Mango,Clay Loam,0.723,0.275,23.72,9,0.428,2.879.064,27.954
9.908,105.756,7,2,3.64,37.253,34.026,5.717,25.681,37.036,36.492,27.546,5.326,82.397,17.54,12,-4.651,-5.872,-6.099,-4.181,0.276,1.35,10.042,-0.171,8.868,4.923,0.384,-4.87,Mango,Clay Loam,0.648,0.282,25.844,7,0.389,2.781.506,27.533
9.887,105.236,6,1.063,3.64,38.606,34.813,5.7,26.612,34.776,41.137,27.957,4.882,80.754,17.085,12,-4.234,-5.489,-5.769,-3.491,-0.332,0.959,7.194,-0.101,10.186,4.106,1.179,-4.231,Mango,Clay Loam,0.726,0.286,23.647,9,0.431,2.818.361,27.95
8.939,104.89,7,1.839,3.64,41.461,45.463,5.484,32.509,25.946,51.978,28.029,4.493,80.894,17.626,12,-4.472,-5.327,-5.646,-3.242,-0.616,1.323,6.888,0.366,8.008,3.783,2.838,-3.854,Mango,Clay,0.723,0.288,23.157,9,0.345,3.286.643,28.017
10.544,105.241,6.996,2.008,3.64,36.196,30.899,5.7,20.305,43.499,36.098,27.909,4.77,79.763,17.9,12,-3.851,-5.17,-5.46,-3.661,-0.218,0.504,5.617,-0.261,10.87,4.652,0.868,-3.941,Mango,Clay Loam,0.761,0.294,22.562,9,0.483,2.818.361,27.896
10.534,105.467,6.247,2.247,3.64,36.122,25.87,5.6,21.708,42.17,36.103,27.74,4.64,80.6,17.9,12,-4.02,-5.17,-5.35,-3.98,0.31,1.52,7.43,-0.41,8.29,5.16,0.33,-4.15,Mango,Clay Loam,0.722,0.291,23.08,9,0.36,3.035.158,27.725
10.544,104.844,6.741,2.741,3.64,31.551,42.744,5.352,28.47,39.979,34.492,27.939,4.643,79.646,18.24,12,-3.783,-5.056,-5.33,-3.59,-0.243,0.562,5.372,-0.25,10.608,4.484,0.984,-3.805,Mango,Clay Loam,0.767,0.273,22.057,9,0.482,3.572.815,27.921
10.532,105.253,7,1.684,3.64,37.117,30.868,5.668,19.731,43.152,35.72,27.91,4.77,79.76,17.9,12,-3.85,-5.17,-5.46,-3.66,-0.22,0.5,5.61,-0.26,10.88,4.65,0.87,-3.94,Mango,Clay Loam,0.761,0.295,22.56,9,0.483,2.887.736,27.899
10.542,106.527,6,3.898,3.64,42.984,24.999,6.169,23.269,33.836,27.903,27.91,4.33,79.72,18.06,12,-4.03,-4.78,-4.88,-4,0.35,2.61,7.9,-0.29,6.54,4.36,0.01,-3.83,Mango,Clay,0.763,0.276,21.81,7,0.363,1.801.583,27.885
9.76,105.157,6.64,1,3.64,36.512,33.916,5.72,27.364,36.124,44.491,27.96,4.89,80.82,17.401,12,-4.26,-5.51,-5.79,-3.48,-0.34,0.99,7.3,-0.09,10.14,4.07,1.2,-4.25,Mango,Clay Loam,0.723,0.289,23.72,9,0.428,2.775.002,27.954
8.622,104.87,6.27,3.189,3.64,37.606,59.355,5.5,32.319,30.076,57.473,28.14,3.97,81.31,17.74,12,-3.92,-4.92,-5.23,-3.15,-0.59,0.53,5.39,0.83,6.79,2.56,4.54,-2.86,Mango,Clay Loam,0.712,0.296,20.67,9,0.329,3.251.955,28.119
10.037,105.71,6.843,2,3.64,35.316,38.516,5.779,22.269,42.416,45.47,27.52,5.44,82.42,17.9,12,-4.68,-6.01,-6.26,-4.19,0.2,1.23,10.03,-0.2,9.39,5.07,0.41,-4.97,Mango,Clay Loam,0.646,0.302,26.31,7,0.381,2.647.091,27.507
9.802,105.472,6.313,1.313,3.64,36.155,34.525,5.769,24.763,39.151,38.797,27.561,5.605,82.702,17.303,12,-5.003,-6.154,-6.5,-3.957,-0.054,0.907,10.305,0.178,9.356,5.75,0.534,-5.32,Mango,Clay Loam,0.637,0.287,26.988,7,0.381,2.668.771,27.552
9.198,105.526,6.789,2,3.64,40.667,42.622,5.737,32.059,27.217,41.226,27.698,5.319,82.509,17.233,12,-4.89,-5.946,-6.319,-3.702,-0.259,0.711,9.366,0.451,8.802,5.321,1.424,-4.927,Mango,Clay,0.65,0.274,26.043,7,0.359,2.738.146,27.685
10.484,106.061,6.892,2.216,3.64,38.943,25.73,6.3,20.205,40.941,37.146,27.91,4.33,79.72,18.06,12,-4.03,-4.78,-4.88,-4,0.35,2.61,7.9,-0.29,6.54,4.36,0.01,-3.83,Mango,Clay Loam,0.763,0.296,21.81,7,0.363,1.517.579,27.896
9.989,105.941,6.434,1.434,3.64,35.64,36.179,5.983,22.583,41.777,48.121,27.571,5.219,82.375,18.393,12,-4.623,-5.744,-5.949,-4.173,0.347,1.462,10.053,-0.143,8.382,4.787,0.359,-4.777,Mango,Clay Loam,0.65,0.305,25.409,7,0.396,2.204.825,27.562
10.206,104.674,6.91,1,3.64,31.502,45.874,5.8,28.481,40.017,55.579,28.52,4.5,79.62,18.24,12,-3.9,-5.2,-5.39,-3.52,-0.2,1.32,6.6,-0.21,9.26,3.35,1.63,-3.74,Mango,Clay Loam,0.794,0.302,22.16,9,0.418,2.601.564,28.514
8.91,105.034,6,2.245,3.64,39.821,49.987,5.4,30.792,29.387,48.291,28.04,4.45,80.82,17.834,12,-4.45,-5.29,-5.62,-3.24,-0.63,1.27,6.71,0.39,7.95,3.73,3.01,-3.78,Mango,Clay Loam,0.727,0.287,23.01,9,0.345,3.468.752,28.025
10.293,105.184,6,2,3.64,38.24,28.725,5.696,23.25,38.51,35.185,27.912,4.774,79.798,17.9,12,-3.865,-5.182,-5.472,-3.654,-0.224,0.518,5.671,-0.254,10.853,4.629,0.882,-3.951,Mango,Clay Loam,0.76,0.286,22.602,9,0.481,2.827.033,27.899
10.445,105.89,7,2.911,3.64,40.063,28.552,6.146,19.212,40.634,30.67,27.74,4.64,80.6,17.9,12,-4.02,-5.17,-5.35,-3.98,0.31,1.52,7.43,-0.41,8.29,5.16,0.33,-4.15,Mango,Clay,0.722,0.289,23.08,9,0.36,1.851.446,27.721
9.134,105.231,6.687,1.374,3.64,38.708,36.281,5.4,30.95,30.273,42.785,28.04,4.45,80.82,17.03,12,-4.45,-5.29,-5.62,-3.24,-0.63,1.27,6.71,0.39,7.95,3.73,3.01,-3.78,Mango,Clay Loam,0.727,0.279,23.01,9,0.345,3.468.752,28.031
8.887,104.889,6,3.012,3.64,35.889,52.278,5.4,33.465,30.646,48.843,28.091,4.207,81.068,17.898,12,-4.182,-5.103,-5.423,-3.194,-0.61,0.895,6.042,0.613,7.363,3.138,3.784,-3.314,Mango,Clay Loam,0.719,0.281,21.826,9,0.337,3.468.752,28.071
10.578,104.905,7,4.225,3.64,32.688,34.744,5.6,37.208,30.104,38.805,27.91,4.77,79.76,18.24,12,-3.85,-5.17,-5.46,-3.66,-0.22,0.5,5.61,-0.26,10.88,4.65,0.87,-3.94,Mango,Clay Loam,0.761,0.259,22.56,9,0.483,3.035.158,27.883
8.663,104.918,6,2.735,3.64,36.392,53.537,5.59,34.32,29.288,48.11,28.14,3.97,81.31,17.74,12,-3.92,-4.92,-5.23,-3.15,-0.59,0.53,5.39,0.83,6.79,2.56,4.54,-2.86,Mango,Clay Loam,0.712,0.278,20.67,9,0.329,3.056.838,28.122
10.649,106.443,6.704,3.888,3.64,39.792,33.463,6.089,21.837,38.3,50.915,28.03,3.894,78.298,18.06,12,-3.699,-4.287,-4.352,-3.733,0.174,2.786,6.401,-0.065,5.907,4.564,-0.243,-3.443,Mango,Clay Loam,0.822,0.311,19.822,7,0.323,1.975.021,28.005
8.674,104.869,6.996,1.004,3.64,38.69,50.587,5.501,32.1,29.209,57.375,28.14,3.972,81.308,17.741,12,-3.922,-4.922,-5.232,-3.15,-0.59,0.533,5.396,0.828,6.795,2.565,4.533,-2.864,Mango,Clay Loam,0.712,0.296,20.68,9,0.329,3.249.787,28.133
10.393,106.274,6,3.666,3.64,37.416,35.783,6.2,19.533,43.067,40.667,27.91,4.33,79.72,18.06,12,-4.03,-4.78,-4.88,-4,0.35,2.61,7.9,-0.29,6.54,4.36,0.01,-3.83,Mango,Clay Loam,0.763,0.302,21.81,7,0.363,1.734.376,27.886
10.551,106.295,6,2.713,3.64,44.343,32.866,6.357,17.913,37.743,32.127,27.959,4.152,79.14,18.06,12,-3.895,-4.579,-4.665,-3.891,0.278,2.682,7.289,-0.198,6.282,4.443,-0.093,-3.672,Mango,Clay,0.787,0.294,20.993,7,0.348,1.394.005,27.941
10.097,105.489,7,199.394,3.64,34.564,36.768,5.833,31.372,34.064,47.634,27.65,5.216,81.533,17.434,12,-4.403,-5.73,-5.993,-4.013,0.06,0.986,8.555,-0.22,9.887,4.93,0.563,-4.626,Mango,Clay Loam,0.684,0.285,24.985,9,0.396,2.530.021,26.354
10.52,104.95,7,2.966,3.64,33.361,37.32,5.597,35.719,30.92,44.381,27.91,4.77,79.76,18.24,12,-3.85,-5.17,-5.46,-3.66,-0.22,0.5,5.61,-0.26,10.88,4.65,0.87,-3.94,Mango,Clay Loam,0.761,0.27,22.56,9,0.483,3.041.662,27.891
10.344,105.742,6,2,3.64,37.011,32.791,5.828,17.876,45.165,34.524,27.781,4.566,80.39,17.9,12,-4.022,-5.077,-5.238,-3.985,0.32,1.78,7.542,-0.381,7.872,4.969,0.254,-4.074,Mango,Clay Loam,0.732,0.297,22.777,9,0.346,2.540.861,27.768
9.986,105.425,7,2.098,3.64,37.326,28.17,5.72,25.702,36.972,30.775,27.524,5.421,82.416,17.116,12,-4.675,-5.987,-6.233,-4.189,0.213,1.25,10.032,-0.195,9.302,5.045,0.406,-4.953,Mango,Clay Loam,0.646,0.274,26.232,7,0.382,2.775.002,27.51
10.797,104.795,6.703,6.405,3.64,29.435,35.22,5.351,30.627,39.938,27.854,28.16,3.9,76.87,18.24,12,-3.21,-4.25,-4.47,-3.37,-0.26,0.68,3.27,0.33,8.7,4.94,0.85,-3.21,Mango,Clay Loam,0.882,0.259,18.77,9,0.464,3.574.983,28.118
10.827,106.042,6,3.702,3.64,38.911,30.53,5.5,19.551,41.538,32.231,28.086,3.719,77.658,18.012,12,-3.503,-4.116,-4.187,-3.581,0.088,2.493,5.415,-0.015,5.899,4.927,-0.126,-3.289,Mango,Clay Loam,0.849,0.29,18.817,9,0.313,3.251.955,28.062
9.599,106.31,7,3.789,3.64,38.474,36.221,6.047,25.658,35.869,35.969,27.744,5.297,82.688,18.587,12,-4.868,-5.885,-6.09,-3.778,0.298,0.72,9.994,0.713,8.2,5.58,0.347,-5.256,Mango,Clay Loam,0.645,0.281,25.877,7,0.387,2.066.075,27.719
8.874,104.967,6.782,2,3.64,37.987,45.373,5.5,33.4,28.713,44.891,28.062,4.345,80.927,17.795,12,-4.334,-5.209,-5.535,-3.22,-0.621,1.109,6.422,0.486,7.697,3.475,3.344,-3.579,Mango,Clay Loam,0.724,0.276,22.498,9,0.342,3.251.955,28.049
10.643,106.137,6.356,2,3.64,41.009,33.436,6.042,16.841,42.151,36.371,27.91,4.33,79.72,18.06,12,-4.03,-4.78,-4.88,-4,0.35,2.61,7.9,-0.29,6.54,4.36,0.01,-3.83,Mango,Clay,0.763,0.302,21.81,7,0.363,2.076.915,27.897
10.001,105.363,6.952,2,3.64,37.492,28.258,5.695,25.742,36.766,30.863,27.541,5.413,82.343,17.072,12,-4.66,-5.986,-6.237,-4.156,0.174,1.218,9.898,-0.195,9.426,5.022,0.448,-4.935,Mango,Clay Loam,0.65,0.274,26.169,7,0.378,2.829.201,27.528
10.016,105.753,7,1,3.64,35.192,35.424,6.028,27.288,37.52,43.792,27.578,5.19,82.369,17.587,12,-4.616,-5.709,-5.908,-4.171,0.366,1.492,10.056,-0.136,8.251,4.75,0.352,-4.752,Mango,Clay Loam,0.65,0.289,25.292,7,0.398,2.107.267,27.572
9.338,105.404,6.043,0.086,3.64,40.56,34.414,5.491,30.999,28.44,34.962,27.591,5.665,82.833,17.03,12,-5.153,-6.209,-6.603,-3.822,-0.176,0.749,10.373,0.376,9.3,6.079,0.611,-5.479,Mango,Clay,0.634,0.268,27.442,7,0.377,3.271.467,27.59
9.995,105.909,6.5,1.5,3.64,35.6,36.452,5.95,22.55,41.85,47.848,27.565,5.245,82.38,18.335,12,-4.63,-5.775,-5.985,-4.175,0.33,1.435,10.05,-0.15,8.501,4.82,0.365,-4.8,Mango,Clay Loam,0.649,0.305,25.515,7,0.394,2.276.368,27.555
9.232,105.199,6.433,0.865,3.64,39.772,47.061,5.557,32.209,28.063,45.86,27.779,5.148,81.96,17.337,12,-4.847,-5.818,-6.182,-3.586,-0.369,0.981,8.82,0.367,8.739,5.052,1.637,-4.744,Mango,Clay Loam,0.673,0.28,25.546,7,0.345,3.128.381,27.773
10.216,105.189,6.458,2,3.64,42.897,31.827,5.554,21.337,35.766,32.713,27.96,4.89,80.82,17.9,12,-4.26,-5.51,-5.79,-3.48,-0.34,0.99,7.3,-0.09,10.14,4.07,1.2,-4.25,Mango,Clay,0.723,0.287,23.72,9,0.428,3.134.885,27.947
9.748,106.311,6.791,13.329,3.64,40.484,26.736,6.258,27.896,31.621,29.144,27.737,5.232,82.641,18.77,12,-4.825,-5.801,-5.995,-3.82,0.341,0.865,10.007,0.628,7.966,5.416,0.336,-5.152,Mango,Clay,0.646,0.267,25.593,7,0.392,1.608.634,27.65
10.355,105.58,7,2.631,3.64,36.505,27.111,5.674,19.494,44.001,35.094,27.74,4.64,80.6,17.9,12,-4.02,-5.17,-5.35,-3.98,0.31,1.52,7.43,-0.41,8.29,5.16,0.33,-4.15,Mango,Clay Loam,0.722,0.294,23.08,9,0.36,2.874.728,27.723
10.831,105.337,6.63,3,3.64,35.068,24.856,5.5,21.091,43.904,34.56,28.138,3.841,77.125,17.9,12,-3.269,-4.232,-4.415,-3.414,-0.142,1.031,3.754,0.164,7.89,5.177,0.684,-3.247,Mango,Clay Loam,0.872,0.29,18.719,9,0.422,3.251.955,28.118
10.629,105.859,6,2,3.64,40.2,28.962,5.91,18.705,41.09,37.173,27.74,4.64,80.6,17.9,12,-4.02,-5.17,-5.35,-3.98,0.31,1.52,7.43,-0.41,8.29,5.16,0.33,-4.15,Mango,Clay,0.722,0.299,23.08,9,0.36,2.363.087,27.727
10.323,106.13,7,4.465,3.64,41.182,35.575,6.377,21.186,37.632,51.128,27.91,4.33,79.72,18.06,12,-4.03,-4.78,-4.88,-4,0.35,2.61,7.9,-0.29,6.54,4.36,0.01,-3.83,Mango,Clay,0.763,0.313,21.81,7,0.363,1.350.645,27.881
10.316,106.127,7,4.833,3.64,40.85,35.317,6.358,21.333,37.817,50.834,27.91,4.33,79.72,18.06,12,-4.03,-4.78,-4.88,-4,0.35,2.61,7.9,-0.29,6.54,4.36,0.01,-3.83,Mango,Clay,0.763,0.312,21.81,7,0.363,1.391.837,27.879
10.414,105.673,6.822,2,3.64,41.729,33.811,5.818,15.953,42.318,33.258,27.77,4.585,80.444,17.928,12,-4.022,-5.101,-5.266,-3.984,0.317,1.714,7.514,-0.389,7.979,5.018,0.273,-4.093,Mango,Clay,0.729,0.3,22.855,9,0.35,2.562.541,27.757
10.245,105.176,6,2,3.64,34.641,27.184,5.515,26.41,38.865,31.14,27.917,4.788,79.919,17.9,12,-3.911,-5.221,-5.509,-3.633,-0.238,0.573,5.863,-0.235,10.769,4.563,0.919,-3.986,Mango,Clay Loam,0.755,0.273,22.733,9,0.475,3.219.435,27.904
9.983,106.188,6.788,2.424,3.64,36.788,31.467,6.121,22.409,40.803,41.316,27.61,5.05,82.34,18.619,12,-4.58,-5.54,-5.71,-4.16,0.46,1.64,10.07,-0.1,7.61,4.57,0.32,-4.63,Mango,Clay Loam,0.653,0.296,24.72,7,0.408,1.905.646,27.594
10.817,104.834,6,5.629,3.64,31.594,35.98,5.366,30.266,38.14,43.518,28.16,3.9,76.87,18.24,12,-3.21,-4.25,-4.47,-3.37,-0.26,0.68,3.27,0.33,8.7,4.94,0.85,-3.21,Mango,Clay Loam,0.882,0.281,18.77,9,0.464,3.542.463,28.123
10.397,106.349,6.528,2.055,3.64,37.641,34.031,6.094,22.167,40.139,51.061,27.858,4.343,79.891,18.395,12,-4.042,-4.77,-4.876,-3.875,0.27,2.284,7.801,-0.031,6.57,4.612,-0.034,-3.918,Mango,Clay Loam,0.754,0.311,21.546,7,0.362,1.964.181,27.845
9.314,105.366,6,0,3.64,40.656,34.656,5.488,30.84,28.504,35.675,27.635,5.533,82.589,17.03,12,-5.066,-6.109,-6.491,-3.777,-0.225,0.821,9.984,0.355,9.173,5.781,0.88,-5.276,Mango,Clay,0.644,0.269,26.944,7,0.37,3.277.971,27.635
10.409,105.07,6.216,3.784,3.64,36.031,33.559,5.465,23.796,40.173,41.839,27.91,4.77,79.76,17.9,12,-3.85,-5.17,-5.46,-3.66,-0.22,0.5,5.61,-0.26,10.88,4.65,0.87,-3.94,Mango,Clay Loam,0.761,0.294,22.56,9,0.483,3.327.834,27.885
10.636,105.482,7,2.322,3.64,39.674,34.261,5.697,18.844,41.549,39.749,27.795,4.682,80.329,17.9,12,-3.965,-5.17,-5.385,-3.877,0.139,1.191,6.844,-0.362,9.124,4.996,0.504,-4.082,Mango,Clay Loam,0.735,0.302,22.841,9,0.4,2.824.865,27.78
10.824,105.212,6.608,5.431,3.64,29.881,30.978,5.461,31.518,38.562,28.416,28.136,3.837,77.141,18.107,12,-3.273,-4.23,-4.411,-3.417,-0.134,1.053,3.784,0.153,7.841,5.191,0.673,-3.249,Mango,Clay Loam,0.871,0.257,18.714,9,0.419,3.336.506,28.101
10.189,105.241,6,2,3.64,39.423,27.782,5.6,24.095,36.452,37.159,27.83,5.052,81.292,17.9,12,-4.384,-5.658,-5.929,-3.69,-0.181,1.061,8.106,-0.122,9.919,4.365,0.967,-4.463,Mango,Clay Loam,0.7,0.287,24.427,9,0.406,3.035.158,27.817
10.077,105.242,7,1,3.64,37.086,29.918,5.586,23.264,39.637,35.599,27.96,4.89,80.82,17.9,12,-4.26,-5.51,-5.79,-3.48,-0.34,0.99,7.3,-0.09,10.14,4.07,1.2,-4.25,Mango,Clay Loam,0.723,0.286,23.72,9,0.428,3065.51,27.954
10.399,106.44,6.652,2.652,3.64,37.766,31.714,6.3,20.917,41.317,42.021,27.91,4.33,79.72,18.06,12,-4.03,-4.78,-4.88,-4,0.35,2.61,7.9,-0.29,6.54,4.36,0.01,-3.83,Mango,Clay Loam,0.763,0.301,21.81,7,0.363,1.517.579,27.893
10.096,105.556,7,113.361,3.64,34.812,33.837,5.926,30.514,34.647,44.884,27.622,5.265,81.725,17.346,12,-4.463,-5.79,-6.051,-4.051,0.09,1.039,8.875,-0.216,9.779,4.96,0.53,-4.701,Mango,Clay Loam,0.676,0.283,25.272,9,0.387,2328.4,26.885
10.168,105.996,6.316,2,3.64,36.947,31.879,6.268,20.358,42.695,42.111,27.548,5.317,82.395,17.951,12,-4.648,-5.862,-6.086,-4.181,0.282,1.359,10.043,-0.168,8.828,4.912,0.382,-4.863,Mango,Clay Loam,0.648,0.302,25.808,7,0.389,1.586.954,27.535
9.102,105.442,6.645,2,3.64,40.234,42.91,5.693,32.304,27.433,41.038,27.779,5.073,82.29,17.371,12,-4.713,-5.758,-6.12,-3.601,-0.319,0.678,8.64,0.52,8.434,4.817,1.993,-4.549,Mango,Clay,0.661,0.273,25.06,7,0.344,2.833.537,27.766
9.429,105.257,6.605,1.605,3.64,37.814,35.828,5.519,29.461,32.664,42.954,28.008,4.624,80.82,17.03,12,-4.375,-5.377,-5.687,-3.335,-0.515,1.159,6.943,0.2,8.815,3.864,2.295,-3.966,Mango,Clay Loam,0.725,0.282,23.255,9,0.379,3.210.764,27.998
10.622,105.768,6.713,2,3.64,39.699,33.584,5.801,18.774,41.598,40.573,27.789,4.551,80.348,17.946,12,-4.023,-5.058,-5.215,-3.986,0.321,1.833,7.565,-0.376,7.788,4.931,0.238,-4.058,Mango,Clay Loam,0.734,0.304,22.716,9,0.343,2.599.396,27.776
8.706,104.889,6,2,3.64,37.12,55.061,5.64,33.721,29.158,48.279,28.12,4.066,81.212,17.804,12,-4.026,-4.994,-5.308,-3.168,-0.598,0.677,5.653,0.742,7.021,2.793,4.235,-3.043,Mango,Clay Loam,0.715,0.28,21.137,9,0.332,2.948.439,28.107
10.419,106.302,6.89,2.78,3.64,40.432,30.72,6.256,19.311,40.268,31.557,27.91,4.33,79.72,18.06,12,-4.03,-4.78,-4.88,-4,0.35,2.61,7.9,-0.29,6.54,4.36,0.01,-3.83,Mango,Clay,0.763,0.29,21.81,7,0.363,1612.97,27.892
10.056,105.564,6,4.425,3.64,31.426,28.428,5.786,24.787,43.786,37.711,27.52,5.44,82.42,17.9,12,-4.68,-6.01,-6.26,-4.19,0.2,1.23,10.03,-0.2,9.39,5.07,0.41,-4.97,Mango,Clay Loam,0.646,0.286,26.31,7,0.381,2.631.916,27.491
10.531,106.177,6,2.264,3.64,43.207,33.512,6.279,18.641,38.188,31.728,27.91,4.33,79.72,18.06,12,-4.03,-4.78,-4.88,-4,0.35,2.61,7.9,-0.29,6.54,4.36,0.01,-3.83,Mango,Clay,0.763,0.292,21.81,7,0.363,1.563.106,27.895
9.346,105.681,7,2,3.64,41.178,42.084,5.817,31.776,26.958,41.639,27.591,5.657,82.824,17.131,12,-5.135,-6.2,-6.579,-3.843,-0.142,0.754,10.404,0.377,9.266,6.036,0.575,-5.469,Mango,Clay,0.634,0.275,27.368,7,0.38,2.564.709,27.578
10.235,104.671,7,1.112,3.64,31.522,46.156,5.755,28.311,40.179,53.597,28.464,4.475,79.587,18.24,12,-3.865,-5.148,-5.342,-3.506,-0.212,1.255,6.387,-0.211,9.324,3.424,1.594,-3.704,Mango,Clay Loam,0.793,0.3,21.988,9,0.424,2.699.123,28.457
10.13,105.689,6.484,3.421,3.64,38.054,32.454,5.994,22.135,39.811,59.991,27.791,4.967,81.556,18.153,12,-4.415,-5.525,-5.751,-3.809,0.047,1.305,8.641,-0.095,8.915,4.312,0.774,-4.434,Mango,Clay Loam,0.689,0.323,24.029,9,0.372,2.180.978,27.769
10.464,104.937,7,2.732,3.64,37.004,32.639,5.5,32.814,30.182,41.513,27.91,4.77,79.76,18.24,12,-3.85,-5.17,-5.46,-3.66,-0.22,0.5,5.61,-0.26,10.88,4.65,0.87,-3.94,Mango,Clay Loam,0.761,0.273,22.56,9,0.483,3.251.955,27.892
10.63,106.086,6,2,3.64,38.923,38.372,6.2,17.696,43.397,39.914,27.91,4.33,79.72,18.06,12,-4.03,-4.78,-4.88,-4,0.35,2.61,7.9,-0.29,6.54,4.36,0.01,-3.83,Mango,Clay Loam,0.763,0.305,21.81,7,0.363,1.734.376,27.897
8.948,105.03,6.015,0.044,3.64,40.082,41.772,5.499,31.168,28.75,50.762,28.04,4.45,80.82,17.99,12,-4.45,-5.29,-5.62,-3.24,-0.63,1.27,6.71,0.39,7.95,3.73,3.01,-3.78,Mango,Clay,0.727,0.289,23.01,9,0.345,3.254.123,28.04
9.394,105.085,7,5.105,3.64,34.852,35.429,5.624,35.139,30.01,43.049,27.991,4.571,80.418,18.085,12,-4.223,-5.245,-5.559,-3.399,-0.475,0.978,6.293,0.144,9.061,4.079,2.199,-3.841,Mango,Clay Loam,0.74,0.269,22.742,9,0.398,2.983.127,27.958
9.988,106.151,6,7.313,3.64,34.807,29.208,6.134,22.694,42.499,41.581,27.61,5.05,82.34,18.53,12,-4.58,-5.54,-5.71,-4.16,0.46,1.64,10.07,-0.1,7.61,4.57,0.32,-4.63,Mango,Clay Loam,0.653,0.296,24.72,7,0.408,1.877.462,27.562
10.033,106.175,6,4,3.64,35.985,30.6,6.19,21.698,42.317,38.348,27.613,5.042,82.306,18.057,12,-4.569,-5.533,-5.703,-4.157,0.457,1.638,10.019,-0.106,7.623,4.581,0.32,-4.621,Mango,Clay Loam,0.654,0.294,24.689,7,0.407,1.756.056,27.587
10.16,105.087,6.124,1.249,3.64,39.762,34.672,5.875,22.877,37.361,57.678,27.954,4.82,80.683,18.218,12,-4.231,-5.419,-5.677,-3.545,-0.254,1.191,7.375,-0.115,9.692,4.106,1.052,-4.198,Mango,Clay Loam,0.728,0.318,23.439,9,0.414,2.438.966,27.946
9.637,106.048,6.414,1.414,3.64,41.2,29.17,6.141,24.569,34.231,33.8,27.659,5.515,82.784,17.75,12,-5.042,-6.075,-6.387,-3.8,0.029,0.719,10.248,0.544,8.811,5.886,0.487,-5.401,Mango,Clay,0.638,0.281,26.705,7,0.383,1.862.286,27.65
8.891,104.89,7,2,3.64,39.624,45.751,5.5,33.299,27.076,48.837,28.04,4.45,80.82,17.74,12,-4.45,-5.29,-5.62,-3.24,-0.63,1.27,6.71,0.39,7.95,3.73,3.01,-3.78,Mango,Clay Loam,0.727,0.282,23.01,9,0.345,3.251.955,28.027
10.404,105.34,7,1.596,3.64,34.743,26.964,5.738,24.36,40.857,33.7,27.829,4.741,80.689,17.9,12,-4.117,-5.307,-5.528,-3.778,0.047,1.306,7.377,-0.281,9.038,4.719,0.682,-4.19,Mango,Clay Loam,0.723,0.281,23.201,9,0.39,2.735.978,27.819
10.459,106.434,6.469,2,3.64,39.557,33.447,6.353,18.319,42.125,37.721,27.83,4.192,80.315,18.06,12,-3.908,-4.642,-4.731,-4.021,0.297,3.098,7.672,0.103,6.301,3.59,-0.101,-3.687,Mango,Clay Loam,0.737,0.301,21.09,7,0.364,1.402.677,27.817
10.563,105.858,6.595,4.405,3.64,43.569,31.095,5.781,18.84,37.531,37.496,27.878,4.263,79.426,17.965,12,-3.834,-4.729,-4.856,-3.834,0.225,2.063,6.758,-0.232,7.217,4.954,0.055,-3.798,Mango,Clay,0.772,0.299,21.283,9,0.339,2.642.755,27.849
10.131,105.034,6,2,3.64,37.408,31.996,5.6,24.405,38.088,41.471,27.96,4.89,80.82,17.9,12,-4.26,-5.51,-5.79,-3.48,-0.34,0.99,7.3,-0.09,10.14,4.07,1.2,-4.25,Mango,Clay Loam,0.723,0.292,23.72,9,0.428,3.035.158,27.947
10.085,104.931,7,2,3.64,31.446,48.003,5.4,26.579,42.029,48.325,27.997,4.484,80.23,17.678,12,-4.054,-5.097,-5.341,-3.325,-0.417,1.139,6.143,-0.007,9.125,4.033,1.602,-3.801,Mango,Clay Loam,0.747,0.297,22.042,9,0.414,3.468.752,27.984
10.577,105.493,6.963,2.073,3.64,34.456,26.509,5.885,24.363,41.18,33.663,27.74,4.64,80.6,17.9,12,-4.02,-5.17,-5.35,-3.98,0.31,1.52,7.43,-0.41,8.29,5.16,0.33,-4.15,Mango,Clay Loam,0.722,0.281,23.08,9,0.36,2.417.287,27.727
10.517,104.931,7,3,3.64,35.584,35.061,5.548,34.139,30.277,43.047,27.91,4.77,79.76,18.24,12,-3.85,-5.17,-5.46,-3.66,-0.22,0.5,5.61,-0.26,10.88,4.65,0.87,-3.94,Mango,Clay Loam,0.761,0.272,22.56,9,0.483,3.147.892,27.89
10.739,104.736,7,9.514,3.64,30.055,33.133,5.532,35.867,34.078,32.945,28.115,4.023,77.66,18.24,12,-3.333,-4.405,-4.628,-3.376,-0.276,0.699,3.728,0.153,9.064,4.64,0.998,-3.278,Mango,Clay Loam,0.85,0.254,19.296,9,0.47,3182.58,28.053
10.338,106.204,7,5.376,3.64,38.924,26.412,6.369,19.558,41.518,34.931,27.91,4.33,79.72,18.06,12,-4.03,-4.78,-4.88,-4,0.35,2.61,7.9,-0.29,6.54,4.36,0.01,-3.83,Mango,Clay Loam,0.763,0.294,21.81,7,0.363,1.367.989,27.875
10.491,105.504,6.774,3.548,3.64,42.551,31.5,5.632,19.026,38.368,36.132,27.74,4.64,80.6,17.9,12,-4.02,-5.17,-5.35,-3.98,0.31,1.52,7.43,-0.41,8.29,5.16,0.33,-4.15,Mango,Clay,0.722,0.297,23.08,9,0.36,2.965.783,27.717
9.731,105.372,6.773,2.319,3.64,37.092,36.35,5.755,25.29,37.618,45.273,27.534,5.494,82.513,17.03,12,-4.787,-6.058,-6.339,-4.113,0.116,1.123,10.121,-0.075,9.379,5.295,0.451,-5.086,Mango,Clay Loam,0.643,0.295,26.458,7,0.382,2.699.123,27.519
9.768,104.993,6.521,0.521,3.64,37.636,43.48,5.3,25.4,36.964,50.323,27.965,4.809,81.04,17.523,12,-4.418,-5.515,-5.785,-3.37,-0.436,1.282,7.549,0.068,9.264,4.065,1.554,-4.245,Mango,Clay Loam,0.715,0.302,23.769,9,0.39,3.685.549,27.962
9.373,106.006,6,2,3.64,40.471,40.04,5.698,29.943,29.583,39.524,27.77,5.28,82.72,18.77,12,-4.89,-5.87,-6.07,-3.73,0.31,0.66,9.99,0.82,8.06,5.64,0.34,-5.29,Mango,Clay,0.644,0.276,25.85,7,0.387,2.822.697,27.757
9.209,105.253,6.126,3.749,3.64,37.178,28.486,5.45,32.486,30.349,38.765,28.031,4.484,80.878,17.03,12,-4.468,-5.319,-5.64,-3.241,-0.619,1.311,6.849,0.371,7.995,3.771,2.876,-3.838,Mango,Clay Loam,0.724,0.27,23.125,9,0.345,3.360.353,28.007
10.665,106.394,7,3,3.64,40.376,32.188,5.802,20.853,38.769,27.978,27.91,4.33,79.72,18.06,12,-4.03,-4.78,-4.88,-4,0.35,2.61,7.9,-0.29,6.54,4.36,0.01,-3.83,Mango,Clay,0.763,0.281,21.81,7,0.363,2.597.228,27.89
10.676,106.377,6.77,2.77,3.64,40.814,31.442,5.8,20.662,38.524,27.425,27.91,4.33,79.72,18.06,12,-4.03,-4.78,-4.88,-4,0.35,2.61,7.9,-0.29,6.54,4.36,0.01,-3.83,Mango,Clay,0.763,0.281,21.81,7,0.363,2.601.564,27.892
9.045,105.02,6,2.193,3.64,38.966,50.683,5.561,29.193,31.76,47.719,28.04,4.45,80.82,17.167,12,-4.45,-5.29,-5.62,-3.24,-0.63,1.27,6.71,0.39,7.95,3.73,3.01,-3.78,Mango,Clay Loam,0.727,0.29,23.01,9,0.345,3.119.709,28.026
10.072,106.56,6,1.88,3.64,36.164,38.007,6.288,22.008,41.828,48.844,27.865,4.628,82.745,18.145,12,-4.166,-5.197,-5.323,-3.931,0.425,1.517,8.618,0.401,7.601,3.796,0.681,-4.384,Mango,Clay Loam,0.647,0.308,23.001,7,0.374,1.543.595,27.853
9.546,105.119,7,1.734,3.64,37.353,40.631,5.52,24.947,37.673,44.967,27.97,4.72,81.28,17.03,12,-4.59,-5.52,-5.78,-3.25,-0.54,1.6,7.82,0.24,8.31,4.06,1.94,-4.24,Mango,Clay Loam,0.706,0.296,23.92,9,0.347,3.208.596,27.959
10.362,106.316,6,3.965,3.64,37.581,35.709,6.2,19.593,42.828,40.607,27.91,4.33,79.72,18.06,12,-4.03,-4.78,-4.88,-4,0.35,2.61,7.9,-0.29,6.54,4.36,0.01,-3.83,Mango,Clay Loam,0.763,0.302,21.81,7,0.363,1.734.376,27.884
10.831,104.712,7,7,3.64,27.557,29.367,5.5,38.114,34.329,26.423,28.16,3.9,76.87,18.24,12,-3.21,-4.25,-4.47,-3.37,-0.26,0.68,3.27,0.33,8.7,4.94,0.85,-3.21,Mango,Clay Loam,0.882,0.239,18.77,9,0.464,3.251.955,28.114
10.663,104.733,6.773,21.495,3.64,29.507,30.669,5.645,41.429,29.064,37.829,27.995,4.391,79.42,18.163,12,-3.649,-4.83,-5.073,-3.451,-0.29,0.686,4.899,-0.229,10.068,4.155,1.21,-3.538,Mango,Clay Loam,0.778,0.248,21.06,9,0.479,2.937.599,27.855
8.894,105.042,6.482,1.482,3.64,39.712,52.184,5.448,31.473,28.814,49.968,28.04,4.45,80.82,17.869,12,-4.45,-5.29,-5.62,-3.24,-0.63,1.27,6.71,0.39,7.95,3.73,3.01,-3.78,Mango,Clay Loam,0.727,0.288,23.01,9,0.345,3.364.689,28.03
10.322,105.604,7,2,3.64,41.083,31.423,5.67,16.813,42.104,32.47,27.74,4.64,80.6,17.9,12,-4.02,-5.17,-5.35,-3.98,0.31,1.52,7.43,-0.41,8.29,5.16,0.33,-4.15,Mango,Clay,0.722,0.297,23.08,9,0.36,2883.4,27.727
10.804,105.406,6.628,3,3.64,35.138,23.849,5.563,22.278,42.52,33.112,28.138,3.841,77.127,17.9,12,-3.269,-4.231,-4.414,-3.415,-0.141,1.033,3.757,0.163,7.886,5.178,0.683,-3.247,Mango,Clay Loam,0.872,0.285,18.717,9,0.422,3.115.373,28.118
8.733,104.944,6,3.997,3.64,35.002,50.505,5.4,34.697,30.301,48.301,28.14,3.971,81.309,17.74,12,-3.921,-4.921,-5.231,-3.15,-0.59,0.531,5.392,0.829,6.792,2.562,4.538,-2.861,Mango,Clay Loam,0.712,0.278,20.674,9,0.329,3.468.752,28.114
8.928,105.467,6.7,12.6,3.64,33.978,39.281,5.69,33.112,32.91,67.002,28.029,4.363,81.733,18.224,12,-4.211,-5.205,-5.482,-3.324,-0.32,0.569,6.769,0.827,7.171,3.483,3.281,-3.589,Mango,Clay Loam,0.692,0.308,22.131,9,0.324,2.840.041,27.947
10.387,106.016,7,4.707,3.64,40.335,26.64,6.265,17.771,41.894,33.657,27.91,4.33,79.72,18.06,12,-4.03,-4.78,-4.88,-4,0.35,2.61,7.9,-0.29,6.54,4.36,0.01,-3.83,Mango,Clay,0.763,0.296,21.81,7,0.363,1.593.458,27.879
9.132,104.942,6.974,1.026,3.64,36.887,47.405,5.797,33.272,29.839,55.107,28.04,4.45,80.82,18.06,12,-4.45,-5.29,-5.62,-3.24,-0.63,1.27,6.71,0.39,7.95,3.73,3.01,-3.78,Mango,Clay Loam,0.727,0.291,23.01,9,0.345,2.608.068,28.033
10.616,106.431,6.847,2,3.64,40.591,30.171,5.885,22.487,36.922,26.432,27.91,4.33,79.72,18.06,12,-4.03,-4.78,-4.88,-4,0.35,2.61,7.9,-0.29,6.54,4.36,0.01,-3.83,Mango,Clay,0.763,0.275,21.81,7,0.363,2.417.287,27.897
10.477,104.922,6.976,3.047,3.64,37.745,32.72,5.495,32.546,29.709,41.714,27.913,4.762,79.785,18.211,12,-3.864,-5.173,-5.464,-3.65,-0.23,0.518,5.636,-0.245,10.811,4.628,0.92,-3.936,Mango,Clay Loam,0.76,0.274,22.562,9,0.48,3.262.795,27.893
9.078,105.012,6,2,3.64,38.417,51.584,5.58,29.325,32.168,47.872,28.04,4.45,80.82,17.134,12,-4.45,-5.29,-5.62,-3.24,-0.63,1.27,6.71,0.39,7.95,3.73,3.01,-3.78,Mango,Clay Loam,0.727,0.29,23.01,9,0.345,3.078.517,28.027
9.328,105.381,6.217,0.217,3.64,40.673,33.308,5.478,31.03,28.296,34.948,27.58,5.68,82.83,17.03,12,-5.15,-6.22,-6.61,-3.85,-0.17,0.76,10.43,0.35,9.34,6.06,0.59,-5.48,Mango,Clay,0.633,0.268,27.48,7,0.379,3299.65,27.579
10.579,106.108,6.78,2,3.64,39.751,33.302,6.234,18.154,42.095,35.709,27.91,4.33,79.72,18.025,12,-4.03,-4.78,-4.88,-4,0.35,2.61,7.9,-0.29,6.54,4.36,0.01,-3.83,Mango,Clay Loam,0.763,0.298,21.81,7,0.363,1.660.665,27.897
10.537,106.127,6.458,2.458,3.64,38.466,36.478,6.237,18.757,42.777,55.409,27.91,4.33,79.72,18.06,12,-4.03,-4.78,-4.88,-4,0.35,2.61,7.9,-0.29,6.54,4.36,0.01,-3.83,Mango,Clay Loam,0.763,0.324,21.81,7,0.363,1.654.161,27.894
8.957,105.196,6.602,1.806,3.64,39.378,40.656,5.44,29.876,30.747,49.235,28.04,4.45,80.82,17.99,12,-4.45,-5.29,-5.62,-3.24,-0.63,1.27,6.71,0.39,7.95,3.73,3.01,-3.78,Mango,Clay Loam,0.727,0.29,23.01,9,0.345,3.382.033,28.028
10.22,105.067,6,2,3.64,38.306,34.091,5.67,23.982,37.612,40.594,27.925,4.806,80.081,17.9,12,-3.974,-5.273,-5.56,-3.605,-0.256,0.648,6.122,-0.209,10.656,4.474,0.97,-4.034,Mango,Clay Loam,0.75,0.292,22.911,9,0.466,2883.4,27.912
9.762,106.485,7,2.131,3.64,37.012,32.663,6.007,26.541,36.354,34.399,27.621,5.065,82.365,18.77,12,-4.6,-5.562,-5.734,-4.132,0.45,1.576,10.065,-0.04,7.64,4.64,0.321,-4.673,Mango,Clay Loam,0.652,0.277,24.741,7,0.408,2.152.794,27.607
9.605,105.481,6,1.228,3.64,36.972,38.114,5.683,24.292,38.736,49.395,27.954,4.686,81.627,17.265,12,-4.48,-5.436,-5.664,-3.398,-0.321,1.577,7.957,0.292,8.148,3.976,1.664,-4.265,Mango,Clay Loam,0.693,0.303,23.564,9,0.345,2.855.216,27.946
10.828,105.401,7,2.753,3.64,33.553,23.429,5.551,24.297,42.074,31.767,28.145,3.861,77.04,17.9,12,-3.249,-4.238,-4.433,-3.4,-0.181,0.914,3.593,0.219,8.16,5.098,0.739,-3.235,Mango,Clay Loam,0.875,0.279,18.736,9,0.436,3.141.389,28.127
10.421,105.722,6.484,3.548,3.64,36.722,26.526,5.748,18.129,45.148,33.626,27.74,4.64,80.6,17.9,12,-4.02,-5.17,-5.35,-3.98,0.31,1.52,7.43,-0.41,8.29,5.16,0.33,-4.15,Mango,Clay Loam,0.722,0.295,23.08,9,0.36,2.714.298,27.717
10.298,105.298,6,2,3.64,40.422,27.9,5.6,22.828,36.749,36.203,27.796,4.703,80.656,17.9,12,-4.081,-5.256,-5.461,-3.854,0.146,1.386,7.397,-0.329,8.757,4.885,0.55,-4.175,Mango,Clay,0.723,0.288,23.156,9,0.379,3.035.158,27.783
10.298,106.426,7,5.052,3.64,38.49,26.053,6.4,19.737,41.821,35.753,27.839,4.207,80.251,18.06,12,-3.921,-4.657,-4.747,-4.019,0.303,3.046,7.696,0.061,6.327,3.673,-0.09,-3.702,Mango,Clay Loam,0.74,0.295,21.136,7,0.365,1.300.782,27.806
10.37,106.305,6,3.884,3.64,37.536,35.729,6.2,19.577,42.893,40.623,27.91,4.33,79.72,18.06,12,-4.03,-4.78,-4.88,-4,0.35,2.61,7.9,-0.29,6.54,4.36,0.01,-3.83,Mango,Clay Loam,0.763,0.302,21.81,7,0.363,1.734.376,27.885
10.109,105.002,6,1.549,3.64,39.772,34.13,5.804,23.344,36.885,58.335,27.952,4.906,80.9,18.262,12,-4.287,-5.525,-5.802,-3.491,-0.313,0.976,7.414,-0.052,10.052,4.136,1.164,-4.294,Mango,Clay Loam,0.72,0.318,23.764,9,0.423,2.592.892,27.942
10.86,104.876,7,5.115,3.64,32.577,32.523,5.123,31.589,35.835,23.241,28.16,3.9,76.87,18.24,12,-3.21,-4.25,-4.47,-3.37,-0.26,0.68,3.27,0.33,8.7,4.94,0.85,-3.21,Mango,Clay Loam,0.882,0.25,18.77,9,0.464,4069.28,28.127
10.709,106.493,6,2.785,3.64,40.63,29.293,5.879,22.399,36.972,24.636,27.91,4.33,79.72,18.06,12,-4.03,-4.78,-4.88,-4,0.35,2.61,7.9,-0.29,6.54,4.36,0.01,-3.83,Mango,Clay,0.763,0.273,21.81,7,0.363,2.430.294,27.892
8.938,105.139,6,1.009,3.64,38.687,53.119,5.403,32.117,29.196,49.09,28.041,4.446,80.824,17.988,12,-4.445,-5.287,-5.617,-3.239,-0.63,1.264,6.699,0.394,7.94,3.72,3.023,-3.772,Mango,Clay Loam,0.727,0.285,22.99,9,0.345,3.462.248,28.034
10.602,105.18,7,2,3.64,36.633,28.628,5.663,21.647,41.72,33.126,27.91,4.77,79.76,17.9,12,-3.85,-5.17,-5.46,-3.66,-0.22,0.5,5.61,-0.26,10.88,4.65,0.87,-3.94,Mango,Clay Loam,0.761,0.287,22.56,9,0.483,2.898.576,27.897
10.781,105.708,6,2,3.64,40.071,24.315,5.522,20.385,39.64,31.634,28.099,3.739,77.565,17.906,12,-3.377,-4.196,-4.313,-3.495,0.061,1.676,4.624,-0.114,6.478,5.545,0.372,-3.309,Mango,Clay,0.853,0.287,18.804,9,0.345,3204.26,28.086
9.373,106.155,6,2.924,3.64,36.527,37.692,6.062,33.919,29.547,40.962,27.77,5.28,82.72,18.77,12,-4.89,-5.87,-6.07,-3.73,0.31,0.66,9.99,0.82,8.06,5.64,0.34,-5.29,Mango,Clay Loam,0.644,0.269,25.85,7,0.387,2.033.556,27.751
9.585,106.017,6,1.634,3.64,38.058,40.245,6,25.781,36.134,55.976,27.701,5.426,82.76,18.134,12,-4.985,-5.998,-6.267,-3.774,0.134,0.697,10.151,0.648,8.528,5.794,0.431,-5.359,Mango,Clay Loam,0.64,0.309,26.383,7,0.385,2167.97,27.69
10.04,106.183,6,3.549,3.64,36.068,30.149,6.2,21.632,42.323,38.4,27.61,5.05,82.34,18.06,12,-4.58,-5.54,-5.71,-4.16,0.46,1.64,10.07,-0.1,7.61,4.57,0.32,-4.63,Mango,Clay Loam,0.653,0.294,24.72,7,0.408,1.734.376,27.587
10.406,105.963,6,5.413,3.64,39.624,26.174,6.243,19.502,40.955,29.468,27.877,4.391,79.892,18.029,12,-4.028,-4.856,-4.972,-3.996,0.342,2.397,7.808,-0.313,6.883,4.517,0.073,-3.893,Mango,Clay Loam,0.755,0.286,22.058,7,0.355,1.641.153,27.842
10.709,106.509,6,2.859,3.64,40.482,29.33,5.886,22.606,36.913,24.555,27.91,4.33,79.72,18.06,12,-4.03,-4.78,-4.88,-4,0.35,2.61,7.9,-0.29,6.54,4.36,0.01,-3.83,Mango,Clay,0.763,0.272,21.81,7,0.363,2.415.119,27.891
9.637,105.553,6.378,3.245,3.64,38.013,31.92,5.776,25.683,36.304,43.446,27.58,5.68,82.83,17.03,12,-5.15,-6.22,-6.61,-3.85,-0.17,0.76,10.43,0.35,9.34,6.06,0.59,-5.48,Mango,Clay Loam,0.633,0.292,27.48,7,0.379,2.653.595,27.559
10.234,105.209,6,2,3.64,39.841,27.9,5.6,23.516,36.644,36.838,27.912,4.835,80.772,17.9,12,-4.208,-5.436,-5.694,-3.589,-0.198,1.106,7.328,-0.16,9.735,4.308,1.01,-4.228,Mango,Clay Loam,0.723,0.287,23.513,9,0.414,3.035.158,27.899
10.182,105.533,7,5.843,3.64,35.41,26.887,5.742,23.237,41.353,36.98,27.647,4.977,81.367,17.9,12,-4.298,-5.524,-5.734,-4.069,0.264,1.398,8.526,-0.321,8.754,5.122,0.364,-4.496,Mango,Clay Loam,0.69,0.288,24.442,9,0.358,2.727.306,27.609
10.377,104.735,6.147,1.853,3.64,33.965,43.889,5.5,29.703,36.332,38.65,28.013,4.345,79.608,18.062,12,-3.737,-4.846,-5.081,-3.369,-0.344,0.866,5.15,-0.152,9.607,4.017,1.403,-3.541,Mango,Clay Loam,0.771,0.276,21.07,9,0.457,3.251.955,28.001
10.799,105.848,6,2.811,3.64,38.889,30.694,5.519,18.879,42.232,36.204,28.096,3.734,77.586,17.93,12,-3.406,-4.177,-4.284,-3.515,0.068,1.862,4.805,-0.092,6.346,5.404,0.258,-3.304,Mango,Clay Loam,0.852,0.297,18.778,9,0.339,3.210.764,28.078
9.443,105.708,7,1.364,3.64,42.028,29.255,5.691,30.117,27.855,32.762,27.649,5.534,82.79,17.663,12,-5.055,-6.093,-6.413,-3.806,0.005,0.724,10.27,0.521,8.874,5.907,0.499,-5.411,Mango,Clay,0.637,0.267,26.778,7,0.383,2.837.873,27.64
10.477,105.628,6,2,3.64,36.254,29.2,6.284,20.222,43.485,42.378,27.806,4.69,80.274,17.9,12,-3.954,-5.17,-5.393,-3.856,0.104,1.124,6.724,-0.352,9.295,4.962,0.54,-4.068,Mango,Clay Loam,0.737,0.303,22.793,9,0.409,1.552.267,27.793
10.482,105.4,6,3.326,3.64,39.617,27.658,5.567,19.426,40.957,31.67,27.74,4.64,80.6,17.9,12,-4.02,-5.17,-5.35,-3.98,0.31,1.52,7.43,-0.41,8.29,5.16,0.33,-4.15,Mango,Clay Loam,0.722,0.29,23.08,9,0.36,3.106.701,27.718
10.847,105.072,6,3.74,3.64,34.51,34.03,5.626,24.454,41.036,36.094,28.16,3.9,76.87,18.152,12,-3.21,-4.25,-4.47,-3.37,-0.26,0.68,3.27,0.33,8.7,4.94,0.85,-3.21,Mango,Clay Loam,0.882,0.284,18.77,9,0.464,2.978.791,28.136
10.82,105.157,6.655,5.619,3.64,29.763,31.209,5.465,31.504,38.699,28.27,28.139,3.845,77.108,18.123,12,-3.265,-4.233,-4.418,-3.411,-0.15,1.008,3.722,0.175,7.944,5.161,0.695,-3.245,Mango,Clay Loam,0.872,0.257,18.722,9,0.425,3.327.834,28.102
9.572,106.087,6,2.248,3.64,36.987,41.637,6,26.38,36.541,57.627,27.757,5.261,82.689,18.77,12,-4.864,-5.843,-6.04,-3.765,0.322,0.741,9.997,0.744,8.023,5.552,0.338,-5.236,Mango,Clay Loam,0.645,0.31,25.748,7,0.389,2167.97,27.742
10.646,106.387,6,2,3.64,39.468,31.768,5.832,17.82,42.713,38.8,27.987,3.815,78.612,18.06,12,-3.63,-4.208,-4.267,-3.742,0.144,3.055,6.264,0.152,5.771,4.145,-0.306,-3.361,Mango,Clay Loam,0.808,0.303,19.514,7,0.321,2.532.189,27.974
9.584,105.076,6.47,4.59,3.64,32.187,37.606,5.653,35.482,32.331,48.634,28.032,4.346,80.582,18.107,12,-3.887,-5.037,-5.338,-3.39,-0.416,0.516,5.493,0.318,8.712,3.542,2.815,-3.368,Mango,Clay Loam,0.735,0.276,21.436,9,0.407,2.920.256,28.002
10.489,106.212,7,2,3.64,41.368,33.144,6.478,18.445,40.187,34.275,27.91,4.33,79.72,18.06,12,-4.03,-4.78,-4.88,-4,0.35,2.61,7.9,-0.29,6.54,4.36,0.01,-3.83,Mango,Clay,0.763,0.296,21.81,7,0.363,1131.68,27.897
9.89,105.717,6.708,3.292,3.64,38.789,35.545,5.946,23.589,37.622,45.675,27.546,5.326,82.397,17.331,12,-4.651,-5.873,-6.099,-4.181,0.276,1.35,10.042,-0.171,8.87,4.924,0.384,-4.871,Mango,Clay Loam,0.648,0.3,25.846,7,0.389,2285.04,27.525
10.362,105.63,6,3,3.64,37.024,26.362,5.6,17.881,45.095,30.768,27.74,4.64,80.6,17.9,12,-4.02,-5.17,-5.35,-3.98,0.31,1.52,7.43,-0.41,8.29,5.16,0.33,-4.15,Mango,Clay Loam,0.722,0.292,23.08,9,0.36,3.035.158,27.72
10.077,106.517,6.147,2,3.64,36.48,38.603,6.315,21.694,41.826,48.302,27.857,4.641,82.732,18.036,12,-4.179,-5.207,-5.335,-3.938,0.426,1.521,8.663,0.386,7.601,3.82,0.67,-4.391,Mango,Clay Loam,0.647,0.308,23.05,7,0.375,1.485.059,27.844
9.64,106.245,6.992,2,3.64,41.183,27.004,6.195,24.105,34.711,35.514,27.768,5.281,82.718,18.763,12,-4.888,-5.871,-6.071,-3.734,0.309,0.664,9.99,0.812,8.07,5.636,0.341,-5.287,Mango,Clay,0.644,0.284,25.851,7,0.387,1.745.216,27.755
10.307,106.123,7,5.262,3.64,40.464,35.017,6.337,21.505,38.031,50.491,27.91,4.33,79.72,18.06,12,-4.03,-4.78,-4.88,-4,0.35,2.61,7.9,-0.29,6.54,4.36,0.01,-3.83,Mango,Clay,0.763,0.311,21.81,7,0.363,1.437.364,27.876
10.43,105.696,6.448,3.105,3.64,37.16,27.631,5.69,17.751,45.09,33.185,27.74,4.64,80.6,17.9,12,-4.02,-5.17,-5.35,-3.98,0.31,1.52,7.43,-0.41,8.29,5.16,0.33,-4.15,Mango,Clay Loam,0.722,0.296,23.08,9,0.36,2.840.041,27.72
9.421,105.185,6,1.269,3.64,41.266,33.046,5.554,26.519,32.215,47.864,27.918,4.849,81.488,17.03,12,-4.665,-5.614,-5.891,-3.331,-0.49,1.487,8.17,0.255,8.448,4.329,1.759,-4.407,Mango,Clay,0.696,0.296,24.398,9,0.346,3.134.885,27.91
9.483,105.54,6,4.916,3.64,36.755,42.6,5.338,26.5,36.745,39.507,27.588,5.663,82.825,17.103,12,-5.139,-6.205,-6.587,-3.845,-0.15,0.756,10.411,0.37,9.286,6.042,0.579,-5.472,Mango,Clay Loam,0.634,0.284,27.398,7,0.379,3.603.166,27.556
9.982,104.991,6.53,2.53,3.64,32.428,47.081,5.706,26.777,40.848,58.675,27.755,5.198,81.204,17.671,12,-4.461,-5.664,-6.001,-3.749,-0.196,0.622,7.877,0.027,10.156,5.313,0.738,-4.664,Mango,Clay Loam,0.7,0.311,24.735,9,0.411,2.805.353,27.739
9.83,105.816,6.758,4,3.64,37.124,37.25,5.976,27.422,35.453,57.268,27.58,5.401,82.493,17.451,12,-4.731,-5.976,-6.214,-4.079,0.227,1.092,10.02,0.047,9.068,5.208,0.393,-5.047,Mango,Clay Loam,0.646,0.307,26.047,7,0.385,2.220.001,27.554
10.697,106.424,7,2.501,3.64,37.602,31.45,5.85,23.5,38.848,27.05,27.91,4.33,79.72,18.06,12,-4.03,-4.78,-4.88,-4,0.35,2.61,7.9,-0.29,6.54,4.36,0.01,-3.83,Mango,Clay Loam,0.763,0.274,21.81,7,0.363,2.493.166,27.894
9.283,105.918,6.32,2,3.64,39.204,37.664,5.568,30.739,29.989,40.308,27.792,5.299,82.774,18.213,12,-4.993,-5.899,-6.189,-3.56,0.115,0.609,9.705,0.862,8.172,5.919,0.574,-5.341,Mango,Clay Loam,0.643,0.276,25.982,7,0.374,3.104.533,27.779
10.266,105.163,6.076,1.924,3.64,35.008,26.669,5.5,26.055,38.837,31.391,27.914,4.779,79.841,17.9,12,-3.881,-5.196,-5.485,-3.646,-0.229,0.537,5.739,-0.247,10.824,4.606,0.895,-3.964,Mango,Clay Loam,0.758,0.274,22.648,9,0.479,3.251.955,27.901
10.104,106.238,6,2,3.64,34.765,33.141,6.218,23.078,42.085,35.422,27.646,4.937,81.862,18.016,12,-4.426,-5.438,-5.611,-4.111,0.419,1.607,9.345,-0.185,7.797,4.732,0.323,-4.498,Mango,Clay Loam,0.672,0.287,24.269,7,0.386,1.695.353,27.633
10.621,106.426,6.807,2,3.64,40.667,30.11,5.881,22.379,36.954,26.388,27.91,4.33,79.72,18.06,12,-4.03,-4.78,-4.88,-4,0.35,2.61,7.9,-0.29,6.54,4.36,0.01,-3.83,Mango,Clay,0.763,0.275,21.81,7,0.363,2.425.958,27.897
10.22,105.127,6.54,2,3.64,40.921,31.561,5.546,22.925,36.154,31.992,27.96,4.89,80.82,17.9,12,-4.26,-5.51,-5.79,-3.48,-0.34,0.99,7.3,-0.09,10.14,4.07,1.2,-4.25,Mango,Clay,0.723,0.282,23.72,9,0.428,3.152.228,27.947
10.126,105.253,6.453,2,3.64,38.592,26.094,5.555,25.299,36.055,36.937,27.72,5.191,81.695,17.9,12,-4.49,-5.783,-6.047,-3.868,-0.045,1.121,8.792,-0.15,9.73,4.617,0.768,-4.644,Mango,Clay Loam,0.681,0.284,25.027,9,0.389,3.132.717,27.707
10.52,106.253,6.433,5.03,3.64,35.788,33.734,6.1,18.888,45.324,55.691,27.91,4.33,79.72,18.06,12,-4.03,-4.78,-4.88,-4,0.35,2.61,7.9,-0.29,6.54,4.36,0.01,-3.83,Mango,Clay Loam,0.763,0.325,21.81,7,0.363,1.951.173,27.877
9.915,105.827,6,3.868,3.64,36.523,41.024,6.096,26.739,36.743,52.861,27.523,5.451,82.438,17.03,12,-4.701,-6.019,-6.275,-4.175,0.184,1.209,10.048,-0.176,9.388,5.113,0.418,-4.992,Mango,Clay Loam,0.646,0.303,26.338,7,0.381,1.959.845,27.498
10.513,105.275,7,1.166,3.64,38.619,30.817,5.617,18.798,42.582,35.099,27.91,4.77,79.76,17.9,12,-3.85,-5.17,-5.46,-3.66,-0.22,0.5,5.61,-0.26,10.88,4.65,0.87,-3.94,Mango,Clay Loam,0.761,0.296,22.56,9,0.483,2.998.303,27.902
12.415,107.593,6,711.834,3.64,33.182,25.348,5.4,34.35,32.468,39.514,23.806,7.91,84.764,17.53,12,-6.422,-7.006,-7.026,-6.695,1.716,4.981,19.235,4.898,8.648,-0.627,-5.248,-6.502,Pepper,Clay Loam,0.449,0.266,39.526,7,0.487,3.468.752,19.179
14.061,108.31,6,717.778,4.347,31.286,2.027,5.9,33.494,35.221,28.356,23.3,147.86,84.74,16.63,4,-159.46,-175.05,-157.67,-141.05,-0.75,18.07,145.89,104.16,223.27,261.45,-15.89,-102.98,Pepper,Clay Loam,0.437,0.253,752.85,10,0.347,2.498.584,18.634
13.716,108.247,6,368.037,15.489,34.304,3.076,5.625,33.949,31.747,34.2,24.57,141.28,83.7,17.25,4,-159.46,-169.36,-154.13,-136.02,24.8,37.8,167.03,113.53,221.94,194.62,-29.94,-110.79,Pepper,Clay Loam,0.503,0.26,759.7,9,0.292,2.980.959,22.178
12.084,108.063,6,566.496,3.64,32.645,31.976,5.539,34.361,32.955,39.009,22.01,4.8,86.45,16.64,12,-3.64,-4.95,-5.06,-4.94,2.06,2.54,10.12,2.23,7.25,0.26,-2.31,-3.54,Pepper,Clay Loam,0.358,0.266,24.44,7,0.414,3.167.404,18.328
14.581,108.14,6,903.223,13.435,33.947,3.093,5.529,32.946,33.177,36.438,21.74,170.32,87.04,16.927,3,-158.95,-186.38,-169.92,-152.62,-53.36,-34.84,75.1,61.71,223.52,408.66,45.38,-58.32,Pepper,Clay Loam,0.337,0.265,814.39,10,0.502,3.676.882,15.869
13.872,108.002,6,632.443,2.263,31.394,2.126,5.764,37.182,31.46,27.738,23.3,147.86,84.74,17.823,4,-159.46,-175.05,-157.67,-141.05,-0.75,18.07,145.89,104.16,223.27,261.45,-15.89,-102.98,Pepper,Clay Loam,0.437,0.243,752.85,10,0.347,2807.5,19.189
13.659,108.014,6,446.843,8.975,28.341,2.259,5.772,37.022,34.636,28.929,24.57,141.28,83.7,17.5,4,-159.46,-169.36,-154.13,-136.02,24.8,37.8,167.03,113.53,221.94,194.62,-29.94,-110.79,Pepper,Clay Loam,0.503,0.245,759.7,9,0.292,2.662.267,21.666
13.579,107.883,6,250.92,3.489,33.389,1.8,5.741,37.335,29.276,23.497,24.57,141.28,83.7,18.14,4,-159.46,-169.36,-154.13,-136.02,24.8,37.8,167.03,113.53,221.94,194.62,-29.94,-110.79,Pepper,Clay Loam,0.503,0.237,759.7,9,0.292,2.729.474,22.939
11.669,108.188,6,732.07,5.284,30.843,3.156,5.7,36.666,32.49,34.747,23.13,106.55,83.84,18.82,4,-132.23,-138.73,-126.4,-98.9,29.53,75.46,156.75,108.52,121.36,101.45,-24.68,-72.15,Pepper,Clay Loam,0.458,0.254,593.09,7,0.264,2.222.337,18.372
12.893,107.982,6,363.572,3.64,32.834,26.705,5.857,34.395,32.771,24.061,24.75,5.04,84.49,17.53,12,-3.85,-5.19,-5.49,-5.13,2.87,2.02,9.17,1.47,8.91,1.97,-2.38,-4.35,Pepper,Clay Loam,0.484,0.245,26.39,7,0.347,2477.99,22.387
13.627,108.44,6,1.098.946,3.64,34.077,44.308,5.334,34.043,31.88,55.753,22.391,4.45,87.856,16.355,12,-2.51,-4.665,-5.883,-5.252,-0.016,0.289,3.567,-0.216,7.843,7.7,1.462,-2.337,Pepper,Clay Loam,0.329,0.29,20.879,9,0.376,3.611.838,15.248
13.065,107.84,6,200.747,3.64,31.758,20.714,5.8,34.732,33.51,24.607,24.743,5.032,84.509,17.67,12,-3.843,-5.187,-5.498,-5.122,2.847,2.067,9.089,1.456,8.911,2.043,-2.382,-4.359,Pepper,Clay Loam,0.483,0.245,26.391,7,0.344,2.601.564,23.438
13.606,108.124,6,561.047,9.823,30.113,2.562,5.6,35.807,34.08,33.973,24.57,141.28,83.7,17.25,4,-159.46,-169.36,-154.13,-136.02,24.8,37.8,167.03,113.53,221.94,194.62,-29.94,-110.79,Pepper,Clay Loam,0.503,0.255,759.7,9,0.292,3.035.158,20.923
12.636,108.286,6,468.075,1.998,31.15,2.326,5.957,39.291,29.481,26.834,23.35,141.43,84.51,17.08,4,-162.08,-169.35,-158.73,-138.82,7,56.24,226.23,162.74,189.26,115.44,-29.2,-98.71,Pepper,Clay Loam,0.444,0.237,756.89,7,0.299,2.202.368,20.308
14.615,108.215,6,1.517.657,3.64,35.15,47.466,5.4,32.712,32.138,59.7,21.897,4.856,88.179,16.21,12,-2.909,-4.847,-6.304,-5.427,-0.803,0.503,3.603,0.065,8.263,9.442,1.16,-2.755,Pepper,Clay Loam,0.311,0.298,23.045,10,0.41,3.468.752,12.032
13.831,107.633,6,329.885,6.028,28.879,2.395,6,34.941,36.18,27.021,25.25,174.14,81.48,18.14,3,-179.93,-183.32,-167.16,-135.46,50.28,69.26,300.26,253.27,195.98,90.33,-133.36,-160.15,Pepper,Clay Loam,0.595,0.247,959.38,7,0.313,2289.35,23.106
14.496,107.957,6,602.215,5.372,33.188,2.387,5.619,34.481,32.372,29.217,21.74,170.32,87.04,17.243,3,-158.95,-186.38,-169.92,-152.62,-53.36,-34.84,75.1,61.71,223.52,408.66,45.38,-58.32,Pepper,Clay Loam,0.337,0.252,814.39,10,0.502,3451.92,17.826
14.979,107.772,6,1.186.566,3.64,33.039,48.727,5.49,33.382,33.484,50.57,22.353,3.475,85.575,17.197,12,-2.463,-3.55,-4.432,-3.012,-0.424,0.193,2.229,-0.15,5.954,7.237,0.444,-2.065,Pepper,Clay Loam,0.39,0.284,16.096,10,0.451,3.273.635,14.64
13.476,107.927,6,273.475,3.457,34.595,2.299,5.751,34.456,30.949,26.58,24.57,141.28,83.7,18.14,4,-159.46,-169.36,-154.13,-136.02,24.8,37.8,167.03,113.53,221.94,194.62,-29.94,-110.79,Pepper,Clay Loam,0.503,0.248,759.7,9,0.292,2.707.795,22.792
11.857,107.744,6,551.387,3.64,32.043,33.65,5.342,34.953,33.063,38.638,24.057,4.519,84.075,17.631,12,-3.843,-4.652,-4.708,-4.522,1.051,3.584,9.135,1.979,6.373,1.555,-2.346,-3.612,Pepper,Clay Loam,0.477,0.264,23.683,7,0.386,3.594.494,20.473
12.612,107.719,6,442.888,2.449,35.727,2.534,5.7,34.133,30.206,33.938,23.73,231.98,84.06,17.87,4,-223.28,-224.48,-213.24,-190.37,2.58,142.09,478.49,339.12,196.45,35.26,-147.65,-194.95,Pepper,Clay Loam,0.468,0.259,1193.97,7,0.401,3.554.811,20.851
13.326,107.703,6,161.52,2.078,34.337,2.149,5.931,32.881,32.781,25.498,25.96,199.04,81.8,18.14,3,-202.41,-205.29,-190.82,-159.08,55.01,90.16,368.73,274.99,223.54,69.09,-144.32,-179.6,Pepper,Clay Loam,0.61,0.25,1081.52,7,0.341,2711.07,24.91
13.111,107.974,6,241.279,1.38,36.534,2.475,5.711,34.789,28.666,26.946,24.7,138.1,83.27,18.111,4,-159.26,-166.84,-154.61,-137.12,20.29,47.68,185.83,130.34,211.42,150.74,-24.92,-103.53,Pepper,Clay Loam,0.521,0.248,746.28,9,0.283,2.721.466,23.132
13.484,108.264,6,235.549,8.533,34.79,2.26,5.985,34.648,30.562,28.45,24.57,141.28,83.7,17.317,4,-159.46,-169.36,-154.13,-136.02,24.8,37.8,167.03,113.53,221.94,194.62,-29.94,-110.79,Pepper,Clay Loam,0.503,0.25,759.7,9,0.292,2200.49,23.039
12.459,108.217,6,491.913,7.128,33.947,2.816,5.846,35.781,30.3,29.076,23.35,141.43,84.51,17.08,4,-162.08,-169.35,-158.73,-138.82,7,56.24,226.23,162.74,189.26,115.44,-29.2,-98.71,Pepper,Clay Loam,0.444,0.248,756.89,7,0.299,2.436.752,20.153
12.907,107.717,6,246.468,3.33,31.818,2.455,5.65,37.378,30.803,25.452,25.82,227.9,82.05,17.87,4,-222.95,-224.84,-212.6,-186.27,25.42,125.85,462.77,319.67,217.47,42.22,-150.03,-196.73,Pepper,Clay Loam,0.597,0.24,1193.42,7,0.388,3.718.305,24.218
11.716,108.02,6,888.782,6.385,33.667,3.297,5.531,36.141,30.191,31.547,23.13,106.55,83.84,18.324,4,-132.23,-138.73,-126.4,-98.9,29.53,75.46,156.75,108.52,121.36,101.45,-24.68,-72.15,Pepper,Clay Loam,0.458,0.251,593.09,7,0.264,2.511.241,17.353
13.547,107.944,6,242.913,2.481,34.53,2.15,5.957,35,30.413,26.191,24.57,141.28,83.7,17.637,4,-159.46,-169.36,-154.13,-136.02,24.8,37.8,167.03,113.53,221.94,194.62,-29.94,-110.79,Pepper,Clay Loam,0.503,0.246,759.7,9,0.292,2.261.193,22.991
13.639,107.706,6,233.261,0.922,31.467,1.898,5.975,36.758,31.875,22.513,25.96,199.04,81.8,18.14,3,-202.41,-205.29,-190.82,-159.08,55.01,90.16,368.73,274.99,223.54,69.09,-144.32,-179.6,Pepper,Clay Loam,0.61,0.237,1081.52,7,0.341,2.599.482,24.444
12.401,108.027,6,727.266,3.64,32.149,35.96,5.418,34.1,33.751,42.288,21.981,4.811,86.776,17.43,12,-3.504,-4.93,-5.288,-5.03,1.53,2.16,8.924,1.832,7.431,1.946,-1.666,-3.39,Pepper,Clay Loam,0.349,0.271,23.808,7,0.375,3.429.729,17.254
12.81,108.321,6,461.003,7.098,29.022,2.012,5.94,39.715,31.263,24.405,24.7,138.1,83.27,17.114,4,-159.26,-166.84,-154.61,-137.12,20.29,47.68,185.83,130.34,211.42,150.74,-24.92,-103.53,Pepper,Clay Loam,0.521,0.233,746.28,9,0.283,2.237.978,21.703
12.66,108.326,6,466.084,1.447,30.262,2.273,6,39.969,29.699,27.012,23.35,141.43,84.51,17.08,4,-162.08,-169.35,-158.73,-138.82,7,56.24,226.23,162.74,189.26,115.44,-29.2,-98.71,Pepper,Clay Loam,0.444,0.236,756.89,7,0.299,2111.57,20.32
12.741,108.136,6,497.367,3.64,31.909,22.391,5.563,36.392,31.699,32.061,24.385,5.094,84.825,16.64,12,-3.877,-5.22,-5.485,-5.176,2.816,1.968,9.644,1.625,8.782,1.627,-2.391,-4.293,Pepper,Clay Loam,0.463,0.251,26.442,7,0.364,3.115.373,21.152
13.864,107.662,6,330.917,12.368,28.569,2.506,5.882,36.844,34.587,37.365,25.25,174.14,81.48,18.14,3,-179.93,-183.32,-167.16,-135.46,50.28,69.26,300.26,253.27,195.98,90.33,-133.36,-160.15,Pepper,Clay Loam,0.595,0.258,959.38,7,0.313,2.559.493,23.099
13.911,108.367,6,856.224,17.822,32.544,3.071,5.564,32.831,34.689,40.02,23.3,147.86,84.74,17.25,4,-159.46,-175.05,-157.67,-141.05,-0.75,18.07,145.89,104.16,223.27,261.45,-15.89,-102.98,Pepper,Clay Loam,0.437,0.271,752.85,10,0.347,3.261.788,17.735
14.158,108.293,6,918.366,3.64,30.737,31.823,5.4,33.562,35.692,41.159,23.37,4.74,85.96,16.262,12,-3.49,-5.08,-5.82,-5.01,1.27,2.46,6.48,1.14,8.68,5.17,-1.63,-4.16,Pepper,Clay Loam,0.403,0.27,25.19,9,0.344,3.468.752,17.401
12.13,108.148,6,554.618,5.392,33.673,2.832,5.6,33.643,32.676,29.883,21.95,131.13,85.44,17.08,4,-152.51,-159.92,-148.72,-125.06,10.18,63.52,221.54,158.42,155.14,94.38,-30.14,-86.85,Pepper,Clay Loam,0.384,0.254,703.2,7,0.315,2.767.282,18.345
13.484,107.688,6,345.769,3.64,30.597,31.486,5.627,36.374,33.03,31.666,25.855,6.671,82.85,17.651,12,-5.481,-6.468,-6.552,-5.536,3.215,5.076,13.831,3.697,8.945,0.485,-4.995,-6.258,Pepper,Clay Loam,0.572,0.251,35.29,7,0.392,2.976.623,23.608
13.165,107.994,6,263,3.64,33.881,25.976,5.695,34.11,32.009,29.03,24.745,5.034,84.505,17.626,12,-3.845,-5.188,-5.496,-5.124,2.852,2.057,9.106,1.459,8.91,2.028,-2.381,-4.357,Pepper,Clay Loam,0.483,0.252,26.391,7,0.345,2.829.201,23.036
12.123,107.566,6,757.446,3.64,36.701,32.52,5.555,33.088,30.211,29.619,24.09,6.14,82.81,17.53,12,-5.22,-5.74,-5.76,-5.53,1.01,4.33,14.19,3.44,7.41,0.73,-3.78,-5.08,Pepper,Clay Loam,0.516,0.255,31.11,7,0.456,3.132.717,19.167
13.367,107.698,6,161.63,3.64,33.763,21.396,6.063,33.57,32.585,23.218,25.899,6.689,82.555,17.67,12,-5.547,-6.477,-6.54,-5.369,3.17,5.401,13.902,3.92,8.754,0.363,-5.243,-6.375,Pepper,Clay Loam,0.583,0.245,35.551,7,0.391,2.031.388,24.848
13.048,107.682,6,194.749,3.64,34.099,20.705,5.846,34.784,31.17,25.38,25.86,8.09,82.95,17.594,12,-6.57,-7.33,-7.36,-6.7,2.7,5.61,18.96,4.97,9.12,-0.51,-5.8,-7.04,Pepper,Clay Loam,0.568,0.246,41.31,7,0.458,2.501.837,24.594
11.889,107.963,6,648.459,2.083,30.096,3.16,5.587,32.675,37.23,35.632,21.95,131.13,85.44,18.1,4,-152.51,-159.92,-148.72,-125.06,10.18,63.52,221.54,158.42,155.14,94.38,-30.14,-86.85,Pepper,Clay Loam,0.384,0.265,703.2,7,0.315,2.792.978,17.735
13.207,108.396,6,834.849,13.352,32.209,3.03,5.627,34.025,33.766,39.104,24.7,138.1,83.27,17.25,4,-159.26,-166.84,-154.61,-137.12,20.29,47.68,185.83,130.34,211.42,150.74,-24.92,-103.53,Pepper,Clay Loam,0.521,0.266,746.28,9,0.283,2.898.815,19.273
13.385,107.869,6,182.58,3.64,37.545,17.322,5.919,32.796,29.658,20.61,25.761,6.541,83.016,17.498,12,-5.353,-6.376,-6.507,-5.484,3.123,5.018,13.278,3.508,8.944,0.807,-4.83,-6.16,Pepper,Clay Loam,0.563,0.243,34.71,7,0.383,2.343.576,24.574
13.623,108.189,6,415.905,4.942,36.116,2.812,5.732,32.336,31.547,35.745,24.57,141.28,83.7,17.25,4,-159.46,-169.36,-154.13,-136.02,24.8,37.8,167.03,113.53,221.94,194.62,-29.94,-110.79,Pepper,Clay Loam,0.503,0.266,759.7,9,0.292,2.748.986,21.867
12.969,107.756,6,238.846,9.09,32.146,2.644,5.8,35.915,31.939,30.107,25.177,229.156,82.669,18.057,4,-223.052,-224.729,-212.797,-187.532,18.392,130.847,467.607,325.655,211.002,40.078,-149.298,-196.182,Pepper,Clay Loam,0.555,0.25,1193.59,7,0.392,3.297.838,23.625
12.961,108.032,6,346.413,10.007,32.19,2.202,5.7,32.958,34.752,27.289,24.7,138.1,83.27,17.199,4,-159.26,-166.84,-154.61,-137.12,20.29,47.68,185.83,130.34,211.42,150.74,-24.92,-103.53,Pepper,Clay Loam,0.521,0.252,746.28,9,0.283,2744.69,22.448
13.372,107.732,6,169.75,2.743,34.251,2.115,5.775,34.076,31.674,25.901,25.96,199.04,81.8,18.14,3,-202.41,-205.29,-190.82,-159.08,55.01,90.16,368.73,274.99,223.54,69.09,-144.32,-179.6,Pepper,Clay Loam,0.61,0.248,1081.52,7,0.341,3.106.698,24.857
12.173,107.959,6,613.085,3.64,31.802,32.085,5.351,32.619,35.63,36.847,22.725,5.025,86.077,17.159,12,-3.798,-5.129,-5.269,-5.124,2.371,2.177,10.523,2.133,7.858,0.49,-2.366,-3.846,Pepper,Clay Loam,0.385,0.267,25.532,7,0.412,3.574.983,18.74
13.718,108.364,6,1.517.618,3.64,36.656,41.284,5.356,32.835,30.51,55.428,23.069,4.753,86.068,16.785,12,-3.523,-5.051,-5.652,-4.995,1.445,2.478,7.285,1.381,8.364,4.084,-1.78,-4.023,Pepper,Clay Loam,0.393,0.292,25.024,9,0.334,3.564.143,13.204
12.989,107.704,6,266.864,3.64,30.384,26.48,5.495,35.543,34.073,34.728,25.855,8.044,82.944,17.67,12,-6.538,-7.294,-7.324,-6.67,2.671,5.594,18.831,4.931,9.079,-0.474,-5.758,-6.998,Pepper,Clay Loam,0.568,0.257,41.056,7,0.458,3.262.795,24.12
12.973,107.906,6,265.615,3.64,32.571,22.51,6,35.445,31.984,25.338,24.822,5.146,84.384,17.538,12,-3.956,-5.273,-5.559,-5.156,2.892,2.218,9.472,1.614,8.912,1.874,-2.55,-4.474,Pepper,Clay Loam,0.489,0.244,26.968,7,0.351,2167.97,23.096
13.065,108.196,6,643.237,3.64,36.666,25.75,5.7,35.059,28.275,30.259,24.75,5.04,84.49,16.774,12,-3.85,-5.19,-5.49,-5.13,2.87,2.02,9.17,1.47,8.91,1.97,-2.38,-4.35,Pepper,Clay Loam,0.484,0.252,26.39,7,0.347,2.818.361,20.569
13.1,108.265,6,621.472,3.08,34.681,2.29,5.812,34.629,30.648,36.151,24.7,138.1,83.27,17.2,4,-159.26,-166.84,-154.61,-137.12,20.29,47.68,185.83,130.34,211.42,150.74,-24.92,-103.53,Pepper,Clay Loam,0.521,0.261,746.28,9,0.283,2.508.224,20.66
13.973,107.733,6,426.252,5.81,31.05,2.466,5.978,35.222,33.82,28.392,25.25,174.14,81.48,18.104,3,-179.93,-183.32,-167.16,-135.46,50.28,69.26,300.26,253.27,195.98,90.33,-133.36,-160.15,Pepper,Clay Loam,0.595,0.249,959.38,7,0.313,2.339.716,22.479
13.665,108.25,6,370.181,7.226,37.154,2.458,5.9,33.569,29.276,28.404,24.57,141.28,83.7,17.411,4,-159.46,-169.36,-154.13,-136.02,24.8,37.8,167.03,113.53,221.94,194.62,-29.94,-110.79,Pepper,Clay Loam,0.503,0.253,759.7,9,0.292,2.384.767,22.164
12.586,107.957,6,439.16,3.64,31.094,22.827,5.741,37.999,30.907,31.249,23.57,6.463,85.383,17.025,12,-5.065,-6.086,-6.192,-5.948,2.285,3.217,14.703,3.332,8.578,0.079,-3.699,-5.216,Pepper,Clay Loam,0.425,0.246,32.206,7,0.457,2.729.474,20.715
14.465,107.696,6,475,3.64,28.532,32.044,5.425,34.711,36.756,39.32,23.521,4.023,85.777,17.21,12,-3.315,-4.287,-4.711,-3.35,1.229,2.379,6.473,1.67,6.572,3.263,-2.062,-3.814,Pepper,Clay Loam,0.412,0.265,21.539,9,0.304,3.414.553,20.434
13.421,108.242,6,408.543,11.035,31.72,2.414,5.607,32.739,35.541,39.721,24.57,141.28,83.7,17.28,4,-159.46,-169.36,-154.13,-136.02,24.8,37.8,167.03,113.53,221.94,194.62,-29.94,-110.79,Pepper,Clay Loam,0.503,0.27,759.7,9,0.292,3.019.982,21.914
14.181,108.216,6,787.801,15.488,30.012,2.653,5.561,35.53,34.458,38.025,23.3,147.86,84.74,16.63,4,-159.46,-175.05,-157.67,-141.05,-0.75,18.07,145.89,104.16,223.27,261.45,-15.89,-102.98,Pepper,Clay Loam,0.437,0.262,752.85,10,0.347,3.268.602,18.179
12.823,107.643,6,249.703,4.662,30.216,2.418,5.7,39.176,30.678,26.33,25.82,227.9,82.05,17.87,4,-222.95,-224.84,-212.6,-186.27,25.42,125.85,462.77,319.67,217.47,42.22,-150.03,-196.73,Pepper,Clay Loam,0.597,0.237,1193.42,7,0.388,3580.59,24.197
14.295,108.318,6,1.508.966,3.64,36.39,40.948,5.392,33.327,30.283,55.64,23.26,4.884,86.15,16.289,12,-3.405,-5.061,-5.946,-5.133,0.912,2.099,5.955,0.863,8.603,6.053,-1.058,-3.874,Pepper,Clay Loam,0.395,0.291,24.477,9,0.351,3.486.096,13.452
14.421,107.534,6,584.855,3.64,26.639,33.504,5.494,38.752,34.609,39.204,23.517,3.99,85.577,17.263,12,-3.397,-4.285,-4.606,-3.201,1.351,2.649,6.751,1.936,6.44,2.828,-2.496,-3.922,Pepper,Loam,0.418,0.256,21.907,7,0.307,3.264.963,19.715
14.473,108.303,6,774.613,15.421,32.711,3.244,5.6,34.855,32.439,42.221,21.74,170.32,87.04,16.63,3,-158.95,-186.38,-169.92,-152.62,-53.36,-34.84,75.1,61.71,223.52,408.66,45.38,-58.32,Pepper,Clay Loam,0.337,0.269,814.39,10,0.502,3.499.412,16.705
12.789,108.305,6,750,3.64,37.172,25.503,5.705,32.1,30.68,33.567,24.115,5.135,85.073,16.714,12,-3.897,-5.242,-5.481,-5.211,2.775,1.93,9.995,1.74,8.687,1.372,-2.399,-4.25,Pepper,Clay Loam,0.448,0.263,26.48,7,0.377,2.807.521,19.24
12.501,108.293,6,444,1.794,33.269,3.164,5.859,35.279,31.452,31.245,23.35,141.43,84.51,17.189,4,-162.08,-169.35,-158.73,-138.82,7,56.24,226.23,162.74,189.26,115.44,-29.2,-98.71,Pepper,Clay Loam,0.444,0.253,756.89,7,0.299,2.409.301,20.464
14.17,108.121,6,566.264,3.701,32.749,2.273,5.7,35.876,31.291,24.065,23.3,147.86,84.74,16.726,4,-159.46,-175.05,-157.67,-141.05,-0.75,18.07,145.89,104.16,223.27,261.45,-15.89,-102.98,Pepper,Clay Loam,0.437,0.241,752.85,10,0.347,2.952.872,19.619
14.579,107.873,6,589.596,7.469,31.643,2.194,5.732,33.066,35.223,28.896,21.74,170.32,87.04,17.66,3,-158.95,-186.38,-169.92,-152.62,-53.36,-34.84,75.1,61.71,223.52,408.66,45.38,-58.32,Pepper,Clay Loam,0.337,0.254,814.39,10,0.502,3.169.467,17.908
12.939,107.806,6,316.658,3.64,33.758,26.72,5.849,35.488,30.771,25.358,23.737,5.307,85.152,17.482,12,-4.078,-5.356,-5.518,-5.137,2.68,2.321,10.919,2.264,8.346,0.736,-2.778,-4.383,Pepper,Clay Loam,0.436,0.244,27.25,7,0.4,2.495.333,21.679
12.693,108.385,6,457.926,1.113,29.837,2.494,6,39.248,30.915,30.652,23.35,141.43,84.51,17.08,4,-162.08,-169.35,-158.73,-138.82,7,56.24,226.23,162.74,189.26,115.44,-29.2,-98.71,Pepper,Clay Loam,0.444,0.243,756.89,7,0.299,2111.57,20.373
12.612,108.448,6,475.174,3.64,34.277,22.983,5.9,37.563,28.06,24.161,23.44,4.286,86.531,16.64,12,-2.644,-4.716,-5.202,-5.05,2.074,0.733,6.599,0.406,7.605,2.666,0.144,-2.625,Pepper,Clay Loam,0.389,0.237,20.237,9,0.376,2.384.767,20.351
12.557,108.313,6,1549.94,3.64,35.603,46.25,5.223,32.866,31.531,49.598,21.989,5.226,86.915,18.451,12,-3.348,-4.922,-5.617,-5.331,0.788,1.422,7.684,1.137,7.344,4.076,-0.412,-2.813,Pepper,Clay Loam,0.346,0.284,22.443,7,0.342,3.852.483,11.914
12.464,108.008,6,416.879,0.512,34.306,1.951,5.8,36.052,29.73,22.479,23.35,141.43,84.51,17.175,4,-162.08,-169.35,-158.73,-138.82,7,56.24,226.23,162.74,189.26,115.44,-29.2,-98.71,Pepper,Clay Loam,0.444,0.239,756.89,7,0.299,2.533.884,20.64
12.577,108.376,6,437.615,2.046,31.815,1.942,6,38.546,29.639,19.285,23.35,141.43,84.51,17.08,4,-162.08,-169.35,-158.73,-138.82,7,56.24,226.23,162.74,189.26,115.44,-29.2,-98.71,Pepper,Clay Loam,0.444,0.228,756.89,7,0.299,2111.57,20.506
14.526,108.33,6,1.105.326,3.64,33.541,37.672,5.439,34.314,32.215,48.074,22.312,4.824,87.555,16.21,12,-3.072,-4.913,-6.168,-5.309,-0.22,1.053,4.412,0.367,8.381,8.241,0.375,-3.15,Pepper,Clay Loam,0.335,0.278,22.832,9,0.367,3.384.201,15.127
12.019,108.024,6,628.228,2.865,31.299,3.073,5.6,33.21,35.525,35.982,21.95,131.13,85.44,17.753,4,-152.51,-159.92,-148.72,-125.06,10.18,63.52,221.54,158.42,155.14,94.38,-30.14,-86.85,Pepper,Clay Loam,0.384,0.264,703.2,7,0.315,2.767.282,17.867
12.338,107.592,6,711.45,3.64,33.606,26.156,5.4,34.465,31.929,37.455,23.865,7.539,84.354,17.53,12,-6.169,-6.74,-6.76,-6.45,1.568,4.845,18.176,4.592,8.388,-0.343,-4.94,-6.203,Pepper,Clay Loam,0.463,0.263,37.605,7,0.484,3.468.752,19.241
13.132,107.683,6,198.784,3.64,35.361,18.87,5.893,32.4,32.239,22.446,25.86,8.09,82.95,17.67,12,-6.57,-7.33,-7.36,-6.7,2.7,5.61,18.96,4.97,9.12,-0.51,-5.8,-7.04,Pepper,Clay Loam,0.568,0.247,41.31,7,0.458,2.399.943,24.568
14.064,108.159,6,640.054,3.64,31.968,21.101,5.732,34.814,33.25,28.736,23.37,4.74,85.96,16.39,12,-3.49,-5.08,-5.82,-5.01,1.27,2.46,6.48,1.14,8.68,5.17,-1.63,-4.16,Pepper,Clay Loam,0.403,0.25,25.19,9,0.344,2.748.986,19.21
11.611,108.097,6,929.815,3.381,32.687,2.856,5.554,34.161,33.053,32.603,23.13,106.55,83.84,18.82,4,-132.23,-138.73,-126.4,-98.9,29.53,75.46,156.75,108.52,121.36,101.45,-24.68,-72.15,Pepper,Clay Loam,0.458,0.257,593.09,7,0.264,2.471.923,17.086
13.319,107.939,6,222.628,2.384,33.272,2.022,5.758,37.291,29.437,22.625,24.57,141.28,83.7,18.14,4,-159.46,-169.36,-154.13,-136.02,24.8,37.8,167.03,113.53,221.94,194.62,-29.94,-110.79,Pepper,Clay Loam,0.503,0.236,759.7,9,0.292,2.692.619,23.123
13.048,107.79,6,187.319,2.197,34.344,2.049,5.9,32.765,32.891,23.506,25.82,227.9,82.05,18.054,4,-222.95,-224.84,-212.6,-186.27,25.42,125.85,462.77,319.67,217.47,42.22,-150.03,-196.73,Pepper,Clay Loam,0.597,0.248,1193.42,7,0.388,3029.73,24.602
13.411,107.758,6,187.626,2,34.837,2.056,5.8,34.164,30.899,25.763,25.96,199.04,81.8,18.14,3,-202.41,-205.29,-190.82,-159.08,55.01,90.16,368.73,274.99,223.54,69.09,-144.32,-179.6,Pepper,Clay Loam,0.61,0.247,1081.52,7,0.341,3.043.296,24.74
13.011,107.721,6,237.228,3.64,35.54,21.927,5.689,32.991,31.557,28.682,25.86,8.09,82.95,17.654,12,-6.57,-7.33,-7.36,-6.7,2.7,5.61,18.96,4.97,9.12,-0.51,-5.8,-7.04,Pepper,Clay Loam,0.568,0.254,41.31,7,0.458,2.842.209,24.318
11.92,107.964,6,667.134,5.674,29.946,3.231,5.6,32.7,37.316,34.201,21.95,131.13,85.44,18.1,4,-152.51,-159.92,-148.72,-125.06,10.18,63.52,221.54,158.42,155.14,94.38,-30.14,-86.85,Pepper,Clay Loam,0.384,0.263,703.2,7,0.315,2.767.282,17.614
13.995,107.78,6,614.835,3.64,31.406,26.414,5.577,35.6,32.994,30.429,23.122,4.171,85.852,17.108,12,-3.441,-4.436,-4.715,-3.582,1.538,2.586,7.497,2.008,6.644,2.239,-2.456,-3.839,Pepper,Clay Loam,0.4,0.251,22.469,7,0.333,3.085.021,19.126
14.503,107.715,6,626.756,3.64,28.973,29.937,5.595,34.322,36.707,38.415,23.459,4.011,85.671,17.235,12,-3.394,-4.305,-4.631,-3.222,1.411,2.581,6.803,1.942,6.508,2.788,-2.498,-3.935,Pepper,Clay Loam,0.414,0.265,21.985,7,0.309,3.045.998,19.385
12.022,107.716,6,553.52,3.64,32.029,34.874,5.165,35.475,32.583,41.903,25.171,4.383,82.923,17.58,12,-3.916,-4.532,-4.645,-4.34,0.487,4.052,8.211,1.723,6.157,2.786,-2.274,-3.725,Pepper,Clay Loam,0.546,0.267,23.432,7,0.351,3.978.225,21.573
13.229,107.734,6,168,0.036,35.166,2.18,6.1,31.24,33.496,23.036,25.82,227.9,82.05,18.14,4,-222.95,-224.84,-212.6,-186.27,25.42,125.85,462.77,319.67,217.47,42.22,-150.03,-196.73,Pepper,Clay Loam,0.597,0.25,1193.42,7,0.388,2478.87,24.728
13.768,107.783,6,407.995,3.64,28.3,24.673,5.962,37.487,34.2,30.6,25.235,5.541,82.699,17.67,12,-4.58,-5.57,-5.734,-4.431,2.702,4.457,10.575,3.087,8.019,1.144,-4.247,-5.426,Pepper,Clay Loam,0.556,0.247,29.988,7,0.353,2.250.353,22.583
11.715,108.166,6,932.355,4.23,33.21,2.791,5.547,38.359,28.383,33.136,23.13,106.55,83.84,18.82,4,-132.23,-138.73,-126.4,-98.9,29.53,75.46,156.75,108.52,121.36,101.45,-24.68,-72.15,Pepper,Clay Loam,0.458,0.248,593.09,7,0.264,2.483.889,17.07
13.329,108.367,6,543.584,17.338,29.643,2.918,5.6,36.076,34.282,45.458,24.57,141.28,83.7,17.25,4,-159.46,-169.36,-154.13,-136.02,24.8,37.8,167.03,113.53,221.94,194.62,-29.94,-110.79,Pepper,Clay Loam,0.503,0.271,759.7,9,0.292,3.035.158,21.037
14.656,107.9,6,631.585,5.56,33.701,2.262,5.72,31.443,34.856,28.841,21.74,170.32,87.04,17.66,3,-158.95,-186.38,-169.92,-152.62,-53.36,-34.84,75.1,61.71,223.52,408.66,45.38,-58.32,Pepper,Clay Loam,0.337,0.258,814.39,10,0.502,3.199.462,17.635
13.303,107.761,6,172.971,1.668,34.598,1.92,6,33.897,31.505,22.399,25.96,199.04,81.8,18.14,3,-202.41,-205.29,-190.82,-159.08,55.01,90.16,368.73,274.99,223.54,69.09,-144.32,-179.6,Pepper,Clay Loam,0.61,0.243,1081.52,7,0.341,2536.08,24.836
14.027,108.075,6,768.948,2.095,30.819,2.048,5.8,36.277,32.869,23.874,23.3,147.86,84.74,16.63,4,-159.46,-175.05,-157.67,-141.05,-0.75,18.07,145.89,104.16,223.27,261.45,-15.89,-102.98,Pepper,Clay Loam,0.437,0.24,752.85,10,0.347,2.725.728,18.302
11.955,107.705,6,558.37,3.64,32.115,33.308,5.116,34.845,33.04,35.021,23.932,5.93,83.487,17.453,12,-4.924,-5.638,-5.692,-5.476,1.396,3.748,13.426,3.114,7.65,0.725,-3.463,-4.861,Pepper,Clay Loam,0.491,0.259,30.054,7,0.447,4.084.455,20.303
13.46,108.015,6,236.99,1.417,34.551,2.21,6,35.246,30.143,26.077,24.57,141.28,83.7,17.608,4,-159.46,-169.36,-154.13,-136.02,24.8,37.8,167.03,113.53,221.94,194.62,-29.94,-110.79,Pepper,Clay Loam,0.503,0.245,759.7,9,0.292,2167.97,23.03
13.27,107.672,6,215.201,3.64,30.852,26.92,5.6,34.912,34.237,29.972,25.948,7.487,82.763,17.67,12,-6.138,-6.987,-7.027,-6.128,2.996,5.584,16.677,4.491,9.032,-0.115,-5.597,-6.79,Pepper,Clay Loam,0.578,0.252,38.782,7,0.43,3.035.158,24.549
13.311,108.032,6,362,3.64,32.285,22.396,5.826,35.257,32.459,26,24.681,4.965,84.678,17.059,12,-3.781,-5.165,-5.572,-5.048,2.644,2.484,8.367,1.332,8.916,2.698,-2.399,-4.438,Pepper,Clay Loam,0.476,0.245,26.403,9,0.337,2.545.197,22.328
13.552,108.059,6,331.747,7.192,34.1,2.018,5.813,33.901,31.986,25.435,24.57,141.28,83.7,17.25,4,-159.46,-169.36,-154.13,-136.02,24.8,37.8,167.03,113.53,221.94,194.62,-29.94,-110.79,Pepper,Clay Loam,0.503,0.248,759.7,9,0.292,2573.38,22.414
13.887,108.035,6,833.698,1.817,25.875,2.196,5.7,36.289,37.836,25.889,23.3,147.86,84.74,17.24,4,-159.46,-175.05,-157.67,-141.05,-0.75,18.07,145.89,104.16,223.27,261.45,-15.89,-102.98,Pepper,Loam,0.437,0.243,752.85,10,0.347,2.952.872,17.881
12.478,107.752,6,616.425,13.718,35.74,2.536,5.7,32.616,31.644,39.727,23.73,231.98,84.06,17.87,4,-223.28,-224.48,-213.24,-190.37,2.58,142.09,478.49,339.12,196.45,35.26,-147.65,-194.95,Pepper,Clay Loam,0.468,0.271,1193.97,7,0.401,3.554.811,19.723
13.131,108.297,6,1.536.049,3.64,36.206,41.878,5.342,32.409,31.327,56.307,21.943,4.825,87.202,16.46,12,-3.327,-4.904,-5.586,-5.149,0.836,1.663,7.359,1.311,7.668,4.154,-0.823,-3.193,Pepper,Clay Loam,0.337,0.294,22.982,9,0.334,3.594.494,11.959
13.453,107.762,6,781.146,11.008,28.533,3.04,5.6,35.61,35.815,33.76,22.766,135.967,85.018,17.845,3.421,-151.133,-157.038,-143.258,-117.462,14.821,46.502,213.694,179.35,159.439,127.502,-66.67,-105.748,Pepper,Clay Loam,0.415,0.255,741.309,7,0.288,2774.37,17.689
12.429,107.748,6,640.312,8.771,35.3,2.721,5.774,32.721,31.905,39.151,23.73,231.98,84.06,17.87,4,-223.28,-224.48,-213.24,-190.37,2.58,142.09,478.49,339.12,196.45,35.26,-147.65,-194.95,Pepper,Clay Loam,0.468,0.27,1193.97,7,0.401,3352.46,19.568
14.637,108.292,6,1.249.986,3.64,33.915,40.451,5.476,35.142,31.019,52.482,21.867,5.287,88.303,16.458,12,-2.766,-4.838,-6.597,-5.727,-1.491,-0.219,2.56,-0.579,8.109,11.316,2.37,-2.154,Pepper,Clay Loam,0.307,0.283,24.371,10,0.465,3.303.986,13.742
11.713,108.144,6,910.663,7.41,35.522,2.933,5.589,38.245,26.233,32.48,23.13,106.55,83.84,18.82,4,-132.23,-138.73,-126.4,-98.9,29.53,75.46,156.75,108.52,121.36,101.45,-24.68,-72.15,Pepper,Clay Loam,0.458,0.248,593.09,7,0.264,2412.09,17.211
12.848,107.917,6,275.234,1.769,31.589,2.307,5.929,35.926,32.449,22.881,24.7,138.1,83.27,17.87,4,-159.26,-166.84,-154.61,-137.12,20.29,47.68,185.83,130.34,211.42,150.74,-24.92,-103.53,Pepper,Clay Loam,0.521,0.239,746.28,9,0.283,2.261.202,22.911
12.341,107.574,6,716.021,3.64,32.943,24.971,5.429,34.559,32.499,37.24,23.869,7.516,84.328,17.53,12,-6.154,-6.724,-6.744,-6.435,1.559,4.836,18.11,4.573,8.372,-0.325,-4.92,-6.185,Pepper,Clay Loam,0.464,0.263,37.487,7,0.484,3.405.881,19.215
13.519,108.22,6,341,2.923,35.563,2.418,5.881,33.567,30.87,31.711,24.57,141.28,83.7,17.25,4,-159.46,-169.36,-154.13,-136.02,24.8,37.8,167.03,113.53,221.94,194.62,-29.94,-110.79,Pepper,Clay Loam,0.503,0.257,759.7,9,0.292,2.425.958,22.354
12.112,107.66,6,789.873,4.992,34.266,2.807,5.5,34.78,30.953,30.611,24.04,181.62,82.12,17.87,4,-188.5,-190,-176.72,-153.36,10.7,136.2,344.01,256.97,158.52,68.86,-111.48,-155.21,Pepper,Clay Loam,0.535,0.253,975.27,7,0.353,3.466.725,18.906
14.379,108.03,6,534.663,0.087,30.721,1.982,5.796,37.007,32.272,21.025,21.74,170.32,87.04,16.673,3,-158.95,-186.38,-169.92,-152.62,-53.36,-34.84,75.1,61.71,223.52,408.66,45.38,-58.32,Pepper,Clay Loam,0.337,0.234,814.39,10,0.502,3.009.494,18.265
12.985,107.686,6,191.803,3.64,32.975,22.386,5.804,36.775,30.346,27.882,25.863,8.069,82.944,17.533,12,-6.555,-7.318,-7.349,-6.68,2.71,5.609,18.882,4.954,9.117,-0.496,-5.793,-7.031,Pepper,Clay Loam,0.569,0.244,41.222,7,0.458,2.592.892,24.616
13.199,108.268,6,635.061,2.805,33.677,2.987,5.7,34.118,32.205,39.972,24.7,138.1,83.27,17.248,4,-159.26,-166.84,-154.61,-137.12,20.29,47.68,185.83,130.34,211.42,150.74,-24.92,-103.53,Pepper,Clay Loam,0.521,0.267,746.28,9,0.283,2744.69,20.572
13.735,107.937,6,407.433,3.64,30.538,21.507,5.957,37.614,31.847,28.176,25.029,5.326,83.422,17.289,12,-4.289,-5.425,-5.694,-4.628,2.636,3.87,9.647,2.452,8.331,1.831,-3.612,-5.102,Pepper,Clay Loam,0.526,0.243,28.75,7,0.335,2.261.193,22.381
14.705,107.883,6,811.929,10.72,31.792,2.966,5.638,34.031,34.177,34.147,21.74,170.32,87.04,17.66,3,-158.95,-186.38,-169.92,-152.62,-53.36,-34.84,75.1,61.71,223.52,408.66,45.38,-58.32,Pepper,Clay Loam,0.337,0.26,814.39,10,0.502,3.404.428,16.462
12.66,108.286,6,456.078,1.812,31.37,2.346,5.872,38.275,30.355,29.835,23.35,141.43,84.51,17.08,4,-162.08,-169.35,-158.73,-138.82,7,56.24,226.23,162.74,189.26,115.44,-29.2,-98.71,Pepper,Clay Loam,0.444,0.244,756.89,7,0.299,2.381.851,20.385
12.96,108.305,6,734.492,2.339,31.416,2.054,5.678,36.287,32.296,28.255,24.7,138.1,83.27,17.08,4,-159.26,-166.84,-154.61,-137.12,20.29,47.68,185.83,130.34,211.42,150.74,-24.92,-103.53,Pepper,Clay Loam,0.521,0.246,746.28,9,0.283,2.791.139,19.926
13.947,107.734,6,426.099,5.874,31.04,2.408,5.995,35.255,33.8,28.17,25.25,174.14,81.48,18.14,3,-179.93,-183.32,-167.16,-135.46,50.28,69.26,300.26,253.27,195.98,90.33,-133.36,-160.15,Pepper,Clay Loam,0.595,0.248,959.38,7,0.313,2.300.797,22.48
13.593,107.62,6,278.546,10.202,28.427,2.617,5.643,38.532,33.12,31.388,25.96,199.04,81.8,18.14,3,-202.41,-205.29,-190.82,-159.08,55.01,90.16,368.73,274.99,223.54,69.09,-144.32,-179.6,Pepper,Clay Loam,0.61,0.245,1081.52,7,0.341,3.441.461,24.149
13.438,108.122,6,314.536,2.734,35.893,2.406,5.909,34.954,29.154,25.95,24.57,141.28,83.7,17.25,4,-159.46,-169.36,-154.13,-136.02,24.8,37.8,167.03,113.53,221.94,194.62,-29.94,-110.79,Pepper,Clay Loam,0.503,0.246,759.7,9,0.292,2.365.255,22.526
13.408,107.79,6,187.912,0.909,35.835,1.973,5.933,32.842,31.323,25.069,25.96,199.04,81.8,18.14,3,-202.41,-205.29,-190.82,-159.08,55.01,90.16,368.73,274.99,223.54,69.09,-144.32,-179.6,Pepper,Clay Loam,0.61,0.25,1081.52,7,0.341,2.705.997,24.739
13.018,107.765,6,215.516,0.907,37.001,2.164,5.8,33.566,29.433,23.154,25.82,227.9,82.05,18.107,4,-222.95,-224.84,-212.6,-186.27,25.42,125.85,462.77,319.67,217.47,42.22,-150.03,-196.73,Pepper,Clay Loam,0.597,0.245,1193.42,7,0.388,3305.16,24.419
13.588,108.062,6,412.503,3.64,31.911,19.323,5.9,35.044,33.046,24.233,24.64,4.92,84.79,16.78,12,-3.74,-5.15,-5.62,-5,2.51,2.76,7.89,1.25,8.92,3.13,-2.41,-4.49,Pepper,Clay Loam,0.472,0.243,26.41,9,0.337,2.384.767,21.959
13.363,108.031,6,326.261,5.52,32.604,2.556,5.76,35.441,31.901,25.563,24.57,141.28,83.7,17.25,4,-159.46,-169.36,-154.13,-136.02,24.8,37.8,167.03,113.53,221.94,194.62,-29.94,-110.79,Pepper,Clay Loam,0.503,0.244,759.7,9,0.292,2.688.283,22.449
13.974,108.027,6,761.454,4.135,28.219,2.053,5.777,36.372,35.348,26.466,23.3,147.86,84.74,17.556,4,-159.46,-175.05,-157.67,-141.05,-0.75,18.07,145.89,104.16,223.27,261.45,-15.89,-102.98,Pepper,Clay Loam,0.437,0.243,752.85,10,0.347,2.777.971,18.351
12.801,107.786,6,241.998,13.187,31.884,2.292,5.8,33.552,34.565,25.853,24.079,231.299,83.724,17.915,4,-223.225,-224.54,-213.133,-189.685,6.395,139.377,475.864,335.871,199.961,36.423,-148.048,-195.247,Pepper,Clay Loam,0.488,0.249,1.193.878,7,0.399,3.285.338,22.506
12.454,108.336,6,750,3.64,35.725,28.45,5.602,32.1,32.076,32.223,23.422,5.238,85.709,16.641,12,-3.949,-5.299,-5.47,-5.298,2.672,1.832,10.895,2.035,8.444,0.721,-2.42,-4.142,Pepper,Clay Loam,0.412,0.261,26.578,7,0.41,3.030.822,18.547
12.879,108.173,6,664.853,2.283,32.149,2.023,5.523,35.494,32.357,27.832,24.7,138.1,83.27,17.08,4,-159.26,-166.84,-154.61,-137.12,20.29,47.68,185.83,130.34,211.42,150.74,-24.92,-103.53,Pepper,Clay Loam,0.521,0.247,746.28,9,0.283,3118.39,20.378
13.626,108.039,6,509.37,3.64,29.726,22.406,5.494,36.989,33.285,29.155,24.646,4.927,84.773,16.772,12,-3.746,-5.152,-5.613,-5.007,2.531,2.718,7.963,1.263,8.919,3.064,-2.408,-4.482,Pepper,Clay Loam,0.472,0.246,26.408,9,0.337,3.264.963,21.335
13.199,108.357,6,804.548,10.887,32.401,3.102,5.635,34.54,33.059,43.577,24.7,138.1,83.27,17.25,4,-159.26,-166.84,-154.61,-137.12,20.29,47.68,185.83,130.34,211.42,150.74,-24.92,-103.53,Pepper,Clay Loam,0.521,0.272,746.28,9,0.283,2.881.925,19.47
13.559,107.687,6,172.823,3.64,31.81,21.052,5.761,36.994,31.157,26.944,25.751,6.42,82.515,17.67,12,-5.332,-6.262,-6.34,-5.11,3.058,5.223,13.154,3.775,8.534,0.489,-5.057,-6.168,Pepper,Clay Loam,0.579,0.243,34.269,7,0.384,2.686.115,24.628
13.195,107.688,6,166.025,1.317,35.498,2.257,5.903,32.269,32.184,25.075,25.82,227.9,82.05,18.14,4,-222.95,-224.84,-212.6,-186.27,25.42,125.85,462.77,319.67,217.47,42.22,-150.03,-196.73,Pepper,Clay Loam,0.597,0.251,1193.42,7,0.388,3.021.467,24.741
12.699,108.427,6,448.461,3.64,34.777,20.638,6,38.023,27.277,23.293,23.448,4.009,86.766,16.64,12,-2.265,-4.546,-5.124,-4.977,1.901,0.414,5.348,-0.068,7.363,3.233,0.888,-2.186,Pepper,Clay Loam,0.382,0.235,19.166,9,0.385,2167.97,20.533
14.174,108.084,6,572.353,3.64,30.941,22.083,5.7,33.653,35.406,32.365,22.343,4.871,87.639,16.468,12,-3.04,-4.895,-6.196,-5.362,-0.273,0.85,4.283,0.245,8.368,8.441,0.604,-3.024,Pepper,Clay Loam,0.334,0.258,22.79,10,0.37,2.818.361,18.623
13.45,108.111,6,324.898,1.244,34.934,2.415,5.9,33.187,31.824,24.297,24.57,141.28,83.7,17.25,4,-159.46,-169.36,-154.13,-136.02,24.8,37.8,167.03,113.53,221.94,194.62,-29.94,-110.79,Pepper,Clay Loam,0.503,0.248,759.7,9,0.292,2.384.767,22.458
12.711,107.804,6,314.39,3.64,35.512,23.795,5.844,35.002,29.505,24.069,23.867,5.771,85.204,17.53,12,-4.438,-5.678,-5.822,-5.561,2.676,2.535,12.411,2.586,8.567,0.483,-3.05,-4.681,Pepper,Clay Loam,0.438,0.243,29.23,7,0.424,2.506.173,21.823
12.559,108.163,6,516.645,3.993,28.802,2.475,5.656,36.754,34.366,31.94,23.35,141.43,84.51,17.08,4,-162.08,-169.35,-158.73,-138.82,7,56.24,226.23,162.74,189.26,115.44,-29.2,-98.71,Pepper,Clay Loam,0.444,0.25,756.89,7,0.299,2837.95,19.992
14.698,108.01,6,873.788,12.738,32.525,3.169,5.565,33.84,33.6,43.749,21.753,208.455,87.378,17.299,2.35,-163.824,-201.633,-187.811,-161.432,-89.266,-85.998,7.409,9.973,230.071,549.644,105.428,-12.549,Pepper,Clay Loam,0.329,0.273,902.513,10,0.609,3.981.756,16.073
14.529,107.996,6,645.248,2.283,30.862,2.14,5.806,34.984,34.154,31.414,21.74,170.32,87.04,16.69,3,-158.95,-186.38,-169.92,-152.62,-53.36,-34.84,75.1,61.71,223.52,408.66,45.38,-58.32,Pepper,Clay Loam,0.337,0.254,814.39,10,0.502,2.984.499,17.546
13.906,107.878,6,635.629,1.124,29.888,2.186,5.794,37.997,32.115,28.12,23.3,147.86,84.74,18.125,4,-159.46,-175.05,-157.67,-141.05,-0.75,18.07,145.89,104.16,223.27,261.45,-15.89,-102.98,Pepper,Clay Loam,0.437,0.242,752.85,10,0.347,2.739.357,19.168
14.592,108.369,6,1.249.024,3.64,35.749,43.005,5.4,33.205,31.046,51.808,21.858,5.068,88.276,16.331,12,-2.83,-4.839,-6.455,-5.579,-1.172,0.119,3.047,-0.266,8.181,10.425,1.795,-2.439,Pepper,Clay Loam,0.307,0.286,23.58,10,0.442,3.468.752,13.739
12.198,107.715,6,916.228,3.64,31.471,36.648,5.193,32.766,35.763,33.528,24.09,6.14,82.81,17.53,12,-5.22,-5.74,-5.76,-5.53,1.01,4.33,14.19,3.44,7.41,0.73,-3.78,-5.08,Pepper,Clay Loam,0.516,0.262,31.11,7,0.456,3.917.522,18.135
13.132,108.285,6,799.929,1.504,33.714,2.807,5.701,34.792,31.493,47.756,24.7,138.1,83.27,17.25,4,-159.26,-166.84,-154.61,-137.12,20.29,47.68,185.83,130.34,211.42,150.74,-24.92,-103.53,Pepper,Clay Loam,0.521,0.277,746.28,9,0.283,2.742.579,19.5
13.597,108.398,6,608.478,3.64,33.883,31.935,5.63,36.404,29.713,42.878,23.803,4.544,86.855,16.756,12,-2.789,-4.463,-5.671,-5.237,0.02,0.425,5.072,-0.653,7.696,6.53,1.812,-2.73,Pepper,Clay Loam,0.388,0.266,21.543,9,0.357,2.970.119,19.848
13.565,107.65,6,214.981,3.64,31.615,21.191,5.842,35.002,33.383,39.547,25.534,6.605,82.618,17.361,12,-5.441,-6.304,-6.388,-5.281,2.718,5.061,14.13,3.992,8.377,0.317,-5.021,-6.146,Pepper,Clay Loam,0.568,0.265,34.581,7,0.408,2.510.509,24.137
12.983,107.727,6,237.484,3.64,35.362,22.63,5.676,33.093,31.621,28.887,25.86,8.09,82.95,17.636,12,-6.57,-7.33,-7.36,-6.7,2.7,5.61,18.96,4.97,9.12,-0.51,-5.8,-7.04,Pepper,Clay Loam,0.568,0.254,41.31,7,0.458,2.870.392,24.316
13.7,107.597,6,177.96,3.64,31.904,23.059,5.909,35.552,32.444,27.782,25.814,6.535,82.532,17.67,12,-5.424,-6.354,-6.425,-5.22,3.106,5.299,13.473,3.837,8.628,0.435,-5.136,-6.256,Pepper,Clay Loam,0.581,0.247,34.815,7,0.387,2.365.255,24.657
14.075,108.029,6,730.384,2.036,31.346,1.869,5.731,37.177,31.477,27.385,23.3,147.86,84.74,17.501,4,-159.46,-175.05,-157.67,-141.05,-0.75,18.07,145.89,104.16,223.27,261.45,-15.89,-102.98,Pepper,Clay Loam,0.437,0.243,752.85,10,0.347,2.882.457,18.553
13.142,107.919,6,208.447,3.64,34.066,22.095,5.982,35.776,30.158,25.179,24.75,5.04,84.49,17.67,12,-3.85,-5.19,-5.49,-5.13,2.87,2.02,9.17,1.47,8.91,1.97,-2.38,-4.35,Pepper,Clay Loam,0.484,0.243,26.39,7,0.347,2.206.993,23.395
14.621,108.342,6,735.918,3.64,35.89,43.576,5.522,33.965,30.122,55.324,21.85,4.86,88.25,16.21,12,-2.89,-4.84,-6.32,-5.44,-0.87,0.44,3.51,0.03,8.25,9.58,1.25,-2.71,Pepper,Clay Loam,0.308,0.289,23.07,10,0.415,3204.26,17.067
12.775,108.107,6,549.224,3.64,31.287,20.81,5.645,36.434,32.279,32.147,23.71,5.195,85.445,16.671,12,-3.928,-5.275,-5.474,-5.262,2.715,1.873,10.521,1.912,8.545,0.992,-2.411,-4.187,Pepper,Clay Loam,0.427,0.251,26.537,7,0.396,2.937.599,20.14
14.007,108.261,6,731.389,1.639,32.041,1.914,5.661,34.174,33.785,25.515,23.3,147.86,84.74,16.917,4,-159.46,-175.05,-157.67,-141.05,-0.75,18.07,145.89,104.16,223.27,261.45,-15.89,-102.98,Pepper,Clay Loam,0.437,0.247,752.85,10,0.347,3.041.458,18.546
13.993,108.216,6,717.442,4.627,31.715,2.042,5.859,34.084,34.201,28.573,23.3,147.86,84.74,16.882,4,-159.46,-175.05,-157.67,-141.05,-0.75,18.07,145.89,104.16,223.27,261.45,-15.89,-102.98,Pepper,Clay Loam,0.437,0.252,752.85,10,0.347,2.591.713,18.637
12.911,107.919,6,269.238,1.697,31.626,2.301,5.942,36.198,32.176,26.244,24.7,138.1,83.27,17.87,4,-159.26,-166.84,-154.61,-137.12,20.29,47.68,185.83,130.34,211.42,150.74,-24.92,-103.53,Pepper,Clay Loam,0.521,0.243,746.28,9,0.283,2.233.755,22.95
14.035,107.667,6,238.862,8.565,29.682,2.066,5.982,36.301,34.018,26.743,25.25,174.14,81.48,17.704,3,-179.93,-183.32,-167.16,-135.46,50.28,69.26,300.26,253.27,195.98,90.33,-133.36,-160.15,Pepper,Clay Loam,0.595,0.244,959.38,7,0.313,2.330.558,23.697
13.373,108.149,6,393.427,3.64,36.614,29.43,5.625,32.043,31.343,33.229,24.636,4.829,84.989,16.78,12,-3.593,-5.04,-5.592,-5.002,2.289,2.412,7.404,0.956,8.71,3.604,-1.835,-4.268,Pepper,Clay Loam,0.465,0.263,25.33,9,0.343,2.980.959,22.079
13.513,107.786,6,273.078,3.64,31.011,21.425,6,35.988,33.002,24.592,25.69,6.428,83.095,17.633,12,-5.238,-6.277,-6.393,-5.475,3.164,4.62,13.136,3.365,8.939,0.707,-4.605,-5.973,Pepper,Clay Loam,0.558,0.242,33.961,7,0.387,2167.97,23.915
12.204,107.896,6,713.813,3.64,34.321,37.852,5.226,33.665,32.014,43.945,23.229,5.183,85.815,17.552,12,-3.91,-5.255,-5.417,-5.253,2.591,1.922,10.808,2.065,8.286,0.652,-2.406,-4.062,Pepper,Clay Loam,0.404,0.274,26.303,7,0.411,3.845.979,18.589
12.981,108.309,6,729.554,2.217,32.29,2.014,5.711,35.966,31.744,28.546,24.7,138.1,83.27,17.099,4,-159.26,-166.84,-154.61,-137.12,20.29,47.68,185.83,130.34,211.42,150.74,-24.92,-103.53,Pepper,Clay Loam,0.521,0.247,746.28,9,0.283,2.721.466,19.958
14.345,107.962,6,520.399,0.779,33.251,2.143,5.709,32.698,34.051,24.616,21.74,170.32,87.04,17.66,3,-158.95,-186.38,-169.92,-152.62,-53.36,-34.84,75.1,61.71,223.52,408.66,45.38,-58.32,Pepper,Clay Loam,0.337,0.249,814.39,10,0.502,3.226.958,18.357
14.77,107.714,6,731.728,7.763,32.686,2.816,5.686,33.379,33.934,31.455,22.29,128.66,84.34,17.66,3,-131.57,-142.11,-127.6,-99.38,-28.03,-18.86,94.18,104.34,155.5,290.96,-33.08,-64.36,Pepper,Clay Loam,0.421,0.257,644.99,10,0.451,2.502.723,17.534
13.439,108.077,6,511.524,3.64,30.762,23.924,5.576,36.486,32.752,29.562,24.406,4.981,84.967,16.753,12,-3.78,-5.179,-5.591,-5.057,2.54,2.583,8.465,1.4,8.829,2.669,-2.412,-4.423,Pepper,Clay Loam,0.46,0.247,26.442,9,0.333,3.087.189,21.081
14.006,108.06,6,756.863,1.923,31.324,2.151,5.734,35.634,33.042,25.472,23.3,147.86,84.74,16.844,4,-159.46,-175.05,-157.67,-141.05,-0.75,18.07,145.89,104.16,223.27,261.45,-15.89,-102.98,Pepper,Clay Loam,0.437,0.244,752.85,10,0.347,2.875.643,18.38
13.325,107.838,6,266.102,3.64,31.598,21.388,5.945,35.62,32.781,26.281,25.455,6.081,83.443,17.607,12,-4.891,-6.005,-6.168,-5.389,3.09,3.97,12.145,2.891,8.932,1.023,-4.049,-5.567,Pepper,Clay Loam,0.539,0.245,32.069,7,0.379,2.287.208,23.725
13.495,108.152,6,353.304,5.473,32.913,2.472,5.717,36.461,30.626,30.817,24.57,141.28,83.7,17.25,4,-159.46,-169.36,-154.13,-136.02,24.8,37.8,167.03,113.53,221.94,194.62,-29.94,-110.79,Pepper,Clay Loam,0.503,0.249,759.7,9,0.292,2.781.506,22.274
12.457,108.114,6,544.718,3.64,31.008,32.593,5.455,37.87,31.103,47.652,24.754,4.141,85.091,17.073,12,-2.974,-4.361,-4.914,-4.666,0.997,1.551,5.631,0.053,6.62,4.619,0.345,-2.909,Pepper,Clay Loam,0.465,0.27,19.824,9,0.334,3.349.514,21.213
13.907,107.617,6,326.373,9.175,28.424,2.601,5.875,36.419,35.157,38.141,25.25,174.14,81.48,18.14,3,-179.93,-183.32,-167.16,-135.46,50.28,69.26,300.26,253.27,195.98,90.33,-133.36,-160.15,Pepper,Clay Loam,0.595,0.26,959.38,7,0.313,2.575.519,23.129
11.692,108.163,6,937.857,1.842,31.278,2.866,5.574,37.957,30.665,33.894,23.13,106.55,83.84,18.82,4,-132.23,-138.73,-126.4,-98.9,29.53,75.46,156.75,108.52,121.36,101.45,-24.68,-72.15,Pepper,Clay Loam,0.458,0.25,593.09,7,0.264,2.437.733,17.034
13.003,108.159,6,547.894,3.64,31.96,19.621,5.628,35.526,32.487,32.653,23.399,5.102,85.786,16.679,12,-3.823,-5.239,-5.567,-5.22,2.283,2.004,9.685,1.791,8.506,1.944,-2.202,-4.146,Pepper,Clay Loam,0.409,0.254,26.197,7,0.369,2.974.455,19.838
14.467,107.756,6,634.959,7.256,29.755,2.035,5.8,35.852,34.393,26.393,23.36,139.49,84.71,17.66,3,-150.13,-154.94,-139.28,-111.93,18.2,34.11,207.98,194.59,162.57,151.62,-93.27,-119.51,Pepper,Clay Loam,0.439,0.244,769.06,7,0.27,2.382.456,19.233
14.582,107.889,6,639.514,6.019,32.313,2.494,5.792,33.473,34.305,33.479,21.74,170.32,87.04,17.66,3,-158.95,-186.38,-169.92,-152.62,-53.36,-34.84,75.1,61.71,223.52,408.66,45.38,-58.32,Pepper,Clay Loam,0.337,0.26,814.39,10,0.502,3.019.493,17.583
12.839,108.456,6,1.088.761,3.64,35.938,39.24,5.422,35.814,28.271,40.608,23.106,3.909,87.338,16.545,12,-2.009,-4.434,-5.306,-5.003,1.111,0.089,3.643,-0.539,7.306,5.221,1.741,-1.844,Pepper,Clay Loam,0.358,0.264,19.135,9,0.382,3.421.057,16.029
13.042,108.249,6,875.516,3.64,33.123,32.43,5.363,32.462,34.384,42.645,22.916,5.12,86.521,16.504,12,-3.614,-5.154,-5.739,-5.344,1.549,1.39,8.566,1.403,8.38,3.519,-1.258,-3.687,Pepper,Clay Loam,0.377,0.275,24.796,7,0.345,3.548.967,17.225
13.157,108.291,6,625.457,3.64,34.01,26.148,5.662,34.44,31.45,39.141,24.541,5.022,84.639,16.837,12,-3.834,-5.172,-5.457,-5.116,2.808,2.06,9.242,1.528,8.784,1.84,-2.375,-4.288,Pepper,Clay Loam,0.473,0.266,26.242,7,0.352,2.900.744,20.476
13.709,107.806,6,277.042,3.64,31.412,21.417,5.985,35.486,33.102,24.657,25.823,6.631,82.917,17.538,12,-5.442,-6.444,-6.556,-5.511,3.157,5.143,13.576,3.633,8.946,0.679,-4.964,-6.252,Pepper,Clay Loam,0.568,0.243,35.169,7,0.386,2200.49,24.022
11.721,108.012,6,904.951,7.611,34.289,3.178,5.55,36.835,28.876,32.799,23.13,106.55,83.84,18.457,4,-132.23,-138.73,-126.4,-98.9,29.53,75.46,156.75,108.52,121.36,101.45,-24.68,-72.15,Pepper,Clay Loam,0.458,0.251,593.09,7,0.264,2.478.761,17.248
12.878,107.546,6,334.884,3.64,34.177,24.419,5.596,35.274,30.55,30.116,24.86,8.08,83.906,17.603,12,-6.551,-7.229,-7.254,-6.748,2.258,5.336,19.311,4.999,8.947,-0.625,-5.598,-6.843,Pepper,Clay Loam,0.506,0.251,40.848,7,0.473,3043.83,22.683
14.021,108.041,6,733.592,1.641,29.819,2.06,5.559,37.955,32.226,27.077,23.3,147.86,84.74,17.493,4,-159.46,-175.05,-157.67,-141.05,-0.75,18.07,145.89,104.16,223.27,261.45,-15.89,-102.98,Pepper,Clay Loam,0.437,0.241,752.85,10,0.347,3.273.145,18.532
12.149,108.182,6,569.247,3.64,33.912,28.635,5.6,33.97,32.1,35.54,22.01,4.8,86.45,16.64,12,-3.64,-4.95,-5.06,-4.94,2.06,2.54,10.12,2.23,7.25,0.26,-2.31,-3.54,Pepper,Clay Loam,0.358,0.262,24.44,7,0.414,3.035.158,18.31
13.938,108.06,6,647.131,3.409,29.309,2.373,5.8,36.883,33.874,27.087,23.3,147.86,84.74,17.034,4,-159.46,-175.05,-157.67,-141.05,-0.75,18.07,145.89,104.16,223.27,261.45,-15.89,-102.98,Pepper,Clay Loam,0.437,0.243,752.85,10,0.347,2.725.728,19.094
12.693,107.954,6,352.932,3.044,29.708,2.161,5.8,37.3,32.959,22.263,23.35,141.43,84.51,17.334,4,-162.08,-169.35,-158.73,-138.82,7,56.24,226.23,162.74,189.26,115.44,-29.2,-98.71,Pepper,Clay Loam,0.444,0.235,756.89,7,0.299,2.533.884,21.056
13.532,107.816,6,334.092,3.64,30.885,31.313,5.8,37.535,31.579,33.815,24.19,4.58,85.002,17.408,12,-3.646,-4.795,-5.108,-4.279,2.223,2.272,8.097,1.674,7.846,2.348,-2.432,-4.168,Pepper,Clay Loam,0.453,0.251,24.428,7,0.331,2.601.564,22.018
13.547,107.726,6,342.199,3.64,26.774,24.064,5.847,37.034,36.166,28.905,24.81,5.526,83.287,17.633,12,-4.5,-5.542,-5.675,-4.604,2.714,3.934,10.947,3,8.037,0.82,-3.952,-5.181,Pepper,Loam,0.523,0.245,29.454,7,0.372,2.499.669,22.586
13.439,108.215,6,341.607,1.586,35.146,2.39,5.636,34.297,30.557,32.344,24.57,141.28,83.7,17.25,4,-159.46,-169.36,-154.13,-136.02,24.8,37.8,167.03,113.53,221.94,194.62,-29.94,-110.79,Pepper,Clay Loam,0.503,0.256,759.7,9,0.292,2.957.111,22.35
12.992,108.039,6,363.138,5.558,32.818,2.162,5.78,32.958,34.204,25.919,24.7,138.1,83.27,17.08,4,-159.26,-166.84,-154.61,-137.12,20.29,47.68,185.83,130.34,211.42,150.74,-24.92,-103.53,Pepper,Clay Loam,0.521,0.25,746.28,9,0.283,2.575.786,22.34
12.134,107.813,6,792.732,3.64,34.905,33.131,5.532,32.766,32.33,32.364,23.38,5.682,84.053,17.53,12,-4.68,-5.47,-5.521,-5.328,1.369,3.719,12.8,3.027,7.355,0.569,-3.278,-4.554,Pepper,Clay Loam,0.458,0.26,28.831,7,0.444,3182.58,18.227
13.661,107.693,6,258.942,6.177,30.807,1.981,5.94,36.708,32.5,26.331,25.96,199.04,81.8,18.14,3,-202.41,-205.29,-190.82,-159.08,55.01,90.16,368.73,274.99,223.54,69.09,-144.32,-179.6,Pepper,Clay Loam,0.61,0.242,1081.52,7,0.341,2.688.245,24.277
12.761,108.102,6,475.611,2.677,30.755,1.994,5.566,36.63,32.615,27.036,24.7,138.1,83.27,17.08,4,-159.26,-166.84,-154.61,-137.12,20.29,47.68,185.83,130.34,211.42,150.74,-24.92,-103.53,Pepper,Clay Loam,0.521,0.244,746.28,9,0.283,3.027.604,21.609
13.054,108.299,6,787.041,4.221,33.642,2.6,5.587,34.813,31.646,43.387,24.7,138.1,83.27,17.25,4,-159.26,-166.84,-154.61,-137.12,20.29,47.68,185.83,130.34,211.42,150.74,-24.92,-103.53,Pepper,Clay Loam,0.521,0.271,746.28,9,0.283,2.983.267,19.584
11.704,108.279,6,866.119,2.65,34.553,2.923,5.6,37.495,27.968,29.391,23.13,106.55,83.84,18.82,4,-132.23,-138.73,-126.4,-98.9,29.53,75.46,156.75,108.52,121.36,101.45,-24.68,-72.15,Pepper,Clay Loam,0.458,0.245,593.09,7,0.264,2.393.286,17.5
13.773,108.21,6,490.227,4.148,34.188,2.287,5.739,35.375,30.437,27.371,23.3,147.86,84.74,17.25,4,-159.46,-175.05,-157.67,-141.05,-0.75,18.07,145.89,104.16,223.27,261.45,-15.89,-102.98,Pepper,Clay Loam,0.437,0.247,752.85,10,0.347,2.864.286,20.114
13.402,107.962,6,258.842,3.64,31.92,22.065,5.632,35.228,32.821,27.777,24.64,4.92,84.79,17.065,12,-3.74,-5.15,-5.62,-5,2.51,2.76,7.89,1.25,8.92,3.13,-2.41,-4.49,Pepper,Clay Loam,0.472,0.248,26.41,9,0.337,2.965.783,22.958
13.58,108.443,6,550.135,3.64,33.26,33.289,5.638,35.588,31.114,47.384,23.717,4.462,86.319,16.727,12,-3.029,-4.783,-5.591,-4.991,1.331,1.392,5.408,0.263,8.116,5.536,-0.162,-3.485,Pepper,Clay Loam,0.401,0.274,22.041,9,0.368,2.952.775,20.141
12.004,108.16,6,751.764,3.64,33.618,30.742,5.6,37.184,29.198,35.292,23.583,4.144,84.528,18.308,12,-3.255,-4.452,-4.594,-4.415,1.62,3.194,7.431,1.779,6.78,1.21,-2.086,-3.221,Pepper,Clay Loam,0.45,0.254,22.023,7,0.338,3.035.158,18.697
12.063,108.141,6,610.207,3.64,33.162,31.511,5.468,35.505,31.333,33.452,22.01,4.8,86.45,16.64,12,-3.64,-4.95,-5.06,-4.94,2.06,2.54,10.12,2.23,7.25,0.26,-2.31,-3.54,Pepper,Clay Loam,0.358,0.255,24.44,7,0.414,3321.33,18.044
13.627,107.948,6,400.523,3.132,31.997,1.886,5.888,34.826,33.176,36.28,24.57,141.28,83.7,18.14,4,-159.46,-169.36,-154.13,-136.02,24.8,37.8,167.03,113.53,221.94,194.62,-29.94,-110.79,Pepper,Clay Loam,0.503,0.261,759.7,9,0.292,2.410.783,21.967
14.483,107.711,6,648.231,3.64,30.784,22.238,5.787,35.523,33.693,26.015,23.625,4.116,85.519,17.19,12,-3.44,-4.397,-4.723,-3.421,1.571,2.526,7.017,1.88,6.774,2.729,-2.485,-3.984,Pepper,Clay Loam,0.422,0.245,22.45,7,0.312,2.629.748,19.411
13.29,108.435,6,363.942,3.64,35.544,25.336,5.9,36.244,28.211,30.465,24.611,4.202,86.363,16.78,12,-2.575,-4.276,-5.397,-5.019,0.763,0.003,4.036,-1.08,7.26,6.887,2.143,-2.733,Pepper,Clay Loam,0.422,0.249,21.08,9,0.344,2.384.767,22.245
13.523,107.926,6,247.219,6.032,33.548,1.996,5.635,38.286,28.166,24.026,24.57,141.28,83.7,18.14,4,-159.46,-169.36,-154.13,-136.02,24.8,37.8,167.03,113.53,221.94,194.62,-29.94,-110.79,Pepper,Clay Loam,0.503,0.236,759.7,9,0.292,2.959.279,22.963
14.784,107.683,6,673.557,3.884,29.92,2.777,5.613,34.371,35.696,33.359,22.29,128.66,84.34,17.66,3,-131.57,-142.11,-127.6,-99.38,-28.03,-18.86,94.18,104.34,155.5,290.96,-33.08,-64.36,Pepper,Clay Loam,0.421,0.258,644.99,10,0.451,2.641.763,17.912
12.992,108.039,6,359.957,6.577,32.698,2.15,5.766,32.865,34.403,25.866,24.7,138.1,83.27,17.08,4,-159.26,-166.84,-154.61,-137.12,20.29,47.68,185.83,130.34,211.42,150.74,-24.92,-103.53,Pepper,Clay Loam,0.521,0.251,746.28,9,0.283,2.605.344,22.36
14.558,108.364,6,1.097.565,3.64,33.941,42.416,5.449,34.338,31.795,53.945,21.85,4.86,88.25,16.21,12,-2.89,-4.84,-6.32,-5.44,-0.87,0.44,3.51,0.03,8.25,9.58,1.25,-2.71,Pepper,Clay Loam,0.308,0.287,23.07,10,0.415,3.362.521,14.716
13.822,108.221,6,638.965,3.64,32.525,20.716,5.8,36.302,31.257,23.506,23.574,4.769,85.772,16.923,12,-3.53,-5.091,-5.788,-5.008,1.469,2.508,6.707,1.158,8.719,4.842,-1.755,-4.213,Pepper,Clay Loam,0.414,0.239,25.385,9,0.343,2.601.564,19.421
11.551,107.84,6,1021.91,3.64,33.055,46.561,5.255,36.463,30.582,49.661,24.816,4.416,83.194,17.902,12,-3.918,-4.541,-4.577,-4.367,0.678,3.971,8.77,1.886,6.048,2.035,-2.359,-3.638,Pepper,Clay Loam,0.527,0.276,23.4,7,0.375,3.783.108,18.174
12.203,107.621,6,851.839,3.64,34.314,23.69,5.583,37.976,27.71,28.254,23.741,5.915,83.421,17.53,12,-4.955,-5.607,-5.642,-5.431,1.186,4.03,13.507,3.237,7.383,0.651,-3.533,-4.821,Pepper,Clay Loam,0.487,0.242,29.989,7,0.45,3.072.013,18.204
12.606,108.437,6,474.552,3.64,34.206,23.045,5.9,37.643,28.051,24.197,23.435,4.428,86.41,16.64,12,-2.839,-4.803,-5.242,-5.087,2.163,0.896,7.241,0.65,7.73,2.374,-0.238,-2.851,Pepper,Clay Loam,0.392,0.237,21.06,9,0.367,2.384.767,20.35
14.007,108.326,6,713.994,4.392,29.804,2.298,5.801,32.404,37.892,35.935,23.3,147.86,84.74,16.63,4,-159.46,-175.05,-157.67,-141.05,-0.75,18.07,145.89,104.16,223.27,261.45,-15.89,-102.98,Pepper,Clay Loam,0.437,0.266,752.85,10,0.347,2.723.457,18.659
13.08,107.94,6,233.398,2.121,36.542,2.44,5.729,34.456,29.003,26.208,24.7,138.1,83.27,18.062,4,-159.26,-166.84,-154.61,-137.12,20.29,47.68,185.83,130.34,211.42,150.74,-24.92,-103.53,Pepper,Clay Loam,0.521,0.247,746.28,9,0.283,2.683.462,23.183
13.063,108.136,6,746.552,3.64,32.214,28.232,5.523,34.398,33.326,31.779,23.395,5.048,85.812,16.874,12,-3.774,-5.216,-5.604,-5.189,2.134,2.071,9.213,1.695,8.532,2.419,-2.117,-4.148,Pepper,Clay Loam,0.408,0.255,26.048,7,0.353,3.202.092,18.542
14.751,107.764,6,787.169,3.64,32.902,32.279,5.596,33.336,33.762,37.207,22.4,3.411,85.435,17.25,12,-2.458,-3.495,-4.335,-2.885,-0.367,0.226,2.245,-0.12,5.842,7.03,0.345,-2.066,Pepper,Clay Loam,0.395,0.265,15.726,10,0.448,3043.83,17.283
13.01,108.111,6,436.632,3.64,29.585,20.899,5.853,38.575,31.841,27.89,23.863,5.122,85.378,17.019,12,-3.873,-5.245,-5.525,-5.19,2.611,2.172,9.798,1.749,8.617,1.601,-2.416,-4.269,Pepper,Clay Loam,0.433,0.24,26.518,7,0.369,2.486.662,21.025
14.375,108.164,6,714.961,11.718,30.966,2.394,5.6,33.392,35.716,33.558,21.74,170.32,87.04,16.63,3,-158.95,-186.38,-169.92,-152.62,-53.36,-34.84,75.1,61.71,223.52,408.66,45.38,-58.32,Pepper,Clay Loam,0.337,0.26,814.39,10,0.502,3.499.412,17.093
13.733,107.74,6,221.366,3.64,30.403,24.158,5.9,33.671,35.926,23.719,25.111,5.414,83.165,17.404,12,-4.389,-5.469,-5.655,-4.635,2.781,3.719,10.305,2.662,8.263,1.266,-3.73,-5.117,Pepper,Clay Loam,0.537,0.246,28.995,7,0.355,2.384.767,23.672
13.736,107.859,6,452.24,2.479,27.426,2.313,5.646,36.124,36.45,26.43,24.57,141.28,83.7,18.14,4,-159.46,-169.36,-154.13,-136.02,24.8,37.8,167.03,113.53,221.94,194.62,-29.94,-110.79,Pepper,Clay Loam,0.503,0.244,759.7,9,0.292,2.935.431,21.63
12.803,107.859,6,242.642,2.475,30.635,2.194,5.878,36.806,32.538,22.924,24.7,138.1,83.27,17.87,4,-159.26,-166.84,-154.61,-137.12,20.29,47.68,185.83,130.34,211.42,150.74,-24.92,-103.53,Pepper,Clay Loam,0.521,0.237,746.28,9,0.283,2.368.879,23.123
13.203,108.328,6,588.107,2.737,33.218,2.216,5.7,36.8,29.982,33.236,24.7,138.1,83.27,17.25,4,-159.26,-166.84,-154.61,-137.12,20.29,47.68,185.83,130.34,211.42,150.74,-24.92,-103.53,Pepper,Clay Loam,0.521,0.252,746.28,9,0.283,2744.69,20.877
12.51,108.22,6,501.063,2.664,34.701,2.243,5.852,34.323,30.951,29.071,23.35,141.43,84.51,17.08,4,-162.08,-169.35,-158.73,-138.82,7,56.24,226.23,162.74,189.26,115.44,-29.2,-98.71,Pepper,Clay Loam,0.444,0.252,756.89,7,0.299,2.424.082,20.093
14.451,107.865,6,638.917,12.926,31.28,2.477,5.8,34.241,34.525,34.279,21.74,170.32,87.04,17.66,3,-158.95,-186.38,-169.92,-152.62,-53.36,-34.84,75.1,61.71,223.52,408.66,45.38,-58.32,Pepper,Clay Loam,0.337,0.259,814.39,10,0.502,2.999.496,17.587
13.808,107.517,6,171.185,3.64,32.511,26.337,5.704,35.933,31.459,29.541,25.32,5.63,82.4,17.67,12,-4.7,-5.63,-5.75,-4.35,2.73,4.7,10.96,3.35,7.89,0.86,-4.51,-5.56,Pepper,Clay Loam,0.568,0.249,30.5,7,0.359,2.809.689,24.207
12.948,107.892,6,256.581,0.74,33.942,2.123,5.832,34.887,31.171,23.909,24.7,138.1,83.27,17.87,4,-159.26,-166.84,-154.61,-137.12,20.29,47.68,185.83,130.34,211.42,150.74,-24.92,-103.53,Pepper,Clay Loam,0.521,0.243,746.28,9,0.283,2.465.998,23.032
14.719,107.846,6,1.150.509,3.64,31.863,34.549,5.363,35.351,32.786,43.01,22.744,3.892,85.625,16.868,12,-2.826,-4.068,-4.877,-3.663,0.214,1.018,3.747,0.318,6.877,6.397,-0.346,-2.813,Pepper,Clay Loam,0.398,0.269,18.593,9,0.37,3.548.967,15.266
14.711,108.392,6,1.212.223,3.64,35.63,43.263,5.493,34.637,29.647,56.708,21.855,4.982,88.265,16.21,12,-2.855,-4.839,-6.399,-5.522,-1.047,0.252,3.239,-0.143,8.21,10.074,1.569,-2.552,Pepper,Clay Loam,0.308,0.29,23.357,10,0.432,3.267.131,13.976
14.727,108.156,6,1.659.082,3.64,34.146,67.088,5.39,33.274,32.579,74.114,21.85,4.86,88.25,16.21,12,-2.89,-4.84,-6.32,-5.44,-0.87,0.44,3.51,0.03,8.25,9.58,1.25,-2.71,Pepper,Clay Loam,0.308,0.317,23.07,10,0.415,3.490.432,11.066
13.146,108.083,6,475.188,6.253,33.862,2.665,5.881,34.744,31.394,26.922,24.7,138.1,83.27,17.239,4,-159.26,-166.84,-154.61,-137.12,20.29,47.68,185.83,130.34,211.42,150.74,-24.92,-103.53,Pepper,Clay Loam,0.521,0.248,746.28,9,0.283,2.362.545,21.611
12.979,107.903,6,208.312,2.626,34.756,2.052,5.938,34.756,30.488,22.445,24.7,138.1,83.27,18.056,4,-159.26,-166.84,-154.61,-137.12,20.29,47.68,185.83,130.34,211.42,150.74,-24.92,-103.53,Pepper,Clay Loam,0.521,0.241,746.28,9,0.283,2.242.201,23.346
14.389,107.863,6,568.729,3.952,32.878,1.784,5.807,34.051,33.071,26.332,21.74,170.32,87.04,17.66,3,-158.95,-186.38,-169.92,-152.62,-53.36,-34.84,75.1,61.71,223.52,408.66,45.38,-58.32,Pepper,Clay Loam,0.337,0.249,814.39,10,0.502,2.981.999,18.043
14.093,107.844,6,567.884,3.013,27.802,1.913,5.73,38.839,33.359,24.58,23.3,147.86,84.74,17.804,4,-159.46,-175.05,-157.67,-141.05,-0.75,18.07,145.89,104.16,223.27,261.45,-15.89,-102.98,Pepper,Clay Loam,0.437,0.235,752.85,10,0.347,2.884.729,19.609
12.609,108.2,6,537.249,3.64,31.242,33.802,5.525,37.928,30.759,50.441,24.225,4.632,85.706,16.949,12,-3.138,-4.72,-5.378,-5.126,1.307,1.023,6.74,0.182,7.261,4.554,0.469,-3.175,Pepper,Clay Loam,0.432,0.273,21.537,9,0.337,3.197.756,20.733
13.735,107.824,6,362,3.64,28.477,22.698,5.807,36.732,34.791,26.187,25.936,6.795,82.738,17.61,12,-5.605,-6.568,-6.646,-5.56,3.219,5.371,14.12,3.861,8.948,0.444,-5.208,-6.421,Pepper,Clay Loam,0.578,0.242,36.008,7,0.393,2.586.388,23.583
13.302,107.751,6,166.507,1.592,34.334,1.994,5.816,33.569,32.097,24.055,25.96,199.04,81.8,18.14,3,-202.41,-205.29,-190.82,-159.08,55.01,90.16,368.73,274.99,223.54,69.09,-144.32,-179.6,Pepper,Clay Loam,0.61,0.246,1081.52,7,0.341,3.002.719,24.878
11.663,108.181,6,910.466,12.93,35.359,3.286,5.5,36.412,28.229,30.345,23.13,106.55,83.84,18.571,4,-132.23,-138.73,-126.4,-98.9,29.53,75.46,156.75,108.52,121.36,101.45,-24.68,-72.15,Pepper,Clay Loam,0.458,0.249,593.09,7,0.264,2.564.235,17.212
13.161,107.827,6,175.105,0.193,35.858,2.295,5.824,33.138,31.004,23.58,24.7,138.1,83.27,18.14,4,-159.26,-166.84,-154.61,-137.12,20.29,47.68,185.83,130.34,211.42,150.74,-24.92,-103.53,Pepper,Clay Loam,0.521,0.247,746.28,9,0.283,2.482.889,23.562
13.615,107.835,6,248.137,3.507,32.21,2.032,5.895,36.172,31.618,25.469,24.57,141.28,83.7,18.099,4,-159.46,-169.36,-154.13,-136.02,24.8,37.8,167.03,113.53,221.94,194.62,-29.94,-110.79,Pepper,Clay Loam,0.503,0.242,759.7,9,0.292,2.395.607,22.957
14.57,107.925,6,665.927,2.454,30.769,2.642,5.551,36.03,33.201,35.235,21.74,170.32,87.04,17.528,3,-158.95,-186.38,-169.92,-152.62,-53.36,-34.84,75.1,61.71,223.52,408.66,45.38,-58.32,Pepper,Clay Loam,0.337,0.256,814.39,10,0.502,3.621.891,17.411
14.05,108.017,6,761.027,1.513,30.666,1.932,5.7,35.634,33.699,25.496,23.3,147.86,84.74,16.657,4,-159.46,-175.05,-157.67,-141.05,-0.75,18.07,145.89,104.16,223.27,261.45,-15.89,-102.98,Pepper,Clay Loam,0.437,0.244,752.85,10,0.347,2.952.872,18.353
13.428,107.979,6,233.751,1.243,31.738,2.15,5.994,37.109,31.153,25.106,24.57,141.28,83.7,18.14,4,-159.46,-169.36,-154.13,-136.02,24.8,37.8,167.03,113.53,221.94,194.62,-29.94,-110.79,Pepper,Clay Loam,0.503,0.24,759.7,9,0.292,2.180.978,23.051
13.89,107.732,6,428.743,5.214,27.875,2.013,5.925,37.625,34.5,28.351,25.25,174.14,81.48,18.14,3,-179.93,-183.32,-167.16,-135.46,50.28,69.26,300.26,253.27,195.98,90.33,-133.36,-160.15,Pepper,Clay Loam,0.595,0.243,959.38,7,0.313,2.461.051,22.463
14.113,107.706,6,646.09,12.419,26.757,3.751,5.5,40.157,33.086,46.785,25.25,174.14,81.48,17.66,3,-179.93,-183.32,-167.16,-135.46,50.28,69.26,300.26,253.27,195.98,90.33,-133.36,-160.15,Pepper,Loam,0.595,0.263,959.38,7,0.313,3.434.025,21.05
12.691,108.164,6,616.791,4.348,32.324,2.327,5.573,34.573,33.027,32.974,23.35,141.43,84.51,17.08,4,-162.08,-169.35,-158.73,-138.82,7,56.24,226.23,162.74,189.26,115.44,-29.2,-98.71,Pepper,Clay Loam,0.444,0.257,756.89,7,0.299,3013.21,19.341
14.305,108.136,6,697.221,14.42,29.654,3.175,5.502,35.989,34.354,40.404,21.74,170.32,87.04,16.63,3,-158.95,-186.38,-169.92,-152.62,-53.36,-34.84,75.1,61.71,223.52,408.66,45.38,-58.32,Pepper,Clay Loam,0.337,0.264,814.39,10,0.502,3.744.371,17.208
11.692,107.645,6,580.133,3.64,31.393,30.304,5.304,33.771,34.836,36.024,25.364,4.34,82.558,17.677,12,-3.972,-4.461,-4.483,-4.255,0.407,4.251,8.507,1.819,5.813,2.382,-2.369,-3.657,Pepper,Clay Loam,0.565,0.263,23.197,7,0.367,3.676.877,21.593
13.712,107.73,6,785.056,10.414,28.2,2.947,5.6,35.747,36.02,33.027,22.904,136.785,84.946,17.802,3.324,-150.9,-156.552,-142.335,-116.179,15.605,43.627,212.368,182.885,160.166,133.097,-72.84,-108.941,Pepper,Clay Loam,0.42,0.254,747.747,7,0.284,2.775.567,17.801
12.663,108.27,6,467.023,4.218,28.689,2.222,5.902,40.483,30.88,24.276,23.35,141.43,84.51,17.08,4,-162.08,-169.35,-158.73,-138.82,7,56.24,226.23,162.74,189.26,115.44,-29.2,-98.71,Pepper,Clay Loam,0.444,0.231,756.89,7,0.299,2.318.504,20.314
14.212,107.898,6,570.704,3.024,28.417,1.974,5.7,38.465,33.095,24.654,23.3,147.86,84.74,17.424,4,-159.46,-175.05,-157.67,-141.05,-0.75,18.07,145.89,104.16,223.27,261.45,-15.89,-102.98,Pepper,Clay Loam,0.437,0.236,752.85,10,0.347,2.952.872,19.59
13.627,107.84,6,501.733,3.64,28.589,28.24,5.537,38.577,32.835,35.273,25.139,5.443,83.062,17.344,12,-4.431,-5.491,-5.668,-4.597,2.774,3.851,10.393,2.755,8.213,1.212,-3.835,-5.177,Pepper,Clay Loam,0.541,0.251,29.199,7,0.356,3171.74,21.878
12.671,107.752,6,339.108,3.64,30.921,21.351,5.7,35.572,33.451,25.781,23.575,6.502,85.372,17.53,12,-5.1,-6.112,-6.215,-5.969,2.273,3.261,14.825,3.373,8.583,0.059,-3.74,-5.25,Pepper,Clay Loam,0.425,0.244,32.386,7,0.458,2.818.361,21.371
14.597,107.895,6,638.358,5.992,32.583,2.432,5.773,32.934,34.556,32.477,21.74,170.32,87.04,17.66,3,-158.95,-186.38,-169.92,-152.62,-53.36,-34.84,75.1,61.71,223.52,408.66,45.38,-58.32,Pepper,Clay Loam,0.337,0.26,814.39,10,0.502,3.066.985,17.591
14.897,107.673,6,687.977,4.437,30.1,2.64,5.799,33.104,36.796,30.212,22.29,128.66,84.34,17.66,3,-131.57,-142.11,-127.6,-99.38,-28.03,-18.86,94.18,104.34,155.5,290.96,-33.08,-64.36,Pepper,Clay Loam,0.421,0.256,644.99,10,0.451,2.287.497,17.818
13.54,108.181,6,556.919,11.599,30.002,2.646,5.6,35.87,34.128,36.688,24.57,141.28,83.7,17.25,4,-159.46,-169.36,-154.13,-136.02,24.8,37.8,167.03,113.53,221.94,194.62,-29.94,-110.79,Pepper,Clay Loam,0.503,0.259,759.7,9,0.292,3.035.158,20.95
13.28,107.879,6,206,3.64,32.029,20.574,5.9,37.384,30.587,23.267,24.69,4.974,84.655,17.67,12,-3.79,-5.168,-5.561,-5.059,2.672,2.426,8.468,1.349,8.915,2.606,-2.396,-4.427,Pepper,Clay Loam,0.477,0.237,26.401,9,0.337,2.384.767,23.351
14.565,108.233,6,1516.2,3.64,35.362,46.473,5.4,32.765,31.873,59.276,22.099,4.84,87.875,16.21,12,-2.988,-4.879,-6.238,-5.37,-0.52,0.771,3.996,0.212,8.32,8.858,0.779,-2.947,Pepper,Clay Loam,0.323,0.298,22.942,10,0.386,3.468.752,12.244
11.971,107.574,6,558.769,3.64,31.957,29.999,5.164,35.41,32.613,32.858,24.026,6.536,83.247,17.665,12,-5.489,-6.023,-6.043,-5.791,1.168,4.476,15.319,3.766,7.687,0.426,-4.108,-5.398,Pepper,Clay Loam,0.501,0.255,32.852,7,0.466,3.980.393,20.394
12.924,107.827,6,816.613,3.64,32.82,27.097,5.461,33.719,33.461,28.459,22.454,4.549,86.211,17.444,12,-3.56,-4.745,-4.922,-4.398,1.852,2.558,9.072,2.141,7.008,1.05,-2.368,-3.659,Pepper,Clay Loam,0.375,0.252,23.652,7,0.383,3.336.506,17.146
13.424,108.276,6,608.779,3.64,34.035,33.644,5.568,35.751,30.214,43.756,24.458,4.455,85.953,16.983,12,-2.912,-4.38,-5.506,-5.066,-0.238,0.932,4.995,-0.582,7.346,6.653,1.565,-2.803,Pepper,Clay Loam,0.431,0.269,21.487,9,0.342,3.104.533,20.501
12.584,107.967,6,384.165,2.217,33.474,2.111,5.892,37.119,29.407,20.531,23.35,141.43,84.51,17.87,4,-162.08,-169.35,-158.73,-138.82,7,56.24,226.23,162.74,189.26,115.44,-29.2,-98.71,Pepper,Clay Loam,0.444,0.233,756.89,7,0.299,2339.62,20.853
12.82,108.225,6,675.793,2.367,34.236,2.055,5.632,36.193,29.571,28.728,24.7,138.1,83.27,17.08,4,-159.26,-166.84,-154.61,-137.12,20.29,47.68,185.83,130.34,211.42,150.74,-24.92,-103.53,Pepper,Clay Loam,0.521,0.247,746.28,9,0.283,2.888.258,20.307
13.884,107.763,6,473.073,3.52,26.891,2.075,5.965,36.767,36.342,28.138,25.25,174.14,81.48,18.14,3,-179.93,-183.32,-167.16,-135.46,50.28,69.26,300.26,253.27,195.98,90.33,-133.36,-160.15,Pepper,Loam,0.595,0.245,959.38,7,0.313,2.369.477,22.175
12.135,107.655,6,793.872,3.662,34.363,2.792,5.5,34.746,30.863,30.957,24.04,181.62,82.12,17.87,4,-188.5,-190,-176.72,-153.36,10.7,136.2,344.01,256.97,158.52,68.86,-111.48,-155.21,Pepper,Clay Loam,0.535,0.253,975.27,7,0.353,3.466.725,18.88
13.374,107.839,6,225.246,5.118,34.197,2.327,5.61,36.559,29.244,26.505,24.57,141.28,83.7,18.14,4,-159.46,-169.36,-154.13,-136.02,24.8,37.8,167.03,113.53,221.94,194.62,-29.94,-110.79,Pepper,Clay Loam,0.503,0.243,759.7,9,0.292,3.013.478,23.106
13.828,108.249,6,613.266,3.776,33.676,2.018,5.785,36.04,30.385,24.183,23.3,147.86,84.74,17.25,4,-159.46,-175.05,-157.67,-141.05,-0.75,18.07,145.89,104.16,223.27,261.45,-15.89,-102.98,Pepper,Clay Loam,0.437,0.241,752.85,10,0.347,2759.8,19.314
11.913,107.749,6,607.135,3.64,32.581,36.471,5.186,33.524,33.895,41.395,23.957,4.533,84.191,17.242,12,-3.833,-4.666,-4.725,-4.543,1.101,3.533,9.183,1.992,6.416,1.492,-2.344,-3.608,Pepper,Clay Loam,0.471,0.271,23.719,7,0.387,3.932.698,20.011
12.481,108.232,6,570.537,15.979,37.024,2.769,5.8,32.535,30.347,34.268,23.35,141.43,84.51,17.08,4,-162.08,-169.35,-158.73,-138.82,7,56.24,226.23,162.74,189.26,115.44,-29.2,-98.71,Pepper,Clay Loam,0.444,0.263,756.89,7,0.299,2.533.884,19.642
14.676,107.657,6,792.222,3.64,29.983,31.662,5.484,34.403,35.615,40.408,23.007,3.737,85.569,17.25,12,-2.985,-3.944,-4.492,-3.048,0.633,1.584,4.794,1.059,6.196,4.632,-1.283,-3.133,Pepper,Clay Loam,0.406,0.267,18.885,9,0.328,3.286.643,17.858
13.264,108.022,6,208.169,3.64,32.315,21.059,5.972,35.554,32.131,23.875,24.71,4.997,84.598,17.348,12,-3.81,-5.176,-5.537,-5.083,2.74,2.287,8.707,1.39,8.914,2.389,-2.391,-4.401,Pepper,Clay Loam,0.48,0.242,26.398,9,0.337,2.228.673,23.357
12.435,108.1,6,569.807,14.8,36.276,2.682,5.619,32.28,31.405,37.754,23.35,141.43,84.51,17.08,4,-162.08,-169.35,-158.73,-138.82,7,56.24,226.23,162.74,189.26,115.44,-29.2,-98.71,Pepper,Clay Loam,0.444,0.269,756.89,7,0.299,2.916.078,19.646
14.833,107.603,6,684.161,3.64,28.892,42.04,5.627,36.058,35.05,42.366,22.38,3.4,85.43,17.25,12,-2.44,-3.48,-4.33,-2.88,-0.4,0.18,2.16,-0.16,5.83,7.11,0.4,-2.03,Pepper,Clay Loam,0.394,0.266,15.72,10,0.453,2.976.623,17.933
14.756,108.244,6,1.228.712,3.64,33.34,36.027,5.402,32.438,34.318,52.769,21.919,6.621,88.466,16.21,12,-2.378,-4.83,-7.461,-6.621,-3.428,-2.276,-0.406,-2.479,7.669,16.734,5.865,-0.417,Pepper,Clay Loam,0.303,0.289,30.296,10,0.553,3.464.416,13.932
13.691,107.664,6,268.181,3.64,30.405,21.463,5.841,37.218,32.378,27.236,26.03,6.93,82.59,17.67,12,-5.74,-6.67,-6.72,-5.6,3.27,5.56,14.57,4.05,8.95,0.25,-5.41,-6.56,Pepper,Clay Loam,0.586,0.243,36.7,7,0.398,2.512.677,24.287
11.534,108.136,6,1.000.835,3.64,33.621,38.47,5.368,31.975,34.314,46.362,23.437,3.901,84.321,18.692,12,-3.157,-4.235,-4.318,-4.186,1.121,3.655,7.031,1.873,6.048,1.116,-2.03,-2.936,Pepper,Clay Loam,0.452,0.281,20.862,7,0.337,3.538.127,16.932
12.679,108.294,6,440.54,3.64,31.263,20.761,5.885,38.596,30.141,22.536,23.41,5.24,85.72,16.64,12,-3.95,-5.3,-5.47,-5.3,2.67,1.83,10.91,2.04,8.44,0.71,-2.42,-4.14,Pepper,Clay Loam,0.411,0.233,26.58,7,0.41,2.417.287,20.546
13.142,108.276,6,636.066,3.208,33.295,2.772,5.7,34.42,32.285,37.884,24.7,138.1,83.27,17.214,4,-159.26,-166.84,-154.61,-137.12,20.29,47.68,185.83,130.34,211.42,150.74,-24.92,-103.53,Pepper,Clay Loam,0.521,0.264,746.28,9,0.283,2744.69,20.566
13.35,107.999,6,246.751,1.881,35.14,2.143,5.903,34.872,29.984,23.603,24.57,141.28,83.7,18.112,4,-159.46,-169.36,-154.13,-136.02,24.8,37.8,167.03,113.53,221.94,194.62,-29.94,-110.79,Pepper,Clay Loam,0.503,0.243,759.7,9,0.292,2.378.263,22.966
12.561,108.007,6,441.562,2.121,32.21,2.241,5.635,36.888,30.902,28.783,23.35,141.43,84.51,17.595,4,-162.08,-169.35,-158.73,-138.82,7,56.24,226.23,162.74,189.26,115.44,-29.2,-98.71,Pepper,Clay Loam,0.444,0.245,756.89,7,0.299,2.882.293,20.48
13.871,108.007,6,632.315,2.302,31.448,2.124,5.763,37.152,31.437,27.721,23.3,147.86,84.74,17.812,4,-159.46,-175.05,-157.67,-141.05,-0.75,18.07,145.89,104.16,223.27,261.45,-15.89,-102.98,Pepper,Clay Loam,0.437,0.243,752.85,10,0.347,2.809.771,19.19
13.333,107.886,6,229.322,5.754,32.485,2.269,5.773,37.537,29.978,26.586,24.57,141.28,83.7,18.14,4,-159.46,-169.36,-154.13,-136.02,24.8,37.8,167.03,113.53,221.94,194.62,-29.94,-110.79,Pepper,Clay Loam,0.503,0.241,759.7,9,0.292,2.660.099,23.079
12.63,108.301,6,439.42,3.64,31.437,20.6,6,39.7,28.916,21.484,23.41,5.24,85.72,16.64,12,-3.95,-5.3,-5.47,-5.3,2.67,1.83,10.91,2.04,8.44,0.71,-2.42,-4.14,Pepper,Clay Loam,0.411,0.229,26.58,7,0.41,2167.97,20.554
12.103,107.863,6,630.809,3.64,31.78,32.571,5.216,32.567,35.554,36.108,22.097,4.808,86.388,17.506,12,-3.647,-4.958,-5.074,-4.946,2.086,2.523,10.09,2.206,7.303,0.314,-2.312,-3.566,Pepper,Clay Loam,0.362,0.266,24.503,7,0.411,3.867.658,17.997
13.87,107.752,6,470.814,2.85,26.2,2.161,5.963,37.533,36.267,29.77,25.25,174.14,81.48,18.14,3,-179.93,-183.32,-167.16,-135.46,50.28,69.26,300.26,253.27,195.98,90.33,-133.36,-160.15,Pepper,Loam,0.595,0.245,959.38,7,0.313,2.374.056,22.19
11.806,108.126,6,1.000.606,3.64,39.538,27.897,5.5,34.261,26.201,28.812,22.01,4.8,86.45,18.81,12,-3.64,-4.95,-5.06,-4.94,2.06,2.54,10.12,2.23,7.25,0.26,-2.31,-3.54,Pepper,Clay Loam,0.358,0.252,24.44,7,0.414,3.251.955,15.506
14.582,107.849,6,589.117,9.653,32.622,2.24,5.678,33.082,34.218,29.138,21.74,170.32,87.04,17.66,3,-158.95,-186.38,-169.92,-152.62,-53.36,-34.84,75.1,61.71,223.52,408.66,45.38,-58.32,Pepper,Clay Loam,0.337,0.255,814.39,10,0.502,3.304.445,17.911
11.904,107.685,6,560.229,3.64,31.804,31.575,5.137,35.456,32.717,35.506,23.614,5.833,83.644,17.457,12,-4.858,-5.559,-5.6,-5.395,1.251,3.92,13.258,3.163,7.373,0.622,-3.443,-4.727,Pepper,Clay Loam,0.477,0.258,29.582,7,0.448,4.038.928,19.973
13.735,107.86,6,454.069,1.174,28.005,2.258,5.616,36.307,35.688,26.278,24.57,141.28,83.7,18.14,4,-159.46,-169.36,-154.13,-136.02,24.8,37.8,167.03,113.53,221.94,194.62,-29.94,-110.79,Pepper,Clay Loam,0.503,0.243,759.7,9,0.292,3000.47,21.619
12.401,107.664,6,712,3.64,33.43,28.226,5.352,34.133,32.437,41.451,23.692,7.394,85.126,17.53,12,-5.913,-6.685,-6.741,-6.442,1.993,4.273,17.592,4.315,8.684,-0.401,-4.673,-6.035,Pepper,Clay Loam,0.436,0.27,36.89,7,0.477,3.572.815,19.064
13.222,107.878,6,362,3.64,33.7,21.208,5.75,34.4,31.9,27.532,24.319,6.097,84.846,17.06,12,-4.783,-5.886,-6.188,-5.673,2.237,3.612,12.301,2.663,8.86,1.68,-3.52,-5.29,Pepper,Clay Loam,0.461,0.249,31.34,7,0.392,2.709.962,21.966
11.7,108.242,6,823.425,1.311,33.128,2.713,5.513,37.306,29.579,27.618,23.13,106.55,83.84,18.82,4,-132.23,-138.73,-126.4,-98.9,29.53,75.46,156.75,108.52,121.36,101.45,-24.68,-72.15,Pepper,Clay Loam,0.458,0.243,593.09,7,0.264,2.542.012,17.778
13.25,107.641,6,181.967,3.64,32.567,17.343,5.903,33.949,33.577,23.514,25.866,8.052,82.938,17.67,12,-6.543,-7.309,-7.339,-6.664,2.719,5.608,18.817,4.94,9.114,-0.485,-5.787,-7.024,Pepper,Clay Loam,0.569,0.245,41.151,7,0.457,2.378.263,24.683
12.624,107.854,6,357.237,0.04,31.295,1.955,5.8,37.268,31.345,21.007,23.35,141.43,84.51,17.87,4,-162.08,-169.35,-158.73,-138.82,7,56.24,226.23,162.74,189.26,115.44,-29.2,-98.71,Pepper,Clay Loam,0.444,0.234,756.89,7,0.299,2.533.884,21.028
13.591,108.033,6,391.45,2.427,30.87,1.992,5.8,35.883,33.247,28.185,24.57,141.28,83.7,17.591,4,-159.46,-169.36,-154.13,-136.02,24.8,37.8,167.03,113.53,221.94,194.62,-29.94,-110.79,Pepper,Clay Loam,0.503,0.247,759.7,9,0.292,2.601.564,22.026
12.611,108.193,6,470.983,2.992,30.742,2.181,5.841,37.371,31.866,25.031,23.35,141.43,84.51,17.08,4,-162.08,-169.35,-158.73,-138.82,7,56.24,226.23,162.74,189.26,115.44,-29.2,-98.71,Pepper,Clay Loam,0.444,0.239,756.89,7,0.299,2447.31,20.289
13.897,108.056,6,696.334,1.83,29.141,1.896,5.7,34.915,35.944,22.97,23.3,147.86,84.74,17.25,4,-159.46,-175.05,-157.67,-141.05,-0.75,18.07,145.89,104.16,223.27,261.45,-15.89,-102.98,Pepper,Clay Loam,0.437,0.242,752.85,10,0.347,2.952.872,18.774
13.86,108.27,6,887.844,10.183,31.449,2.624,5.612,34.093,34.458,41.424,23.3,147.86,84.74,17.25,4,-159.46,-175.05,-157.67,-141.05,-0.75,18.07,145.89,104.16,223.27,261.45,-15.89,-102.98,Pepper,Clay Loam,0.437,0.27,752.85,10,0.347,3.152.759,17.529
11.722,108.05,6,753.626,3.64,33.013,32.237,5.587,37.337,29.651,34.337,23.311,4.137,84.323,18.65,12,-3.33,-4.402,-4.483,-4.349,1.185,3.674,7.778,2.075,6.246,0.931,-2.214,-3.129,Pepper,Clay Loam,0.449,0.252,21.907,7,0.355,3.063.342,18.412
14.154,107.861,6,797.887,3.64,29.844,31.514,5.463,35.231,34.925,45.347,23.718,3.989,86.057,17.102,12,-3.034,-4.286,-4.802,-3.733,1.396,1.676,5.747,0.965,6.693,3.874,-1.016,-3.446,Pepper,Clay Loam,0.409,0.272,20.317,9,0.329,3332.17,18.532
13.066,107.664,6,178.861,1.385,36.242,2.035,5.829,32.199,31.502,25.366,25.82,227.9,82.05,18.14,4,-222.95,-224.84,-212.6,-186.27,25.42,125.85,462.77,319.67,217.47,42.22,-150.03,-196.73,Pepper,Clay Loam,0.597,0.251,1193.42,7,0.388,3.225.285,24.657
12.146,108.148,6,564.013,5.953,33.641,2.908,5.6,33.88,32.499,31.344,21.95,131.13,85.44,17.08,4,-152.51,-159.92,-148.72,-125.06,10.18,63.52,221.54,158.42,155.14,94.38,-30.14,-86.85,Pepper,Clay Loam,0.384,0.256,703.2,7,0.315,2.767.282,18.284
12.962,108.066,6,462.542,5.213,32.378,2.613,5.651,33.983,33.639,32.626,24.7,138.1,83.27,17.166,4,-159.26,-166.84,-154.61,-137.12,20.29,47.68,185.83,130.34,211.42,150.74,-24.92,-103.53,Pepper,Clay Loam,0.521,0.258,746.28,9,0.283,2.848.144,21.693
13.476,108.034,6,239.514,1.609,36.317,2.243,5.994,34.058,29.532,26.588,24.57,141.28,83.7,17.307,4,-159.46,-169.36,-154.13,-136.02,24.8,37.8,167.03,113.53,221.94,194.62,-29.94,-110.79,Pepper,Clay Loam,0.503,0.249,759.7,9,0.292,2.180.978,23.013
13.961,108.072,6,622.238,3.34,32.386,2.043,5.658,35.951,31.721,26.649,23.3,147.86,84.74,17.421,4,-159.46,-175.05,-157.67,-141.05,-0.75,18.07,145.89,104.16,223.27,261.45,-15.89,-102.98,Pepper,Clay Loam,0.437,0.245,752.85,10,0.347,3.048.272,19.255
14.783,108.154,6,1.230.345,3.64,33.65,38.025,5.4,32.83,33.593,50.225,21.92,6.65,88.47,16.49,12,-2.37,-4.83,-7.48,-6.64,-3.47,-2.32,-0.47,-2.52,7.66,16.85,5.94,-0.38,Pepper,Clay Loam,0.303,0.285,30.48,10,0.553,3.468.752,13.923
12.341,108.406,6,1.545.283,3.64,36.54,44.108,5.24,32.143,31.317,52.373,22.285,4.788,86.351,18.284,12,-3.61,-4.976,-5.214,-4.954,1.9,2.524,9.383,2.009,7.539,1.254,-2.172,-3.666,Pepper,Clay Loam,0.367,0.289,24.592,7,0.381,3.815.627,12.241
13.532,107.942,6,267.517,1.237,34.552,2.088,5.869,34.586,30.862,23.428,24.57,141.28,83.7,17.864,4,-159.46,-169.36,-154.13,-136.02,24.8,37.8,167.03,113.53,221.94,194.62,-29.94,-110.79,Pepper,Clay Loam,0.503,0.243,759.7,9,0.292,2.451.974,22.831
13.222,108.023,6,363.634,3.64,34.681,23.659,5.954,33.256,32.063,23.984,24.7,4.985,84.627,17.189,12,-3.8,-5.172,-5.549,-5.071,2.706,2.357,8.587,1.37,8.915,2.498,-2.394,-4.414,Pepper,Clay Loam,0.478,0.247,26.4,9,0.337,2.267.697,22.336
13.652,107.691,6,234.093,0.851,30.887,1.908,5.995,37.26,31.951,21.8,25.96,199.04,81.8,18.14,3,-202.41,-205.29,-190.82,-159.08,55.01,90.16,368.73,274.99,223.54,69.09,-144.32,-179.6,Pepper,Clay Loam,0.61,0.235,1081.52,7,0.341,2548.76,24.438
11.883,107.9,6,870.783,3.64,35.716,32.888,5.407,34.454,29.823,36.997,23.102,3.923,84.809,17.592,12,-3.048,-4.256,-4.446,-4.271,1.059,3.353,6.617,1.746,6.237,1.584,-1.755,-2.84,Pepper,Clay Loam,0.429,0.263,20.616,7,0.321,3.453.576,17.442
13.462,107.97,6,252.253,3.026,34.409,2.148,5.839,34.781,30.81,28.255,24.57,141.28,83.7,17.599,4,-159.46,-169.36,-154.13,-136.02,24.8,37.8,167.03,113.53,221.94,194.62,-29.94,-110.79,Pepper,Clay Loam,0.503,0.25,759.7,9,0.292,2.517.013,22.93
12.82,107.871,6,228.961,3.001,31.616,2.162,5.852,35.528,32.904,23.628,24.7,138.1,83.27,17.87,4,-159.26,-166.84,-154.61,-137.12,20.29,47.68,185.83,130.34,211.42,150.74,-24.92,-103.53,Pepper,Clay Loam,0.521,0.241,746.28,9,0.283,2.423.772,23.212
14.33,107.866,6,592,3.64,31.54,20.86,5.84,35,33.46,26.04,22.816,4.332,86.702,17.25,12,-3.184,-4.504,-5.294,-4.078,0.48,1.736,5.424,1.176,7.176,5.536,-1,-3.442,Pepper,Clay Loam,0.369,0.246,21.502,9,0.333,2.514.845,18.968
12.343,108.309,6,874.917,3.64,34.754,29.875,5.329,32.883,32.363,41.196,23.41,5.24,85.72,16.64,12,-3.95,-5.3,-5.47,-5.3,2.67,1.83,10.91,2.04,8.44,0.71,-2.42,-4.14,Pepper,Clay Loam,0.411,0.272,26.58,7,0.41,3.622.678,17.723
12.311,107.737,6,578.17,3.64,29.683,28.622,5.422,34.685,35.632,35.695,25.196,4.51,83.178,17.691,12,-3.907,-4.664,-4.821,-4.472,1.023,3.823,8.293,1.639,6.738,2.644,-2.382,-3.913,Pepper,Clay Loam,0.539,0.26,24.159,7,0.343,3.421.057,21.438
14.366,107.747,6,573.86,5.019,29.29,2.576,5.772,36.47,34.24,31.272,23.36,139.49,84.71,17.66,3,-150.13,-154.94,-139.28,-111.93,18.2,34.11,207.98,194.59,162.57,151.62,-93.27,-119.51,Pepper,Clay Loam,0.439,0.25,769.06,7,0.27,2.438.047,19.63
13.609,107.686,6,199.101,3.365,31.32,2.057,5.956,33.762,34.918,24.014,25.96,199.04,81.8,18.14,3,-202.41,-205.29,-190.82,-159.08,55.01,90.16,368.73,274.99,223.54,69.09,-144.32,-179.6,Pepper,Clay Loam,0.61,0.246,1081.52,7,0.341,2.647.668,24.666
12.095,107.756,6,789.683,3.64,35.997,34.342,5.6,32.8,31.203,31.155,24.008,6.087,82.954,17.53,12,-5.157,-5.709,-5.732,-5.507,1.052,4.259,14.029,3.392,7.404,0.711,-3.722,-5.019,Pepper,Clay Loam,0.509,0.258,30.846,7,0.455,3.035.158,18.875
12.746,108.316,6,748.961,3.64,35.596,27.201,5.6,33.451,30.905,34.901,24.106,5.136,85.081,16.713,12,-3.898,-5.243,-5.48,-5.212,2.774,1.929,10.006,1.744,8.684,1.365,-2.399,-4.249,Pepper,Clay Loam,0.448,0.262,26.481,7,0.378,3.035.158,19.238
13.325,107.796,6,185.21,0.937,36.832,1.908,5.71,32.921,30.236,21.851,25.96,199.04,81.8,18.14,3,-202.41,-205.29,-190.82,-159.08,55.01,90.16,368.73,274.99,223.54,69.09,-144.32,-179.6,Pepper,Clay Loam,0.61,0.245,1081.52,7,0.341,3.271.543,24.756
12.136,107.724,6,792.516,3.64,32.569,33.84,5.3,35.24,32.19,32.734,24.015,6.607,83.326,17.53,12,-5.537,-6.074,-6.094,-5.837,1.196,4.502,15.521,3.825,7.737,0.372,-4.167,-5.455,Pepper,Clay Loam,0.498,0.255,33.164,7,0.468,3.685.549,18.864
13.721,107.83,6,437.813,9.632,29.067,2.828,5.8,36.996,33.937,48.269,24.57,141.28,83.7,18.14,4,-159.46,-169.36,-154.13,-136.02,24.8,37.8,167.03,113.53,221.94,194.62,-29.94,-110.79,Pepper,Clay Loam,0.503,0.272,759.7,9,0.292,2.601.564,21.724
14.395,108.184,6,870.593,14.821,30.657,3.097,5.514,34.229,35.115,41.731,21.74,170.32,87.04,16.777,3,-158.95,-186.38,-169.92,-152.62,-53.36,-34.84,75.1,61.71,223.52,408.66,45.38,-58.32,Pepper,Clay Loam,0.337,0.27,814.39,10,0.502,3.714.376,16.081
14.665,108.13,6,1.033.991,3.64,34.347,39.207,5.5,34.6,31.053,46.597,21.885,5.757,88.36,16.731,12,-2.629,-4.835,-6.901,-6.041,-2.173,-0.943,1.516,-1.248,7.954,13.223,3.6,-1.542,Pepper,Clay Loam,0.306,0.276,26.312,10,0.503,3.251.955,15.164
14.301,107.98,6,601.527,7.092,31.576,2.301,5.747,35.774,32.687,28.456,21.74,170.32,87.04,17.267,3,-158.95,-186.38,-169.92,-152.62,-53.36,-34.84,75.1,61.71,223.52,408.66,45.38,-58.32,Pepper,Clay Loam,0.337,0.248,814.39,10,0.502,3.131.974,17.83
13.567,108.04,6,507.562,5.137,28.601,2.32,5.77,35.678,35.751,26.701,24.57,141.28,83.7,17.875,4,-159.46,-169.36,-154.13,-136.02,24.8,37.8,167.03,113.53,221.94,194.62,-29.94,-110.79,Pepper,Clay Loam,0.503,0.245,759.7,9,0.292,2.666.603,21.271
13.963,108.064,6,610.56,4.245,29.813,2.086,5.712,37.729,32.514,26.254,23.3,147.86,84.74,17.431,4,-159.46,-175.05,-157.67,-141.05,-0.75,18.07,145.89,104.16,223.27,261.45,-15.89,-102.98,Pepper,Clay Loam,0.437,0.24,752.85,10,0.347,2.925.615,19.331
14.574,107.888,6,640.059,5.994,32.185,2.516,5.8,33.714,34.2,33.88,21.74,170.32,87.04,17.65,3,-158.95,-186.38,-169.92,-152.62,-53.36,-34.84,75.1,61.71,223.52,408.66,45.38,-58.32,Pepper,Clay Loam,0.337,0.26,814.39,10,0.502,2.999.496,17.58
13.32,107.933,6,206.326,3.64,32.861,18.514,5.833,35.871,31.235,24.171,24.676,4.959,84.692,17.67,12,-3.776,-5.163,-5.578,-5.042,2.628,2.518,8.308,1.322,8.917,2.751,-2.4,-4.444,Pepper,Clay Loam,0.476,0.241,26.403,9,0.337,2.530.021,23.335
12.789,108.131,6,422.376,3.64,32.452,20.75,5.948,35.533,32.016,23.832,24.104,5.136,85.083,16.712,12,-3.898,-5.243,-5.48,-5.212,2.774,1.928,10.009,1.745,8.683,1.362,-2.399,-4.249,Pepper,Clay Loam,0.448,0.242,26.481,7,0.378,2.280.704,21.359
12.754,108.493,6,477.736,3.64,34.574,23.087,5.882,37.182,28.153,24.984,23.523,3.715,87.068,16.652,12,-1.835,-4.324,-5.089,-4.917,1.487,-0.011,3.709,-0.749,7.106,4.329,1.95,-1.684,Pepper,Clay Loam,0.375,0.239,18.609,9,0.382,2423.79,20.418
13.291,107.613,6,223.506,3.64,30.997,26.251,5.635,34.736,34.301,30.999,25.97,7.337,82.716,17.621,12,-6.031,-6.901,-6.944,-5.986,3.07,5.578,16.109,4.373,9.01,-0.016,-5.547,-6.728,Pepper,Clay Loam,0.58,0.254,38.153,7,0.422,2.959.279,24.517
13.126,108.273,6,750.199,3.64,38.294,22.783,5.8,32.246,29.46,34.594,24.704,5.03,84.539,16.78,12,-3.838,-5.186,-5.501,-5.126,2.817,2.035,9.081,1.459,8.902,2.076,-2.355,-4.344,Pepper,Clay Loam,0.481,0.264,26.35,7,0.344,2.601.564,19.828
12.502,108.242,6,517.136,3.64,35.645,30.101,5.892,34.371,29.984,32.525,23.515,5.224,85.623,16.651,12,-3.942,-5.291,-5.472,-5.287,2.686,1.845,10.773,1.995,8.477,0.809,-2.417,-4.157,Pepper,Clay Loam,0.417,0.256,26.566,7,0.405,2.402.111,20.154
13.429,107.92,6,572.778,3.64,33.33,23.762,5.66,35.386,31.224,26.326,22.884,4.305,85.98,17.008,12,-3.483,-4.546,-4.789,-3.873,1.65,2.576,8.057,2.055,6.774,1.816,-2.425,-3.775,Pepper,Clay Loam,0.391,0.245,22.891,7,0.351,2905.08,19.161
14.137,108.275,6,826.673,3.64,30.427,24.253,5.687,34.499,35.161,31.755,23.382,4.639,85.922,16.348,12,-3.475,-4.974,-5.659,-4.766,1.285,2.479,6.509,1.246,8.385,4.861,-1.745,-4.129,Pepper,Clay Loam,0.405,0.255,24.748,9,0.339,2.846.545,18.009
14.079,108.053,6,726.675,2.12,33.143,1.97,5.743,37.105,29.751,27.659,23.3,147.86,84.74,17.215,4,-159.46,-175.05,-157.67,-141.05,-0.75,18.07,145.89,104.16,223.27,261.45,-15.89,-102.98,Pepper,Clay Loam,0.437,0.243,752.85,10,0.347,2855.2,18.577
11.919,107.947,6,586,3.64,35.431,34.292,5.293,32.362,32.207,43.857,22.01,4.8,86.45,17.371,12,-3.64,-4.95,-5.06,-4.94,2.06,2.54,10.12,2.23,7.25,0.26,-2.31,-3.54,Pepper,Clay Loam,0.358,0.277,24.44,7,0.414,3.700.725,18.201
13.441,107.593,6,159.199,3.64,34.202,20.817,5.9,32.837,32.961,25.26,25.888,6.671,82.552,17.67,12,-5.533,-6.463,-6.527,-5.351,3.162,5.389,13.85,3.91,8.739,0.372,-5.231,-6.361,Pepper,Clay Loam,0.583,0.25,35.466,7,0.391,2.384.767,24.853
12.638,107.871,6,356.4,0.61,31.06,2.01,5.76,36.9,31.96,22.121,23.35,141.43,84.51,17.87,4,-162.08,-169.35,-158.73,-138.82,7,56.24,226.23,162.74,189.26,115.44,-29.2,-98.71,Pepper,Clay Loam,0.444,0.236,756.89,7,0.299,2.618.347,21.033
12.938,107.847,6,217,4.341,35.548,2.217,5.8,33.583,30.885,23.201,24.7,138.1,83.27,17.87,4,-159.26,-166.84,-154.61,-137.12,20.29,47.68,185.83,130.34,211.42,150.74,-24.92,-103.53,Pepper,Clay Loam,0.521,0.245,746.28,9,0.283,2533.56,23.29
14.854,107.949,6,1.235.778,3.64,34.569,43.842,5.41,34.031,31.4,44.316,21.92,6.65,88.47,17.141,12,-2.37,-4.83,-7.48,-6.64,-3.47,-2.32,-0.47,-2.52,7.66,16.85,5.94,-0.38,Pepper,Clay Loam,0.303,0.274,30.48,10,0.553,3.447.072,13.887
14.008,108.137,6,772.727,2.675,28.727,2.176,5.864,35.064,36.209,25.782,23.3,147.86,84.74,17.025,4,-159.46,-175.05,-157.67,-141.05,-0.75,18.07,145.89,104.16,223.27,261.45,-15.89,-102.98,Pepper,Clay Loam,0.437,0.245,752.85,10,0.347,2.580.356,18.277
13.007,108.087,6,430.587,3.64,35.757,22.419,5.588,33.948,30.296,23.338,24.718,5.005,84.578,16.681,12,-3.818,-5.178,-5.528,-5.092,2.764,2.237,8.794,1.405,8.913,2.31,-2.389,-4.391,Pepper,Clay Loam,0.48,0.245,26.396,9,0.337,3.061.174,21.919
13.44,107.875,6,188.905,3.64,35.613,19.294,5.994,35.262,29.125,25.293,24.64,4.92,84.79,17.67,12,-3.74,-5.15,-5.62,-5,2.51,2.76,7.89,1.25,8.92,3.13,-2.41,-4.49,Pepper,Clay Loam,0.472,0.244,26.41,9,0.337,2.180.978,23.412
13.194,107.967,6,263.383,3.64,33.758,25.851,5.706,34.362,31.881,28.898,24.832,5.161,84.369,17.67,12,-3.971,-5.284,-5.568,-5.16,2.896,2.246,9.514,1.635,8.913,1.86,-2.573,-4.491,Pepper,Clay Loam,0.49,0.251,27.047,7,0.352,2.805.353,23.12
13.681,107.914,6,438.572,6.193,27.253,2.012,5.7,37.127,35.62,25.942,24.57,141.28,83.7,18.14,4,-159.46,-169.36,-154.13,-136.02,24.8,37.8,167.03,113.53,221.94,194.62,-29.94,-110.79,Pepper,Clay Loam,0.503,0.241,759.7,9,0.292,2.818.361,21.719
12.999,108.087,6,1.030.202,3.64,32.329,42.937,5.254,35.838,31.878,54.482,23.497,4.617,85.599,16.893,12,-3.39,-4.661,-5.471,-4.89,-0.301,2.206,5.785,0.846,7.117,6.3,-0.411,-3.146,Pepper,Clay Loam,0.417,0.284,22.27,9,0.32,3.785.276,16.801
12.566,108.028,6,414.164,1.269,35.155,2.415,5.729,35.462,29.342,25.153,23.35,141.43,84.51,17.08,4,-162.08,-169.35,-158.73,-138.82,7,56.24,226.23,162.74,189.26,115.44,-29.2,-98.71,Pepper,Clay Loam,0.444,0.244,756.89,7,0.299,2.683.805,20.658
12.573,107.96,6,384.387,4.372,33.323,2.16,5.861,36.977,29.7,21.642,23.35,141.43,84.51,17.87,4,-162.08,-169.35,-158.73,-138.82,7,56.24,226.23,162.74,189.26,115.44,-29.2,-98.71,Pepper,Clay Loam,0.444,0.235,756.89,7,0.299,2.405.078,20.851
14.37,108.014,6,530.711,0.212,31.443,2.029,5.771,35.813,32.743,22.058,21.74,170.32,87.04,16.924,3,-158.95,-186.38,-169.92,-152.62,-53.36,-34.84,75.1,61.71,223.52,408.66,45.38,-58.32,Pepper,Clay Loam,0.337,0.239,814.39,10,0.502,3.071.984,18.29
14.586,107.869,6,598.621,1.08,33.169,2.231,5.72,34.876,31.955,27.205,21.74,170.32,87.04,17.66,3,-158.95,-186.38,-169.92,-152.62,-53.36,-34.84,75.1,61.71,223.52,408.66,45.38,-58.32,Pepper,Clay Loam,0.337,0.248,814.39,10,0.502,3.199.462,17.849
14.56,107.612,6,817.156,6.297,28.223,2.554,5.6,35.87,35.973,29.345,23.36,139.49,84.71,17.66,3,-150.13,-154.94,-139.28,-111.93,18.2,34.11,207.98,194.59,162.57,151.62,-93.27,-119.51,Pepper,Clay Loam,0.439,0.249,769.06,7,0.27,2.779.532,18.048
12.137,108.176,6,558.259,5.334,33.937,2.961,5.619,33.319,32.763,30.411,21.95,131.13,85.44,17.08,4,-152.51,-159.92,-148.72,-125.06,10.18,63.52,221.54,158.42,155.14,94.38,-30.14,-86.85,Pepper,Clay Loam,0.384,0.256,703.2,7,0.315,2.729.726,18.321
12.913,108.251,6,684.798,2.943,34.116,1.971,5.692,35.052,30.832,28.968,24.7,138.1,83.27,17.08,4,-159.26,-166.84,-154.61,-137.12,20.29,47.68,185.83,130.34,211.42,150.74,-24.92,-103.53,Pepper,Clay Loam,0.521,0.25,746.28,9,0.283,2761.58,20.249
12.785,107.852,6,241.262,2.389,30.094,2.207,5.889,37.116,32.779,23.016,24.7,138.1,83.27,17.87,4,-159.26,-166.84,-154.61,-137.12,20.29,47.68,185.83,130.34,211.42,150.74,-24.92,-103.53,Pepper,Clay Loam,0.521,0.237,746.28,9,0.283,2.345.654,23.132
13.412,107.748,6,701.142,3.64,32.04,42.843,5.381,35.183,32.776,45.795,22.944,4.408,85.589,17.403,12,-3.267,-4.477,-4.954,-4.205,1.281,1.084,6.951,1.045,7.259,3.605,-1.144,-3.185,Pepper,Clay Loam,0.403,0.273,21.232,9,0.342,3.509.943,18.387
12.194,107.694,6,881,3.64,31.384,30.743,5.382,34.24,34.294,33.646,24.083,7.387,84.489,17.561,12,-6.064,-6.632,-6.652,-6.332,1.522,4.903,17.64,4.442,8.216,-0.169,-4.83,-6.087,Pepper,Clay Loam,0.465,0.258,36.766,7,0.48,3.507.775,18.356
12.416,107.919,6,420.452,0,35.81,2.002,5.8,30.914,33.322,29.062,23.35,141.43,84.51,17.87,4,-162.08,-169.35,-158.73,-138.82,7,56.24,226.23,162.74,189.26,115.44,-29.2,-98.71,Pepper,Clay Loam,0.444,0.26,756.89,7,0.299,2.533.884,20.617
14.098,107.831,6,606.436,3.945,26.461,2.163,5.564,38.909,34.63,29.251,23.3,147.86,84.74,17.66,4,-159.46,-175.05,-157.67,-141.05,-0.75,18.07,145.89,104.16,223.27,261.45,-15.89,-102.98,Pepper,Loam,0.437,0.241,752.85,10,0.347,3.261.788,19.358
12.758,108.211,6,469.475,4.698,29.869,1.953,5.737,38.505,31.627,25.332,24.7,138.1,83.27,17.08,4,-159.26,-166.84,-154.61,-137.12,20.29,47.68,185.83,130.34,211.42,150.74,-24.92,-103.53,Pepper,Clay Loam,0.521,0.237,746.28,9,0.283,2.666.572,21.648
12.433,108.211,6,565.853,14.991,36.414,2.809,5.746,32.561,30.952,33.1,23.35,141.43,84.51,17.08,4,-162.08,-169.35,-158.73,-138.82,7,56.24,226.23,162.74,189.26,115.44,-29.2,-98.71,Pepper,Clay Loam,0.444,0.261,756.89,7,0.299,2.647.909,19.672
11.72,107.802,6,880.837,3.64,33.19,36.702,5.3,37.592,29.218,35.051,25.274,4.404,82.735,17.613,12,-3.978,-4.519,-4.552,-4.327,0.558,4.089,8.669,1.829,5.997,2.29,-2.374,-3.699,Pepper,Clay Loam,0.556,0.253,23.449,7,0.37,3.685.549,19.549
13.565,108.071,6,332.543,7.11,34.203,2.017,5.812,33.77,32.028,26.02,24.57,141.28,83.7,17.25,4,-159.46,-169.36,-154.13,-136.02,24.8,37.8,167.03,113.53,221.94,194.62,-29.94,-110.79,Pepper,Clay Loam,0.503,0.249,759.7,9,0.292,2.575.548,22.408
12.64,108.191,6,517.459,0.747,29.034,2.345,5.675,37.307,33.559,32.8,23.35,141.43,84.51,17.08,4,-162.08,-169.35,-158.73,-138.82,7,56.24,226.23,162.74,189.26,115.44,-29.2,-98.71,Pepper,Clay Loam,0.444,0.25,756.89,7,0.299,2797.83,19.987
13.017,107.599,6,332.638,3.64,33.042,24.326,5.484,36.446,30.513,32.729,25.528,8.087,83.267,17.648,12,-6.564,-7.296,-7.325,-6.716,2.553,5.519,19.076,4.98,9.063,-0.548,-5.733,-6.975,Pepper,Clay Loam,0.547,0.252,41.157,7,0.463,3.286.643,23.366
12.631,108.134,6,529.923,1.347,33.151,2.296,5.613,35.282,31.492,32.197,23.35,141.43,84.51,17.08,4,-162.08,-169.35,-158.73,-138.82,7,56.24,226.23,162.74,189.26,115.44,-29.2,-98.71,Pepper,Clay Loam,0.444,0.254,756.89,7,0.299,2.928.748,19.906
12.919,108.205,6,660.589,2.799,31.062,2.103,5.544,36.459,32.457,28.367,24.7,138.1,83.27,17.08,4,-159.26,-166.84,-154.61,-137.12,20.29,47.68,185.83,130.34,211.42,150.74,-24.92,-103.53,Pepper,Clay Loam,0.521,0.246,746.28,9,0.283,3.074.053,20.406
12.572,107.726,6,524.01,8.594,37.222,2.289,5.702,33.027,29.754,36.401,23.73,231.98,84.06,17.87,4,-223.28,-224.48,-213.24,-190.37,2.58,142.09,478.49,339.12,196.45,35.26,-147.65,-194.95,Pepper,Clay Loam,0.468,0.265,1193.97,7,0.401,3.549.342,20.324
14.752,107.706,6,729.219,9.541,32.19,2.679,5.7,33.874,33.936,31,22.65,132.309,84.465,17.66,3,-137.823,-146.432,-131.535,-103.608,-12.455,-1.015,132.519,134.745,157.882,244.017,-53.358,-82.94,Pepper,Clay Loam,0.427,0.255,669.166,10,0.365,2511.41,17.91
12.035,107.997,6,721.093,3.64,35.68,36.772,5.236,33.773,30.547,39.999,22.01,4.8,86.45,16.833,12,-3.64,-4.95,-5.06,-4.94,2.06,2.54,10.12,2.23,7.25,0.26,-2.31,-3.54,Pepper,Clay Loam,0.358,0.268,24.44,7,0.414,3.824.299,17.323
13.561,108.306,6,184.579,3.64,37.194,22.084,5.979,34.585,28.22,24.991,24.64,4.92,84.79,16.78,12,-3.74,-5.15,-5.62,-5,2.51,2.76,7.89,1.25,8.92,3.13,-2.41,-4.49,Pepper,Clay Loam,0.472,0.245,26.41,9,0.337,2.213.497,23.44
12.071,107.718,6,728.423,8.376,35.556,2.922,5.5,34.483,29.96,33.079,24.04,181.62,82.12,17.87,4,-188.5,-190,-176.72,-153.36,10.7,136.2,344.01,256.97,158.52,68.86,-111.48,-155.21,Pepper,Clay Loam,0.535,0.257,975.27,7,0.353,3.466.725,19.305
14.023,108.128,6,772.007,2.133,31.602,2.24,5.8,34.848,33.55,26.708,23.3,147.86,84.74,16.63,4,-159.46,-175.05,-157.67,-141.05,-0.75,18.07,145.89,104.16,223.27,261.45,-15.89,-102.98,Pepper,Clay Loam,0.437,0.247,752.85,10,0.347,2.725.728,18.282
14.614,107.724,6,651.114,9.426,30.501,2.273,5.744,33.733,35.722,25.901,23.36,139.49,84.71,17.66,3,-150.13,-154.94,-139.28,-111.93,18.2,34.11,207.98,194.59,162.57,151.62,-93.27,-119.51,Pepper,Clay Loam,0.439,0.249,769.06,7,0.27,2.493.637,19.128
13.828,108.251,6,603.418,3.069,33.74,2.065,5.772,35.847,30.484,23.138,23.3,147.86,84.74,17.25,4,-159.46,-175.05,-157.67,-141.05,-0.75,18.07,145.89,104.16,223.27,261.45,-15.89,-102.98,Pepper,Clay Loam,0.437,0.24,752.85,10,0.347,2.789.328,19.378
14.279,108.23,6,746.457,3.64,32.172,30.852,5.577,33.569,34.183,37.474,22.197,4.833,87.727,16.21,12,-3.027,-4.895,-6.206,-5.342,-0.381,0.901,4.189,0.284,8.348,8.573,0.592,-3.041,Pepper,Clay Loam,0.328,0.265,22.892,10,0.375,3.085.021,17.345
14.955,107.973,6,1.489.161,3.64,33.397,48.705,5.4,35.801,30.802,46.49,21.92,6.65,88.47,17.25,12,-2.37,-4.83,-7.48,-6.64,-3.47,-2.32,-0.47,-2.52,7.66,16.85,5.94,-0.38,Pepper,Clay Loam,0.303,0.273,30.48,10,0.553,3.468.752,12.24
13.49,107.638,6,219.95,3.64,29.768,28.532,5.6,34.018,36.214,31.627,26.026,6.959,82.599,17.666,12,-5.761,-6.687,-6.736,-5.628,3.256,5.561,14.681,4.073,8.954,0.231,-5.42,-6.572,Pepper,Clay Loam,0.586,0.256,36.804,7,0.399,3.035.158,24.596
12.248,107.717,6,885.895,3.64,30.93,29.545,5.33,34.834,34.206,33.5,23.888,7.395,84.195,17.53,12,-6.072,-6.637,-6.657,-6.356,1.511,4.792,17.767,4.474,8.288,-0.232,-4.821,-6.088,Pepper,Clay Loam,0.468,0.257,36.863,7,0.482,3620.51,18.13
13.343,108.012,6,399.594,3.64,31.782,22.678,5.84,33.378,34.92,26.698,24.864,5.158,84.073,16.958,12,-4.02,-5.278,-5.542,-4.974,2.842,2.555,9.527,1.845,8.706,1.749,-2.805,-4.591,Pepper,Clay Loam,0.5,0.251,27.21,7,0.35,2.514.845,22.267
13.718,108.187,6,365.523,17.257,35.044,2.825,5.696,34.028,30.928,33.645,24.57,141.28,83.7,17.25,4,-159.46,-169.36,-154.13,-136.02,24.8,37.8,167.03,113.53,221.94,194.62,-29.94,-110.79,Pepper,Clay Loam,0.503,0.259,759.7,9,0.292,2.827.033,22.194
14.424,107.635,6,383.441,4.322,30.027,3.432,5.693,36.448,33.525,38.228,23.36,139.49,84.71,17.66,3,-150.13,-154.94,-139.28,-111.93,18.2,34.11,207.98,194.59,162.57,151.62,-93.27,-119.51,Pepper,Clay Loam,0.439,0.26,769.06,7,0.27,2.594.892,20.868
12.921,108.306,6,640.368,4.778,31.729,1.947,5.7,35.775,32.493,29.743,24.7,138.1,83.27,17.08,4,-159.26,-166.84,-154.61,-137.12,20.29,47.68,185.83,130.34,211.42,150.74,-24.92,-103.53,Pepper,Clay Loam,0.521,0.249,746.28,9,0.283,2744.69,20.538
13.955,108.047,6,771.485,1.531,28.799,2.375,5.8,35.548,35.653,26.404,23.3,147.86,84.74,17.09,4,-159.46,-175.05,-157.67,-141.05,-0.75,18.07,145.89,104.16,223.27,261.45,-15.89,-102.98,Pepper,Clay Loam,0.437,0.245,752.85,10,0.347,2.725.728,18.285
13.556,107.699,6,194.238,3.648,31.584,1.972,5.946,34.59,33.827,23.763,25.96,199.04,81.8,18.14,3,-202.41,-205.29,-190.82,-159.08,55.01,90.16,368.73,274.99,223.54,69.09,-144.32,-179.6,Pepper,Clay Loam,0.61,0.244,1081.52,7,0.341,2.673.028,24.697
13.886,107.802,6,476.078,5.157,27.937,2.036,5.887,35.237,36.826,25.38,25.25,174.14,81.48,18.14,3,-179.93,-183.32,-167.16,-135.46,50.28,69.26,300.26,253.27,195.98,90.33,-133.36,-160.15,Pepper,Clay Loam,0.595,0.244,959.38,7,0.313,2.548.047,22.155
14.336,107.763,6,592.818,4.844,29.236,2.449,5.845,37.045,33.691,28.937,23.36,139.49,84.71,17.66,3,-150.13,-154.94,-139.28,-111.93,18.2,34.11,207.98,194.59,162.57,151.62,-93.27,-119.51,Pepper,Clay Loam,0.439,0.245,769.06,7,0.27,2.293.114,19.507
12.676,108.114,6,439.515,3.64,30.289,21.12,5.629,36.135,33.576,24.177,23.41,5.24,85.72,16.64,12,-3.95,-5.3,-5.47,-5.3,2.67,1.83,10.91,2.04,8.44,0.71,-2.42,-4.14,Pepper,Clay Loam,0.411,0.241,26.58,7,0.41,2.972.287,20.553
13.704,108.348,6,365.404,7.563,35.7,2.774,5.785,33.675,30.626,29.689,24.57,141.28,83.7,17.25,4,-159.46,-169.36,-154.13,-136.02,24.8,37.8,167.03,113.53,221.94,194.62,-29.94,-110.79,Pepper,Clay Loam,0.503,0.254,759.7,9,0.292,2.634.084,22.195
13.12,107.917,6,207.962,3.64,33.597,21.739,5.965,36.019,30.384,24.985,24.75,5.04,84.49,17.67,12,-3.85,-5.19,-5.49,-5.13,2.87,2.02,9.17,1.47,8.91,1.97,-2.38,-4.35,Pepper,Clay Loam,0.484,0.242,26.39,7,0.347,2.243.849,23.398
13.67,107.703,6,248.466,3.652,31.152,1.875,6,36.608,32.277,23.964,25.96,199.04,81.8,18.14,3,-202.41,-205.29,-190.82,-159.08,55.01,90.16,368.73,274.99,223.54,69.09,-144.32,-179.6,Pepper,Clay Loam,0.61,0.239,1081.52,7,0.341,2536.08,24.345
14.752,107.766,6,787.111,3.64,32.936,32.286,5.598,33.323,33.741,37.17,22.393,3.407,85.433,17.25,12,-2.452,-3.49,-4.333,-2.884,-0.378,0.21,2.216,-0.134,5.838,7.057,0.364,-2.053,Pepper,Clay Loam,0.394,0.265,15.724,10,0.45,3.039.494,17.277
13.614,108.288,6,215.04,3.541,37.176,2.571,6.084,33.036,29.692,25.097,24.57,141.28,83.7,17.286,4,-159.46,-169.36,-154.13,-136.02,24.8,37.8,167.03,113.53,221.94,194.62,-29.94,-110.79,Pepper,Clay Loam,0.503,0.249,759.7,9,0.292,1.985.861,23.172
13.134,107.607,6,173,3.64,32.38,19.961,5.8,34.574,33.046,24.661,25.86,8.09,82.95,17.67,12,-6.57,-7.33,-7.36,-6.7,2.7,5.61,18.96,4.97,9.12,-0.51,-5.8,-7.04,Pepper,Clay Loam,0.568,0.245,41.31,7,0.458,2.601.564,24.736
13.323,107.934,6,211.629,2.44,33.784,2.011,5.7,35.91,30.263,25.315,24.57,141.28,83.7,18.14,4,-159.46,-169.36,-154.13,-136.02,24.8,37.8,167.03,113.53,221.94,194.62,-29.94,-110.79,Pepper,Clay Loam,0.503,0.243,759.7,9,0.292,2.818.361,23.194
13.631,107.687,6,837.561,3.64,28.063,31.446,5.312,36.707,35.23,39.788,22.824,4.34,86.012,17.373,12,-3.494,-4.574,-4.807,-3.946,1.678,2.574,8.2,2.067,6.807,1.708,-2.417,-3.759,Pepper,Clay Loam,0.389,0.261,22.997,7,0.356,3.659.533,17.38
12.831,107.927,6,286.352,1.598,29.77,2.445,6,36.792,33.437,24.546,24.7,138.1,83.27,17.87,4,-159.26,-166.84,-154.61,-137.12,20.29,47.68,185.83,130.34,211.42,150.74,-24.92,-103.53,Pepper,Clay Loam,0.521,0.24,746.28,9,0.283,2111.3,22.839
13.303,107.66,6,186.647,3.64,32.319,22.011,5.897,36.119,31.565,27.413,25.943,7.525,82.775,17.598,12,-6.166,-7.009,-7.049,-6.165,2.977,5.586,16.824,4.522,9.037,-0.14,-5.61,-6.806,Pepper,Clay Loam,0.577,0.245,38.945,7,0.432,2.391.271,24.73
14.451,107.614,6,379.064,11.684,30.301,3.43,5.6,34.675,35.111,41.24,23.36,139.49,84.71,17.66,3,-150.13,-154.94,-139.28,-111.93,18.2,34.11,207.98,194.59,162.57,151.62,-93.27,-119.51,Pepper,Clay Loam,0.439,0.268,769.06,7,0.27,2.779.532,20.896
13.21,107.859,6,177.901,0.459,36.541,2.351,5.9,33.19,30.269,25.201,24.7,138.1,83.27,18.14,4,-159.26,-166.84,-154.61,-137.12,20.29,47.68,185.83,130.34,211.42,150.74,-24.92,-103.53,Pepper,Clay Loam,0.521,0.249,746.28,9,0.283,2322.43,23.544
13.564,108.323,6,183.843,3.64,37.71,22.231,5.942,32.635,29.655,30.401,24.64,4.92,84.79,16.78,12,-3.74,-5.15,-5.62,-5,2.51,2.76,7.89,1.25,8.92,3.13,-2.41,-4.49,Pepper,Clay Loam,0.472,0.258,26.41,9,0.337,2.293.712,23.445
13.774,108.211,6,490.972,4.14,34.206,2.276,5.745,35.326,30.468,27.263,23.3,147.86,84.74,17.25,4,-159.46,-175.05,-157.67,-141.05,-0.75,18.07,145.89,104.16,223.27,261.45,-15.89,-102.98,Pepper,Clay Loam,0.437,0.247,752.85,10,0.347,2.850.657,20.109
14.03,108.071,6,768.777,2.013,30.774,2.03,5.8,36.419,32.766,23.789,23.3,147.86,84.74,16.63,4,-159.46,-175.05,-157.67,-141.05,-0.75,18.07,145.89,104.16,223.27,261.45,-15.89,-102.98,Pepper,Clay Loam,0.437,0.24,752.85,10,0.347,2.725.728,18.303
13.482,108.259,6,235.474,8.497,34.755,2.26,5.982,34.689,30.556,28.425,24.57,141.28,83.7,17.328,4,-159.46,-169.36,-154.13,-136.02,24.8,37.8,167.03,113.53,221.94,194.62,-29.94,-110.79,Pepper,Clay Loam,0.503,0.25,759.7,9,0.292,2.206.993,23.039
12.921,107.597,6,231.475,3.64,33.885,21.774,5.7,35.426,30.79,29.447,25.86,8.09,82.95,17.559,12,-6.57,-7.33,-7.36,-6.7,2.7,5.61,18.96,4.97,9.12,-0.51,-5.8,-7.04,Pepper,Clay Loam,0.568,0.25,41.31,7,0.458,2.818.361,24.355
13.6,108.296,6,212.738,6.287,36.395,2.422,6.1,33.943,29.6,24.711,24.57,141.28,83.7,17.25,4,-159.46,-169.36,-154.13,-136.02,24.8,37.8,167.03,113.53,221.94,194.62,-29.94,-110.79,Pepper,Clay Loam,0.503,0.247,759.7,9,0.292,1.951.173,23.187
12.893,108.188,6,465.948,3.64,31.968,22.958,5.9,36.395,31.663,25.726,24.256,5.114,84.943,16.728,12,-3.887,-5.231,-5.483,-5.193,2.796,1.95,9.811,1.68,8.737,1.506,-2.395,-4.273,Pepper,Clay Loam,0.456,0.242,26.462,7,0.371,2.384.767,21.227
12.641,108.299,6,455.466,2.812,30.186,2.223,6,39.021,30.793,26.571,23.35,141.43,84.51,17.08,4,-162.08,-169.35,-158.73,-138.82,7,56.24,226.23,162.74,189.26,115.44,-29.2,-98.71,Pepper,Clay Loam,0.444,0.237,756.89,7,0.299,2111.57,20.389
14.671,108.298,6,1.190.053,3.64,33.776,39.305,5.387,34.466,31.758,50.626,21.85,4.86,88.25,16.21,12,-2.89,-4.84,-6.32,-5.44,-0.87,0.44,3.51,0.03,8.25,9.58,1.25,-2.71,Pepper,Clay Loam,0.308,0.282,23.07,10,0.415,3.496.936,14.115
13.668,107.675,6,238.831,0.95,30.673,2.005,6,36.533,32.866,23.291,25.96,199.04,81.8,18.14,3,-202.41,-205.29,-190.82,-159.08,55.01,90.16,368.73,274.99,223.54,69.09,-144.32,-179.6,Pepper,Clay Loam,0.61,0.239,1081.52,7,0.341,2536.08,24.408
13.286,108.019,6,322.91,5.013,31.191,2.863,5.618,36.163,32.645,27.609,24.57,141.28,83.7,17.25,4,-159.46,-169.36,-154.13,-136.02,24.8,37.8,167.03,113.53,221.94,194.62,-29.94,-110.79,Pepper,Clay Loam,0.503,0.245,759.7,9,0.292,2.996.135,22.471
11.894,108.41,6,1.553.922,3.64,36.59,43.77,5.218,31.954,31.438,51.749,22.01,4.8,86.45,18.42,12,-3.64,-4.95,-5.06,-4.94,2.06,2.54,10.12,2.23,7.25,0.26,-2.31,-3.54,Pepper,Clay Loam,0.358,0.289,24.44,7,0.414,3.863.323,11.91
14.616,107.853,6,632.287,2.808,32.265,2.133,5.852,34.074,33.661,25.282,21.74,170.32,87.04,17.66,3,-158.95,-186.38,-169.92,-152.62,-53.36,-34.84,75.1,61.71,223.52,408.66,45.38,-58.32,Pepper,Clay Loam,0.337,0.247,814.39,10,0.502,2.869.518,17.63
12.312,107.892,6,471.828,0.542,31.997,2.912,5.503,31.854,36.148,35.061,23.35,141.43,84.51,17.847,4,-162.08,-169.35,-158.73,-138.82,7,56.24,226.23,162.74,189.26,115.44,-29.2,-98.71,Pepper,Clay Loam,0.444,0.266,756.89,7,0.299,3161.02,20.283
13.95,107.733,6,428.267,5.412,30.603,2.336,5.982,35.689,33.79,28.028,25.25,174.14,81.48,18.14,3,-179.93,-183.32,-167.16,-135.46,50.28,69.26,300.26,253.27,195.98,90.33,-133.36,-160.15,Pepper,Clay Loam,0.595,0.247,959.38,7,0.313,2.330.558,22.466
12.3,108.16,6,526.544,3.64,35.444,29.375,5.558,31.908,32.563,34.936,23.41,5.24,85.72,16.64,12,-3.95,-5.3,-5.47,-5.3,2.67,1.83,10.91,2.04,8.44,0.71,-2.42,-4.14,Pepper,Clay Loam,0.411,0.266,26.58,7,0.41,3.126.213,19.987
13.329,107.898,6,363.523,3.64,31.857,24.88,5.902,34.564,33.578,24.22,25.38,5.97,83.555,17.599,12,-4.78,-5.919,-6.096,-5.361,3.067,3.763,11.828,2.74,8.93,1.123,-3.872,-5.438,Pepper,Clay Loam,0.533,0.244,31.466,7,0.376,2.380.431,23.017
12.988,107.609,6,332.989,3.64,32.735,24.01,5.475,36.086,31.179,32.58,25.346,8.085,83.442,17.635,12,-6.56,-7.278,-7.306,-6.725,2.473,5.469,19.14,4.985,9.031,-0.569,-5.696,-6.939,Pepper,Clay Loam,0.535,0.253,41.073,7,0.466,3.306.154,23.182
14.146,107.86,6,617.905,1.794,29.935,2.087,5.6,36.507,33.558,26.21,23.3,147.86,84.74,17.66,4,-159.46,-175.05,-157.67,-141.05,-0.75,18.07,145.89,104.16,223.27,261.45,-15.89,-102.98,Pepper,Clay Loam,0.437,0.243,752.85,10,0.347,3.180.016,19.284
13.376,108.132,6,224.672,1.768,34.247,2.131,5.934,35.763,29.945,22.758,24.57,141.28,83.7,17.744,4,-159.46,-169.36,-154.13,-136.02,24.8,37.8,167.03,113.53,221.94,194.62,-29.94,-110.79,Pepper,Clay Loam,0.503,0.24,759.7,9,0.292,2.311.056,23.11
12.891,108.038,6,422.9,2.146,33.518,2.343,5.7,34.185,32.346,28.519,24.7,138.1,83.27,17.08,4,-159.26,-166.84,-154.61,-137.12,20.29,47.68,185.83,130.34,211.42,150.74,-24.92,-103.53,Pepper,Clay Loam,0.521,0.251,746.28,9,0.283,2744.69,21.951
14.187,107.729,6,647.66,7.74,27.797,3.45,5.5,38.634,33.569,42.63,25.25,174.14,81.48,17.66,3,-179.93,-183.32,-167.16,-135.46,50.28,69.26,300.26,253.27,195.98,90.33,-133.36,-160.15,Pepper,Clay Loam,0.595,0.261,959.38,7,0.313,3.434.025,21.04
13.298,107.895,6,207.779,3.64,33.664,21.808,5.959,36.396,29.941,24.22,24.705,4.991,84.612,17.67,12,-3.805,-5.174,-5.543,-5.077,2.723,2.321,8.649,1.38,8.914,2.442,-2.392,-4.407,Pepper,Clay Loam,0.479,0.24,26.398,9,0.337,2.256.857,23.354
13.563,108.316,6,923.799,3.64,32.672,38.755,5.4,31.838,35.406,44.623,23.342,4.594,85.728,16.93,12,-3.42,-4.938,-5.571,-4.874,1.26,2.643,6.542,1.261,8.255,4.482,-1.689,-3.946,Pepper,Clay Loam,0.409,0.279,24.438,9,0.338,3.468.752,17.337
14.117,108.137,6,672.782,8.975,31.074,2.591,5.639,35.97,32.896,32.65,23.3,147.86,84.74,16.872,4,-159.46,-175.05,-157.67,-141.05,-0.75,18.07,145.89,104.16,223.27,261.45,-15.89,-102.98,Pepper,Clay Loam,0.437,0.253,752.85,10,0.347,3091.43,18.927
12.573,108.238,6,439.908,1.461,29.835,2.326,5.894,39.254,30.911,26.495,23.35,141.43,84.51,17.08,4,-162.08,-169.35,-158.73,-138.82,7,56.24,226.23,162.74,189.26,115.44,-29.2,-98.71,Pepper,Clay Loam,0.444,0.237,756.89,7,0.299,2.335.396,20.491
14.487,107.893,6,565,0,31.571,1.862,5.752,35.571,32.858,24.287,21.74,170.32,87.04,17.66,3,-158.95,-186.38,-169.92,-152.62,-53.36,-34.84,75.1,61.71,223.52,408.66,45.38,-58.32,Pepper,Clay Loam,0.337,0.242,814.39,10,0.502,3.119.476,18.068
12.889,108.111,6,335.194,3.64,29.894,21.36,5.837,36.954,33.087,25.83,23.832,5.13,85.401,17.273,12,-3.878,-5.249,-5.521,-5.197,2.615,2.149,9.873,1.769,8.605,1.541,-2.417,-4.26,Pepper,Clay Loam,0.431,0.241,26.522,7,0.372,2.521.349,21.653
14.363,107.919,6,568.374,2.524,32.077,2.002,5.833,36.893,31.03,25.265,21.74,170.32,87.04,17.66,3,-158.95,-186.38,-169.92,-152.62,-53.36,-34.84,75.1,61.71,223.52,408.66,45.38,-58.32,Pepper,Clay Loam,0.337,0.241,814.39,10,0.502,2917.01,18.046
13.82,107.662,6,411.492,7.645,28.023,2.285,5.9,36.232,35.745,28.707,25.25,174.14,81.48,18.14,3,-179.93,-183.32,-167.16,-135.46,50.28,69.26,300.26,253.27,195.98,90.33,-133.36,-160.15,Pepper,Clay Loam,0.595,0.247,959.38,7,0.313,2.518.285,22.575
14.212,107.612,6,760.523,3.64,24.718,44.121,5.513,38.795,36.574,48.474,25.065,5.514,82.866,17.25,12,-4.542,-5.558,-5.759,-4.436,2.539,4.407,10.374,3.061,7.993,1.424,-4.133,-5.377,Pepper,Loam,0.545,0.269,29.805,7,0.348,3.223.771,20.122
13.306,108.388,6,541.306,17.92,29.739,2.94,5.606,36.079,34.179,46.159,24.57,141.28,83.7,17.25,4,-159.46,-169.36,-154.13,-136.02,24.8,37.8,167.03,113.53,221.94,194.62,-29.94,-110.79,Pepper,Clay Loam,0.503,0.272,759.7,9,0.292,3022.15,21.052
12.161,108.045,6,694.177,3.64,34.632,29.002,5.455,33.087,32.335,33.453,23.719,5.648,84.399,17.121,12,-4.526,-5.5,-5.602,-5.404,1.917,2.964,12.398,2.675,7.973,0.719,-3.037,-4.567,Pepper,Clay Loam,0.458,0.261,28.636,7,0.433,3.349.514,19.207
13.101,108.268,6,740.124,4.028,32.692,2.053,5.753,35.53,31.778,29.836,24.7,138.1,83.27,17.21,4,-159.26,-166.84,-154.61,-137.12,20.29,47.68,185.83,130.34,211.42,150.74,-24.92,-103.53,Pepper,Clay Loam,0.521,0.25,746.28,9,0.283,2.632.791,19.889
13.463,107.633,6,220.735,3.64,29.972,28.108,5.607,34.154,35.881,31.553,26.018,7.015,82.616,17.66,12,-5.801,-6.719,-6.767,-5.681,3.228,5.564,14.893,4.118,8.962,0.194,-5.439,-6.595,Pepper,Clay Loam,0.585,0.256,37.002,7,0.403,3.019.982,24.583
13.572,107.757,6,229.472,1.782,33.115,1.904,5.866,35.626,31.342,24.66,25.96,199.04,81.8,18.14,3,-202.41,-205.29,-190.82,-159.08,55.01,90.16,368.73,274.99,223.54,69.09,-144.32,-179.6,Pepper,Clay Loam,0.61,0.243,1081.52,7,0.341,2.875.915,24.468
14.349,107.923,6,528.04,1.836,31.72,2.014,5.804,34.848,33.432,22.224,21.74,170.32,87.04,17.66,3,-158.95,-186.38,-169.92,-152.62,-53.36,-34.84,75.1,61.71,223.52,408.66,45.38,-58.32,Pepper,Clay Loam,0.337,0.241,814.39,10,0.502,2.989.498,18.308
12.232,107.98,6,614.304,3.64,31.833,31.872,5.366,32.177,36.056,37.517,22.938,5.092,85.966,16.997,12,-3.846,-5.182,-5.332,-5.179,2.464,2.069,10.644,2.104,8.039,0.558,-2.383,-3.938,Pepper,Clay Loam,0.393,0.269,25.86,7,0.411,3.542.463,18.945
13.012,108.083,6,464.144,4.566,31.545,2.539,5.683,33.342,35.113,31.696,24.7,138.1,83.27,17.221,4,-159.26,-166.84,-154.61,-137.12,20.29,47.68,185.83,130.34,211.42,150.74,-24.92,-103.53,Pepper,Clay Loam,0.521,0.258,746.28,9,0.283,2.780.582,21.683
13.585,108.103,6,209.415,3.64,33.055,20.332,5.971,34.336,32.609,23.774,24.64,4.92,84.79,17.163,12,-3.74,-5.15,-5.62,-5,2.51,2.76,7.89,1.25,8.92,3.13,-2.41,-4.49,Pepper,Clay Loam,0.472,0.244,26.41,9,0.337,2.230.841,23.279
11.981,107.761,6,683.772,3.89,32.401,2.64,5.5,35.204,32.395,27.674,24.04,181.62,82.12,18.1,4,-188.5,-190,-176.72,-153.36,10.7,136.2,344.01,256.97,158.52,68.86,-111.48,-155.21,Pepper,Clay Loam,0.535,0.248,975.27,7,0.353,3.466.725,19.595
11.688,108.143,6,752.114,7.922,34.181,3.325,5.577,34.998,30.722,35.238,23.13,106.55,83.84,18.82,4,-132.23,-138.73,-126.4,-98.9,29.53,75.46,156.75,108.52,121.36,101.45,-24.68,-72.15,Pepper,Clay Loam,0.458,0.259,593.09,7,0.264,2.432.604,18.241
12.109,107.673,6,722.503,8.313,33.647,2.812,5.5,35.612,30.712,33.805,24.04,181.62,82.12,17.87,4,-188.5,-190,-176.72,-153.36,10.7,136.2,344.01,256.97,158.52,68.86,-111.48,-155.21,Pepper,Clay Loam,0.535,0.255,975.27,7,0.353,3.466.725,19.344
14.151,107.836,6,661.506,3.64,27.618,36.128,5.45,38.665,33.717,46.944,24.994,5.481,82.995,17.32,12,-4.498,-5.538,-5.762,-4.46,2.486,4.326,10.212,2.981,8.022,1.58,-4.029,-5.326,Pepper,Clay Loam,0.538,0.267,29.613,7,0.345,3.360.353,20.694
13.862,108.047,6,647.989,2.919,28.453,2.313,5.883,37.179,34.368,27.667,23.3,147.86,84.74,17.146,4,-159.46,-175.05,-157.67,-141.05,-0.75,18.07,145.89,104.16,223.27,261.45,-15.89,-102.98,Pepper,Clay Loam,0.437,0.243,752.85,10,0.347,2.537.198,19.088
12.413,108.225,6,428.183,0.553,33.918,2.018,6,34.974,31.107,27.649,23.35,141.43,84.51,17.08,4,-162.08,-169.35,-158.73,-138.82,7,56.24,226.23,162.74,189.26,115.44,-29.2,-98.71,Pepper,Clay Loam,0.444,0.248,756.89,7,0.299,2111.57,20.567
12.98,107.698,6,235.946,3.64,35.7,22.117,5.674,33.401,30.973,28.21,25.86,8.09,82.95,17.633,12,-6.57,-7.33,-7.36,-6.7,2.7,5.61,18.96,4.97,9.12,-0.51,-5.8,-7.04,Pepper,Clay Loam,0.568,0.253,41.31,7,0.458,2.874.728,24.326
13.582,108.149,6,354.672,8.957,33.81,2.393,5.767,35.827,30.363,30.828,24.57,141.28,83.7,17.25,4,-159.46,-169.36,-154.13,-136.02,24.8,37.8,167.03,113.53,221.94,194.62,-29.94,-110.79,Pepper,Clay Loam,0.503,0.251,759.7,9,0.292,2.673.107,22.265
13.39,108.125,6,1.335.663,3.64,36.374,38.578,5.295,33.627,29.951,44.564,21.967,5.678,87.409,18.07,12,-3.037,-4.893,-6.209,-5.747,-0.565,0.233,5.094,-0.024,7.445,8.134,1.606,-2.04,Pepper,Clay Loam,0.332,0.275,22.515,10,0.361,3.696.389,13.285
12.352,108.299,6,876.818,3.64,34.496,30.446,5.316,32.938,32.566,42.269,23.41,5.24,85.72,16.64,12,-3.95,-5.3,-5.47,-5.3,2.67,1.83,10.91,2.04,8.44,0.71,-2.42,-4.14,Pepper,Clay Loam,0.411,0.273,26.58,7,0.41,3.650.861,17.711
14.072,108.248,6,821.024,14.082,30.947,2.25,5.661,34.9,34.153,34.665,23.3,147.86,84.74,16.75,4,-159.46,-175.05,-157.67,-141.05,-0.75,18.07,145.89,104.16,223.27,261.45,-15.89,-102.98,Pepper,Clay Loam,0.437,0.258,752.85,10,0.347,3.041.458,17.963
13.521,107.766,6,195.976,3.348,32.041,2.038,5.859,35.576,32.383,23.176,25.96,199.04,81.8,18.14,3,-202.41,-205.29,-190.82,-159.08,55.01,90.16,368.73,274.99,223.54,69.09,-144.32,-179.6,Pepper,Clay Loam,0.61,0.241,1081.52,7,0.341,2.893.667,24.686
11.976,108.019,6,694.186,12.474,31.132,3.456,5.6,32.66,36.12,33.509,21.95,131.13,85.44,17.966,4,-152.51,-159.92,-148.72,-125.06,10.18,63.52,221.54,158.42,155.14,94.38,-30.14,-86.85,Pepper,Clay Loam,0.384,0.262,703.2,7,0.315,2.767.282,17.438
13.902,107.665,6,356.206,3.604,29.912,2.764,5.7,37.182,32.885,40.548,25.25,174.14,81.48,18.14,3,-179.93,-183.32,-167.16,-135.46,50.28,69.26,300.26,253.27,195.98,90.33,-133.36,-160.15,Pepper,Clay Loam,0.595,0.261,959.38,7,0.313,2.976.155,22.935
13.375,107.782,6,189.881,3.64,32.399,19.824,5.822,35.489,32.101,21.749,26.03,6.93,82.59,17.67,12,-5.74,-6.67,-6.72,-5.6,3.27,5.56,14.57,4.05,8.95,0.25,-5.41,-6.56,Pepper,Clay Loam,0.586,0.239,36.7,7,0.398,2.553.869,24.796
13.657,108.017,6,448.428,7.886,28.884,2.208,5.746,37.203,33.913,28.829,24.57,141.28,83.7,17.49,4,-159.46,-169.36,-154.13,-136.02,24.8,37.8,167.03,113.53,221.94,194.62,-29.94,-110.79,Pepper,Clay Loam,0.503,0.245,759.7,9,0.292,2.718.634,21.655
13.529,108.044,6,265.285,0.061,34.843,2.053,5.806,32.943,32.214,24.649,24.57,141.28,83.7,17.301,4,-159.46,-169.36,-154.13,-136.02,24.8,37.8,167.03,113.53,221.94,194.62,-29.94,-110.79,Pepper,Clay Loam,0.503,0.249,759.7,9,0.292,2.588.556,22.846
12.553,107.92,6,415.125,3.269,34.875,2.456,5.7,35.466,29.612,24.235,23.35,141.43,84.51,17.5,4,-162.08,-169.35,-158.73,-138.82,7,56.24,226.23,162.74,189.26,115.44,-29.2,-98.71,Pepper,Clay Loam,0.444,0.242,756.89,7,0.299,2.745.041,20.652
11.849,107.639,6,580.38,3.64,31.008,30.991,5.313,34.123,34.868,36.501,25.314,4.308,82.673,17.671,12,-3.942,-4.439,-4.479,-4.172,0.434,4.183,8.358,1.818,5.823,2.456,-2.378,-3.677,Pepper,Clay Loam,0.559,0.263,23.087,7,0.362,3.657.365,21.542
12.862,107.977,6,362.118,3.64,30.12,26.608,5.712,36.527,33.353,25.854,24.75,5.04,84.49,17.53,12,-3.85,-5.19,-5.49,-5.13,2.87,2.02,9.17,1.47,8.91,1.97,-2.38,-4.35,Pepper,Clay Loam,0.484,0.242,26.39,7,0.347,2.792.345,22.396
13.189,107.922,6,208.512,3.64,34.661,22.793,5.963,35.427,29.912,25.827,24.737,5.025,84.527,17.67,12,-3.837,-5.185,-5.506,-5.114,2.826,2.11,9.014,1.443,8.911,2.112,-2.384,-4.367,Pepper,Clay Loam,0.483,0.245,26.393,7,0.341,2.248.185,23.382
13.296,107.906,6,363.643,3.64,32.154,25.036,5.91,34.38,33.466,24.064,25.329,5.895,83.631,17.593,12,-4.705,-5.859,-6.046,-5.343,3.051,3.621,11.612,2.637,8.928,1.192,-3.75,-5.349,Pepper,Clay Loam,0.529,0.245,31.052,7,0.374,2.363.087,22.965
14.52,108.063,6,818.298,12.558,32.088,2.903,5.5,34.113,33.706,37.01,21.74,170.32,87.04,16.63,3,-158.95,-186.38,-169.92,-152.62,-53.36,-34.84,75.1,61.71,223.52,408.66,45.38,-58.32,Pepper,Clay Loam,0.337,0.263,814.39,10,0.502,3749.37,16.421
14.079,108.233,6,773.368,0.873,31.282,1.971,5.8,33.754,34.964,27.852,23.3,147.86,84.74,16.826,4,-159.46,-175.05,-157.67,-141.05,-0.75,18.07,145.89,104.16,223.27,261.45,-15.89,-102.98,Pepper,Clay Loam,0.437,0.251,752.85,10,0.347,2.725.728,18.273
14.056,107.944,6,637.014,1.52,30.559,2.21,5.8,35.515,33.926,28.099,23.3,147.86,84.74,17.374,4,-159.46,-175.05,-157.67,-141.05,-0.75,18.07,145.89,104.16,223.27,261.45,-15.89,-102.98,Pepper,Clay Loam,0.437,0.248,752.85,10,0.347,2.725.728,19.159
14.079,108.161,6,721.042,1.98,35.088,2.141,5.804,35.754,29.158,28.05,23.3,147.86,84.74,16.63,4,-159.46,-175.05,-157.67,-141.05,-0.75,18.07,145.89,104.16,223.27,261.45,-15.89,-102.98,Pepper,Clay Loam,0.437,0.247,752.85,10,0.347,2.716.642,18.613
13.078,108.312,6,625.297,3.64,34.467,26.46,5.67,34.348,31.1,38.376,24.344,5.004,84.781,16.759,12,-3.819,-5.154,-5.426,-5.102,2.75,2.097,9.311,1.583,8.664,1.716,-2.37,-4.23,Pepper,Clay Loam,0.464,0.265,26.101,7,0.356,2883.4,20.28
13.647,107.776,6,266.773,3.64,30.725,20.379,5.897,35.819,33.455,26.959,26.011,6.903,82.619,17.67,12,-5.713,-6.65,-6.705,-5.592,3.26,5.523,14.481,4.013,8.95,0.289,-5.37,-6.532,Pepper,Clay Loam,0.585,0.245,36.562,7,0.397,2.391.271,24.277
13.896,108.186,6,703.14,4.049,33.392,2.077,5.8,35.284,31.228,27.634,23.3,147.86,84.74,17.228,4,-159.46,-175.05,-157.67,-141.05,-0.75,18.07,145.89,104.16,223.27,261.45,-15.89,-102.98,Pepper,Clay Loam,0.437,0.248,752.85,10,0.347,2.725.728,18.73
12.145,108.189,6,570.995,3.64,33.991,28.627,5.6,33.902,32.107,35.427,22.01,4.8,86.45,16.64,12,-3.64,-4.95,-5.06,-4.94,2.06,2.54,10.12,2.23,7.25,0.26,-2.31,-3.54,Pepper,Clay Loam,0.358,0.262,24.44,7,0.414,3.035.158,18.299
12.36,108.291,6,878.325,3.64,34.292,30.898,5.305,32.981,32.728,43.119,23.41,5.24,85.72,16.64,12,-3.95,-5.3,-5.47,-5.3,2.67,1.83,10.91,2.04,8.44,0.71,-2.42,-4.14,Pepper,Clay Loam,0.411,0.275,26.58,7,0.41,3.674.709,17.701
12.903,108.186,6,455.526,5.417,29.97,2.318,5.936,37.374,32.656,23.85,24.7,138.1,83.27,17.08,4,-159.26,-166.84,-154.61,-137.12,20.29,47.68,185.83,130.34,211.42,150.74,-24.92,-103.53,Pepper,Clay Loam,0.521,0.237,746.28,9,0.283,2.246.423,21.739
14.7,107.672,6,719.887,11.227,29.964,2.432,5.687,35.332,34.704,30.947,23.36,139.49,84.71,17.66,3,-150.13,-154.94,-139.28,-111.93,18.2,34.11,207.98,194.59,162.57,151.62,-93.27,-119.51,Pepper,Clay Loam,0.439,0.252,769.06,7,0.27,2.606.804,18.681
12.087,107.916,6,718.366,3.64,33.117,36.226,5.291,33.827,33.055,41.799,22.773,5.04,86.052,17.607,12,-3.809,-5.141,-5.284,-5.136,2.393,2.153,10.551,2.126,7.899,0.505,-2.37,-3.867,Pepper,Clay Loam,0.387,0.271,25.607,7,0.412,3.705.061,18.104
11.876,108.124,6,1.002.938,3.64,37.878,27.361,5.5,33.719,28.403,27.655,22.01,4.8,86.45,18.81,12,-3.64,-4.95,-5.06,-4.94,2.06,2.54,10.12,2.23,7.25,0.26,-2.31,-3.54,Pepper,Clay Loam,0.358,0.251,24.44,7,0.414,3.251.955,15.491
14.32,107.673,6,323.245,4.724,27.8,3.358,5.6,35.216,36.984,39.038,23.36,139.49,84.71,17.66,3,-150.13,-154.94,-139.28,-111.93,18.2,34.11,207.98,194.59,162.57,151.62,-93.27,-119.51,Pepper,Clay Loam,0.439,0.264,769.06,7,0.27,2.779.532,21.259
14.495,107.953,6,591.667,2.194,29.4,2.09,5.8,35.4,35.2,25.534,21.74,170.32,87.04,17.66,3,-158.95,-186.38,-169.92,-152.62,-53.36,-34.84,75.1,61.71,223.52,408.66,45.38,-58.32,Pepper,Clay Loam,0.337,0.244,814.39,10,0.502,2.999.496,17.894
13.326,107.779,6,189.743,3.64,32.514,19.265,5.814,35.277,32.223,21.421,26.006,7.092,82.64,17.67,12,-5.856,-6.762,-6.809,-5.754,3.19,5.567,15.183,4.178,8.974,0.144,-5.464,-6.627,Pepper,Clay Loam,0.584,0.239,37.272,7,0.408,2.571.212,24.773
13.008,107.649,6,178,1.581,36.413,2.096,5.706,32.56,30.933,26.571,25.82,227.9,82.05,18.14,4,-222.95,-224.84,-212.6,-186.27,25.42,125.85,462.77,319.67,217.47,42.22,-150.03,-196.73,Pepper,Clay Loam,0.597,0.252,1193.42,7,0.388,3.564.064,24.663
12.292,107.656,6,869.927,3.64,31.554,27.57,5.331,34.715,33.701,31.424,23.78,8.07,84.94,17.53,12,-6.53,-7.12,-7.14,-6.8,1.78,5.04,19.69,5.03,8.76,-0.75,-5.38,-6.63,Pepper,Clay Loam,0.443,0.254,40.35,7,0.489,3.618.342,18.125
13.71,107.8,6,161.477,3.64,31.282,23.394,5.959,37.518,31.2,27.42,25.11,5.202,83.584,17.407,12,-4.062,-5.222,-5.644,-4.548,2.133,3.288,8.881,2.021,7.689,2.673,-2.505,-4.709,Pepper,Clay Loam,0.523,0.242,26.69,7,0.333,2.256.857,24.06
13.999,108.285,6,893.311,13.576,30.157,2.709,5.66,35.529,34.314,40.478,23.3,147.86,84.74,17.333,4,-159.46,-175.05,-157.67,-141.05,-0.75,18.07,145.89,104.16,223.27,261.45,-15.89,-102.98,Pepper,Clay Loam,0.437,0.265,752.85,10,0.347,3043.73,17.493
11.56,108.084,6,943.081,3.64,35.053,35.843,5.263,31.97,32.977,39.061,23.2,3.85,84.54,18.81,12,-3.06,-4.21,-4.3,-4.18,1.21,3.58,6.86,1.88,6.08,0.96,-1.99,-2.85,Pepper,Clay Loam,0.44,0.271,20.59,7,0.333,3.765.764,17.07
13.577,107.983,6,370.94,3.291,31.572,2.227,5.903,35.631,32.797,25.772,24.57,141.28,83.7,18.113,4,-159.46,-169.36,-154.13,-136.02,24.8,37.8,167.03,113.53,221.94,194.62,-29.94,-110.79,Pepper,Clay Loam,0.503,0.244,759.7,9,0.292,2.378.263,22.159
14.577,107.634,6,792.835,9.023,27.616,2.633,5.6,35.956,36.437,30.619,23.36,139.49,84.71,17.66,3,-150.13,-154.94,-139.28,-111.93,18.2,34.11,207.98,194.59,162.57,151.62,-93.27,-119.51,Pepper,Clay Loam,0.439,0.25,769.06,7,0.27,2.779.532,18.207
13.192,108.044,6,235.416,3.64,34.626,23.751,5.898,34.582,30.825,25.475,24.704,4.758,85.119,17.284,12,-3.421,-4.882,-5.457,-5.094,2.163,1.332,7.451,0.612,8.353,3.617,-0.854,-3.803,Pepper,Clay Loam,0.463,0.246,23.511,9,0.355,2.389.103,23.174
13.992,108.206,6,738.006,1.954,33.79,1.958,5.667,36.278,29.932,26.023,23.3,147.86,84.74,16.905,4,-159.46,-175.05,-157.67,-141.05,-0.75,18.07,145.89,104.16,223.27,261.45,-15.89,-102.98,Pepper,Clay Loam,0.437,0.243,752.85,10,0.347,3027.83,18.503
12.389,108.21,6,526.945,3.64,34.709,28.133,5.626,34.889,30.489,29.407,22.189,4.792,86.385,16.658,12,-3.62,-4.967,-5.16,-4.949,1.956,2.529,9.64,2.086,7.439,0.907,-2.22,-3.622,Pepper,Clay Loam,0.364,0.251,24.538,7,0.393,2.978.791,18.764
12.724,108.426,6,479.24,3.64,33.98,22.7,5.882,36.704,29.234,24.266,23.689,3.888,86.621,16.665,12,-2.13,-4.474,-5.103,-4.924,1.883,0.35,4.653,-0.316,7.371,3.632,1.125,-2.087,Pepper,Clay Loam,0.392,0.24,19.034,9,0.388,2423.79,20.574
13.404,108.164,6,295.459,1.429,35.107,2.578,5.969,34.215,30.678,25.655,24.57,141.28,83.7,17.25,4,-159.46,-169.36,-154.13,-136.02,24.8,37.8,167.03,113.53,221.94,194.62,-29.94,-110.79,Pepper,Clay Loam,0.503,0.247,759.7,9,0.292,2.235.177,22.65
12.596,108.257,6,437.162,3.64,30.278,19.678,6,39.868,29.87,27.486,23.41,5.24,85.72,16.64,12,-3.95,-5.3,-5.47,-5.3,2.67,1.83,10.91,2.04,8.44,0.71,-2.42,-4.14,Pepper,Clay Loam,0.411,0.237,26.58,7,0.41,2167.97,20.568
13.194,107.62,6,166.111,1.188,34.639,1.877,5.911,33.1,32.261,22.716,25.82,227.9,82.05,18.14,4,-222.95,-224.84,-212.6,-186.27,25.42,125.85,462.77,319.67,217.47,42.22,-150.03,-196.73,Pepper,Clay Loam,0.597,0.246,1193.42,7,0.388,2.999.433,24.74
13.156,107.871,6,265.634,3.64,32.066,21.903,5.968,35.527,32.407,25.907,25.155,5.639,83.888,17.574,12,-4.449,-5.659,-5.88,-5.279,2.997,3.141,10.88,2.287,8.923,1.425,-3.34,-5.05,Pepper,Clay Loam,0.515,0.245,29.657,7,0.367,2.237.345,23.428
13.884,108.323,6,632.989,6.672,32.103,2.625,5.699,32.79,35.107,32.394,23.3,147.86,84.74,17.25,4,-159.46,-175.05,-157.67,-141.05,-0.75,18.07,145.89,104.16,223.27,261.45,-15.89,-102.98,Pepper,Clay Loam,0.437,0.26,752.85,10,0.347,2.955.143,19.186
14.738,107.695,6,720.229,10.435,31.432,2.561,5.7,34.436,34.132,31,22.951,135.351,84.569,17.66,3,-143.037,-150.037,-134.816,-107.134,0.533,13.867,164.491,160.101,159.868,204.869,-70.268,-98.434,Pepper,Clay Loam,0.432,0.254,703.726,10,0.291,2.540.893,18.27
13.157,108.033,6,395.558,3.64,32.516,21.764,5.8,32.982,34.589,25.884,24.623,5.437,84.549,16.878,12,-4.201,-5.443,-5.706,-5.349,2.727,2.416,10.549,1.937,8.89,1.613,-2.773,-4.649,Pepper,Clay Loam,0.479,0.25,28.121,7,0.375,2.601.564,22.052
12.399,108.129,6,499.576,10,35.139,2.651,5.728,33.586,31.274,32.237,23.35,141.43,84.51,17.08,4,-162.08,-169.35,-158.73,-138.82,7,56.24,226.23,162.74,189.26,115.44,-29.2,-98.71,Pepper,Clay Loam,0.444,0.258,756.89,7,0.299,2.685.917,20.103
14.491,107.963,6,592.878,2.663,29.582,2.135,5.8,34.764,35.654,25.867,21.74,170.32,87.04,17.66,3,-158.95,-186.38,-169.92,-152.62,-53.36,-34.84,75.1,61.71,223.52,408.66,45.38,-58.32,Pepper,Clay Loam,0.337,0.246,814.39,10,0.502,2.999.496,17.886
14.377,108.258,6,1182.55,3.64,32.179,34.48,5.4,33.528,34.386,51.092,21.887,4.759,88.055,16.282,12,-2.859,-4.746,-6.183,-5.263,-0.838,0.422,3.417,0.017,8.083,9.409,1.191,-2.663,Pepper,Clay Loam,0.314,0.284,22.552,10,0.417,3.468.752,14.2
12.421,107.788,6,556.069,3.64,33.052,25.596,5.662,31.969,35.017,29.951,23.525,6.119,85.478,17.53,12,-4.751,-5.865,-5.988,-5.766,2.394,2.827,13.636,2.968,8.539,0.257,-3.339,-4.913,Pepper,Clay Loam,0.421,0.258,30.622,7,0.445,2.900.744,19.911
13.349,108.02,6,249.588,2.129,35.359,2.169,5.868,34.544,30.097,25.635,24.57,141.28,83.7,17.852,4,-159.46,-169.36,-154.13,-136.02,24.8,37.8,167.03,113.53,221.94,194.62,-29.94,-110.79,Pepper,Clay Loam,0.503,0.246,759.7,9,0.292,2.454.142,22.948
13.522,107.944,6,518.784,3.64,29.19,23.812,5.822,37.202,33.608,28.251,23.379,4.848,85.908,17.448,12,-3.589,-5.127,-5.745,-5.073,1.572,2.324,7.435,1.334,8.628,4.208,-1.8,-4.156,Pepper,Clay Loam,0.405,0.244,25.49,9,0.338,2.553.869,20.007
13.448,107.656,6,167.047,3.64,34.181,23.106,5.898,33.33,32.454,26.967,25.788,6.487,82.525,17.67,12,-5.385,-6.315,-6.389,-5.174,3.086,5.267,13.339,3.811,8.588,0.458,-5.103,-6.219,Pepper,Clay Loam,0.58,0.251,34.585,7,0.386,2.389.103,24.702
12.821,108.049,6,416.514,2.746,30.715,1.995,5.618,37.3,31.924,27.285,24.7,138.1,83.27,17.08,4,-159.26,-166.84,-154.61,-137.12,20.29,47.68,185.83,130.34,211.42,150.74,-24.92,-103.53,Pepper,Clay Loam,0.521,0.242,746.28,9,0.283,2.917.817,21.993
12.668,108.366,6,444.139,3.64,31.7,21.821,6,39.491,28.809,21.381,23.41,5.24,85.72,16.64,12,-3.95,-5.3,-5.47,-5.3,2.67,1.83,10.91,2.04,8.44,0.71,-2.42,-4.14,Pepper,Clay Loam,0.411,0.229,26.58,7,0.41,2167.97,20.523
13.64,108.367,6,197.827,1.105,32.957,2.577,6.079,35.371,31.672,28.221,24.57,141.28,83.7,17.25,4,-159.46,-169.36,-154.13,-136.02,24.8,37.8,167.03,113.53,221.94,194.62,-29.94,-110.79,Pepper,Clay Loam,0.503,0.248,759.7,9,0.292,1996.7,23.284
13.786,108.352,6,554.947,3.64,34.353,34.666,5.6,34.019,31.629,44.292,23.805,4.802,85.56,16.78,12,-3.576,-5.104,-5.752,-5.007,1.694,2.563,6.962,1.178,8.762,4.472,-1.897,-4.273,Pepper,Clay Loam,0.426,0.274,25.609,9,0.342,3.035.158,20.198
12.82,107.961,6,338.001,3.64,33.097,31.393,5.8,38.1,28.803,28.298,24.749,5.04,84.491,17.53,12,-3.85,-5.19,-5.49,-5.13,2.87,2.02,9.171,1.47,8.91,1.969,-2.38,-4.35,Pepper,Clay Loam,0.484,0.242,26.39,7,0.347,2.601.564,22.552
12.837,108.05,6,410.904,3.639,30.496,2.04,5.505,38.484,30.919,28.857,24.7,138.1,83.27,17.08,4,-159.26,-166.84,-154.61,-137.12,20.29,47.68,185.83,130.34,211.42,150.74,-24.92,-103.53,Pepper,Clay Loam,0.521,0.242,746.28,9,0.283,3.156.394,22.029
13.792,108.053,6,650.137,3.101,27.927,2.332,5.895,37.957,34.118,27.563,23.3,147.86,84.74,17.27,4,-159.46,-175.05,-157.67,-141.05,-0.75,18.07,145.89,104.16,223.27,261.45,-15.89,-102.98,Pepper,Clay Loam,0.437,0.241,752.85,10,0.347,2.509.941,19.074
13.431,108.447,6,368.476,3.64,35.763,26.314,5.859,35.568,28.67,32.919,24.61,4.18,86.41,16.78,12,-2.54,-4.25,-5.39,-5.02,0.71,-0.08,3.92,-1.15,7.21,7,2.28,-2.68,Pepper,Clay Loam,0.421,0.254,21.11,9,0.341,2.473.654,22.215
14.075,108.021,6,730.483,2.08,31.371,1.865,5.726,37.325,31.305,27.387,23.3,147.86,84.74,17.527,4,-159.46,-175.05,-157.67,-141.05,-0.75,18.07,145.89,104.16,223.27,261.45,-15.89,-102.98,Pepper,Clay Loam,0.437,0.242,752.85,10,0.347,2.893.815,18.552
12.787,108.304,6,481.912,2.719,31.569,2.628,5.813,37.387,31.044,21.989,24.7,138.1,83.27,17.08,4,-159.26,-166.84,-154.61,-137.12,20.29,47.68,185.83,130.34,211.42,150.74,-24.92,-103.53,Pepper,Clay Loam,0.521,0.235,746.28,9,0.283,2.506.113,21.568
12.747,108.144,6,422.969,3.64,32.443,20.512,5.957,35.855,31.702,23.679,23.99,5.153,85.187,16.701,12,-3.907,-5.252,-5.479,-5.226,2.757,1.912,10.157,1.793,8.644,1.256,-2.403,-4.231,Pepper,Clay Loam,0.442,0.241,26.498,7,0.383,2.261.193,21.241
12.926,108.156,6,454.831,5.043,30.198,2.385,5.926,36.748,33.054,24.029,24.7,138.1,83.27,17.08,4,-159.26,-166.84,-154.61,-137.12,20.29,47.68,185.83,130.34,211.42,150.74,-24.92,-103.53,Pepper,Clay Loam,0.521,0.239,746.28,9,0.283,2.267.536,21.744
12.335,107.858,6,555.664,3.64,32.424,28.164,5.576,31.513,36.138,32.912,23.24,5.187,85.809,17.53,12,-3.912,-5.257,-5.42,-5.256,2.596,1.916,10.814,2.063,8.295,0.655,-2.407,-4.067,Pepper,Clay Loam,0.405,0.264,26.319,7,0.411,3.087.189,19.628
12.949,107.886,6,251.192,2.122,34.421,2.088,5.76,34.377,31.142,22.179,24.7,138.1,83.27,17.87,4,-159.26,-166.84,-154.61,-137.12,20.29,47.68,185.83,130.34,211.42,150.74,-24.92,-103.53,Pepper,Clay Loam,0.521,0.242,746.28,9,0.283,2.618.012,23.067
12.126,107.978,6,721.962,3.64,35.621,37.173,5.2,34.027,30.352,41.545,22.01,4.8,86.45,16.931,12,-3.64,-4.95,-5.06,-4.94,2.06,2.54,10.12,2.23,7.25,0.26,-2.31,-3.54,Pepper,Clay Loam,0.358,0.27,24.44,7,0.414,3.902.346,17.317
14.403,107.998,6,787.352,12.932,30.53,2.909,5.6,33.531,35.938,38.227,21.74,170.32,87.04,17.318,3,-158.95,-186.38,-169.92,-152.62,-53.36,-34.84,75.1,61.71,223.52,408.66,45.38,-58.32,Pepper,Clay Loam,0.337,0.266,814.39,10,0.502,3.499.412,16.622
12.602,108.273,6,439.498,3.64,32.538,23.112,5.838,37.973,29.489,27.4,23.41,5.24,85.72,16.64,12,-3.95,-5.3,-5.47,-5.3,2.67,1.83,10.91,2.04,8.44,0.71,-2.42,-4.14,Pepper,Clay Loam,0.411,0.241,26.58,7,0.41,2.519.181,20.553
13.46,107.816,6,392.098,3.64,30.08,19.743,5.724,36.357,33.487,29.234,24.436,5.669,84.826,17.637,12,-4.403,-5.618,-5.981,-5.428,2.336,3.302,10.695,2.149,8.882,2.208,-3.116,-4.999,Pepper,Clay Loam,0.465,0.247,29.545,7,0.362,2766.33,21.887
13.58,107.732,6,274.18,3.64,30.38,22.092,5.899,36.079,33.542,26.403,25.996,7.165,82.663,17.67,12,-5.908,-6.803,-6.849,-5.822,3.155,5.57,15.458,4.236,8.984,0.096,-5.489,-6.657,Pepper,Clay Loam,0.583,0.244,37.528,7,0.412,2.386.935,24.214
13.706,108.353,6,369.436,7.595,35.86,2.47,5.956,33.269,30.871,28.492,24.57,141.28,83.7,17.25,4,-159.46,-169.36,-154.13,-136.02,24.8,37.8,167.03,113.53,221.94,194.62,-29.94,-110.79,Pepper,Clay Loam,0.503,0.253,759.7,9,0.292,2.263.361,22.169
13.997,108.086,6,770.364,2.815,30.244,2.207,5.818,35.564,34.192,24.4,23.3,147.86,84.74,16.743,4,-159.46,-175.05,-157.67,-141.05,-0.75,18.07,145.89,104.16,223.27,261.45,-15.89,-102.98,Pepper,Clay Loam,0.437,0.242,752.85,10,0.347,2.684.842,18.293
12.995,108.338,6,752.279,0.85,33.655,2.364,5.6,35.896,30.449,32.975,24.7,138.1,83.27,17.08,4,-159.26,-166.84,-154.61,-137.12,20.29,47.68,185.83,130.34,211.42,150.74,-24.92,-103.53,Pepper,Clay Loam,0.521,0.254,746.28,9,0.283,2955.82,19.81
13.433,108.126,6,192.445,3.64,33.644,22.81,5.891,35.428,30.928,25.517,24.64,4.92,84.79,17.265,12,-3.74,-5.15,-5.62,-5,2.51,2.76,7.89,1.25,8.92,3.13,-2.41,-4.49,Pepper,Clay Loam,0.472,0.244,26.41,9,0.337,2.404.279,23.389
13.208,108.131,6,506.977,3.64,34.955,26.625,5.799,35.224,29.821,29.335,24.753,5.043,84.478,16.785,12,-3.855,-5.193,-5.491,-5.126,2.869,2.035,9.18,1.481,8.904,1.964,-2.392,-4.357,Pepper,Clay Loam,0.485,0.25,26.414,7,0.347,2.603.732,21.458
14.366,107.969,6,524.728,1.632,31.882,2.069,5.7,34.153,33.965,22.606,21.74,170.32,87.04,17.66,3,-158.95,-186.38,-169.92,-152.62,-53.36,-34.84,75.1,61.71,223.52,408.66,45.38,-58.32,Pepper,Clay Loam,0.337,0.243,814.39,10,0.502,3.249.454,18.329
12.425,108.191,6,528.733,3.64,32.615,26.452,5.647,34.762,32.56,31.525,23.41,5.24,85.72,16.64,12,-3.95,-5.3,-5.47,-5.3,2.67,1.83,10.91,2.04,8.44,0.71,-2.42,-4.14,Pepper,Clay Loam,0.411,0.254,26.58,7,0.41,2.933.263,19.973
14.054,108.217,6,672.019,2.969,30.272,2.156,5.7,35.379,34.389,27.504,23.3,147.86,84.74,17.004,4,-159.46,-175.05,-157.67,-141.05,-0.75,18.07,145.89,104.16,223.27,261.45,-15.89,-102.98,Pepper,Clay Loam,0.437,0.247,752.85,10,0.347,2.952.872,18.932
14.36,107.959,6,819.885,12.358,29.805,2.837,5.57,33.257,36.939,38.14,21.74,170.32,87.04,17.346,3,-158.95,-186.38,-169.92,-152.62,-53.36,-34.84,75.1,61.71,223.52,408.66,45.38,-58.32,Pepper,Clay Loam,0.337,0.267,814.39,10,0.502,3.574.399,16.411
14.057,107.865,6,548.503,7.867,29.687,1.97,5.822,35.817,34.457,25.201,23.3,147.86,84.74,17.953,4,-159.46,-175.05,-157.67,-141.05,-0.75,18.07,145.89,104.16,223.27,261.45,-15.89,-102.98,Pepper,Clay Loam,0.437,0.243,752.85,10,0.347,2.675.756,19.735
14.487,107.915,6,687.27,4.915,29.972,2.16,5.79,34.862,35.167,32.447,21.74,170.32,87.04,17.198,3,-158.95,-186.38,-169.92,-152.62,-53.36,-34.84,75.1,61.71,223.52,408.66,45.38,-58.32,Pepper,Clay Loam,0.337,0.255,814.39,10,0.502,3.024.492,17.273
14.789,107.706,6,629.762,7.03,29.033,2.711,5.724,33.69,37.201,27.618,22.544,131.233,84.428,17.66,3,-135.979,-145.158,-130.375,-102.361,-17.048,-6.277,121.213,125.778,157.179,257.861,-47.378,-77.461,Pepper,Clay Loam,0.426,0.251,662.037,10,0.389,2.454.813,18.451
14.714,107.85,6,1.150.309,3.64,31.863,34.511,5.363,35.331,32.806,43.012,22.75,3.9,85.628,16.862,12,-2.832,-4.077,-4.886,-3.675,0.223,1.031,3.772,0.325,6.894,6.386,-0.358,-2.825,Pepper,Clay Loam,0.398,0.269,18.653,9,0.37,3.548.967,15.273
12.679,108.295,6,440.545,3.64,31.268,20.759,5.886,38.609,30.123,22.527,23.41,5.24,85.72,16.64,12,-3.95,-5.3,-5.47,-5.3,2.67,1.83,10.91,2.04,8.44,0.71,-2.42,-4.14,Pepper,Clay Loam,0.411,0.233,26.58,7,0.41,2.415.119,20.546
14.049,108.019,6,761.439,1.512,30.578,1.923,5.707,35.768,33.646,25.124,23.3,147.86,84.74,16.63,4,-159.46,-175.05,-157.67,-141.05,-0.75,18.07,145.89,104.16,223.27,261.45,-15.89,-102.98,Pepper,Clay Loam,0.437,0.243,752.85,10,0.347,2.936.972,18.351
12.581,107.73,6,508.741,5.875,37.557,2.274,5.74,33.436,29.047,34.874,23.73,231.98,84.06,17.87,4,-223.28,-224.48,-213.24,-190.37,2.58,142.09,478.49,339.12,196.45,35.26,-147.65,-194.95,Pepper,Clay Loam,0.468,0.262,1193.97,7,0.401,3.445.432,20.423
11.995,107.744,6,687.005,4.834,33.164,2.693,5.5,35.403,31.467,28.894,24.04,181.62,82.12,18.024,4,-188.5,-190,-176.72,-153.36,10.7,136.2,344.01,256.97,158.52,68.86,-111.48,-155.21,Pepper,Clay Loam,0.535,0.249,975.27,7,0.353,3.466.725,19.574
12.535,108.116,6,435.478,3.64,31.886,20.736,5.762,35.903,32.173,28.313,23.41,5.24,85.72,16.979,12,-3.95,-5.3,-5.47,-5.3,2.67,1.83,10.91,2.04,8.44,0.71,-2.42,-4.14,Pepper,Clay Loam,0.411,0.247,26.58,7,0.41,2.683.947,20.579
13.158,107.833,6,293.73,3.64,36.556,23.317,5.739,32.634,30.863,27.558,25.295,6.621,83.803,17.182,12,-5.258,-6.32,-6.554,-5.912,2.612,4.289,13.829,3.246,9.027,1.177,-4.229,-5.858,Pepper,Clay Loam,0.522,0.254,34.131,7,0.405,2733.81,23.386
13.365,108.222,6,641.101,3.64,35.433,23.583,5.738,35.684,28.922,27.2,24.226,4.926,85.048,16.78,12,-3.713,-5.148,-5.615,-5.084,2.262,2.187,8.148,1.345,8.823,3.185,-2.095,-4.278,Pepper,Clay Loam,0.452,0.246,25.933,9,0.34,2.735.978,20.059
13.713,108.366,6,363.093,7.283,34.342,2.907,5.727,33.963,31.694,30.036,24.57,141.28,83.7,17.25,4,-159.46,-169.36,-154.13,-136.02,24.8,37.8,167.03,113.53,221.94,194.62,-29.94,-110.79,Pepper,Clay Loam,0.503,0.254,759.7,9,0.292,2.759.826,22.21
13.102,108.287,6,789.114,5.751,35.777,2.411,5.8,33.975,30.252,41.436,24.7,138.1,83.27,17.25,4,-159.26,-166.84,-154.61,-137.12,20.29,47.68,185.83,130.34,211.42,150.74,-24.92,-103.53,Pepper,Clay Loam,0.521,0.27,746.28,9,0.283,2533.56,19.571
14.368,108.408,6,1038,3.64,34.079,36.967,5.404,34.496,31.425,52.021,21.85,4.86,88.25,16.21,12,-2.89,-4.84,-6.32,-5.44,-0.87,0.44,3.51,0.03,8.25,9.58,1.25,-2.71,Pepper,Clay Loam,0.308,0.283,23.07,10,0.415,3460.08,15.103
12.114,108.358,6,1.547.923,3.64,36.992,37.764,5.303,32.223,30.687,53.872,22.045,4.798,86.437,16.629,12,-3.636,-4.953,-5.079,-4.942,2.04,2.538,10.027,2.202,7.287,0.386,-2.293,-3.556,Pepper,Clay Loam,0.36,0.291,24.459,7,0.41,3.679.045,11.984
12.661,107.94,6,394.119,0.745,30.204,2.399,5.834,35.644,34.087,25.398,23.35,141.43,84.51,17.87,4,-162.08,-169.35,-158.73,-138.82,7,56.24,226.23,162.74,189.26,115.44,-29.2,-98.71,Pepper,Clay Loam,0.444,0.244,756.89,7,0.299,2.462.091,20.788
12.896,107.685,6,246.719,2.063,32.189,2.369,5.662,36.673,31.1,27.745,25.82,227.9,82.05,17.87,4,-222.95,-224.84,-212.6,-186.27,25.42,125.85,462.77,319.67,217.47,42.22,-150.03,-196.73,Pepper,Clay Loam,0.597,0.244,1193.42,7,0.388,3.685.253,24.216
14.023,107.93,6,636.798,1.443,30.418,2.206,5.8,36.046,33.536,28.12,23.3,147.86,84.74,17.538,4,-159.46,-175.05,-157.67,-141.05,-0.75,18.07,145.89,104.16,223.27,261.45,-15.89,-102.98,Pepper,Clay Loam,0.437,0.246,752.85,10,0.347,2.725.728,19.161
12.461,107.961,6,418.099,1.224,33.379,2.065,5.8,33.582,33.138,25.729,23.35,141.43,84.51,17.87,4,-162.08,-169.35,-158.73,-138.82,7,56.24,226.23,162.74,189.26,115.44,-29.2,-98.71,Pepper,Clay Loam,0.444,0.249,756.89,7,0.299,2.533.884,20.632
11.972,108.172,6,1.008.466,3.64,35.34,41.992,5.307,32.419,32.287,47.729,23.298,4.498,85.09,17.206,12,-3.475,-4.718,-4.846,-4.702,1.891,2.764,8.749,1.955,7.181,0.843,-2.191,-3.452,Pepper,Clay Loam,0.426,0.282,23.384,7,0.374,3.670.373,16.743
11.662,108.207,6,722.979,8.826,33.757,2.935,5.7,35.918,30.264,30.458,23.13,106.55,83.84,18.82,4,-132.23,-138.73,-126.4,-98.9,29.53,75.46,156.75,108.52,121.36,101.45,-24.68,-72.15,Pepper,Clay Loam,0.458,0.25,593.09,7,0.264,2.222.337,18.431
13.139,107.648,6,175.705,0.39,33.524,1.912,5.976,34.271,32.229,21.712,25.82,227.9,82.05,18.14,4,-222.95,-224.84,-212.6,-186.27,25.42,125.85,462.77,319.67,217.47,42.22,-150.03,-196.73,Pepper,Clay Loam,0.597,0.242,1193.42,7,0.388,2.820.403,24.678
13.965,107.994,6,762.252,4.866,27.899,2.041,5.737,36.851,35.168,25.968,23.3,147.86,84.74,17.858,4,-159.46,-175.05,-157.67,-141.05,-0.75,18.07,145.89,104.16,223.27,261.45,-15.89,-102.98,Pepper,Clay Loam,0.437,0.242,752.85,10,0.347,2.868.829,18.345
14.575,108.254,6,1.035.745,3.64,35.026,37.891,5.5,34.513,30.461,47.167,21.87,5.365,88.312,16.503,12,-2.743,-4.837,-6.647,-5.778,-1.603,-0.338,2.388,-0.689,8.084,11.629,2.572,-2.053,Pepper,Clay Loam,0.307,0.277,24.688,10,0.471,3.251.955,15.138
13.44,107.943,6,206,3.64,32.56,17.72,5.804,36.14,31.3,24.391,24.645,4.925,84.777,17.67,12,-3.745,-5.152,-5.614,-5.006,2.526,2.727,7.947,1.26,8.92,3.078,-2.409,-4.484,Pepper,Clay Loam,0.472,0.241,26.41,9,0.337,2.592.892,23.306
14.371,107.809,6,516.656,4.186,29.716,2.049,5.802,35.842,34.442,23.547,23.36,139.49,84.71,17.66,3,-150.13,-154.94,-139.28,-111.93,18.2,34.11,207.98,194.59,162.57,151.62,-93.27,-119.51,Pepper,Clay Loam,0.439,0.241,769.06,7,0.27,2.378.485,20.002
13.578,108.219,6,286.524,3.64,36.848,23.624,5.92,32.32,30.832,27.287,24.64,4.92,84.79,16.78,12,-3.74,-5.15,-5.62,-5,2.51,2.76,7.89,1.25,8.92,3.13,-2.41,-4.49,Pepper,Clay Loam,0.472,0.254,26.41,9,0.337,2.341.408,22.778
13.793,108.293,6,128.174,3.64,34.914,22.284,5.604,35.19,29.995,30.255,23.389,4.765,85.937,16.787,12,-3.513,-5.097,-5.832,-5.023,1.281,2.484,6.574,1.169,8.683,5.127,-1.662,-4.182,Pepper,Clay Loam,0.404,0.251,25.309,9,0.343,3.026.486,22.556
14.627,107.928,6,794.065,2.844,32.981,2.664,5.665,33.695,33.359,34.133,21.74,170.32,87.04,17.297,3,-158.95,-186.38,-169.92,-152.62,-53.36,-34.84,75.1,61.71,223.52,408.66,45.38,-58.32,Pepper,Clay Loam,0.337,0.26,814.39,10,0.502,3.336.939,16.579
13.667,107.698,6,258.326,5.921,30.964,1.943,5.959,36.547,32.5,26.004,25.96,199.04,81.8,18.14,3,-202.41,-205.29,-190.82,-159.08,55.01,90.16,368.73,274.99,223.54,69.09,-144.32,-179.6,Pepper,Clay Loam,0.61,0.242,1081.52,7,0.341,2.640.059,24.281
12.593,108.166,6,560,4.006,31.579,2.451,5.6,35.648,32.773,31.235,23.35,141.43,84.51,17.08,4,-162.08,-169.35,-158.73,-138.82,7,56.24,226.23,162.74,189.26,115.44,-29.2,-98.71,Pepper,Clay Loam,0.444,0.252,756.89,7,0.299,2.956.198,19.71
13.952,107.697,6,308.386,10.09,29.405,2.171,5.8,37.315,33.28,24.769,25.25,174.14,81.48,18.14,3,-179.93,-183.32,-167.16,-135.46,50.28,69.26,300.26,253.27,195.98,90.33,-133.36,-160.15,Pepper,Clay Loam,0.595,0.239,959.38,7,0.313,2747.22,23.245
12.688,108.251,6,529.362,0.968,29.625,2.318,5.7,37.092,33.283,25.876,23.35,141.43,84.51,17.08,4,-162.08,-169.35,-158.73,-138.82,7,56.24,226.23,162.74,189.26,115.44,-29.2,-98.71,Pepper,Clay Loam,0.444,0.241,756.89,7,0.299,2.745.041,19.909
13.945,108.148,6,679.459,0.647,32.477,2.412,5.78,34.908,32.521,25.002,23.3,147.86,84.74,17.308,4,-159.46,-175.05,-157.67,-141.05,-0.75,18.07,145.89,104.16,223.27,261.45,-15.89,-102.98,Pepper,Clay Loam,0.437,0.245,752.85,10,0.347,2.771.157,18.884
13.958,108.053,6,771.297,3.365,28.053,2.329,5.865,35.984,35.964,24.4,23.3,147.86,84.74,17.032,4,-159.46,-175.05,-157.67,-141.05,-0.75,18.07,145.89,104.16,223.27,261.45,-15.89,-102.98,Pepper,Clay Loam,0.437,0.241,752.85,10,0.347,2.578.084,18.287
13.982,108.196,6,732.391,2.129,32.657,1.94,5.541,35.604,31.739,25.503,23.3,147.86,84.74,17.187,4,-159.46,-175.05,-157.67,-141.05,-0.75,18.07,145.89,104.16,223.27,261.45,-15.89,-102.98,Pepper,Clay Loam,0.437,0.244,752.85,10,0.347,3.314.031,18.539
13.696,107.985,6,651.429,3.64,32.963,21.614,5.749,34.994,32.043,30.242,24.123,4.525,85.063,16.936,12,-3.622,-4.748,-5.062,-4.178,2.146,2.302,7.97,1.698,7.72,2.393,-2.438,-4.146,Pepper,Clay Loam,0.449,0.252,24.194,7,0.329,2712.13,19.889
14.025,108.161,6,739.175,1.834,33.73,1.944,5.774,36.911,29.359,26.805,23.3,147.86,84.74,16.894,4,-159.46,-175.05,-157.67,-141.05,-0.75,18.07,145.89,104.16,223.27,261.45,-15.89,-102.98,Pepper,Clay Loam,0.437,0.243,752.85,10,0.347,2.784.785,18.495
13.891,108.121,6,625.43,3.046,32.79,2.027,5.672,36.327,30.955,26.53,23.3,147.86,84.74,17.367,4,-159.46,-175.05,-157.67,-141.05,-0.75,18.07,145.89,104.16,223.27,261.45,-15.89,-102.98,Pepper,Clay Loam,0.437,0.244,752.85,10,0.347,3.016.472,19.235
13.37,107.938,6,206.922,3.64,33.215,19.106,5.861,35.916,30.87,24.707,24.674,4.957,84.698,17.67,12,-3.774,-5.162,-5.58,-5.04,2.621,2.533,8.283,1.318,8.917,2.774,-2.401,-4.447,Pepper,Clay Loam,0.475,0.242,26.404,9,0.337,2.469.318,23.329
12.052,107.979,6,546.591,3.64,32.62,30.997,5.459,34.342,32.958,33.276,22.01,4.8,86.45,17.53,12,-3.64,-4.95,-5.06,-4.94,2.06,2.54,10.12,2.23,7.25,0.26,-2.31,-3.54,Pepper,Clay Loam,0.358,0.258,24.44,7,0.414,3.340.842,18.457
12.562,108.088,6,592.659,8.34,34.079,2.467,5.5,33.26,32.615,36.459,23.35,141.43,84.51,17.08,4,-162.08,-169.35,-158.73,-138.82,7,56.24,226.23,162.74,189.26,115.44,-29.2,-98.71,Pepper,Clay Loam,0.444,0.265,756.89,7,0.299,3.167.355,19.498
13.492,108.443,6,168.424,3.64,31.093,19.209,6.1,37.52,31.387,28.295,24.619,4.41,85.906,16.78,12,-2.914,-4.53,-5.462,-5.014,1.27,0.804,5.156,-0.403,7.742,5.795,0.82,-3.243,Pepper,Clay Loam,0.436,0.243,21.566,9,0.359,1.951.173,23.524
13.493,107.8,6,220.831,2.89,31.999,2.013,5.778,37.421,30.542,23.273,25.96,199.04,81.8,18.14,3,-202.41,-205.29,-190.82,-159.08,55.01,90.16,368.73,274.99,223.54,69.09,-144.32,-179.6,Pepper,Clay Loam,0.61,0.237,1081.52,7,0.341,3099.09,24.525
11.94,107.819,6,633.135,3.64,34.835,36.162,5.53,31.903,33.334,36.061,22.6,5.18,85.417,17.7,12,-4.088,-5.174,-5.259,-5.107,1.762,3.048,11.275,2.573,7.295,0.393,-2.727,-3.977,Pepper,Clay Loam,0.4,0.267,26.332,7,0.428,3.186.916,18.485
13.585,108.15,6,264.817,10.537,35.346,2.519,5.891,35.536,29.118,31.036,24.57,141.28,83.7,17.493,4,-159.46,-169.36,-154.13,-136.02,24.8,37.8,167.03,113.53,221.94,194.62,-29.94,-110.79,Pepper,Clay Loam,0.503,0.252,759.7,9,0.292,2.404.279,22.849
12.499,108.118,6,610.654,3.64,31.062,29.28,5.689,36.617,32.38,32.011,23.143,4.899,85.639,17.162,12,-3.727,-5.049,-5.238,-5.019,2.395,2.325,9.727,1.916,7.936,0.967,-2.339,-3.875,Pepper,Clay Loam,0.407,0.251,25.247,7,0.385,2.842.209,19.174
14.256,107.644,6,828.828,5.526,28.958,2.592,5.588,35.371,35.758,29.651,23.188,138.471,84.799,17.686,3.122,-150.42,-155.547,-140.431,-113.53,17.222,37.695,209.633,190.181,161.664,144.643,-85.575,-115.529,Pepper,Clay Loam,0.432,0.25,761.032,7,0.275,2801.85,17.801
12.615,107.86,6,357.543,0.092,31.417,1.986,5.8,37.228,31.273,21.659,23.35,141.43,84.51,17.87,4,-162.08,-169.35,-158.73,-138.82,7,56.24,226.23,162.74,189.26,115.44,-29.2,-98.71,Pepper,Clay Loam,0.444,0.235,756.89,7,0.299,2.533.884,21.026
14.341,107.908,6,528.362,1.767,31.881,2.01,5.836,34.832,33.287,22.417,21.74,170.32,87.04,17.66,3,-158.95,-186.38,-169.92,-152.62,-53.36,-34.84,75.1,61.71,223.52,408.66,45.38,-58.32,Pepper,Clay Loam,0.337,0.241,814.39,10,0.502,2.909.511,18.306
14.056,108.254,6,727.726,0.853,30.681,1.996,5.864,33.189,36.13,27.318,23.3,147.86,84.74,16.817,4,-159.46,-175.05,-157.67,-141.05,-0.75,18.07,145.89,104.16,223.27,261.45,-15.89,-102.98,Pepper,Clay Loam,0.437,0.252,752.85,10,0.347,2.580.356,18.57
13.569,108.321,6,235.475,4.775,35.21,2.292,5.947,34.242,30.495,29.23,24.57,141.28,83.7,17.25,4,-159.46,-169.36,-154.13,-136.02,24.8,37.8,167.03,113.53,221.94,194.62,-29.94,-110.79,Pepper,Clay Loam,0.503,0.252,759.7,9,0.292,2.282.872,23.039
12.256,107.747,6,790.709,3.64,33.973,33.04,5.387,33.509,32.518,40.105,23.87,7.508,84.32,17.53,12,-6.149,-6.718,-6.738,-6.43,1.556,4.833,18.09,4.567,8.367,-0.319,-4.914,-6.179,Pepper,Clay Loam,0.464,0.269,37.447,7,0.484,3.496.936,18.73
13.504,108.158,6,352.611,5.311,32.857,2.47,5.689,36.343,30.8,31.614,24.57,141.28,83.7,17.25,4,-159.46,-169.36,-154.13,-136.02,24.8,37.8,167.03,113.53,221.94,194.62,-29.94,-110.79,Pepper,Clay Loam,0.503,0.251,759.7,9,0.292,2.842.209,22.278
14.436,107.902,6,633.462,11.769,29.252,2.253,5.743,36.118,34.63,32.558,21.74,170.32,87.04,17.66,3,-158.95,-186.38,-169.92,-152.62,-53.36,-34.84,75.1,61.71,223.52,408.66,45.38,-58.32,Pepper,Clay Loam,0.337,0.253,814.39,10,0.502,3.141.972,17.622
14.923,107.99,6,1.831.556,3.64,30.137,69.961,5.4,35.999,33.864,63.854,21.902,6.191,88.414,16.983,12,-2.503,-4.833,-7.182,-6.332,-2.803,-1.612,0.551,-1.866,7.811,14.985,4.737,-0.978,Pepper,Clay Loam,0.305,0.297,28.109,10,0.534,3.468.752,9.997
14.118,108.067,6,759.111,2.254,35.315,2.26,5.7,34.3,30.385,32.7,23.3,147.86,84.74,16.668,4,-159.46,-175.05,-157.67,-141.05,-0.75,18.07,145.89,104.16,223.27,261.45,-15.89,-102.98,Pepper,Clay Loam,0.437,0.257,752.85,10,0.347,2.952.872,18.366
13.189,107.914,6,205.484,3.64,33.456,22.676,5.797,35.915,30.629,26.627,24.693,4.978,84.645,17.67,12,-3.793,-5.169,-5.557,-5.063,2.684,2.402,8.509,1.356,8.915,2.569,-2.395,-4.422,Pepper,Clay Loam,0.478,0.245,26.399,9,0.337,2.608.068,23.357
13.463,108.207,6,343.522,2.312,34.534,2.407,5.619,34.666,30.8,33.012,24.57,141.28,83.7,17.25,4,-159.46,-169.36,-154.13,-136.02,24.8,37.8,167.03,113.53,221.94,194.62,-29.94,-110.79,Pepper,Clay Loam,0.503,0.256,759.7,9,0.292,2.993.967,22.337
12.546,108.184,6,440.148,1.39,33.875,2.504,5.79,36.586,29.539,30.49,23.35,141.43,84.51,17.08,4,-162.08,-169.35,-158.73,-138.82,7,56.24,226.23,162.74,189.26,115.44,-29.2,-98.71,Pepper,Clay Loam,0.444,0.249,756.89,7,0.299,2555,20.489
13.613,108.288,6,215,3.533,37.144,2.558,6.083,33.152,29.609,24.991,24.57,141.28,83.7,17.289,4,-159.46,-169.36,-154.13,-136.02,24.8,37.8,167.03,113.53,221.94,194.62,-29.94,-110.79,Pepper,Clay Loam,0.503,0.249,759.7,9,0.292,1.988.028,23.172
12.807,108.231,6,528.935,4.56,32.224,2.11,5.79,37.083,30.656,28.842,24.7,138.1,83.27,17.08,4,-159.26,-166.84,-154.61,-137.12,20.29,47.68,185.83,130.34,211.42,150.74,-24.92,-103.53,Pepper,Clay Loam,0.521,0.245,746.28,9,0.283,2.554.673,21.262
12.509,108.232,6,518.049,3.64,35.297,29.992,5.895,34.48,30.224,32.518,23.408,5.216,85.732,16.69,12,-3.928,-5.289,-5.487,-5.286,2.602,1.861,10.695,1.996,8.452,0.927,-2.382,-4.141,Pepper,Clay Loam,0.411,0.256,26.513,7,0.403,2.395.607,20.041
14.562,108.42,6,1.252.594,3.64,35.024,41.506,5.44,34.056,30.96,53.856,21.85,4.86,88.25,16.21,12,-2.89,-4.84,-6.32,-5.44,-0.87,0.44,3.51,0.03,8.25,9.58,1.25,-2.71,Pepper,Clay Loam,0.308,0.287,23.07,10,0.415,3.382.033,13.708
11.785,108.226,6,847.011,0.98,33.445,2.771,5.6,35.972,30.583,27.589,21.95,131.13,85.44,18.82,4,-152.51,-159.92,-148.72,-125.06,10.18,63.52,221.54,158.42,155.14,94.38,-30.14,-86.85,Pepper,Clay Loam,0.384,0.246,703.2,7,0.315,2.767.282,16.444
14.74,107.678,6,705.684,10.815,30.365,2.428,5.712,34.957,34.678,30.907,23.236,138.236,84.667,17.66,3,-147.981,-153.454,-137.928,-110.477,12.847,27.976,194.803,184.14,161.751,167.755,-86.3,-113.124,Pepper,Clay Loam,0.437,0.253,749.264,7,0.26,2.545.131,18.649
13.19,108.167,6,548.86,3.64,30.816,24.446,5.777,36.125,33.037,28.461,24.435,4.972,84.825,16.78,12,-3.768,-5.165,-5.565,-5.103,2.505,2.12,8.556,1.395,8.858,2.7,-2.209,-4.307,Pepper,Clay Loam,0.465,0.247,26.117,9,0.339,2.651.427,20.867
13.004,108.183,6,592.181,9.908,33.818,2.547,5.7,34.618,31.564,32.467,24.7,138.1,83.27,17.214,4,-159.26,-166.84,-154.61,-137.12,20.29,47.68,185.83,130.34,211.42,150.74,-24.92,-103.53,Pepper,Clay Loam,0.521,0.256,746.28,9,0.283,2744.69,20.851
11.946,107.833,6,937.835,3.64,33.006,35.945,5.1,33.188,33.805,35.012,23.744,5.249,83.483,18.028,12,-4.38,-5.145,-5.192,-5.005,1.088,4.038,11.338,2.833,6.893,0.819,-3.084,-4.212,Pepper,Clay Loam,0.485,0.263,27.018,7,0.42,4.119.143,17.648
13.589,107.679,6,237.479,6.657,31.197,2.32,5.723,34.393,34.45,28.122,25.96,199.04,81.8,18.14,3,-202.41,-205.29,-190.82,-159.08,55.01,90.16,368.73,274.99,223.54,69.09,-144.32,-179.6,Pepper,Clay Loam,0.61,0.25,1081.52,7,0.341,3.238.574,24.416
12.095,107.927,6,550.281,3.64,32.652,31.159,5.684,33.284,34.08,34.16,22.234,4.87,86.333,17.53,12,-3.69,-5.006,-5.126,-4.998,2.158,2.426,10.247,2.2,7.441,0.332,-2.328,-3.636,Pepper,Clay Loam,0.367,0.261,24.784,7,0.413,2.853.049,18.657
13.032,108.107,6,463.8,3.64,31.19,22.77,5.9,35.67,33.22,26.29,24.616,5.06,84.613,16.766,12,-3.86,-5.201,-5.488,-5.147,2.85,2.001,9.344,1.527,8.863,1.844,-2.384,-4.329,Pepper,Clay Loam,0.476,0.245,26.409,7,0.354,2.384.767,21.601
13.011,108.106,6,533.775,4.785,29.793,2.719,5.765,35.536,34.671,29.787,24.7,138.1,83.27,17.25,4,-159.26,-166.84,-154.61,-137.12,20.29,47.68,185.83,130.34,211.42,150.74,-24.92,-103.53,Pepper,Clay Loam,0.521,0.25,746.28,9,0.283,2.607.456,21.23
13.904,107.754,6,831.974,4.086,30.316,2.515,5.624,34.871,34.889,28.724,23.026,137.51,84.883,17.935,3.237,-150.694,-156.12,-141.516,-115.04,16.3,41.076,211.192,186.022,160.81,138.062,-78.316,-111.774,Pepper,Clay Loam,0.425,0.25,753.46,7,0.28,2729.03,17.618
13.654,107.905,6,400.292,6.477,29.885,1.915,5.778,36.719,33.395,24.783,24.57,141.28,83.7,18.14,4,-159.46,-169.36,-154.13,-136.02,24.8,37.8,167.03,113.53,221.94,194.62,-29.94,-110.79,Pepper,Clay Loam,0.503,0.24,759.7,9,0.292,2.649.259,21.968
13.65,108.104,6,662.275,3.64,31.98,26.637,5.8,35.14,32.879,31.413,24.099,4.589,84.748,16.909,12,-3.463,-4.72,-5.171,-4.512,1.971,1.514,7.244,1.022,8.064,3.383,-1.616,-3.712,Pepper,Clay Loam,0.458,0.253,23.194,9,0.348,2.601.564,19.794
11.652,108.333,6,918.129,12.586,36.092,3.163,5.535,36.787,27.121,28.479,23.13,106.55,83.84,18.82,4,-132.23,-138.73,-126.4,-98.9,29.53,75.46,156.75,108.52,121.36,101.45,-24.68,-72.15,Pepper,Clay Loam,0.458,0.245,593.09,7,0.264,2.504.403,17.162
14.328,107.871,6,591.881,3.64,31.424,20.858,5.842,35.036,33.541,26.125,22.778,4.353,86.763,17.25,12,-3.172,-4.517,-5.335,-4.132,0.427,1.685,5.348,1.131,7.218,5.696,-0.911,-3.413,Pepper,Clay Loam,0.367,0.246,21.48,9,0.336,2.510.509,18.931
14.524,107.874,6,654,3.64,31.469,21.998,5.734,34.231,34.299,28.899,23.43,4.233,85.766,16.904,12,-3.417,-4.546,-5.012,-3.782,1.343,2.553,6.627,1.674,7.198,3.615,-2.211,-4.006,Pepper,Clay Loam,0.41,0.252,22.974,9,0.313,2744.65,19.179
14.55,107.862,6,1.027.898,3.64,33.096,41.971,5.49,34.399,32.505,44.841,22.042,6.383,88.095,17.293,12,-2.436,-4.771,-7.176,-6.405,-3.023,-1.756,0.23,-2.1,7.509,15.332,5.182,-0.616,Pepper,Clay Loam,0.316,0.274,28.283,10,0.543,3.273.635,15.361
14.149,107.715,6,640.78,10.118,27.427,3.619,5.5,39.322,33.251,44.641,25.25,174.14,81.48,17.66,3,-179.93,-183.32,-167.16,-135.46,50.28,69.26,300.26,253.27,195.98,90.33,-133.36,-160.15,Pepper,Clay Loam,0.595,0.262,959.38,7,0.313,3.434.025,21.085
12.856,107.655,6,234.066,3.64,33.807,24.114,5.655,35.016,31.232,29.881,25.86,8.09,82.95,17.53,12,-6.57,-7.33,-7.36,-6.7,2.7,5.61,18.96,4.97,9.12,-0.51,-5.8,-7.04,Pepper,Clay Loam,0.568,0.251,41.31,7,0.458,2915.92,24.339
13.208,107.689,6,167.587,0.657,34.497,2.238,6.059,31.944,33.5,23.455,25.82,227.9,82.05,18.14,4,-222.95,-224.84,-212.6,-186.27,25.42,125.85,462.77,319.67,217.47,42.22,-150.03,-196.73,Pepper,Clay Loam,0.597,0.249,1193.42,7,0.388,2.591.796,24.731
12.097,107.993,6,721.008,3.64,36.146,37.332,5.2,33.868,29.986,40.988,22.01,4.8,86.45,16.79,12,-3.64,-4.95,-5.06,-4.94,2.06,2.54,10.12,2.23,7.25,0.26,-2.31,-3.54,Pepper,Clay Loam,0.358,0.269,24.44,7,0.414,3.902.346,17.323
11.836,108.155,6,824.319,4.211,33.963,2.809,5.674,32.884,33.126,31.247,21.95,131.13,85.44,18.631,4,-152.51,-159.92,-148.72,-125.06,10.18,63.52,221.54,158.42,155.14,94.38,-30.14,-86.85,Pepper,Clay Loam,0.384,0.258,703.2,7,0.315,2.621.011,16.592
14.2,107.725,6,627.686,3.64,29.847,30.86,5.614,34.112,36.055,38.153,23.261,4.093,85.777,17.312,12,-3.416,-4.372,-4.672,-3.413,1.473,2.592,7.169,1.98,6.568,2.486,-2.474,-3.876,Pepper,Clay Loam,0.406,0.265,22.223,7,0.322,3.004.806,19.181
14.717,108.144,6,1.185.966,3.64,32.958,42.148,5.422,34.942,32.1,48.278,21.965,4.544,87.639,16.435,12,-2.792,-4.545,-5.889,-4.885,-0.768,0.384,3.217,-0.011,7.725,9.045,1.066,-2.563,Pepper,Clay Loam,0.326,0.277,21.453,10,0.422,3.421.057,14.256
14.632,107.713,6,748.264,13.966,32.074,2.577,5.6,33.849,34.168,30.781,23.36,139.49,84.71,17.66,3,-150.13,-154.94,-139.28,-111.93,18.2,34.11,207.98,194.59,162.57,151.62,-93.27,-119.51,Pepper,Clay Loam,0.439,0.255,769.06,7,0.27,2.779.532,18.496
13.105,108.197,6,672.953,11.16,34.788,2.53,5.698,35.726,29.486,27.135,24.7,138.1,83.27,17.246,4,-159.26,-166.84,-154.61,-137.12,20.29,47.68,185.83,130.34,211.42,150.74,-24.92,-103.53,Pepper,Clay Loam,0.521,0.246,746.28,9,0.283,2.748.913,20.326
13.332,107.598,6,180.926,3.64,32.564,18.381,5.828,32.933,34.567,26.157,25.921,7.675,82.821,17.67,12,-6.273,-7.094,-7.131,-6.306,2.904,5.592,17.388,4.641,9.059,-0.238,-5.66,-6.868,Pepper,Clay Loam,0.575,0.251,39.57,7,0.439,2.540.861,24.745
12.911,107.944,6,321.823,5.115,32.736,2.363,5.939,36.1,31.164,26.129,24.7,138.1,83.27,17.87,4,-159.26,-166.84,-154.61,-137.12,20.29,47.68,185.83,130.34,211.42,150.74,-24.92,-103.53,Pepper,Clay Loam,0.521,0.244,746.28,9,0.283,2.240.089,22.608
12.829,108.034,6,409,1.639,32.673,2.152,5.655,35.38,31.956,26.032,24.7,138.1,83.27,17.08,4,-159.26,-166.84,-154.61,-137.12,20.29,47.68,185.83,130.34,211.42,150.74,-24.92,-103.53,Pepper,Clay Loam,0.521,0.245,746.28,9,0.283,2.839.698,22.042
13.999,108.215,6,739.912,1.818,34.129,1.968,5.73,36.384,29.487,26.298,23.3,147.86,84.74,16.774,4,-159.46,-175.05,-157.67,-141.05,-0.75,18.07,145.89,104.16,223.27,261.45,-15.89,-102.98,Pepper,Clay Loam,0.437,0.243,752.85,10,0.347,2.884.729,18.491
13.567,107.627,6,276.582,8.533,30.465,2.556,5.756,34.235,35.3,31.32,25.96,199.04,81.8,18.14,3,-202.41,-205.29,-190.82,-159.08,55.01,90.16,368.73,274.99,223.54,69.09,-144.32,-179.6,Pepper,Clay Loam,0.61,0.255,1081.52,7,0.341,3.154.884,24.162
14.705,107.695,6,857.567,3.64,29.063,31.632,5.641,35.173,35.764,32.271,22.835,5.063,86.805,17.25,12,-2.97,-4.503,-5.774,-4.577,-0.587,0.605,3.792,0.131,6.947,8.521,0.923,-2.49,Pepper,Clay Loam,0.367,0.254,20.901,10,0.407,2.946.271,17.261
14.446,107.717,6,549.78,10.066,28.607,2.86,5.651,37.092,34.301,36.466,23.36,139.49,84.71,17.66,3,-150.13,-154.94,-139.28,-111.93,18.2,34.11,207.98,194.59,162.57,151.62,-93.27,-119.51,Pepper,Clay Loam,0.439,0.256,769.06,7,0.27,2.678.278,19.786
12.93,107.909,6,259.756,0.745,33.639,2.155,5.898,35.393,30.968,24.932,24.7,138.1,83.27,17.873,4,-159.26,-166.84,-154.61,-137.12,20.29,47.68,185.83,130.34,211.42,150.74,-24.92,-103.53,Pepper,Clay Loam,0.521,0.244,746.28,9,0.283,2.326.653,23.012
14.037,107.828,6,570.955,3.64,32.523,22.278,5.686,35.854,31.536,25.128,23.262,4.092,85.776,17.167,12,-3.415,-4.371,-4.671,-3.411,1.473,2.592,7.167,1.98,6.568,2.488,-2.474,-3.877,Pepper,Clay Loam,0.406,0.243,22.219,7,0.322,2.848.713,19.551
14.585,108.241,6,1.035.561,3.64,34.955,38.029,5.5,34.522,30.523,47.107,21.871,5.406,88.317,16.527,12,-2.731,-4.837,-6.674,-5.806,-1.663,-0.401,2.297,-0.747,8.07,11.796,2.68,-2,Pepper,Clay Loam,0.306,0.277,24.859,10,0.475,3.251.955,15.14
12.237,107.718,6,861.361,3.64,32.043,27.528,5.381,34.33,33.628,30.702,23.064,6.748,85.551,17.53,12,-5.362,-6.243,-6.299,-6.048,1.893,4.029,15.821,3.898,8.149,-0.342,-4.139,-5.381,Pepper,Clay Loam,0.408,0.254,33.814,7,0.468,3.509.943,17.465
14.57,108.005,6,697.992,6.455,32.043,2.922,5.643,34.185,33.829,37.204,21.74,170.32,87.04,17.071,3,-158.95,-186.38,-169.92,-152.62,-53.36,-34.84,75.1,61.71,223.52,408.66,45.38,-58.32,Pepper,Clay Loam,0.337,0.263,814.39,10,0.502,3391.93,17.203
14.606,107.706,6,648.518,11.084,30.062,2.239,5.728,33.976,35.933,24.879,23.36,139.49,84.71,17.66,3,-150.13,-154.94,-139.28,-111.93,18.2,34.11,207.98,194.59,162.57,151.62,-93.27,-119.51,Pepper,Clay Loam,0.439,0.247,769.06,7,0.27,2.525.403,19.145
13.121,108.133,6,514.229,4.159,32.439,2.943,5.731,34.831,32.73,31.5,24.7,138.1,83.27,17.25,4,-159.26,-166.84,-154.61,-137.12,20.29,47.68,185.83,130.34,211.42,150.74,-24.92,-103.53,Pepper,Clay Loam,0.521,0.254,746.28,9,0.283,2679.24,21.358
12.958,108.305,6,731.061,2.079,31.715,1.98,5.701,36.191,32.094,27.617,24.7,138.1,83.27,17.081,4,-159.26,-166.84,-154.61,-137.12,20.29,47.68,185.83,130.34,211.42,150.74,-24.92,-103.53,Pepper,Clay Loam,0.521,0.245,746.28,9,0.283,2.742.579,19.948
13.908,107.946,6,664.642,12.931,27.354,2.572,5.7,39.074,33.585,37.969,23.3,147.86,84.74,17.946,4,-159.46,-175.05,-157.67,-141.05,-0.75,18.07,145.89,104.16,223.27,261.45,-15.89,-102.98,Pepper,Clay Loam,0.437,0.253,752.85,10,0.347,2.952.872,18.98
12.903,108.026,6,362.208,3.64,30.493,26.485,5.721,36.658,32.848,26.479,24.735,4.95,84.69,17.452,12,-3.714,-5.092,-5.48,-5.119,2.645,1.801,8.623,1.197,8.733,2.494,-1.895,-4.176,Pepper,Clay Loam,0.477,0.243,25.476,9,0.343,2.772.834,22.381
11.794,108.221,6,876.393,2.628,34.952,2.613,5.672,32.999,32.049,30.84,21.95,131.13,85.44,18.82,4,-152.51,-159.92,-148.72,-125.06,10.18,63.52,221.54,158.42,155.14,94.38,-30.14,-86.85,Pepper,Clay Loam,0.384,0.257,703.2,7,0.315,2.624.965,16.253
12.168,108.125,6,564.903,4.768,34.412,2.931,5.6,33.336,32.21,30.854,21.95,131.13,85.44,17.08,4,-152.51,-159.92,-148.72,-125.06,10.18,63.52,221.54,158.42,155.14,94.38,-30.14,-86.85,Pepper,Clay Loam,0.384,0.257,703.2,7,0.315,2.767.282,18.278
14.635,107.956,6,792.467,10.561,33.407,2.909,5.555,33.166,33.427,37.018,21.74,170.32,87.04,17.66,3,-158.95,-186.38,-169.92,-152.62,-53.36,-34.84,75.1,61.71,223.52,408.66,45.38,-58.32,Pepper,Clay Loam,0.337,0.266,814.39,10,0.502,3.611.893,16.589
13.179,107.621,6,169.318,3.64,35.154,21.505,5.984,31.946,32.808,22.891,25.86,8.09,82.95,17.67,12,-6.57,-7.33,-7.36,-6.7,2.7,5.61,18.96,4.97,9.12,-0.51,-5.8,-7.04,Pepper,Clay Loam,0.568,0.249,41.31,7,0.458,2.202.658,24.759
12.409,107.928,6,424.486,3.64,34.512,27.22,5.626,31.323,34.257,28.815,23.525,5.223,85.615,17.466,12,-3.941,-5.291,-5.472,-5.285,2.687,1.846,10.761,1.991,8.48,0.818,-2.417,-4.158,Pepper,Clay Loam,0.417,0.258,26.564,7,0.405,2.978.791,20.766
13.881,107.969,6,685.894,3.3,29.512,2.286,5.511,33.695,36.804,30.242,23.3,147.86,84.74,17.98,4,-159.46,-175.05,-157.67,-141.05,-0.75,18.07,145.89,104.16,223.27,261.45,-15.89,-102.98,Pepper,Clay Loam,0.437,0.255,752.85,10,0.347,3.382.174,18.842
14.46,107.925,6,591.111,1.751,29.48,2.023,5.819,36.742,33.778,25.165,21.74,170.32,87.04,17.66,3,-158.95,-186.38,-169.92,-152.62,-53.36,-34.84,75.1,61.71,223.52,408.66,45.38,-58.32,Pepper,Clay Loam,0.337,0.241,814.39,10,0.502,2.952.004,17.898
12.635,108.225,6,750.97,3.64,36.721,25.872,5.735,34.008,29.271,34.735,24.249,4.655,84.506,17.436,12,-3.595,-4.873,-5.105,-4.823,2.333,2.524,8.423,1.603,7.995,1.643,-2.254,-3.865,Pepper,Clay Loam,0.469,0.26,24.515,7,0.344,2.742.482,19.368
12.588,108.314,6,437.773,1.905,32.167,1.924,5.932,38.651,29.183,21.148,23.35,141.43,84.51,17.08,4,-162.08,-169.35,-158.73,-138.82,7,56.24,226.23,162.74,189.26,115.44,-29.2,-98.71,Pepper,Clay Loam,0.444,0.231,756.89,7,0.299,2.255.157,20.504
11.71,108.062,6,718.58,11.545,33.365,3.334,5.5,33.487,33.148,41.123,23.13,106.55,83.84,18.82,4,-132.23,-138.73,-126.4,-98.9,29.53,75.46,156.75,108.52,121.36,101.45,-24.68,-72.15,Pepper,Clay Loam,0.458,0.271,593.09,7,0.264,2.564.235,18.459
12.113,108.271,6,1.433.318,3.64,35.472,36.626,5.4,33.165,31.362,47.889,21.999,4.804,86.575,18.629,12,-3.588,-4.942,-5.147,-4.975,1.857,2.394,9.661,2.077,7.319,0.907,-2.063,-3.482,Pepper,Clay Loam,0.355,0.281,24.197,7,0.399,3.468.752,12.682
13.25,107.884,6,359.595,3.64,29.371,24.195,5.7,36.989,33.64,26.337,25.366,5.949,83.576,17.597,12,-4.759,-5.902,-6.082,-5.356,3.062,3.723,11.767,2.711,8.929,1.143,-3.837,-5.413,Pepper,Clay Loam,0.532,0.242,31.349,7,0.376,2.818.361,23.029
13.006,108.111,6,546.513,6.12,28.635,2.444,5.714,36.788,34.577,28.009,24.7,138.1,83.27,17.239,4,-159.26,-166.84,-154.61,-137.12,20.29,47.68,185.83,130.34,211.42,150.74,-24.92,-103.53,Pepper,Clay Loam,0.521,0.245,746.28,9,0.283,2.715.132,21.148
12.719,107.897,6,795.804,3.64,32.68,30.699,5.44,32.82,34.5,35.259,22.084,4.52,86.246,17.474,12,-3.4,-4.657,-4.914,-4.529,1.569,2.069,8.531,1.753,6.967,1.628,-1.769,-3.239,Pepper,Clay Loam,0.366,0.264,22.508,7,0.379,3.382.033,16.911
13.562,107.609,6,263.456,10.653,28.421,2.658,5.6,38.268,33.388,31.756,25.96,199.04,81.8,18.14,3,-202.41,-205.29,-190.82,-159.08,55.01,90.16,368.73,274.99,223.54,69.09,-144.32,-179.6,Pepper,Clay Loam,0.61,0.246,1081.52,7,0.341,3.550.512,24.248
13.888,107.719,6,427.56,4.422,27.992,1.982,5.9,37.026,34.982,26.918,25.25,174.14,81.48,18.14,3,-179.93,-183.32,-167.16,-135.46,50.28,69.26,300.26,253.27,195.98,90.33,-133.36,-160.15,Pepper,Clay Loam,0.595,0.243,959.38,7,0.313,2.518.285,22.471
14.633,107.771,6,683.681,3.64,31.872,25.444,5.7,33.712,34.504,31.028,23.449,4.071,85.705,17.3,12,-3.393,-4.376,-4.755,-3.391,1.367,2.583,6.674,1.844,6.726,3.119,-2.396,-3.958,Pepper,Clay Loam,0.413,0.256,22.269,9,0.301,2.818.361,19.005
12.702,108.216,6,571.716,2.347,32.297,2.209,5.6,37.151,30.552,33.162,23.35,141.43,84.51,17.08,4,-162.08,-169.35,-158.73,-138.82,7,56.24,226.23,162.74,189.26,115.44,-29.2,-98.71,Pepper,Clay Loam,0.444,0.251,756.89,7,0.299,2.956.198,19.634
14.08,107.869,6,547.797,7.845,30.048,1.97,5.807,35.699,34.205,25.059,23.3,147.86,84.74,17.916,4,-159.46,-175.05,-157.67,-141.05,-0.75,18.07,145.89,104.16,223.27,261.45,-15.89,-102.98,Pepper,Clay Loam,0.437,0.243,752.85,10,0.347,2.709.828,19.739
13.947,108.092,6,1.104.567,3.64,34.238,41.503,5.332,34.681,31.013,47.021,22.372,4.464,87.871,17.052,12,-2.524,-4.671,-5.898,-5.258,-0.046,0.294,3.565,-0.207,7.858,7.767,1.454,-2.35,Pepper,Clay Loam,0.328,0.276,20.954,9,0.375,3.616.174,15.192
13.106,107.661,6,179.334,1.23,34.899,2.02,5.9,33.567,31.5,25.366,25.82,227.9,82.05,18.14,4,-222.95,-224.84,-212.6,-186.27,25.42,125.85,462.77,319.67,217.47,42.22,-150.03,-196.73,Pepper,Clay Loam,0.597,0.248,1193.42,7,0.388,3029.73,24.654
14.446,107.886,6,792.678,12.322,30.954,2.829,5.567,32.767,36.279,36.992,21.74,170.32,87.04,17.66,3,-158.95,-186.38,-169.92,-152.62,-53.36,-34.84,75.1,61.71,223.52,408.66,45.38,-58.32,Pepper,Clay Loam,0.337,0.266,814.39,10,0.502,3.581.898,16.588
13.178,107.619,6,167.994,1.67,33.599,2.161,6.099,33.099,33.301,24.696,25.82,227.9,82.05,18.14,4,-222.95,-224.84,-212.6,-186.27,25.42,125.85,462.77,319.67,217.47,42.22,-150.03,-196.73,Pepper,Clay Loam,0.597,0.248,1193.42,7,0.388,2.481.624,24.728
12.726,107.993,6,337.135,3.719,30.42,2.371,5.766,37.232,32.347,23.945,23.35,141.43,84.51,17.347,4,-162.08,-169.35,-158.73,-138.82,7,56.24,226.23,162.74,189.26,115.44,-29.2,-98.71,Pepper,Clay Loam,0.444,0.238,756.89,7,0.299,2.605.677,21.159
12.704,107.835,6,338.231,3.64,28.817,20.184,5.567,35.454,35.673,27.674,23.574,6.491,85.375,17.53,12,-5.091,-6.105,-6.209,-5.963,2.276,3.25,14.793,3.362,8.582,0.064,-3.729,-5.241,Pepper,Clay Loam,0.425,0.247,32.338,7,0.458,3.106.701,21.375
13.318,107.935,6,215.731,1.18,34.065,2.275,5.7,34.6,31.334,29.046,24.57,141.28,83.7,18.14,4,-159.46,-169.36,-154.13,-136.02,24.8,37.8,167.03,113.53,221.94,194.62,-29.94,-110.79,Pepper,Clay Loam,0.503,0.251,759.7,9,0.292,2.818.361,23.168
14.582,108.085,6,684.348,5.329,30.858,2.677,5.74,33.986,35.21,36.748,21.74,170.32,87.04,16.63,3,-158.95,-186.38,-169.92,-152.62,-53.36,-34.84,75.1,61.71,223.52,408.66,45.38,-58.32,Pepper,Clay Loam,0.337,0.263,814.39,10,0.502,3.149.471,17.292
13.123,108.326,6,845.113,3.557,34.452,2.415,5.794,34.706,30.842,28.815,24.7,138.1,83.27,17.25,4,-159.26,-166.84,-154.61,-137.12,20.29,47.68,185.83,130.34,211.42,150.74,-24.92,-103.53,Pepper,Clay Loam,0.521,0.251,746.28,9,0.283,2.546.228,19.207
13.233,107.904,6,286.064,3.64,36.281,24.106,5.769,31.838,31.881,26.963,24.264,6.299,84.856,17.108,12,-4.961,-6.012,-6.285,-5.788,2.19,3.758,13.055,2.905,8.85,1.432,-3.71,-5.427,Pepper,Clay Loam,0.459,0.255,32.183,7,0.406,2.668.771,22.405
14.401,107.784,6,552.89,6.822,30.49,2.073,5.887,38.049,31.461,27.015,23.36,139.49,84.71,17.66,3,-150.13,-154.94,-139.28,-111.93,18.2,34.11,207.98,194.59,162.57,151.62,-93.27,-119.51,Pepper,Clay Loam,0.439,0.24,769.06,7,0.27,2.209.728,19.766
14.48,108.003,6,615.402,6.419,31.543,2.081,5.718,34.507,33.949,26.266,21.74,170.32,87.04,16.811,3,-158.95,-186.38,-169.92,-152.62,-53.36,-34.84,75.1,61.71,223.52,408.66,45.38,-58.32,Pepper,Clay Loam,0.337,0.247,814.39,10,0.502,3.204.462,17.74
12.694,107.87,6,338.76,3.64,28.513,19.92,5.607,36.036,35.382,26.815,23.525,6.117,85.478,17.53,12,-4.75,-5.864,-5.988,-5.765,2.394,2.825,13.632,2.967,8.539,0.257,-3.338,-4.912,Pepper,Clay Loam,0.421,0.245,30.617,7,0.445,3.019.982,21.323
14.631,107.874,6,814.776,15.679,31.178,3.106,5.6,33.599,35.223,35.461,21.74,170.32,87.04,17.66,3,-158.95,-186.38,-169.92,-152.62,-53.36,-34.84,75.1,61.71,223.52,408.66,45.38,-58.32,Pepper,Clay Loam,0.337,0.262,814.39,10,0.502,3.499.412,16.444
13.856,107.914,6,568.642,3.64,27.447,23.943,5.807,36.7,35.853,31.892,23.959,4.824,85.417,17.67,12,-3.606,-5.112,-5.727,-5.005,1.846,2.599,7.134,1.191,8.791,4.223,-1.992,-4.313,Pepper,Clay Loam,0.434,0.25,25.755,9,0.341,2.586.388,20.263
13.212,107.954,6,263.58,3.64,33.633,25.723,5.71,34.496,31.871,28.845,24.874,5.223,84.306,17.67,12,-4.033,-5.333,-5.609,-5.175,2.909,2.362,9.692,1.719,8.914,1.804,-2.673,-4.564,Pepper,Clay Loam,0.493,0.251,27.387,7,0.354,2.796.681,23.161
13.162,107.935,6,211.649,1.932,33.2,2.071,5.89,34.65,32.15,25.079,24.7,138.1,83.27,18.14,4,-159.26,-166.84,-154.61,-137.12,20.29,47.68,185.83,130.34,211.42,150.74,-24.92,-103.53,Pepper,Clay Loam,0.521,0.245,746.28,9,0.283,2.343.543,23.324
11.76,108.038,6,968.342,3.64,34.239,31.556,5.4,33.632,32.13,35.927,22.3,4.568,85.984,18.539,12,-3.499,-4.77,-4.875,-4.755,1.853,2.794,9.325,2.145,6.965,0.431,-2.232,-3.372,Pepper,Clay Loam,0.377,0.263,23.503,7,0.397,3.468.752,16.006
13.99,108.187,6,752.476,4.141,32.7,2.365,5.765,34.901,32.399,26.46,23.3,147.86,84.74,17.035,4,-159.46,-175.05,-157.67,-141.05,-0.75,18.07,145.89,104.16,223.27,261.45,-15.89,-102.98,Pepper,Clay Loam,0.437,0.247,752.85,10,0.347,2.805.228,18.409
13.587,107.767,6,226.979,1.758,32.429,1.954,5.9,35.469,32.135,24.564,25.96,199.04,81.8,18.14,3,-202.41,-205.29,-190.82,-159.08,55.01,90.16,368.73,274.99,223.54,69.09,-144.32,-179.6,Pepper,Clay Loam,0.61,0.243,1081.52,7,0.341,2.789.688,24.485
13.901,108.099,6,848.114,3.886,26.761,2.292,5.7,35.932,37.307,28.848,23.3,147.86,84.74,17.25,4,-159.46,-175.05,-157.67,-141.05,-0.75,18.07,145.89,104.16,223.27,261.45,-15.89,-102.98,Pepper,Loam,0.437,0.248,752.85,10,0.347,2.952.872,17.787
13.348,107.988,6,215.073,1.216,33.736,2.085,5.722,36.362,29.902,27.197,24.57,141.28,83.7,18.075,4,-159.46,-169.36,-154.13,-136.02,24.8,37.8,167.03,113.53,221.94,194.62,-29.94,-110.79,Pepper,Clay Loam,0.503,0.244,759.7,9,0.292,2.770.666,23.172
14.365,107.7,6,438.699,14.166,29.088,3.03,5.647,35.647,35.342,37.736,23.36,139.49,84.71,17.66,3,-150.13,-154.94,-139.28,-111.93,18.2,34.11,207.98,194.59,162.57,151.62,-93.27,-119.51,Pepper,Clay Loam,0.439,0.261,769.06,7,0.27,2.686.219,20.508
13.54,107.685,6,174.799,3.64,30.861,20.435,5.8,37.341,31.799,24.182,25.746,6.411,82.514,17.67,12,-5.325,-6.255,-6.333,-5.101,3.054,5.217,13.128,3.77,8.527,0.494,-5.051,-6.161,Pepper,Clay Loam,0.579,0.238,34.226,7,0.384,2.601.564,24.61
14.468,107.95,6,576.543,3.64,27.383,17.937,5.8,35.565,37.137,22.318,21.85,4.86,88.25,17.25,12,-2.89,-4.84,-6.32,-5.44,-0.87,0.44,3.51,0.03,8.25,9.58,1.25,-2.71,Pepper,Clay Loam,0.308,0.239,23.07,10,0.415,2.601.564,18.102
14.182,108.145,6,695.045,9.703,30.194,2.566,5.7,36.694,33.112,28.984,23.3,147.86,84.74,16.638,4,-159.46,-175.05,-157.67,-141.05,-0.75,18.07,145.89,104.16,223.27,261.45,-15.89,-102.98,Pepper,Clay Loam,0.437,0.246,752.85,10,0.347,2.952.872,18.782
14.493,107.996,6,638.927,7.97,30.685,2.236,5.8,36.925,32.39,25.33,21.74,170.32,87.04,16.705,3,-158.95,-186.38,-169.92,-152.62,-53.36,-34.84,75.1,61.71,223.52,408.66,45.38,-58.32,Pepper,Clay Loam,0.337,0.241,814.39,10,0.502,2.999.496,17.587
14.029,108.107,6,761.16,6.189,29.946,2.007,5.7,35.506,34.494,26.512,23.3,147.86,84.74,17.445,4,-159.46,-175.05,-157.67,-141.05,-0.75,18.07,145.89,104.16,223.27,261.45,-15.89,-102.98,Pepper,Clay Loam,0.437,0.245,752.85,10,0.347,2.952.872,18.352
14.255,107.755,6,599.212,5.719,28.053,2.295,5.584,39.121,32.726,27.463,23.36,139.49,84.71,17.66,3,-150.13,-154.94,-139.28,-111.93,18.2,34.11,207.98,194.59,162.57,151.62,-93.27,-119.51,Pepper,Clay Loam,0.439,0.238,769.06,7,0.27,2.811.298,19.465
13.125,107.965,6,214.437,3.172,31.763,1.998,5.8,35.771,32.419,23.596,24.7,138.1,83.27,18.14,4,-159.26,-166.84,-154.61,-137.12,20.29,47.68,185.83,130.34,211.42,150.74,-24.92,-103.53,Pepper,Clay Loam,0.521,0.241,746.28,9,0.283,2533.56,23.306
12.305,107.97,6,792.247,3.64,32.913,33.398,5.362,34.237,32.851,44.049,23.549,6.305,85.426,16.975,12,-4.921,-5.985,-6.099,-5.865,2.335,3.038,14.215,3.165,8.56,0.16,-3.534,-5.077,Pepper,Clay Loam,0.423,0.273,31.481,7,0.452,3.551.135,18.399
13.745,108.439,6,608.733,3.64,34.086,31.918,5.664,36.548,29.365,43.328,23.987,4.518,86.896,16.768,12,-2.702,-4.413,-5.734,-5.268,-0.19,0.208,4.555,-0.949,7.742,7.174,2.235,-2.647,Pepper,Clay Loam,0.391,0.267,21.903,9,0.353,2.896.408,20.03
12.604,108.26,6,466.755,1.63,31.447,2.363,5.902,39.29,29.187,33.178,23.35,141.43,84.51,17.08,4,-162.08,-169.35,-158.73,-138.82,7,56.24,226.23,162.74,189.26,115.44,-29.2,-98.71,Pepper,Clay Loam,0.444,0.246,756.89,7,0.299,2.318.504,20.316
14.221,108.461,6,1.329.595,3.64,35.821,57.854,5.374,34.247,29.932,66.492,23.894,5.402,87.069,16.542,12,-2.541,-4.706,-6.805,-6.257,-1.953,-0.382,3.744,-1.774,8.297,9.62,4.354,-1.577,Pepper,Clay Loam,0.383,0.304,25.995,10,0.37,3.525.119,15.252
13.575,108.076,6,390.261,0.47,31.291,2.004,5.817,35.343,33.365,31.87,24.57,141.28,83.7,17.405,4,-159.46,-169.36,-154.13,-136.02,24.8,37.8,167.03,113.53,221.94,194.62,-29.94,-110.79,Pepper,Clay Loam,0.503,0.253,759.7,9,0.292,2.564.709,22.033
13.038,107.903,6,209.962,3.592,34.883,2.076,5.956,34.382,30.735,23.469,24.7,138.1,83.27,18.081,4,-159.26,-166.84,-154.61,-137.12,20.29,47.68,185.83,130.34,211.42,150.74,-24.92,-103.53,Pepper,Clay Loam,0.521,0.244,746.28,9,0.283,2.204.197,23.335
11.909,108.122,6,1.003.835,3.64,36.756,27.204,5.5,33.45,29.794,27.587,22.01,4.8,86.45,18.81,12,-3.64,-4.95,-5.06,-4.94,2.06,2.54,10.12,2.23,7.25,0.26,-2.31,-3.54,Pepper,Clay Loam,0.358,0.252,24.44,7,0.414,3.251.955,15.485
13.791,108.052,6,650.217,3.084,27.943,2.333,5.893,37.931,34.129,27.542,23.3,147.86,84.74,17.282,4,-159.46,-175.05,-157.67,-141.05,-0.75,18.07,145.89,104.16,223.27,261.45,-15.89,-102.98,Pepper,Clay Loam,0.437,0.241,752.85,10,0.347,2.514.484,19.074
13.038,107.656,6,212.516,4.524,35.867,2.077,5.8,35.878,28.324,24.363,25.82,227.9,82.05,18.14,4,-222.95,-224.84,-212.6,-186.27,25.42,125.85,462.77,319.67,217.47,42.22,-150.03,-196.73,Pepper,Clay Loam,0.597,0.242,1193.42,7,0.388,3305.16,24.439
13.788,108.03,6,651.579,2.798,28.216,2.354,5.847,37.5,34.31,27.179,23.3,147.86,84.74,17.484,4,-159.46,-175.05,-157.67,-141.05,-0.75,18.07,145.89,104.16,223.27,261.45,-15.89,-102.98,Pepper,Clay Loam,0.437,0.242,752.85,10,0.347,2618.97,19.065
12.137,107.942,6,609,3.64,31.636,30.944,5.364,34.996,33.432,33.128,22.01,4.8,86.45,17.591,12,-3.64,-4.95,-5.06,-4.94,2.06,2.54,10.12,2.23,7.25,0.26,-2.31,-3.54,Pepper,Clay Loam,0.358,0.256,24.44,7,0.414,3.546.799,18.052
14.379,107.972,6,528.227,2.631,31.2,2.022,5.7,35.023,33.777,21.67,21.74,170.32,87.04,17.66,3,-158.95,-186.38,-169.92,-152.62,-53.36,-34.84,75.1,61.71,223.52,408.66,45.38,-58.32,Pepper,Clay Loam,0.337,0.24,814.39,10,0.502,3.249.454,18.307
12.236,108.143,6,583.307,7.163,34.676,3.019,5.6,34.105,31.306,37.172,21.95,131.13,85.44,17.08,4,-152.51,-159.92,-148.72,-125.06,10.18,63.52,221.54,158.42,155.14,94.38,-30.14,-86.85,Pepper,Clay Loam,0.384,0.264,703.2,7,0.315,2.767.282,18.159
13.169,107.853,6,184.354,1.98,35.186,1.958,5.845,32.565,32.249,22.306,24.7,138.1,83.27,18.14,4,-159.26,-166.84,-154.61,-137.12,20.29,47.68,185.83,130.34,211.42,150.74,-24.92,-103.53,Pepper,Clay Loam,0.521,0.246,746.28,9,0.283,2.438.552,23.502
14.435,107.807,6,592.778,3.64,34.08,20.778,5.8,33.911,32.008,25.119,22.968,4.249,86.458,17.25,12,-3.23,-4.451,-5.132,-3.864,0.693,1.94,5.725,1.356,7.007,4.899,-1.354,-3.557,Pepper,Clay Loam,0.38,0.247,21.588,9,0.324,2.601.564,19.115
13.437,107.634,6,268.206,3.64,30.24,23.867,5.681,37.168,32.592,30.298,25.963,7.39,82.733,17.67,12,-6.069,-6.932,-6.974,-6.037,3.044,5.58,16.313,4.415,9.017,-0.052,-5.565,-6.751,Pepper,Clay Loam,0.579,0.247,38.38,7,0.425,2.859.552,24.22
14.678,107.703,6,635.708,9.194,29.742,2.512,5.755,34.345,35.913,26.693,23.36,139.49,84.71,17.66,3,-150.13,-154.94,-139.28,-111.93,18.2,34.11,207.98,194.59,162.57,151.62,-93.27,-119.51,Pepper,Clay Loam,0.439,0.248,769.06,7,0.27,2.471.798,19.228
14.85,108.098,6,1244.21,3.64,34.42,44.04,5.46,34.18,31.4,48.185,21.92,6.65,88.47,16.625,12,-2.37,-4.83,-7.48,-6.64,-3.47,-2.32,-0.47,-2.52,7.66,16.85,5.94,-0.38,Pepper,Clay Loam,0.303,0.279,30.48,10,0.553,3.338.674,13.833
14.251,108.228,6,746.969,3.64,31.916,30.238,5.552,33.645,34.387,38.676,22.586,4.802,87.141,16.21,12,-3.181,-4.956,-6.078,-5.232,0.166,1.418,4.948,0.568,8.458,7.444,-0.145,-3.412,Pepper,Clay Loam,0.352,0.267,23.004,9,0.368,3.139.221,17.731
12.276,108.076,6,793,3.64,32.768,34.024,5.392,34.597,32.636,42.991,23.465,5.313,85.485,16.712,12,-4.052,-5.335,-5.493,-5.319,2.536,2.032,11.174,2.153,8.357,0.712,-2.53,-4.216,Pepper,Clay Loam,0.419,0.271,26.945,7,0.414,3.486.096,18.31
13.364,107.884,6,193.024,3.64,34.845,20.859,5.899,35.25,29.905,25.802,24.64,4.92,84.79,17.67,12,-3.74,-5.15,-5.62,-5,2.51,2.76,7.89,1.25,8.92,3.13,-2.41,-4.49,Pepper,Clay Loam,0.472,0.245,26.41,9,0.337,2.386.935,23.385
13.512,108.152,6,354.063,5.781,32.609,2.484,5.7,36.58,30.811,31.391,24.57,141.28,83.7,17.25,4,-159.46,-169.36,-154.13,-136.02,24.8,37.8,167.03,113.53,221.94,194.62,-29.94,-110.79,Pepper,Clay Loam,0.503,0.25,759.7,9,0.292,2.818.361,22.269
13.703,107.56,6,175.703,3.64,30.363,23.645,5.8,36.934,32.703,23.142,25.425,5.823,82.428,17.67,12,-4.855,-5.785,-5.894,-4.536,2.81,4.828,11.496,3.454,8.047,0.769,-4.644,-5.709,Pepper,Clay Loam,0.571,0.237,31.423,7,0.366,2.601.564,24.283
13.112,107.881,6,188.289,2.164,37.65,2.174,5.9,32.171,30.179,24.509,24.7,138.1,83.27,18.14,4,-159.26,-166.84,-154.61,-137.12,20.29,47.68,185.83,130.34,211.42,150.74,-24.92,-103.53,Pepper,Clay Loam,0.521,0.25,746.28,9,0.283,2322.43,23.476
13.124,107.642,6,175,0.511,33.826,1.901,5.986,34.096,32.078,21.653,25.82,227.9,82.05,18.121,4,-222.95,-224.84,-212.6,-186.27,25.42,125.85,462.77,319.67,217.47,42.22,-150.03,-196.73,Pepper,Clay Loam,0.597,0.242,1193.42,7,0.388,2792.86,24.682
13.223,108.383,6,806.185,14.275,31.933,3.208,5.612,34.447,33.621,42.056,24.7,138.1,83.27,17.25,4,-159.26,-166.84,-154.61,-137.12,20.29,47.68,185.83,130.34,211.42,150.74,-24.92,-103.53,Pepper,Clay Loam,0.521,0.27,746.28,9,0.283,2.930.484,19.46
13.167,107.561,6,148.992,3.64,36.517,20.2,6.082,33.882,29.601,24.51,25.86,8.09,82.95,17.67,12,-6.57,-7.33,-7.36,-6.7,2.7,5.61,18.96,4.97,9.12,-0.51,-5.8,-7.04,Pepper,Clay Loam,0.568,0.246,41.31,7,0.458,1.990.196,24.892
13.053,108.255,6,601.522,4.226,33.577,2.418,5.7,35.304,31.119,31.29,24.7,138.1,83.27,17.185,4,-159.26,-166.84,-154.61,-137.12,20.29,47.68,185.83,130.34,211.42,150.74,-24.92,-103.53,Pepper,Clay Loam,0.521,0.253,746.28,9,0.283,2744.69,20.79
14.386,107.875,6,569.488,5.006,33.098,1.841,5.776,34.129,32.773,26.729,21.74,170.32,87.04,17.66,3,-158.95,-186.38,-169.92,-152.62,-53.36,-34.84,75.1,61.71,223.52,408.66,45.38,-58.32,Pepper,Clay Loam,0.337,0.249,814.39,10,0.502,3.059.486,18.038
12.67,108.188,6,424.285,3.64,32.321,19.326,5.987,37.157,30.522,23.072,23.572,5.198,85.597,16.658,12,-3.922,-5.28,-5.49,-5.26,2.649,1.953,10.512,1.936,8.503,1.029,-2.419,-4.186,Pepper,Clay Loam,0.419,0.237,26.557,7,0.395,2.196.154,20.814
14.277,107.902,6,524.836,4.617,33.219,1.997,5.781,35.098,31.682,39.045,21.74,170.32,87.04,17.66,3,-158.95,-186.38,-169.92,-152.62,-53.36,-34.84,75.1,61.71,223.52,408.66,45.38,-58.32,Pepper,Clay Loam,0.337,0.264,814.39,10,0.502,3.046.988,18.329
14.064,108.35,6,720.32,4.489,30.116,2.189,5.879,34.217,35.688,30.628,23.3,147.86,84.74,16.63,4,-159.46,-175.05,-157.67,-141.05,-0.75,18.07,145.89,104.16,223.27,261.45,-15.89,-102.98,Pepper,Clay Loam,0.437,0.254,752.85,10,0.347,2.546.284,18.618
14.51,107.96,6,683.57,4.796,29.627,2.137,5.839,34.566,35.808,31.979,21.74,170.32,87.04,16.944,3,-158.95,-186.38,-169.92,-152.62,-53.36,-34.84,75.1,61.71,223.52,408.66,45.38,-58.32,Pepper,Clay Loam,0.337,0.255,814.39,10,0.502,2.902.012,17.297
13.178,107.976,6,222,3.64,31.367,22.587,5.908,35.554,33.079,21.897,24.741,5.03,84.514,17.598,12,-3.841,-5.187,-5.501,-5.119,2.841,2.08,9.066,1.452,8.911,2.064,-2.382,-4.361,Pepper,Clay Loam,0.483,0.239,26.391,7,0.343,2.367.423,23.298
14.764,108.234,6,1.226.985,3.64,33.501,35.9,5.44,33.166,33.393,52.861,21.92,6.65,88.47,16.21,12,-2.37,-4.83,-7.48,-6.64,-3.47,-2.32,-0.47,-2.52,7.66,16.85,5.94,-0.38,Pepper,Clay Loam,0.303,0.288,30.48,10,0.553,3.382.033,13.945
12.669,108.352,6,457.479,1.054,29.921,2.417,5.948,38.97,31.108,30.37,23.35,141.43,84.51,17.08,4,-162.08,-169.35,-158.73,-138.82,7,56.24,226.23,162.74,189.26,115.44,-29.2,-98.71,Pepper,Clay Loam,0.444,0.243,756.89,7,0.299,2.221.372,20.376
13.395,107.98,6,246.695,3.409,34.642,2.116,5.808,36.029,29.329,23.714,24.57,141.28,83.7,18.14,4,-159.46,-169.36,-154.13,-136.02,24.8,37.8,167.03,113.53,221.94,194.62,-29.94,-110.79,Pepper,Clay Loam,0.503,0.24,759.7,9,0.292,2584.22,22.966
11.719,108.138,6,999.384,3.64,34.189,32.038,5.465,33.204,32.573,38.996,22.422,4.471,85.789,18.81,12,-3.439,-4.694,-4.797,-4.677,1.766,2.9,8.992,2.109,6.845,0.502,-2.199,-3.301,Pepper,Clay Loam,0.386,0.268,23.107,7,0.389,3.327.834,15.926
11.992,107.876,6,578.415,9.283,34.934,3.31,5.602,30.81,34.259,32.32,21.95,131.13,85.44,18.075,4,-152.51,-159.92,-148.72,-125.06,10.18,63.52,221.54,158.42,155.14,94.38,-30.14,-86.85,Pepper,Clay Loam,0.384,0.264,703.2,7,0.315,2.763.329,18.19
12.011,107.891,6,838.077,3.64,33.826,32.072,5.272,33.433,32.741,35.367,22.437,4.459,85.764,17.591,12,-3.432,-4.684,-4.787,-4.667,1.755,2.913,8.95,2.104,6.83,0.511,-2.195,-3.292,Pepper,Clay Loam,0.387,0.263,23.057,7,0.388,3.746.252,16.989
14.767,108.112,6,1.587.746,3.64,32.764,58.778,5.282,34.924,32.311,60.372,21.862,5.178,88.289,16.395,12,-2.798,-4.838,-6.526,-5.653,-1.332,-0.05,2.803,-0.423,8.145,10.871,2.083,-2.296,Pepper,Clay Loam,0.307,0.294,23.916,10,0.455,3.724.572,11.542
12.078,107.69,6,711.615,10.069,33.831,2.851,5.5,35.634,30.535,33.653,24.04,181.62,82.12,17.87,4,-188.5,-190,-176.72,-153.36,10.7,136.2,344.01,256.97,158.52,68.86,-111.48,-155.21,Pepper,Clay Loam,0.535,0.255,975.27,7,0.353,3.466.725,19.415
12.577,107.815,6,834.378,3.64,31.462,28.565,5.255,34.162,34.376,32.948,22.21,4.687,86.342,17.491,12,-3.604,-4.858,-4.998,-4.696,1.966,2.548,9.648,2.19,7.141,0.616,-2.336,-3.594,Pepper,Clay Loam,0.366,0.258,24.086,7,0.4,3.783.108,16.787
12.043,108.179,6,922.549,2.431,33.198,2.915,5.508,33.302,33.592,35.547,22.059,131.776,85.384,18.73,3.923,-152.326,-159.535,-147.991,-124.046,10.799,61.248,220.493,161.214,155.714,98.801,-35.016,-89.373,Pepper,Clay Loam,0.388,0.263,708.287,7,0.311,2.950.141,16.062
13.23,108.002,6,263,3.64,32.831,24.882,5.651,34.197,32.972,29.292,24.696,4.982,84.636,17.237,12,-3.796,-5.171,-5.553,-5.067,2.695,2.38,8.547,1.363,8.915,2.535,-2.395,-4.418,Pepper,Clay Loam,0.478,0.252,26.4,9,0.337,2.924.592,22.987
13.136,108.02,6,543.881,3.64,29.277,18.888,5.679,36.969,33.754,31.077,23.394,5.043,85.814,17.046,12,-3.769,-5.213,-5.608,-5.186,2.119,2.078,9.166,1.686,8.534,2.466,-2.109,-4.148,Pepper,Clay Loam,0.408,0.248,26.033,7,0.352,2.863.888,19.859
12.165,107.897,6,723.648,3.64,32.883,35.324,5.247,34.629,32.488,42.16,22.01,4.8,86.45,17.57,12,-3.64,-4.95,-5.06,-4.94,2.06,2.54,10.12,2.23,7.25,0.26,-2.31,-3.54,Pepper,Clay Loam,0.358,0.269,24.44,7,0.414,3.800.451,17.306
14.657,107.729,6,646.601,15.324,31.823,2.184,5.717,34.775,33.402,24.642,23.36,139.49,84.71,17.66,3,-150.13,-154.94,-139.28,-111.93,18.2,34.11,207.98,194.59,162.57,151.62,-93.27,-119.51,Pepper,Clay Loam,0.439,0.245,769.06,7,0.27,2.547.243,19.157
13.055,108.074,6,482.021,4.304,31.498,2.492,5.751,34.897,33.604,33.679,24.7,138.1,83.27,17.165,4,-159.26,-166.84,-154.61,-137.12,20.29,47.68,185.83,130.34,211.42,150.74,-24.92,-103.53,Pepper,Clay Loam,0.521,0.257,746.28,9,0.283,2.637.014,21.567
12.523,108.027,6,448.013,3.64,33.362,32.251,5.701,35.38,31.258,34.66,23.558,6.368,85.409,16.995,12,-4.979,-6.026,-6.136,-5.898,2.315,3.11,14.41,3.232,8.568,0.128,-3.6,-5.133,Pepper,Clay Loam,0.424,0.257,31.772,7,0.454,2.816.193,20.646
13.532,108.149,6,319.122,0.884,34.976,2.2,5.985,35.412,29.612,23.81,24.57,141.28,83.7,17.25,4,-159.46,-169.36,-154.13,-136.02,24.8,37.8,167.03,113.53,221.94,194.62,-29.94,-110.79,Pepper,Clay Loam,0.503,0.242,759.7,9,0.292,2200.49,22.496
12.894,107.683,6,246.795,2.081,32.156,2.368,5.663,36.708,31.1,27.787,25.82,227.9,82.05,17.87,4,-222.95,-224.84,-212.6,-186.27,25.42,125.85,462.77,319.67,217.47,42.22,-150.03,-196.73,Pepper,Clay Loam,0.597,0.244,1193.42,7,0.388,3.682.499,24.216
13.843,108.349,6,846.614,16.892,32.527,3.378,5.5,32.518,34.955,47.614,23.3,147.86,84.74,17.278,4,-159.46,-175.05,-157.67,-141.05,-0.75,18.07,145.89,104.16,223.27,261.45,-15.89,-102.98,Pepper,Clay Loam,0.437,0.282,752.85,10,0.347,3407.16,17.797
13.056,107.972,6,215.923,4.197,30.277,1.819,5.8,36.464,33.161,21.319,24.7,138.1,83.27,18.14,4,-159.26,-166.84,-154.61,-137.12,20.29,47.68,185.83,130.34,211.42,150.74,-24.92,-103.53,Pepper,Clay Loam,0.521,0.236,746.28,9,0.283,2533.56,23.297
13.689,107.633,6,249.784,2.668,30.059,2.317,5.946,34.505,35.435,27.705,25.96,199.04,81.8,18.14,3,-202.41,-205.29,-190.82,-159.08,55.01,90.16,368.73,274.99,223.54,69.09,-144.32,-179.6,Pepper,Clay Loam,0.61,0.249,1081.52,7,0.341,2.673.028,24.336
14.732,107.661,6,660,7.034,30.363,2.457,5.704,34.826,34.807,27.859,23.36,139.49,84.71,17.66,3,-150.13,-154.94,-139.28,-111.93,18.2,34.11,207.98,194.59,162.57,151.62,-93.27,-119.51,Pepper,Clay Loam,0.439,0.249,769.06,7,0.27,2.573.052,19.07
13.122,108.104,6,485.901,3.64,31.956,24.277,5.8,34.896,33.194,27.482,24.75,5.04,84.49,16.78,12,-3.85,-5.19,-5.49,-5.13,2.87,2.02,9.17,1.47,8.91,1.97,-2.38,-4.35,Pepper,Clay Loam,0.484,0.248,26.39,7,0.347,2.601.564,21.592
12.668,108.269,6,529.932,3.64,28.06,21.956,5.886,40.096,31.841,25.352,23.41,5.24,85.72,16.64,12,-3.95,-5.3,-5.47,-5.3,2.67,1.83,10.91,2.04,8.44,0.71,-2.42,-4.14,Pepper,Clay Loam,0.411,0.233,26.58,7,0.41,2.415.119,19.965
12.591,108.246,6,437.568,3.64,30.724,20.124,6,39.786,29.546,24.444,23.41,5.24,85.72,16.64,12,-3.95,-5.3,-5.47,-5.3,2.67,1.83,10.91,2.04,8.44,0.71,-2.42,-4.14,Pepper,Clay Loam,0.411,0.233,26.58,7,0.41,2167.97,20.566
13.104,107.683,6,188.376,2.887,36.195,1.858,5.9,32.275,31.53,26.203,25.82,227.9,82.05,18.14,4,-222.95,-224.84,-212.6,-186.27,25.42,125.85,462.77,319.67,217.47,42.22,-150.03,-196.73,Pepper,Clay Loam,0.597,0.252,1193.42,7,0.388,3029.73,24.596
12.593,108.238,6,572.939,9.577,35.226,2.474,5.701,34.919,29.805,34.101,23.35,141.43,84.51,17.08,4,-162.08,-169.35,-158.73,-138.82,7,56.24,226.23,162.74,189.26,115.44,-29.2,-98.71,Pepper,Clay Loam,0.444,0.257,756.89,7,0.299,2.742.929,19.626
12.012,108.213,6,751.681,3.64,34.187,30.63,5.6,35.407,30.362,33.545,23.292,4.461,85.059,17.856,12,-3.451,-4.689,-4.814,-4.672,1.852,2.811,8.64,1.95,7.117,0.85,-2.179,-3.417,Pepper,Clay Loam,0.427,0.256,23.222,7,0.372,3.035.158,18.406
14.591,107.677,6,648.472,3.64,29.805,22.102,5.8,35.399,34.796,25.865,23.585,4.079,85.577,17.294,12,-3.418,-4.372,-4.717,-3.363,1.499,2.617,6.826,1.867,6.72,2.871,-2.49,-3.989,Pepper,Clay Loam,0.42,0.245,22.349,7,0.305,2.601.564,19.37
13.984,108.131,6,671.486,4.089,30.638,2.118,5.7,35.12,34.242,28.726,23.3,147.86,84.74,17.57,4,-159.46,-175.05,-157.67,-141.05,-0.75,18.07,145.89,104.16,223.27,261.45,-15.89,-102.98,Pepper,Clay Loam,0.437,0.249,752.85,10,0.347,2.952.872,18.935
13.689,108.153,6,132.969,3.64,34.986,21.695,5.665,34.336,30.756,28.68,23.945,5.213,85.232,16.972,12,-3.976,-5.424,-6.014,-5.137,1.702,3.13,8.228,1.769,8.738,4.107,-2.447,-4.678,Pepper,Clay Loam,0.439,0.251,27.676,9,0.316,2894.24,23.081
13.03,107.903,6,212.663,2.436,33.428,2.007,5.924,33.872,32.738,24.2,24.7,138.1,83.27,18.037,4,-159.26,-166.84,-154.61,-137.12,20.29,47.68,185.83,130.34,211.42,150.74,-24.92,-103.53,Pepper,Clay Loam,0.521,0.246,746.28,9,0.283,2.271.759,23.318
11.991,107.875,6,915,3.64,32.584,33.897,5.34,32.88,34.536,33.355,23.779,5.339,83.415,17.978,12,-4.464,-5.205,-5.249,-5.058,1.08,4.068,11.626,2.894,6.945,0.81,-3.154,-4.3,Pepper,Clay Loam,0.488,0.261,27.43,7,0.424,3598.83,17.832
11.822,108.298,6,857.368,3.64,37.626,28.935,5.57,35.314,27.145,24.831,23.232,4.061,84.719,18.48,12,-3.195,-4.376,-4.478,-4.35,1.432,3.314,7.476,1.904,6.439,0.922,-2.055,-3.046,Pepper,Clay Loam,0.435,0.244,21.5,7,0.348,3.100.197,17.659
13.179,107.619,6,167.877,1.639,33.667,2.142,6.088,33.1,33.233,24.571,25.82,227.9,82.05,18.14,4,-222.95,-224.84,-212.6,-186.27,25.42,125.85,462.77,319.67,217.47,42.22,-150.03,-196.73,Pepper,Clay Loam,0.597,0.248,1193.42,7,0.388,2.511.922,24.729
12.782,108.196,6,485.027,3.64,28.198,21.373,5.666,39.777,32.004,29.7,24.467,4.733,85.058,16.64,12,-3.392,-4.999,-5.387,-5.075,2.607,1.575,7.966,0.994,8.5,2.413,-1.446,-3.747,Pepper,Clay Loam,0.459,0.24,24.046,9,0.353,2.892.072,21.314
13.193,107.695,6,168.92,1.67,34.841,2.054,5.962,32.824,32.334,23.55,25.82,227.9,82.05,18.14,4,-222.95,-224.84,-212.6,-186.27,25.42,125.85,462.77,319.67,217.47,42.22,-150.03,-196.73,Pepper,Clay Loam,0.597,0.247,1193.42,7,0.388,2.858.963,24.722
14.384,107.771,6,599.709,14.43,29.977,2.406,5.888,38.595,31.422,29.815,23.36,139.49,84.71,17.66,3,-150.13,-154.94,-139.28,-111.93,18.2,34.11,207.98,194.59,162.57,151.62,-93.27,-119.51,Pepper,Clay Loam,0.439,0.243,769.06,7,0.27,2.207.743,19.462
12.846,108.231,6,657.046,4.17,36.083,2.081,5.7,35.308,28.709,27.526,24.7,138.1,83.27,17.08,4,-159.26,-166.84,-154.61,-137.12,20.29,47.68,185.83,130.34,211.42,150.74,-24.92,-103.53,Pepper,Clay Loam,0.521,0.247,746.28,9,0.283,2744.69,20.429
14.612,107.788,6,787.347,3.64,32.988,32.398,5.588,33.369,33.642,37.51,22.44,3.506,85.447,17.215,12,-2.527,-3.585,-4.396,-3.02,-0.223,0.275,2.666,-0.033,5.981,6.74,0.237,-2.152,Pepper,Clay Loam,0.395,0.266,15.936,10,0.424,3.061.174,17.322
14.129,107.973,6,729.475,5.164,31.348,2.163,5.73,37.399,31.254,27.552,23.3,147.86,84.74,17.66,4,-159.46,-175.05,-157.67,-141.05,-0.75,18.07,145.89,104.16,223.27,261.45,-15.89,-102.98,Pepper,Clay Loam,0.437,0.243,752.85,10,0.347,2.884.729,18.558
13.459,107.984,6,217.967,1.534,34.889,1.77,5.798,35.966,29.146,25.767,24.57,141.28,83.7,18.14,4,-159.46,-169.36,-154.13,-136.02,24.8,37.8,167.03,113.53,221.94,194.62,-29.94,-110.79,Pepper,Clay Loam,0.503,0.243,759.7,9,0.292,2605.9,23.153
13.401,107.862,6,188.282,3.64,35.696,19.252,5.952,35.013,29.291,24.587,24.64,4.92,84.79,17.67,12,-3.74,-5.15,-5.62,-5,2.51,2.76,7.89,1.25,8.92,3.13,-2.41,-4.49,Pepper,Clay Loam,0.472,0.244,26.41,9,0.337,2.272.033,23.416
13.426,107.853,6,205.289,3.64,32.2,20.772,5.886,37.273,30.526,22.784,24.656,4.937,84.747,17.67,12,-3.756,-5.156,-5.602,-5.018,2.561,2.655,8.072,1.281,8.919,2.965,-2.406,-4.47,Pepper,Clay Loam,0.473,0.236,26.408,9,0.337,2.415.119,23.322
12.963,108.139,6,632.029,9.377,33.582,2.709,5.512,37.248,29.183,28.246,24.7,138.1,83.27,17.08,4,-159.26,-166.84,-154.61,-137.12,20.29,47.68,185.83,130.34,211.42,150.74,-24.92,-103.53,Pepper,Clay Loam,0.521,0.244,746.28,9,0.283,3.141.614,20.592
13.933,107.63,6,335.098,9.423,29.019,2.775,5.77,37.379,33.602,44.427,25.25,174.14,81.48,18.14,3,-179.93,-183.32,-167.16,-135.46,50.28,69.26,300.26,253.27,195.98,90.33,-133.36,-160.15,Pepper,Clay Loam,0.595,0.266,959.38,7,0.313,2.815.901,23.072
13.097,107.636,6,189.101,3.037,36.539,1.803,5.9,32.36,31.091,27.943,25.82,227.9,82.05,18.14,4,-222.95,-224.84,-212.6,-186.27,25.42,125.85,462.77,319.67,217.47,42.22,-150.03,-196.73,Pepper,Clay Loam,0.597,0.255,1193.42,7,0.388,3029.73,24.591
13.21,107.658,6,166.845,3.64,35.061,21.292,6.031,32.008,32.831,22.7,25.912,7.733,82.839,17.67,12,-6.314,-7.127,-7.163,-6.361,2.875,5.595,17.609,4.687,9.068,-0.276,-5.68,-6.892,Pepper,Clay Loam,0.574,0.248,39.813,7,0.442,2.100.763,24.828
12.471,108.012,6,416.751,0.577,34.831,1.982,5.794,36.044,29.212,22.824,23.35,141.43,84.51,17.08,4,-162.08,-169.35,-158.73,-138.82,7,56.24,226.23,162.74,189.26,115.44,-29.2,-98.71,Pepper,Clay Loam,0.444,0.239,756.89,7,0.299,2.546.553,20.641
13.995,108.013,6,844.302,9.268,27.272,2.563,5.602,37.919,34.809,32.57,23.3,147.86,84.74,17.451,4,-159.46,-175.05,-157.67,-141.05,-0.75,18.07,145.89,104.16,223.27,261.45,-15.89,-102.98,Pepper,Clay Loam,0.437,0.248,752.85,10,0.347,3.175.473,17.812
12.053,108.168,6,610.993,3.64,33.403,31.402,5.501,35.604,30.993,32.537,22.017,4.799,86.452,16.64,12,-3.637,-4.948,-5.062,-4.941,2.052,2.532,10.1,2.218,7.252,0.285,-2.294,-3.537,Pepper,Clay Loam,0.359,0.254,24.419,7,0.413,3.249.787,18.046
12.649,107.878,6,355.884,0.835,30.791,1.993,5.8,37.3,31.828,20.984,23.35,141.43,84.51,17.723,4,-162.08,-169.35,-158.73,-138.82,7,56.24,226.23,162.74,189.26,115.44,-29.2,-98.71,Pepper,Clay Loam,0.444,0.234,756.89,7,0.299,2.533.884,21.037
12.833,108.034,6,409,1.712,32.708,2.191,5.662,35.277,32.038,25.785,24.7,138.1,83.27,17.08,4,-159.26,-166.84,-154.61,-137.12,20.29,47.68,185.83,130.34,211.42,150.74,-24.92,-103.53,Pepper,Clay Loam,0.521,0.245,746.28,9,0.283,2.824.919,22.042
13.533,108.04,6,218.613,1.736,35.237,1.981,5.861,34.683,30.111,26.037,24.57,141.28,83.7,17.867,4,-159.46,-169.36,-154.13,-136.02,24.8,37.8,167.03,113.53,221.94,194.62,-29.94,-110.79,Pepper,Clay Loam,0.503,0.247,759.7,9,0.292,2.469.318,23.149
13.236,107.678,6,167.752,0.834,35.339,1.953,5.962,32.185,32.476,20.927,25.82,227.9,82.05,18.14,4,-222.95,-224.84,-212.6,-186.27,25.42,125.85,462.77,319.67,217.47,42.22,-150.03,-196.73,Pepper,Clay Loam,0.597,0.245,1193.42,7,0.388,2.858.963,24.73
12.312,108.013,6,546.379,3.64,31.127,33.055,5.384,37.455,31.423,46.419,24.891,4.179,84.565,17.199,12,-3.176,-4.379,-4.825,-4.581,0.871,2.1,6.2,0.405,6.452,4.18,-0.199,-3.059,Pepper,Clay Loam,0.486,0.269,20.219,9,0.319,3503.44,21.34
12.985,107.792,6,187.574,2.075,33.578,2.064,5.9,33.377,33.044,23.99,25.82,227.9,82.05,17.985,4,-222.95,-224.84,-212.6,-186.27,25.42,125.85,462.77,319.67,217.47,42.22,-150.03,-196.73,Pepper,Clay Loam,0.597,0.247,1193.42,7,0.388,3029.73,24.601
13.372,108.068,6,261.085,1.761,35.987,2.082,5.8,33.105,30.909,23.58,24.57,141.28,83.7,17.25,4,-159.46,-169.36,-154.13,-136.02,24.8,37.8,167.03,113.53,221.94,194.62,-29.94,-110.79,Pepper,Clay Loam,0.503,0.247,759.7,9,0.292,2.601.564,22.873
13.892,107.796,6,476.32,5.008,27.973,2.005,5.911,35.306,36.721,25.378,25.25,174.14,81.48,18.14,3,-179.93,-183.32,-167.16,-135.46,50.28,69.26,300.26,253.27,195.98,90.33,-133.36,-160.15,Pepper,Clay Loam,0.595,0.244,959.38,7,0.313,2.493.102,22.154
14.041,108.16,6,673.402,1.248,31.646,2.191,5.81,34.895,33.449,26.625,23.3,147.86,84.74,16.971,4,-159.46,-175.05,-157.67,-141.05,-0.75,18.07,145.89,104.16,223.27,261.45,-15.89,-102.98,Pepper,Clay Loam,0.437,0.247,752.85,10,0.347,2.703.014,18.923
13.146,108.2,6,437,3.64,35.705,25.091,5.8,33.468,30.747,27.078,24.401,4.982,84.971,16.753,12,-3.781,-5.179,-5.591,-5.058,2.541,2.579,8.478,1.404,8.827,2.659,-2.412,-4.422,Pepper,Clay Loam,0.459,0.251,26.443,9,0.333,2.601.564,21.56
13.14,108.229,6,827.632,3.64,31.025,27.032,5.516,33.748,35.326,33.645,23.307,4.413,85.438,16.758,12,-3.332,-4.76,-5.261,-4.705,1.248,2.872,6.62,1.412,7.724,3.622,-1.762,-3.678,Pepper,Clay Loam,0.417,0.259,23.498,9,0.329,3.217.267,17.927
13.634,107.631,6,245.727,6.63,29.924,2.475,5.766,34.19,35.886,29.058,25.96,199.04,81.8,18.14,3,-202.41,-205.29,-190.82,-159.08,55.01,90.16,368.73,274.99,223.54,69.09,-144.32,-179.6,Pepper,Clay Loam,0.61,0.252,1081.52,7,0.341,3.129.523,24.363
12.678,108.239,6,528.828,1.106,29.955,2.314,5.683,36.907,33.121,27.09,23.35,141.43,84.51,17.08,4,-162.08,-169.35,-158.73,-138.82,7,56.24,226.23,162.74,189.26,115.44,-29.2,-98.71,Pepper,Clay Loam,0.444,0.243,756.89,7,0.299,2.780.938,19.913
12.108,108.101,6,596.52,8.825,34.307,3.167,5.573,33.747,32.019,37.793,21.95,131.13,85.44,17.352,4,-152.51,-159.92,-148.72,-125.06,10.18,63.52,221.54,158.42,155.14,94.38,-30.14,-86.85,Pepper,Clay Loam,0.384,0.265,703.2,7,0.315,2.820.651,18.073
13.184,107.649,6,173.231,3.64,32.069,19.754,5.8,35.469,32.462,25.1,25.899,7.822,82.867,17.67,12,-6.379,-7.178,-7.212,-6.446,2.831,5.598,17.947,4.758,9.081,-0.335,-5.71,-6.929,Pepper,Clay Loam,0.572,0.244,40.189,7,0.446,2.601.564,24.773
12.587,108.232,6,438.011,3.64,31.185,20.608,5.994,39.647,29.267,21.242,23.41,5.24,85.72,16.64,12,-3.95,-5.3,-5.47,-5.3,2.67,1.83,10.91,2.04,8.44,0.71,-2.42,-4.14,Pepper,Clay Loam,0.411,0.229,26.58,7,0.41,2.180.978,20.563
14.396,107.977,6,580.242,3.64,28.483,19.574,5.842,34.616,36.901,26.448,21.85,4.86,88.25,17.25,12,-2.89,-4.84,-6.32,-5.44,-0.87,0.44,3.51,0.03,8.25,9.58,1.25,-2.71,Pepper,Clay Loam,0.308,0.247,23.07,10,0.415,2.510.509,18.078
13.407,108.162,6,296.851,1.367,35.507,2.589,5.952,34.337,30.156,25.063,24.57,141.28,83.7,17.25,4,-159.46,-169.36,-154.13,-136.02,24.8,37.8,167.03,113.53,221.94,194.62,-29.94,-110.79,Pepper,Clay Loam,0.503,0.246,759.7,9,0.292,2.272.033,22.64
12.495,108.34,6,451.962,3.64,33.956,35.379,5.902,35.373,30.671,34.429,23.41,5.24,85.72,16.64,12,-3.95,-5.3,-5.47,-5.3,2.67,1.83,10.91,2.04,8.44,0.71,-2.42,-4.14,Pepper,Clay Loam,0.411,0.257,26.58,7,0.41,2.380.431,20.472
11.513,108.144,6,944.662,3.64,35.688,36.081,5.282,31.773,32.539,37.215,23.2,3.85,84.54,18.81,12,-3.06,-4.21,-4.3,-4.18,1.21,3.58,6.86,1.88,6.08,0.96,-1.99,-2.85,Pepper,Clay Loam,0.44,0.269,20.59,7,0.333,3.724.572,17.06
11.767,107.724,6,577.603,3.64,31.492,31.187,5.348,33.944,34.564,37.151,24.618,4.443,83.424,17.446,12,-3.898,-4.57,-4.611,-4.408,0.775,3.871,8.866,1.911,6.132,1.91,-2.356,-3.631,Pepper,Clay Loam,0.513,0.264,23.474,7,0.378,3.581.486,20.864
14.393,107.656,6,335.508,4.553,28.239,3.424,5.6,35.708,36.053,41.002,23.36,139.49,84.71,17.66,3,-150.13,-154.94,-139.28,-111.93,18.2,34.11,207.98,194.59,162.57,151.62,-93.27,-119.51,Pepper,Clay Loam,0.439,0.265,769.06,7,0.27,2.779.532,21.179
11.519,107.969,6,1.010.829,3.64,33.135,42.79,5.307,34.302,32.555,48.62,24.241,4.073,83.578,18.294,12,-3.488,-4.322,-4.379,-4.208,0.82,3.91,7.608,1.847,5.941,1.643,-2.167,-3.226,Pepper,Clay Loam,0.497,0.279,21.79,7,0.349,3.670.373,17.671
12.205,108.169,6,516.545,3.417,36.614,2.52,5.622,31.749,31.58,31.295,21.95,131.13,85.44,17.08,4,-152.51,-159.92,-148.72,-125.06,10.18,63.52,221.54,158.42,155.14,94.38,-30.14,-86.85,Pepper,Clay Loam,0.384,0.261,703.2,7,0.315,2.723.796,18.592
11.669,107.759,6,881.17,3.64,33.072,37.113,5.299,37.994,28.935,34.29,25.424,4.352,82.474,17.698,12,-3.995,-4.466,-4.486,-4.256,0.378,4.29,8.539,1.83,5.8,2.409,-2.387,-3.677,Pepper,Clay Loam,0.569,0.251,23.267,7,0.367,3.687.717,19.696
13.619,108.004,6,461.176,6.657,28.341,2.845,5.648,34.92,36.663,30.786,24.57,141.28,83.7,17.925,4,-159.46,-169.36,-154.13,-136.02,24.8,37.8,167.03,113.53,221.94,194.62,-29.94,-110.79,Pepper,Clay Loam,0.503,0.253,759.7,9,0.292,2.931.095,21.572
13.304,107.758,6,172.903,1.693,34.552,1.92,6,33.873,31.575,22.441,25.96,199.04,81.8,18.14,3,-202.41,-205.29,-190.82,-159.08,55.01,90.16,368.73,274.99,223.54,69.09,-144.32,-179.6,Pepper,Clay Loam,0.61,0.244,1081.52,7,0.341,2536.08,24.836
12.349,108.324,6,1.046.015,3.64,36.461,29.307,5.66,34.881,28.578,33.633,21.978,4.812,86.807,18.294,12,-3.491,-4.928,-5.31,-5.039,1.479,2.123,8.808,1.793,7.448,2.11,-1.603,-3.375,Pepper,Clay Loam,0.348,0.257,23.746,7,0.371,2905.08,15.179
12.468,108.224,6,496.838,3.546,36.795,2.231,5.9,33.289,29.916,27.985,23.35,141.43,84.51,17.08,4,-162.08,-169.35,-158.73,-138.82,7,56.24,226.23,162.74,189.26,115.44,-29.2,-98.71,Pepper,Clay Loam,0.444,0.253,756.89,7,0.299,2.322.727,20.121
13.626,107.974,6,172.927,3.64,30.712,20.398,5.851,37.466,31.873,22.39,24.972,5.266,83.624,17.214,12,-4.208,-5.384,-5.683,-4.683,2.617,3.706,9.388,2.274,8.418,2.023,-3.434,-5.012,Pepper,Clay Loam,0.518,0.235,28.404,7,0.33,2.490.998,23.848
12.633,108.017,6,397.903,0.717,32.339,2.435,5.8,34.577,33.073,22.778,23.35,141.43,84.51,17.167,4,-162.08,-169.35,-158.73,-138.82,7,56.24,226.23,162.74,189.26,115.44,-29.2,-98.71,Pepper,Clay Loam,0.444,0.242,756.89,7,0.299,2.533.884,20.764
12.986,108.322,6,749.712,2.061,32.073,2.343,5.6,36.238,31.689,31.821,24.7,138.1,83.27,17.08,4,-159.26,-166.84,-154.61,-137.12,20.29,47.68,185.83,130.34,211.42,150.74,-24.92,-103.53,Pepper,Clay Loam,0.521,0.251,746.28,9,0.283,2955.82,19.827
12.203,107.946,6,791.637,3.64,34.299,34.273,5.491,33.728,31.973,38.248,23.719,5.649,84.398,17.044,12,-4.527,-5.5,-5.602,-5.405,1.916,2.966,12.4,2.676,7.972,0.719,-3.038,-4.567,Pepper,Clay Loam,0.458,0.266,28.639,7,0.433,3.271.467,18.573
11.725,108.158,6,912.802,5.561,35.213,2.914,5.616,37.995,26.791,31.764,23.13,106.55,83.84,18.82,4,-132.23,-138.73,-126.4,-98.9,29.53,75.46,156.75,108.52,121.36,101.45,-24.68,-72.15,Pepper,Clay Loam,0.458,0.247,593.09,7,0.264,2.365.934,17.197
14.494,107.789,6,653.51,3.64,32.588,21.198,5.79,33.704,33.708,28.994,23.587,4.084,85.554,17.19,12,-3.426,-4.369,-4.696,-3.362,1.526,2.543,6.942,1.894,6.7,2.755,-2.488,-3.971,Pepper,Clay Loam,0.42,0.253,22.312,7,0.31,2.623.244,19.339
14.374,107.768,6,596.094,9.838,29.561,2.449,5.9,37.919,32.521,28.477,23.36,139.49,84.71,17.66,3,-150.13,-154.94,-139.28,-111.93,18.2,34.11,207.98,194.59,162.57,151.62,-93.27,-119.51,Pepper,Clay Loam,0.439,0.243,769.06,7,0.27,2.183.918,19.485
14.291,107.925,6,643.65,3.64,32.23,40.08,5.525,32.94,34.83,36.655,22.186,5.052,87.434,17.318,12,-3.24,-4.975,-6.236,-5.454,-0.588,1.024,5.113,0.542,8.124,8.252,0.495,-3.066,Pepper,Clay Loam,0.336,0.266,23.559,10,0.35,3.197.756,18.002
13.066,107.958,6,246.494,1.037,35.761,2.4,5.765,34.995,29.244,26.656,24.7,138.1,83.27,18.052,4,-159.26,-166.84,-154.61,-137.12,20.29,47.68,185.83,130.34,211.42,150.74,-24.92,-103.53,Pepper,Clay Loam,0.521,0.247,746.28,9,0.283,2.607.456,23.098
14.502,107.738,6,630,5.68,29.954,2.189,5.774,35.417,34.603,25.968,23.079,136.646,84.613,17.66,3,-145.255,-151.57,-136.212,-108.634,6.058,20.198,178.091,170.886,160.713,188.217,-77.462,-105.025,Pepper,Clay Loam,0.434,0.245,724.158,10,0.26,2.408.083,18.984
14.68,107.995,6,663,3.64,33.758,27.891,5.852,34.553,31.689,30.124,22.102,4.165,86.908,16.705,12,-2.676,-4.193,-5.373,-4.221,-0.646,0.316,2.867,-0.06,7.098,8.404,0.845,-2.386,Pepper,Clay Loam,0.348,0.253,19.555,10,0.43,2488.83,17.792
13.165,107.904,6,360.121,3.64,29.487,24.721,5.7,36.926,33.588,26.263,25.231,5.75,83.776,17.583,12,-4.56,-5.746,-5.952,-5.307,3.02,3.351,11.2,2.44,8.925,1.323,-3.519,-5.181,Pepper,Clay Loam,0.521,0.242,30.265,7,0.37,2.818.361,22.89
13.067,107.819,6,265.422,3.64,31.76,26.282,5.579,35.008,33.232,32.451,25.422,6.887,83.557,17.67,12,-5.497,-6.486,-6.622,-6.081,2.767,4.194,15.098,3.589,9.037,0.468,-4.451,-5.979,Pepper,Clay Loam,0.534,0.255,35.116,7,0.429,3.080.685,23.697
13.096,107.727,6,204.487,3.64,35.076,20.105,5.846,32.4,32.524,22.778,25.86,8.09,82.95,17.67,12,-6.57,-7.33,-7.36,-6.7,2.7,5.61,18.96,4.97,9.12,-0.51,-5.8,-7.04,Pepper,Clay Loam,0.568,0.247,41.31,7,0.458,2.501.837,24.531
13.87,107.576,6,271.365,3.64,29.878,23.812,5.8,37.663,32.46,28.432,25.477,6.296,83.252,17.58,12,-5.233,-6.156,-6.266,-5.078,2.864,4.924,12.878,3.596,8.415,0.807,-4.784,-5.995,Pepper,Clay Loam,0.546,0.243,33.512,7,0.385,2.601.564,23.713
13.093,107.788,6,189.676,0.254,36.371,2.155,5.811,31.822,31.897,22.276,25.82,227.9,82.05,18.14,4,-222.95,-224.84,-212.6,-186.27,25.42,125.85,462.77,319.67,217.47,42.22,-150.03,-196.73,Pepper,Clay Loam,0.597,0.248,1193.42,7,0.388,3.274.863,24.587
13.208,107.91,6,209.179,3.64,34.444,22.303,6,35.487,30.07,26.347,24.775,5.066,84.397,17.651,12,-3.888,-5.21,-5.502,-5.095,2.864,2.14,9.25,1.554,8.864,1.92,-2.475,-4.404,Pepper,Clay Loam,0.488,0.245,26.574,7,0.348,2167.97,23.415
12.345,108.156,6,561.705,12.637,34.703,2.845,5.643,32.872,32.403,30.974,23.35,141.43,84.51,17.08,4,-162.08,-169.35,-158.73,-138.82,7,56.24,226.23,162.74,189.26,115.44,-29.2,-98.71,Pepper,Clay Loam,0.444,0.258,756.89,7,0.299,2865.4,19.699
14.534,107.765,6,674,3.64,29.652,25.464,5.7,34.152,36.196,30.92,22.692,3.823,85.597,17.382,12,-2.771,-3.985,-4.8,-3.552,0.127,0.899,3.523,0.25,6.729,6.498,-0.24,-2.702,Pepper,Clay Loam,0.397,0.255,18.05,9,0.373,2.818.361,18.311
13.149,108.272,6,802.064,8.01,32.53,2.253,5.838,35.144,32.326,34.106,24.7,138.1,83.27,17.25,4,-159.26,-166.84,-154.61,-137.12,20.29,47.68,185.83,130.34,211.42,150.74,-24.92,-103.53,Pepper,Clay Loam,0.521,0.257,746.28,9,0.283,2.453.331,19.487
11.821,107.893,6,940.436,3.64,33.856,36.5,5.1,32.425,33.719,36.087,23.589,4.852,83.783,18.25,12,-4.005,-4.88,-4.939,-4.771,1.122,3.908,10.068,2.563,6.662,0.859,-2.773,-3.826,Pepper,Clay Loam,0.472,0.266,25.194,7,0.4,4.119.143,17.476
11.714,108.299,6,1.021.416,3.64,35.304,36.67,5.475,32.165,32.606,39.158,22.313,4.558,85.964,18.527,12,-3.492,-4.762,-4.866,-4.746,1.844,2.805,9.29,2.141,6.952,0.438,-2.229,-3.364,Pepper,Clay Loam,0.378,0.271,23.459,7,0.396,3.306.154,15.674
13.119,107.671,6,180.955,1.164,34.132,2.029,5.984,34.18,31.689,24.286,25.82,227.9,82.05,18.097,4,-222.95,-224.84,-212.6,-186.27,25.42,125.85,462.77,319.67,217.47,42.22,-150.03,-196.73,Pepper,Clay Loam,0.597,0.245,1193.42,7,0.388,2.798.369,24.644
13.207,108.237,6,614.424,1.171,29.588,2.364,5.796,36.346,34.066,29.369,24.7,138.1,83.27,17.25,4,-159.26,-166.84,-154.61,-137.12,20.29,47.68,185.83,130.34,211.42,150.74,-24.92,-103.53,Pepper,Clay Loam,0.521,0.248,746.28,9,0.283,2.542.005,20.706
13.32,107.789,6,191.688,3.64,32.785,19.512,5.81,35.195,32.02,21.228,26.013,7.044,82.625,17.67,12,-5.822,-6.735,-6.783,-5.708,3.214,5.565,15.001,4.14,8.967,0.175,-5.448,-6.607,Pepper,Clay Loam,0.584,0.239,37.103,7,0.405,2.579.884,24.767
14.023,108.235,6,713.154,4.009,31.954,1.898,5.854,34.454,33.593,27.385,23.3,147.86,84.74,16.916,4,-159.46,-175.05,-157.67,-141.05,-0.75,18.07,145.89,104.16,223.27,261.45,-15.89,-102.98,Pepper,Clay Loam,0.437,0.249,752.85,10,0.347,2603.07,18.664
13.111,108.161,6,598.628,2.996,30.734,2.384,5.627,35.843,33.486,31.402,24.7,138.1,83.27,17.188,4,-159.26,-166.84,-154.61,-137.12,20.29,47.68,185.83,130.34,211.42,150.74,-24.92,-103.53,Pepper,Clay Loam,0.521,0.252,746.28,9,0.283,2.898.815,20.809
11.83,107.874,6,586,3.64,35.502,36.443,5.2,32.811,31.687,45.606,22.01,4.8,86.45,17.7,12,-3.64,-4.95,-5.06,-4.94,2.06,2.54,10.12,2.23,7.25,0.26,-2.31,-3.54,Pepper,Clay Loam,0.358,0.278,24.44,7,0.414,3.902.346,18.201
12.763,107.694,6,294.217,5.291,33.679,2.495,5.642,32.568,33.753,29.749,25.601,228.328,82.261,17.87,4,-222.985,-224.802,-212.667,-186.7,23.024,127.553,464.419,321.71,215.265,41.49,-149.78,-196.543,Pepper,Clay Loam,0.582,0.257,1.193.477,7,0.389,3.737.515,23.689
13.283,107.609,6,148.82,3.64,34.236,20.464,5.936,31.718,34.045,23.673,26.03,6.93,82.59,17.67,12,-5.74,-6.67,-6.72,-5.6,3.27,5.56,14.57,4.05,8.95,0.25,-5.41,-6.56,Pepper,Clay Loam,0.586,0.25,36.7,7,0.398,2306.72,25.063
13.586,107.77,6,226.367,1.8,32.312,1.963,5.9,35.525,32.186,24.498,25.96,199.04,81.8,18.14,3,-202.41,-205.29,-190.82,-159.08,55.01,90.16,368.73,274.99,223.54,69.09,-144.32,-179.6,Pepper,Clay Loam,0.61,0.243,1081.52,7,0.341,2.789.688,24.489
13.545,108.261,6,184.8,3.64,36.953,21.613,5.993,35.46,27.587,21.793,24.733,5.054,84.643,16.839,12,-3.873,-5.251,-5.693,-5.04,2.561,2.947,8.335,1.437,8.922,2.938,-2.61,-4.628,Pepper,Clay Loam,0.479,0.239,27.095,9,0.329,2.183.146,23.532
13.563,107.927,6,487.592,3.64,29.13,25.344,5.696,35.385,35.485,29.958,25.045,5.346,83.407,17.241,12,-4.291,-5.418,-5.625,-4.726,2.797,3.409,10.098,2.445,8.381,1.395,-3.484,-4.977,Pepper,Clay Loam,0.527,0.251,28.521,7,0.354,2.827.033,21.876
13.633,108.308,6,215.15,3.344,36.834,2.535,6.085,33.24,29.84,25.621,24.57,141.28,83.7,17.25,4,-159.46,-169.36,-154.13,-136.02,24.8,37.8,167.03,113.53,221.94,194.62,-29.94,-110.79,Pepper,Clay Loam,0.503,0.249,759.7,9,0.292,1.983.693,23.172
13.208,108.367,6,805.162,12.158,32.225,3.142,5.626,34.505,33.27,43.007,24.7,138.1,83.27,17.25,4,-159.26,-166.84,-154.61,-137.12,20.29,47.68,185.83,130.34,211.42,150.74,-24.92,-103.53,Pepper,Clay Loam,0.521,0.271,746.28,9,0.283,2.900.926,19.466
13.942,107.723,6,430.414,4.857,29.59,2.21,5.951,36.517,33.944,27.905,25.25,174.14,81.48,18.14,3,-179.93,-183.32,-167.16,-135.46,50.28,69.26,300.26,253.27,195.98,90.33,-133.36,-160.15,Pepper,Clay Loam,0.595,0.245,959.38,7,0.313,2.401.528,22.452
14.119,107.855,6,611.564,2.082,29.712,2.109,5.568,36.62,33.668,27.099,23.3,147.86,84.74,17.66,4,-159.46,-175.05,-157.67,-141.05,-0.75,18.07,145.89,104.16,223.27,261.45,-15.89,-102.98,Pepper,Clay Loam,0.437,0.244,752.85,10,0.347,3.252.702,19.325
12.61,107.918,6,325.083,1.613,29.363,2.522,5.804,37.258,33.375,19.775,23.35,141.43,84.51,17.87,4,-162.08,-169.35,-158.73,-138.82,7,56.24,226.23,162.74,189.26,115.44,-29.2,-98.71,Pepper,Clay Loam,0.444,0.232,756.89,7,0.299,2.525.438,21.237
12.892,107.9,6,216.237,3.716,33.868,2.094,5.817,33.593,32.63,24.149,24.7,138.1,83.27,17.893,4,-159.26,-166.84,-154.61,-137.12,20.29,47.68,185.83,130.34,211.42,150.74,-24.92,-103.53,Pepper,Clay Loam,0.521,0.247,746.28,9,0.283,2.497.668,23.294
14.409,107.993,6,575.582,3.64,28.562,18.85,5.772,35.077,36.433,24.637,21.85,4.86,88.25,16.955,12,-2.89,-4.84,-6.32,-5.44,-0.87,0.44,3.51,0.03,8.25,9.58,1.25,-2.71,Pepper,Clay Loam,0.308,0.244,23.07,10,0.415,2.662.267,18.109
11.734,108.043,6,719.712,14.091,32.516,3.418,5.5,32.78,34.704,41.264,23.13,106.55,83.84,18.82,4,-132.23,-138.73,-126.4,-98.9,29.53,75.46,156.75,108.52,121.36,101.45,-24.68,-72.15,Pepper,Clay Loam,0.458,0.272,593.09,7,0.264,2.564.235,18.452
13.095,107.882,6,190.145,2.52,37.551,2.108,5.893,31.986,30.464,24.043,24.7,138.1,83.27,18.14,4,-159.26,-166.84,-154.61,-137.12,20.29,47.68,185.83,130.34,211.42,150.74,-24.92,-103.53,Pepper,Clay Loam,0.521,0.25,746.28,9,0.283,2.337.209,23.464
14.531,108.239,6,935.268,12.082,34.835,3.046,5.501,32.602,32.662,36.89,21.74,170.32,87.04,16.642,3,-158.95,-186.38,-169.92,-152.62,-53.36,-34.84,75.1,61.71,223.52,408.66,45.38,-58.32,Pepper,Clay Loam,0.337,0.267,814.39,10,0.502,3746.87,15.661
13.122,107.909,6,210.261,1.744,33.07,1.944,5.991,34.204,32.722,24.07,24.7,138.1,83.27,18.14,4,-159.26,-166.84,-154.61,-137.12,20.29,47.68,185.83,130.34,211.42,150.74,-24.92,-103.53,Pepper,Clay Loam,0.521,0.245,746.28,9,0.283,2.130.302,23.333
11.795,107.972,6,636.25,9.542,32.476,3.447,5.526,32.552,34.971,37.708,21.95,131.13,85.44,18.1,4,-152.51,-159.92,-148.72,-125.06,10.18,63.52,221.54,158.42,155.14,94.38,-30.14,-86.85,Pepper,Clay Loam,0.384,0.268,703.2,7,0.315,2.913.553,17.814
13.949,108.167,6,678.293,0.604,33.265,2.349,5.835,34.788,31.847,25.301,23.3,147.86,84.74,17.25,4,-159.46,-175.05,-157.67,-141.05,-0.75,18.07,145.89,104.16,223.27,261.45,-15.89,-102.98,Pepper,Clay Loam,0.437,0.245,752.85,10,0.347,2.646.228,18.891
13.437,108.394,6,171.517,0,32.468,1.773,5.93,37.599,29.933,20.727,24.57,141.28,83.7,17.25,4,-159.46,-169.36,-154.13,-136.02,24.8,37.8,167.03,113.53,221.94,194.62,-29.94,-110.79,Pepper,Clay Loam,0.503,0.233,759.7,9,0.292,2.319.728,23.455
13.111,108.008,6,362,3.64,31.229,24.257,5.77,35.896,32.875,26,24.712,4.998,84.595,17.268,12,-3.812,-5.176,-5.535,-5.085,2.744,2.279,8.722,1.393,8.913,2.376,-2.39,-4.399,Pepper,Clay Loam,0.48,0.244,26.397,9,0.337,2.666.603,22.359
13.49,108.057,6,264.324,0.367,35.148,2.052,5.8,32.845,32.007,24.227,24.57,141.28,83.7,17.25,4,-159.46,-169.36,-154.13,-136.02,24.8,37.8,167.03,113.53,221.94,194.62,-29.94,-110.79,Pepper,Clay Loam,0.503,0.248,759.7,9,0.292,2.601.564,22.852
13.926,108.342,6,873.175,15.976,32.332,2.812,5.6,33.469,34.265,38.143,23.3,147.86,84.74,17.25,4,-159.46,-175.05,-157.67,-141.05,-0.75,18.07,145.89,104.16,223.27,261.45,-15.89,-102.98,Pepper,Clay Loam,0.437,0.266,752.85,10,0.347,3.180.016,17.624
13.648,108.035,6,446.556,9.532,28.6,2.239,5.781,37.185,34.215,29.226,24.57,141.28,83.7,17.415,4,-159.46,-169.36,-154.13,-136.02,24.8,37.8,167.03,113.53,221.94,194.62,-29.94,-110.79,Pepper,Clay Loam,0.503,0.245,759.7,9,0.292,2.642.755,21.667
14.009,108.336,6,713.826,3.919,29.904,2.251,5.817,32.522,37.674,34.224,23.3,147.86,84.74,16.63,4,-159.46,-175.05,-157.67,-141.05,-0.75,18.07,145.89,104.16,223.27,261.45,-15.89,-102.98,Pepper,Clay Loam,0.437,0.263,752.85,10,0.347,2.687.114,18.66
14.135,108.311,6,774,0.832,32.731,1.806,5.8,33.038,34.231,28.279,23.3,147.86,84.74,16.63,4,-159.46,-175.05,-157.67,-141.05,-0.75,18.07,145.89,104.16,223.27,261.45,-15.89,-102.98,Pepper,Clay Loam,0.437,0.254,752.85,10,0.347,2.725.728,18.269
12.53,107.738,6,565.424,10.958,36.555,2.399,5.7,32.83,30.615,37.927,23.73,231.98,84.06,17.87,4,-223.28,-224.48,-213.24,-190.37,2.58,142.09,478.49,339.12,196.45,35.26,-147.65,-194.95,Pepper,Clay Loam,0.468,0.268,1193.97,7,0.401,3.554.811,20.055
12.705,108.223,6,573.759,2.488,32.558,2.19,5.6,37.264,30.178,33.434,23.35,141.43,84.51,17.08,4,-162.08,-169.35,-158.73,-138.82,7,56.24,226.23,162.74,189.26,115.44,-29.2,-98.71,Pepper,Clay Loam,0.444,0.251,756.89,7,0.299,2.956.198,19.621
12.691,107.972,6,346.759,3.69,30.378,2.257,5.8,36.319,33.276,23.816,23.35,141.43,84.51,17.289,4,-162.08,-169.35,-158.73,-138.82,7,56.24,226.23,162.74,189.26,115.44,-29.2,-98.71,Pepper,Clay Loam,0.444,0.24,756.89,7,0.299,2.533.884,21.096
14.892,107.968,6,1.618.958,3.64,32.657,72.817,5.206,35.508,31.835,56.713,21.944,6.582,88.456,17.237,12,-2.35,-4.821,-7.425,-6.601,-3.361,-2.244,-0.375,-2.464,7.636,16.542,5.833,-0.399,Pepper,Clay Loam,0.304,0.288,30.04,10,0.551,3.889.338,11.421
13.595,107.753,6,230.014,1.548,33.011,1.906,5.9,35.19,31.882,24.893,25.96,199.04,81.8,18.14,3,-202.41,-205.29,-190.82,-159.08,55.01,90.16,368.73,274.99,223.54,69.09,-144.32,-179.6,Pepper,Clay Loam,0.61,0.244,1081.52,7,0.341,2.789.688,24.465
11.729,108.354,6,927.614,0.889,34.184,2.979,5.697,35.733,30.08,25.751,23.13,106.55,83.84,18.82,4,-132.23,-138.73,-126.4,-98.9,29.53,75.46,156.75,108.52,121.36,101.45,-24.68,-72.15,Pepper,Clay Loam,0.458,0.244,593.09,7,0.264,2.227.465,17.101
13.485,108.091,6,234.295,1.166,32.864,2.2,5.97,36.214,30.893,26.418,24.57,141.28,83.7,17.877,4,-159.46,-169.36,-154.13,-136.02,24.8,37.8,167.03,113.53,221.94,194.62,-29.94,-110.79,Pepper,Clay Loam,0.503,0.244,759.7,9,0.292,2.233.009,23.047
14.384,107.972,6,530.231,3.565,31.2,2.009,5.7,35.223,33.577,21.785,21.74,170.32,87.04,17.66,3,-158.95,-186.38,-169.92,-152.62,-53.36,-34.84,75.1,61.71,223.52,408.66,45.38,-58.32,Pepper,Clay Loam,0.337,0.239,814.39,10,0.502,3.249.454,18.293
12.112,107.575,6,757.625,3.64,35.54,32.288,5.538,32.963,31.498,30.548,24.09,6.14,82.81,17.53,12,-5.22,-5.74,-5.76,-5.53,1.01,4.33,14.19,3.44,7.41,0.73,-3.78,-5.08,Pepper,Clay Loam,0.516,0.257,31.11,7,0.456,3.169.572,19.165
12.534,108.115,6,435.472,1.166,34.215,1.904,5.815,36.463,29.322,28.278,23.35,141.43,84.51,17.08,4,-162.08,-169.35,-158.73,-138.82,7,56.24,226.23,162.74,189.26,115.44,-29.2,-98.71,Pepper,Clay Loam,0.444,0.246,756.89,7,0.299,2502.21,20.519
13.13,108.336,6,761.737,7.397,35.53,2.362,5.759,35.244,29.226,33.3,24.7,138.1,83.27,17.215,4,-159.26,-166.84,-154.61,-137.12,20.29,47.68,185.83,130.34,211.42,150.74,-24.92,-103.53,Pepper,Clay Loam,0.521,0.256,746.28,9,0.283,2.620.123,19.749
13.304,108.225,6,563.035,9.444,30.131,2.281,5.876,36.549,33.32,33.237,24.57,141.28,83.7,17.25,4,-159.46,-169.36,-154.13,-136.02,24.8,37.8,167.03,113.53,221.94,194.62,-29.94,-110.79,Pepper,Clay Loam,0.503,0.252,759.7,9,0.292,2.436.798,20.91
13.31,107.784,6,183.54,3.64,37.046,17.316,5.862,32.87,30.085,20.954,25.495,6.156,83.437,17.67,12,-4.97,-6.085,-6.297,-5.369,2.977,4.482,11.998,2.972,8.938,1.359,-4.255,-5.763,Pepper,Clay Loam,0.54,0.244,32.739,7,0.367,2467.15,24.302
13.363,107.937,6,206.225,3.64,32.78,18.231,5.823,35.942,31.255,24.242,24.665,4.947,84.722,17.67,12,-3.765,-5.159,-5.591,-5.029,2.591,2.593,8.178,1.3,8.918,2.869,-2.403,-4.458,Pepper,Clay Loam,0.474,0.241,26.405,9,0.337,2.551.701,23.325
12.434,108.032,6,529.205,10.502,33.412,2.568,5.571,33.661,32.926,27.689,23.35,141.43,84.51,17.08,4,-162.08,-169.35,-158.73,-138.82,7,56.24,226.23,162.74,189.26,115.44,-29.2,-98.71,Pepper,Clay Loam,0.444,0.251,756.89,7,0.299,3.017.434,19.91
14.751,108.08,6,785.121,3.64,31.45,42.774,5.6,36.447,32.103,43.582,22.131,4.086,86.755,16.762,12,-2.651,-4.119,-5.265,-4.082,-0.621,0.302,2.794,-0.071,6.967,8.27,0.799,-2.349,Pepper,Clay Loam,0.353,0.267,19.158,10,0.432,3.035.158,17.028
13.993,107.898,6,667.21,5.118,29.171,2.114,5.696,34.867,35.957,30.431,23.3,147.86,84.74,18.077,4,-159.46,-175.05,-157.67,-141.05,-0.75,18.07,145.89,104.16,223.27,261.45,-15.89,-102.98,Pepper,Clay Loam,0.437,0.252,752.85,10,0.347,2.961.958,18.963
14.036,108.317,6,730.032,1.099,31.306,1.898,5.797,32.773,35.92,25.754,23.3,147.86,84.74,16.662,4,-159.46,-175.05,-157.67,-141.05,-0.75,18.07,145.89,104.16,223.27,261.45,-15.89,-102.98,Pepper,Clay Loam,0.437,0.251,752.85,10,0.347,2.732.542,18.555
14.374,108.313,6,1106.61,3.64,32.96,46.234,5.3,33.201,33.818,62.103,21.85,4.86,88.25,16.419,12,-2.89,-4.84,-6.32,-5.44,-0.87,0.44,3.51,0.03,8.25,9.58,1.25,-2.71,Pepper,Clay Loam,0.308,0.301,23.07,10,0.415,3.685.549,14.657
13.619,108.097,6,663.171,3.64,32.054,25.124,5.8,35.536,32.41,30.109,24.372,4.73,84.836,16.918,12,-3.712,-4.924,-5.232,-4.556,2.434,2.19,8.447,1.608,8.193,2.225,-2.415,-4.227,Pepper,Clay Loam,0.463,0.25,25.066,7,0.337,2.601.564,20.061
12.666,107.991,6,388.96,0.88,28.684,2.316,5.796,35.192,36.026,22.762,23.35,141.43,84.51,17.87,4,-162.08,-169.35,-158.73,-138.82,7,56.24,226.23,162.74,189.26,115.44,-29.2,-98.71,Pepper,Clay Loam,0.444,0.241,756.89,7,0.299,2542.33,20.822
13.339,108.055,6,321.602,3.49,32.413,2.843,5.719,35.524,32.103,26.964,24.57,141.28,83.7,17.25,4,-159.46,-169.36,-154.13,-136.02,24.8,37.8,167.03,113.53,221.94,194.62,-29.94,-110.79,Pepper,Clay Loam,0.503,0.246,759.7,9,0.292,2777.17,22.48
14.061,107.96,6,657.341,3.64,32.375,23.355,5.8,34.402,33.223,30.12,23.999,4.423,85.177,17.054,12,-3.576,-4.66,-4.977,-3.988,2.002,2.358,7.731,1.744,7.483,2.477,-2.45,-4.105,Pepper,Clay Loam,0.442,0.253,23.756,7,0.325,2.601.564,19.726
13.491,108.257,6,522.519,3.64,34.982,23.72,5.825,35.238,29.78,25.374,23.38,4.866,85.9,16.745,12,-3.606,-5.135,-5.732,-5.083,1.623,2.301,7.596,1.367,8.62,4.046,-1.829,-4.155,Pepper,Clay Loam,0.405,0.244,25.54,9,0.337,2.547.365,19.984
13.532,108.067,6,419.329,3.291,30.709,2.087,5.781,35.008,34.201,23.059,24.57,141.28,83.7,17.418,4,-159.46,-169.36,-154.13,-136.02,24.8,37.8,167.03,113.53,221.94,194.62,-29.94,-110.79,Pepper,Clay Loam,0.503,0.242,759.7,9,0.292,2.642.755,21.844
14.655,107.888,6,629.878,5.327,33.772,2.306,5.734,31.828,34.401,28.94,21.74,170.32,87.04,17.66,3,-158.95,-186.38,-169.92,-152.62,-53.36,-34.84,75.1,61.71,223.52,408.66,45.38,-58.32,Pepper,Clay Loam,0.337,0.257,814.39,10,0.502,3.164.468,17.646
14.29,107.682,6,321.863,5.898,28.107,3.232,5.613,34.769,37.124,37.428,23.36,139.49,84.71,17.66,3,-150.13,-154.94,-139.28,-111.93,18.2,34.11,207.98,194.59,162.57,151.62,-93.27,-119.51,Pepper,Clay Loam,0.439,0.262,769.06,7,0.27,2.753.722,21.268
13.121,108.29,6,785.323,6.563,36.265,2.267,5.766,34.01,29.693,34.263,24.7,138.1,83.27,17.25,4,-159.26,-166.84,-154.61,-137.12,20.29,47.68,185.83,130.34,211.42,150.74,-24.92,-103.53,Pepper,Clay Loam,0.521,0.26,746.28,9,0.283,2.605.344,19.595
14.076,108.002,6,730.928,2.22,31.486,1.844,5.707,37.704,30.81,27.278,23.3,147.86,84.74,17.586,4,-159.46,-175.05,-157.67,-141.05,-0.75,18.07,145.89,104.16,223.27,261.45,-15.89,-102.98,Pepper,Clay Loam,0.437,0.241,752.85,10,0.347,2.936.972,18.549
13.18,107.62,6,166.775,1.493,33.77,2.217,5.978,33.022,33.208,23.763,25.82,227.9,82.05,18.14,4,-222.95,-224.84,-212.6,-186.27,25.42,125.85,462.77,319.67,217.47,42.22,-150.03,-196.73,Pepper,Clay Loam,0.597,0.247,1193.42,7,0.388,2.814.895,24.736
14.259,107.754,6,602.21,6.966,27.988,2.289,5.563,39.014,32.898,27.549,23.36,139.49,84.71,17.66,3,-150.13,-154.94,-139.28,-111.93,18.2,34.11,207.98,194.59,162.57,151.62,-93.27,-119.51,Pepper,Clay Loam,0.439,0.239,769.06,7,0.27,2.852.991,19.446
13.696,107.938,6,486.16,4.747,29.314,2.304,5.614,35.583,35.061,29.015,24.57,141.28,83.7,17.755,4,-159.46,-169.36,-154.13,-136.02,24.8,37.8,167.03,113.53,221.94,194.62,-29.94,-110.79,Pepper,Clay Loam,0.503,0.249,759.7,9,0.292,3.004.806,21.41
13.106,107.788,6,188.682,1.033,35.973,2.108,5.844,31.888,32.195,22.508,25.82,227.9,82.05,18.14,4,-222.95,-224.84,-212.6,-186.27,25.42,125.85,462.77,319.67,217.47,42.22,-150.03,-196.73,Pepper,Clay Loam,0.597,0.248,1193.42,7,0.388,3.183.971,24.594
11.721,108.037,6,906.129,7.34,34.548,3.113,5.561,37.2,28.251,32.823,23.13,106.55,83.84,18.541,4,-132.23,-138.73,-126.4,-98.9,29.53,75.46,156.75,108.52,121.36,101.45,-24.68,-72.15,Pepper,Clay Loam,0.458,0.25,593.09,7,0.264,2.459.956,17.24
13.46,108.115,6,320.602,1.62,34.774,2.666,5.9,34.24,31.08,25.728,24.57,141.28,83.7,17.25,4,-159.46,-169.36,-154.13,-136.02,24.8,37.8,167.03,113.53,221.94,194.62,-29.94,-110.79,Pepper,Clay Loam,0.503,0.247,759.7,9,0.292,2.384.767,22.486
12.668,107.93,6,353.037,2.443,31.126,2.335,5.672,35.541,33.309,27.445,23.35,141.43,84.51,17.87,4,-162.08,-169.35,-158.73,-138.82,7,56.24,226.23,162.74,189.26,115.44,-29.2,-98.71,Pepper,Clay Loam,0.444,0.247,756.89,7,0.299,2.804.165,21.055
13.128,108.289,6,799.028,1.955,33.882,2.778,5.712,34.776,31.354,47.29,24.7,138.1,83.27,17.25,4,-159.26,-166.84,-154.61,-137.12,20.29,47.68,185.83,130.34,211.42,150.74,-24.92,-103.53,Pepper,Clay Loam,0.521,0.276,746.28,9,0.283,2.719.354,19.506
12.579,107.658,6,688.21,3.64,35.39,29.532,5.459,33.239,31.39,30.559,23.966,5.713,83.375,17.475,12,-4.857,-5.452,-5.533,-5.064,1.083,3.988,12.711,3.144,7.222,1.147,-3.527,-4.853,Pepper,Clay Loam,0.495,0.256,29.286,7,0.434,3.340.842,19.493
12.437,108.027,6,569.756,12.476,35.057,2.577,5.511,32.686,32.257,39.139,23.35,141.43,84.51,17.08,4,-162.08,-169.35,-158.73,-138.82,7,56.24,226.23,162.74,189.26,115.44,-29.2,-98.71,Pepper,Clay Loam,0.444,0.27,756.89,7,0.299,3.144.128,19.647
12.56,108.298,6,444,1.641,31.985,2.486,6.029,38.006,30.008,30.085,23.35,141.43,84.51,17.08,4,-162.08,-169.35,-158.73,-138.82,7,56.24,226.23,162.74,189.26,115.44,-29.2,-98.71,Pepper,Clay Loam,0.444,0.245,756.89,7,0.299,2.050.334,20.464
12.032,107.728,6,703.725,4.286,32.929,2.699,5.5,35.828,31.214,29.444,24.04,181.62,82.12,18.034,4,-188.5,-190,-176.72,-153.36,10.7,136.2,344.01,256.97,158.52,68.86,-111.48,-155.21,Pepper,Clay Loam,0.535,0.249,975.27,7,0.353,3.466.725,19.466
13.105,107.875,6,187.503,2.215,37.753,2.113,5.863,32.139,30.108,23.95,24.7,138.1,83.27,18.14,4,-159.26,-166.84,-154.61,-137.12,20.29,47.68,185.83,130.34,211.42,150.74,-24.92,-103.53,Pepper,Clay Loam,0.521,0.25,746.28,9,0.283,2.400.548,23.481
13.296,108.006,6,303.336,10.119,33.539,2.56,5.742,34.172,32.289,29.801,24.57,141.28,83.7,18.017,4,-159.46,-169.36,-154.13,-136.02,24.8,37.8,167.03,113.53,221.94,194.62,-29.94,-110.79,Pepper,Clay Loam,0.503,0.253,759.7,9,0.292,2.727.306,22.598
12.485,108.015,6,416.386,0.674,34.877,2.043,5.785,35.962,29.231,23.153,23.35,141.43,84.51,17.08,4,-162.08,-169.35,-158.73,-138.82,7,56.24,226.23,162.74,189.26,115.44,-29.2,-98.71,Pepper,Clay Loam,0.444,0.24,756.89,7,0.299,2.565.558,20.643
13.504,107.886,6,206.486,3.64,32.389,20.93,5.916,37.319,30.292,22.565,24.64,4.92,84.79,17.598,12,-3.74,-5.15,-5.62,-5,2.51,2.76,7.89,1.25,8.92,3.13,-2.41,-4.49,Pepper,Clay Loam,0.472,0.236,26.41,9,0.337,2.350.079,23.298
12.589,107.79,6,554.252,3.64,33.087,21.003,5.775,34.581,32.282,24.258,24.025,7.306,84.826,17.306,12,-5.854,-6.633,-6.724,-6.379,2.055,4.278,17.036,4.132,8.798,-0.064,-4.623,-6.055,Pepper,Clay Loam,0.453,0.244,36.332,7,0.469,2.655.763,20.422
13.325,107.985,6,276.755,5.461,34.81,2.539,5.624,34.016,31.173,29.596,24.57,141.28,83.7,17.922,4,-159.46,-169.36,-154.13,-136.02,24.8,37.8,167.03,113.53,221.94,194.62,-29.94,-110.79,Pepper,Clay Loam,0.503,0.253,759.7,9,0.292,2.983.127,22.771
13.227,107.846,6,178.461,0.957,34.996,2.101,5.854,33.154,31.85,23.182,24.7,138.1,83.27,18.14,4,-159.26,-166.84,-154.61,-137.12,20.29,47.68,185.83,130.34,211.42,150.74,-24.92,-103.53,Pepper,Clay Loam,0.521,0.246,746.28,9,0.283,2419.55,23.54
13.31,107.893,6,198.158,3.099,35.695,1.938,5.716,34.442,29.947,24.137,24.57,141.28,83.7,18.14,4,-159.46,-169.36,-154.13,-136.02,24.8,37.8,167.03,113.53,221.94,194.62,-29.94,-110.79,Pepper,Clay Loam,0.503,0.245,759.7,9,0.292,2.783.673,23.282
12.535,107.955,6,423.371,3.64,34.103,26.18,5.681,31.806,34.164,27.978,23.774,5.186,85.386,17.326,12,-3.923,-5.27,-5.475,-5.254,2.724,1.882,10.438,1.885,8.568,1.052,-2.409,-4.197,Pepper,Clay Loam,0.43,0.256,26.528,7,0.393,2.859.552,21.022
14.918,107.874,6,1.186.671,3.64,33.034,46.964,5.478,33.546,33.342,50.066,22.262,3.726,86.06,17.018,12,-2.541,-3.784,-4.775,-3.452,-0.505,0.238,2.462,-0.118,6.371,7.662,0.59,-2.182,Pepper,Clay Loam,0.374,0.283,17.357,10,0.442,3299.65,14.549
12.897,107.673,6,234.375,3.64,35.7,23.334,5.634,34.147,30.188,27.778,25.86,8.09,82.95,17.578,12,-6.57,-7.33,-7.36,-6.7,2.7,5.61,18.96,4.97,9.12,-0.51,-5.8,-7.04,Pepper,Clay Loam,0.568,0.25,41.31,7,0.458,2.961.447,24.337
13.488,107.868,6,252.661,3.64,32.618,19.474,5.753,36.881,30.419,24.166,24.66,4.941,84.737,17.645,12,-3.76,-5.157,-5.597,-5.023,2.574,2.629,8.117,1.289,8.918,2.924,-2.405,-4.465,Pepper,Clay Loam,0.474,0.239,26.407,9,0.337,2.703.459,23.018
13.634,108.156,6,370.455,5.868,35.261,2.378,5.9,34.283,30.456,27.499,24.57,141.28,83.7,17.655,4,-159.46,-169.36,-154.13,-136.02,24.8,37.8,167.03,113.53,221.94,194.62,-29.94,-110.79,Pepper,Clay Loam,0.503,0.25,759.7,9,0.292,2.384.767,22.162
13.775,107.961,6,655.985,2.146,29.068,2.416,5.702,36.074,34.958,26.009,23.3,147.86,84.74,18.14,4,-159.46,-175.05,-157.67,-141.05,-0.75,18.07,145.89,104.16,223.27,261.45,-15.89,-102.98,Pepper,Clay Loam,0.437,0.243,752.85,10,0.347,2.948.329,19.036
14.077,107.998,6,730.75,2.199,31.437,1.852,5.713,37.724,30.838,27.394,23.3,147.86,84.74,17.596,4,-159.46,-175.05,-157.67,-141.05,-0.75,18.07,145.89,104.16,223.27,261.45,-15.89,-102.98,Pepper,Clay Loam,0.437,0.242,752.85,10,0.347,2.923.343,18.55
13.768,107.945,6,655.043,19.112,27.091,2.2,5.796,34.473,38.536,26.574,23.3,147.86,84.74,18.14,4,-159.46,-175.05,-157.67,-141.05,-0.75,18.07,145.89,104.16,223.27,261.45,-15.89,-102.98,Pepper,Clay Loam,0.437,0.248,752.85,10,0.347,2.734.814,19.042
13.346,108.223,6,582.198,7.765,33.975,2.854,5.684,36.702,29.323,35.246,24.57,141.28,83.7,17.25,4,-159.46,-169.36,-154.13,-136.02,24.8,37.8,167.03,113.53,221.94,194.62,-29.94,-110.79,Pepper,Clay Loam,0.503,0.255,759.7,9,0.292,2.853.049,20.786
13.598,107.661,6,200.605,3.678,31.534,2.133,5.826,35.471,32.995,25.516,25.96,199.04,81.8,18.14,3,-202.41,-205.29,-190.82,-159.08,55.01,90.16,368.73,274.99,223.54,69.09,-144.32,-179.6,Pepper,Clay Loam,0.61,0.244,1081.52,7,0.341,2.977.358,24.656
14.072,107.858,6,626.192,0.458,28.377,2.034,5.573,38.311,33.285,26.066,23.3,147.86,84.74,17.66,4,-159.46,-175.05,-157.67,-141.05,-0.75,18.07,145.89,104.16,223.27,261.45,-15.89,-102.98,Pepper,Clay Loam,0.437,0.238,752.85,10,0.347,3.241.345,19.23
14.385,108.023,6,536.093,1.563,30.791,1.973,5.782,36.954,32.255,21.255,21.74,170.32,87.04,16.818,3,-158.95,-186.38,-169.92,-152.62,-53.36,-34.84,75.1,61.71,223.52,408.66,45.38,-58.32,Pepper,Clay Loam,0.337,0.235,814.39,10,0.502,3.044.488,18.255
11.63,108.201,6,797.414,2.756,34.361,2.883,5.621,34.999,30.719,29.852,23.13,106.55,83.84,18.82,4,-132.23,-138.73,-126.4,-98.9,29.53,75.46,156.75,108.52,121.36,101.45,-24.68,-72.15,Pepper,Clay Loam,0.458,0.251,593.09,7,0.264,2.357.387,17.947
13.501,107.801,6,212.389,3.017,32.396,2.081,5.751,36.784,30.82,23,25.96,199.04,81.8,18.14,3,-202.41,-205.29,-190.82,-159.08,55.01,90.16,368.73,274.99,223.54,69.09,-144.32,-179.6,Pepper,Clay Loam,0.61,0.238,1081.52,7,0.341,3.167.564,24.579
12.815,108.211,6,648.044,3.64,33.942,22.705,5.7,36.261,29.797,31.461,24.75,5.04,84.49,16.662,12,-3.85,-5.19,-5.49,-5.13,2.87,2.02,9.17,1.47,8.91,1.97,-2.38,-4.35,Pepper,Clay Loam,0.484,0.251,26.39,7,0.347,2.818.361,20.538
12.569,108.129,6,525.061,6.087,33.34,2.451,5.573,35.206,31.407,33.922,23.35,141.43,84.51,17.08,4,-162.08,-169.35,-158.73,-138.82,7,56.24,226.23,162.74,189.26,115.44,-29.2,-98.71,Pepper,Clay Loam,0.444,0.257,756.89,7,0.299,3013.21,19.937
13.023,107.817,6,208.373,3.64,32.805,22.551,5.763,35.629,31.512,25.714,25.258,6.436,83.785,17.67,12,-5.095,-6.17,-6.346,-5.849,2.792,3.663,13.651,3.072,9.006,0.835,-3.946,-5.581,Pepper,Clay Loam,0.522,0.244,32.987,7,0.413,2.681.779,23.904
13.121,108.296,6,796.506,7.676,33.889,2.325,5.841,34.887,31.283,37.168,24.7,138.1,83.27,17.25,4,-159.26,-166.84,-154.61,-137.12,20.29,47.68,185.83,130.34,211.42,150.74,-24.92,-103.53,Pepper,Clay Loam,0.521,0.262,746.28,9,0.283,2.446.997,19.523
14.359,107.9,6,569.492,3.994,32.754,1.927,5.8,35.177,32.069,25.81,21.74,170.32,87.04,17.66,3,-158.95,-186.38,-169.92,-152.62,-53.36,-34.84,75.1,61.71,223.52,408.66,45.38,-58.32,Pepper,Clay Loam,0.337,0.245,814.39,10,0.502,2.999.496,18.038
13.887,108.052,6,691.702,3.607,31.866,2.115,5.7,33.94,34.193,23.241,23.3,147.86,84.74,17.066,4,-159.46,-175.05,-157.67,-141.05,-0.75,18.07,145.89,104.16,223.27,261.45,-15.89,-102.98,Pepper,Clay Loam,0.437,0.244,752.85,10,0.347,2.952.872,18.804
13.551,107.905,6,249.045,4.778,33.47,1.899,5.687,37.817,28.713,23.765,24.57,141.28,83.7,18.14,4,-159.46,-169.36,-154.13,-136.02,24.8,37.8,167.03,113.53,221.94,194.62,-29.94,-110.79,Pepper,Clay Loam,0.503,0.236,759.7,9,0.292,2.846.545,22.951
13.317,108.038,6,301.267,8.401,33.711,2.56,5.793,34.138,32.151,29.18,24.57,141.28,83.7,17.863,4,-159.46,-169.36,-154.13,-136.02,24.8,37.8,167.03,113.53,221.94,194.62,-29.94,-110.79,Pepper,Clay Loam,0.503,0.252,759.7,9,0.292,2616.74,22.612
13.8,107.656,6,372.127,2.959,27.289,2.206,5.9,37.021,35.69,26.647,25.25,174.14,81.48,18.14,3,-179.93,-183.32,-167.16,-135.46,50.28,69.26,300.26,253.27,195.98,90.33,-133.36,-160.15,Pepper,Clay Loam,0.595,0.242,959.38,7,0.313,2.518.285,22.831
13.168,107.828,6,855.273,3.64,32.873,28.6,5.573,33.446,33.682,32.673,21.977,5.473,87.185,17.428,12,-3.178,-4.906,-5.94,-5.558,0.049,0.772,6.268,0.502,7.399,6.294,0.691,-2.391,Pepper,Clay Loam,0.338,0.259,21.973,9,0.337,3.093.693,16.418
12.545,108.259,6,444.478,1.769,32.175,2.277,6.004,37.689,30.112,30.012,23.35,141.43,84.51,17.08,4,-162.08,-169.35,-158.73,-138.82,7,56.24,226.23,162.74,189.26,115.44,-29.2,-98.71,Pepper,Clay Loam,0.444,0.245,756.89,7,0.299,2.103.124,20.461
11.903,108.437,6,1324.2,3.64,37.608,37.504,5.284,33.116,29.276,39.112,22.909,3.624,87.592,18.81,12,-1.767,-4.48,-4.892,-4.814,1.774,1.498,5.03,0.475,6.645,1.847,0.327,-1.633,Pepper,Clay Loam,0.347,0.269,17.586,9,0.378,3.720.237,14.302
13.349,108.029,6,325.692,5.422,32.377,2.608,5.738,35.569,32.008,25.861,24.57,141.28,83.7,17.25,4,-159.46,-169.36,-154.13,-136.02,24.8,37.8,167.03,113.53,221.94,194.62,-29.94,-110.79,Pepper,Clay Loam,0.503,0.244,759.7,9,0.292,2.735.978,22.453
11.903,107.835,6,715.963,3.64,31.234,31.565,5.398,34.393,34.374,36.577,22.023,4.804,86.443,17.698,12,-3.643,-4.953,-5.064,-4.943,2.066,2.533,10.127,2.228,7.261,0.264,-2.311,-3.546,Pepper,Clay Loam,0.359,0.262,24.46,7,0.414,3.473.088,17.369
13.59,108.225,6,326.74,3.64,32.445,26.755,6.026,36.273,31.283,31.056,24.349,4.688,85.007,16.896,12,-3.651,-4.935,-5.371,-4.549,2.231,2.721,7.596,1.42,8.313,3.058,-2.432,-4.352,Pepper,Clay Loam,0.457,0.25,25.29,9,0.328,2.111.603,22.225
13.15,107.609,6,173,3.64,32.464,19.497,5.8,34.335,33.201,24.197,25.86,8.09,82.95,17.67,12,-6.57,-7.33,-7.36,-6.7,2.7,5.61,18.96,4.97,9.12,-0.51,-5.8,-7.04,Pepper,Clay Loam,0.568,0.245,41.31,7,0.458,2.601.564,24.736
13.178,107.619,6,167.984,1.666,33.609,2.158,6.098,33.1,33.291,24.683,25.82,227.9,82.05,18.14,4,-222.95,-224.84,-212.6,-186.27,25.42,125.85,462.77,319.67,217.47,42.22,-150.03,-196.73,Pepper,Clay Loam,0.597,0.248,1193.42,7,0.388,2.484.379,24.728
13.648,107.698,6,233.702,0.813,31.128,1.899,5.99,37.082,31.89,22.027,25.96,199.04,81.8,18.14,3,-202.41,-205.29,-190.82,-159.08,55.01,90.16,368.73,274.99,223.54,69.09,-144.32,-179.6,Pepper,Clay Loam,0.61,0.236,1081.52,7,0.341,2.561.441,24.441
13.59,108.006,6,134.825,3.64,34.659,21.256,5.761,33.674,31.726,27.409,24.438,5.619,84.607,17.137,12,-4.393,-5.718,-6.181,-5.247,2.073,3.705,9.728,2.308,8.788,3.195,-3.148,-5.124,Pepper,Clay Loam,0.472,0.251,29.811,7,0.326,2.686.115,23.562
12.685,107.985,6,352.799,3.694,29.68,2.264,5.8,37.22,33.1,23.86,23.35,141.43,84.51,17.238,4,-162.08,-169.35,-158.73,-138.82,7,56.24,226.23,162.74,189.26,115.44,-29.2,-98.71,Pepper,Clay Loam,0.444,0.238,756.89,7,0.299,2.533.884,21.057
12.91,107.919,6,275.471,2.555,30.063,2.42,5.939,36.606,33.331,26.855,24.7,138.1,83.27,17.87,4,-159.26,-166.84,-154.61,-137.12,20.29,47.68,185.83,130.34,211.42,150.74,-24.92,-103.53,Pepper,Clay Loam,0.521,0.243,746.28,9,0.283,2.240.089,22.909
12.51,108.13,6,432.996,0.885,34.011,1.937,5.833,36.554,29.435,28.699,23.35,141.43,84.51,17.08,4,-162.08,-169.35,-158.73,-138.82,7,56.24,226.23,162.74,189.26,115.44,-29.2,-98.71,Pepper,Clay Loam,0.444,0.246,756.89,7,0.299,2.464.202,20.536
13.594,108.263,6,236.068,1.289,35.667,2.301,5.927,34.073,30.16,28.999,24.57,141.28,83.7,17.25,4,-159.46,-169.36,-154.13,-136.02,24.8,37.8,167.03,113.53,221.94,194.62,-29.94,-110.79,Pepper,Clay Loam,0.503,0.252,759.7,9,0.292,2.326.232,23.036
13.972,108.226,6,675.92,2.477,31.961,2.251,5.738,35.185,32.816,26.671,23.3,147.86,84.74,17.25,4,-159.46,-175.05,-157.67,-141.05,-0.75,18.07,145.89,104.16,223.27,261.45,-15.89,-102.98,Pepper,Clay Loam,0.437,0.246,752.85,10,0.347,2.866.557,18.907
14.492,107.659,6,338.795,10.949,30.398,2.94,5.6,34.5,35.102,41.847,23.36,139.49,84.71,17.66,3,-150.13,-154.94,-139.28,-111.93,18.2,34.11,207.98,194.59,162.57,151.62,-93.27,-119.51,Pepper,Clay Loam,0.439,0.269,769.06,7,0.27,2.779.532,21.158
13.54,108.293,6,226.711,3.64,35.18,25.393,6.029,35.427,29.457,27.269,24.621,4.443,85.834,16.78,12,-2.966,-4.57,-5.472,-5.013,1.35,0.929,5.331,-0.297,7.818,5.625,0.613,-3.323,Pepper,Clay Loam,0.439,0.247,21.641,9,0.361,2.105.099,23.147
14.164,107.857,6,766.378,3.64,26.365,25.584,5.622,37.905,35.73,31.419,23.37,4.74,85.96,17.25,12,-3.49,-5.08,-5.82,-5.01,1.27,2.46,6.48,1.14,8.68,5.17,-1.63,-4.16,Pepper,Loam,0.403,0.247,25.19,9,0.344,2.987.463,18.389
12.419,108.215,6,750.229,3.64,34.386,28.808,5.6,36.171,29.443,36.152,24.059,4.51,84.512,17.685,12,-3.498,-4.753,-4.96,-4.707,2.13,2.715,8.14,1.653,7.648,1.52,-2.206,-3.681,Pepper,Clay Loam,0.464,0.257,23.805,7,0.342,3.035.158,19.183
13.745,107.972,6,573.948,3.64,26.014,24.792,5.701,36.7,37.286,34.97,24.633,4.919,84.796,17.67,12,-3.739,-5.15,-5.621,-5,2.504,2.758,7.883,1.249,8.919,3.141,-2.406,-4.488,Pepper,Loam,0.471,0.255,26.404,9,0.337,2.816.193,20.902
13.586,107.628,6,266.893,9.479,28.789,2.476,5.696,38.787,32.5,30.551,25.96,199.04,81.8,18.14,3,-202.41,-205.29,-190.82,-159.08,55.01,90.16,368.73,274.99,223.54,69.09,-144.32,-179.6,Pepper,Clay Loam,0.61,0.244,1081.52,7,0.341,3.307.048,24.225
12.184,107.569,6,756.753,3.64,39.561,32.736,5.607,33.354,27.085,27.565,24.113,6.101,82.869,17.504,12,-5.172,-5.721,-5.75,-5.516,1.076,4.248,14.013,3.37,7.463,0.774,-3.731,-5.054,Pepper,Clay Loam,0.515,0.252,30.944,7,0.453,3.019.982,19.194
12.654,108.101,6,609,3.64,32.287,30.409,5.476,35.805,31.983,35.224,22.562,4.721,86.575,17.339,12,-3.378,-4.8,-5.248,-5.032,1.432,1.889,8.566,1.343,7.387,2.19,-1.041,-3.291,Pepper,Clay Loam,0.367,0.257,22.79,7,0.376,3.303.986,18.604
13.882,107.851,6,571.417,3.64,32.728,22.654,5.68,35.736,31.457,25.431,23.166,4.146,85.828,17.126,12,-3.433,-4.416,-4.701,-3.528,1.518,2.588,7.392,1.999,6.62,2.318,-2.462,-3.851,Pepper,Clay Loam,0.402,0.243,22.391,7,0.329,2861.72,19.452
14.151,108.143,6,669.419,1.814,28.58,2.19,5.704,35.479,36.032,26.808,23.3,147.86,84.74,16.656,4,-159.46,-175.05,-157.67,-141.05,-0.75,18.07,145.89,104.16,223.27,261.45,-15.89,-102.98,Pepper,Clay Loam,0.437,0.246,752.85,10,0.347,2.943.786,18.949
13.557,108.24,6,639.84,3.64,34.525,22.044,5.763,36.138,29.401,25.207,23.878,4.85,85.419,16.78,12,-3.622,-5.12,-5.699,-5.054,1.859,2.298,7.47,1.261,8.765,3.993,-1.906,-4.23,Pepper,Clay Loam,0.432,0.242,25.631,9,0.342,2.681.779,19.719
14.115,108.061,6,641.596,3.64,32.121,20.421,5.8,36.408,31.538,23.313,23.399,4.492,85.865,16.934,12,-3.454,-4.818,-5.424,-4.408,1.306,2.506,6.552,1.402,7.954,4.408,-1.914,-4.085,Pepper,Clay Loam,0.407,0.239,24.103,9,0.33,2.601.564,19.229
13.978,107.642,6,316.638,3.64,27.006,37.726,5.674,36.355,36.724,35.034,25.219,5.524,82.756,17.18,12,-4.557,-5.559,-5.731,-4.447,2.697,4.411,10.503,3.037,8.043,1.198,-4.197,-5.401,Pepper,Clay Loam,0.553,0.255,29.892,7,0.351,2.874.728,23.161
13.031,108.046,6,349.806,10.119,33.17,2.279,5.669,32.339,34.422,27.281,24.7,138.1,83.27,17.132,4,-159.26,-166.84,-154.61,-137.12,20.29,47.68,185.83,130.34,211.42,150.74,-24.92,-103.53,Pepper,Clay Loam,0.521,0.254,746.28,9,0.283,2810.14,22.426
13.005,107.997,6,364.63,3.64,35.278,25.949,5.988,32.559,32.163,22.756,24.736,5.025,84.527,17.437,12,-3.836,-5.185,-5.506,-5.114,2.826,2.111,9.012,1.443,8.911,2.113,-2.384,-4.367,Pepper,Clay Loam,0.482,0.247,26.392,7,0.341,2.193.986,22.366
13.946,107.843,6,552.026,7.974,27.9,1.97,5.9,36.4,35.7,25.903,23.3,147.86,84.74,18.14,4,-159.46,-175.05,-157.67,-141.05,-0.75,18.07,145.89,104.16,223.27,261.45,-15.89,-102.98,Pepper,Clay Loam,0.437,0.243,752.85,10,0.347,2.498.584,19.712
13.87,107.918,6,669.525,11.466,27.568,2.567,5.737,39.563,32.869,37.943,23.3,147.86,84.74,18.14,4,-159.46,-175.05,-157.67,-141.05,-0.75,18.07,145.89,104.16,223.27,261.45,-15.89,-102.98,Pepper,Clay Loam,0.437,0.252,752.85,10,0.347,2.868.829,18.948
12.839,108.061,6,478,2.265,31.486,2.082,5.555,35.624,32.89,33.214,24.7,138.1,83.27,17.08,4,-159.26,-166.84,-154.61,-137.12,20.29,47.68,185.83,130.34,211.42,150.74,-24.92,-103.53,Pepper,Clay Loam,0.521,0.255,746.28,9,0.283,3.050.829,21.593
12.601,107.935,6,384.556,1.903,33.65,2.159,5.872,36.689,29.661,21.078,23.35,141.43,84.51,17.87,4,-162.08,-169.35,-158.73,-138.82,7,56.24,226.23,162.74,189.26,115.44,-29.2,-98.71,Pepper,Clay Loam,0.444,0.235,756.89,7,0.299,2.381.851,20.85
13.357,107.972,6,216,1.236,34.2,2.342,5.734,33.98,31.82,29.789,24.57,141.28,83.7,18.039,4,-159.46,-169.36,-154.13,-136.02,24.8,37.8,167.03,113.53,221.94,194.62,-29.94,-110.79,Pepper,Clay Loam,0.503,0.254,759.7,9,0.292,2744.65,23.166
13.625,107.667,6,237.256,4.618,30.452,2.193,5.837,35.916,33.691,25.2,25.96,199.04,81.8,18.14,3,-202.41,-205.29,-190.82,-159.08,55.01,90.16,368.73,274.99,223.54,69.09,-144.32,-179.6,Pepper,Clay Loam,0.61,0.243,1081.52,7,0.341,2.949.461,24.418
13.698,108.336,6,366.868,7.74,36.56,2.69,5.822,33.492,29.949,29.47,24.57,141.28,83.7,17.25,4,-159.46,-169.36,-154.13,-136.02,24.8,37.8,167.03,113.53,221.94,194.62,-29.94,-110.79,Pepper,Clay Loam,0.503,0.254,759.7,9,0.292,2.553.869,22.185
13.037,107.879,6,203.937,3.64,31.659,20.424,5.859,36.051,32.29,24.324,24.75,5.04,84.49,17.67,12,-3.85,-5.19,-5.49,-5.13,2.87,2.02,9.17,1.47,8.91,1.97,-2.38,-4.35,Pepper,Clay Loam,0.484,0.241,26.39,7,0.347,2.473.654,23.424
14.305,107.88,6,528.087,2.823,32.504,1.988,5.87,35.074,32.422,28.796,21.74,170.32,87.04,17.66,3,-158.95,-186.38,-169.92,-152.62,-53.36,-34.84,75.1,61.71,223.52,408.66,45.38,-58.32,Pepper,Clay Loam,0.337,0.25,814.39,10,0.502,2.824.525,18.307
14.715,107.883,6,798.971,1.102,32.106,2.591,5.699,34.395,33.5,32.321,21.74,170.32,87.04,17.66,3,-158.95,-186.38,-169.92,-152.62,-53.36,-34.84,75.1,61.71,223.52,408.66,45.38,-58.32,Pepper,Clay Loam,0.337,0.256,814.39,10,0.502,3.251.954,16.547
13.371,107.948,6,216.761,1.317,34.466,2.126,5.738,34.699,30.835,28.24,24.57,141.28,83.7,18.14,4,-159.46,-169.36,-154.13,-136.02,24.8,37.8,167.03,113.53,221.94,194.62,-29.94,-110.79,Pepper,Clay Loam,0.503,0.25,759.7,9,0.292,2.735.978,23.161
14.132,107.878,6,616.512,3.64,30.166,20.655,5.8,36.985,32.884,27.022,22.83,4.783,86.774,17.521,12,-3.277,-4.995,-5.998,-5.163,0.509,1.742,5.424,0.745,8.527,6.738,-0.606,-3.645,Pepper,Clay Loam,0.368,0.243,23.684,9,0.36,2.601.564,18.823
13.521,107.697,6,278.881,3.64,31.367,21.72,5.918,35.418,33.215,24.917,25.567,7.165,83.074,17.641,12,-5.903,-6.763,-6.806,-5.847,2.963,5.453,15.624,4.252,8.911,0.044,-5.404,-6.574,Pepper,Clay Loam,0.555,0.243,37.297,7,0.419,2.345.744,23.754
11.723,108.223,6,934.349,1.992,31.479,2.8,5.609,38.793,29.637,32.675,23.13,106.55,83.84,18.82,4,-132.23,-138.73,-126.4,-98.9,29.53,75.46,156.75,108.52,121.36,101.45,-24.68,-72.15,Pepper,Clay Loam,0.458,0.247,593.09,7,0.264,2.377.901,17.057
13.993,108.104,6,773.176,1.46,30.412,2.374,5.8,34.835,34.753,28.218,23.3,147.86,84.74,16.885,4,-159.46,-175.05,-157.67,-141.05,-0.75,18.07,145.89,104.16,223.27,261.45,-15.89,-102.98,Pepper,Clay Loam,0.437,0.249,752.85,10,0.347,2.725.728,18.274
14.409,107.958,6,565,1.137,32.342,2.016,5.848,35.58,32.079,27.061,21.74,170.32,87.04,17.125,3,-158.95,-186.38,-169.92,-152.62,-53.36,-34.84,75.1,61.71,223.52,408.66,45.38,-58.32,Pepper,Clay Loam,0.337,0.246,814.39,10,0.502,2.879.516,18.068
11.933,107.959,6,586,3.64,35.436,34.033,5.307,32.372,32.193,43.395,22.01,4.8,86.45,17.321,12,-3.64,-4.95,-5.06,-4.94,2.06,2.54,10.12,2.23,7.25,0.26,-2.31,-3.54,Pepper,Clay Loam,0.358,0.276,24.44,7,0.414,3.670.373,18.201
12.102,107.764,6,790.519,3.64,35.873,34.321,5.587,32.794,31.333,31.34,23.955,6.053,83.046,17.53,12,-5.118,-5.689,-5.715,-5.492,1.078,4.214,13.926,3.362,7.4,0.7,-3.685,-4.98,Pepper,Clay Loam,0.505,0.258,30.679,7,0.454,3.063.342,18.817
12.973,108.07,6,462.9,5.068,32.192,2.597,5.658,33.84,33.968,32.418,24.7,138.1,83.27,17.179,4,-159.26,-166.84,-154.61,-137.12,20.29,47.68,185.83,130.34,211.42,150.74,-24.92,-103.53,Pepper,Clay Loam,0.521,0.258,746.28,9,0.283,2.833.365,21.691
13.071,107.657,6,178.877,1.367,35.448,2.047,5.832,33.202,31.295,25.823,25.82,227.9,82.05,18.14,4,-222.95,-224.84,-212.6,-186.27,25.42,125.85,462.77,319.67,217.47,42.22,-150.03,-196.73,Pepper,Clay Loam,0.597,0.25,1193.42,7,0.388,3.217.022,24.657
13.624,108.106,6,1.461.761,3.64,34.323,43.033,5.4,34.658,31.02,46.72,21.96,5.837,87.583,17.935,12,-2.928,-4.883,-6.417,-5.893,-1.04,-0.185,4.183,-0.433,7.48,9.561,2.315,-1.768,Pepper,Clay Loam,0.327,0.276,23.547,10,0.406,3.468.752,12.459
13.485,107.859,6,138.259,3.64,34.538,20.731,5.841,32.907,32.595,25.955,24.975,6.062,83.926,17.317,12,-4.848,-6.04,-6.363,-5.366,2.477,4.331,11.362,2.896,8.843,2.201,-3.911,-5.608,Pepper,Clay Loam,0.508,0.251,32.136,7,0.354,2.512.677,24.076
11.832,107.717,6,551.706,3.64,31.956,33.897,5.294,35.121,32.991,39.203,24.33,4.482,83.758,17.645,12,-3.87,-4.612,-4.661,-4.466,0.917,3.724,9.004,1.946,6.256,1.728,-2.351,-3.621,Pepper,Clay Loam,0.494,0.264,23.581,7,0.382,3.698.557,20.744
11.994,107.77,6,674.315,2.927,32.178,2.573,5.5,33.424,34.398,28.063,24.04,181.62,82.12,18.1,4,-188.5,-190,-176.72,-153.36,10.7,136.2,344.01,256.97,158.52,68.86,-111.48,-155.21,Pepper,Clay Loam,0.535,0.252,975.27,7,0.353,3.466.725,19.657
13.973,108.241,6,674.809,2.894,32.255,2.156,5.754,35.057,32.66,27.495,23.3,147.86,84.74,17.25,4,-159.46,-175.05,-157.67,-141.05,-0.75,18.07,145.89,104.16,223.27,261.45,-15.89,-102.98,Pepper,Clay Loam,0.437,0.248,752.85,10,0.347,2.830.214,18.914
11.95,107.57,6,558.95,3.64,31.86,30.353,5.14,35.468,32.655,33.218,24.036,6.478,83.183,17.67,12,-5.449,-5.981,-6.001,-5.752,1.145,4.454,15.152,3.718,7.646,0.471,-4.06,-5.351,Pepper,Clay Loam,0.503,0.255,32.594,7,0.465,4.032.424,20.403
12.621,107.898,6,385.003,1.542,33.852,2.215,5.85,36.196,29.952,21.705,23.35,141.43,84.51,17.87,4,-162.08,-169.35,-158.73,-138.82,7,56.24,226.23,162.74,189.26,115.44,-29.2,-98.71,Pepper,Clay Loam,0.444,0.237,756.89,7,0.299,2.428.306,20.847
14.822,107.96,6,1.216.382,3.64,34.216,34.37,5.577,33.054,32.73,38.572,21.915,6.512,88.453,17.17,12,-2.41,-4.831,-7.391,-6.548,-3.27,-2.107,-0.163,-2.324,7.705,16.29,5.579,-0.56,Pepper,Clay Loam,0.304,0.268,29.604,10,0.551,3.085.021,14.009
14.184,107.765,6,952.883,18.524,28.745,4.317,5.6,37.924,33.33,37.236,23.277,139.001,84.753,17.728,3.059,-150.269,-155.232,-139.833,-112.699,17.73,35.832,208.774,192.472,162.135,148.269,-89.574,-117.598,Pepper,Clay Loam,0.436,0.255,765.205,7,0.273,2.778.815,17.083
13.118,108.103,6,485.668,3.64,31.735,23.87,5.8,34.768,33.531,26.971,24.75,5.04,84.49,16.78,12,-3.85,-5.19,-5.49,-5.13,2.87,2.02,9.17,1.47,8.91,1.97,-2.38,-4.35,Pepper,Clay Loam,0.484,0.248,26.39,7,0.347,2.601.564,21.593
14.595,108.097,6,864.989,3.64,31.424,33.859,5.543,31.967,36.531,39.681,21.865,5.245,88.297,16.434,12,-2.778,-4.838,-6.57,-5.698,-1.429,-0.154,2.654,-0.519,8.123,11.144,2.259,-2.209,Pepper,Clay Loam,0.307,0.272,24.195,10,0.461,3.158.732,16.243
13.897,107.702,6,387.492,5.359,27.625,2.207,5.658,35.975,36.4,28.271,25.25,174.14,81.48,18.14,3,-179.93,-183.32,-167.16,-135.46,50.28,69.26,300.26,253.27,195.98,90.33,-133.36,-160.15,Pepper,Clay Loam,0.595,0.247,959.38,7,0.313,3.072.308,22.731
14.444,107.881,6,565,0,31.306,1.846,5.858,36.95,31.744,25.083,21.74,170.32,87.04,17.66,3,-158.95,-186.38,-169.92,-152.62,-53.36,-34.84,75.1,61.71,223.52,408.66,45.38,-58.32,Pepper,Clay Loam,0.337,0.24,814.39,10,0.502,2854.52,18.068
14.321,107.891,6,591.414,3.64,30.965,20.848,5.852,35.176,33.859,26.462,22.627,4.435,87.005,17.25,12,-3.127,-4.57,-5.495,-4.344,0.216,1.483,5.05,0.952,7.386,6.326,-0.56,-3.299,Pepper,Clay Loam,0.357,0.246,21.395,9,0.345,2488.83,18.783
14.84,107.93,6,1.225.043,3.64,34.32,38.258,5.512,33.384,32.296,39.861,21.92,6.65,88.47,17.25,12,-2.37,-4.83,-7.48,-6.64,-3.47,-2.32,-0.47,-2.52,7.66,16.85,5.94,-0.38,Pepper,Clay Loam,0.303,0.269,30.48,10,0.553,3.225.939,13.957
13.457,108.116,6,319.968,1.748,34.892,2.643,5.9,34.303,30.89,25.774,24.57,141.28,83.7,17.25,4,-159.46,-169.36,-154.13,-136.02,24.8,37.8,167.03,113.53,221.94,194.62,-29.94,-110.79,Pepper,Clay Loam,0.503,0.247,759.7,9,0.292,2.384.767,22.49
13.208,107.844,6,175.61,0.73,37.691,2.03,5.766,33.397,28.912,23.024,24.7,138.1,83.27,18.14,4,-159.26,-166.84,-154.61,-137.12,20.29,47.68,185.83,130.34,211.42,150.74,-24.92,-103.53,Pepper,Clay Loam,0.521,0.245,746.28,9,0.283,2.605.344,23.559
13.689,107.669,6,268.132,3.64,30.417,21.419,5.843,37.158,32.425,27.226,26.03,6.93,82.59,17.67,12,-5.74,-6.67,-6.72,-5.6,3.27,5.56,14.57,4.05,8.95,0.25,-5.41,-6.56,Pepper,Clay Loam,0.586,0.243,36.7,7,0.398,2.508.341,24.287
12.576,108.372,6,457.532,3.64,35.913,22.791,5.809,37.496,26.509,28.687,23.529,5.222,85.611,16.652,12,-3.941,-5.29,-5.472,-5.285,2.688,1.847,10.756,1.989,8.482,0.822,-2.416,-4.159,Pepper,Clay Loam,0.417,0.244,26.563,7,0.405,2.582.052,20.555
13.899,108.167,6,703,3.164,32.551,2.049,5.778,35.641,31.729,26.628,23.3,147.86,84.74,17.25,4,-159.46,-175.05,-157.67,-141.05,-0.75,18.07,145.89,104.16,223.27,261.45,-15.89,-102.98,Pepper,Clay Loam,0.437,0.245,752.85,10,0.347,2775.7,18.73
12.249,107.899,6,717.625,3.64,34.238,37.696,5.2,34.042,31.721,44.438,22.848,5.063,86.013,17.53,12,-3.825,-5.159,-5.305,-5.155,2.425,2.115,10.593,2.116,7.962,0.529,-2.376,-3.899,Pepper,Clay Loam,0.389,0.274,25.719,7,0.412,3.902.346,18.183
14.397,107.866,6,567.943,3.119,32.524,1.796,5.826,34.778,32.698,26.136,21.74,170.32,87.04,17.66,3,-158.95,-186.38,-169.92,-152.62,-53.36,-34.84,75.1,61.71,223.52,408.66,45.38,-58.32,Pepper,Clay Loam,0.337,0.247,814.39,10,0.502,2.934.507,18.048
14.183,108.147,6,694.993,9.73,30.209,2.57,5.7,36.695,33.096,28.995,23.3,147.86,84.74,16.63,4,-159.46,-175.05,-157.67,-141.05,-0.75,18.07,145.89,104.16,223.27,261.45,-15.89,-102.98,Pepper,Clay Loam,0.437,0.246,752.85,10,0.347,2.952.872,18.783
11.846,108.201,6,935.605,7.325,35.62,2.873,5.6,34.553,29.733,38.092,21.95,131.13,85.44,18.82,4,-152.51,-159.92,-148.72,-125.06,10.18,63.52,221.54,158.42,155.14,94.38,-30.14,-86.85,Pepper,Clay Loam,0.384,0.264,703.2,7,0.315,2.767.282,15.869
12.983,108.329,6,745.136,1.064,33.242,2.231,5.636,35.943,30.815,31.263,24.7,138.1,83.27,17.08,4,-159.26,-166.84,-154.61,-137.12,20.29,47.68,185.83,130.34,211.42,150.74,-24.92,-103.53,Pepper,Clay Loam,0.521,0.251,746.28,9,0.283,2.879.813,19.857
14.462,107.961,6,805.575,11.999,31.063,2.823,5.542,33.552,35.327,36.389,21.74,170.32,87.04,17.064,3,-158.95,-186.38,-169.92,-152.62,-53.36,-34.84,75.1,61.71,223.52,408.66,45.38,-58.32,Pepper,Clay Loam,0.337,0.264,814.39,10,0.502,3.644.388,16.504
13.077,108.053,6,356.087,8.42,34.327,2.484,5.636,32.273,33.364,29.099,24.7,138.1,83.27,17.188,4,-159.26,-166.84,-154.61,-137.12,20.29,47.68,185.83,130.34,211.42,150.74,-24.92,-103.53,Pepper,Clay Loam,0.521,0.257,746.28,9,0.283,2.879.813,22.385
13.216,107.846,6,195.928,3.64,33.864,22.4,5.8,35.543,30.614,26.564,24.902,5.599,84.396,17.64,12,-4.347,-5.617,-5.993,-5.364,2.551,3.371,10.263,2.047,8.963,2.35,-3.137,-5.037,Pepper,Clay Loam,0.491,0.245,29.495,7,0.347,2.601.564,23.628
13.762,107.911,6,476.29,4.086,29.491,2.131,5.7,35.863,34.646,26.155,23.3,147.86,84.74,18.035,4,-159.46,-175.05,-157.67,-141.05,-0.75,18.07,145.89,104.16,223.27,261.45,-15.89,-102.98,Pepper,Clay Loam,0.437,0.244,752.85,10,0.347,2.952.872,20.204
12.56,108.182,6,453.36,1.654,30.787,2.049,5.741,37.646,31.567,26.423,23.35,141.43,84.51,17.08,4,-162.08,-169.35,-158.73,-138.82,7,56.24,226.23,162.74,189.26,115.44,-29.2,-98.71,Pepper,Clay Loam,0.444,0.24,756.89,7,0.299,2.658.467,20.403
13.277,107.614,6,149.238,3.64,34.44,20.788,5.916,32.204,33.355,24.16,26.003,7.116,82.648,17.67,12,-5.873,-6.776,-6.823,-5.776,3.179,5.568,15.273,4.197,8.977,0.128,-5.472,-6.637,Pepper,Clay Loam,0.583,0.25,37.357,7,0.409,2.350.079,25.033
13.32,107.947,6,215.384,1.18,33.892,2.177,5.7,35.502,30.606,28.075,24.57,141.28,83.7,18.14,4,-159.46,-169.36,-154.13,-136.02,24.8,37.8,167.03,113.53,221.94,194.62,-29.94,-110.79,Pepper,Clay Loam,0.503,0.248,759.7,9,0.292,2.818.361,23.17
12.806,107.931,6,551.713,3.64,32.041,23.559,5.8,35.616,32.301,25.916,24.335,6.337,84.683,17.101,12,-4.997,-6.016,-6.196,-5.845,2.403,3.313,13.674,2.994,8.846,0.805,-3.664,-5.326,Pepper,Clay Loam,0.466,0.244,32.044,7,0.427,2.601.564,20.749
12.311,107.894,6,791.824,3.64,32.976,33.06,5.341,34.089,32.935,43.965,23.627,6.903,85.262,17.163,12,-5.466,-6.37,-6.452,-6.182,2.147,3.717,16.071,3.797,8.628,-0.148,-4.16,-5.604,Pepper,Clay Loam,0.43,0.273,34.382,7,0.468,3.596.662,18.48
13.899,107.617,6,321.65,6.044,28.671,2.62,5.926,35.098,36.231,28.244,25.25,174.14,81.48,18.051,3,-179.93,-183.32,-167.16,-135.46,50.28,69.26,300.26,253.27,195.98,90.33,-133.36,-160.15,Pepper,Clay Loam,0.595,0.249,959.38,7,0.313,2.458.762,23.159
13.447,107.982,6,488.087,3.64,30.935,26.78,5.728,35.79,33.339,31.421,24.956,5.254,83.733,17.102,12,-4.158,-5.349,-5.584,-4.847,2.819,2.991,9.818,2.151,8.541,1.568,-3.152,-4.788,Pepper,Clay Loam,0.514,0.252,27.878,7,0.352,2.757.658,21.783
13.451,108.22,6,230.007,1.646,34.462,2.296,6.067,34.771,30.701,24.468,24.57,141.28,83.7,17.548,4,-159.46,-169.36,-154.13,-136.02,24.8,37.8,167.03,113.53,221.94,194.62,-29.94,-110.79,Pepper,Clay Loam,0.503,0.244,759.7,9,0.292,2.022.716,23.075
13.254,107.738,6,164.131,0.79,33.963,1.862,5.903,32.897,33.139,22.347,25.96,199.04,81.8,18.14,3,-202.41,-205.29,-190.82,-159.08,55.01,90.16,368.73,274.99,223.54,69.09,-144.32,-179.6,Pepper,Clay Loam,0.61,0.246,1081.52,7,0.341,2782.08,24.893
13.844,107.955,6,685.831,2.267,29.382,2.157,5.507,33.634,36.981,29.189,23.3,147.86,84.74,18.118,4,-159.46,-175.05,-157.67,-141.05,-0.75,18.07,145.89,104.16,223.27,261.45,-15.89,-102.98,Pepper,Clay Loam,0.437,0.254,752.85,10,0.347,3391.26,18.842
14.72,107.716,6,631.525,6.784,29.965,2.679,5.783,34.317,35.718,28.506,23.36,139.49,84.71,17.66,3,-150.13,-154.94,-139.28,-111.93,18.2,34.11,207.98,194.59,162.57,151.62,-93.27,-119.51,Pepper,Clay Loam,0.439,0.251,769.06,7,0.27,2.416.207,19.255
12.823,107.643,6,249.727,4.733,30.182,2.422,5.7,39.227,30.664,26.238,25.82,227.9,82.05,17.87,4,-222.95,-224.84,-212.6,-186.27,25.42,125.85,462.77,319.67,217.47,42.22,-150.03,-196.73,Pepper,Clay Loam,0.597,0.237,1193.42,7,0.388,3580.59,24.197
11.798,108.22,6,848.518,0.53,34.216,2.613,5.648,34.117,31.667,28.023,21.95,131.13,85.44,18.82,4,-152.51,-159.92,-148.72,-125.06,10.18,63.52,221.54,158.42,155.14,94.38,-30.14,-86.85,Pepper,Clay Loam,0.384,0.251,703.2,7,0.315,2.672.404,16.435
14.006,108.362,6,920.805,3.64,31.652,36.64,5.4,31.977,36.301,44.878,23.37,4.74,85.96,16.61,12,-3.49,-5.08,-5.82,-5.01,1.27,2.46,6.48,1.14,8.68,5.17,-1.63,-4.16,Pepper,Clay Loam,0.403,0.279,25.19,9,0.344,3.468.752,17.385
14.532,107.631,6,796.356,3.64,28.186,31.259,5.412,35.206,36.608,43.28,23.509,3.982,85.743,17.222,12,-3.315,-4.281,-4.646,-3.276,1.383,2.426,6.52,1.756,6.504,3.035,-2.22,-3.839,Pepper,Clay Loam,0.413,0.27,21.577,7,0.302,3.442.736,18.333
12.949,108.336,6,1.093.742,3.64,35.57,39.837,5.374,35.555,28.848,41.401,23.043,3.956,87.383,16.798,12,-2.053,-4.455,-5.357,-5.025,1.011,0.107,3.636,-0.511,7.354,5.439,1.717,-1.888,Pepper,Clay Loam,0.355,0.266,19.289,9,0.382,3.525.119,15.934
13.638,107.675,6,250.555,7.475,30.656,2.187,5.828,35.212,34.133,27.448,25.96,199.04,81.8,18.14,3,-202.41,-205.29,-190.82,-159.08,55.01,90.16,368.73,274.99,223.54,69.09,-144.32,-179.6,Pepper,Clay Loam,0.61,0.247,1081.52,7,0.341,2.972.286,24.331
12.162,108.316,6,1.046.727,3.64,36.511,28.695,5.675,34.924,28.478,32.365,21.99,4.808,86.679,18.479,12,-3.545,-4.936,-5.22,-5.004,1.687,2.273,9.279,1.95,7.377,1.446,-1.857,-3.434,Pepper,Clay Loam,0.352,0.255,23.996,7,0.386,2872.56,15.186
13.001,108.341,6,701.161,3.916,33.716,2.467,5.632,37.889,28.311,34.669,24.7,138.1,83.27,17.107,4,-159.26,-166.84,-154.61,-137.12,20.29,47.68,185.83,130.34,211.42,150.74,-24.92,-103.53,Pepper,Clay Loam,0.521,0.251,746.28,9,0.283,2.888.258,20.142
13.822,108.287,6,631.931,5.913,32.098,3.297,5.637,32.303,35.6,37.967,23.3,147.86,84.74,17.416,4,-159.46,-175.05,-157.67,-141.05,-0.75,18.07,145.89,104.16,223.27,261.45,-15.89,-102.98,Pepper,Clay Loam,0.437,0.269,752.85,10,0.347,3.095.973,19.192
12.499,107.982,6,415.803,2.852,32.055,2.074,5.8,34.622,33.403,23.375,23.35,141.43,84.51,17.87,4,-162.08,-169.35,-158.73,-138.82,7,56.24,226.23,162.74,189.26,115.44,-29.2,-98.71,Pepper,Clay Loam,0.444,0.243,756.89,7,0.299,2.533.884,20.647
13.576,108.175,6,435.375,3.64,35.029,25.121,5.8,33.709,31.217,29.059,23.952,4.822,85.424,16.78,12,-3.605,-5.112,-5.728,-5.005,1.838,2.597,7.126,1.19,8.79,4.235,-1.987,-4.311,Pepper,Clay Loam,0.434,0.253,25.748,9,0.341,2.601.564,21.122
14.307,107.76,6,594.415,4.629,28.617,2.398,5.755,38.114,33.22,27.348,23.36,139.49,84.71,17.66,3,-150.13,-154.94,-139.28,-111.93,18.2,34.11,207.98,194.59,162.57,151.62,-93.27,-119.51,Pepper,Clay Loam,0.439,0.241,769.06,7,0.27,2.471.798,19.496
12.821,107.926,6,291.204,1.535,30.42,2.407,5.987,36.533,33.046,23.507,24.7,138.1,83.27,17.87,4,-159.26,-166.84,-154.61,-137.12,20.29,47.68,185.83,130.34,211.42,150.74,-24.92,-103.53,Pepper,Clay Loam,0.521,0.239,746.28,9,0.283,2.138.747,22.807
13.069,107.841,6,200.678,3.64,31.802,20.745,5.8,34.74,33.458,24.637,24.741,5.03,84.514,17.67,12,-3.841,-5.187,-5.5,-5.12,2.841,2.08,9.067,1.452,8.911,2.063,-2.382,-4.361,Pepper,Clay Loam,0.483,0.245,26.391,7,0.343,2.601.564,23.437
14.093,107.858,6,762.64,3.64,26.479,24.728,5.654,38.29,35.23,29.306,23.37,4.74,85.96,17.364,12,-3.49,-5.08,-5.82,-5.01,1.27,2.46,6.48,1.14,8.68,5.17,-1.63,-4.16,Pepper,Loam,0.403,0.243,25.19,9,0.344,2.918.088,18.413
14.261,108.355,6,1.116.915,3.64,32.354,38.859,5.3,33.099,34.547,54.076,22.605,4.8,87.113,16.21,12,-3.188,-4.959,-6.072,-5.227,0.192,1.443,4.984,0.581,8.463,7.391,-0.18,-3.43,Pepper,Clay Loam,0.353,0.29,23.056,9,0.367,3.685.549,15.345
12.716,108.23,6,964,3.64,33.911,31.892,5.456,33.963,32.126,38.592,23.274,4.239,85.16,17.674,12,-3.248,-4.59,-4.964,-4.543,1.236,3.091,6.694,1.557,7.216,2.799,-1.833,-3.422,Pepper,Clay Loam,0.424,0.266,22.6,9,0.319,3.347.346,17.008
13.128,108.135,6,513.598,4.168,32.543,2.948,5.727,34.827,32.63,31.548,24.7,138.1,83.27,17.25,4,-159.26,-166.84,-154.61,-137.12,20.29,47.68,185.83,130.34,211.42,150.74,-24.92,-103.53,Pepper,Clay Loam,0.521,0.254,746.28,9,0.283,2.687.685,21.362
12.883,108.396,6,471.938,3.64,33.917,24.268,5.853,37.842,28.164,26.932,23.591,5.064,86.006,16.673,12,-3.636,-5.08,-5.547,-5.3,1.948,1.396,9.292,1.266,8.288,2.384,-1.224,-3.77,Pepper,Clay Loam,0.407,0.241,24.557,7,0.378,2.486.662,20.523
13.695,107.97,6,510.074,2.741,27.802,2.331,5.784,36.219,35.979,26.41,24.57,141.28,83.7,18.14,4,-159.46,-169.36,-154.13,-136.02,24.8,37.8,167.03,113.53,221.94,194.62,-29.94,-110.79,Pepper,Clay Loam,0.503,0.244,759.7,9,0.292,2.636.252,21.255
12.476,107.946,6,416.949,3.582,34.435,2.263,5.8,32.419,33.146,26.381,23.35,141.43,84.51,17.87,4,-162.08,-169.35,-158.73,-138.82,7,56.24,226.23,162.74,189.26,115.44,-29.2,-98.71,Pepper,Clay Loam,0.444,0.252,756.89,7,0.299,2.533.884,20.64
14.525,107.732,6,630.489,2.908,27.803,2.665,5.8,36.032,36.165,28.238,23.36,139.49,84.71,17.66,3,-150.13,-154.94,-139.28,-111.93,18.2,34.11,207.98,194.59,162.57,151.62,-93.27,-119.51,Pepper,Clay Loam,0.439,0.247,769.06,7,0.27,2.382.456,19.262
13.607,107.691,6,199.243,3.344,31.349,2.062,5.95,33.822,34.829,23.977,25.96,199.04,81.8,18.14,3,-202.41,-205.29,-190.82,-159.08,55.01,90.16,368.73,274.99,223.54,69.09,-144.32,-179.6,Pepper,Clay Loam,0.61,0.246,1081.52,7,0.341,2.662.884,24.665
13.3,108.214,6,435.285,3.64,37.183,23.716,5.8,32.574,30.177,26.931,24.64,4.92,84.79,16.78,12,-3.74,-5.15,-5.62,-5,2.51,2.76,7.89,1.25,8.92,3.13,-2.41,-4.49,Pepper,Clay Loam,0.472,0.253,26.41,9,0.337,2.601.564,21.811
11.859,108.198,6,956.959,13.775,37.222,3.309,5.6,32.595,30.178,34,21.95,131.13,85.44,18.82,4,-152.51,-159.92,-148.72,-125.06,10.18,63.52,221.54,158.42,155.14,94.38,-30.14,-86.85,Pepper,Clay Loam,0.384,0.263,703.2,7,0.315,2.767.282,15.73
13.811,107.652,6,409.276,8.464,27.986,2.357,5.907,36.334,35.679,29.555,25.25,174.14,81.48,18.14,3,-179.93,-183.32,-167.16,-135.46,50.28,69.26,300.26,253.27,195.98,90.33,-133.36,-160.15,Pepper,Clay Loam,0.595,0.248,959.38,7,0.313,2502.26,22.59
13.807,107.517,6,171.285,3.64,32.463,26.303,5.706,35.951,31.491,29.401,25.32,5.63,82.4,17.67,12,-4.7,-5.63,-5.75,-4.35,2.73,4.7,10.96,3.35,7.89,0.86,-4.51,-5.56,Pepper,Clay Loam,0.568,0.248,30.5,7,0.359,2.805.353,24.207
14.063,107.839,6,602.822,2.926,27.943,2.156,5.528,38.005,34.051,28.998,23.3,147.86,84.74,17.66,4,-159.46,-175.05,-157.67,-141.05,-0.75,18.07,145.89,104.16,223.27,261.45,-15.89,-102.98,Pepper,Clay Loam,0.437,0.243,752.85,10,0.347,3343.56,19.382
13.631,107.965,6,431.981,5.31,28.399,2.021,5.726,36.493,35.081,24.984,24.57,141.28,83.7,17.907,4,-159.46,-169.36,-154.13,-136.02,24.8,37.8,167.03,113.53,221.94,194.62,-29.94,-110.79,Pepper,Clay Loam,0.503,0.241,759.7,9,0.292,2.761.994,21.762
13.21,107.921,6,208.012,3.64,34.723,23.093,5.926,35.352,29.925,26.264,24.723,5.01,84.564,17.67,12,-3.823,-5.18,-5.522,-5.098,2.781,2.203,8.854,1.416,8.912,2.256,-2.387,-4.385,Pepper,Clay Loam,0.481,0.245,26.395,9,0.337,2328.4,23.371
12.666,107.961,6,353.719,3.185,30.359,2.324,5.619,35.487,34.153,28.084,23.35,141.43,84.51,17.796,4,-162.08,-169.35,-158.73,-138.82,7,56.24,226.23,162.74,189.26,115.44,-29.2,-98.71,Pepper,Clay Loam,0.444,0.248,756.89,7,0.299,2.916.078,21.051
13.769,107.519,6,174.752,3.64,30.799,25.124,5.775,36.575,32.601,24.547,25.32,5.63,82.4,17.67,12,-4.7,-5.63,-5.75,-4.35,2.73,4.7,10.96,3.35,7.89,0.86,-4.51,-5.56,Pepper,Clay Loam,0.568,0.24,30.5,7,0.359,2.655.763,24.184
13.36,108.066,6,256.904,2.358,35.927,2.184,5.8,33.582,30.49,28.06,24.57,141.28,83.7,17.25,4,-159.46,-169.36,-154.13,-136.02,24.8,37.8,167.03,113.53,221.94,194.62,-29.94,-110.79,Pepper,Clay Loam,0.503,0.252,759.7,9,0.292,2.601.564,22.9
14.224,107.854,6,533.128,6.703,30.07,1.94,5.624,36.343,33.563,27.138,23.3,147.86,84.74,17.66,4,-159.46,-175.05,-157.67,-141.05,-0.75,18.07,145.89,104.16,223.27,261.45,-15.89,-102.98,Pepper,Clay Loam,0.437,0.244,752.85,10,0.347,3.125.501,19.835
14.572,107.811,6,794.651,3.64,29.239,30.885,5.445,35.605,35.111,40.506,22.736,4.376,86.83,16.782,12,-3.16,-4.532,-5.379,-4.191,0.368,1.629,5.265,1.081,7.265,5.871,-0.813,-3.381,Pepper,Clay Loam,0.364,0.265,21.456,9,0.338,3.371.193,17.571
11.945,108.023,6,577.67,3.64,34.329,27.892,5.533,34.188,31.482,30.641,22.776,4.695,85.561,16.877,12,-3.716,-4.838,-4.928,-4.784,1.683,2.931,9.752,2.136,6.922,0.745,-2.323,-3.567,Pepper,Clay Loam,0.4,0.254,24.156,7,0.403,3.180.412,19.021
14.44,107.916,6,593.458,9.147,32.622,2.3,5.62,35.846,31.533,25.205,21.74,170.32,87.04,17.66,3,-158.95,-186.38,-169.92,-152.62,-53.36,-34.84,75.1,61.71,223.52,408.66,45.38,-58.32,Pepper,Clay Loam,0.337,0.243,814.39,10,0.502,3449.42,17.883
12.436,107.968,6,419.05,0.249,35.261,2.078,5.8,33.948,30.891,26.136,23.35,141.43,84.51,17.485,4,-162.08,-169.35,-158.73,-138.82,7,56.24,226.23,162.74,189.26,115.44,-29.2,-98.71,Pepper,Clay Loam,0.444,0.249,756.89,7,0.299,2.533.884,20.626
12.507,107.826,6,416.866,4.653,34.527,2.33,5.7,35.683,29.787,22.624,23.35,141.43,84.51,17.843,4,-162.08,-169.35,-158.73,-138.82,7,56.24,226.23,162.74,189.26,115.44,-29.2,-98.71,Pepper,Clay Loam,0.444,0.24,756.89,7,0.299,2.745.041,20.64
14.521,108.243,6,933.366,12.241,34.624,3.052,5.5,32.707,32.763,37.27,21.74,170.32,87.04,16.63,3,-158.95,-186.38,-169.92,-152.62,-53.36,-34.84,75.1,61.71,223.52,408.66,45.38,-58.32,Pepper,Clay Loam,0.337,0.267,814.39,10,0.502,3749.37,15.673
12.514,108.181,6,425.906,3.64,32.615,20.086,5.963,36.901,30.493,23.489,23.41,5.24,85.72,16.723,12,-3.95,-5.3,-5.47,-5.3,2.67,1.83,10.91,2.04,8.44,0.71,-2.42,-4.14,Pepper,Clay Loam,0.411,0.238,26.58,7,0.41,2.248.185,20.642
13.153,108.274,6,617.911,1.511,35.299,2.371,5.844,35.004,29.611,37.619,24.7,138.1,83.27,17.226,4,-159.26,-166.84,-154.61,-137.12,20.29,47.68,185.83,130.34,211.42,150.74,-24.92,-103.53,Pepper,Clay Loam,0.521,0.262,746.28,9,0.283,2.440.663,20.684
13.725,107.703,6,290.833,4.969,29.787,2.17,5.906,35.718,34.442,25.898,25.96,199.04,81.8,18.14,3,-202.41,-205.29,-190.82,-159.08,55.01,90.16,368.73,274.99,223.54,69.09,-144.32,-179.6,Pepper,Clay Loam,0.61,0.244,1081.52,7,0.341,2.774.472,24.07
14.388,107.902,6,567.055,1.537,31.734,1.939,5.859,37.13,31.136,25.318,21.74,170.32,87.04,17.66,3,-158.95,-186.38,-169.92,-152.62,-53.36,-34.84,75.1,61.71,223.52,408.66,45.38,-58.32,Pepper,Clay Loam,0.337,0.24,814.39,10,0.502,2.852.021,18.054
14.057,107.668,6,254.925,11.077,29.144,2.515,5.861,36.582,34.274,29.254,25.25,174.14,81.48,17.66,3,-179.93,-183.32,-167.16,-135.46,50.28,69.26,300.26,253.27,195.98,90.33,-133.36,-160.15,Pepper,Clay Loam,0.595,0.247,959.38,7,0.313,2607.57,23.593
11.894,108.099,6,753.601,3.64,32.609,31.469,5.62,38.08,29.311,33.428,23.217,3.939,84.682,18.696,12,-3.103,-4.297,-4.452,-4.263,1.216,3.468,6.822,1.806,6.34,1.382,-1.954,-2.981,Pepper,Clay Loam,0.436,0.249,21.05,7,0.324,2.991.799,18.319
12.487,108.289,6,450.131,2.605,32.659,3.533,5.902,35.063,32.278,36.932,23.35,141.43,84.51,17.08,4,-162.08,-169.35,-158.73,-138.82,7,56.24,226.23,162.74,189.26,115.44,-29.2,-98.71,Pepper,Clay Loam,0.444,0.261,756.89,7,0.299,2.318.504,20.424
12.59,108.417,6,453.974,3.64,36.165,21.724,5.867,37.7,26.103,27.286,23.427,4.702,86.177,16.64,12,-3.214,-4.971,-5.319,-5.159,2.334,1.211,8.479,1.119,7.969,1.813,-0.974,-3.286,Pepper,Clay Loam,0.398,0.241,22.923,7,0.37,2456.31,20.476
14.49,107.665,6,570.913,9.602,28.062,3.659,5.607,36.86,35.078,46.814,23.36,139.49,84.71,17.66,3,-150.13,-154.94,-139.28,-111.93,18.2,34.11,207.98,194.59,162.57,151.62,-93.27,-119.51,Pepper,Clay Loam,0.439,0.271,769.06,7,0.27,2.765.634,19.649
11.973,107.911,6,717.759,3.64,33.619,34.139,5.312,34.092,32.289,38.215,22.01,4.8,86.45,17.234,12,-3.64,-4.95,-5.06,-4.94,2.06,2.54,10.12,2.23,7.25,0.26,-2.31,-3.54,Pepper,Clay Loam,0.358,0.265,24.44,7,0.414,3.659.533,17.345
13.121,107.907,6,209.874,1.739,33.288,1.955,6,34.132,32.58,24.162,24.7,138.1,83.27,18.14,4,-159.26,-166.84,-154.61,-137.12,20.29,47.68,185.83,130.34,211.42,150.74,-24.92,-103.53,Pepper,Clay Loam,0.521,0.245,746.28,9,0.283,2111.3,23.336
13.984,108.1,6,701.47,0.123,28.209,1.755,5.71,35.759,36.032,24.035,23.3,147.86,84.74,17.218,4,-159.46,-175.05,-157.67,-141.05,-0.75,18.07,145.89,104.16,223.27,261.45,-15.89,-102.98,Pepper,Clay Loam,0.437,0.241,752.85,10,0.347,2.930.158,18.74
14.964,107.659,6,1.181.393,3.64,32.104,50.708,5.5,34.808,33.03,47.394,22.38,3.4,85.43,17.25,12,-2.44,-3.48,-4.33,-2.88,-0.4,0.18,2.16,-0.16,5.83,7.11,0.4,-2.03,Pepper,Clay Loam,0.394,0.276,15.72,10,0.453,3.251.955,14.701
12.797,107.86,6,234.016,2.685,30.693,2.189,5.874,36.385,32.948,23.386,24.7,138.1,83.27,17.87,4,-159.26,-166.84,-154.61,-137.12,20.29,47.68,185.83,130.34,211.42,150.74,-24.92,-103.53,Pepper,Clay Loam,0.521,0.239,746.28,9,0.283,2.377.324,23.179
14.828,107.693,6,645.612,6.72,29.077,2.677,5.727,33.392,37.458,27.861,22.29,128.66,84.34,17.66,3,-131.57,-142.11,-127.6,-99.38,-28.03,-18.86,94.18,104.34,155.5,290.96,-33.08,-64.36,Pepper,Clay Loam,0.421,0.252,644.99,10,0.451,2.424.632,18.094
14.071,108.367,6,827.813,3.64,30.404,24.207,5.698,34.328,35.366,32.051,23.372,4.726,85.955,16.229,12,-3.488,-5.065,-5.797,-4.976,1.272,2.463,6.484,1.155,8.638,5.126,-1.646,-4.156,Pepper,Clay Loam,0.404,0.256,25.128,9,0.344,2.822.697,17.991
13.729,107.548,6,177.283,3.64,30.559,23.905,5.851,36.441,32.974,23.852,25.502,5.963,82.449,17.67,12,-4.967,-5.897,-5.999,-4.671,2.869,4.921,11.886,3.53,8.162,0.704,-4.741,-5.817,Pepper,Clay Loam,0.573,0.24,32.092,7,0.371,2.490.998,24.35
14.615,107.688,6,762.02,12.44,30.698,2.594,5.6,34.499,34.868,30.731,23.36,139.49,84.71,17.66,3,-150.13,-154.94,-139.28,-111.93,18.2,34.11,207.98,194.59,162.57,151.62,-93.27,-119.51,Pepper,Clay Loam,0.439,0.254,769.06,7,0.27,2.779.532,18.407
12.783,108.151,6,555.802,3.64,33.203,22.675,5.6,34.158,32.558,39.008,24.485,5.08,84.734,16.64,12,-3.87,-5.212,-5.486,-5.164,2.83,1.982,9.515,1.583,8.817,1.72,-2.388,-4.308,Pepper,Clay Loam,0.469,0.266,26.428,7,0.36,3.035.158,20.872
12.065,107.841,6,556.957,3.64,32.821,34.095,5.217,34.018,33.161,34.778,23.794,5.749,84.075,17.239,12,-4.668,-5.549,-5.634,-5.43,1.732,3.243,12.764,2.831,7.858,0.721,-3.189,-4.671,Pepper,Clay Loam,0.469,0.26,29.141,7,0.438,3.865.491,20.174
12.638,108.298,6,454.752,2.473,30.45,2.333,5.861,38.187,31.364,28.195,23.35,141.43,84.51,17.08,4,-162.08,-169.35,-158.73,-138.82,7,56.24,226.23,162.74,189.26,115.44,-29.2,-98.71,Pepper,Clay Loam,0.444,0.242,756.89,7,0.299,2.405.078,20.394
14.107,108.004,6,856.344,17.073,28.848,2.932,5.506,39.457,31.695,39.631,23.3,147.86,84.74,17.649,4,-159.46,-175.05,-157.67,-141.05,-0.75,18.07,145.89,104.16,223.27,261.45,-15.89,-102.98,Pepper,Clay Loam,0.437,0.255,752.85,10,0.347,3.393.531,17.734
13.464,107.997,6,265.132,1.407,35.178,2.076,5.839,33.9,30.922,23.07,24.57,141.28,83.7,17.598,4,-159.46,-169.36,-154.13,-136.02,24.8,37.8,167.03,113.53,221.94,194.62,-29.94,-110.79,Pepper,Clay Loam,0.503,0.244,759.7,9,0.292,2.517.013,22.847
12.918,108.069,6,480.796,3.333,31.135,2.3,5.64,35.376,33.489,28.399,24.7,138.1,83.27,17.139,4,-159.26,-166.84,-154.61,-137.12,20.29,47.68,185.83,130.34,211.42,150.74,-24.92,-103.53,Pepper,Clay Loam,0.521,0.248,746.28,9,0.283,2.871.368,21.575
14.37,107.945,6,829.369,3.64,32.13,40.744,5.489,34.372,33.498,38.434,22.004,4.745,87.827,17.301,12,-2.909,-4.768,-6.09,-5.296,-0.633,0.798,3.892,0.241,8.002,8.596,0.88,-2.726,Pepper,Clay Loam,0.322,0.265,22.422,10,0.384,3.275.803,16.613
13.486,108.315,6,170.605,3.64,31.215,16.497,5.885,38.04,30.83,22.469,24.85,5.224,84.457,16.915,12,-4.042,-5.38,-5.786,-5.091,2.625,3.183,8.9,1.673,8.925,2.694,-2.864,-4.803,Pepper,Clay Loam,0.488,0.234,27.966,9,0.319,2.417.287,23.741
13.474,108.099,6,327.352,2.552,34.797,2.261,5.877,33.103,32.023,24.306,24.57,141.28,83.7,17.25,4,-159.46,-169.36,-154.13,-136.02,24.8,37.8,167.03,113.53,221.94,194.62,-29.94,-110.79,Pepper,Clay Loam,0.503,0.248,759.7,9,0.292,2434.63,22.442
13.153,107.664,6,178.502,0.258,33.725,1.958,5.925,34.4,31.95,22.977,25.82,227.9,82.05,18.14,4,-222.95,-224.84,-212.6,-186.27,25.42,125.85,462.77,319.67,217.47,42.22,-150.03,-196.73,Pepper,Clay Loam,0.597,0.243,1193.42,7,0.388,2.960.873,24.66
14.364,107.768,6,586.025,4.802,29.324,2.417,5.9,37.249,33.427,27.121,23.36,139.49,84.71,17.66,3,-150.13,-154.94,-139.28,-111.93,18.2,34.11,207.98,194.59,162.57,151.62,-93.27,-119.51,Pepper,Clay Loam,0.439,0.242,769.06,7,0.27,2.183.918,19.551
14.729,108.271,6,1.340.653,3.64,34.698,50.684,5.4,34.268,30.99,59.05,23.183,5.999,87.735,16.666,12,-2.376,-4.74,-7.244,-6.533,-2.948,-1.473,1.371,-2.43,8.103,13.561,5.598,-0.891,Pepper,Clay Loam,0.348,0.294,28.635,10,0.474,3.468.752,14.469
13.43,108.007,6,248.617,3.662,34.071,2.175,5.705,35.931,29.998,25.613,24.57,141.28,83.7,17.674,4,-159.46,-169.36,-154.13,-136.02,24.8,37.8,167.03,113.53,221.94,194.62,-29.94,-110.79,Pepper,Clay Loam,0.503,0.243,759.7,9,0.292,2.807.521,22.954
14.19,108.074,6,707.23,4.004,30.652,2.471,5.8,37.336,32.011,33.124,23.3,147.86,84.74,16.63,4,-159.46,-175.05,-157.67,-141.05,-0.75,18.07,145.89,104.16,223.27,261.45,-15.89,-102.98,Pepper,Clay Loam,0.437,0.251,752.85,10,0.347,2.725.728,18.703
14.559,107.688,6,648.301,3.64,29.774,22.231,5.8,35.334,34.892,26.015,23.625,4.111,85.547,17.309,12,-3.43,-4.402,-4.751,-3.426,1.538,2.622,6.866,1.843,6.804,2.881,-2.487,-4.008,Pepper,Clay Loam,0.422,0.245,22.504,7,0.304,2.601.564,19.411
13.386,107.734,6,136.674,3.64,35.478,20.782,5.889,34.188,30.361,26.469,25.17,7.161,83.784,17.423,12,-5.716,-6.706,-6.933,-6.232,2.304,4.737,15.501,3.908,8.998,1.064,-4.644,-6.242,Pepper,Clay Loam,0.519,0.248,36.473,7,0.425,2.408.615,24.282
13.389,107.834,6,274.323,4.419,33.688,2.609,5.614,34.944,31.368,30.201,24.57,141.28,83.7,18.08,4,-159.46,-169.36,-154.13,-136.02,24.8,37.8,167.03,113.53,221.94,194.62,-29.94,-110.79,Pepper,Clay Loam,0.503,0.252,759.7,9,0.292,3.004.806,22.787
13.038,108.167,6,877.831,3.64,34.346,30.983,5.417,33.321,32.362,43.383,22.954,5.129,86.459,16.818,12,-3.64,-5.166,-5.718,-5.341,1.636,1.424,8.748,1.453,8.384,3.302,-1.348,-3.722,Pepper,Clay Loam,0.379,0.274,24.935,7,0.351,3.431.897,17.248
13.319,108.094,6,283.76,2.953,33.802,2.614,5.837,34.707,31.491,28.602,24.57,141.28,83.7,17.25,4,-159.46,-169.36,-154.13,-136.02,24.8,37.8,167.03,113.53,221.94,194.62,-29.94,-110.79,Pepper,Clay Loam,0.503,0.25,759.7,9,0.292,2.521.349,22.726
14.282,107.684,6,318.293,5.989,27.996,3.22,5.608,34.672,37.332,37.382,23.36,139.49,84.71,17.66,3,-150.13,-154.94,-139.28,-111.93,18.2,34.11,207.98,194.59,162.57,151.62,-93.27,-119.51,Pepper,Clay Loam,0.439,0.263,769.06,7,0.27,2.763.649,21.291
11.707,108.107,6,722.75,10.716,31.613,3.298,5.592,34.662,33.725,38.138,23.13,106.55,83.84,18.82,4,-132.23,-138.73,-126.4,-98.9,29.53,75.46,156.75,108.52,121.36,101.45,-24.68,-72.15,Pepper,Clay Loam,0.458,0.264,593.09,7,0.264,2.406.962,18.432
12.696,108.328,6,470.423,2.924,28.685,2.174,6,41.852,29.467,23.364,23.35,141.43,84.51,17.08,4,-162.08,-169.35,-158.73,-138.82,7,56.24,226.23,162.74,189.26,115.44,-29.2,-98.71,Pepper,Clay Loam,0.444,0.226,756.89,7,0.299,2111.57,20.292
13.923,108.149,6,702.668,4.186,32.82,2.05,5.783,35.316,31.78,27.317,23.3,147.86,84.74,17.318,4,-159.46,-175.05,-157.67,-141.05,-0.75,18.07,145.89,104.16,223.27,261.45,-15.89,-102.98,Pepper,Clay Loam,0.437,0.247,752.85,10,0.347,2.764.342,18.733
12.649,108.321,6,467.054,1.741,31.132,2.375,6,40.103,28.676,27.386,23.35,141.43,84.51,17.08,4,-162.08,-169.35,-158.73,-138.82,7,56.24,226.23,162.74,189.26,115.44,-29.2,-98.71,Pepper,Clay Loam,0.444,0.236,756.89,7,0.299,2111.57,20.314
13.356,108.065,6,254.4,2.346,35.69,2.238,5.8,33.755,30.555,29.62,24.57,141.28,83.7,17.25,4,-159.46,-169.36,-154.13,-136.02,24.8,37.8,167.03,113.53,221.94,194.62,-29.94,-110.79,Pepper,Clay Loam,0.503,0.254,759.7,9,0.292,2.601.564,22.916
13.191,107.703,6,172.993,0.958,34.236,2,5.933,32.795,32.902,21.901,25.82,227.9,82.05,18.14,4,-222.95,-224.84,-212.6,-186.27,25.42,125.85,462.77,319.67,217.47,42.22,-150.03,-196.73,Pepper,Clay Loam,0.597,0.245,1193.42,7,0.388,2.938.838,24.696
11.961,107.901,6,637.02,6.708,32.557,3.132,5.546,32.646,34.796,34.662,21.95,131.13,85.44,17.976,4,-152.51,-159.92,-148.72,-125.06,10.18,63.52,221.54,158.42,155.14,94.38,-30.14,-86.85,Pepper,Clay Loam,0.384,0.263,703.2,7,0.315,2874.02,17.809
12.898,108.078,6,489.471,3.64,33.618,26.076,5.718,34.759,31.724,29.735,24.198,5.122,84.996,16.722,12,-3.891,-5.235,-5.482,-5.2,2.788,1.942,9.886,1.705,8.716,1.451,-2.396,-4.264,Pepper,Clay Loam,0.453,0.252,26.468,7,0.373,2.779.338,21.016
13.698,107.791,6,358.745,3.64,28.556,22.054,5.735,37.16,34.284,26.525,26.03,6.93,82.59,17.67,12,-5.74,-6.67,-6.72,-5.6,3.27,5.56,14.57,4.05,8.95,0.25,-5.41,-6.56,Pepper,Clay Loam,0.586,0.242,36.7,7,0.398,2.742.482,23.698
13.448,108.253,6,339.182,7.348,32.773,2.458,5.645,36.382,30.845,33.082,24.57,141.28,83.7,17.25,4,-159.46,-169.36,-154.13,-136.02,24.8,37.8,167.03,113.53,221.94,194.62,-29.94,-110.79,Pepper,Clay Loam,0.503,0.253,759.7,9,0.292,2.937.599,22.365
14.009,107.529,6,315.125,3.64,26.398,38.91,5.619,36.331,37.364,35.478,25.201,5.606,82.607,17.267,12,-4.653,-5.609,-5.733,-4.409,2.726,4.521,10.957,3.268,7.924,0.851,-4.38,-5.472,Pepper,Loam,0.558,0.256,30.256,7,0.362,2.993.967,23.153
12.094,107.877,6,556.588,3.64,33.006,34.301,5.244,33.801,33.192,34.715,23.759,5.701,84.229,17.183,12,-4.601,-5.526,-5.619,-5.418,1.819,3.111,12.591,2.758,7.912,0.72,-3.117,-4.622,Pepper,Clay Loam,0.464,0.261,28.903,7,0.436,3.806.955,20.141
11.615,108.131,6,924.325,5.37,33.797,2.669,5.581,33.855,32.268,31.055,23.13,106.55,83.84,18.82,4,-132.23,-138.73,-126.4,-98.9,29.53,75.46,156.75,108.52,121.36,101.45,-24.68,-72.15,Pepper,Clay Loam,0.458,0.256,593.09,7,0.264,2.425.766,17.122
13.201,107.688,6,172.541,1.445,35.411,2.104,5.954,31.992,32.551,22.316,25.82,227.9,82.05,18.14,4,-222.95,-224.84,-212.6,-186.27,25.42,125.85,462.77,319.67,217.47,42.22,-150.03,-196.73,Pepper,Clay Loam,0.597,0.248,1193.42,7,0.388,2.880.998,24.698
14.192,107.838,6,571.909,2.974,27.236,1.885,5.71,39.055,33.709,24.762,23.3,147.86,84.74,17.685,4,-159.46,-175.05,-157.67,-141.05,-0.75,18.07,145.89,104.16,223.27,261.45,-15.89,-102.98,Pepper,Clay Loam,0.437,0.235,752.85,10,0.347,2.930.158,19.583
11.991,107.992,6,874.633,3.64,36.015,29.708,5.485,34.379,29.606,35.012,23.531,4.104,84.529,17.503,12,-3.229,-4.419,-4.554,-4.383,1.565,3.247,7.354,1.792,6.685,1.176,-2.073,-3.171,Pepper,Clay Loam,0.449,0.26,21.829,7,0.337,3.284.475,17.846
11.551,107.696,6,994.993,3.64,32.442,47.181,5.1,36.217,31.341,53.279,25.44,4.33,82.47,17.7,12,-3.98,-4.45,-4.47,-4.24,0.37,4.29,8.47,1.81,5.78,2.43,-2.37,-3.66,Pepper,Clay Loam,0.57,0.281,23.17,7,0.366,4.119.143,18.973
13.092,108.269,6,736.19,3.676,32.96,1.973,5.774,35.459,31.581,29.083,24.7,138.1,83.27,17.206,4,-159.26,-166.84,-154.61,-137.12,20.29,47.68,185.83,130.34,211.42,150.74,-24.92,-103.53,Pepper,Clay Loam,0.521,0.249,746.28,9,0.283,2.588.454,19.915
14.254,108.2,6,1.649.388,3.64,34.662,64.562,5.367,32.902,32.435,71.598,21.876,4.85,87.954,16.638,12,-3.014,-4.858,-6.112,-5.358,-0.387,0.786,4.599,0.392,8.085,8.045,0.664,-2.847,Pepper,Clay Loam,0.316,0.315,22.576,9,0.358,3.540.295,11.155
13.445,108.106,6,613.991,3.64,30.465,27.244,5.935,37.341,32.193,31.006,24.324,4.69,84.88,16.841,12,-3.695,-4.89,-5.199,-4.483,2.378,2.212,8.354,1.625,8.101,2.257,-2.42,-4.211,Pepper,Clay Loam,0.46,0.248,24.898,7,0.335,2.308.888,20.333
11.849,108.2,6,939.838,8.604,35.938,2.959,5.6,34.165,29.822,37.281,21.95,131.13,85.44,18.82,4,-152.51,-159.92,-148.72,-125.06,10.18,63.52,221.54,158.42,155.14,94.38,-30.14,-86.85,Pepper,Clay Loam,0.384,0.264,703.2,7,0.315,2.767.282,15.841
14.468,107.875,6,604.155,3.986,32.747,2.186,5.848,35.253,32,26.492,21.74,170.32,87.04,17.66,3,-158.95,-186.38,-169.92,-152.62,-53.36,-34.84,75.1,61.71,223.52,408.66,45.38,-58.32,Pepper,Clay Loam,0.337,0.246,814.39,10,0.502,2.879.516,17.813
13.128,107.839,6,179.868,0.533,35.674,2.384,5.9,32.854,31.472,24.3,24.7,138.1,83.27,18.14,4,-159.26,-166.84,-154.61,-137.12,20.29,47.68,185.83,130.34,211.42,150.74,-24.92,-103.53,Pepper,Clay Loam,0.521,0.248,746.28,9,0.283,2322.43,23.531
12.197,108.275,6,549.014,4.087,36.349,3.195,5.688,31.286,32.441,32.819,21.95,131.13,85.44,17.08,4,-152.51,-159.92,-148.72,-125.06,10.18,63.52,221.54,158.42,155.14,94.38,-30.14,-86.85,Pepper,Clay Loam,0.384,0.264,703.2,7,0.315,2.593.339,18.381
14.666,108.182,6,1.514.508,3.64,34.895,47.82,5.4,33.073,32.031,58.198,21.858,5.076,88.276,16.335,12,-2.827,-4.839,-6.46,-5.585,-1.183,0.108,3.031,-0.277,8.179,10.455,1.815,-2.429,Pepper,Clay Loam,0.307,0.295,23.6,10,0.443,3.468.752,12.014
14.302,107.919,6,601.812,4.582,31.435,2.138,5.874,36.267,32.298,26.558,21.74,170.32,87.04,17.527,3,-158.95,-186.38,-169.92,-152.62,-53.36,-34.84,75.1,61.71,223.52,408.66,45.38,-58.32,Pepper,Clay Loam,0.337,0.244,814.39,10,0.502,2.814.527,17.828
12.248,108.14,6,559.567,3.64,33.142,27.797,5.6,34.419,32.363,38.039,22.344,4.905,86.276,16.64,12,-3.714,-5.034,-5.158,-5.026,2.206,2.37,10.309,2.185,7.534,0.367,-2.336,-3.683,Pepper,Clay Loam,0.371,0.264,24.951,7,0.413,3.035.158,18.707
12.798,108.062,6,575.646,3.64,31.049,26.117,5.645,35.383,33.568,31.762,23.197,4.854,85.701,17.105,12,-3.685,-5.04,-5.313,-4.967,2.263,2.639,9.114,1.788,8.004,1.555,-2.355,-3.969,Pepper,Clay Loam,0.407,0.253,25.329,7,0.359,2.937.599,19.455
13.721,107.842,6,412.18,6.964,27.683,1.862,5.702,37.488,34.829,26.793,24.57,141.28,83.7,18.14,4,-159.46,-169.36,-154.13,-136.02,24.8,37.8,167.03,113.53,221.94,194.62,-29.94,-110.79,Pepper,Clay Loam,0.503,0.241,759.7,9,0.292,2.814.025,21.891
13.539,107.662,6,268.088,3.64,30.77,22.291,5.846,37.562,31.668,26.944,25.738,6.499,83.023,17.638,12,-5.309,-6.333,-6.44,-5.493,3.179,4.753,13.339,3.462,8.941,0.642,-4.719,-6.056,Pepper,Clay Loam,0.562,0.241,34.35,7,0.389,2.501.837,23.995
13.929,108.145,6,749.272,2.767,32.7,2.554,5.797,35.638,31.662,25.852,23.3,147.86,84.74,17.233,4,-159.46,-175.05,-157.67,-141.05,-0.75,18.07,145.89,104.16,223.27,261.45,-15.89,-102.98,Pepper,Clay Loam,0.437,0.244,752.85,10,0.347,2.732.542,18.43
13.627,108.069,6,447.304,10.27,29.035,2.255,5.787,37.278,33.68,29.885,24.57,141.28,83.7,17.308,4,-159.46,-169.36,-154.13,-136.02,24.8,37.8,167.03,113.53,221.94,194.62,-29.94,-110.79,Pepper,Clay Loam,0.503,0.246,759.7,9,0.292,2.629.748,21.663
13.678,108.008,6,501.062,2.624,28.411,2.25,5.639,37.029,34.506,26.243,24.57,141.28,83.7,17.663,4,-159.46,-169.36,-154.13,-136.02,24.8,37.8,167.03,113.53,221.94,194.62,-29.94,-110.79,Pepper,Clay Loam,0.503,0.242,759.7,9,0.292,2.950.607,21.313
12.134,108.379,6,1.553.003,3.64,36.146,45.554,5.209,32.281,31.573,50.628,22.002,4.968,86.633,18.668,12,-3.525,-4.939,-5.28,-5.094,1.558,2.099,9.159,1.799,7.287,1.766,-1.561,-3.253,Pepper,Clay Loam,0.353,0.287,23.652,7,0.387,3.882.834,11.907
13.725,108.324,6,554.232,3.64,34.162,34.654,5.6,34.269,31.569,44.185,23.956,4.823,85.42,16.78,12,-3.605,-5.112,-5.728,-5.005,1.842,2.598,7.13,1.191,8.791,4.229,-1.99,-4.312,Pepper,Clay Loam,0.434,0.273,25.752,9,0.341,3.035.158,20.353
14.019,108.085,6,757.507,1.686,30.096,2.2,5.8,36.742,33.162,26.955,23.3,147.86,84.74,16.63,4,-159.46,-175.05,-157.67,-141.05,-0.75,18.07,145.89,104.16,223.27,261.45,-15.89,-102.98,Pepper,Clay Loam,0.437,0.243,752.85,10,0.347,2.725.728,18.376
14.409,107.983,6,540.367,7.675,31.147,1.944,5.711,36.384,32.468,22.252,21.74,170.32,87.04,17.551,3,-158.95,-186.38,-169.92,-152.62,-53.36,-34.84,75.1,61.71,223.52,408.66,45.38,-58.32,Pepper,Clay Loam,0.337,0.237,814.39,10,0.502,3.221.959,18.228
13.252,108.016,6,208.059,3.64,32.283,21.021,5.969,35.627,32.089,23.891,24.712,4.999,84.593,17.365,12,-3.812,-5.176,-5.535,-5.085,2.746,2.274,8.731,1.394,8.913,2.368,-2.39,-4.398,Pepper,Clay Loam,0.48,0.242,26.396,9,0.337,2.235.177,23.36
12.858,108.072,6,484.577,1.701,32.087,2.133,5.582,35.982,31.931,28.44,24.7,138.1,83.27,17.08,4,-159.26,-166.84,-154.61,-137.12,20.29,47.68,185.83,130.34,211.42,150.74,-24.92,-103.53,Pepper,Clay Loam,0.521,0.247,746.28,9,0.283,2.993.823,21.55
14.061,108.074,6,764.283,1.519,32.91,1.916,5.776,36.748,30.342,30.684,23.3,147.86,84.74,17.268,4,-159.46,-175.05,-157.67,-141.05,-0.75,18.07,145.89,104.16,223.27,261.45,-15.89,-102.98,Pepper,Clay Loam,0.437,0.248,752.85,10,0.347,2.780.243,18.332
13.37,108.116,5,432.251,3.64,32.626,23.349,5.787,34.937,32.35,30.025,24.486,4.96,84.907,16.762,12,-3.766,-5.169,-5.601,-5.038,2.53,2.643,8.268,1.349,8.86,2.827,-2.411,-4.446,Rubber,Clay Loam,0.464,0.252,26.431,9,0.335,2.629.748,21.676
14.045,108.235,5.471,760.174,5.367,33.358,2.016,5.853,34.01,32.632,28.663,23.3,147.86,84.74,16.63,4,-159.46,-175.05,-157.67,-141.05,-0.75,18.07,145.89,104.16,223.27,261.45,-15.89,-102.98,Rubber,Clay Loam,0.437,0.252,752.85,10,0.347,2.605.342,18.359
13.447,108.03,5.939,302.33,3.64,32.67,23.338,5.9,34.377,33.048,26.548,24.64,4.92,84.79,16.834,12,-3.74,-5.15,-5.62,-5,2.51,2.76,7.89,1.25,8.92,3.13,-2.41,-4.49,Rubber,Clay Loam,0.472,0.248,26.41,9,0.337,2.384.767,22.675
14.173,107.779,5,735.591,3.64,33.899,26.837,5.64,35.24,30.881,30.376,23.587,4.415,85.095,17.306,12,-3.75,-4.574,-4.841,-3.645,1.306,2.948,8.207,2.242,6.651,2.415,-2.758,-4.161,Rubber,Clay Loam,0.434,0.251,23.729,7,0.345,2.948.439,18.806
14.625,107.672,6,652,2.856,31,2.01,5.8,34.4,34.599,25.898,23.36,139.49,84.71,17.66,3,-150.13,-154.94,-139.28,-111.93,18.2,34.11,207.98,194.59,162.57,151.62,-93.27,-119.51,Rubber,Clay Loam,0.439,0.247,769.06,7,0.27,2.382.456,19.122
13.865,108.026,6,742.455,1.491,28.033,1.936,5.665,35.775,36.192,24.595,23.3,147.86,84.74,17.828,4,-159.46,-175.05,-157.67,-141.05,-0.75,18.07,145.89,104.16,223.27,261.45,-15.89,-102.98,Rubber,Clay Loam,0.437,0.242,752.85,10,0.347,3.032.372,18.474
13.696,107.902,6,482.905,4.067,28.089,2.076,5.7,36.693,35.218,27.566,24.57,141.28,83.7,18.14,4,-159.46,-169.36,-154.13,-136.02,24.8,37.8,167.03,113.53,221.94,194.62,-29.94,-110.79,Rubber,Clay Loam,0.503,0.244,759.7,9,0.292,2.818.361,21.431
13.592,107.68,5.402,202.383,0.912,29.956,2.15,5.78,34.081,35.863,27.74,25.96,199.04,81.8,18.14,3,-202.41,-205.29,-190.82,-159.08,55.01,90.16,368.73,274.99,223.54,69.09,-144.32,-179.6,Rubber,Clay Loam,0.61,0.25,1081.52,7,0.341,3.094.018,24.645
11.859,108.263,5.52,994.04,3.64,32.52,30.336,5.408,34.056,33.372,32.256,22.629,4.306,85.457,18.81,12,-3.338,-4.565,-4.665,-4.545,1.618,3.081,8.424,2.048,6.641,0.624,-2.144,-3.181,Rubber,Clay Loam,0.399,0.257,22.438,7,0.375,3.451.408,16.168
12.928,107.958,6,355.117,2.78,29.886,2.27,5.963,37.177,32.937,22.78,24.7,138.1,83.27,17.87,4,-159.26,-166.84,-154.61,-137.12,20.29,47.68,185.83,130.34,211.42,150.74,-24.92,-103.53,Rubber,Clay Loam,0.521,0.236,746.28,9,0.283,2.189.418,22.392
13.951,108.377,5.126,1.318.116,3.64,33.256,41.59,5.462,33.437,33.395,50.181,23.375,4.803,85.93,16.264,12,-3.548,-5.108,-5.776,-5.047,1.447,2.38,7.04,1.254,8.65,4.607,-1.73,-4.157,Rubber,Clay Loam,0.404,0.283,25.366,9,0.341,3.334.338,14.807
13.277,108.271,5,496.239,2.81,34.714,2.311,5.9,33.413,31.873,25.268,24.57,141.28,83.7,17.25,4,-159.46,-169.36,-154.13,-136.02,24.8,37.8,167.03,113.53,221.94,194.62,-29.94,-110.79,Rubber,Clay Loam,0.503,0.249,759.7,9,0.292,2.384.767,21.344
13.421,107.933,5.768,203.39,1.616,34.121,1.928,5.777,34.94,30.862,23.815,24.57,141.28,83.7,18.14,4,-159.46,-169.36,-154.13,-136.02,24.8,37.8,167.03,113.53,221.94,194.62,-29.94,-110.79,Rubber,Clay Loam,0.503,0.243,759.7,9,0.292,2.651.427,23.248
12.675,107.928,5,349.138,1.98,32.403,2.336,5.825,35.484,32.114,22.916,23.35,141.43,84.51,17.87,4,-162.08,-169.35,-158.73,-138.82,7,56.24,226.23,162.74,189.26,115.44,-29.2,-98.71,Rubber,Clay Loam,0.444,0.24,756.89,7,0.299,2.481.095,21.081
14.676,108.272,5,1.178.258,3.64,32.488,42.705,5.416,33.674,33.838,63.336,21.891,5.896,88.377,16.21,12,-2.589,-4.834,-6.991,-6.134,-2.374,-1.157,1.207,-1.446,7.909,13.787,3.964,-1.362,Rubber,Clay Loam,0.305,0.301,26.887,10,0.513,3.434.064,14.232
13.835,107.678,5,490.638,7.443,26.246,2.32,5.7,36.115,37.665,26.141,25.25,174.14,81.48,18.14,3,-179.93,-183.32,-167.16,-135.46,50.28,69.26,300.26,253.27,195.98,90.33,-133.36,-160.15,Rubber,Loam,0.595,0.244,959.38,7,0.313,2.976.155,22.061
14.445,108.078,5.761,864.896,3.64,29.04,33.661,5.424,34.704,36.255,40.106,21.977,4.511,87.577,16.458,12,-2.783,-4.515,-5.845,-4.829,-0.758,0.378,3.188,-0.015,7.672,8.99,1.047,-2.548,Rubber,Clay Loam,0.328,0.266,21.293,10,0.423,3.416.721,16.355
13.497,108.155,5.11,382.006,5.728,34.613,2.384,5.8,33.542,31.845,28.29,24.57,141.28,83.7,17.25,4,-159.46,-169.36,-154.13,-136.02,24.8,37.8,167.03,113.53,221.94,194.62,-29.94,-110.79,Rubber,Clay Loam,0.503,0.252,759.7,9,0.292,2.601.564,22.087
12.927,107.897,6,738.872,3.64,32.759,29.833,5.435,33.329,33.912,33.366,23.296,5.686,84.739,17.062,12,-4.394,-5.421,-5.959,-5.498,0.343,2.951,10.403,2.231,7.708,3.868,-1.996,-4.24,Rubber,Clay Loam,0.436,0.26,27.508,7,0.378,3.392.873,18.493
12.634,107.677,6,395.862,3.64,32.001,23.15,5.6,35.044,33.027,29.917,23.674,7.257,85.164,17.274,12,-5.789,-6.597,-6.66,-6.369,2.036,4.118,17.168,4.171,8.668,-0.331,-4.53,-5.915,Rubber,Clay Loam,0.434,0.251,36.191,7,0.475,3.035.158,21.101
13.344,107.677,5.296,154.111,1.313,34.026,1.948,5.83,33.256,32.719,24.385,25.96,199.04,81.8,18.14,3,-202.41,-205.29,-190.82,-159.08,55.01,90.16,368.73,274.99,223.54,69.09,-144.32,-179.6,Rubber,Clay Loam,0.61,0.248,1081.52,7,0.341,2.967.214,24.958
13.062,107.904,5.766,222.365,3.64,32.719,23.797,5.777,32.707,34.574,27.039,24.75,5.04,84.49,17.637,12,-3.85,-5.19,-5.49,-5.13,2.87,2.02,9.17,1.47,8.91,1.97,-2.38,-4.35,Rubber,Clay Loam,0.484,0.253,26.39,7,0.347,2.651.427,23.305
13.424,107.702,5.958,182.042,3.64,34.434,20.891,5.804,32.879,32.687,23.416,26.023,6.979,82.605,17.67,12,-5.775,-6.698,-6.747,-5.646,3.246,5.562,14.755,4.089,8.957,0.218,-5.426,-6.58,Rubber,Clay Loam,0.586,0.247,36.872,7,0.401,2.592.892,24.84
12.538,107.607,5.018,454.036,5.554,35.798,2.445,5.409,32.909,31.293,36.053,23.73,231.98,84.06,17.87,4,-223.28,-224.48,-213.24,-190.37,2.58,142.09,478.49,339.12,196.45,35.26,-147.65,-194.95,Rubber,Clay Loam,0.468,0.265,1193.97,7,0.401,4.350.542,20.779
13.023,107.842,5.988,219.074,3.64,35.679,21.116,5.801,34.305,30.016,23.707,24.75,5.04,84.49,17.668,12,-3.85,-5.19,-5.49,-5.13,2.87,2.02,9.17,1.47,8.91,1.97,-2.38,-4.35,Rubber,Clay Loam,0.484,0.244,26.39,7,0.347,2.599.396,23.326
12.846,107.871,5.428,621.133,3.64,32.587,32.553,5.314,33.584,33.786,33.531,23.782,5.541,84.157,17.063,12,-4.48,-5.458,-5.786,-5.308,1.121,3.53,10.892,2.456,7.953,2.629,-2.86,-4.686,Rubber,Clay Loam,0.467,0.26,28.578,7,0.381,3.655.197,19.745
13.321,108.032,5.616,307.612,3.64,33.046,23.792,5.823,33.547,33.469,26.354,24.682,4.966,84.675,16.78,12,-3.782,-5.165,-5.57,-5.05,2.648,2.476,8.382,1.335,8.916,2.684,-2.398,-4.436,Rubber,Clay Loam,0.476,0.25,26.401,9,0.337,2.551.701,22.683
13.607,107.984,5.68,380.961,6.307,32.284,2.044,5.764,35.413,32.272,26.532,24.57,141.28,83.7,17.855,4,-159.46,-169.36,-154.13,-136.02,24.8,37.8,167.03,113.53,221.94,194.62,-29.94,-110.79,Rubber,Clay Loam,0.503,0.246,759.7,9,0.292,2.679.611,22.094
13.066,107.886,5.218,197.163,1.193,37.873,2.252,5.922,31.849,30.256,32.65,24.7,138.1,83.27,18.14,4,-159.26,-166.84,-154.61,-137.12,20.29,47.68,185.83,130.34,211.42,150.74,-24.92,-103.53,Rubber,Clay Loam,0.521,0.262,746.28,9,0.283,2.275.981,23.418
12.757,108.484,5.05,462.249,3.64,37.39,21.905,5.905,35.3,27.31,22.385,24.239,3.991,86.909,16.64,12,-2.254,-4.301,-5.21,-4.956,1.442,-0.323,3.671,-1.137,7.192,6.023,2.203,-2.35,Rubber,Clay Loam,0.396,0.24,20.531,9,0.35,2.373.927,21.234
12.934,108.095,5,524.273,3.142,33.02,2.519,5.621,35.965,31.094,29.131,24.7,138.1,83.27,17.08,4,-159.26,-166.84,-154.61,-137.12,20.29,47.68,185.83,130.34,211.42,150.74,-24.92,-103.53,Rubber,Clay Loam,0.521,0.248,746.28,9,0.283,2.911.483,21.292
13.714,107.529,5.911,235.642,3.64,32.189,24.451,5.8,36.328,31.482,27.298,26.03,6.93,82.59,17.67,12,-5.74,-6.67,-6.72,-5.6,3.27,5.56,14.57,4.05,8.95,0.25,-5.41,-6.56,Rubber,Clay Loam,0.586,0.245,36.7,7,0.398,2.601.564,24.498
13.871,107.76,6,442.264,7.474,27.016,2.278,5.875,37.198,35.786,27.352,25.25,174.14,81.48,18.14,3,-179.93,-183.32,-167.16,-135.46,50.28,69.26,300.26,253.27,195.98,90.33,-133.36,-160.15,Rubber,Clay Loam,0.595,0.243,959.38,7,0.313,2.575.519,22.375
12.645,108.456,5.121,979.121,3.64,38.553,34.831,5.412,34.146,27.301,38.976,23.449,3.773,86.945,16.588,12,-1.969,-4.412,-5.117,-4.896,1.622,0.289,4.018,-0.478,7.238,4.133,1.456,-1.909,Rubber,Clay Loam,0.377,0.266,18.781,9,0.386,3.442.736,17.085
12.022,108.204,5.055,1.065.392,3.64,35.155,37.273,5.206,32.794,32.045,45.59,22.087,4.824,86.41,16.64,12,-3.657,-4.969,-5.083,-4.96,2.094,2.501,10.164,2.219,7.316,0.285,-2.316,-3.573,Rubber,Clay Loam,0.361,0.278,24.558,7,0.414,3.889.338,15.162
13.567,107.616,5,183.935,3.016,30.57,2.169,5.8,35.658,33.72,25.785,25.96,199.04,81.8,18.14,3,-202.41,-205.29,-190.82,-159.08,55.01,90.16,368.73,274.99,223.54,69.09,-144.32,-179.6,Rubber,Clay Loam,0.61,0.244,1081.52,7,0.341,3.043.296,24.764
13.344,108.09,6,330.16,4.749,33.759,2.276,5.761,35.332,30.909,25.308,24.57,141.28,83.7,17.25,4,-159.46,-169.36,-154.13,-136.02,24.8,37.8,167.03,113.53,221.94,194.62,-29.94,-110.79,Rubber,Clay Loam,0.503,0.244,759.7,9,0.292,2.686.115,22.424
12.247,107.809,5.167,659.165,3.64,29.119,29.85,5.333,34.999,35.883,38.081,23.524,5.39,85.234,17.53,12,-4.162,-5.373,-5.518,-5.338,2.393,2.248,11.458,2.274,8.268,0.713,-2.647,-4.297,Rubber,Clay Loam,0.428,0.263,27.335,7,0.419,3.614.006,19.239
13.357,107.75,5.991,164.956,0.756,35.075,2.156,5.901,32.317,32.608,25.445,25.96,199.04,81.8,18.14,3,-202.41,-205.29,-190.82,-159.08,55.01,90.16,368.73,274.99,223.54,69.09,-144.32,-179.6,Rubber,Clay Loam,0.61,0.251,1081.52,7,0.341,2.787.152,24.888
13.107,107.863,5.232,186.695,1.165,36.461,2.208,5.877,32.456,31.083,26.796,24.7,138.1,83.27,18.14,4,-159.26,-166.84,-154.61,-137.12,20.29,47.68,185.83,130.34,211.42,150.74,-24.92,-103.53,Rubber,Clay Loam,0.521,0.253,746.28,9,0.283,2370.99,23.486
11.932,107.804,5.943,595.048,17.876,32.871,3.361,5.311,32.54,34.583,31.48,24.04,181.62,82.12,18.1,4,-188.5,-190,-176.72,-153.36,10.7,136.2,344.01,256.97,158.52,68.86,-111.48,-155.21,Rubber,Clay Loam,0.535,0.259,975.27,7,0.353,3.903.532,20.172
13.319,108.025,5.65,298.095,3.64,34.136,24.896,5.83,33.955,31.974,27.821,24.679,4.962,84.685,17.092,12,-3.779,-5.164,-5.574,-5.046,2.636,2.501,8.338,1.327,8.916,2.724,-2.399,-4.441,Rubber,Clay Loam,0.476,0.251,26.403,9,0.337,2.536.525,22.741
13.442,107.739,5.608,177.177,3.64,37.052,20.122,5.839,31.188,31.698,23.88,26.03,6.93,82.59,17.67,12,-5.74,-6.67,-6.72,-5.6,3.27,5.56,14.57,4.05,8.95,0.25,-5.41,-6.56,Rubber,Clay Loam,0.586,0.252,36.7,7,0.398,2.517.013,24.878
13.447,107.931,6,218.025,1.881,35.183,1.979,5.851,37.017,27.849,21.505,24.57,141.28,83.7,18.14,4,-159.46,-169.36,-154.13,-136.02,24.8,37.8,167.03,113.53,221.94,194.62,-29.94,-110.79,Rubber,Clay Loam,0.503,0.235,759.7,9,0.292,2.490.998,23.153
12.828,107.859,5.231,248.463,2.222,33.623,2.146,5.877,35.954,30.346,25.33,24.7,138.1,83.27,17.932,4,-159.26,-166.84,-154.61,-137.12,20.29,47.68,185.83,130.34,211.42,150.74,-24.92,-103.53,Rubber,Clay Loam,0.521,0.243,746.28,9,0.283,2370.99,23.085
12.824,108.16,5,540.765,3.64,27.829,22.377,5.553,39.359,32.712,34.217,24.75,5.04,84.49,16.64,12,-3.85,-5.19,-5.49,-5.13,2.87,2.02,9.17,1.47,8.91,1.97,-2.38,-4.35,Rubber,Clay Loam,0.484,0.247,26.39,7,0.347,3.137.053,21.235
13.347,107.674,5,154.339,1.4,33.788,1.868,5.844,33.524,32.688,23.868,25.96,199.04,81.8,18.14,3,-202.41,-205.29,-190.82,-159.08,55.01,90.16,368.73,274.99,223.54,69.09,-144.32,-179.6,Rubber,Clay Loam,0.61,0.246,1081.52,7,0.341,2.931.708,24.957
12.445,107.903,5,519.814,1.999,34.056,2.506,5.681,35.183,30.742,29.195,23.35,141.43,84.51,17.723,4,-162.08,-169.35,-158.73,-138.82,7,56.24,226.23,162.74,189.26,115.44,-29.2,-98.71,Rubber,Clay Loam,0.444,0.25,756.89,7,0.299,2.785.161,19.971
14.076,107.918,5.78,667.763,0.971,29.497,2.019,5.622,36.9,33.603,27.93,23.3,147.86,84.74,17.66,4,-159.46,-175.05,-157.67,-141.05,-0.75,18.07,145.89,104.16,223.27,261.45,-15.89,-102.98,Rubber,Clay Loam,0.437,0.244,752.85,10,0.347,3.130.044,18.96
12.455,108.136,6,1.159.297,3.64,32.894,39.669,5.47,33.436,33.67,43.754,23.26,4.162,85.037,17.9,12,-3.211,-4.515,-4.832,-4.471,1.231,3.188,6.727,1.621,6.99,2.434,-1.864,-3.309,Rubber,Clay Loam,0.427,0.274,22.202,9,0.315,3.316.994,15.725
13.679,107.654,5.942,197.231,1.463,28.798,2.023,5.9,34.506,36.602,27.424,25.96,199.04,81.8,18.14,3,-202.41,-205.29,-190.82,-159.08,55.01,90.16,368.73,274.99,223.54,69.09,-144.32,-179.6,Rubber,Clay Loam,0.61,0.249,1081.52,7,0.341,2.789.688,24.678
13.217,108.321,5.031,672,4.96,36.02,3.116,5.797,34.683,29.394,32.444,24.7,138.1,83.27,17.25,4,-159.26,-166.84,-154.61,-137.12,20.29,47.68,185.83,130.34,211.42,150.74,-24.92,-103.53,Rubber,Clay Loam,0.521,0.256,746.28,9,0.283,2.539.894,20.332
12.833,108.158,5.116,539,3.64,28.007,22.723,5.546,39.454,32.44,34.695,24.75,5.04,84.49,16.64,12,-3.85,-5.19,-5.49,-5.13,2.87,2.02,9.17,1.47,8.91,1.97,-2.38,-4.35,Rubber,Clay Loam,0.484,0.248,26.39,7,0.347,3.152.228,21.246
14.923,107.635,5.072,1.037.567,3.64,30.182,37.911,5.4,37.3,32.518,36.765,22.452,3.497,85.468,17.175,12,-2.516,-3.596,-4.438,-3.034,-0.279,0.345,2.472,-0.066,6.036,6.97,0.253,-2.184,Rubber,Clay Loam,0.395,0.256,16.113,10,0.434,3.468.752,15.708
13.686,108.208,5.995,208.959,2.306,33.701,2.162,6.001,34.401,31.799,27.21,24.57,141.28,83.7,17.25,4,-159.46,-169.36,-154.13,-136.02,24.8,37.8,167.03,113.53,221.94,194.62,-29.94,-110.79,Rubber,Clay Loam,0.503,0.249,759.7,9,0.292,2.165.802,23.212
12.54,107.748,5,548.609,4.493,38.487,2.364,5.617,32.896,28.617,28.744,23.73,231.98,84.06,17.87,4,-223.28,-224.48,-213.24,-190.37,2.58,142.09,478.49,339.12,196.45,35.26,-147.65,-194.95,Rubber,Clay Loam,0.468,0.255,1193.97,7,0.401,3.781.772,20.164
13.813,108.237,5.396,514.226,3.404,34.998,2.118,5.779,34.206,30.857,27.104,23.3,147.86,84.74,17.25,4,-159.46,-175.05,-157.67,-141.05,-0.75,18.07,145.89,104.16,223.27,261.45,-15.89,-102.98,Rubber,Clay Loam,0.437,0.249,752.85,10,0.347,2.773.428,19.958
13.421,107.968,5.242,222.308,2.357,35.929,2.169,5.952,35.058,29.037,22.665,24.57,141.28,83.7,18.14,4,-159.46,-169.36,-154.13,-136.02,24.8,37.8,167.03,113.53,221.94,194.62,-29.94,-110.79,Rubber,Clay Loam,0.503,0.241,759.7,9,0.292,2.272.033,23.125
14.099,108.142,5.304,690.648,4.47,30.587,2.018,5.761,36.095,33.318,27.178,23.3,147.86,84.74,16.63,4,-159.46,-175.05,-157.67,-141.05,-0.75,18.07,145.89,104.16,223.27,261.45,-15.89,-102.98,Rubber,Clay Loam,0.437,0.245,752.85,10,0.347,2.814.314,18.811
12.824,107.66,5,340.308,3.64,32.269,28.877,5.415,36.769,30.946,39.777,25.54,8.087,83.256,17.53,12,-6.564,-7.298,-7.326,-6.715,2.558,5.522,19.072,4.979,9.065,-0.547,-5.735,-6.977,Rubber,Clay Loam,0.548,0.261,41.162,7,0.463,3.436.232,23.328
12.96,108.277,5,939.342,3.64,33.297,34.168,5.689,33.989,32.613,44.279,24.628,5.243,84.181,16.949,12,-4.102,-5.291,-5.54,-5.204,2.527,2.445,10.095,1.833,8.634,1.742,-2.638,-4.484,Rubber,Clay Loam,0.49,0.274,27.259,7,0.37,2.842.209,18.522
14.114,107.705,6,404.878,3.64,29.939,31.217,5.622,34.994,34.99,34.349,23.449,4.263,85.681,17.313,12,-3.508,-4.509,-4.803,-3.648,1.67,2.427,7.645,1.962,6.904,2.362,-2.482,-3.977,Rubber,Clay Loam,0.413,0.258,22.927,7,0.333,2.987.463,20.817
13.067,107.646,5.776,234.881,5.002,32.756,2.715,5.622,36.669,30.552,32.17,25.82,227.9,82.05,18.14,4,-222.95,-224.84,-212.6,-186.27,25.42,125.85,462.77,319.67,217.47,42.22,-150.03,-196.73,Rubber,Clay Loam,0.597,0.251,1193.42,7,0.388,3.795.425,24.293
12.602,107.891,5,420.074,3.64,32.565,23.754,5.754,36.007,31.428,25.08,23.41,5.24,85.72,17.53,12,-3.95,-5.3,-5.47,-5.3,2.67,1.83,10.91,2.04,8.44,0.71,-2.42,-4.14,Rubber,Clay Loam,0.411,0.242,26.58,7,0.41,2.701.291,20.68
13.844,107.69,6,375.372,7.477,27.811,2.588,5.781,37.082,35.107,28.816,25.25,174.14,81.48,18.14,3,-179.93,-183.32,-167.16,-135.46,50.28,69.26,300.26,253.27,195.98,90.33,-133.36,-160.15,Rubber,Clay Loam,0.595,0.245,959.38,7,0.313,2.790.718,22.81
14.478,107.986,5.58,600.338,3.64,30.937,49.806,5.684,35.156,33.865,60.982,25.333,6.793,84.021,16.813,12,-3.579,-5.508,-7.425,-6.37,-0.852,1.504,6.442,-0.32,8.167,8.486,2.12,-2.675,Rubber,Clay Loam,0.516,0.295,26.729,10,0.318,2.853.049,21.431
13.93,107.614,5.909,468.36,3.64,27.15,36.846,5.6,39.297,33.553,43.963,25.145,5.594,82.704,17.276,12,-4.631,-5.6,-5.724,-4.437,2.725,4.437,10.955,3.23,7.94,0.846,-4.319,-5.43,Rubber,Clay Loam,0.553,0.261,30.141,7,0.364,3.035.158,22.101
12.827,107.657,5,340.245,3.64,32.275,29.065,5.412,36.898,30.815,39.761,25.605,8.088,83.194,17.53,12,-6.565,-7.304,-7.333,-6.712,2.587,5.54,19.049,4.977,9.076,-0.539,-5.749,-6.99,Rubber,Clay Loam,0.552,0.261,41.192,7,0.462,3.442.736,23.393
12.548,108.209,6,427.406,0.586,30.912,2.121,5.706,36.433,32.655,27.234,23.35,141.43,84.51,17.08,4,-162.08,-169.35,-158.73,-138.82,7,56.24,226.23,162.74,189.26,115.44,-29.2,-98.71,Rubber,Clay Loam,0.444,0.244,756.89,7,0.299,2.732.372,20.572
11.939,108.111,5,761.036,3.64,31.779,42.365,5.313,33.739,34.495,45.642,22.164,4.677,86.203,16.777,12,-3.565,-4.854,-4.962,-4.842,1.95,2.675,9.698,2.185,7.098,0.351,-2.269,-3.451,Rubber,Clay Loam,0.368,0.276,23.943,7,0.405,3.657.365,17.217
12.479,107.882,6,391.001,0.759,31.967,2.592,5.522,32.7,35.333,28.81,23.35,141.43,84.51,17.87,4,-162.08,-169.35,-158.73,-138.82,7,56.24,226.23,162.74,189.26,115.44,-29.2,-98.71,Rubber,Clay Loam,0.444,0.255,756.89,7,0.299,3120.9,20.808
12.486,107.885,6,389.734,1.369,31.609,2.607,5.504,32.82,35.571,29.48,23.35,141.43,84.51,17.87,4,-162.08,-169.35,-158.73,-138.82,7,56.24,226.23,162.74,189.26,115.44,-29.2,-98.71,Rubber,Clay Loam,0.444,0.256,756.89,7,0.299,3.158.909,20.817
13.858,107.941,5.138,608.656,4.112,27.955,2.145,5.614,36.828,35.217,30.086,23.3,147.86,84.74,17.932,4,-159.46,-175.05,-157.67,-141.05,-0.75,18.07,145.89,104.16,223.27,261.45,-15.89,-102.98,Rubber,Clay Loam,0.437,0.247,752.85,10,0.347,3.148.216,19.344
13.824,107.758,5.81,1.442.763,3.64,27.81,52.595,5.543,35.014,37.176,52.038,24.689,5.472,83.171,17.134,12,-4.498,-5.5,-5.619,-4.462,2.602,4.289,10.8,3.137,7.768,0.746,-4.091,-5.175,Rubber,Clay Loam,0.523,0.282,29.345,7,0.368,3.158.732,15.311
14.006,108.138,6,1.510.996,3.64,35.241,46.577,5.331,34.252,30.507,47.68,21.951,6.012,87.774,17.04,12,-2.808,-4.871,-6.646,-6.054,-1.563,-0.644,3.181,-0.882,7.519,11.13,3.096,-1.469,Rubber,Clay Loam,0.322,0.278,24.937,10,0.447,3.618.342,12.13
13.133,107.864,5,184.898,1.16,36.214,2.099,5.9,32.781,31.004,24.67,24.7,138.1,83.27,18.14,4,-159.26,-166.84,-154.61,-137.12,20.29,47.68,185.83,130.34,211.42,150.74,-24.92,-103.53,Rubber,Clay Loam,0.521,0.249,746.28,9,0.283,2322.43,23.498
14.104,108.043,6,764.392,1.558,30.757,1.881,5.809,37.078,32.083,33.235,23.3,147.86,84.74,16.63,4,-159.46,-175.05,-157.67,-141.05,-0.75,18.07,145.89,104.16,223.27,261.45,-15.89,-102.98,Rubber,Clay Loam,0.437,0.251,752.85,10,0.347,2.705.285,18.331
12.721,107.969,5.408,863.268,3.64,31.968,35.201,5.4,34.918,33.114,36.035,22.649,4.263,86.055,17.091,12,-2.991,-4.467,-5.125,-4.695,0.36,2.297,5.492,1.124,6.966,4.481,-0.667,-2.793,Rubber,Clay Loam,0.384,0.26,20.738,9,0.336,3.468.752,17.038
13.443,108.177,5.373,347.727,3.079,35.093,2.338,5.937,34.078,30.766,24.538,24.57,141.28,83.7,17.25,4,-159.46,-169.36,-154.13,-136.02,24.8,37.8,167.03,113.53,221.94,194.62,-29.94,-110.79,Rubber,Clay Loam,0.503,0.246,759.7,9,0.292,2.304.552,22.31
13.238,107.833,5.26,196,3.64,33.566,19.86,5.926,34.622,31.812,23.445,25.082,5.531,83.996,17.67,12,-4.341,-5.574,-5.809,-5.252,2.974,2.94,10.573,2.14,8.92,1.523,-3.167,-4.924,Rubber,Clay Loam,0.509,0.243,29.067,7,0.364,2328.4,23.808
12.805,108.006,6,349.489,3.64,33.904,23.147,5.711,36.768,29.328,29.26,23.75,5.151,85.463,17.323,12,-3.892,-5.259,-5.511,-5.217,2.626,2.087,10.075,1.822,8.573,1.379,-2.417,-4.237,Rubber,Clay Loam,0.427,0.246,26.533,7,0.379,2.794.513,21.478
12.96,107.77,5,205,0.263,36.307,2.111,5.75,32.108,31.536,23.246,25.82,227.9,82.05,18.004,4,-222.95,-224.84,-212.6,-186.27,25.42,125.85,462.77,319.67,217.47,42.22,-150.03,-196.73,Rubber,Clay Loam,0.597,0.249,1193.42,7,0.388,3.442.875,24.488
12.156,107.736,5.919,654.514,3.64,33.643,29.438,5.508,32.17,34.187,32.998,24.143,6.051,82.946,17.469,12,-5.109,-5.695,-5.738,-5.498,1.161,4.143,13.783,3.28,7.532,0.83,-3.667,-5.021,Rubber,Clay Loam,0.513,0.262,30.728,7,0.449,3.234.611,19.889
14.715,108.192,5.22,1.221.211,3.64,33.422,36.941,5.478,33.922,32.656,46.144,21.905,6.256,88.422,16.21,12,-2.484,-4.832,-7.225,-6.376,-2.898,-1.712,0.406,-1.959,7.79,15.249,4.907,-0.893,Rubber,Clay Loam,0.304,0.277,28.379,10,0.538,3299.65,13.967
12.645,108.147,5.317,843.05,3.64,33.85,31.167,5.668,35.576,30.574,30.515,22.772,4.17,85.715,18.316,12,-3.006,-4.41,-4.94,-4.579,0.551,2.585,5.799,1.294,6.767,3.69,-0.964,-2.806,Rubber,Clay Loam,0.396,0.251,20.705,9,0.327,2.887.736,17.292
13.888,107.749,6,422.391,2.802,27.186,1.994,5.877,35.629,37.185,24.137,25.25,174.14,81.48,18.14,3,-179.93,-183.32,-167.16,-135.46,50.28,69.26,300.26,253.27,195.98,90.33,-133.36,-160.15,Rubber,Clay Loam,0.595,0.242,959.38,7,0.313,2570.94,22.504
14.3,108.019,5.851,606.298,3.64,30.173,24.476,5.855,34.423,35.404,33.2,22.281,4.887,87.691,17.18,12,-3.033,-4.892,-6.197,-5.394,-0.314,0.675,4.352,0.244,8.348,8.448,0.71,-2.954,Rubber,Clay Loam,0.331,0.257,22.784,10,0.371,2.482.326,18.34
13.08,108.079,5,461.534,3.64,33.001,23.798,5.801,35.435,31.564,29.558,24.031,5.078,85.25,16.711,12,-3.844,-5.224,-5.546,-5.149,2.589,2.3,9.385,1.641,8.682,1.932,-2.415,-4.317,Rubber,Clay Loam,0.441,0.25,26.495,7,0.354,2.599.396,21.031
11.806,108.214,5.481,1.005.558,3.64,33.923,34.798,5.352,34.957,31.119,35.869,22.01,4.8,86.45,18.81,12,-3.64,-4.95,-5.06,-4.94,2.06,2.54,10.12,2.23,7.25,0.26,-2.31,-3.54,Rubber,Clay Loam,0.358,0.26,24.44,7,0.414,3.572.815,15.474
13.409,107.755,6,193.038,3.64,33.374,19.119,5.941,33.867,32.759,27.547,25.272,5.81,83.716,17.67,12,-4.62,-5.793,-5.991,-5.322,3.033,3.463,11.371,2.522,8.926,1.269,-3.615,-5.251,Rubber,Clay Loam,0.524,0.251,30.592,7,0.372,2295.88,24.017
14.528,108.251,5,1.138.403,3.64,34.353,33.881,5.465,35.008,30.638,49.644,21.943,4.604,87.756,16.392,12,-2.811,-4.602,-5.971,-4.991,-0.788,0.394,3.273,-0.003,7.826,9.147,1.101,-2.591,Rubber,Clay Loam,0.323,0.279,21.757,10,0.421,3.327.834,14.543
13.339,107.64,5.652,153.043,1.24,35.391,2.173,5.83,32.235,32.374,25.23,25.96,199.04,81.8,18.14,3,-202.41,-205.29,-190.82,-159.08,55.01,90.16,368.73,274.99,223.54,69.09,-144.32,-179.6,Rubber,Clay Loam,0.61,0.251,1081.52,7,0.341,2.967.214,24.965
13.978,107.715,5.678,324.712,4.048,30.293,1.866,5.932,36.629,33.01,26.014,25.25,174.14,81.48,18.14,3,-179.93,-183.32,-167.16,-135.46,50.28,69.26,300.26,253.27,195.98,90.33,-133.36,-160.15,Rubber,Clay Loam,0.595,0.242,959.38,7,0.313,2.445.026,23.139
12.426,107.65,5,707.279,5.187,33.117,2.316,5.443,36.318,30.565,30.746,23.73,231.98,84.06,17.87,4,-223.28,-224.48,-213.24,-190.37,2.58,142.09,478.49,339.12,196.45,35.26,-147.65,-194.95,Rubber,Clay Loam,0.468,0.25,1193.97,7,0.401,4257.57,19.133
13.355,108.039,5.733,304.869,3.64,33.234,23.333,5.847,33.88,32.96,26.38,24.669,4.952,84.71,16.78,12,-3.769,-5.161,-5.585,-5.035,2.606,2.562,8.232,1.309,8.917,2.82,-2.402,-4.453,Rubber,Clay Loam,0.475,0.249,26.405,9,0.337,2.499.669,22.687
13.314,107.875,6,198.485,0.528,31.91,2.06,5.8,34.136,33.942,24.015,24.57,141.28,83.7,18.14,4,-159.46,-169.36,-154.13,-136.02,24.8,37.8,167.03,113.53,221.94,194.62,-29.94,-110.79,Rubber,Clay Loam,0.503,0.245,759.7,9,0.292,2.601.564,23.28
13.152,108.295,5.203,670.582,5.01,35.594,2.929,5.759,34.661,29.846,33.493,24.7,138.1,83.27,17.216,4,-159.26,-166.84,-154.61,-137.12,20.29,47.68,185.83,130.34,211.42,150.74,-24.92,-103.53,Rubber,Clay Loam,0.521,0.257,746.28,9,0.283,2.620.123,20.341
13.409,107.764,5.342,186.658,2.761,35.173,2.19,5.666,34.237,30.69,26.307,25.96,199.04,81.8,18.14,3,-202.41,-205.29,-190.82,-159.08,55.01,90.16,368.73,274.99,223.54,69.09,-144.32,-179.6,Rubber,Clay Loam,0.61,0.248,1081.52,7,0.341,3.383.131,24.747
14.09,107.992,6,694.747,10.959,30.525,2.019,5.645,37.425,32.049,28.075,23.3,147.86,84.74,17.506,4,-159.46,-175.05,-157.67,-141.05,-0.75,18.07,145.89,104.16,223.27,261.45,-15.89,-102.98,Rubber,Clay Loam,0.437,0.243,752.85,10,0.347,3.077.801,18.784
12.688,108.12,5.867,548.938,0.778,32.026,2.22,5.44,33.019,34.968,32.523,23.35,141.43,84.51,17.08,4,-162.08,-169.35,-158.73,-138.82,7,56.24,226.23,162.74,189.26,115.44,-29.2,-98.71,Rubber,Clay Loam,0.444,0.26,756.89,7,0.299,3.294.049,19.782
14.146,108.111,5,1.699.086,3.64,33.942,66.28,5.3,34.171,31.887,61.012,22.258,5.702,88.278,17.072,12,-2.09,-4.702,-6.716,-6.1,-1.956,-1.264,0.851,-1.744,7.33,12.563,4.45,-0.64,Rubber,Clay Loam,0.315,0.297,25.212,10,0.499,3.685.549,11.214
13.713,108.03,5.163,433.467,3.64,31.827,26.345,5.767,35.524,32.565,31.925,24.272,4.672,84.894,16.857,12,-3.528,-4.878,-5.41,-4.654,2.036,2.339,6.956,1.02,8.416,3.779,-1.952,-4.089,Rubber,Clay Loam,0.458,0.253,24.511,9,0.343,2.673.107,21.454
12.532,107.745,5,550.908,4.22,38.02,2.345,5.57,33.393,28.587,30.752,23.73,231.98,84.06,17.87,4,-223.28,-224.48,-213.24,-190.37,2.58,142.09,478.49,339.12,196.45,35.26,-147.65,-194.95,Rubber,Clay Loam,0.468,0.256,1193.97,7,0.401,3.910.292,20.149
14.51,107.805,6,356.956,3.64,29.263,40.322,5.6,36.461,34.276,48.668,24.065,5.394,85.859,16.917,12,-2.948,-4.619,-6.251,-5.086,-0.917,0.838,4.621,-0.405,7.129,8.015,1.908,-2.254,Rubber,Clay Loam,0.424,0.274,22.48,10,0.356,3.035.158,21.745
11.882,107.877,5,785.237,3.64,33.101,38.581,5.2,32.547,34.352,42.839,22.01,4.8,86.45,17.7,12,-3.64,-4.95,-5.06,-4.94,2.06,2.54,10.12,2.23,7.25,0.26,-2.31,-3.54,Rubber,Clay Loam,0.358,0.275,24.44,7,0.414,3.902.346,16.906
13.005,107.935,5.753,226.785,2.416,29.425,1.974,5.725,35.979,34.597,24.815,24.7,138.1,83.27,18.073,4,-159.26,-166.84,-154.61,-137.12,20.29,47.68,185.83,130.34,211.42,150.74,-24.92,-103.53,Rubber,Clay Loam,0.521,0.242,746.28,9,0.283,2.691.908,23.226
12.466,108.084,5,435.427,3.64,34.567,19.532,5.732,34.323,31.11,28.279,23.41,5.24,85.72,16.64,12,-3.95,-5.3,-5.47,-5.3,2.67,1.83,10.91,2.04,8.44,0.71,-2.42,-4.14,Rubber,Clay Loam,0.411,0.251,26.58,7,0.41,2.748.986,20.58
13.298,108.259,5,512.906,6.05,35.255,2.547,5.852,34.343,30.414,31.025,24.57,141.28,83.7,17.25,4,-159.46,-169.36,-154.13,-136.02,24.8,37.8,167.03,113.53,221.94,194.62,-29.94,-110.79,Rubber,Clay Loam,0.503,0.254,759.7,9,0.292,2488.83,21.236
12.31,107.989,5.872,478.897,12.799,33.297,2.967,5.513,31.215,35.487,34.68,23.35,141.43,84.51,17.769,4,-162.08,-169.35,-158.73,-138.82,7,56.24,226.23,162.74,189.26,115.44,-29.2,-98.71,Rubber,Clay Loam,0.444,0.267,756.89,7,0.299,3.139.905,20.237
14.406,108.235,5,1.168.532,3.64,30.085,33.188,5.303,33.509,36.409,61.205,21.85,4.86,88.25,16.21,12,-2.89,-4.84,-6.32,-5.44,-0.87,0.44,3.51,0.03,8.25,9.58,1.25,-2.71,Rubber,Clay Loam,0.308,0.299,23.07,10,0.415,3.679.045,14.255
13.547,107.573,5,232.348,3.64,33.065,21.318,5.783,35.792,31.161,23.688,26,7.132,82.653,17.646,12,-5.885,-6.785,-6.831,-5.792,3.171,5.569,15.335,4.21,8.98,0.118,-5.478,-6.644,Rubber,Clay Loam,0.583,0.241,37.415,7,0.41,2.638.419,24.49
12.929,107.987,6,368.809,2.283,32.139,2.617,5.826,34.874,32.9,24.836,24.7,138.1,83.27,17.87,4,-159.26,-166.84,-154.61,-137.12,20.29,47.68,185.83,130.34,211.42,150.74,-24.92,-103.53,Rubber,Clay Loam,0.521,0.245,746.28,9,0.283,2.478.666,22.303
13.734,108.119,5,487.324,6.096,34.487,2.184,5.799,34.469,31.044,24.969,24.57,141.28,83.7,17.548,4,-159.46,-169.36,-154.13,-136.02,24.8,37.8,167.03,113.53,221.94,194.62,-29.94,-110.79,Rubber,Clay Loam,0.503,0.246,759.7,9,0.292,2.603.732,21.402
13.337,108.051,5.256,433.769,3.64,30.459,28.682,5.677,35.744,33.797,31.951,24.325,5.002,85.029,17.406,12,-3.794,-5.188,-5.582,-5.077,2.551,2.521,8.665,1.453,8.797,2.509,-2.413,-4.4,Rubber,Clay Loam,0.456,0.253,26.454,9,0.332,2.868.224,21.506
12.959,108.312,5.161,737.232,1.833,32.866,2.004,5.752,36.037,31.013,27.74,24.7,138.1,83.27,17.08,4,-159.26,-166.84,-154.61,-137.12,20.29,47.68,185.83,130.34,211.42,150.74,-24.92,-103.53,Rubber,Clay Loam,0.521,0.246,746.28,9,0.283,2.634.902,19.908
13.791,107.699,5.182,373.636,9.961,26.455,2.395,5.718,36.618,36.909,24.719,25.25,174.14,81.48,18.14,3,-179.93,-183.32,-167.16,-135.46,50.28,69.26,300.26,253.27,195.98,90.33,-133.36,-160.15,Rubber,Loam,0.595,0.24,959.38,7,0.313,2.934.947,22.821
13.706,107.865,6,477.511,6.944,29.347,2.298,5.7,36.933,33.72,28.764,24.57,141.28,83.7,18.14,4,-159.46,-169.36,-154.13,-136.02,24.8,37.8,167.03,113.53,221.94,194.62,-29.94,-110.79,Rubber,Clay Loam,0.503,0.245,759.7,9,0.292,2.818.361,21.466
13.265,107.714,5.507,173.507,3.64,33.19,19.458,5.951,34.448,32.313,23.121,25.944,7.519,82.773,17.67,12,-6.161,-7.005,-7.045,-6.158,2.981,5.585,16.798,4.517,9.036,-0.136,-5.608,-6.804,Rubber,Clay Loam,0.577,0.243,38.917,7,0.432,2.274.201,24.816
13.432,107.97,5,223.981,2.782,35.31,2.154,6,35.304,29.385,23.149,24.57,141.28,83.7,18.134,4,-159.46,-169.36,-154.13,-136.02,24.8,37.8,167.03,113.53,221.94,194.62,-29.94,-110.79,Rubber,Clay Loam,0.503,0.241,759.7,9,0.292,2167.97,23.114
12.932,107.663,5,216.731,3.64,34.443,21.331,5.843,35.471,30.057,23.58,25.86,8.09,82.95,17.57,12,-6.57,-7.33,-7.36,-6.7,2.7,5.61,18.96,4.97,9.12,-0.51,-5.8,-7.04,Rubber,Clay Loam,0.568,0.241,41.31,7,0.458,2.508.341,24.451
13.43,108.092,5.617,438.766,4.616,32.287,2.443,5.838,34.141,33.634,29,24.57,141.28,83.7,17.25,4,-159.46,-169.36,-154.13,-136.02,24.8,37.8,167.03,113.53,221.94,194.62,-29.94,-110.79,Rubber,Clay Loam,0.503,0.252,759.7,9,0.292,2.519.181,21.718
13.627,107.636,5.019,185.019,5.24,32.756,2.191,5.796,33.911,33.334,24.447,25.96,199.04,81.8,18.14,3,-202.41,-205.29,-190.82,-159.08,55.01,90.16,368.73,274.99,223.54,69.09,-144.32,-179.6,Rubber,Clay Loam,0.61,0.246,1081.52,7,0.341,3053.44,24.757
13.912,108.009,5,707.055,4.056,28.42,2.402,5.8,37.411,34.169,27.312,23.3,147.86,84.74,17.812,4,-159.46,-175.05,-157.67,-141.05,-0.75,18.07,145.89,104.16,223.27,261.45,-15.89,-102.98,Rubber,Clay Loam,0.437,0.242,752.85,10,0.347,2.725.728,18.704
12.835,107.864,5.26,248.142,2.264,33.739,2.152,5.874,35.91,30.276,25.435,24.7,138.1,83.27,17.94,4,-159.26,-166.84,-154.61,-137.12,20.29,47.68,185.83,130.34,211.42,150.74,-24.92,-103.53,Rubber,Clay Loam,0.521,0.243,746.28,9,0.283,2.377.324,23.087
13.044,107.717,5.366,232.83,4.694,35.792,2.559,5.663,34.413,29.732,30.284,25.82,227.9,82.05,18.14,4,-222.95,-224.84,-212.6,-186.27,25.42,125.85,462.77,319.67,217.47,42.22,-150.03,-196.73,Rubber,Clay Loam,0.597,0.253,1193.42,7,0.388,3.682.499,24.307
12.865,107.893,5,292.52,7.005,30.086,2.451,5.862,35.642,34.226,25.106,24.7,138.1,83.27,17.87,4,-159.26,-166.84,-154.61,-137.12,20.29,47.68,185.83,130.34,211.42,150.74,-24.92,-103.53,Rubber,Clay Loam,0.521,0.243,746.28,9,0.283,2.402.659,22.799
13.02,108.138,5,552.478,11.189,33.116,2.524,5.7,35.022,31.862,30.433,24.7,138.1,83.27,17.213,4,-159.26,-166.84,-154.61,-137.12,20.29,47.68,185.83,130.34,211.42,150.74,-24.92,-103.53,Rubber,Clay Loam,0.521,0.252,746.28,9,0.283,2744.69,21.109
13.148,107.612,5,177.786,3.64,33.84,19.321,5.889,33.382,32.778,29.893,25.878,7.966,82.911,17.67,12,-6.481,-7.259,-7.292,-6.582,2.761,5.605,18.49,4.872,9.102,-0.429,-5.758,-6.989,Rubber,Clay Loam,0.57,0.255,40.79,7,0.453,2.408.615,24.722
13.773,108.089,5,583.176,7.821,32.162,2.097,5.7,34.536,33.326,27.655,23.3,147.86,84.74,17.463,4,-159.46,-175.05,-157.67,-141.05,-0.75,18.07,145.89,104.16,223.27,261.45,-15.89,-102.98,Rubber,Clay Loam,0.437,0.249,752.85,10,0.347,2.952.872,19.509
13.22,107.717,5.541,164.752,0.882,34.513,2.049,5.854,32.695,32.746,20.53,25.82,227.9,82.05,18.14,4,-222.95,-224.84,-212.6,-186.27,25.42,125.85,462.77,319.67,217.47,42.22,-150.03,-196.73,Rubber,Clay Loam,0.597,0.244,1193.42,7,0.388,3.156.428,24.749
12.779,108.356,5.037,478.815,0.08,34.03,2.167,5.804,38.141,27.83,21.918,24.7,138.1,83.27,17.08,4,-159.26,-166.84,-154.61,-137.12,20.29,47.68,185.83,130.34,211.42,150.74,-24.92,-103.53,Rubber,Clay Loam,0.521,0.233,746.28,9,0.283,2.525.115,21.588
13.451,107.733,6,625.239,12.167,30.492,3.254,5.532,38.738,30.704,41.801,24.836,176.697,81.699,17.81,3.342,-182.86,-185.604,-170.428,-141.58,36.749,92.145,315.217,254.535,183.173,82.99,-125.88,-158.461,Rubber,Clay Loam,0.574,0.259,964.813,7,0.327,3.371.707,20.772
13.408,108.238,5.367,368.102,3.64,33.606,24.247,5.837,36.604,29.853,29.482,24.64,4.92,84.79,16.78,12,-3.74,-5.15,-5.62,-5,2.51,2.76,7.89,1.25,8.92,3.13,-2.41,-4.49,Rubber,Clay Loam,0.472,0.247,26.41,9,0.337,2.521.349,22.247
12.76,107.72,5.068,326.621,1.407,33.167,2.755,5.407,33.134,33.706,31.31,25.678,228.177,82.187,17.87,4,-222.972,-224.816,-212.644,-186.549,23.868,126.954,463.839,320.992,216.041,41.747,-149.868,-196.609,Rubber,Clay Loam,0.587,0.258,1.193.458,7,0.389,4.385.453,23.555
12.332,107.685,5.897,794.795,3.64,33.354,24.762,5.41,35.495,31.161,30.603,23.599,7.735,85.095,17.53,12,-6.234,-6.898,-6.927,-6.609,1.809,4.784,18.709,4.743,8.605,-0.646,-5.065,-6.313,Rubber,Clay Loam,0.434,0.251,38.692,7,0.484,3.447.072,18.433
14.573,107.722,5.937,656.69,3.028,30.551,2.269,5.706,35.887,33.562,24.818,23.36,139.49,84.71,17.66,3,-150.13,-154.94,-139.28,-111.93,18.2,34.11,207.98,194.59,162.57,151.62,-93.27,-119.51,Rubber,Clay Loam,0.439,0.242,769.06,7,0.27,2.569.082,19.092
14.116,108.244,6,737.064,1.393,31.962,2.084,5.8,34.042,33.996,25.537,23.3,147.86,84.74,16.63,4,-159.46,-175.05,-157.67,-141.05,-0.75,18.07,145.89,104.16,223.27,261.45,-15.89,-102.98,Rubber,Clay Loam,0.437,0.247,752.85,10,0.347,2.725.728,18.509
12.314,107.985,5.932,478.475,13.684,33.11,2.969,5.507,31.161,35.729,35.066,23.35,141.43,84.51,17.816,4,-162.08,-169.35,-158.73,-138.82,7,56.24,226.23,162.74,189.26,115.44,-29.2,-98.71,Rubber,Clay Loam,0.444,0.267,756.89,7,0.299,3.152.574,20.24
13.101,107.739,5.699,193.903,1.256,36.149,2.109,5.9,32.02,31.761,23.739,25.82,227.9,82.05,18.14,4,-222.95,-224.84,-212.6,-186.27,25.42,125.85,462.77,319.67,217.47,42.22,-150.03,-196.73,Rubber,Clay Loam,0.597,0.25,1193.42,7,0.388,3029.73,24.56
13.826,107.752,5,486.626,5.205,27.004,2.405,5.7,36.65,36.417,26.721,25.25,174.14,81.48,18.14,3,-179.93,-183.32,-167.16,-135.46,50.28,69.26,300.26,253.27,195.98,90.33,-133.36,-160.15,Rubber,Clay Loam,0.595,0.243,959.38,7,0.313,2.976.155,22.087
13.923,108.116,5.933,755.606,3.64,32.173,29.161,5.793,36.737,31.09,36.573,23.278,4.744,85.993,16.299,12,-3.5,-5.071,-5.769,-5.005,1.323,2.465,6.725,1.213,8.584,4.839,-1.676,-4.118,Rubber,Clay Loam,0.4,0.257,25.139,9,0.341,2616.74,18.367
12.981,107.764,5,205,0.309,36.169,2.082,5.758,31.936,31.838,23.324,25.82,227.9,82.05,18.027,4,-222.95,-224.84,-212.6,-186.27,25.42,125.85,462.77,319.67,217.47,42.22,-150.03,-196.73,Rubber,Clay Loam,0.597,0.249,1193.42,7,0.388,3.420.841,24.488
13.922,107.986,5.346,578.955,4.794,28.038,2.057,5.7,36.266,35.761,27.122,23.3,147.86,84.74,17.618,4,-159.46,-175.05,-157.67,-141.05,-0.75,18.07,145.89,104.16,223.27,261.45,-15.89,-102.98,Rubber,Clay Loam,0.437,0.245,752.85,10,0.347,2.952.872,19.537
14.013,108.11,5.621,733.725,4.055,31.19,2.097,5.8,35.172,33.538,25.621,23.3,147.86,84.74,17.015,4,-159.46,-175.05,-157.67,-141.05,-0.75,18.07,145.89,104.16,223.27,261.45,-15.89,-102.98,Rubber,Clay Loam,0.437,0.245,752.85,10,0.347,2.725.728,18.531
13.027,107.996,5.046,236.68,5.672,31.976,2.034,5.795,34.869,33.155,23.146,24.7,138.1,83.27,18.14,4,-159.26,-166.84,-154.61,-137.12,20.29,47.68,185.83,130.34,211.42,150.74,-24.92,-103.53,Rubber,Clay Loam,0.521,0.242,746.28,9,0.283,2.544.117,23.162
12.709,108.21,5.128,564.698,1.521,32.87,2.145,5.6,36.738,30.493,32.673,23.35,141.43,84.51,17.08,4,-162.08,-169.35,-158.73,-138.82,7,56.24,226.23,162.74,189.26,115.44,-29.2,-98.71,Rubber,Clay Loam,0.444,0.251,756.89,7,0.299,2.956.198,19.679
14.194,107.851,6,570.159,3.157,28.616,1.756,5.605,39.642,31.742,24.174,23.3,147.86,84.74,17.673,4,-159.46,-175.05,-157.67,-141.05,-0.75,18.07,145.89,104.16,223.27,261.45,-15.89,-102.98,Rubber,Clay Loam,0.437,0.233,752.85,10,0.347,3.168.659,19.594
13.821,107.8,5.031,482.973,3.914,27.481,2.455,5.7,36.963,35.653,27.14,25.25,174.14,81.48,18.14,3,-179.93,-183.32,-167.16,-135.46,50.28,69.26,300.26,253.27,195.98,90.33,-133.36,-160.15,Rubber,Clay Loam,0.595,0.243,959.38,7,0.313,2.976.155,22.111
12.949,108.219,5,706.498,4.882,33.999,2.37,5.5,35.924,30.001,34.525,24.7,138.1,83.27,17.08,4,-159.26,-166.84,-154.61,-137.12,20.29,47.68,185.83,130.34,211.42,150.74,-24.92,-103.53,Rubber,Clay Loam,0.521,0.256,746.28,9,0.283,3166.95,20.108
13.917,107.771,5.13,475.439,3.64,27.915,26.281,5.674,37.732,34.354,36.748,25.246,5.553,82.672,17.305,12,-4.589,-5.573,-5.716,-4.451,2.748,4.351,10.727,3.105,8.023,1.004,-4.233,-5.403,Rubber,Clay Loam,0.557,0.255,29.965,7,0.358,2.874.728,22.156
13.582,108.051,5.242,380.583,3.717,31.255,1.954,5.9,36.379,32.314,25.681,24.57,141.28,83.7,17.465,4,-159.46,-169.36,-154.13,-136.02,24.8,37.8,167.03,113.53,221.94,194.62,-29.94,-110.79,Rubber,Clay Loam,0.503,0.242,759.7,9,0.292,2.384.767,22.096
13.685,107.65,5.975,197.098,1.473,28.742,2.027,5.9,34.502,36.658,27.64,25.96,199.04,81.8,18.14,3,-202.41,-205.29,-190.82,-159.08,55.01,90.16,368.73,274.99,223.54,69.09,-144.32,-179.6,Rubber,Clay Loam,0.61,0.249,1081.52,7,0.341,2.789.688,24.679
12.379,107.509,6,858.624,3.64,33.634,29.138,5.304,36.749,29.617,47.74,23.814,8.016,84.884,17.524,12,-6.49,-7.087,-7.109,-6.746,1.801,5.032,19.497,4.993,8.741,-0.714,-5.361,-6.606,Rubber,Clay Loam,0.446,0.272,40.113,7,0.487,3.676.877,18.233
13.163,107.778,5,176.029,3.64,34.935,19.556,5.9,31.835,33.229,22.471,25.86,8.09,82.95,17.67,12,-6.57,-7.33,-7.36,-6.7,2.7,5.61,18.96,4.97,9.12,-0.51,-5.8,-7.04,Rubber,Clay Loam,0.568,0.248,41.31,7,0.458,2.384.767,24.716
13.653,108.273,5.489,614.932,3.64,33.886,23.825,5.798,35.28,30.785,31.727,23.037,4.445,87.59,16.42,12,-2.592,-4.576,-5.782,-5.205,0.254,0.059,3.588,-0.551,7.737,7.894,1.724,-2.554,Rubber,Clay Loam,0.349,0.253,21.26,10,0.371,2605.9,19.04
12.537,107.732,5.23,571.123,6.749,37.96,2.344,5.577,33.321,28.718,30.701,23.73,231.98,84.06,17.87,4,-223.28,-224.48,-213.24,-190.37,2.58,142.09,478.49,339.12,196.45,35.26,-147.65,-194.95,Rubber,Clay Loam,0.468,0.256,1193.97,7,0.401,3.891.151,20.018
13.188,108.32,5.683,541.534,3.64,31.512,25.37,5.9,38.182,30.207,31.461,24.313,4.945,84.956,16.684,12,-3.736,-5.155,-5.595,-5.092,2.363,2.159,8.318,1.365,8.837,2.983,-2.142,-4.29,Rubber,Clay Loam,0.457,0.246,26.01,9,0.34,2.384.767,20.793
13.063,107.619,6,176.216,1.315,36.929,1.929,5.845,32.493,30.578,21.899,25.82,227.9,82.05,17.99,4,-222.95,-224.84,-212.6,-186.27,25.42,125.85,462.77,319.67,217.47,42.22,-150.03,-196.73,Rubber,Clay Loam,0.597,0.246,1193.42,7,0.388,3.181.217,24.675
13.468,107.839,6,223.358,3.169,34.634,1.943,5.827,36.549,28.817,22.935,24.57,141.28,83.7,18.14,4,-159.46,-169.36,-154.13,-136.02,24.8,37.8,167.03,113.53,221.94,194.62,-29.94,-110.79,Rubber,Clay Loam,0.503,0.238,759.7,9,0.292,2.543.029,23.118
12.902,108.185,5.997,703.014,1.59,32.605,2.2,5.5,34.605,32.789,28.418,24.7,138.1,83.27,17.08,4,-159.26,-166.84,-154.61,-137.12,20.29,47.68,185.83,130.34,211.42,150.74,-24.92,-103.53,Rubber,Clay Loam,0.521,0.25,746.28,9,0.283,3166.95,20.13
13.839,107.702,5.426,415,8.901,25.857,2.303,5.657,36.798,37.344,31.259,25.25,174.14,81.48,18.14,3,-179.93,-183.32,-167.16,-135.46,50.28,69.26,300.26,253.27,195.98,90.33,-133.36,-160.15,Rubber,Loam,0.595,0.249,959.38,7,0.313,3.074.597,22.553
12.843,108.076,5,1007,3.64,32.469,33.635,5.445,34.758,32.774,37.673,22.624,4.773,86.229,17.636,12,-3.572,-5.009,-5.403,-4.972,1.703,2.504,8.477,1.738,7.895,2.476,-2.003,-3.82,Rubber,Clay Loam,0.378,0.263,24.779,7,0.342,3.371.193,16.078
13.575,107.732,5.164,324.654,3.64,29.116,20.644,5.984,37.844,32.956,26.725,25.007,5.566,82.943,17.647,12,-4.577,-5.576,-5.704,-4.505,2.72,4.23,10.952,3.136,7.98,0.835,-4.168,-5.328,Rubber,Clay Loam,0.541,0.24,29.858,7,0.367,2.202.658,22.897
14.569,107.706,6,702.976,16.664,29.743,2.688,5.6,35.098,35.159,28.06,23.36,139.49,84.71,17.66,3,-150.13,-154.94,-139.28,-111.93,18.2,34.11,207.98,194.59,162.57,151.62,-93.27,-119.51,Rubber,Clay Loam,0.439,0.249,769.06,7,0.27,2.779.532,18.791
14.541,107.698,5.306,738.063,13.867,28.437,3.789,5.569,37.695,33.898,43.503,23.032,136.173,84.597,17.66,3,-144.445,-151.01,-135.702,-108.086,4.039,17.884,173.121,166.945,160.404,194.302,-74.833,-102.617,Rubber,Clay Loam,0.434,0.264,716.693,10,0.271,2.805.696,18.235
12.789,108.258,6,1.401.844,3.64,34.738,39.892,5.288,33.596,31.666,53.891,23.832,5.326,84.987,16.775,12,-4.116,-5.373,-5.532,-5.09,2.683,2.464,10.921,2.329,8.319,0.743,-2.881,-4.453,Rubber,Clay Loam,0.443,0.288,27.445,7,0.398,3.711.565,14.72
14.633,107.828,6,613.753,3.64,35.178,28.642,5.8,32.672,32.159,30.996,21.983,4.788,88.037,17.25,12,-2.93,-4.794,-6.179,-5.253,-0.685,0.618,3.773,0.187,8.103,9.025,0.941,-2.811,Rubber,Clay Loam,0.316,0.258,22.652,10,0.399,2.601.564,17.994
12.91,108.291,5,463.763,1.064,29.611,2.392,5.868,39.595,30.793,27.43,24.7,138.1,83.27,17.134,4,-159.26,-166.84,-154.61,-137.12,20.29,47.68,185.83,130.34,211.42,150.74,-24.92,-103.53,Rubber,Clay Loam,0.521,0.237,746.28,9,0.283,2.389.992,21.686
13.66,107.654,6,288.129,7.737,29.905,2.395,5.796,36.889,33.14,26.351,25.96,199.04,81.8,18.14,3,-202.41,-205.29,-190.82,-159.08,55.01,90.16,368.73,274.99,223.54,69.09,-144.32,-179.6,Rubber,Clay Loam,0.61,0.242,1081.52,7,0.341,3053.44,24.087
12.68,107.94,5.727,1.044.453,3.64,34.426,34.118,5.327,34.074,31.473,40.783,22.111,4.417,86.171,18.384,12,-3.312,-4.548,-4.861,-4.377,1.388,1.895,7.945,1.577,6.862,2.132,-1.569,-3.127,Rubber,Clay Loam,0.368,0.269,21.794,7,0.364,3.627.014,15.322
12.838,107.777,5.951,204,1.959,33.416,2.373,5.61,34.723,31.861,27.703,25.82,227.9,82.05,17.883,4,-222.95,-224.84,-212.6,-186.27,25.42,125.85,462.77,319.67,217.47,42.22,-150.03,-196.73,Rubber,Clay Loam,0.597,0.249,1193.42,7,0.388,3.828.477,24.494
13.884,107.915,5.849,577.662,10.243,29.85,2.013,5.785,36.926,33.224,27.111,23.3,147.86,84.74,18.006,4,-159.46,-175.05,-157.67,-141.05,-0.75,18.07,145.89,104.16,223.27,261.45,-15.89,-102.98,Rubber,Clay Loam,0.437,0.243,752.85,10,0.347,2759.8,19.545
12.943,108.224,5.432,576.703,3.64,33.206,26.184,5.643,32.286,34.508,32.42,23.393,5.024,85.824,16.701,12,-3.751,-5.205,-5.621,-5.175,2.065,2.102,8.995,1.651,8.544,2.638,-2.078,-4.149,Rubber,Clay Loam,0.408,0.261,25.979,7,0.346,2.941.935,19.644
13.766,108.288,5,461.959,6.823,33.806,2.322,5.789,34.696,31.399,29.664,23.3,147.86,84.74,17.25,4,-159.46,-175.05,-157.67,-141.05,-0.75,18.07,145.89,104.16,223.27,261.45,-15.89,-102.98,Rubber,Clay Loam,0.437,0.252,752.85,10,0.347,2.750.714,20.297
12.573,107.967,5.42,392.901,0.901,32.006,2.525,5.674,33.512,34.539,26.905,23.35,141.43,84.51,17.412,4,-162.08,-169.35,-158.73,-138.82,7,56.24,226.23,162.74,189.26,115.44,-29.2,-98.71,Rubber,Clay Loam,0.444,0.251,756.89,7,0.299,2.799.942,20.796
14.645,107.662,5.361,659.723,7.603,30.607,3.063,5.628,35.793,33.7,30.585,23.36,139.49,84.71,17.66,3,-150.13,-154.94,-139.28,-111.93,18.2,34.11,207.98,194.59,162.57,151.62,-93.27,-119.51,Rubber,Clay Loam,0.439,0.25,769.06,7,0.27,2.723.941,19.072
12.964,107.845,6,677.638,3.64,30.548,30.123,5.422,33.618,35.794,56.304,24.193,4.577,84.572,17.682,12,-3.685,-4.83,-5.283,-4.704,0.912,3.188,7.271,1.406,7.527,4.081,-1.924,-3.961,Rubber,Clay Loam,0.466,0.292,24.387,9,0.309,3.421.057,19.788
13.375,108.121,5.274,320.468,8.804,35.416,2.428,5.827,33.558,31.026,28.49,24.57,141.28,83.7,17.25,4,-159.46,-169.36,-154.13,-136.02,24.8,37.8,167.03,113.53,221.94,194.62,-29.94,-110.79,Rubber,Clay Loam,0.503,0.253,759.7,9,0.292,2.543.029,22.487
12.988,107.902,5.984,239.336,1.664,32.068,2.102,5.897,34.543,33.389,21.7,24.7,138.1,83.27,17.87,4,-159.26,-166.84,-154.61,-137.12,20.29,47.68,185.83,130.34,211.42,150.74,-24.92,-103.53,Rubber,Clay Loam,0.521,0.241,746.28,9,0.283,2.328.764,23.144
12.325,107.939,5.409,528.456,2.001,33.186,2.487,5.559,31.527,35.287,36.534,23.35,141.43,84.51,17.547,4,-162.08,-169.35,-158.73,-138.82,7,56.24,226.23,162.74,189.26,115.44,-29.2,-98.71,Rubber,Clay Loam,0.444,0.269,756.89,7,0.299,3.042.772,19.915
13.455,107.865,5.894,224.576,3.315,35.559,2.092,5.821,35.464,28.978,24.184,24.57,141.28,83.7,18.046,4,-159.46,-169.36,-154.13,-136.02,24.8,37.8,167.03,113.53,221.94,194.62,-29.94,-110.79,Rubber,Clay Loam,0.503,0.242,759.7,9,0.292,2.556.037,23.11
12.832,107.688,5.77,239.47,3.858,31.955,2.474,5.623,35.865,32.157,27.907,25.82,227.9,82.05,17.932,4,-222.95,-224.84,-212.6,-186.27,25.42,125.85,462.77,319.67,217.47,42.22,-150.03,-196.73,Rubber,Clay Loam,0.597,0.247,1193.42,7,0.388,3.792.671,24.263
13.081,107.719,6,195.361,1.16,36.128,2.088,5.821,31.507,32.344,23.785,25.82,227.9,82.05,18.14,4,-222.95,-224.84,-212.6,-186.27,25.42,125.85,462.77,319.67,217.47,42.22,-150.03,-196.73,Rubber,Clay Loam,0.597,0.251,1193.42,7,0.388,3247.32,24.55
11.77,107.667,6,733.533,16.991,32.518,3.829,5.206,32.434,35.047,40.791,24.04,181.62,82.12,18.093,4,-188.5,-190,-176.72,-153.36,10.7,136.2,344.01,256.97,158.52,68.86,-111.48,-155.21,Rubber,Clay Loam,0.535,0.273,975.27,7,0.353,4.146.203,19.272
13.732,107.67,5.348,279.292,4.789,28.909,1.952,5.965,37.435,33.591,24.891,25.96,199.04,81.8,18.14,3,-202.41,-205.29,-190.82,-159.08,55.01,90.16,368.73,274.99,223.54,69.09,-144.32,-179.6,Rubber,Clay Loam,0.61,0.239,1081.52,7,0.341,2.624.843,24.145
13.538,108.363,5.369,185.737,3.64,38.726,21.1,6,32.09,29.184,24.811,24.64,4.92,84.79,16.78,12,-3.74,-5.15,-5.62,-5,2.51,2.76,7.89,1.25,8.92,3.13,-2.41,-4.49,Rubber,Clay Loam,0.472,0.251,26.41,9,0.337,2167.97,23.433
13.124,108.221,5.864,714.915,5.224,32.671,2.135,5.586,35.031,32.285,27.931,24.7,138.1,83.27,17.227,4,-159.26,-166.84,-154.61,-137.12,20.29,47.68,185.83,130.34,211.42,150.74,-24.92,-103.53,Rubber,Clay Loam,0.521,0.249,746.28,9,0.283,2.985.378,20.053
13.055,107.891,5.527,224.205,3.64,35.511,20.296,5.847,34.537,29.953,22.044,24.75,5.04,84.49,17.67,12,-3.85,-5.19,-5.49,-5.13,2.87,2.02,9.17,1.47,8.91,1.97,-2.38,-4.35,Rubber,Clay Loam,0.484,0.241,26.39,7,0.347,2.499.669,23.293
12.342,107.661,5.968,794.809,3.64,33.505,24.821,5.403,35.633,30.862,31.275,23.79,8.009,84.872,17.53,12,-6.488,-7.076,-7.096,-6.76,1.756,5.017,19.515,4.979,8.717,-0.703,-5.329,-6.581,Rubber,Clay Loam,0.446,0.252,40.033,7,0.488,3.462.248,18.624
13.548,107.924,5,235,0.877,33.119,2.072,5.919,37.605,29.175,23.777,24.57,141.28,83.7,17.975,4,-159.46,-169.36,-154.13,-136.02,24.8,37.8,167.03,113.53,221.94,194.62,-29.94,-110.79,Rubber,Clay Loam,0.503,0.237,759.7,9,0.292,2.343.576,23.042
12.978,108.337,6,660.708,4.039,34.803,2.125,5.7,36.345,28.853,31.308,24.7,138.1,83.27,17.102,4,-159.26,-166.84,-154.61,-137.12,20.29,47.68,185.83,130.34,211.42,150.74,-24.92,-103.53,Rubber,Clay Loam,0.521,0.25,746.28,9,0.283,2744.69,20.405
13.393,108.013,6,255.33,2.428,34.255,2.015,5.855,36.355,29.412,25.527,24.57,141.28,83.7,17.449,4,-159.46,-169.36,-154.13,-136.02,24.8,37.8,167.03,113.53,221.94,194.62,-29.94,-110.79,Rubber,Clay Loam,0.503,0.242,759.7,9,0.292,2.482.326,22.91
13.652,107.66,5.771,199.062,1.262,29.181,2.076,5.854,34.34,36.379,27.777,25.96,199.04,81.8,18.14,3,-202.41,-205.29,-190.82,-159.08,55.01,90.16,368.73,274.99,223.54,69.09,-144.32,-179.6,Rubber,Clay Loam,0.61,0.25,1081.52,7,0.341,2.906.348,24.666
13.045,108.23,6,730.758,5.627,36.212,2.34,5.5,34.245,29.459,38.066,24.7,138.1,83.27,17.224,4,-159.26,-166.84,-154.61,-137.12,20.29,47.68,185.83,130.34,211.42,150.74,-24.92,-103.53,Rubber,Clay Loam,0.521,0.265,746.28,9,0.283,3166.95,19.95
14.285,107.703,5.761,379.327,10.636,27.365,4.261,5.7,36.463,36.248,42.833,23.36,139.49,84.71,17.66,3,-150.13,-154.94,-139.28,-111.93,18.2,34.11,207.98,194.59,162.57,151.62,-93.27,-119.51,Rubber,Clay Loam,0.439,0.266,769.06,7,0.27,2.580.994,20.894
13.823,107.732,6,407.485,6.831,27.115,2.318,5.725,36.95,35.998,30.981,25.25,174.14,81.48,18.14,3,-179.93,-183.32,-167.16,-135.46,50.28,69.26,300.26,253.27,195.98,90.33,-133.36,-160.15,Rubber,Clay Loam,0.595,0.248,959.38,7,0.313,2.918.921,22.601
11.913,108.003,5.131,833.262,3.64,33.5,35.347,5.187,31.889,34.698,38.332,22.46,4.738,85.928,18.664,12,-3.685,-4.884,-4.983,-4.848,1.838,2.77,9.903,2.175,7.057,0.545,-2.318,-3.556,Rubber,Clay Loam,0.383,0.27,24.274,7,0.408,3930.53,17.044
12.287,107.797,5.967,781.423,3.64,31.965,32.022,5.403,33.588,34.45,37.809,23.79,8.007,84.871,17.53,12,-6.487,-7.075,-7.095,-6.759,1.755,5.017,19.511,4.978,8.716,-0.702,-5.328,-6.58,Rubber,Clay Loam,0.446,0.266,40.026,7,0.488,3.462.248,18.711
12.519,108.22,6,423.475,0.723,31.437,2.049,5.968,36.76,31.803,26.579,23.35,141.43,84.51,17.08,4,-162.08,-169.35,-158.73,-138.82,7,56.24,226.23,162.74,189.26,115.44,-29.2,-98.71,Rubber,Clay Loam,0.444,0.243,756.89,7,0.299,2179.14,20.597
14.046,108.026,6,636.083,5.509,28.455,1.856,5.615,37.067,34.478,26.535,23.3,147.86,84.74,17.503,4,-159.46,-175.05,-157.67,-141.05,-0.75,18.07,145.89,104.16,223.27,261.45,-15.89,-102.98,Rubber,Clay Loam,0.437,0.242,752.85,10,0.347,3.145.944,19.165
13.313,107.997,5.203,231.965,3.64,35.293,22.763,6.039,33.613,31.094,28.061,24.662,4.944,84.729,16.961,12,-3.762,-5.158,-5.594,-5.026,2.583,2.609,8.15,1.295,8.918,2.894,-2.404,-4.462,Rubber,Clay Loam,0.474,0.252,26.406,9,0.337,2.083.419,23.154
14.137,107.948,6,616.815,1.645,28.282,1.71,5.748,36.218,35.552,23.733,23.3,147.86,84.74,17.164,4,-159.46,-175.05,-157.67,-141.05,-0.75,18.07,145.89,104.16,223.27,261.45,-15.89,-102.98,Rubber,Clay Loam,0.437,0.24,752.85,10,0.347,2.843.843,19.291
14.86,108.025,6,1.233.246,3.64,35.237,33.239,5.412,33.74,31.123,40.444,21.974,6.269,88.113,16.332,12,-2.378,-4.672,-7.11,-6.199,-3.11,-2.027,-0.161,-2.243,7.445,15.707,5.29,-0.574,Rubber,Clay Loam,0.314,0.269,28.474,10,0.552,3.442.736,13.958
13.473,108.013,6,497.247,3.64,31.8,23.738,5.987,37.037,31.25,26.388,24.311,4.905,84.998,16.762,12,-3.727,-5.125,-5.55,-4.992,2.454,2.732,8.169,1.373,8.711,2.771,-2.397,-4.371,Rubber,Clay Loam,0.456,0.242,26.162,9,0.332,2.196.154,21.079
14.269,107.712,5.314,376.201,12.311,26.74,3.908,5.7,36.954,36.337,40.467,23.36,139.49,84.71,17.66,3,-150.13,-154.94,-139.28,-111.93,18.2,34.11,207.98,194.59,162.57,151.62,-93.27,-119.51,Rubber,Loam,0.439,0.262,769.06,7,0.27,2.580.994,20.915
13.031,107.947,5.43,255.57,6.78,36.635,2.247,5.9,33.13,30.235,24.616,24.7,138.1,83.27,18.024,4,-159.26,-166.84,-154.61,-137.12,20.29,47.68,185.83,130.34,211.42,150.74,-24.92,-103.53,Rubber,Clay Loam,0.521,0.248,746.28,9,0.283,2322.43,23.039
13.71,107.857,5.799,477.604,8.113,29.66,2.394,5.68,36.679,33.661,28.458,24.57,141.28,83.7,18.14,4,-159.46,-169.36,-154.13,-136.02,24.8,37.8,167.03,113.53,221.94,194.62,-29.94,-110.79,Rubber,Clay Loam,0.503,0.245,759.7,9,0.292,2861.72,21.466
12.942,108.34,5,681.05,1.628,31.292,2.273,5.802,37.683,31.025,29.86,24.7,138.1,83.27,17.08,4,-159.26,-166.84,-154.61,-137.12,20.29,47.68,185.83,130.34,211.42,150.74,-24.92,-103.53,Rubber,Clay Loam,0.521,0.245,746.28,9,0.283,2.529.337,20.273
13.195,108.262,5.936,689.615,3.102,30.426,2.534,5.713,35.951,33.623,25.909,24.7,138.1,83.27,17.239,4,-159.26,-166.84,-154.61,-137.12,20.29,47.68,185.83,130.34,211.42,150.74,-24.92,-103.53,Rubber,Clay Loam,0.521,0.244,746.28,9,0.283,2.717.243,20.218
13.142,108.004,5,427.402,3.64,33.011,23.858,5.8,35.518,31.413,27.634,24.126,5.054,85.179,17.094,12,-3.828,-5.213,-5.557,-5.125,2.577,2.371,9.152,1.58,8.719,2.118,-2.414,-4.344,Rubber,Clay Loam,0.446,0.247,26.481,7,0.345,2.601.564,21.348
14.785,107.698,6,740.965,15.222,29.388,3.072,5.554,35.643,35.042,36.309,22.578,131.573,84.44,17.66,3,-136.563,-145.561,-130.742,-102.756,-15.594,-4.611,124.791,128.617,157.402,253.478,-49.271,-79.195,Rubber,Clay Loam,0.426,0.259,664.293,10,0.382,2.785.535,17.762
13.722,107.654,6,261.583,6.413,29.118,1.997,5.94,37.257,33.645,24.277,25.96,199.04,81.8,18.14,3,-202.41,-205.29,-190.82,-159.08,55.01,90.16,368.73,274.99,223.54,69.09,-144.32,-179.6,Rubber,Clay Loam,0.61,0.238,1081.52,7,0.341,2.688.245,24.26
12.954,107.744,6,257.655,15.046,33.659,2.647,5.638,34.331,32.01,34.128,25.82,227.9,82.05,17.87,4,-222.95,-224.84,-212.6,-186.27,25.42,125.85,462.77,319.67,217.47,42.22,-150.03,-196.73,Rubber,Clay Loam,0.597,0.259,1193.42,7,0.388,3.751.357,24.145
14.004,108.121,5.545,590.813,9.214,30.667,2.194,5.7,34.136,35.197,29.226,23.3,147.86,84.74,16.912,4,-159.46,-175.05,-157.67,-141.05,-0.75,18.07,145.89,104.16,223.27,261.45,-15.89,-102.98,Rubber,Clay Loam,0.437,0.252,752.85,10,0.347,2.952.872,19.46
12.923,107.942,6,300.116,3.64,30.859,20.946,5.801,37.479,31.662,22.82,24.749,5.039,84.493,17.521,12,-3.849,-5.19,-5.492,-5.128,2.866,2.029,9.155,1.467,8.91,1.983,-2.38,-4.352,Rubber,Clay Loam,0.484,0.236,26.391,7,0.347,2.599.396,22.798
12.808,108.307,5.072,548.71,3.64,29.125,23.2,5.793,38.642,32.148,31.42,24.653,5.054,84.579,16.64,12,-3.857,-5.198,-5.489,-5.142,2.856,2.006,9.296,1.511,8.876,1.879,-2.383,-4.335,Rubber,Clay Loam,0.478,0.245,26.404,7,0.352,2616.74,21.086
14.494,107.779,5.608,611.625,5.75,31.367,2.302,5.761,36.706,31.927,28.19,23.36,139.49,84.71,17.66,3,-150.13,-154.94,-139.28,-111.93,18.2,34.11,207.98,194.59,162.57,151.62,-93.27,-119.51,Rubber,Clay Loam,0.439,0.245,769.06,7,0.27,2.459.886,19.384
14.1,108.316,5.52,736.56,1.028,32.216,2.143,5.752,32.412,35.372,28.844,23.3,147.86,84.74,16.63,4,-159.46,-175.05,-157.67,-141.05,-0.75,18.07,145.89,104.16,223.27,261.45,-15.89,-102.98,Rubber,Clay Loam,0.437,0.256,752.85,10,0.347,2.834.757,18.512
12.143,107.951,5.4,583.6,3.64,35.24,31.16,5.52,32.04,32.72,35.34,23.682,5.6,84.556,17.064,12,-4.458,-5.476,-5.586,-5.392,2.006,2.83,12.222,2.6,8.028,0.718,-2.964,-4.516,Rubber,Clay Loam,0.452,0.266,28.392,7,0.43,3.208.596,19.889
13.361,107.973,5.708,460.833,3.64,29.287,23.008,5.7,36.15,34.563,27.071,24.281,5.013,85.061,17.37,12,-3.801,-5.194,-5.576,-5.087,2.557,2.489,8.771,1.48,8.78,2.424,-2.413,-4.388,Rubber,Clay Loam,0.453,0.245,26.459,9,0.331,2.818.361,21.286
13.388,107.631,5,155,0.714,35.646,2.065,5.731,32.727,31.627,24.764,25.96,199.04,81.8,18.14,3,-202.41,-205.29,-190.82,-159.08,55.01,90.16,368.73,274.99,223.54,69.09,-144.32,-179.6,Rubber,Clay Loam,0.61,0.249,1081.52,7,0.341,3.218.286,24.952
14.387,107.755,5,648.735,8.176,30.29,2.427,5.614,33.013,36.697,28.579,22.407,125.567,84.27,17.822,3.14,-131.662,-141.637,-127.432,-99.313,-19.979,-5.667,102.932,104.925,150.725,264.452,-31.905,-65.45,Rubber,Clay Loam,0.426,0.254,623.045,10,0.424,2.602.021,18.19
13.001,107.65,6,177.34,0.916,38.356,2.066,5.822,31.024,30.62,21.948,25.82,227.9,82.05,17.929,4,-222.95,-224.84,-212.6,-186.27,25.42,125.85,462.77,319.67,217.47,42.22,-150.03,-196.73,Rubber,Clay Loam,0.597,0.249,1193.42,7,0.388,3.244.565,24.667
13.547,108.292,6,183.158,3.64,35.72,22.252,5.808,34.541,29.74,23.223,24.64,4.92,84.79,16.78,12,-3.74,-5.15,-5.62,-5,2.51,2.76,7.89,1.25,8.92,3.13,-2.41,-4.49,Rubber,Clay Loam,0.472,0.243,26.41,9,0.337,2584.22,23.449
14.651,107.663,6,713.663,15.595,30.14,2.862,5.652,34.4,35.46,28.017,23.36,139.49,84.71,17.66,3,-150.13,-154.94,-139.28,-111.93,18.2,34.11,207.98,194.59,162.57,151.62,-93.27,-119.51,Rubber,Clay Loam,0.439,0.25,769.06,7,0.27,2.676.292,18.721
13.868,107.792,5.105,915.161,3.64,26.483,32.79,5.379,38.759,34.769,47.211,25.191,5.684,82.443,17.279,12,-4.755,-5.642,-5.751,-4.474,2.55,4.661,11.299,3.359,7.84,0.846,-4.433,-5.51,Rubber,Loam,0.563,0.267,30.565,7,0.37,3.514.279,19.242
13.548,107.709,6,198.516,4.648,31.353,2.06,5.748,35.41,33.289,25.526,25.96,199.04,81.8,18.14,3,-202.41,-205.29,-190.82,-159.08,55.01,90.16,368.73,274.99,223.54,69.09,-144.32,-179.6,Rubber,Clay Loam,0.61,0.244,1081.52,7,0.341,3.175.172,24.67
13.645,107.809,5,249.52,2.194,29.983,2.029,5.803,37.992,32.024,22.732,25.96,199.04,81.8,18.14,3,-202.41,-205.29,-190.82,-159.08,55.01,90.16,368.73,274.99,223.54,69.09,-144.32,-179.6,Rubber,Clay Loam,0.61,0.234,1081.52,7,0.341,3.035.688,24.338
14.075,107.712,6,645.463,19.815,27.086,3.1,5.586,37.857,35.057,43.04,25.25,174.14,81.48,17.66,3,-179.93,-183.32,-167.16,-135.46,50.28,69.26,300.26,253.27,195.98,90.33,-133.36,-160.15,Rubber,Clay Loam,0.595,0.263,959.38,7,0.313,3.237.141,21.054
12.534,108.253,5,438.996,0.579,31.798,2.079,5.9,38.351,29.901,25.497,23.35,141.43,84.51,17.08,4,-162.08,-169.35,-158.73,-138.82,7,56.24,226.23,162.74,189.26,115.44,-29.2,-98.71,Rubber,Clay Loam,0.444,0.237,756.89,7,0.299,2.322.727,20.497
14.357,107.761,5,593.909,3.64,29.7,22.935,5.685,37.802,32.498,28.977,23.46,3.98,85.67,17.25,12,-3.38,-4.28,-4.61,-3.17,1.38,2.6,6.7,1.94,6.46,2.84,-2.5,-3.93,Rubber,Clay Loam,0.414,0.244,21.87,7,0.306,2.850.881,19.6
11.774,107.99,5,934.107,3.64,36.062,31.998,5.34,34.624,29.284,35.283,22.629,5.199,85.367,18.48,12,-4.11,-5.185,-5.268,-5.116,1.748,3.073,11.331,2.59,7.298,0.4,-2.747,-3.998,Rubber,Clay Loam,0.402,0.26,26.424,7,0.429,3598.83,16.557
14.076,107.866,5.44,435.963,3.64,31.023,30.505,5.712,36.245,32.676,35.032,23.645,4.251,85.072,16.987,12,-3.168,-4.415,-5.052,-4.066,1.229,1.624,5.367,0.629,7.559,4.883,-1.173,-3.407,Rubber,Clay Loam,0.436,0.256,21.281,9,0.355,2.792.345,20.811
12.75,108.365,5,459.98,3.64,29.907,23.795,5.8,41.99,28.103,27.663,24.737,5.042,84.502,16.64,12,-3.851,-5.191,-5.49,-5.132,2.868,2.018,9.187,1.476,8.905,1.958,-2.38,-4.348,Rubber,Clay Loam,0.483,0.232,26.392,7,0.348,2.601.564,21.747
14.073,108.019,6,682.979,3.264,29.496,2.359,5.767,35.808,34.696,29.51,23.3,147.86,84.74,17.526,4,-159.46,-175.05,-157.67,-141.05,-0.75,18.07,145.89,104.16,223.27,261.45,-15.89,-102.98,Rubber,Clay Loam,0.437,0.249,752.85,10,0.347,2.800.686,18.861
12.931,108.111,5.518,531.199,1.528,32.711,2.619,5.752,35.204,32.085,28.889,24.7,138.1,83.27,17.168,4,-159.26,-166.84,-154.61,-137.12,20.29,47.68,185.83,130.34,211.42,150.74,-24.92,-103.53,Rubber,Clay Loam,0.521,0.249,746.28,9,0.283,2.634.902,21.247
12.676,107.997,5.088,398.209,1.387,32.147,2.317,5.682,35.163,32.599,27.667,23.35,141.43,84.51,17.149,4,-162.08,-169.35,-158.73,-138.82,7,56.24,226.23,162.74,189.26,115.44,-29.2,-98.71,Rubber,Clay Loam,0.444,0.248,756.89,7,0.299,2.783.049,20.762
14.678,107.711,5.649,741.494,14.625,28.814,3.419,5.535,36.906,34.344,40.93,22.665,132.457,84.47,17.66,3,-138.078,-146.609,-131.695,-103.78,-11.821,-0.287,134.081,135.984,157.979,242.104,-54.184,-83.697,Rubber,Clay Loam,0.428,0.262,670.151,10,0.361,2.831.791,17.845
13.637,107.63,6,195.834,3.64,32.927,20.517,5.997,34.37,32.703,25.143,25.988,6.867,82.653,17.67,12,-5.677,-6.621,-6.679,-5.584,3.257,5.442,14.391,3.964,8.949,0.307,-5.309,-6.487,Rubber,Clay Loam,0.583,0.246,36.357,7,0.396,2.174.474,24.715
13.444,108.25,5.921,238.686,4.886,37.207,2.611,5.992,36.12,26.665,32.385,24.57,141.28,83.7,17.32,4,-159.46,-169.36,-154.13,-136.02,24.8,37.8,167.03,113.53,221.94,194.62,-29.94,-110.79,Rubber,Clay Loam,0.503,0.252,759.7,9,0.292,2.185.314,23.019
14.687,108.273,5,1.178.649,3.64,32.593,43.111,5.421,33.681,33.726,63.409,21.892,5.94,88.383,16.21,12,-2.576,-4.834,-7.02,-6.164,-2.438,-1.224,1.11,-1.508,7.894,13.964,4.078,-1.305,Rubber,Clay Loam,0.305,0.301,27.069,10,0.516,3.423.225,14.231
12.51,108.194,6,421.938,0.642,31.752,2.059,5.96,36.866,31.395,26.726,23.35,141.43,84.51,17.08,4,-162.08,-169.35,-158.73,-138.82,7,56.24,226.23,162.74,189.26,115.44,-29.2,-98.71,Rubber,Clay Loam,0.444,0.243,756.89,7,0.299,2.196.033,20.607
14.792,108.111,5.432,752.54,3.64,32.289,40.671,5.543,35.068,32.643,45.7,21.88,5.634,88.345,16.21,12,-2.665,-4.836,-6.822,-5.959,-1.994,-0.754,1.789,-1.073,7.995,12.724,3.278,-1.702,Rubber,Clay Loam,0.306,0.273,25.805,10,0.493,3.158.732,16.988
13.85,107.715,5.689,498.516,5.644,28.696,2.601,5.769,36.558,34.746,41.933,25.25,174.14,81.48,18.14,3,-179.93,-183.32,-167.16,-135.46,50.28,69.26,300.26,253.27,195.98,90.33,-133.36,-160.15,Rubber,Clay Loam,0.595,0.265,959.38,7,0.313,2818.19,22.01
12.541,108.044,5.801,444.399,3.542,31.76,1.924,5.72,36.46,31.681,28.439,23.35,141.43,84.51,17.08,4,-162.08,-169.35,-158.73,-138.82,7,56.24,226.23,162.74,189.26,115.44,-29.2,-98.71,Rubber,Clay Loam,0.444,0.246,756.89,7,0.299,2702.81,20.461
12.963,107.656,6,192.001,0.656,37.84,2.02,5.8,31.72,30.36,21.86,25.82,227.9,82.05,17.924,4,-222.95,-224.84,-212.6,-186.27,25.42,125.85,462.77,319.67,217.47,42.22,-150.03,-196.73,Rubber,Clay Loam,0.597,0.248,1193.42,7,0.388,3305.16,24.572
13.878,108.184,5.167,664.163,5.011,29.801,2.182,5.85,38.218,31.898,25.452,23.3,147.86,84.74,17.319,4,-159.46,-175.05,-157.67,-141.05,-0.75,18.07,145.89,104.16,223.27,261.45,-15.89,-102.98,Rubber,Clay Loam,0.437,0.238,752.85,10,0.347,2.612.156,18.983
12.273,108.023,5.105,484.686,0.768,35.812,2.89,5.61,32.324,31.864,28.964,23.35,141.43,84.51,17.163,4,-162.08,-169.35,-158.73,-138.82,7,56.24,226.23,162.74,189.26,115.44,-29.2,-98.71,Rubber,Clay Loam,0.444,0.256,756.89,7,0.299,2.935.082,20.2
13.314,107.659,6,151.636,1.983,34.836,2.202,5.9,32.055,33.109,26.209,25.96,199.04,81.8,18.14,3,-202.41,-205.29,-190.82,-159.08,55.01,90.16,368.73,274.99,223.54,69.09,-144.32,-179.6,Rubber,Clay Loam,0.61,0.253,1081.52,7,0.341,2.789.688,24.974
13.902,107.968,5.294,534.751,3.948,30.01,2.126,5.841,35.996,33.995,27.512,23.3,147.86,84.74,17.879,4,-159.46,-175.05,-157.67,-141.05,-0.75,18.07,145.89,104.16,223.27,261.45,-15.89,-102.98,Rubber,Clay Loam,0.437,0.246,752.85,10,0.347,2.632.599,19.824
11.886,108.059,5.032,1.038.221,3.64,32.395,33.813,5.203,31.951,35.752,41.078,22.01,4.8,86.45,18.81,12,-3.64,-4.95,-5.06,-4.94,2.06,2.54,10.12,2.23,7.25,0.26,-2.31,-3.54,Rubber,Clay Loam,0.358,0.274,24.44,7,0.414,3.895.842,15.262
12.557,108.211,5.936,429.51,0.496,30.706,2.13,5.626,36.453,32.841,27.283,23.35,141.43,84.51,17.08,4,-162.08,-169.35,-158.73,-138.82,7,56.24,226.23,162.74,189.26,115.44,-29.2,-98.71,Rubber,Clay Loam,0.444,0.244,756.89,7,0.299,2.901.297,20.558
14.861,108.043,6,1.235.337,3.64,35.662,32.827,5.405,33.439,30.999,39.863,21.944,6.481,88.312,16.264,12,-2.374,-4.76,-7.316,-6.445,-3.31,-2.19,-0.333,-2.397,7.565,16.344,5.652,-0.466,Rubber,Clay Loam,0.308,0.269,29.591,10,0.553,3.457.912,13.914
13.501,107.695,5.541,183.376,3.57,33.512,2.255,5.692,34.441,32.047,25.591,25.96,199.04,81.8,18.14,3,-202.41,-205.29,-190.82,-159.08,55.01,90.16,368.73,274.99,223.54,69.09,-144.32,-179.6,Rubber,Clay Loam,0.61,0.247,1081.52,7,0.341,3.317.193,24.768
12.525,107.756,5,547.672,4.327,38.007,2.408,5.629,32.825,29.167,28.369,23.73,231.98,84.06,17.87,4,-223.28,-224.48,-213.24,-190.37,2.58,142.09,478.49,339.12,196.45,35.26,-147.65,-194.95,Rubber,Clay Loam,0.468,0.254,1193.97,7,0.401,3.748.958,20.17
13.544,107.703,5.129,208.323,0.611,30.568,2.19,5.739,34.226,35.119,27.184,25.96,199.04,81.8,18.14,3,-202.41,-205.29,-190.82,-159.08,55.01,90.16,368.73,274.99,223.54,69.09,-144.32,-179.6,Rubber,Clay Loam,0.61,0.249,1081.52,7,0.341,3.197.997,24.606
11.863,108.076,5.714,1.024.999,3.64,32.257,39.214,5.286,32.3,35.472,36.142,22.35,4.528,85.904,18.81,12,-3.474,-4.738,-4.843,-4.723,1.817,2.837,9.188,2.13,6.915,0.46,-2.219,-3.343,Rubber,Clay Loam,0.381,0.266,23.34,7,0.394,3.715.901,15.688
12.702,108.257,5.802,549.172,4.613,31.558,2.262,5.68,37.922,30.541,31.035,23.35,141.43,84.51,17.08,4,-162.08,-169.35,-158.73,-138.82,7,56.24,226.23,162.74,189.26,115.44,-29.2,-98.71,Rubber,Clay Loam,0.444,0.246,756.89,7,0.299,2.787.272,19.78
13.091,107.954,5,305.605,13.502,32.506,2.467,5.634,33.013,34.447,28.54,24.7,138.1,83.27,17.46,4,-159.26,-166.84,-154.61,-137.12,20.29,47.68,185.83,130.34,211.42,150.74,-24.92,-103.53,Rubber,Clay Loam,0.521,0.254,746.28,9,0.283,2.884.036,22.714
13.568,107.992,5.815,382.222,8.588,33.848,2.101,5.737,34.27,31.882,26.241,24.57,141.28,83.7,17.975,4,-159.46,-169.36,-154.13,-136.02,24.8,37.8,167.03,113.53,221.94,194.62,-29.94,-110.79,Rubber,Clay Loam,0.503,0.248,759.7,9,0.292,2.738.146,22.086
12.585,107.877,5.08,367.157,1.2,32.424,2.112,5.708,34.768,32.808,26.084,23.35,141.43,84.51,17.87,4,-162.08,-169.35,-158.73,-138.82,7,56.24,226.23,162.74,189.26,115.44,-29.2,-98.71,Rubber,Clay Loam,0.444,0.247,756.89,7,0.299,2.728.148,20.963
13.908,108.069,6,746.264,1.214,30.1,1.805,5.611,36.047,33.852,24.432,23.3,147.86,84.74,17.344,4,-159.46,-175.05,-157.67,-141.05,-0.75,18.07,145.89,104.16,223.27,261.45,-15.89,-102.98,Rubber,Clay Loam,0.437,0.241,752.85,10,0.347,3155.03,18.449
13.438,108.103,5,346.738,4.683,33.9,2.318,5.79,35.257,30.798,23.695,24.57,141.28,83.7,17.25,4,-159.46,-169.36,-154.13,-136.02,24.8,37.8,167.03,113.53,221.94,194.62,-29.94,-110.79,Rubber,Clay Loam,0.503,0.242,759.7,9,0.292,2.623.244,22.316
12.583,107.68,5.183,387.356,6.477,31.927,2.532,5.473,34.484,33.508,31.597,23.73,231.98,84.06,17.87,4,-223.28,-224.48,-213.24,-190.37,2.58,142.09,478.49,339.12,196.45,35.26,-147.65,-194.95,Rubber,Clay Loam,0.468,0.255,1193.97,7,0.401,4.175.536,21.212
13.021,108.237,5,462.166,1.824,29.976,2.358,5.845,38.021,32.003,26.381,24.7,138.1,83.27,17.173,4,-159.26,-166.84,-154.61,-137.12,20.29,47.68,185.83,130.34,211.42,150.74,-24.92,-103.53,Rubber,Clay Loam,0.521,0.239,746.28,9,0.283,2.438.552,21.696
13.836,108.011,5.644,738.931,3.338,26.379,2.02,5.664,36.883,36.738,25.092,23.3,147.86,84.74,17.823,4,-159.46,-175.05,-157.67,-141.05,-0.75,18.07,145.89,104.16,223.27,261.45,-15.89,-102.98,Rubber,Loam,0.437,0.24,752.85,10,0.347,3.034.644,18.497
11.987,107.662,6,603.739,10.836,35.058,2.921,5.405,33.5,31.342,28.389,24.04,181.62,82.12,18.1,4,-188.5,-190,-176.72,-153.36,10.7,136.2,344.01,256.97,158.52,68.86,-111.48,-155.21,Rubber,Clay Loam,0.535,0.253,975.27,7,0.353,3.686.284,20.116
14.59,108.152,5,1.121.047,3.64,37.193,35.854,5.473,32.959,29.775,45.109,22.473,5.029,87.957,16.21,12,-2.753,-4.794,-6.519,-5.711,-1.318,0.104,3.322,-0.612,8.304,9.958,2.345,-2.329,Rubber,Clay Loam,0.328,0.277,24.036,10,0.414,3310.49,15.186
12.273,108.145,5,577.918,3.64,34.314,28.212,5.592,32.355,33.331,34.839,23.296,5.204,85.78,16.64,12,-3.925,-5.271,-5.437,-5.271,2.62,1.888,10.846,2.056,8.343,0.673,-2.411,-4.091,Rubber,Clay Loam,0.407,0.264,26.406,7,0.41,3.052.502,19.54
13.709,107.856,5.94,476.483,7.859,29.688,2.37,5.694,36.903,33.409,28.907,24.57,141.28,83.7,18.14,4,-159.46,-169.36,-154.13,-136.02,24.8,37.8,167.03,113.53,221.94,194.62,-29.94,-110.79,Rubber,Clay Loam,0.503,0.246,759.7,9,0.292,2.831.369,21.473
12.336,107.533,5.753,857.764,3.64,33.331,27.667,5.374,36.28,30.39,42.512,23.78,8.07,84.94,17.53,12,-6.53,-7.12,-7.14,-6.8,1.78,5.04,19.69,5.03,8.76,-0.75,-5.38,-6.63,Rubber,Clay Loam,0.443,0.266,40.35,7,0.489,3.525.119,18.205
12.718,107.917,5.84,325.128,3.64,33.944,22.432,5.868,34.681,31.375,24.491,23.624,5.208,85.524,17.41,12,-3.934,-5.282,-5.473,-5.273,2.702,1.86,10.632,1.949,8.515,0.911,-2.414,-4.174,Rubber,Clay Loam,0.422,0.245,26.55,7,0.4,2.454.142,21.511
11.745,108.382,5.872,994.744,3.64,33.769,28.454,5.6,34.187,31.956,30.956,23.047,3.972,84.785,18.81,12,-3.134,-4.305,-4.397,-4.277,1.319,3.447,7.278,1.925,6.23,0.87,-2.031,-2.938,Rubber,Clay Loam,0.429,0.255,21.082,7,0.345,3.035.158,16.581
13.132,108.291,6,630.096,3.158,35.66,2.532,5.756,35.427,28.912,35.864,24.7,138.1,83.27,17.213,4,-159.26,-166.84,-154.61,-137.12,20.29,47.68,185.83,130.34,211.42,150.74,-24.92,-103.53,Rubber,Clay Loam,0.521,0.259,746.28,9,0.283,2.626.457,20.604
12.578,108.235,5.976,435.976,3.64,31.512,23.616,5.9,37.936,30.554,26.235,23.41,5.24,85.72,16.64,12,-3.95,-5.3,-5.47,-5.3,2.67,1.83,10.91,2.04,8.44,0.71,-2.42,-4.14,Rubber,Clay Loam,0.411,0.239,26.58,7,0.41,2.384.767,20.576
13.541,107.883,5,234.663,1.68,33.442,1.983,5.833,37.993,28.499,23.36,24.57,141.28,83.7,18.14,4,-159.46,-169.36,-154.13,-136.02,24.8,37.8,167.03,113.53,221.94,194.62,-29.94,-110.79,Rubber,Clay Loam,0.503,0.235,759.7,9,0.292,2.530.021,23.045
12.67,107.946,5,355.265,1.692,31.837,2.226,5.755,35.436,32.726,22.964,23.35,141.43,84.51,17.87,4,-162.08,-169.35,-158.73,-138.82,7,56.24,226.23,162.74,189.26,115.44,-29.2,-98.71,Rubber,Clay Loam,0.444,0.241,756.89,7,0.299,2.628.905,21.041
13.822,107.89,5.79,596.687,3.64,28.248,19.7,5.6,36.184,35.627,28.005,23.37,4.74,85.96,17.67,12,-3.49,-5.08,-5.82,-5.01,1.27,2.46,6.48,1.14,8.68,5.17,-1.63,-4.16,Rubber,Clay Loam,0.403,0.246,25.19,9,0.344,3.035.158,19.492
14,108.012,5.659,657.27,8.049,31.3,2.181,5.668,37.662,31.004,27.541,23.3,147.86,84.74,17.52,4,-159.46,-175.05,-157.67,-141.05,-0.75,18.07,145.89,104.16,223.27,261.45,-15.89,-102.98,Rubber,Clay Loam,0.437,0.242,752.85,10,0.347,3.025.558,19.028
11.748,108.118,5.502,941.523,3.64,35.798,30.696,5.5,36.906,27.295,30.139,22.607,4.323,85.492,18.81,12,-3.349,-4.579,-4.679,-4.559,1.633,3.062,8.484,2.054,6.663,0.611,-2.149,-3.194,Rubber,Clay Loam,0.398,0.247,22.509,7,0.377,3.251.955,16.487
12.985,107.789,5.445,193,0.979,33.4,2.011,5.956,32.844,33.756,23.811,25.82,227.9,82.05,17.99,4,-222.95,-224.84,-212.6,-186.27,25.42,125.85,462.77,319.67,217.47,42.22,-150.03,-196.73,Rubber,Clay Loam,0.597,0.248,1193.42,7,0.388,2.875.489,24.566
13.661,108.29,5.719,646.596,3.64,31.281,27.803,5.8,34.855,33.864,36.919,23.626,4.535,86.224,16.741,12,-3.15,-4.861,-5.652,-4.996,1.315,1.674,5.691,0.494,8.264,5.44,-0.549,-3.663,Rubber,Clay Loam,0.402,0.262,22.871,9,0.361,2.601.564,19.423
12.424,107.964,5.228,737.888,17.25,33.406,3.569,5.269,34.249,32.346,41.372,23.658,140.669,84.227,17.69,4,-161.436,-168.777,-157.789,-138.432,10.036,54.284,217,155.338,194.323,123.504,-28.222,-99.811,Rubber,Clay Loam,0.461,0.269,754.467,7,0.288,3655.02,18.862
13.241,107.906,5,201.993,4.069,33.916,2.181,5.601,33.792,32.293,26.429,24.7,138.1,83.27,18.14,4,-159.26,-166.84,-154.61,-137.12,20.29,47.68,185.83,130.34,211.42,150.74,-24.92,-103.53,Rubber,Clay Loam,0.521,0.249,746.28,9,0.283,2.953.709,23.387
14.202,107.789,6,303.975,3.64,29.483,28.279,5.705,34.395,36.124,34.206,25.303,5.612,82.46,17.238,12,-4.676,-5.618,-5.747,-4.366,2.724,4.651,10.883,3.297,7.916,0.917,-4.457,-5.533,Rubber,Clay Loam,0.566,0.259,30.397,7,0.358,2.807.521,23.327
13.95,108.161,6,729.748,2.168,28.389,2.082,5.835,34.941,36.635,24.521,23.3,147.86,84.74,17.033,4,-159.46,-175.05,-157.67,-141.05,-0.75,18.07,145.89,104.16,223.27,261.45,-15.89,-102.98,Rubber,Clay Loam,0.437,0.244,752.85,10,0.347,2.646.228,18.557
14.179,107.947,5.2,672.404,2.183,30.541,2.042,5.68,36.9,32.559,25.378,23.3,147.86,84.74,17.66,4,-159.46,-175.05,-157.67,-141.05,-0.75,18.07,145.89,104.16,223.27,261.45,-15.89,-102.98,Rubber,Clay Loam,0.437,0.241,752.85,10,0.347,2.998.301,18.929
13.584,108.007,5.68,380.959,6.965,33.403,2.182,5.732,34.356,32.24,27.14,24.57,141.28,83.7,17.855,4,-159.46,-169.36,-154.13,-136.02,24.8,37.8,167.03,113.53,221.94,194.62,-29.94,-110.79,Rubber,Clay Loam,0.503,0.249,759.7,9,0.292,2.748.986,22.094
12.92,107.959,5.928,357.217,2.633,30.236,2.145,5.886,36.894,32.87,24.723,24.7,138.1,83.27,17.813,4,-159.26,-166.84,-154.61,-137.12,20.29,47.68,185.83,130.34,211.42,150.74,-24.92,-103.53,Rubber,Clay Loam,0.521,0.24,746.28,9,0.283,2.351.988,22.378
13.577,108.077,5.031,382.724,3.858,31.428,1.993,5.897,36.494,31.982,26.6,24.57,141.28,83.7,17.25,4,-159.46,-169.36,-154.13,-136.02,24.8,37.8,167.03,113.53,221.94,194.62,-29.94,-110.79,Rubber,Clay Loam,0.503,0.243,759.7,9,0.292,2.391.271,22.082
12.594,108.091,5,880.546,3.64,32.777,32.022,5.574,35.048,32.174,30.645,22.105,4.439,86.187,18.408,12,-3.331,-4.571,-4.872,-4.409,1.426,1.932,8.069,1.614,6.884,2.025,-1.612,-3.151,Rubber,Clay Loam,0.368,0.252,21.946,7,0.368,3.091.525,16.381
13.332,107.666,5.463,152.537,1.377,35.284,2.159,5.954,32.63,32.033,24.225,25.96,199.04,81.8,18.14,3,-202.41,-205.29,-190.82,-159.08,55.01,90.16,368.73,274.99,223.54,69.09,-144.32,-179.6,Rubber,Clay Loam,0.61,0.249,1081.52,7,0.341,2652.74,24.969
12.856,108.118,5.868,491.659,7.899,30.166,2.113,5.579,36.474,33.36,35.558,24.7,138.1,83.27,17.08,4,-159.26,-166.84,-154.61,-137.12,20.29,47.68,185.83,130.34,211.42,150.74,-24.92,-103.53,Rubber,Clay Loam,0.521,0.256,746.28,9,0.283,3.000.157,21.504
13.321,108.363,6,620.728,3.64,33.682,23.328,5.818,35.736,30.482,30.937,24.032,4.209,86.644,16.523,12,-2.61,-4.513,-5.384,-4.974,1.386,0.424,4.437,-0.532,7.604,5.868,1.17,-2.873,Rubber,Clay Loam,0.399,0.251,20.886,9,0.364,2.562.541,19.997
12.829,108.138,5.257,699.427,3.64,32.951,23.957,5.574,37.982,29.167,38.701,24.5,5.82,84.606,16.869,12,-4.54,-5.687,-5.915,-5.56,2.59,2.797,11.877,2.386,8.871,1.27,-3.152,-4.937,Rubber,Clay Loam,0.473,0.257,29.791,7,0.399,3.091.525,19.954
13.618,108.185,5.575,368.276,2.216,33.638,2.273,5.857,34.713,31.649,27.564,24.57,141.28,83.7,17.25,4,-159.46,-169.36,-154.13,-136.02,24.8,37.8,167.03,113.53,221.94,194.62,-29.94,-110.79,Rubber,Clay Loam,0.503,0.249,759.7,9,0.292,2477.99,22.176
14.544,107.752,5,774.244,12.948,30.193,3.27,5.535,35.653,34.154,36.708,23.36,139.49,84.71,17.66,3,-150.13,-154.94,-139.28,-111.93,18.2,34.11,207.98,194.59,162.57,151.62,-93.27,-119.51,Rubber,Clay Loam,0.439,0.259,769.06,7,0.27,2.908.582,18.327
13.478,107.722,6,197.742,2.748,33.018,1.982,5.763,36.392,30.628,25.492,25.96,199.04,81.8,18.14,3,-202.41,-205.29,-190.82,-159.08,55.01,90.16,368.73,274.99,223.54,69.09,-144.32,-179.6,Rubber,Clay Loam,0.61,0.242,1081.52,7,0.341,3.137.131,24.675
14.04,108.412,5.012,929.062,3.64,30.841,32.786,5.499,35.275,33.785,44.983,23.353,4.741,85.966,16.215,12,-3.492,-5.078,-5.811,-5.009,1.28,2.461,6.525,1.153,8.662,5.109,-1.638,-4.152,Rubber,Clay Loam,0.403,0.272,25.18,9,0.344,3.254.123,17.314
13.026,107.844,6,219.201,3.64,35.62,21.192,5.8,34.212,30.168,23.885,24.75,5.04,84.49,17.67,12,-3.85,-5.19,-5.49,-5.13,2.87,2.02,9.17,1.47,8.91,1.97,-2.38,-4.35,Rubber,Clay Loam,0.484,0.245,26.39,7,0.347,2.601.564,23.325
13.584,108.033,5.133,439.734,4.447,31.513,2.37,5.887,35.835,32.666,29,24.57,141.28,83.7,17.25,4,-159.46,-169.36,-154.13,-136.02,24.8,37.8,167.03,113.53,221.94,194.62,-29.94,-110.79,Rubber,Clay Loam,0.503,0.248,759.7,9,0.292,2.412.951,21.712
11.803,107.871,5,766.315,3.64,33.652,31.19,5.526,33.621,32.785,31.129,22.699,4.25,85.345,17.628,12,-3.304,-4.522,-4.62,-4.5,1.568,3.142,8.234,2.027,6.573,0.665,-2.125,-3.141,Rubber,Clay Loam,0.404,0.256,22.212,7,0.371,3.195.588,17.718
13.499,108.346,5.561,178.316,0.806,36.4,2.074,5.888,34.958,28.642,22.363,24.57,141.28,83.7,17.25,4,-159.46,-169.36,-154.13,-136.02,24.8,37.8,167.03,113.53,221.94,194.62,-29.94,-110.79,Rubber,Clay Loam,0.503,0.241,759.7,9,0.292,2.410.783,23.411
14.545,107.777,5.275,642.824,9.771,31.823,2.767,5.7,34.017,34.16,31.403,23.36,139.49,84.71,17.66,3,-150.13,-154.94,-139.28,-111.93,18.2,34.11,207.98,194.59,162.57,151.62,-93.27,-119.51,Rubber,Clay Loam,0.439,0.256,769.06,7,0.27,2.580.994,19.182
14.42,108.112,6,873.353,3.64,30.879,32.489,5.449,34.557,34.613,39.743,21.85,4.86,88.25,16.21,12,-2.89,-4.84,-6.32,-5.44,-0.87,0.44,3.51,0.03,8.25,9.58,1.25,-2.71,Rubber,Clay Loam,0.308,0.266,23.07,10,0.415,3.362.521,16.173
12.849,108.251,6,636,4.953,32.611,2.245,5.638,37.351,30.051,30.595,24.684,138.503,83.324,17.102,4,-159.285,-167.159,-154.549,-136.981,20.861,46.429,183.45,128.212,212.752,156.294,-25.555,-104.449,Rubber,Clay Loam,0.518,0.247,747.978,9,0.284,2885.36,20.55
14.099,107.934,5.099,651.894,7.203,31.84,2.122,5.51,38.579,29.49,26.66,23.3,147.86,84.74,17.66,4,-159.46,-175.05,-157.67,-141.05,-0.75,18.07,145.89,104.16,223.27,261.45,-15.89,-102.98,Rubber,Clay Loam,0.437,0.239,752.85,10,0.347,3.384.446,19.063
14.823,107.712,5.578,701.984,12.731,29.453,2.753,5.542,34.497,36.107,33.788,22.29,128.66,84.34,17.66,3,-131.57,-142.11,-127.6,-99.38,-28.03,-18.86,94.18,104.34,155.5,290.96,-33.08,-64.36,Rubber,Clay Loam,0.421,0.258,644.99,10,0.451,2.776.994,17.727
13.35,107.745,5.723,176.277,3.64,37.676,19.923,5.828,30.96,31.292,24.263,25.983,7.251,82.69,17.67,12,-5.97,-6.853,-6.897,-5.905,3.112,5.574,15.785,4.305,8.997,0.04,-5.518,-6.693,Rubber,Clay Loam,0.581,0.253,37.836,7,0.417,2.540.861,24.837
12.475,107.746,5.408,529.363,8.265,33.999,2.56,5.578,33.297,32.663,28.546,23.73,231.98,84.06,17.87,4,-223.28,-224.48,-213.24,-190.37,2.58,142.09,478.49,339.12,196.45,35.26,-147.65,-194.95,Rubber,Clay Loam,0.468,0.253,1193.97,7,0.401,3.888.416,20.289
12.589,107.869,5,368.299,1.132,32.523,2.122,5.709,34.828,32.649,25.914,23.35,141.43,84.51,17.87,4,-162.08,-169.35,-158.73,-138.82,7,56.24,226.23,162.74,189.26,115.44,-29.2,-98.71,Rubber,Clay Loam,0.444,0.246,756.89,7,0.299,2.726.037,20.956
13.419,107.932,5.789,203.264,0.797,34.884,1.802,5.779,34.821,30.216,23.358,24.57,141.28,83.7,18.14,4,-159.46,-169.36,-154.13,-136.02,24.8,37.8,167.03,113.53,221.94,194.62,-29.94,-110.79,Rubber,Clay Loam,0.503,0.243,759.7,9,0.292,2.647.091,23.249
13.006,107.71,5.377,231.639,2.865,30.166,2.464,5.725,38.336,31.436,27.78,25.82,227.9,82.05,17.972,4,-222.95,-224.84,-212.6,-186.27,25.42,125.85,462.77,319.67,217.47,42.22,-150.03,-196.73,Rubber,Clay Loam,0.597,0.241,1193.42,7,0.388,3.511.733,24.314
12.459,107.748,5.368,585.791,6.878,34.747,2.465,5.5,34.337,30.916,34.579,23.73,231.98,84.06,17.87,4,-223.28,-224.48,-213.24,-190.37,2.58,142.09,478.49,339.12,196.45,35.26,-147.65,-194.95,Rubber,Clay Loam,0.468,0.259,1193.97,7,0.401,4.101.705,19.922
12.689,108.073,6,734.267,3.64,32.993,35.251,5.353,33.713,33.221,40.379,21.967,4.816,86.93,16.525,12,-3.44,-4.921,-5.396,-5.073,1.278,1.98,8.356,1.643,7.517,2.747,-1.36,-3.318,Rubber,Clay Loam,0.345,0.269,23.508,7,0.355,3.570.647,17.194
14.046,107.618,5.132,274.921,7.469,28.437,2.353,5.987,35.416,36.161,30.847,25.25,174.14,81.48,17.66,3,-179.93,-183.32,-167.16,-135.46,50.28,69.26,300.26,253.27,195.98,90.33,-133.36,-160.15,Rubber,Clay Loam,0.595,0.252,959.38,7,0.313,2.319.112,23.463
12.788,108.017,5.284,574.874,3.64,32.296,29.165,5.572,34.076,33.628,36.833,23.953,5.351,84.777,16.813,12,-4.163,-5.394,-5.55,-5.03,2.687,2.646,10.924,2.412,8.284,0.753,-3.014,-4.544,Rubber,Clay Loam,0.453,0.263,27.695,7,0.394,3.095.861,20.216
12.312,107.99,5.909,478.637,13.537,33.091,2.927,5.527,31.364,35.554,34.39,23.35,141.43,84.51,17.798,4,-162.08,-169.35,-158.73,-138.82,7,56.24,226.23,162.74,189.26,115.44,-29.2,-98.71,Rubber,Clay Loam,0.444,0.266,756.89,7,0.299,3.110.343,20.239
13.844,108.038,6,629.281,12.752,28.877,2.566,5.718,36.118,35.005,30.071,23.3,147.86,84.74,17.139,4,-159.46,-175.05,-157.67,-141.05,-0.75,18.07,145.89,104.16,223.27,261.45,-15.89,-102.98,Rubber,Clay Loam,0.437,0.249,752.85,10,0.347,2.911.986,19.21
12.648,108.022,5,397.851,2.118,32.11,2.422,5.752,34.599,33.367,25.171,23.35,141.43,84.51,17.08,4,-162.08,-169.35,-158.73,-138.82,7,56.24,226.23,162.74,189.26,115.44,-29.2,-98.71,Rubber,Clay Loam,0.444,0.246,756.89,7,0.299,2.635.239,20.764
13.002,108.115,5.971,522.914,1.922,30.36,2.979,5.794,35.326,34.317,31.26,24.7,138.1,83.27,17.245,4,-159.26,-166.84,-154.61,-137.12,20.29,47.68,185.83,130.34,211.42,150.74,-24.92,-103.53,Rubber,Clay Loam,0.521,0.253,746.28,9,0.283,2.546.228,21.301
13.905,107.64,5.819,217.362,3.64,30.777,26.723,5.864,34.075,35.148,28.36,25.418,6.075,82.5,17.326,12,-5.038,-5.938,-6.041,-4.775,2.725,4.865,12.408,3.643,8.113,0.612,-4.743,-5.828,Rubber,Clay Loam,0.568,0.251,32.363,7,0.383,2.462.814,24.005
13.325,107.928,5.854,206.437,0.92,32.885,1.907,5.8,36.729,30.385,22.277,24.57,141.28,83.7,18.14,4,-159.46,-169.36,-154.13,-136.02,24.8,37.8,167.03,113.53,221.94,194.62,-29.94,-110.79,Rubber,Clay Loam,0.503,0.237,759.7,9,0.292,2.601.564,23.228
13.378,107.639,5,154.015,0.83,36.106,2.15,5.848,32.645,31.2,24.214,25.96,199.04,81.8,18.14,3,-202.41,-205.29,-190.82,-159.08,55.01,90.16,368.73,274.99,223.54,69.09,-144.32,-179.6,Rubber,Clay Loam,0.61,0.249,1081.52,7,0.341,2.921.564,24.959
13.634,107.726,5.753,218.066,1.454,29.668,2.016,5.926,36.507,33.851,24.269,25.96,199.04,81.8,18.14,3,-202.41,-205.29,-190.82,-159.08,55.01,90.16,368.73,274.99,223.54,69.09,-144.32,-179.6,Rubber,Clay Loam,0.61,0.24,1081.52,7,0.341,2723.75,24.543
13.588,108.054,5.129,382.612,4.309,31.568,2,5.874,36.293,32.052,26.587,24.57,141.28,83.7,17.365,4,-159.46,-169.36,-154.13,-136.02,24.8,37.8,167.03,113.53,221.94,194.62,-29.94,-110.79,Rubber,Clay Loam,0.503,0.244,759.7,9,0.292,2.441.134,22.083
11.575,107.902,6,941.227,3.64,35.377,41.411,5.5,35.489,29.179,47.204,24.443,4.116,83.392,18.194,12,-3.57,-4.343,-4.394,-4.213,0.744,3.974,7.753,1.841,5.914,1.775,-2.201,-3.299,Rubber,Clay Loam,0.509,0.274,22.02,7,0.352,3.251.955,18.325
12.556,107.948,5.485,396.941,1.859,33.561,2.499,5.751,33.421,33.069,24.615,23.35,141.43,84.51,17.463,4,-162.08,-169.35,-158.73,-138.82,7,56.24,226.23,162.74,189.26,115.44,-29.2,-98.71,Rubber,Clay Loam,0.444,0.248,756.89,7,0.299,2.637.351,20.77
12.58,108.15,5.359,513.359,3.64,30.682,25.429,5.7,36.428,32.954,30.773,23.41,5.24,85.72,16.64,12,-3.95,-5.3,-5.47,-5.3,2.67,1.83,10.91,2.04,8.44,0.71,-2.42,-4.14,Rubber,Clay Loam,0.411,0.249,26.58,7,0.41,2.818.361,20.073
13.303,107.759,5,371.372,13.477,30.558,2.737,5.778,38.189,31.212,29.097,23.354,140.64,84.591,17.785,3.593,-157.216,-163.484,-150.813,-127.874,11.559,47.232,218.801,175.705,178.396,130.167,-55.28,-107.177,Rubber,Clay Loam,0.442,0.243,761.844,7,0.287,2.517.569,20.94
14.559,107.884,5,623.635,3.64,33.297,20.438,5.851,33.074,33.613,24.891,22.099,4.84,87.876,17.08,12,-2.988,-4.879,-6.238,-5.37,-0.52,0.77,3.996,0.212,8.32,8.859,0.779,-2.947,Rubber,Clay Loam,0.322,0.249,22.942,10,0.386,2.490.998,18.045
14.744,107.872,5.391,840.391,3.64,31.008,30.531,5.6,34.652,34.339,34.609,21.85,4.86,88.25,17.25,12,-2.89,-4.84,-6.32,-5.44,-0.87,0.44,3.51,0.03,8.25,9.58,1.25,-2.71,Rubber,Clay Loam,0.308,0.259,23.07,10,0.415,3.035.158,16.387
12.552,108.198,5.969,429,0.53,30.749,2.168,5.603,36.208,33.043,27.592,23.35,141.43,84.51,17.104,4,-162.08,-169.35,-158.73,-138.82,7,56.24,226.23,162.74,189.26,115.44,-29.2,-98.71,Rubber,Clay Loam,0.444,0.245,756.89,7,0.299,2.949.863,20.562
12.972,107.659,6,192.291,0.693,37.706,2.023,5.8,31.697,30.523,21.994,25.82,227.9,82.05,17.94,4,-222.95,-224.84,-212.6,-186.27,25.42,125.85,462.77,319.67,217.47,42.22,-150.03,-196.73,Rubber,Clay Loam,0.597,0.248,1193.42,7,0.388,3305.16,24.57
12.946,108.345,5,680.06,1.271,31.457,2.314,5.769,38.013,30.53,30.652,24.7,138.1,83.27,17.08,4,-159.26,-166.84,-154.61,-137.12,20.29,47.68,185.83,130.34,211.42,150.74,-24.92,-103.53,Rubber,Clay Loam,0.521,0.245,746.28,9,0.283,2599.01,20.28
12.602,107.858,6,879,3.64,33.735,35.994,5.298,35.785,30.513,35.941,24.273,4.502,84.35,17.215,12,-3.626,-4.577,-5.072,-4.63,-0.033,3.038,6.857,1.231,6.583,4.755,-1.193,-3.351,Rubber,Clay Loam,0.475,0.258,22.482,7,0.305,3.689.885,18.56
12.431,107.626,5,734.773,8.756,33.06,2.28,5.5,35.527,31.413,33.95,23.73,231.98,84.06,17.87,4,-223.28,-224.48,-213.24,-190.37,2.58,142.09,478.49,339.12,196.45,35.26,-147.65,-194.95,Rubber,Clay Loam,0.468,0.256,1193.97,7,0.401,4.101.705,18.954
13.988,107.647,5.869,302.131,6.114,28.905,2.531,5.8,38.411,32.684,32.86,25.25,174.14,81.48,18.14,3,-179.93,-183.32,-167.16,-135.46,50.28,69.26,300.26,253.27,195.98,90.33,-133.36,-160.15,Rubber,Clay Loam,0.595,0.248,959.38,7,0.313,2747.22,23.286
13.016,107.776,5.03,231.332,4.398,38.243,2.422,5.697,32.536,29.124,28.573,25.82,227.9,82.05,18.132,4,-222.95,-224.84,-212.6,-186.27,25.42,125.85,462.77,319.67,217.47,42.22,-150.03,-196.73,Rubber,Clay Loam,0.597,0.255,1193.42,7,0.388,3.588.853,24.316
12.491,107.94,5,519,3.285,33.426,2.356,5.6,32.817,33.712,31.734,23.35,141.43,84.51,17.512,4,-162.08,-169.35,-158.73,-138.82,7,56.24,226.23,162.74,189.26,115.44,-29.2,-98.71,Rubber,Clay Loam,0.444,0.259,756.89,7,0.299,2.956.198,19.976
12.458,107.754,5.764,880.416,3.64,33.611,37.385,5.271,36.122,30.267,35.49,24.718,4.11,83.169,17.594,12,-3.616,-4.221,-4.437,-3.919,0.188,3.32,6.981,1.345,5.792,3.535,-1.716,-3.275,Rubber,Clay Loam,0.524,0.257,21.184,7,0.33,3748.42,18.995
13.482,107.961,6,329,15.115,33.559,2.818,5.522,38.435,28.006,27.691,24.57,141.28,83.7,18.075,4,-159.46,-169.36,-154.13,-136.02,24.8,37.8,167.03,113.53,221.94,194.62,-29.94,-110.79,Rubber,Clay Loam,0.503,0.24,759.7,9,0.292,3204.26,22.432
12.629,107.854,5,420.66,3.64,33.474,23.783,5.783,36.066,30.46,24.523,23.41,5.24,85.72,17.53,12,-3.95,-5.3,-5.47,-5.3,2.67,1.83,10.91,2.04,8.44,0.71,-2.42,-4.14,Rubber,Clay Loam,0.411,0.241,26.58,7,0.41,2.638.419,20.676
12.94,107.717,5.52,205.559,0.972,31.228,2.235,5.696,36.164,32.607,29.648,25.82,227.9,82.05,18,4,-222.95,-224.84,-212.6,-186.27,25.42,125.85,462.77,319.67,217.47,42.22,-150.03,-196.73,Rubber,Clay Loam,0.597,0.248,1193.42,7,0.388,3.591.607,24.484
12.55,107.77,5.663,442.857,6.208,35.127,2.575,5.866,33.602,31.237,29.517,23.73,231.98,84.06,17.87,4,-223.28,-224.48,-213.24,-190.37,2.58,142.09,478.49,339.12,196.45,35.26,-147.65,-194.95,Rubber,Clay Loam,0.468,0.254,1193.97,7,0.401,3.100.889,20.851
13.078,107.962,5.829,289.053,9.669,36.48,2.268,5.866,33.405,30.098,26.114,24.7,138.1,83.27,18.094,4,-159.26,-166.84,-154.61,-137.12,20.29,47.68,185.83,130.34,211.42,150.74,-24.92,-103.53,Rubber,Clay Loam,0.521,0.25,746.28,9,0.283,2.394.214,22.821
12.556,107.677,5.569,394.569,3.64,32.489,22.059,5.643,35.676,31.892,29.271,23.621,6.851,85.276,17.53,12,-5.418,-6.336,-6.42,-6.154,2.163,3.657,15.907,3.742,8.622,-0.121,-4.105,-5.557,Rubber,Clay Loam,0.429,0.249,34.111,7,0.467,2.941.935,21.056
12.21,108.036,5.751,577.259,3.64,34.477,32.301,5.55,33.025,32.498,34.804,22.358,4.909,86.268,16.861,12,-3.717,-5.037,-5.162,-5.03,2.212,2.363,10.316,2.183,7.546,0.372,-2.337,-3.689,Rubber,Clay Loam,0.371,0.263,24.972,7,0.413,3.143.556,18.606
13.457,107.99,5,228.211,2.282,35.338,2.173,6,34.343,30.281,22.985,24.57,141.28,83.7,17.799,4,-159.46,-169.36,-154.13,-136.02,24.8,37.8,167.03,113.53,221.94,194.62,-29.94,-110.79,Rubber,Clay Loam,0.503,0.243,759.7,9,0.292,2167.97,23.087
12.279,107.916,5,573.488,8.249,32.602,2.849,5.459,31.42,35.907,33.449,23.35,141.43,84.51,17.87,4,-162.08,-169.35,-158.73,-138.82,7,56.24,226.23,162.74,189.26,115.44,-29.2,-98.71,Rubber,Clay Loam,0.444,0.265,756.89,7,0.299,3.253.929,19.622
14.002,108.136,5,725.835,2.738,32.449,2.378,5.717,34.851,32.684,29.498,23.3,147.86,84.74,17.146,4,-159.46,-175.05,-157.67,-141.05,-0.75,18.07,145.89,104.16,223.27,261.45,-15.89,-102.98,Rubber,Clay Loam,0.437,0.251,752.85,10,0.347,2.914.258,18.582
14.849,108.184,5.832,899.497,3.64,34.616,43.547,5.417,35.846,29.438,50.531,21.908,6.35,88.433,16.21,12,-2.457,-4.832,-7.286,-6.439,-3.034,-1.857,0.197,-2.093,7.759,15.631,5.154,-0.771,Rubber,Clay Loam,0.304,0.278,28.769,10,0.544,3.431.897,16.061
13.794,107.781,5.963,373.037,3.539,28.594,2.381,5.893,35.644,35.762,26.694,25.25,174.14,81.48,18.14,3,-179.93,-183.32,-167.16,-135.46,50.28,69.26,300.26,253.27,195.98,90.33,-133.36,-160.15,Rubber,Clay Loam,0.595,0.245,959.38,7,0.313,2534.31,22.825
14.305,107.623,6,378.682,3.64,27.978,35.483,5.6,36.054,35.968,39.107,23.46,3.98,85.67,17.25,12,-3.38,-4.28,-4.61,-3.17,1.38,2.6,6.7,1.94,6.46,2.84,-2.5,-3.93,Rubber,Clay Loam,0.414,0.262,21.87,7,0.306,3.035.158,20.999
12.985,107.764,5.336,204,0.693,32.372,2.287,5.733,36.26,31.369,28.994,25.82,227.9,82.05,18.049,4,-222.95,-224.84,-212.6,-186.27,25.42,125.85,462.77,319.67,217.47,42.22,-150.03,-196.73,Rubber,Clay Loam,0.597,0.247,1193.42,7,0.388,3.489.698,24.494
12.265,108.047,5,485,0,34.949,3.039,5.705,32,32.998,28.942,23.35,141.43,84.51,17.08,4,-162.08,-169.35,-158.73,-138.82,7,56.24,226.23,162.74,189.26,115.44,-29.2,-98.71,Rubber,Clay Loam,0.444,0.257,756.89,7,0.299,2.734.483,20.198
12.907,108.144,5,535.207,9.513,31.775,2.091,5.716,35.818,32.422,30.681,24.7,138.1,83.27,17.106,4,-159.26,-166.84,-154.61,-137.12,20.29,47.68,185.83,130.34,211.42,150.74,-24.92,-103.53,Rubber,Clay Loam,0.521,0.251,746.28,9,0.283,2.710.909,21.221
13.394,107.989,6,206.583,0.876,33.055,1.902,5.839,36.253,30.672,23.011,24.57,141.28,83.7,17.967,4,-159.46,-169.36,-154.13,-136.02,24.8,37.8,167.03,113.53,221.94,194.62,-29.94,-110.79,Rubber,Clay Loam,0.503,0.239,759.7,9,0.292,2.517.013,23.227
13.072,107.948,5,703.659,3.64,33.656,30.654,5.441,35.978,30.324,35.339,23.161,5.609,85.066,16.983,12,-4.254,-5.367,-5.992,-5.493,0.23,2.717,9.762,2.026,7.758,4.4,-1.694,-4.097,Rubber,Clay Loam,0.424,0.257,26.897,7,0.363,3.379.865,18.587
13.124,107.986,6,346.688,10.493,31.719,2.608,5.713,35.455,32.813,29.902,24.7,138.1,83.27,18.104,4,-159.26,-166.84,-154.61,-137.12,20.29,47.68,185.83,130.34,211.42,150.74,-24.92,-103.53,Rubber,Clay Loam,0.521,0.25,746.28,9,0.283,2.717.243,22.447
13.911,107.757,5.206,502.088,3.64,25.888,30.038,5.779,38.597,35.515,41.662,25.32,5.63,82.4,17.584,12,-4.7,-5.63,-5.75,-4.35,2.73,4.7,10.96,3.35,7.89,0.86,-4.51,-5.56,Rubber,Loam,0.568,0.26,30.5,7,0.359,2.647.091,22.056
13.381,108.327,6,662.552,10.864,32.691,3.399,5.611,35.934,31.287,40.991,24.585,140.924,83.652,17.231,4,-159.438,-169.078,-154.184,-136.143,24.295,38.906,169.134,115.411,220.763,189.709,-29.378,-109.977,Rubber,Clay Loam,0.505,0.265,758.198,9,0.291,3.002.501,20.278
13.837,107.709,5.73,395.191,9.143,27.751,2.528,5.7,38.834,33.416,27.265,25.25,174.14,81.48,18.14,3,-179.93,-183.32,-167.16,-135.46,50.28,69.26,300.26,253.27,195.98,90.33,-133.36,-160.15,Rubber,Clay Loam,0.595,0.239,959.38,7,0.313,2.976.155,22.681
14.136,107.673,5.943,1.426.913,3.64,26.999,55.581,5.583,35.506,37.495,52.789,25.214,5.516,82.667,17.215,12,-4.532,-5.555,-5.708,-4.38,2.669,4.431,10.544,3.119,7.841,1.039,-4.145,-5.334,Rubber,Loam,0.556,0.282,29.654,7,0.356,3.072.013,15.939
12.702,108.245,5.531,553.501,3.552,31.909,2.224,5.653,37.678,30.459,31.766,23.35,141.43,84.51,17.08,4,-162.08,-169.35,-158.73,-138.82,7,56.24,226.23,162.74,189.26,115.44,-29.2,-98.71,Rubber,Clay Loam,0.444,0.248,756.89,7,0.299,2.844.285,19.752
13.403,107.982,5.937,216.683,1.04,37.932,2.224,5.819,34.294,27.875,21.807,24.57,141.28,83.7,18.084,4,-159.46,-169.36,-154.13,-136.02,24.8,37.8,167.03,113.53,221.94,194.62,-29.94,-110.79,Rubber,Clay Loam,0.503,0.242,759.7,9,0.292,2.560.373,23.162
13.14,108.222,6,715.725,5.154,32.447,2.111,5.596,34.796,32.757,26.912,24.7,138.1,83.27,17.243,4,-159.26,-166.84,-154.61,-137.12,20.29,47.68,185.83,130.34,211.42,150.74,-24.92,-103.53,Rubber,Clay Loam,0.521,0.248,746.28,9,0.283,2.964.265,20.048
13.597,107.912,5.122,282.337,3.802,31.93,2.053,5.812,36.4,31.583,25.402,24.57,141.28,83.7,18.031,4,-159.46,-169.36,-154.13,-136.02,24.8,37.8,167.03,113.53,221.94,194.62,-29.94,-110.79,Rubber,Clay Loam,0.503,0.242,759.7,9,0.292,2.575.548,22.735
14.857,107.93,6,1222.53,3.64,33.061,35.349,5.445,35.28,31.759,43.425,22.128,5.18,87.095,16.68,12,-2.402,-4.22,-6.056,-4.94,-2.082,-1.19,0.719,-1.453,6.832,12.446,3.435,-1.126,Rubber,Clay Loam,0.344,0.27,23.469,10,0.531,3.371.193,14.182
13.358,107.861,6,240.793,15.098,31.865,2.143,5.607,38.247,29.981,24.345,24.57,141.28,83.7,18.14,4,-159.46,-169.36,-154.13,-136.02,24.8,37.8,167.03,113.53,221.94,194.62,-29.94,-110.79,Rubber,Clay Loam,0.503,0.236,759.7,9,0.292,3.019.982,23.005
13.073,108.189,5.684,465.316,3.754,31.083,2.809,5.763,37.081,31.835,35.533,24.7,138.1,83.27,17.196,4,-159.26,-166.84,-154.61,-137.12,20.29,47.68,185.83,130.34,211.42,150.74,-24.92,-103.53,Rubber,Clay Loam,0.521,0.254,746.28,9,0.283,2.611.678,21.675
13.48,108.185,5.507,461.449,6.34,31.339,2.763,5.801,35.859,32.801,34.389,24.57,141.28,83.7,17.701,4,-159.46,-169.36,-154.13,-136.02,24.8,37.8,167.03,113.53,221.94,194.62,-29.94,-110.79,Rubber,Clay Loam,0.503,0.256,759.7,9,0.292,2.599.396,21.571
12.913,108.219,5.042,702.042,4.609,32.792,2.392,5.5,34.217,32.992,34.342,24.7,138.1,83.27,17.08,4,-159.26,-166.84,-154.61,-137.12,20.29,47.68,185.83,130.34,211.42,150.74,-24.92,-103.53,Rubber,Clay Loam,0.521,0.259,746.28,9,0.283,3166.95,20.137
13.074,107.733,5,233.703,3.64,32.93,22.944,5.715,36.537,30.619,25.585,25.885,7.918,82.897,17.551,12,-6.447,-7.232,-7.265,-6.537,2.785,5.603,18.309,4.834,9.095,-0.397,-5.742,-6.969,Rubber,Clay Loam,0.571,0.242,40.589,7,0.451,2.785.841,24.366
14.569,107.723,5.987,656.04,2.934,30.32,2.276,5.7,35.981,33.7,24.921,23.36,139.49,84.71,17.66,3,-150.13,-154.94,-139.28,-111.93,18.2,34.11,207.98,194.59,162.57,151.62,-93.27,-119.51,Rubber,Clay Loam,0.439,0.242,769.06,7,0.27,2.580.994,19.096
13.4,108.192,5.035,367.174,3.64,33.98,25.921,5.797,36.078,30.038,28.583,24.644,4.924,84.78,16.78,12,-3.744,-5.151,-5.615,-5.005,2.523,2.734,7.935,1.258,8.92,3.09,-2.409,-4.485,Rubber,Clay Loam,0.472,0.247,26.409,9,0.337,2.608.068,22.257
13.498,108.026,5,234.946,1.486,35.4,2.21,6,32.812,31.689,22.801,24.57,141.28,83.7,17.254,4,-159.46,-169.36,-154.13,-136.02,24.8,37.8,167.03,113.53,221.94,194.62,-29.94,-110.79,Rubber,Clay Loam,0.503,0.246,759.7,9,0.292,2167.97,23.043
13.933,108.198,5.048,677.807,3.808,31.846,2.586,5.79,35.072,33.177,30.423,23.3,147.86,84.74,17.25,4,-159.46,-175.05,-157.67,-141.05,-0.75,18.07,145.89,104.16,223.27,261.45,-15.89,-102.98,Rubber,Clay Loam,0.437,0.252,752.85,10,0.347,2.748.442,18.894
14.045,107.617,5.361,276.526,5.777,28.85,2.342,5.964,35.095,36.092,29.884,25.25,174.14,81.48,17.66,3,-179.93,-183.32,-167.16,-135.46,50.28,69.26,300.26,253.27,195.98,90.33,-133.36,-160.15,Rubber,Clay Loam,0.595,0.251,959.38,7,0.313,2.371.767,23.453
13.356,107.682,5.132,154.472,1.368,33.858,1.902,5.813,33.449,32.692,24.502,25.96,199.04,81.8,18.14,3,-202.41,-205.29,-190.82,-159.08,55.01,90.16,368.73,274.99,223.54,69.09,-144.32,-179.6,Rubber,Clay Loam,0.61,0.247,1081.52,7,0.341,3.010.327,24.956
13.059,108.173,5,576.821,4.031,32.691,1.995,5.682,34.255,33.109,31.472,24.7,138.1,83.27,17.157,4,-159.26,-166.84,-154.61,-137.12,20.29,47.68,185.83,130.34,211.42,150.74,-24.92,-103.53,Rubber,Clay Loam,0.521,0.255,746.28,9,0.283,2.782.693,20.951
13.438,107.742,5,186.031,1.839,33.398,2.01,5.797,34.536,32.117,24.789,25.96,199.04,81.8,18.14,3,-202.41,-205.29,-190.82,-159.08,55.01,90.16,368.73,274.99,223.54,69.09,-144.32,-179.6,Rubber,Clay Loam,0.61,0.245,1081.52,7,0.341,3.050.904,24.751
12.437,108.085,5.511,429,0.53,31.482,2.434,5.649,34.833,33.684,28.967,23.35,141.43,84.51,17.466,4,-162.08,-169.35,-158.73,-138.82,7,56.24,226.23,162.74,189.26,115.44,-29.2,-98.71,Rubber,Clay Loam,0.444,0.25,756.89,7,0.299,2.852.731,20.562
12.903,107.951,5.667,307.663,3.24,31.6,2.567,5.567,36.233,32.2,29.901,24.7,138.1,83.27,17.87,4,-159.26,-166.84,-154.61,-137.12,20.29,47.68,185.83,130.34,211.42,150.74,-24.92,-103.53,Rubber,Clay Loam,0.521,0.249,746.28,9,0.283,3.025.493,22.7
14.525,107.698,5.14,884.162,3.64,33.112,34.701,5.458,35.123,31.765,37.051,22.807,3.53,85.017,17.313,12,-2.655,-3.615,-4.35,-3.07,-0.292,0.754,3.041,0.115,5.823,6.456,0.013,-2.258,Rubber,Clay Loam,0.416,0.261,16.24,10,0.398,3343.01,17.06
13.646,107.805,5.03,249.42,2.344,29.979,2.026,5.803,37.985,32.036,22.754,25.96,199.04,81.8,18.14,3,-202.41,-205.29,-190.82,-159.08,55.01,90.16,368.73,274.99,223.54,69.09,-144.32,-179.6,Rubber,Clay Loam,0.61,0.234,1081.52,7,0.341,3.035.688,24.339
13.47,108.067,5.692,332.695,15.764,34.485,2.821,5.623,37.622,27.892,29.94,24.57,141.28,83.7,17.866,4,-159.46,-169.36,-154.13,-136.02,24.8,37.8,167.03,113.53,221.94,194.62,-29.94,-110.79,Rubber,Clay Loam,0.503,0.245,759.7,9,0.292,2.985.295,22.407
12.152,108.284,5.705,764.228,3.64,32.427,40.04,5.37,32.784,34.789,48.146,22.01,4.8,86.45,16.64,12,-3.64,-4.95,-5.06,-4.94,2.06,2.54,10.12,2.23,7.25,0.26,-2.31,-3.54,Rubber,Clay Loam,0.358,0.282,24.44,7,0.414,3.533.791,17.043
14.395,108.066,5,1.706.448,3.64,33.529,68.102,5.3,34.611,31.861,60.177,22.154,5.994,88.337,17.127,12,-2.176,-4.741,-6.951,-6.267,-2.422,-1.589,0.444,-1.983,7.432,13.883,4.909,-0.56,Rubber,Clay Loam,0.311,0.295,26.689,10,0.521,3.685.549,11.062
12.479,108.062,5,462.347,0.835,33.463,2.036,5.6,35.037,31.433,29.91,23.35,141.43,84.51,17.08,4,-162.08,-169.35,-158.73,-138.82,7,56.24,226.23,162.74,189.26,115.44,-29.2,-98.71,Rubber,Clay Loam,0.444,0.251,756.89,7,0.299,2.956.198,20.345
14.087,108.168,5.97,699.331,5.906,30.001,1.919,5.897,37.051,32.948,28.545,23.3,147.86,84.74,16.675,4,-159.46,-175.05,-157.67,-141.05,-0.75,18.07,145.89,104.16,223.27,261.45,-15.89,-102.98,Rubber,Clay Loam,0.437,0.245,752.85,10,0.347,2.505.398,18.754
12.438,107.715,5.906,646.883,13.544,33.622,2.54,5.491,34.062,32.316,35.062,23.73,231.98,84.06,17.87,4,-223.28,-224.48,-213.24,-190.37,2.58,142.09,478.49,339.12,196.45,35.26,-147.65,-194.95,Rubber,Clay Loam,0.468,0.261,1193.97,7,0.401,4.126.315,19.525
12.93,107.979,6,366.416,2.397,31.747,2.5,5.833,35.253,32.933,25.071,24.7,138.1,83.27,17.87,4,-159.26,-166.84,-154.61,-137.12,20.29,47.68,185.83,130.34,211.42,150.74,-24.92,-103.53,Rubber,Clay Loam,0.521,0.244,746.28,9,0.283,2.463.887,22.318
12.958,107.723,5.444,205.331,0.83,31.312,2.236,5.711,36.301,32.387,29.656,25.82,227.9,82.05,18.02,4,-222.95,-224.84,-212.6,-186.27,25.42,125.85,462.77,319.67,217.47,42.22,-150.03,-196.73,Rubber,Clay Loam,0.597,0.248,1193.42,7,0.388,3.550.293,24.485
13.927,108.198,5.132,733.264,4.686,32.245,2.226,5.887,35.524,32.231,29.712,23.3,147.86,84.74,17.168,4,-159.46,-175.05,-157.67,-141.05,-0.75,18.07,145.89,104.16,223.27,261.45,-15.89,-102.98,Rubber,Clay Loam,0.437,0.25,752.85,10,0.347,2.528.113,18.534
13.311,107.644,5,152.531,2.003,34.029,1.916,5.965,33.042,32.929,23.506,25.96,199.04,81.8,18.14,3,-202.41,-205.29,-190.82,-159.08,55.01,90.16,368.73,274.99,223.54,69.09,-144.32,-179.6,Rubber,Clay Loam,0.61,0.247,1081.52,7,0.341,2.624.843,24.969
13.018,107.735,5.693,195.078,1.163,34.955,2.035,5.861,32.076,32.969,23.884,25.82,227.9,82.05,18.057,4,-222.95,-224.84,-212.6,-186.27,25.42,125.85,462.77,319.67,217.47,42.22,-150.03,-196.73,Rubber,Clay Loam,0.597,0.25,1193.42,7,0.388,3.137.148,24.552
13.939,108.256,5.162,652.029,4.02,32.231,2.373,5.768,34.162,33.608,32.925,23.3,147.86,84.74,17.15,4,-159.46,-175.05,-157.67,-141.05,-0.75,18.07,145.89,104.16,223.27,261.45,-15.89,-102.98,Rubber,Clay Loam,0.437,0.258,752.85,10,0.347,2.798.414,19.062
13.494,108.04,5.055,235.222,1.688,35.522,2.235,6,32.972,31.412,23.37,24.57,141.28,83.7,17.25,4,-159.46,-169.36,-154.13,-136.02,24.8,37.8,167.03,113.53,221.94,194.62,-29.94,-110.79,Rubber,Clay Loam,0.503,0.247,759.7,9,0.292,2167.97,23.041
12.677,107.9,6,799,3.64,35.786,32.099,5.363,33.212,31.002,33.748,23.862,5.697,83.808,17.292,12,-4.672,-5.531,-5.779,-5.365,1.092,3.738,11.748,2.711,7.812,2.136,-3.099,-4.789,Rubber,Clay Loam,0.479,0.261,29.235,7,0.402,3.548.967,18.668
14.395,108.171,5.503,1.148.977,3.64,31.492,35.999,5.501,35.61,32.947,44.379,22.614,4.8,87.099,16.21,12,-3.192,-4.961,-6.069,-5.224,0.206,1.456,5.003,0.588,8.466,7.363,-0.198,-3.439,Rubber,Clay Loam,0.354,0.27,23.083,9,0.367,3.249.787,15.146
12.629,107.859,5,364.057,0.904,33.265,2.312,5.762,36.206,30.529,23.581,23.35,141.43,84.51,17.87,4,-162.08,-169.35,-158.73,-138.82,7,56.24,226.23,162.74,189.26,115.44,-29.2,-98.71,Rubber,Clay Loam,0.444,0.24,756.89,7,0.299,2.614.124,20.984
14.461,108.378,5,1135.82,3.64,35.326,35.727,5.487,34.434,30.239,50.69,21.85,4.86,88.25,16.21,12,-2.89,-4.84,-6.32,-5.44,-0.87,0.44,3.51,0.03,8.25,9.58,1.25,-2.71,Rubber,Clay Loam,0.308,0.282,23.07,10,0.415,3.280.139,14.467
13.49,107.707,5,183.712,4.129,34.503,2.053,5.757,33.213,32.284,24.056,25.96,199.04,81.8,18.14,3,-202.41,-205.29,-190.82,-159.08,55.01,90.16,368.73,274.99,223.54,69.09,-144.32,-179.6,Rubber,Clay Loam,0.61,0.247,1081.52,7,0.341,3.152.347,24.766
14.283,107.598,6,379.757,3.64,28.637,36.002,5.603,35.415,35.948,37.699,23.499,4.012,85.634,17.236,12,-3.394,-4.308,-4.637,-3.23,1.425,2.582,6.775,1.926,6.534,2.814,-2.496,-3.943,Rubber,Clay Loam,0.416,0.261,22.008,7,0.307,3.028.654,21.031
14.081,108.126,5.069,686.655,3.762,30.662,2.096,5.714,35.61,33.728,26.621,23.3,147.86,84.74,16.673,4,-159.46,-175.05,-157.67,-141.05,-0.75,18.07,145.89,104.16,223.27,261.45,-15.89,-102.98,Rubber,Clay Loam,0.437,0.245,752.85,10,0.347,2.921.072,18.837
12.345,107.75,5,764.274,3.64,32.516,41.36,5.431,35.18,32.373,38.164,23.858,4.403,83.876,17.56,12,-3.569,-4.651,-4.75,-4.233,1.682,3.928,8.133,2.336,6.642,0.929,-2.772,-3.691,Rubber,Clay Loam,0.477,0.263,23.666,7,0.344,3.401.545,18.89
13.296,107.758,5.323,163.647,0.74,32.732,1.889,5.832,32.638,34.63,22.726,25.96,199.04,81.8,18.14,3,-202.41,-205.29,-190.82,-159.08,55.01,90.16,368.73,274.99,223.54,69.09,-144.32,-179.6,Rubber,Clay Loam,0.61,0.247,1081.52,7,0.341,2.962.141,24.896
12.392,107.93,5.216,466.784,13.226,32.547,2.329,5.878,34.622,32.831,29.027,23.35,141.43,84.51,17.7,4,-162.08,-169.35,-158.73,-138.82,7,56.24,226.23,162.74,189.26,115.44,-29.2,-98.71,Rubber,Clay Loam,0.444,0.251,756.89,7,0.299,2.369.182,20.316
13.139,107.693,5.341,185.729,3.64,35.132,18.502,5.9,32.434,32.434,22.66,25.86,8.09,82.95,17.67,12,-6.57,-7.33,-7.36,-6.7,2.7,5.61,18.96,4.97,9.12,-0.51,-5.8,-7.04,Rubber,Clay Loam,0.568,0.247,41.31,7,0.458,2.384.767,24.653
13.392,107.931,5.606,204.363,1.046,34.261,1.829,5.761,35.188,30.491,23.321,24.57,141.28,83.7,18.14,4,-159.46,-169.36,-154.13,-136.02,24.8,37.8,167.03,113.53,221.94,194.62,-29.94,-110.79,Rubber,Clay Loam,0.503,0.242,759.7,9,0.292,2.686.115,23.242
13.474,108.362,5.349,180,0.94,35.877,2.262,5.93,35.66,28.463,23.537,24.57,141.28,83.7,17.25,4,-159.46,-169.36,-154.13,-136.02,24.8,37.8,167.03,113.53,221.94,194.62,-29.94,-110.79,Rubber,Clay Loam,0.503,0.241,759.7,9,0.292,2.319.728,23.4
14.399,107.792,5.107,558.944,7.706,30.432,1.81,5.8,37.492,32.076,20.776,23.36,139.49,84.71,17.66,3,-150.13,-154.94,-139.28,-111.93,18.2,34.11,207.98,194.59,162.57,151.62,-93.27,-119.51,Rubber,Clay Loam,0.439,0.233,769.06,7,0.27,2.382.456,19.727
12.56,107.993,5,519.342,1.136,34.197,2.444,5.634,34.382,31.355,31.458,23.35,141.43,84.51,17.35,4,-162.08,-169.35,-158.73,-138.82,7,56.24,226.23,162.74,189.26,115.44,-29.2,-98.71,Rubber,Clay Loam,0.444,0.255,756.89,7,0.299,2.884.405,19.974
13.231,108.323,5.999,628.997,3.131,35.199,2.58,5.8,35.8,29.001,36.495,24.7,138.1,83.27,17.25,4,-159.26,-166.84,-154.61,-137.12,20.29,47.68,185.83,130.34,211.42,150.74,-24.92,-103.53,Rubber,Clay Loam,0.521,0.259,746.28,9,0.283,2533.56,20.612
13.619,107.639,5,184.952,5.082,32.825,2.189,5.79,33.895,33.279,24.559,25.96,199.04,81.8,18.14,3,-202.41,-205.29,-190.82,-159.08,55.01,90.16,368.73,274.99,223.54,69.09,-144.32,-179.6,Rubber,Clay Loam,0.61,0.246,1081.52,7,0.341,3.068.657,24.758
14.306,107.769,5.977,599.068,3.64,28.441,25.801,5.791,38.002,33.655,32.537,23.427,3.999,85.688,17.236,12,-3.386,-4.295,-4.62,-3.21,1.396,2.599,6.778,1.947,6.478,2.781,-2.496,-3.921,Rubber,Clay Loam,0.413,0.248,21.928,7,0.308,2.621.076,19.533
12.835,108.201,5.407,876.035,3.64,33.897,29.636,5.619,35.249,30.895,31.279,22.651,4.261,86.05,17.752,12,-2.991,-4.466,-5.122,-4.693,0.364,2.302,5.497,1.127,6.963,4.468,-0.672,-2.793,Rubber,Clay Loam,0.384,0.253,20.737,9,0.336,2.993.967,16.957
13.112,108.294,5.871,856.646,3.64,32.652,28.38,5.487,35.426,31.835,38.711,24.625,5.432,84.548,16.877,12,-4.196,-5.439,-5.703,-5.346,2.729,2.41,10.53,1.93,8.891,1.618,-2.768,-4.645,Rubber,Clay Loam,0.479,0.263,28.097,7,0.375,3.280.139,19.057
14.19,108.369,6,665.047,3.64,31.621,32.059,5.622,35.822,32.557,38.106,24.004,4.544,86.727,16.436,12,-2.802,-4.517,-5.804,-5.237,-0.044,0.52,4.548,-0.738,7.984,7.267,1.742,-2.908,Rubber,Clay Loam,0.396,0.261,22.05,9,0.362,2.987.463,19.681
13.811,108.233,5.433,506.031,4.87,33.712,2.171,5.843,34.831,31.513,28.793,23.3,147.86,84.74,17.25,4,-159.46,-175.05,-157.67,-141.05,-0.75,18.07,145.89,104.16,223.27,261.45,-15.89,-102.98,Rubber,Clay Loam,0.437,0.25,752.85,10,0.347,2.628.056,20.011
13.679,108.434,5.738,979.738,3.64,36.268,33.966,5.474,32.849,30.883,38.852,23.394,4.452,86.253,16.322,12,-3.038,-4.881,-5.611,-4.976,1.375,1.814,5.748,0.659,8.251,4.861,-0.712,-3.49,Rubber,Clay Loam,0.396,0.269,22.708,9,0.363,3.308.322,17.026
12.839,108.079,5,448.243,11.711,32.115,2.178,5.412,37.911,29.974,37.495,24.7,138.1,83.27,17.08,4,-159.26,-166.84,-154.61,-137.12,20.29,47.68,185.83,130.34,211.42,150.74,-24.92,-103.53,Rubber,Clay Loam,0.521,0.255,746.28,9,0.283,3.352.744,21.786
13.53,108.094,5.596,208.596,2.132,33.094,2.063,5.879,35.208,31.638,25.583,24.57,141.28,83.7,17.61,4,-159.46,-169.36,-154.13,-136.02,24.8,37.8,167.03,113.53,221.94,194.62,-29.94,-110.79,Rubber,Clay Loam,0.503,0.245,759.7,9,0.292,2.430.294,23.214
12.11,107.907,6,736.289,3.64,33.933,35.245,5.333,33.736,32.264,37.666,22.69,5.238,85.26,16.931,12,-4.157,-5.208,-5.289,-5.133,1.717,3.125,11.451,2.626,7.302,0.414,-2.791,-4.044,Rubber,Clay Loam,0.406,0.265,26.622,7,0.43,3.614.006,17.904
12.313,107.935,5,576.288,9.04,31.234,2.92,5.4,31.569,37.131,37.961,23.35,141.43,84.51,17.607,4,-162.08,-169.35,-158.73,-138.82,7,56.24,226.23,162.74,189.26,115.44,-29.2,-98.71,Rubber,Clay Loam,0.444,0.271,756.89,7,0.299,3.378.512,19.604
13.934,108.225,5.808,634.345,7.424,31.12,1.796,5.8,34.927,33.954,24.558,23.3,147.86,84.74,17.25,4,-159.46,-175.05,-157.67,-141.05,-0.75,18.07,145.89,104.16,223.27,261.45,-15.89,-102.98,Rubber,Clay Loam,0.437,0.244,752.85,10,0.347,2.725.728,19.177
13.636,107.664,6,197,1.373,29.841,2.006,5.876,35.047,35.036,27.348,25.96,199.04,81.8,18.14,3,-202.41,-205.29,-190.82,-159.08,55.01,90.16,368.73,274.99,223.54,69.09,-144.32,-179.6,Rubber,Clay Loam,0.61,0.248,1081.52,7,0.341,2.850.554,24.68
12.181,108.059,5.202,531.82,3.64,33.933,30.172,5.6,31.782,34.365,38.001,22.293,4.889,86.302,16.64,12,-3.703,-5.021,-5.143,-5.013,2.183,2.396,10.28,2.192,7.491,0.351,-2.332,-3.661,Rubber,Clay Loam,0.369,0.27,24.873,7,0.413,3.035.158,18.836
13.859,107.622,5.436,378.129,14.52,26.974,2.707,5.756,36.915,36.167,33.304,25.25,174.14,81.48,18.14,3,-179.93,-183.32,-167.16,-135.46,50.28,69.26,300.26,253.27,195.98,90.33,-133.36,-160.15,Rubber,Loam,0.595,0.252,959.38,7,0.313,2.847.951,22.792
13.272,107.746,5,160,2.223,33.265,1.788,5.982,34.018,32.717,19.846,25.96,199.04,81.8,18.14,3,-202.41,-205.29,-190.82,-159.08,55.01,90.16,368.73,274.99,223.54,69.09,-144.32,-179.6,Rubber,Clay Loam,0.61,0.24,1081.52,7,0.341,2.581.729,24.92
13.538,107.533,5.12,180.24,3.64,32.376,23.551,5.888,34.308,33.316,28.603,26.03,6.93,82.59,17.67,12,-5.74,-6.67,-6.72,-5.6,3.27,5.56,14.57,4.05,8.95,0.25,-5.41,-6.56,Rubber,Clay Loam,0.586,0.251,36.7,7,0.398,2.410.783,24.858
13.485,108.352,5.544,180,0.817,35.583,2.415,5.891,35.582,28.835,24.007,24.57,141.28,83.7,17.25,4,-159.46,-169.36,-154.13,-136.02,24.8,37.8,167.03,113.53,221.94,194.62,-29.94,-110.79,Rubber,Clay Loam,0.503,0.242,759.7,9,0.292,2.404.279,23.4
12.633,108.398,5.994,438.046,1.056,30.999,1.961,6,38.805,30.196,17.112,23.35,141.43,84.51,17.08,4,-162.08,-169.35,-158.73,-138.82,7,56.24,226.23,162.74,189.26,115.44,-29.2,-98.71,Rubber,Clay Loam,0.444,0.225,756.89,7,0.299,2111.57,20.503
14.385,108.136,5,1.101.711,3.64,30.411,32.809,5.432,34.802,34.823,46.611,21.85,4.86,88.25,16.21,12,-2.89,-4.84,-6.32,-5.44,-0.87,0.44,3.51,0.03,8.25,9.58,1.25,-2.71,Rubber,Clay Loam,0.308,0.275,23.07,10,0.415,3.399.377,14.689
12.91,108.245,6,662.801,4.787,34.113,2.103,5.637,35.376,30.574,35.201,24.7,138.1,83.27,17.08,4,-159.26,-166.84,-154.61,-137.12,20.29,47.68,185.83,130.34,211.42,150.74,-24.92,-103.53,Rubber,Clay Loam,0.521,0.258,746.28,9,0.283,2.877.702,20.392
13.075,108.22,5.604,712.831,5.135,33.192,2.203,5.56,35.473,31.295,29.911,24.7,138.1,83.27,17.183,4,-159.26,-166.84,-154.61,-137.12,20.29,47.68,185.83,130.34,211.42,150.74,-24.92,-103.53,Rubber,Clay Loam,0.521,0.25,746.28,9,0.283,3.040.272,20.067
12.93,107.98,6,366.737,2.384,31.8,2.511,5.83,35.2,32.93,25.087,24.7,138.1,83.27,17.87,4,-159.26,-166.84,-154.61,-137.12,20.29,47.68,185.83,130.34,211.42,150.74,-24.92,-103.53,Rubber,Clay Loam,0.521,0.244,746.28,9,0.283,2.470.221,22.316
14.471,107.709,6,649.663,15.864,30.145,2.364,5.739,35.767,34.049,29.611,23.36,139.49,84.71,17.66,3,-150.13,-154.94,-139.28,-111.93,18.2,34.11,207.98,194.59,162.57,151.62,-93.27,-119.51,Rubber,Clay Loam,0.439,0.249,769.06,7,0.27,2.503.564,19.137
13.652,107.758,6,220.141,3.64,31.55,25.771,5.855,33.478,34.972,28.962,25.064,5.365,83.338,17.438,12,-4.319,-5.433,-5.633,-4.7,2.793,3.498,10.157,2.506,8.348,1.358,-3.554,-5.017,Rubber,Clay Loam,0.53,0.254,28.656,7,0.354,2.482.326,23.633
13.911,108.07,6,739.525,1.394,27.816,2.037,5.724,34.911,37.272,24.795,23.3,147.86,84.74,17.781,4,-159.46,-175.05,-157.67,-141.05,-0.75,18.07,145.89,104.16,223.27,261.45,-15.89,-102.98,Rubber,Clay Loam,0.437,0.244,752.85,10,0.347,2.898.357,18.493
13.315,107.799,5.627,564.014,3.64,29.217,31.353,5.463,36.896,33.849,38.662,24.085,5.32,83.912,17.355,12,-4.304,-5.376,-5.492,-4.57,2.48,3.894,10.646,2.932,7.651,0.636,-3.689,-4.806,Rubber,Clay Loam,0.483,0.259,28.237,7,0.377,3332.17,20.419
13.149,108.114,5,456.955,2.837,30.882,2.245,5.732,34.945,34.173,26.141,24.7,138.1,83.27,17.211,4,-159.26,-166.84,-154.61,-137.12,20.29,47.68,185.83,130.34,211.42,150.74,-24.92,-103.53,Rubber,Clay Loam,0.521,0.246,746.28,9,0.283,2.677.128,21.73
13.511,108.341,5.073,184.78,3.64,39.775,19.795,5.985,31.602,28.622,23.963,24.742,5.067,84.629,16.845,12,-3.886,-5.261,-5.701,-5.044,2.566,2.965,8.379,1.455,8.922,2.919,-2.63,-4.642,Rubber,Clay Loam,0.479,0.251,27.164,9,0.328,2200.49,23.541
14.326,108.299,5,1.337.776,3.64,33.424,37.853,5.379,33.44,33.176,52.074,22.453,4.812,87.342,16.21,12,-3.128,-4.935,-6.122,-5.269,-0.021,1.241,4.688,0.47,8.421,7.831,0.108,-3.285,Rubber,Clay Loam,0.344,0.286,22.76,9,0.37,3.514.279,13.757
12.331,107.626,5.668,811,3.64,32.335,25.099,5.4,34.965,32.7,35.308,23.78,8.07,84.94,17.53,12,-6.53,-7.12,-7.14,-6.8,1.78,5.04,19.69,5.03,8.76,-0.75,-5.38,-6.63,Rubber,Clay Loam,0.443,0.259,40.35,7,0.489,3.468.752,18.508
12.316,107.942,5,578.645,9.06,31.21,2.914,5.4,31.463,37.265,38.245,23.35,141.43,84.51,17.569,4,-162.08,-169.35,-158.73,-138.82,7,56.24,226.23,162.74,189.26,115.44,-29.2,-98.71,Rubber,Clay Loam,0.444,0.271,756.89,7,0.299,3.378.512,19.589
12.781,107.712,6,244.317,2.735,31.066,2.485,5.6,35.463,33.471,26.773,25.82,227.9,82.05,17.87,4,-222.95,-224.84,-212.6,-186.27,25.42,125.85,462.77,319.67,217.47,42.22,-150.03,-196.73,Rubber,Clay Loam,0.597,0.246,1193.42,7,0.388,3856.02,24.232
14.26,107.641,5.62,436.443,3.64,30.767,35.634,5.6,36.371,32.862,40.882,23.238,3.977,85.187,17.41,12,-2.934,-4.114,-4.82,-3.685,0.705,1.16,4.336,0.375,7.004,5.598,-0.667,-2.964,Rubber,Clay Loam,0.422,0.264,19.184,9,0.365,3.035.158,20.401
13.902,107.756,6,844.323,3.64,27.325,30.568,5.473,38.599,34.076,45.469,25.11,5.963,82.747,17.288,12,-4.95,-5.834,-5.94,-4.685,2.6,4.746,12.153,3.58,8.009,0.64,-4.629,-5.706,Rubber,Clay Loam,0.55,0.265,31.744,7,0.383,3310.49,19.622
12.071,107.704,5.481,712.771,8.37,36.771,3.207,5.348,32.202,30.975,34.026,24.04,181.62,82.12,17.87,4,-188.5,-190,-176.72,-153.36,10.7,136.2,344.01,256.97,158.52,68.86,-111.48,-155.21,Rubber,Clay Loam,0.535,0.264,975.27,7,0.353,3818.02,19.407
14.254,108.453,5.479,975.313,3.64,34.415,34.59,5.5,35.321,30.265,39.581,23.787,5.131,86.585,16.21,12,-2.912,-4.866,-6.466,-5.76,-0.714,0.757,4.569,-0.683,8.56,8.201,1.995,-2.665,Rubber,Clay Loam,0.395,0.264,24.066,9,0.355,3.251.955,17.447
14.584,107.857,5.026,621.897,3.64,34.013,19.874,5.9,32.692,33.292,24.556,21.912,4.838,88.215,17.234,12,-2.874,-4.826,-6.292,-5.428,-0.811,0.42,3.514,-0.001,8.223,9.492,1.275,-2.702,Rubber,Clay Loam,0.31,0.249,22.934,10,0.414,2.384.767,17.87
13.349,107.688,5,158.294,0.752,36.269,2.041,5.866,33.371,30.36,22.88,25.96,199.04,81.8,18.14,3,-202.41,-205.29,-190.82,-159.08,55.01,90.16,368.73,274.99,223.54,69.09,-144.32,-179.6,Rubber,Clay Loam,0.61,0.245,1081.52,7,0.341,2.875.915,24.931
13.574,108.119,5,649.844,3.64,28.996,30.342,5.686,38.022,32.981,49.393,23.968,3.999,86.432,16.872,12,-2.698,-4.292,-4.988,-4.279,1.411,0.778,4.822,0.019,6.919,4.879,0.425,-2.976,Rubber,Clay Loam,0.404,0.272,19.233,9,0.359,2.848.713,19.744
12.381,108.062,5,443.595,2.568,34.283,2.826,5.76,33.277,32.44,32.584,23.35,141.43,84.51,17.395,4,-162.08,-169.35,-158.73,-138.82,7,56.24,226.23,162.74,189.26,115.44,-29.2,-98.71,Rubber,Clay Loam,0.444,0.259,756.89,7,0.299,2.618.347,20.467
13.454,108.384,5,174.962,0.896,36.106,1.94,6,34.666,29.269,23.204,24.57,141.28,83.7,17.25,4,-159.46,-169.36,-154.13,-136.02,24.8,37.8,167.03,113.53,221.94,194.62,-29.94,-110.79,Rubber,Clay Loam,0.503,0.243,759.7,9,0.292,2167.97,23.433
14.079,107.967,5.534,623.866,2.695,29.733,1.971,5.707,35.979,34.288,27.466,23.3,147.86,84.74,17.334,4,-159.46,-175.05,-157.67,-141.05,-0.75,18.07,145.89,104.16,223.27,261.45,-15.89,-102.98,Rubber,Clay Loam,0.437,0.246,752.85,10,0.347,2.936.972,19.245
13.463,108.147,5,896.216,3.64,34.945,27.498,5.578,33.267,31.728,31.163,22.379,4.464,86.795,17.229,12,-2.957,-4.593,-5.528,-4.946,-0.054,1.671,4.824,0.755,7.399,6.2,-0.02,-2.765,Rubber,Clay Loam,0.357,0.257,20.863,9,0.355,3.082.853,16.554
13.542,108.119,5.235,348.53,5.821,34.629,2.388,5.747,35.33,30.065,25.47,24.57,141.28,83.7,17.25,4,-159.46,-169.36,-154.13,-136.02,24.8,37.8,167.03,113.53,221.94,194.62,-29.94,-110.79,Rubber,Clay Loam,0.503,0.244,759.7,9,0.292,2.716.466,22.305
14.385,107.51,6,430.431,3.64,27.449,35.16,5.6,38.594,33.957,34.796,23.258,3.872,85.625,17.25,12,-3.204,-4.13,-4.558,-3.116,1.047,2.147,5.851,1.547,6.342,3.639,-1.958,-3.575,Rubber,Clay Loam,0.41,0.25,20.541,9,0.308,3.035.158,20.46
13.534,108.337,5.718,178.409,0.53,36.062,2.275,5.856,34.413,29.526,22.551,24.57,141.28,83.7,17.25,4,-159.46,-169.36,-154.13,-136.02,24.8,37.8,167.03,113.53,221.94,194.62,-29.94,-110.79,Rubber,Clay Loam,0.503,0.242,759.7,9,0.292,2.480.158,23.41
14.027,108.191,5.044,763.133,2.65,33.935,1.806,5.891,35.867,30.198,24.925,23.3,147.86,84.74,16.658,4,-159.46,-175.05,-157.67,-141.05,-0.75,18.07,145.89,104.16,223.27,261.45,-15.89,-102.98,Rubber,Clay Loam,0.437,0.242,752.85,10,0.347,2.519.027,18.34
13.728,107.643,6,274.654,2.581,30.658,2.175,5.904,35.318,33.927,24.873,25.96,199.04,81.8,18.14,3,-202.41,-205.29,-190.82,-159.08,55.01,90.16,368.73,274.99,223.54,69.09,-144.32,-179.6,Rubber,Clay Loam,0.61,0.244,1081.52,7,0.341,2.779.544,24.175
12.647,107.871,5.196,358.063,0.897,33.585,2.432,5.8,37.102,29.313,22.233,23.35,141.43,84.51,17.87,4,-162.08,-169.35,-158.73,-138.82,7,56.24,226.23,162.74,189.26,115.44,-29.2,-98.71,Rubber,Clay Loam,0.444,0.236,756.89,7,0.299,2.533.884,21.023
13.387,108.322,5.008,359.061,3.157,37.58,2.32,5.999,35.195,27.324,28.698,24.57,141.28,83.7,17.25,4,-159.46,-169.36,-154.13,-136.02,24.8,37.8,167.03,113.53,221.94,194.62,-29.94,-110.79,Rubber,Clay Loam,0.503,0.249,759.7,9,0.292,2.170.138,22.236
12.614,107.797,6,374.173,3.194,31.729,1.927,5.8,36.524,31.747,27.217,23.73,231.98,84.06,17.87,4,-223.28,-224.48,-213.24,-190.37,2.58,142.09,478.49,339.12,196.45,35.26,-147.65,-194.95,Rubber,Clay Loam,0.468,0.244,1193.97,7,0.401,3.281.364,21.298
12.957,107.646,6,190.898,0.596,38.055,1.991,5.82,31.953,29.902,21.594,25.82,227.9,82.05,17.898,4,-222.95,-224.84,-212.6,-186.27,25.42,125.85,462.77,319.67,217.47,42.22,-150.03,-196.73,Rubber,Clay Loam,0.597,0.247,1193.42,7,0.388,3.250.074,24.579
13.613,108.053,5,333.078,3.64,32.361,23.629,5.924,36.66,30.955,26.973,24.806,5.093,84.208,16.997,12,-3.974,-5.267,-5.652,-4.842,2.564,3.232,8.637,1.761,8.669,2.577,-2.921,-4.751,Rubber,Clay Loam,0.495,0.243,27.407,9,0.316,2.332.736,22.641
14.171,107.871,5.927,571.24,3.435,28.958,1.778,5.607,39.262,31.78,24.406,23.3,147.86,84.74,17.63,4,-159.46,-175.05,-157.67,-141.05,-0.75,18.07,145.89,104.16,223.27,261.45,-15.89,-102.98,Rubber,Clay Loam,0.437,0.234,752.85,10,0.347,3.164.116,19.587
12.627,108.046,5,519,0.816,34.204,2.395,5.6,33.692,32.011,32.949,23.35,141.43,84.51,17.128,4,-162.08,-169.35,-158.73,-138.82,7,56.24,226.23,162.74,189.26,115.44,-29.2,-98.71,Rubber,Clay Loam,0.444,0.259,756.89,7,0.299,2.956.198,19.976
12.604,108.124,5.066,505.459,1.612,28.761,2.167,5.787,37.215,34.025,31.561,23.35,141.43,84.51,17.132,4,-162.08,-169.35,-158.73,-138.82,7,56.24,226.23,162.74,189.26,115.44,-29.2,-98.71,Rubber,Clay Loam,0.444,0.249,756.89,7,0.299,2.561.334,20.065
14.614,107.698,6,687.913,11.798,30.084,2.336,5.635,34.084,35.868,25.885,23.36,139.49,84.71,17.66,3,-150.13,-154.94,-139.28,-111.93,18.2,34.11,207.98,194.59,162.57,151.62,-93.27,-119.51,Rubber,Clay Loam,0.439,0.248,769.06,7,0.27,2.710.044,18.889
12.494,108.195,5.899,423.609,0.719,31.581,2.11,5.97,36.445,31.974,26.906,23.35,141.43,84.51,17.16,4,-162.08,-169.35,-158.73,-138.82,7,56.24,226.23,162.74,189.26,115.44,-29.2,-98.71,Rubber,Clay Loam,0.444,0.244,756.89,7,0.299,2.174.917,20.597
13.341,107.667,5.486,152.028,1.86,35.311,2.189,5.951,32.417,32.22,25.486,25.96,199.04,81.8,18.14,3,-202.41,-205.29,-190.82,-159.08,55.01,90.16,368.73,274.99,223.54,69.09,-144.32,-179.6,Rubber,Clay Loam,0.61,0.251,1081.52,7,0.341,2.660.348,24.972
13.835,107.74,6,345.324,2.752,30.843,1.947,5.9,35.905,33.226,25.508,25.25,174.14,81.48,18.14,3,-179.93,-183.32,-167.16,-135.46,50.28,69.26,300.26,253.27,195.98,90.33,-133.36,-160.15,Rubber,Clay Loam,0.595,0.243,959.38,7,0.313,2.518.285,23.005
13.812,107.909,5.285,572.424,4.795,28.27,1.969,5.728,37.285,34.516,25.97,23.3,147.86,84.74,18.14,4,-159.46,-175.05,-157.67,-141.05,-0.75,18.07,145.89,104.16,223.27,261.45,-15.89,-102.98,Rubber,Clay Loam,0.437,0.241,752.85,10,0.347,2.889.272,19.579
13.279,108.212,5,634.771,3.64,31.363,17.535,5.739,36.054,32.553,22.62,24.326,4.948,84.942,16.508,12,-3.739,-5.156,-5.591,-5.093,2.378,2.155,8.343,1.369,8.839,2.953,-2.15,-4.292,Rubber,Clay Loam,0.458,0.239,26.021,9,0.339,2733.81,20.2
12.514,108.003,5,413.424,1.611,32.785,2.013,5.761,36.923,30.373,26.203,23.35,141.43,84.51,17.08,4,-162.08,-169.35,-158.73,-138.82,7,56.24,226.23,162.74,189.26,115.44,-29.2,-98.71,Rubber,Clay Loam,0.444,0.242,756.89,7,0.299,2.616.235,20.663
13.534,108.144,5.461,351.304,4.645,35.375,2.45,5.838,34.602,30.023,26.075,24.57,141.28,83.7,17.25,4,-159.46,-169.36,-154.13,-136.02,24.8,37.8,167.03,113.53,221.94,194.62,-29.94,-110.79,Rubber,Clay Loam,0.503,0.247,759.7,9,0.292,2.519.181,22.287
13.4,107.763,5,186.066,2.137,35.025,2.17,5.669,34.007,31.038,26.529,25.96,199.04,81.8,18.14,3,-202.41,-205.29,-190.82,-159.08,55.01,90.16,368.73,274.99,223.54,69.09,-144.32,-179.6,Rubber,Clay Loam,0.61,0.249,1081.52,7,0.341,3.375.522,24.751
12.683,108.006,5,403.883,3.722,31.773,2.278,5.639,35.888,32.3,26.218,23.35,141.43,84.51,17.08,4,-162.08,-169.35,-158.73,-138.82,7,56.24,226.23,162.74,189.26,115.44,-29.2,-98.71,Rubber,Clay Loam,0.444,0.244,756.89,7,0.299,2.873.847,20.725
12.819,108.26,5,633.852,3.64,32.028,21.102,5.728,37.231,30.669,25.585,24.75,5.04,84.49,16.64,12,-3.85,-5.19,-5.49,-5.13,2.87,2.02,9.17,1.47,8.91,1.97,-2.38,-4.35,Rubber,Clay Loam,0.484,0.24,26.39,7,0.347,2.757.658,20.63
13.675,107.537,5,179.637,3.64,30.509,24.91,5.8,35.918,33.573,30.263,26.03,6.93,82.59,17.67,12,-5.74,-6.67,-6.72,-5.6,3.27,5.56,14.57,4.05,8.95,0.25,-5.41,-6.56,Rubber,Clay Loam,0.586,0.25,36.7,7,0.398,2.601.564,24.862
13.383,107.939,6,252.586,4.858,34.141,2.318,5.7,36.738,29.18,27.573,24.57,141.28,83.7,18.14,4,-159.46,-169.36,-154.13,-136.02,24.8,37.8,167.03,113.53,221.94,194.62,-29.94,-110.79,Rubber,Clay Loam,0.503,0.244,759.7,9,0.292,2.818.361,22.928
14.025,107.941,5.878,667.463,0.829,29.453,2.075,5.624,36.668,33.89,28.998,23.3,147.86,84.74,17.61,4,-159.46,-175.05,-157.67,-141.05,-0.75,18.07,145.89,104.16,223.27,261.45,-15.89,-102.98,Rubber,Clay Loam,0.437,0.246,752.85,10,0.347,3.125.501,18.961
12.833,108.182,6,634.906,4.03,37.137,2.418,5.6,34.354,28.528,32.93,24.7,138.1,83.27,17.111,4,-159.26,-166.84,-154.61,-137.12,20.29,47.68,185.83,130.34,211.42,150.74,-24.92,-103.53,Rubber,Clay Loam,0.521,0.257,746.28,9,0.283,2955.82,20.573
13.5,107.898,5,381.681,3.64,28.603,22.86,5.668,37.467,33.93,29.15,24.675,4.958,84.694,17.386,12,-3.775,-5.163,-5.579,-5.041,2.625,2.524,8.298,1.32,8.917,2.76,-2.4,-4.445,Rubber,Clay Loam,0.476,0.245,26.403,9,0.337,2.887.736,22.194
12.778,107.681,6,242.907,3.316,30.417,2.488,5.6,36.338,33.245,27.337,25.82,227.9,82.05,17.87,4,-222.95,-224.84,-212.6,-186.27,25.42,125.85,462.77,319.67,217.47,42.22,-150.03,-196.73,Rubber,Clay Loam,0.597,0.245,1193.42,7,0.388,3856.02,24.241
12.035,107.908,5.475,786.475,3.64,34.152,33.832,5.39,32.32,33.575,34.651,22.01,4.8,86.45,17.619,12,-3.64,-4.95,-5.06,-4.94,2.06,2.54,10.12,2.23,7.25,0.26,-2.31,-3.54,Rubber,Clay Loam,0.358,0.264,24.44,7,0.414,3.490.432,16.898
13.127,108.282,5.709,684,3.406,30.729,2.37,5.9,37.196,32.004,30.974,24.7,138.1,83.27,17.201,4,-159.26,-166.84,-154.61,-137.12,20.29,47.68,185.83,130.34,211.42,150.74,-24.92,-103.53,Rubber,Clay Loam,0.521,0.248,746.28,9,0.283,2322.43,20.254
12.179,108.093,5.893,578.786,3.64,34.886,32.297,5.589,33.207,31.908,35.205,22.01,4.8,86.45,16.64,12,-3.64,-4.95,-5.06,-4.94,2.06,2.54,10.12,2.23,7.25,0.26,-2.31,-3.54,Rubber,Clay Loam,0.358,0.263,24.44,7,0.414,3.059.006,18.248
12.832,108.093,6,948.519,3.64,35.524,43.912,5.457,36.482,27.994,57.379,24.89,4.832,84.499,17.055,12,-3.288,-4.545,-5.591,-5.196,-0.889,2.083,6.021,0.006,6.935,6.134,0.962,-2.635,Rubber,Clay Loam,0.488,0.286,22.144,9,0.313,3.345.178,18.725
12.762,108.364,5,469.335,0,30.408,2.373,5.874,40.825,28.766,27.078,24.7,138.1,83.27,17.08,4,-159.26,-166.84,-154.61,-137.12,20.29,47.68,185.83,130.34,211.42,150.74,-24.92,-103.53,Rubber,Clay Loam,0.521,0.234,746.28,9,0.283,2.377.324,21.649
12.408,107.874,5,519.963,2.272,34.011,2.525,5.696,35.437,30.548,28.478,23.35,141.43,84.51,17.841,4,-162.08,-169.35,-158.73,-138.82,7,56.24,226.23,162.74,189.26,115.44,-29.2,-98.71,Rubber,Clay Loam,0.444,0.248,756.89,7,0.299,2.753.487,19.97
12.931,108.111,5.516,531.22,1.527,32.718,2.618,5.752,35.203,32.079,28.882,24.7,138.1,83.27,17.168,4,-159.26,-166.84,-154.61,-137.12,20.29,47.68,185.83,130.34,211.42,150.74,-24.92,-103.53,Rubber,Clay Loam,0.521,0.249,746.28,9,0.283,2.634.902,21.247
13.597,108.241,6,352.642,3.483,37.081,2.493,5.981,33.316,29.622,27.897,24.57,141.28,83.7,17.25,4,-159.46,-169.36,-154.13,-136.02,24.8,37.8,167.03,113.53,221.94,194.62,-29.94,-110.79,Rubber,Clay Loam,0.503,0.252,759.7,9,0.292,2.209.161,22.278
13.841,108.243,5.45,661.852,4.528,30.085,2.159,5.855,36.786,33.075,25.415,23.3,147.86,84.74,17.25,4,-159.46,-175.05,-157.67,-141.05,-0.75,18.07,145.89,104.16,223.27,261.45,-15.89,-102.98,Rubber,Clay Loam,0.437,0.241,752.85,10,0.347,2.600.799,18.998
12.989,107.76,5.957,267.522,14.615,34.718,2.739,5.504,34.352,30.93,31.183,25.82,227.9,82.05,17.87,4,-222.95,-224.84,-212.6,-186.27,25.42,125.85,462.77,319.67,217.47,42.22,-150.03,-196.73,Rubber,Clay Loam,0.597,0.255,1193.42,7,0.388,4.120.433,24.081
13.646,108.196,5,384.899,4.059,35.9,2.345,5.863,33.563,30.601,27.515,24.57,141.28,83.7,17.25,4,-159.46,-169.36,-154.13,-136.02,24.8,37.8,167.03,113.53,221.94,194.62,-29.94,-110.79,Rubber,Clay Loam,0.503,0.251,759.7,9,0.292,2.464.982,22.068
13.821,108.308,6,798.465,3.64,33.615,28.369,5.495,34.003,32.383,35.346,23.414,4.705,86.006,16.78,12,-3.431,-5.042,-5.791,-5.008,1.278,2.324,6.343,1.028,8.608,5.217,-1.443,-4.074,Rubber,Clay Loam,0.403,0.261,24.789,9,0.347,3.262.795,18.224
14.461,107.777,5,583.877,5.004,27.994,2.233,5.74,36.698,35.308,23.148,23.36,139.49,84.71,17.66,3,-150.13,-154.94,-139.28,-111.93,18.2,34.11,207.98,194.59,162.57,151.62,-93.27,-119.51,Rubber,Clay Loam,0.439,0.238,769.06,7,0.27,2.501.579,19.565
12.347,108.069,6,548.085,7.827,31.222,2.891,5.554,32.273,36.504,36.089,23.35,141.43,84.51,17.08,4,-162.08,-169.35,-158.73,-138.82,7,56.24,226.23,162.74,189.26,115.44,-29.2,-98.71,Rubber,Clay Loam,0.444,0.266,756.89,7,0.299,3053.33,19.787
14.384,108.064,6,641.811,3.64,32.149,22.518,5.712,34.077,33.774,26.637,22.026,4.846,87.985,16.276,12,-2.959,-4.868,-6.262,-5.39,-0.622,0.674,3.854,0.159,8.3,9.069,0.917,-2.878,Rubber,Clay Loam,0.318,0.249,22.979,10,0.395,2.792.345,17.854
14.346,107.764,5.772,644.088,15.1,29.798,2.378,5.7,36.677,33.547,29.254,23.36,139.49,84.71,17.66,3,-150.13,-154.94,-139.28,-111.93,18.2,34.11,207.98,194.59,162.57,151.62,-93.27,-119.51,Rubber,Clay Loam,0.439,0.247,769.06,7,0.27,2.580.994,19.173
13.854,107.628,5,391.092,1.956,27.67,2.702,5.7,38.221,34.109,31.834,25.25,174.14,81.48,18.14,3,-179.93,-183.32,-167.16,-135.46,50.28,69.26,300.26,253.27,195.98,90.33,-133.36,-160.15,Rubber,Clay Loam,0.595,0.247,959.38,7,0.313,2.976.155,22.708
14.58,107.774,5,626.828,5.171,30.066,2.777,5.7,34.284,35.65,29.438,23.36,139.49,84.71,17.66,3,-150.13,-154.94,-139.28,-111.93,18.2,34.11,207.98,194.59,162.57,151.62,-93.27,-119.51,Rubber,Clay Loam,0.439,0.252,769.06,7,0.27,2.580.994,19.286
12.703,108.24,5.411,555.424,3.081,32.066,2.208,5.641,37.57,30.423,32.09,23.35,141.43,84.51,17.08,4,-162.08,-169.35,-158.73,-138.82,7,56.24,226.23,162.74,189.26,115.44,-29.2,-98.71,Rubber,Clay Loam,0.444,0.249,756.89,7,0.299,2.869.624,19.74
12.453,107.783,6,743.082,3.64,34.048,28.43,5.496,33.8,32.152,29.655,23.975,5.916,83.314,17.319,12,-4.943,-5.634,-5.77,-5.447,1.052,4.031,12.955,3.072,7.613,1.441,-3.436,-4.933,Rubber,Clay Loam,0.497,0.254,30.163,7,0.429,3.260.627,19.145
12.52,107.83,5.1,394.1,3.64,33.24,22.34,5.69,36.52,30.25,29.13,23.447,5.523,85.642,17.53,12,-4.208,-5.482,-5.637,-5.45,2.581,2.151,11.788,2.339,8.472,0.564,-2.716,-4.389,Rubber,Clay Loam,0.414,0.247,27.882,7,0.423,2.840.041,20.885
12.325,108.09,5,530.353,3.64,33.222,26.343,5.635,33.438,33.405,34.474,22.505,4.956,86.192,16.64,12,-3.75,-5.074,-5.205,-5.067,2.276,2.289,10.399,2.163,7.671,0.419,-2.349,-3.752,Rubber,Clay Loam,0.376,0.261,25.197,7,0.412,2.959.279,19.058
12.495,108.051,5.237,418.316,0.69,32.532,1.997,5.753,36.911,30.634,26.661,23.35,141.43,84.51,17.08,4,-162.08,-169.35,-158.73,-138.82,7,56.24,226.23,162.74,189.26,115.44,-29.2,-98.71,Rubber,Clay Loam,0.444,0.242,756.89,7,0.299,2.633.128,20.631
12.761,108.364,5,468.853,0,30.219,2.383,5.878,40.966,28.815,27.342,24.7,138.1,83.27,17.08,4,-159.26,-166.84,-154.61,-137.12,20.29,47.68,185.83,130.34,211.42,150.74,-24.92,-103.53,Rubber,Clay Loam,0.521,0.234,746.28,9,0.283,2.368.879,21.652
13.107,108.216,6,675.298,6.434,32.731,2.627,5.755,37.327,29.914,31.167,24.7,138.1,83.27,17.25,4,-159.26,-166.84,-154.61,-137.12,20.29,47.68,185.83,130.34,211.42,150.74,-24.92,-103.53,Rubber,Clay Loam,0.521,0.248,746.28,9,0.283,2.628.569,20.311
13.355,107.957,5.823,198.532,0.709,31.843,2.192,5.853,34.171,33.986,25.005,24.57,141.28,83.7,17.982,4,-159.46,-169.36,-154.13,-136.02,24.8,37.8,167.03,113.53,221.94,194.62,-29.94,-110.79,Rubber,Clay Loam,0.503,0.246,759.7,9,0.292,2.486.662,23.28
13.083,107.74,6,194.271,1.16,36.346,2.135,5.858,31.688,31.908,23.931,25.82,227.9,82.05,18.14,4,-222.95,-224.84,-212.6,-186.27,25.42,125.85,462.77,319.67,217.47,42.22,-150.03,-196.73,Rubber,Clay Loam,0.597,0.251,1193.42,7,0.388,3.145.411,24.557
14.833,107.8,5.332,883.005,3.64,33.199,33.069,5.5,34.701,32.133,37.633,22.204,3.885,86.368,16.904,12,-2.59,-3.932,-4.992,-3.731,-0.556,0.266,2.609,-0.097,6.635,7.931,0.683,-2.256,Rubber,Clay Loam,0.365,0.263,18.154,10,0.438,3.251.955,16.464
12.171,108.461,5,1650.84,3.64,36.866,51.623,5.29,30.824,32.31,67.323,22.978,3.534,87.68,16.64,12,-1.623,-4.443,-4.879,-4.804,1.752,1.418,4.639,0.34,6.599,1.969,0.53,-1.487,Rubber,Clay Loam,0.346,0.313,17.236,9,0.383,3.707.229,12.248
13.236,107.927,5,334.495,3.64,33.474,23.985,5.75,34.821,31.705,27.916,24.317,6.105,84.846,17.062,12,-4.789,-5.891,-6.192,-5.677,2.235,3.618,12.328,2.672,8.86,1.671,-3.527,-5.295,Rubber,Clay Loam,0.461,0.249,31.371,7,0.393,2.709.962,22.143
12.828,108.251,5.452,634.355,2.997,32.919,1.861,5.71,35.929,31.151,25.573,24.7,138.1,83.27,17.08,4,-159.26,-166.84,-154.61,-137.12,20.29,47.68,185.83,130.34,211.42,150.74,-24.92,-103.53,Rubber,Clay Loam,0.521,0.243,746.28,9,0.283,2.723.577,20.577
14.019,108.176,6,738.827,0.99,29.457,2.061,5.759,33.899,36.644,24.935,23.3,147.86,84.74,17.254,4,-159.46,-175.05,-157.67,-141.05,-0.75,18.07,145.89,104.16,223.27,261.45,-15.89,-102.98,Rubber,Clay Loam,0.437,0.247,752.85,10,0.347,2.818.857,18.498
12.415,107.87,6,481.328,8.573,33.982,2.479,5.666,34.428,31.59,29.094,23.35,141.43,84.51,17.87,4,-162.08,-169.35,-158.73,-138.82,7,56.24,226.23,162.74,189.26,115.44,-29.2,-98.71,Rubber,Clay Loam,0.444,0.252,756.89,7,0.299,2.816.834,20.221
12.523,108.017,6,444.789,3.43,32.758,1.845,5.7,35.505,31.663,28.416,23.35,141.43,84.51,17.288,4,-162.08,-169.35,-158.73,-138.82,7,56.24,226.23,162.74,189.26,115.44,-29.2,-98.71,Rubber,Clay Loam,0.444,0.248,756.89,7,0.299,2.745.041,20.459
12.94,108.45,6,1001.04,3.64,34.38,30.612,5.686,33.769,31.923,36.204,24.132,3.988,86.576,17.059,12,-2.387,-4.288,-5.094,-4.853,1.4,0.198,4.108,-0.743,7.046,5.421,1.642,-2.453,Rubber,Clay Loam,0.404,0.263,19.818,9,0.356,2.848.713,17.625
12.933,108.252,6,910.35,3.64,33.968,22.697,5.592,33.355,32.62,33.427,24.607,5.278,84.126,16.943,12,-4.147,-5.309,-5.549,-5.217,2.467,2.521,10.258,1.897,8.585,1.701,-2.683,-4.508,Rubber,Clay Loam,0.491,0.26,27.413,7,0.374,3.052.502,18.69
13.949,108.085,5,702.766,0.614,30.779,2.231,5.8,35.535,33.686,23.399,23.3,147.86,84.74,17.335,4,-159.46,-175.05,-157.67,-141.05,-0.75,18.07,145.89,104.16,223.27,261.45,-15.89,-102.98,Rubber,Clay Loam,0.437,0.241,752.85,10,0.347,2.725.728,18.732
13.025,107.997,5.024,236.976,5.773,32.216,2.046,5.8,34.821,32.963,23.047,24.7,138.1,83.27,18.14,4,-159.26,-166.84,-154.61,-137.12,20.29,47.68,185.83,130.34,211.42,150.74,-24.92,-103.53,Rubber,Clay Loam,0.521,0.242,746.28,9,0.283,2533.56,23.16
14.016,108.188,6,570.704,3.64,31.936,23.764,5.7,33.51,34.554,27.002,22.826,4.783,86.78,16.948,12,-3.275,-4.994,-5.999,-5.164,0.504,1.737,5.417,0.743,8.526,6.749,-0.599,-3.641,Rubber,Clay Loam,0.368,0.251,23.672,9,0.36,2.818.361,19.116
13.643,107.732,6,278.396,7.799,28.4,2.601,5.904,37.714,33.946,25.64,25.96,199.04,81.8,18.14,3,-202.41,-205.29,-190.82,-159.08,55.01,90.16,368.73,274.99,223.54,69.09,-144.32,-179.6,Rubber,Clay Loam,0.61,0.239,1081.52,7,0.341,2.779.544,24.15
13.766,108.236,5.547,492.321,1.879,34.665,2.438,5.764,34.388,30.947,29.292,23.3,147.86,84.74,17.25,4,-159.46,-175.05,-157.67,-141.05,-0.75,18.07,145.89,104.16,223.27,261.45,-15.89,-102.98,Rubber,Clay Loam,0.437,0.252,752.85,10,0.347,2807.5,20.1
14.404,107.672,6,409.479,3.64,29.029,32.701,5.623,34.894,36.023,34.685,23.891,4.363,84.912,17.347,12,-3.686,-4.593,-4.874,-3.444,1.693,3.087,7.688,2.267,6.792,2.381,-2.966,-4.308,Rubber,Clay Loam,0.447,0.258,23.871,7,0.322,2.985.295,21.229
13.463,108.088,5.391,222.564,3.149,36.314,2.434,5.922,35.765,27.921,27.907,24.57,141.28,83.7,17.598,4,-159.46,-169.36,-154.13,-136.02,24.8,37.8,167.03,113.53,221.94,194.62,-29.94,-110.79,Rubber,Clay Loam,0.503,0.247,759.7,9,0.292,2.337.072,23.123
12.706,108.121,5.406,551.783,1.174,32.038,2.132,5.459,32.722,35.241,33.2,23.35,141.43,84.51,17.08,4,-162.08,-169.35,-158.73,-138.82,7,56.24,226.23,162.74,189.26,115.44,-29.2,-98.71,Rubber,Clay Loam,0.444,0.261,756.89,7,0.299,3.253.929,19.763
13.846,107.719,5.497,409.039,9.948,26.894,2.33,5.75,36.649,36.507,29,25.25,174.14,81.48,18.14,3,-179.93,-183.32,-167.16,-135.46,50.28,69.26,300.26,253.27,195.98,90.33,-133.36,-160.15,Rubber,Loam,0.595,0.246,959.38,7,0.313,2.861.688,22.591
12.483,108.066,5,463.061,0.759,33.245,2.004,5.605,35.264,31.393,30.34,23.35,141.43,84.51,17.08,4,-162.08,-169.35,-158.73,-138.82,7,56.24,226.23,162.74,189.26,115.44,-29.2,-98.71,Rubber,Clay Loam,0.444,0.251,756.89,7,0.299,2945.64,20.34
13.602,108.303,5.864,575.409,3.64,32.214,24.373,5.686,32.373,35.413,29.746,23.375,4.808,85.927,16.761,12,-3.553,-5.11,-5.772,-5.05,1.461,2.374,7.084,1.263,8.647,4.561,-1.738,-4.157,Rubber,Clay Loam,0.404,0.257,25.38,9,0.341,2.848.713,19.635
13.839,108.24,5.305,662.866,4.622,29.896,2.169,5.87,37.177,32.857,25.313,23.3,147.86,84.74,17.25,4,-159.46,-175.05,-157.67,-141.05,-0.75,18.07,145.89,104.16,223.27,261.45,-15.89,-102.98,Rubber,Clay Loam,0.437,0.24,752.85,10,0.347,2.566.727,18.991
13.893,107.867,5.596,584.895,7.04,29.362,2.075,5.76,37.217,33.421,26.657,23.3,147.86,84.74,18.14,4,-159.46,-175.05,-157.67,-141.05,-0.75,18.07,145.89,104.16,223.27,261.45,-15.89,-102.98,Rubber,Clay Loam,0.437,0.242,752.85,10,0.347,2.816.586,19.498
12.832,108.244,5.572,637.285,6.066,33.599,2.16,5.643,36.572,29.829,31.257,24.7,138.1,83.27,17.08,4,-159.26,-166.84,-154.61,-137.12,20.29,47.68,185.83,130.34,211.42,150.74,-24.92,-103.53,Rubber,Clay Loam,0.521,0.25,746.28,9,0.283,2.865.034,20.558
13.996,108.006,6,756.671,2.223,27.607,1.985,5.772,35.65,36.744,26.021,23.3,147.86,84.74,16.805,4,-159.46,-175.05,-157.67,-141.05,-0.75,18.07,145.89,104.16,223.27,261.45,-15.89,-102.98,Rubber,Clay Loam,0.437,0.244,752.85,10,0.347,2.789.328,18.382
13.831,107.952,5.308,545.385,13.063,28.937,2.291,5.831,35.385,35.678,27.985,23.3,147.86,84.74,17.866,4,-159.46,-175.05,-157.67,-141.05,-0.75,18.07,145.89,104.16,223.27,261.45,-15.89,-102.98,Rubber,Clay Loam,0.437,0.248,752.85,10,0.347,2.655.313,19.755
13.168,107.785,5.009,174.017,3.64,34.834,20.299,5.899,31.69,33.475,22.224,25.861,8.08,82.947,17.67,12,-6.563,-7.324,-7.354,-6.69,2.705,5.61,18.922,4.962,9.119,-0.503,-5.797,-7.036,Rubber,Clay Loam,0.569,0.248,41.267,7,0.458,2.386.935,24.73
12.478,107.716,5.872,740.486,3.64,34.013,30.002,5.439,33.631,32.356,30.664,24.009,5.863,83.177,17.494,12,-4.984,-5.553,-5.612,-5.227,1.058,4.108,13.228,3.247,7.288,1.001,-3.616,-4.932,Rubber,Clay Loam,0.502,0.256,29.924,7,0.442,3.384.201,19.196
12.833,107.883,5.896,232.208,3.64,29.608,21.794,5.921,37.942,32.361,24.148,24.739,5.028,84.521,17.452,12,-3.839,-5.186,-5.504,-5.116,2.833,2.097,9.037,1.447,8.911,2.091,-2.383,-4.365,Rubber,Clay Loam,0.483,0.237,26.393,7,0.342,2339.24,23.23
13.509,108.382,5,178.141,0.53,35.338,2.413,6,34.259,30.431,23.755,24.57,141.28,83.7,17.25,4,-159.46,-169.36,-154.13,-136.02,24.8,37.8,167.03,113.53,221.94,194.62,-29.94,-110.79,Rubber,Clay Loam,0.503,0.244,759.7,9,0.292,2167.97,23.412
13.426,108.024,5.422,264.638,3.64,33.728,24.057,5.769,36.846,29.484,28.717,24.64,4.92,84.79,17.295,12,-3.74,-5.15,-5.62,-5,2.51,2.76,7.89,1.25,8.92,3.13,-2.41,-4.49,Rubber,Clay Loam,0.472,0.245,26.41,9,0.337,2.668.771,22.92
12.83,108.173,5,1.834.053,3.64,34.923,51.151,5.227,30.301,34.849,67.591,21.985,5.307,87.004,16.807,12,-3.292,-4.917,-5.723,-5.406,0.544,1.208,7.217,0.928,7.362,4.808,-0.048,-2.674,Rubber,Clay Loam,0.343,0.315,22.06,9,0.334,3.843.811,10.064
13.571,108.056,5,350.715,3.695,32.445,2.108,5.816,35.66,31.903,25.754,24.57,141.28,83.7,17.25,4,-159.46,-169.36,-154.13,-136.02,24.8,37.8,167.03,113.53,221.94,194.62,-29.94,-110.79,Rubber,Clay Loam,0.503,0.244,759.7,9,0.292,2.566.876,22.29
12.28,107.773,6,648.4,3.64,34.749,32.979,5.283,34.088,31.163,41.868,23.807,7.905,84.758,17.545,12,-6.418,-7.002,-7.022,-6.691,1.714,4.979,19.219,4.894,8.644,-0.623,-5.243,-6.497,Rubber,Clay Loam,0.45,0.27,39.496,7,0.487,3.722.404,19.592
14.76,107.982,5.894,831.952,3.64,31.394,33.235,5.421,33.769,34.837,35.268,21.913,6.461,88.447,17.25,12,-2.425,-4.831,-7.357,-6.513,-3.195,-2.028,-0.049,-2.25,7.722,16.081,5.444,-0.627,Rubber,Clay Loam,0.304,0.262,29.275,10,0.55,3.423.225,16.505
12.65,108.023,5,395.767,1.228,32.281,2.435,5.781,34.349,33.431,25.56,23.35,141.43,84.51,17.08,4,-162.08,-169.35,-158.73,-138.82,7,56.24,226.23,162.74,189.26,115.44,-29.2,-98.71,Rubber,Clay Loam,0.444,0.247,756.89,7,0.299,2.574.004,20.778
14.401,107.789,5.323,566.965,7.107,30.497,1.829,5.8,37.882,31.621,21.946,23.36,139.49,84.71,17.66,3,-150.13,-154.94,-139.28,-111.93,18.2,34.11,207.98,194.59,162.57,151.62,-93.27,-119.51,Rubber,Clay Loam,0.439,0.234,769.06,7,0.27,2.382.456,19.675
14.015,107.971,5.773,668.72,1.104,29.757,2.13,5.645,36.469,33.796,29.081,23.3,147.86,84.74,17.567,4,-159.46,-175.05,-157.67,-141.05,-0.75,18.07,145.89,104.16,223.27,261.45,-15.89,-102.98,Rubber,Clay Loam,0.437,0.247,752.85,10,0.347,3.077.801,18.953
13.449,107.718,5.645,180.935,3.64,34.435,20.645,5.835,32.616,32.948,23.074,26.03,6.93,82.59,17.67,12,-5.74,-6.67,-6.72,-5.6,3.27,5.56,14.57,4.05,8.95,0.25,-5.41,-6.56,Rubber,Clay Loam,0.586,0.247,36.7,7,0.398,2.525.685,24.854
12.204,108.323,5.931,932.82,3.64,33.885,39.45,5.393,33.46,32.656,50.885,22.01,4.8,86.45,16.714,12,-3.64,-4.95,-5.06,-4.94,2.06,2.54,10.12,2.23,7.25,0.26,-2.31,-3.54,Rubber,Clay Loam,0.358,0.284,24.44,7,0.414,3.483.928,15.947
13.418,107.896,6,220.848,2.146,36.698,2.129,5.8,34.829,28.525,22.31,24.57,141.28,83.7,18.14,4,-159.46,-169.36,-154.13,-136.02,24.8,37.8,167.03,113.53,221.94,194.62,-29.94,-110.79,Rubber,Clay Loam,0.503,0.241,759.7,9,0.292,2.601.564,23.134
14.269,107.623,6,278.459,3.64,28.567,34.089,5.627,35.959,35.474,35.108,23.54,4.044,85.611,17.218,12,-3.404,-4.339,-4.678,-3.294,1.456,2.611,6.78,1.893,6.626,2.86,-2.494,-3.968,Rubber,Clay Loam,0.418,0.256,22.177,7,0.305,2.976.623,21.73
12.371,107.946,5,916.8,3.64,30.002,35.481,5.32,36.319,33.68,42.817,22.671,4.966,85.641,17.61,12,-3.852,-5.086,-5.198,-4.822,2.194,2.971,10.288,2.454,7.378,0.38,-2.749,-3.943,Rubber,Clay Loam,0.395,0.266,25.65,7,0.401,3642.19,16.712
13.343,107.706,5.766,167.663,0.515,37.447,2.071,5.9,32.051,30.503,22.607,25.96,199.04,81.8,18.14,3,-202.41,-205.29,-190.82,-159.08,55.01,90.16,368.73,274.99,223.54,69.09,-144.32,-179.6,Rubber,Clay Loam,0.61,0.248,1081.52,7,0.341,2.789.688,24.87
13.416,107.9,6,220.68,2.097,36.75,2.133,5.8,34.806,28.498,22.266,24.57,141.28,83.7,18.14,4,-159.46,-169.36,-154.13,-136.02,24.8,37.8,167.03,113.53,221.94,194.62,-29.94,-110.79,Rubber,Clay Loam,0.503,0.241,759.7,9,0.292,2.601.564,23.136
12.546,108.193,5,440.161,1.601,32.812,2.352,5.8,37.556,29.72,26.588,23.35,141.43,84.51,17.08,4,-162.08,-169.35,-158.73,-138.82,7,56.24,226.23,162.74,189.26,115.44,-29.2,-98.71,Rubber,Clay Loam,0.444,0.241,756.89,7,0.299,2.533.884,20.489
13.467,107.992,6,254.604,4.199,34.265,2.07,5.83,36.784,28.951,25.294,24.57,141.28,83.7,17.561,4,-159.46,-169.36,-154.13,-136.02,24.8,37.8,167.03,113.53,221.94,194.62,-29.94,-110.79,Rubber,Clay Loam,0.503,0.241,759.7,9,0.292,2.536.525,22.915
13.436,108.192,6,645.665,3.64,30.907,24.824,5.66,34.927,34.166,30.846,24.015,4.88,85.273,16.715,12,-3.658,-5.131,-5.666,-5.066,2.017,2.255,7.736,1.294,8.787,3.675,-1.98,-4.249,Rubber,Clay Loam,0.44,0.253,25.75,9,0.341,2905.08,19.818
13.849,107.74,6,343.567,2.7,30.776,1.938,5.9,35.959,33.232,25.589,25.25,174.14,81.48,18.14,3,-179.93,-183.32,-167.16,-135.46,50.28,69.26,300.26,253.27,195.98,90.33,-133.36,-160.15,Rubber,Clay Loam,0.595,0.243,959.38,7,0.313,2.518.285,23.017
14.623,108.206,6,375.667,3.64,30.802,42.805,5.6,34.799,34.399,58.808,24.721,6.928,86.064,16.556,12,-2.48,-4.987,-8.032,-7.165,-3.409,-1.075,2.365,-2.949,7.854,13.632,6.691,-0.435,Rubber,Clay Loam,0.434,0.292,30.532,10,0.446,3.035.158,22.279
13.225,107.737,5,498.669,3.64,28.674,30.959,5.602,35.951,35.375,40.305,24.913,5.799,82.536,17.68,12,-4.872,-5.666,-5.753,-4.74,2.162,4.578,12.028,3.38,7.731,0.817,-4.269,-5.401,Rubber,Clay Loam,0.55,0.264,30.701,7,0.392,3.030.822,21.672
13.025,107.998,5.006,236.994,5.786,32.129,2.041,5.8,34.805,33.066,23.012,24.7,138.1,83.27,18.14,4,-159.26,-166.84,-154.61,-137.12,20.29,47.68,185.83,130.34,211.42,150.74,-24.92,-103.53,Rubber,Clay Loam,0.521,0.242,746.28,9,0.283,2533.56,23.16
12.907,107.719,5.662,209.029,1.596,31.816,2.118,5.701,34.15,34.034,27.267,25.82,227.9,82.05,17.961,4,-222.95,-224.84,-212.6,-186.27,25.42,125.85,462.77,319.67,217.47,42.22,-150.03,-196.73,Rubber,Clay Loam,0.597,0.25,1193.42,7,0.388,3.577.836,24.461
12.928,107.998,5.558,760.749,3.64,33.438,33.415,5.623,35.673,30.933,36.062,23.295,4.346,85.332,16.869,12,-3.3,-4.695,-5.148,-4.643,1.243,2.955,6.648,1.467,7.53,3.308,-1.789,-3.581,Rubber,Clay Loam,0.419,0.258,23.156,9,0.325,2.985.295,18.35
13.676,107.537,5,179.653,3.64,30.511,24.923,5.8,35.923,33.566,30.258,26.03,6.93,82.59,17.67,12,-5.74,-6.67,-6.72,-5.6,3.27,5.56,14.57,4.05,8.95,0.25,-5.41,-6.56,Rubber,Clay Loam,0.586,0.25,36.7,7,0.398,2.601.564,24.862
12.457,107.914,5.465,446.465,3.556,34.342,2.244,5.7,33.856,31.802,29.995,23.35,141.43,84.51,17.87,4,-162.08,-169.35,-158.73,-138.82,7,56.24,226.23,162.74,189.26,115.44,-29.2,-98.71,Rubber,Clay Loam,0.444,0.254,756.89,7,0.299,2.745.041,20.448
12.545,108.19,5.94,429,0.53,30.796,2.185,5.606,36.12,33.084,27.68,23.35,141.43,84.51,17.128,4,-162.08,-169.35,-158.73,-138.82,7,56.24,226.23,162.74,189.26,115.44,-29.2,-98.71,Rubber,Clay Loam,0.444,0.246,756.89,7,0.299,2.943.529,20.562
12.94,108.268,6,713.815,3.404,34.563,2.271,5.588,34.7,30.737,28.469,24.7,138.1,83.27,17.08,4,-159.26,-166.84,-154.61,-137.12,20.29,47.68,185.83,130.34,211.42,150.74,-24.92,-103.53,Rubber,Clay Loam,0.521,0.25,746.28,9,0.283,2.981.156,20.06
11.8,108.26,5,843.831,3.64,34.618,31.766,5.696,36.349,29.033,29.158,23.143,3.893,84.697,18.744,12,-3.053,-4.237,-4.386,-4.233,1.122,3.447,6.718,1.802,6.172,1.325,-1.853,-2.844,Rubber,Clay Loam,0.434,0.247,20.606,7,0.326,2.827.033,17.658
13.656,107.681,5,203.299,5.253,30.545,2.038,6.03,34.288,35.102,25.588,25.96,199.04,81.8,18.14,3,-202.41,-205.29,-190.82,-159.08,55.01,90.16,368.73,274.99,223.54,69.09,-144.32,-179.6,Rubber,Clay Loam,0.61,0.247,1081.52,7,0.341,2.459.998,24.639
13.207,108.304,5.31,675.72,4.759,35.263,2.836,5.738,34.879,29.927,34.298,24.7,138.1,83.27,17.25,4,-159.26,-166.84,-154.61,-137.12,20.29,47.68,185.83,130.34,211.42,150.74,-24.92,-103.53,Rubber,Clay Loam,0.521,0.258,746.28,9,0.283,2.664.461,20.308
11.821,108.248,5.201,939.589,3.64,35.598,24.679,5.6,33.323,31,33.656,22.249,4.609,86.066,18.81,12,-3.523,-4.801,-4.907,-4.787,1.889,2.749,9.465,2.16,7.015,0.401,-2.246,-3.401,Rubber,Clay Loam,0.374,0.26,23.665,7,0.4,3.035.158,16.142
14.389,107.765,5.464,595.249,3.64,29.097,22.76,5.8,37.511,33.439,29.353,23.46,3.98,85.67,17.25,12,-3.38,-4.28,-4.61,-3.17,1.38,2.6,6.7,1.94,6.46,2.84,-2.5,-3.93,Rubber,Clay Loam,0.414,0.245,21.87,7,0.306,2.601.564,19.591
14.134,107.982,5,725.903,10.743,30.651,2.118,5.79,35.584,33.855,31.484,23.3,147.86,84.74,17.62,4,-159.46,-175.05,-157.67,-141.05,-0.75,18.07,145.89,104.16,223.27,261.45,-15.89,-102.98,Rubber,Clay Loam,0.437,0.252,752.85,10,0.347,2.748.442,18.582
14.061,108.199,5.55,649.702,3.447,31.106,2.547,5.69,34.55,34.344,32.266,23.3,147.86,84.74,16.909,4,-159.46,-175.05,-157.67,-141.05,-0.75,18.07,145.89,104.16,223.27,261.45,-15.89,-102.98,Rubber,Clay Loam,0.437,0.256,752.85,10,0.347,2.975.586,19.077
12.874,108.144,5.756,585.123,9.214,33.781,2.088,5.651,33.8,32.444,27.436,24.7,138.1,83.27,17.08,4,-159.26,-166.84,-154.61,-137.12,20.29,47.68,185.83,130.34,211.42,150.74,-24.92,-103.53,Rubber,Clay Loam,0.521,0.251,746.28,9,0.283,2.848.144,20.897
13.143,107.842,5.652,182.085,1.16,34.969,2.135,5.9,32.879,32.087,24.242,24.7,138.1,83.27,18.14,4,-159.26,-166.84,-154.61,-137.12,20.29,47.68,185.83,130.34,211.42,150.74,-24.92,-103.53,Rubber,Clay Loam,0.521,0.248,746.28,9,0.283,2322.43,23.516
12.166,108.124,5.335,577.67,3.64,35.332,31.237,5.534,33.765,30.903,33.14,22.01,4.8,86.45,16.64,12,-3.64,-4.95,-5.06,-4.94,2.06,2.54,10.12,2.23,7.25,0.26,-2.31,-3.54,Rubber,Clay Loam,0.358,0.259,24.44,7,0.414,3.178.244,18.255
12.786,108.179,5.205,704.25,3.64,34.168,24.58,5.559,37.843,28.048,32.582,24.615,5.265,84.146,16.822,12,-4.13,-5.303,-5.545,-5.212,2.49,2.493,10.197,1.873,8.603,1.716,-2.666,-4.499,Rubber,Clay Loam,0.491,0.249,27.355,7,0.373,3.124.045,20.037
12.141,107.669,5.927,741.306,6.562,34.704,2.777,5.485,34.616,30.766,33.033,24.04,181.62,82.12,17.87,4,-188.5,-190,-176.72,-153.36,10.7,136.2,344.01,256.97,158.52,68.86,-111.48,-155.21,Rubber,Clay Loam,0.535,0.257,975.27,7,0.353,3.501.392,19.222
14.89,107.764,5,887.816,3.64,33.282,32.293,5.5,34.36,32.335,36.673,22.256,3.743,86.092,17.006,12,-2.546,-3.799,-4.797,-3.481,-0.51,0.241,2.477,-0.115,6.398,7.69,0.599,-2.19,Rubber,Clay Loam,0.373,0.262,17.438,10,0.442,3.251.955,16.485
13.718,108.136,5.601,499.802,3.64,35.561,43.933,5.44,32.04,32.399,57.541,24.847,7.498,84.882,16.805,12,-3.304,-5.5,-8.151,-7.71,-3.081,-0.019,5.786,-1.864,8.095,11.717,5.266,-1.242,Rubber,Clay Loam,0.475,0.297,30.871,10,0.38,3.382.033,21.598
13.047,107.631,5.152,204,6.578,31.974,2.126,5.685,38.245,29.781,27.77,25.82,227.9,82.05,18.099,4,-222.95,-224.84,-212.6,-186.27,25.42,125.85,462.77,319.67,217.47,42.22,-150.03,-196.73,Rubber,Clay Loam,0.597,0.241,1193.42,7,0.388,3.621.905,24.494
13.342,108.257,5,422.977,4.235,39.596,2.144,5.9,32.121,28.382,35.59,24.57,141.28,83.7,17.25,4,-159.46,-169.36,-154.13,-136.02,24.8,37.8,167.03,113.53,221.94,194.62,-29.94,-110.79,Rubber,Clay Loam,0.503,0.266,759.7,9,0.292,2.384.767,21.821
12.93,107.989,6,369.759,2.252,32.296,2.636,5.815,34.712,32.9,25.037,24.7,138.1,83.27,17.87,4,-159.26,-166.84,-154.61,-137.12,20.29,47.68,185.83,130.34,211.42,150.74,-24.92,-103.53,Rubber,Clay Loam,0.521,0.245,746.28,9,0.283,2501.89,22.297
12.947,108.065,5.46,410.281,1.905,31.272,2.292,5.6,35.266,33.516,31.012,24.7,138.1,83.27,17.172,4,-159.26,-166.84,-154.61,-137.12,20.29,47.68,185.83,130.34,211.42,150.74,-24.92,-103.53,Rubber,Clay Loam,0.521,0.252,746.28,9,0.283,2955.82,22.033
14.019,108.169,5.158,763.474,2.7,33.005,1.847,5.868,36.037,30.958,25.242,23.3,147.86,84.74,16.728,4,-159.46,-175.05,-157.67,-141.05,-0.75,18.07,145.89,104.16,223.27,261.45,-15.89,-102.98,Rubber,Clay Loam,0.437,0.242,752.85,10,0.347,2571.27,18.337
13.843,107.944,6,306.874,3.64,32.514,26.723,5.796,35.023,32.463,29.657,24.994,5.29,83.545,17.025,12,-4.24,-5.4,-5.688,-4.661,2.625,3.771,9.489,2.344,8.383,1.947,-3.504,-5.047,Rubber,Clay Loam,0.521,0.251,28.54,7,0.332,2.610.236,22.999
14.049,108.081,5.376,553.023,3.64,32.249,22.952,5.825,35.937,31.752,25.221,22.798,4.785,86.822,16.957,12,-3.264,-4.99,-6.008,-5.172,0.464,1.7,5.362,0.722,8.518,6.83,-0.546,-3.614,Rubber,Clay Loam,0.366,0.243,23.594,9,0.361,2.547.365,19.203
13.195,107.898,6,223.376,3.64,33.352,23.783,5.809,32.323,34.325,28.407,24.801,5.093,84.304,17.633,12,-3.926,-5.229,-5.513,-5.06,2.858,2.259,9.33,1.638,8.819,1.871,-2.57,-4.458,Rubber,Clay Loam,0.491,0.255,26.756,7,0.348,2.582.052,23.349
12.639,108.067,6,734.245,3.64,33.068,35.446,5.349,33.729,33.128,40.439,21.971,4.815,86.891,16.535,12,-3.456,-4.923,-5.368,-5.062,1.343,2.026,8.502,1.692,7.495,2.541,-1.439,-3.337,Rubber,Clay Loam,0.346,0.269,23.585,7,0.36,3.579.318,17.198
12.382,108.16,5,442.511,0.557,34.842,2.801,5.8,32.949,32.196,33.376,23.35,141.43,84.51,17.08,4,-162.08,-169.35,-158.73,-138.82,7,56.24,226.23,162.74,189.26,115.44,-29.2,-98.71,Rubber,Clay Loam,0.444,0.261,756.89,7,0.299,2.533.884,20.474
13.152,108.129,5.826,665.348,3.64,30.987,20.2,5.765,36.439,32.557,26.274,24.338,4.755,84.653,16.746,12,-3.605,-4.893,-5.288,-4.739,2.301,1.7,7.951,1.186,8.374,2.864,-1.896,-3.946,Rubber,Clay Loam,0.467,0.243,24.367,9,0.344,2.677.443,20.013
14.645,108.065,5.218,897.654,3.64,34.309,30.89,5.478,33.45,32.141,38.55,21.865,5.25,88.298,16.21,12,-2.777,-4.838,-6.573,-5.702,-1.437,-0.162,2.642,-0.526,8.121,11.165,2.272,-2.202,Rubber,Clay Loam,0.307,0.267,24.217,10,0.461,3299.65,16.03
13.033,108.282,6,720.709,5.292,35.304,2.3,5.629,34.062,30.634,38.251,24.7,138.1,83.27,17.2,4,-159.26,-166.84,-154.61,-137.12,20.29,47.68,185.83,130.34,211.42,150.74,-24.92,-103.53,Rubber,Clay Loam,0.521,0.265,746.28,9,0.283,2.894.592,20.015
13.148,107.681,6,191.181,3.64,34.924,18.769,5.904,32.569,32.507,24.904,25.866,8.048,82.937,17.67,12,-6.54,-7.306,-7.337,-6.66,2.721,5.608,18.801,4.937,9.114,-0.483,-5.786,-7.023,Rubber,Clay Loam,0.569,0.25,41.135,7,0.457,2.376.095,24.623
13.819,107.891,5.697,595.666,3.64,28.136,19.876,5.6,36.397,35.506,28.052,23.37,4.74,85.96,17.67,12,-3.49,-5.08,-5.82,-5.01,1.27,2.46,6.48,1.14,8.68,5.17,-1.63,-4.16,Rubber,Clay Loam,0.403,0.246,25.19,9,0.344,3.035.158,19.498
12.955,108.199,6,669.999,5.249,33.547,2.151,5.6,35.058,31.468,37.637,24.7,138.1,83.27,17.125,4,-159.26,-166.84,-154.61,-137.12,20.29,47.68,185.83,130.34,211.42,150.74,-24.92,-103.53,Rubber,Clay Loam,0.521,0.262,746.28,9,0.283,2955.82,20.345
11.96,107.756,5.64,615.926,15.263,33.584,3.107,5.336,32.896,33.484,30.896,24.04,181.62,82.12,18.017,4,-188.5,-190,-176.72,-153.36,10.7,136.2,344.01,256.97,158.52,68.86,-111.48,-155.21,Rubber,Clay Loam,0.535,0.258,975.27,7,0.353,3.845.754,20.036
12.389,108.159,5.088,679.299,17.032,36.42,2.955,5.518,31.826,31.755,37.451,23.468,141.138,84.401,17.095,4,-161.833,-169.13,-158.369,-138.671,8.165,55.49,222.689,159.9,191.202,118.534,-28.825,-99.132,Rubber,Clay Loam,0.451,0.269,755.96,7,0.295,3.129.311,19.053
11.818,107.608,6,530.576,3.64,30.645,43.203,5.144,36.592,32.763,49.323,25.218,4.476,82.848,17.606,12,-3.879,-4.474,-4.66,-4.391,0.128,3.873,7.906,1.537,5.899,3.339,-1.846,-3.453,Rubber,Clay Loam,0.55,0.275,22.703,7,0.349,4.023.752,21.769
13.582,108.197,5.554,648.446,3.64,31.892,27.822,5.711,33.989,34.118,29.626,23.986,4.874,85.304,16.78,12,-3.651,-5.129,-5.673,-5.064,1.984,2.264,7.68,1.287,8.783,3.742,-1.965,-4.245,Rubber,Clay Loam,0.438,0.253,25.727,9,0.341,2.794.513,19.771
12.172,107.866,6,670.083,3.64,34.82,30.233,5.278,30.419,34.8,46.164,24.03,4.962,84.727,17.582,12,-3.959,-5.04,-5.164,-4.976,1.967,2.582,10.165,1.97,7.627,1.236,-2.405,-3.993,Rubber,Clay Loam,0.457,0.285,25.537,7,0.398,3.733.244,19.674
14.096,108.003,5.397,780.472,9.522,27.788,2.439,5.64,36.998,35.273,29.952,23.3,147.86,84.74,16.876,4,-159.46,-175.05,-157.67,-141.05,-0.75,18.07,145.89,104.16,223.27,261.45,-15.89,-102.98,Rubber,Clay Loam,0.437,0.247,752.85,10,0.347,3.089.158,18.227
14.635,107.837,5.447,618.422,3.64,34.626,24.093,5.855,32.511,32.863,27.53,21.85,4.86,88.25,17.25,12,-2.89,-4.84,-6.32,-5.44,-0.87,0.44,3.51,0.03,8.25,9.58,1.25,-2.71,Rubber,Clay Loam,0.308,0.254,23.07,10,0.415,2.482.326,17.83
12.905,107.705,6,242.607,3.044,31.821,2.608,5.6,35.438,32.742,28.696,25.82,227.9,82.05,17.978,4,-222.95,-224.84,-212.6,-186.27,25.42,125.85,462.77,319.67,217.47,42.22,-150.03,-196.73,Rubber,Clay Loam,0.597,0.249,1193.42,7,0.388,3856.02,24.243
12.613,107.97,5.484,389.672,10.019,32.058,2.606,5.703,34.73,33.264,28.054,23.35,141.43,84.51,17.463,4,-162.08,-169.35,-158.73,-138.82,7,56.24,226.23,162.74,189.26,115.44,-29.2,-98.71,Rubber,Clay Loam,0.444,0.249,756.89,7,0.299,2.738.706,20.817
11.602,108.077,5.919,972.484,3.64,34.768,28.94,5.5,33.324,31.908,34.984,23.104,3.927,84.694,18.81,12,-3.107,-4.27,-4.361,-4.241,1.279,3.496,7.123,1.908,6.174,0.904,-2.016,-2.906,Rubber,Clay Loam,0.433,0.262,20.901,7,0.341,3.251.955,16.783
13.055,107.835,5.497,562.976,3.64,29.814,31.094,5.45,36.235,33.901,37.779,23.655,5.212,84.437,17.391,12,-4.167,-5.288,-5.403,-4.647,2.393,3.613,10.537,2.787,7.568,0.558,-3.403,-4.544,Rubber,Clay Loam,0.455,0.26,27.452,7,0.384,3.360.353,19.996
13.313,108.044,5,426.055,3.64,29.902,28.515,5.6,35.298,34.801,29.634,24.64,4.92,84.79,16.787,12,-3.74,-5.15,-5.62,-5,2.51,2.76,7.89,1.25,8.92,3.13,-2.41,-4.49,Rubber,Clay Loam,0.472,0.25,26.41,9,0.337,3.035.158,21.871
12.812,107.679,5.851,240.366,3.798,31.263,2.48,5.615,36.231,32.491,27.834,25.82,227.9,82.05,17.91,4,-222.95,-224.84,-212.6,-186.27,25.42,125.85,462.77,319.67,217.47,42.22,-150.03,-196.73,Rubber,Clay Loam,0.597,0.246,1193.42,7,0.388,3.814.705,24.258
13.477,108.185,5.209,220.583,2.951,36.003,2.5,5.979,36.751,27.246,28.903,24.57,141.28,83.7,17.436,4,-159.46,-169.36,-154.13,-136.02,24.8,37.8,167.03,113.53,221.94,194.62,-29.94,-110.79,Rubber,Clay Loam,0.503,0.246,759.7,9,0.292,2.213.497,23.136
13.933,108.185,5.069,678.278,3.091,31.778,2.534,5.807,34.958,33.357,29.506,23.3,147.86,84.74,17.25,4,-159.46,-175.05,-157.67,-141.05,-0.75,18.07,145.89,104.16,223.27,261.45,-15.89,-102.98,Rubber,Clay Loam,0.437,0.251,752.85,10,0.347,2.709.828,18.891
13.775,108.283,5,465.887,7.16,33.649,2.272,5.8,34.763,31.512,29.337,23.3,147.86,84.74,17.25,4,-159.46,-175.05,-157.67,-141.05,-0.75,18.07,145.89,104.16,223.27,261.45,-15.89,-102.98,Rubber,Clay Loam,0.437,0.251,752.85,10,0.347,2.725.728,20.272
12.702,108.239,6,546.73,4.541,31.391,2.264,5.645,37.151,31.458,30.993,23.35,141.43,84.51,17.08,4,-162.08,-169.35,-158.73,-138.82,7,56.24,226.23,162.74,189.26,115.44,-29.2,-98.71,Rubber,Clay Loam,0.444,0.248,756.89,7,0.299,2.861.177,19.796
13.465,108.239,5.619,661.239,3.64,30.616,32.316,5.486,35.724,33.661,39.929,23.887,4.775,86.476,16.712,12,-3.12,-4.718,-5.674,-5.3,0.762,0.684,6.636,-0.004,8.037,5.132,0.739,-3.161,Rubber,Clay Loam,0.401,0.264,21.977,9,0.365,3.282.307,19.589
13.398,108.04,5.878,303.854,3.64,32.944,23.478,5.876,34.054,33.09,26.554,24.653,4.935,84.753,16.78,12,-3.753,-5.155,-5.604,-5.016,2.554,2.67,8.046,1.277,8.919,2.988,-2.406,-4.473,Rubber,Clay Loam,0.473,0.249,26.407,9,0.337,2.436.798,22.678
12.657,108.119,6,540.979,3.64,31.498,36.155,5.626,32.632,35.87,45.658,23.213,5.426,86.083,16.583,12,-3.742,-5.238,-5.735,-5.477,1.86,1.282,9.408,1.438,8.337,2.84,-1.317,-3.644,Rubber,Clay Loam,0.396,0.279,25.153,7,0.374,2.978.791,19.697
13.138,107.827,5.194,177.582,0.636,33.939,2.34,5.981,33.319,32.722,23.448,24.7,138.1,83.27,18.14,4,-159.26,-166.84,-154.61,-137.12,20.29,47.68,185.83,130.34,211.42,150.74,-24.92,-103.53,Rubber,Clay Loam,0.521,0.246,746.28,9,0.283,2.151.415,23.546
12.875,108.291,5,620.431,4.579,32.748,2.124,5.895,36.285,30.967,28.363,24.7,138.1,83.27,17.08,4,-159.26,-166.84,-154.61,-137.12,20.29,47.68,185.83,130.34,211.42,150.74,-24.92,-103.53,Rubber,Clay Loam,0.521,0.246,746.28,9,0.283,2.332.987,20.667
13.04,108.271,5.305,489.266,3.64,30.735,22.983,6.07,39.477,29.818,21.989,24.716,5.003,84.581,16.683,12,-3.816,-5.178,-5.53,-5.09,2.76,2.245,8.78,1.403,8.913,2.323,-2.389,-4.393,Rubber,Clay Loam,0.48,0.23,26.396,9,0.337,2.016.212,21.536
13.334,107.936,6,205.676,0.612,33.046,1.847,5.8,36.522,30.424,22.162,24.57,141.28,83.7,18.14,4,-159.46,-169.36,-154.13,-136.02,24.8,37.8,167.03,113.53,221.94,194.62,-29.94,-110.79,Rubber,Clay Loam,0.503,0.237,759.7,9,0.292,2.601.564,23.233
14.447,107.862,5.403,664.582,3.64,31.44,27.691,5.681,33.542,34.958,28.24,22.779,3.94,85.644,17.061,12,-2.863,-4.125,-4.93,-3.738,0.273,1.099,3.901,0.364,6.978,6.328,-0.418,-2.888,Rubber,Clay Loam,0.398,0.252,18.962,9,0.368,2.859.552,18.459
13.095,107.793,5.174,188.868,0.55,34.235,2.166,5.817,32.479,33.204,24.853,25.82,227.9,82.05,18.14,4,-222.95,-224.84,-212.6,-186.27,25.42,125.85,462.77,319.67,217.47,42.22,-150.03,-196.73,Rubber,Clay Loam,0.597,0.25,1193.42,7,0.388,3.258.337,24.592
12.753,108.387,5.695,471.865,2.17,30.088,1.821,5.931,41.068,28.844,24.176,24.7,138.1,83.27,17.08,4,-159.26,-166.84,-154.61,-137.12,20.29,47.68,185.83,130.34,211.42,150.74,-24.92,-103.53,Rubber,Clay Loam,0.521,0.229,746.28,9,0.283,2256.98,21.633
14.61,107.759,5.346,760.736,14.101,30.989,2.723,5.535,34.269,34.742,29.477,23.36,139.49,84.71,17.66,3,-150.13,-154.94,-139.28,-111.93,18.2,34.11,207.98,194.59,162.57,151.62,-93.27,-119.51,Rubber,Clay Loam,0.439,0.252,769.06,7,0.27,2.908.582,18.415
14.503,107.763,5.024,602.878,3.243,26.424,2.56,5.698,36.346,37.232,25.61,23.36,139.49,84.71,17.66,3,-150.13,-154.94,-139.28,-111.93,18.2,34.11,207.98,194.59,162.57,151.62,-93.27,-119.51,Rubber,Loam,0.439,0.242,769.06,7,0.27,2.584.965,19.441
13.336,108.141,5.641,493.974,3.64,31.105,23.185,6.036,38.569,30.39,24.074,24.679,4.963,84.682,16.73,12,-3.779,-5.164,-5.573,-5.047,2.639,2.494,8.35,1.329,8.916,2.714,-2.399,-4.44,Rubber,Clay Loam,0.476,0.235,26.402,9,0.337,2.089.923,21.468
13.443,108.312,5.178,360.42,2.87,37.138,2.325,5.982,35.076,27.868,28.664,24.57,141.28,83.7,17.25,4,-159.46,-169.36,-154.13,-136.02,24.8,37.8,167.03,113.53,221.94,194.62,-29.94,-110.79,Rubber,Clay Loam,0.503,0.249,759.7,9,0.292,2.206.993,22.227
13.183,107.699,5.133,182.867,3.64,35.094,18.745,5.887,32.466,32.44,21.765,25.883,7.936,82.902,17.67,12,-6.46,-7.243,-7.275,-6.554,2.776,5.603,18.378,4.848,9.097,-0.409,-5.748,-6.976,Rubber,Clay Loam,0.571,0.246,40.665,7,0.452,2.412.951,24.694
13.194,107.776,5,168.138,0.146,34.848,2.144,5.8,32.128,32.938,22.003,25.82,227.9,82.05,18.14,4,-222.95,-224.84,-212.6,-186.27,25.42,125.85,462.77,319.67,217.47,42.22,-150.03,-196.73,Rubber,Clay Loam,0.597,0.247,1193.42,7,0.388,3305.16,24.727
11.924,108.021,5.077,833.154,3.64,33.5,34.834,5.192,31.77,34.822,37.948,22.275,4.764,86.143,18.724,12,-3.666,-4.911,-5.014,-4.886,1.929,2.675,9.993,2.198,7.136,0.428,-2.315,-3.549,Rubber,Clay Loam,0.373,0.27,24.341,7,0.41,3919.69,16.859
13.395,108.279,5,550.896,3.64,31.231,20.503,5.9,37.418,31.3,25.762,24.042,4.886,85.244,16.712,12,-3.665,-5.134,-5.659,-5.068,2.049,2.246,7.79,1.301,8.792,3.611,-1.995,-4.253,Rubber,Clay Loam,0.441,0.24,25.774,9,0.341,2.384.767,20.461
13.072,107.969,5.394,271,3.64,34.454,25.083,5.757,33.824,31.722,28.427,25.38,6.842,83.674,17.235,12,-5.456,-6.472,-6.675,-6.031,2.625,4.488,14.601,3.505,9.041,0.923,-4.465,-6.036,Rubber,Clay Loam,0.529,0.252,35.135,7,0.415,2.694.787,23.618
13.949,108.174,5.765,631.354,6.811,31.412,1.829,5.753,35.376,33.212,25.699,23.3,147.86,84.74,17.459,4,-159.46,-175.05,-157.67,-141.05,-0.75,18.07,145.89,104.16,223.27,261.45,-15.89,-102.98,Rubber,Clay Loam,0.437,0.245,752.85,10,0.347,2.832.486,19.196
13.593,108.23,6,358.126,1.509,36.935,2.388,6,33.365,29.783,37.207,24.57,141.28,83.7,17.25,4,-159.46,-169.36,-154.13,-136.02,24.8,37.8,167.03,113.53,221.94,194.62,-29.94,-110.79,Rubber,Clay Loam,0.503,0.265,759.7,9,0.292,2167.97,22.242
14.56,108.096,5.503,833.041,3.64,32.795,27.91,5.6,33.352,33.853,36.139,21.85,4.86,88.25,16.733,12,-2.89,-4.84,-6.32,-5.44,-0.87,0.44,3.51,0.03,8.25,9.58,1.25,-2.71,Rubber,Clay Loam,0.308,0.264,23.07,10,0.415,3.035.158,16.435
13.508,108.262,6,371.209,3.248,33.376,2.194,5.84,35.582,31.041,27.357,24.57,141.28,83.7,17.25,4,-159.46,-169.36,-154.13,-136.02,24.8,37.8,167.03,113.53,221.94,194.62,-29.94,-110.79,Rubber,Clay Loam,0.503,0.246,759.7,9,0.292,2.514.845,22.157
14.577,107.716,5.854,655.415,2.818,30.388,2.245,5.715,35.78,33.846,24.871,23.36,139.49,84.71,17.66,3,-150.13,-154.94,-139.28,-111.93,18.2,34.11,207.98,194.59,162.57,151.62,-93.27,-119.51,Rubber,Clay Loam,0.439,0.243,769.06,7,0.27,2.551.213,19.1
13.2,107.762,5.368,872.675,3.64,28.614,35.364,5.39,37.702,33.685,47.233,25.364,5.152,82.426,17.415,12,-4.435,-5.196,-5.28,-4.31,1.863,4.549,10.045,2.784,7.115,1.437,-3.723,-4.862,Rubber,Clay Loam,0.569,0.269,27.806,7,0.361,3.490.432,19.692
14.275,107.594,5.932,277.909,3.64,28.386,34.021,5.607,36.082,35.532,34.886,23.54,4.044,85.61,17.279,12,-3.405,-4.339,-4.679,-3.295,1.457,2.611,6.781,1.893,6.628,2.86,-2.494,-3.968,Rubber,Clay Loam,0.418,0.256,22.18,7,0.305,3.019.982,21.734
14.087,107.958,5.026,710.69,3.747,30.977,1.793,5.705,38.169,30.854,24.019,23.3,147.86,84.74,17.633,4,-159.46,-175.05,-157.67,-141.05,-0.75,18.07,145.89,104.16,223.27,261.45,-15.89,-102.98,Rubber,Clay Loam,0.437,0.236,752.85,10,0.347,2.941.515,18.681
14.239,108.056,6,621.189,2.992,29.097,1.762,5.786,34.516,36.386,25.87,23.3,147.86,84.74,16.63,4,-159.46,-175.05,-157.67,-141.05,-0.75,18.07,145.89,104.16,223.27,261.45,-15.89,-102.98,Rubber,Clay Loam,0.437,0.247,752.85,10,0.347,2.757.528,19.262
12.834,107.684,5.963,207.184,1.839,30.811,2.232,5.607,35.355,33.834,29.504,25.82,227.9,82.05,17.88,4,-222.95,-224.84,-212.6,-186.27,25.42,125.85,462.77,319.67,217.47,42.22,-150.03,-196.73,Rubber,Clay Loam,0.597,0.25,1193.42,7,0.388,3836.74,24.473
12.422,108.049,5.55,440.099,14.05,35.125,2.356,5.765,33.689,31.186,29.714,23.35,141.43,84.51,17.08,4,-162.08,-169.35,-158.73,-138.82,7,56.24,226.23,162.74,189.26,115.44,-29.2,-98.71,Rubber,Clay Loam,0.444,0.254,756.89,7,0.299,2.607.789,20.489
13.821,107.794,5,484.308,3.912,27.442,2.454,5.7,36.959,35.696,27.056,25.25,174.14,81.48,18.14,3,-179.93,-183.32,-167.16,-135.46,50.28,69.26,300.26,253.27,195.98,90.33,-133.36,-160.15,Rubber,Clay Loam,0.595,0.243,959.38,7,0.313,2.976.155,22.102
12.581,108.2,5,464.027,1.584,31.638,2.188,5.773,37.165,31.197,27.43,23.35,141.43,84.51,17.08,4,-162.08,-169.35,-158.73,-138.82,7,56.24,226.23,162.74,189.26,115.44,-29.2,-98.71,Rubber,Clay Loam,0.444,0.243,756.89,7,0.299,2.590.896,20.334
14.711,107.708,5.312,651.312,6.245,30.649,2.328,5.738,33.705,35.645,25.582,23.36,139.49,84.71,17.66,3,-150.13,-154.94,-139.28,-111.93,18.2,34.11,207.98,194.59,162.57,151.62,-93.27,-119.51,Rubber,Clay Loam,0.439,0.248,769.06,7,0.27,2505.55,19.126
13.613,107.711,5.506,198.482,1.91,30.182,2.168,5.801,34.599,35.218,26.911,25.96,199.04,81.8,18.14,3,-202.41,-205.29,-190.82,-159.08,55.01,90.16,368.73,274.99,223.54,69.09,-144.32,-179.6,Rubber,Clay Loam,0.61,0.248,1081.52,7,0.341,3040.76,24.67
12.879,108.205,5.44,508.133,4.207,33.543,2.38,5.776,35.848,30.621,27.79,24.7,138.1,83.27,17.08,4,-159.26,-166.84,-154.61,-137.12,20.29,47.68,185.83,130.34,211.42,150.74,-24.92,-103.53,Rubber,Clay Loam,0.521,0.246,746.28,9,0.283,2.584.231,21.397
11.943,107.79,5.106,667.691,5.238,32.442,3.77,5.379,33.132,34.425,42.221,24.04,181.62,82.12,18.1,4,-188.5,-190,-176.72,-153.36,10.7,136.2,344.01,256.97,158.52,68.86,-111.48,-155.21,Rubber,Clay Loam,0.535,0.273,975.27,7,0.353,3.746.374,19.7
13.816,108.235,5.359,514.486,3.498,34.98,2.1,5.772,34.261,30.823,26.944,23.3,147.86,84.74,17.25,4,-159.46,-175.05,-157.67,-141.05,-0.75,18.07,145.89,104.16,223.27,261.45,-15.89,-102.98,Rubber,Clay Loam,0.437,0.249,752.85,10,0.347,2.789.328,19.956
13.004,108.069,5.216,405.889,1.51,31.711,2.397,5.6,34.754,33.614,31.695,24.7,138.1,83.27,17.213,4,-159.26,-166.84,-154.61,-137.12,20.29,47.68,185.83,130.34,211.42,150.74,-24.92,-103.53,Rubber,Clay Loam,0.521,0.254,746.28,9,0.283,2955.82,22.062
13.814,108.236,5.38,514.337,3.444,34.99,2.11,5.776,34.229,30.842,27.036,23.3,147.86,84.74,17.25,4,-159.46,-175.05,-157.67,-141.05,-0.75,18.07,145.89,104.16,223.27,261.45,-15.89,-102.98,Rubber,Clay Loam,0.437,0.249,752.85,10,0.347,2.780.243,19.957
12.155,107.726,6,652.901,3.64,34.19,30.405,5.43,32.665,33.146,36.298,23.982,6.815,83.555,17.53,12,-5.678,-6.223,-6.243,-5.974,1.279,4.578,16.114,3.996,7.882,0.212,-4.34,-5.622,Rubber,Clay Loam,0.49,0.266,34.08,7,0.473,3.403.713,19.738
14.401,107.787,5,568.074,7.433,30.05,1.923,5.785,37.194,32.771,21.553,23.36,139.49,84.71,17.66,3,-150.13,-154.94,-139.28,-111.93,18.2,34.11,207.98,194.59,162.57,151.62,-93.27,-119.51,Rubber,Clay Loam,0.439,0.235,769.06,7,0.27,2.412.237,19.668
12.32,108.138,5,683.804,18.003,36.485,3.032,5.482,31.496,32.018,38.315,23.35,141.43,84.51,17.128,4,-162.08,-169.35,-158.73,-138.82,7,56.24,226.23,162.74,189.26,115.44,-29.2,-98.71,Rubber,Clay Loam,0.444,0.271,756.89,7,0.299,3.205.363,18.905
13.199,108.406,6,853.808,3.64,32.49,27.75,5.566,35.751,31.681,37.817,24.647,4.814,85.018,16.78,12,-3.506,-4.995,-5.431,-5.093,2.554,1.503,7.964,0.893,8.535,2.882,-1.372,-3.92,Rubber,Clay Loam,0.465,0.261,24.317,9,0.351,3.108.869,19.097
14.302,107.923,6,598.08,3.64,29.274,25.048,5.708,37.272,33.554,31.518,23.419,4.329,85.803,16.772,12,-3.431,-4.648,-5.166,-4.016,1.329,2.536,6.599,1.572,7.481,3.911,-2.1,-4.036,Rubber,Clay Loam,0.409,0.248,23.397,9,0.319,2.801.017,19.531
13.667,107.707,5.942,222.837,1.434,29.076,1.923,6.006,36.931,33.987,23.805,25.96,199.04,81.8,18.14,3,-202.41,-205.29,-190.82,-159.08,55.01,90.16,368.73,274.99,223.54,69.09,-144.32,-179.6,Rubber,Clay Loam,0.61,0.238,1081.52,7,0.341,2.520.864,24.512
13.804,108.054,5.005,640.01,4.769,29.084,2.238,5.799,36.31,34.606,24.79,23.3,147.86,84.74,17.252,4,-159.46,-175.05,-157.67,-141.05,-0.75,18.07,145.89,104.16,223.27,261.45,-15.89,-102.98,Rubber,Clay Loam,0.437,0.241,752.85,10,0.347,2.727.999,19.14
12.305,107.936,5.058,763.48,3.64,31.823,22.162,5.706,33.325,34.852,27.124,22.089,4.797,86.422,17.454,12,-3.631,-4.958,-5.104,-4.944,2.014,2.535,9.91,2.167,7.333,0.544,-2.271,-3.576,Rubber,Clay Loam,0.361,0.251,24.484,7,0.404,2.805.353,17.126
13.601,108.253,5,495.709,4.454,36.573,2.126,5.9,34.061,29.366,26.025,24.57,141.28,83.7,17.25,4,-159.46,-169.36,-154.13,-136.02,24.8,37.8,167.03,113.53,221.94,194.62,-29.94,-110.79,Rubber,Clay Loam,0.503,0.248,759.7,9,0.292,2.384.767,21.348
13.345,107.889,5,209.049,3.177,32.891,2.297,5.805,36.856,30.254,23.988,24.57,141.28,83.7,18.125,4,-159.46,-169.36,-154.13,-136.02,24.8,37.8,167.03,113.53,221.94,194.62,-29.94,-110.79,Rubber,Clay Loam,0.503,0.239,759.7,9,0.292,2.590.724,23.211
13.454,108.261,6,372.326,3.717,32.946,2.152,5.824,35.869,31.185,27.054,24.57,141.28,83.7,17.25,4,-159.46,-169.36,-154.13,-136.02,24.8,37.8,167.03,113.53,221.94,194.62,-29.94,-110.79,Rubber,Clay Loam,0.503,0.245,759.7,9,0.292,2.549.533,22.15
13.325,108.362,5.858,847.28,3.64,32,24.666,5.757,36.63,31.369,31.239,24.01,3.923,86.691,16.847,12,-2.303,-4.183,-5.093,-4.664,1.17,-0.266,3.455,-1.018,7.005,6.269,1.961,-2.339,Rubber,Clay Loam,0.397,0.249,19.866,9,0.353,2.694.787,18.503
12.95,107.952,5.879,299.301,3.239,31.73,2.735,5.561,36.524,31.746,31.014,24.7,138.1,83.27,17.87,4,-159.26,-166.84,-154.61,-137.12,20.29,47.68,185.83,130.34,211.42,150.74,-24.92,-103.53,Rubber,Clay Loam,0.521,0.249,746.28,9,0.283,3.038.161,22.755
13.087,108.157,5.697,607.697,2.814,31.382,2.678,5.639,34.543,34.075,36.264,24.7,138.1,83.27,17.198,4,-159.26,-166.84,-154.61,-137.12,20.29,47.68,185.83,130.34,211.42,150.74,-24.92,-103.53,Rubber,Clay Loam,0.521,0.261,746.28,9,0.283,2.873.479,20.75
13.179,108.278,5.899,634.798,2.899,30.313,1.945,5.71,37.047,32.639,27.932,24.7,138.1,83.27,17.233,4,-159.26,-166.84,-154.61,-137.12,20.29,47.68,185.83,130.34,211.42,150.74,-24.92,-103.53,Rubber,Clay Loam,0.521,0.244,746.28,9,0.283,2.723.577,20.574
13.117,108.051,5.308,401,6.768,32.616,2.241,5.769,33.823,33.492,26.047,24.7,138.1,83.27,17.25,4,-159.26,-166.84,-154.61,-137.12,20.29,47.68,185.83,130.34,211.42,150.74,-24.92,-103.53,Rubber,Clay Loam,0.521,0.249,746.28,9,0.283,2599.01,22.094
14.38,107.775,5.062,592.436,3.64,29.625,20.238,5.788,36.919,33.462,26.869,23.454,4.027,85.688,17.276,12,-3.387,-4.33,-4.685,-3.285,1.373,2.591,6.686,1.89,6.598,2.985,-2.446,-3.944,Rubber,Clay Loam,0.413,0.243,22.077,7,0.302,2627.58,19.603
13.444,107.932,6,217.981,1.844,35.3,1.99,5.849,36.9,27.851,21.496,24.57,141.28,83.7,18.14,4,-159.46,-169.36,-154.13,-136.02,24.8,37.8,167.03,113.53,221.94,194.62,-29.94,-110.79,Rubber,Clay Loam,0.503,0.235,759.7,9,0.292,2.495.333,23.153
12.591,107.909,5.997,383.95,19.427,31.784,2.752,5.6,35.406,32.809,31.209,23.35,141.424,84.511,17.869,3.997,-162.041,-169.302,-158.666,-138.731,7.037,56.167,226.17,162.845,189.172,115.56,-29.412,-98.779,Rubber,Clay Loam,0.444,0.252,756.931,7,0.299,2.955.614,20.854
13.802,108.073,6,630.558,13.292,29.077,2.52,5.719,35.821,35.102,29.547,23.3,147.86,84.74,17.25,4,-159.46,-175.05,-157.67,-141.05,-0.75,18.07,145.89,104.16,223.27,261.45,-15.89,-102.98,Rubber,Clay Loam,0.437,0.249,752.85,10,0.347,2.909.715,19.201
14.523,107.662,5.385,733.076,13.786,28.793,3.751,5.638,36.861,34.347,40.067,23.36,139.49,84.71,17.66,3,-150.13,-154.94,-139.28,-111.93,18.2,34.11,207.98,194.59,162.57,151.62,-93.27,-119.51,Rubber,Clay Loam,0.439,0.261,769.06,7,0.27,2.704.088,18.595
13.008,107.935,5,254.469,7.724,36.862,2.273,5.9,33.803,29.304,26.789,24.7,138.1,83.27,18.057,4,-159.26,-166.84,-154.61,-137.12,20.29,47.68,185.83,130.34,211.42,150.74,-24.92,-103.53,Rubber,Clay Loam,0.521,0.25,746.28,9,0.283,2322.43,23.046
12.691,107.627,5.624,347.615,3.64,31.227,23.862,5.438,33.799,34.937,33.275,23.78,8.07,84.94,17.53,12,-6.53,-7.12,-7.14,-6.8,1.78,5.04,19.69,5.03,8.76,-0.75,-5.38,-6.63,Rubber,Clay Loam,0.443,0.259,40.35,7,0.489,3.386.369,21.521
13.412,107.975,6,216.054,1.044,36.197,2.112,5.8,35.009,28.846,21.347,24.57,141.28,83.7,18.14,4,-159.46,-169.36,-154.13,-136.02,24.8,37.8,167.03,113.53,221.94,194.62,-29.94,-110.79,Rubber,Clay Loam,0.503,0.239,759.7,9,0.292,2.601.564,23.166
11.967,107.694,6,601.356,13.306,36.05,3.03,5.343,34.778,29.114,33.159,24.04,181.62,82.12,18.1,4,-188.5,-190,-176.72,-153.36,10.7,136.2,344.01,256.97,158.52,68.86,-111.48,-155.21,Rubber,Clay Loam,0.535,0.256,975.27,7,0.353,3.829.576,20.131
12.331,107.972,5,429.654,1.093,32.378,2.712,5.713,33.431,34.191,29.69,23.35,141.43,84.51,17.767,4,-162.08,-169.35,-158.73,-138.82,7,56.24,226.23,162.74,189.26,115.44,-29.2,-98.71,Rubber,Clay Loam,0.444,0.255,756.89,7,0.299,2.717.591,20.557
12.244,108.022,6,537.866,3.64,31.209,35.364,5.543,32.988,35.803,45.954,23.64,5.137,85.351,16.76,12,-3.953,-5.204,-5.357,-5.18,2.409,2.109,10.633,2.014,8.138,0.905,-2.414,-4.086,Rubber,Clay Loam,0.428,0.278,26.194,7,0.406,3.158.732,20.144
11.986,107.784,6,907.1,3.64,31.5,32.439,5.29,34.955,33.6,32.665,23.69,5.11,83.588,17.606,12,-4.248,-5.052,-5.103,-4.923,1.1,3.993,10.893,2.738,6.812,0.833,-2.975,-4.077,Rubber,Clay Loam,0.481,0.255,26.378,7,0.413,3.707.229,17.794
14.789,108.25,6,745.47,3.64,34.044,44.988,5.581,35.938,30.018,51.044,21.906,6.302,88.427,16.21,12,-2.471,-4.832,-7.254,-6.406,-2.964,-1.783,0.305,-2.024,7.775,15.435,5.027,-0.833,Rubber,Clay Loam,0.304,0.279,28.567,10,0.541,3.076.349,17.06
13.516,108.398,5,1.683.937,3.64,34.143,50.454,5.326,32.569,33.288,65.016,21.909,4.838,87.588,16.368,12,-3.166,-4.88,-5.857,-5.256,0.208,1.212,5.941,0.839,7.882,6.152,-0.059,-3.015,Rubber,Clay Loam,0.326,0.306,22.233,9,0.355,3.629.182,10.963
13.136,107.664,5,182.172,3.64,34.744,18.193,5.983,32.731,32.524,20.796,25.86,8.09,82.95,17.67,12,-6.57,-7.33,-7.36,-6.7,2.7,5.61,18.96,4.97,9.12,-0.51,-5.8,-7.04,Rubber,Clay Loam,0.568,0.244,41.31,7,0.458,2.204.825,24.676
12.729,107.853,5.172,394.517,3.64,32.555,22.09,5.752,36.597,30.866,29.031,23.739,5.307,85.147,17.554,12,-4.079,-5.357,-5.518,-5.136,2.68,2.325,10.919,2.266,8.345,0.736,-2.78,-4.385,Rubber,Clay Loam,0.436,0.246,27.255,7,0.4,2.705.627,21.175
11.832,107.675,5.734,723.877,15.463,33.359,3.525,5.253,32.906,33.735,39.302,24.04,181.62,82.12,18.039,4,-188.5,-190,-176.72,-153.36,10.7,136.2,344.01,256.97,158.52,68.86,-111.48,-155.21,Rubber,Clay Loam,0.535,0.269,975.27,7,0.353,4.037.579,19.335
13.478,107.874,5.231,293.846,3.64,31.877,19.669,5.877,37.192,30.931,23.877,24.665,4.948,84.721,17.638,12,-3.765,-5.159,-5.59,-5.03,2.593,2.589,8.185,1.301,8.918,2.862,-2.403,-4.458,Rubber,Clay Loam,0.474,0.238,26.405,9,0.337,2434.63,22.755
12.483,107.836,5.011,461.945,2.371,33.402,2.24,5.702,34.221,32.377,24.615,23.35,141.43,84.51,17.861,4,-162.08,-169.35,-158.73,-138.82,7,56.24,226.23,162.74,189.26,115.44,-29.2,-98.71,Rubber,Clay Loam,0.444,0.246,756.89,7,0.299,2.740.818,20.347
13.53,108.117,5.584,201.584,1.54,34.367,2.217,5.925,34.5,31.075,26.164,24.57,141.28,83.7,17.77,4,-159.46,-169.36,-154.13,-136.02,24.8,37.8,167.03,113.53,221.94,194.62,-29.94,-110.79,Rubber,Clay Loam,0.503,0.247,759.7,9,0.292,2.330.568,23.26
12.826,108.251,5.481,634.444,3.097,32.907,1.882,5.704,36.003,31.089,25.865,24.7,138.1,83.27,17.08,4,-159.26,-166.84,-154.61,-137.12,20.29,47.68,185.83,130.34,211.42,150.74,-24.92,-103.53,Rubber,Clay Loam,0.521,0.243,746.28,9,0.283,2.736.245,20.576
13.808,108.052,5.019,639.962,4.773,29.05,2.235,5.794,36.344,34.606,24.858,23.3,147.86,84.74,17.258,4,-159.46,-175.05,-157.67,-141.05,-0.75,18.07,145.89,104.16,223.27,261.45,-15.89,-102.98,Rubber,Clay Loam,0.437,0.241,752.85,10,0.347,2.739.357,19.14
13,107.744,5.26,210.701,1.248,32.921,2.267,5.748,36.41,30.669,27.676,25.82,227.9,82.05,18.07,4,-222.95,-224.84,-212.6,-186.27,25.42,125.85,462.77,319.67,217.47,42.22,-150.03,-196.73,Rubber,Clay Loam,0.597,0.245,1193.42,7,0.388,3.448.384,24.45
13.699,107.777,5.76,254.322,1.693,28.784,2.357,6.028,36.708,34.585,23.232,25.96,199.04,81.8,18.14,3,-202.41,-205.29,-190.82,-159.08,55.01,90.16,368.73,274.99,223.54,69.09,-144.32,-179.6,Rubber,Clay Loam,0.61,0.238,1081.52,7,0.341,2465.07,24.307
14.905,108.236,6,899.314,3.64,34.659,48.494,5.414,36.815,28.439,56.693,21.92,6.65,88.47,16.21,12,-2.37,-4.83,-7.48,-6.64,-3.47,-2.32,-0.47,-2.52,7.66,16.85,5.94,-0.38,Rubber,Clay Loam,0.303,0.285,30.48,10,0.553,3438.4,16.074
13.135,107.66,5,182.071,3.64,34.689,18.168,5.993,32.772,32.539,20.71,25.86,8.09,82.95,17.67,12,-6.57,-7.33,-7.36,-6.7,2.7,5.61,18.96,4.97,9.12,-0.51,-5.8,-7.04,Rubber,Clay Loam,0.568,0.244,41.31,7,0.458,2.183.146,24.677
12.351,108.188,6,551.709,15.468,34.302,3.163,5.735,31.851,33.847,32.042,23.35,141.43,84.51,17.08,4,-162.08,-169.35,-158.73,-138.82,7,56.24,226.23,162.74,189.26,115.44,-29.2,-98.71,Rubber,Clay Loam,0.444,0.262,756.89,7,0.299,2.671.136,19.764
12.582,107.809,6,379.891,8.95,31.602,2.048,5.8,36.206,32.192,28.868,23.73,231.98,84.06,17.87,4,-223.28,-224.48,-213.24,-190.37,2.58,142.09,478.49,339.12,196.45,35.26,-147.65,-194.95,Rubber,Clay Loam,0.468,0.247,1193.97,7,0.401,3.281.364,21.261
13.073,107.849,5.759,189.965,1.144,35.711,2.187,5.824,34.083,30.207,24.017,24.7,138.1,83.27,18.14,4,-159.26,-166.84,-154.61,-137.12,20.29,47.68,185.83,130.34,211.42,150.74,-24.92,-103.53,Rubber,Clay Loam,0.521,0.245,746.28,9,0.283,2.482.889,23.465
12.518,107.867,5.024,394.097,3.64,33.378,22.499,5.698,36.669,29.953,29.151,23.41,5.24,85.72,17.509,12,-3.95,-5.3,-5.47,-5.3,2.67,1.83,10.91,2.04,8.44,0.71,-2.42,-4.14,Rubber,Clay Loam,0.411,0.246,26.58,7,0.41,2.822.697,20.848
11.676,108.048,6,944.794,3.64,34.739,33.307,5.52,36.215,29.126,33.833,23.2,3.85,84.54,18.81,12,-3.06,-4.21,-4.3,-4.18,1.21,3.58,6.86,1.88,6.08,0.96,-1.99,-2.85,Rubber,Clay Loam,0.44,0.254,20.59,7,0.333,3.208.596,17.059
13.789,107.68,5,405.121,1.65,27.312,2.647,5.7,36.124,36.564,34.818,25.25,174.14,81.48,18.14,3,-179.93,-183.32,-167.16,-135.46,50.28,69.26,300.26,253.27,195.98,90.33,-133.36,-160.15,Rubber,Clay Loam,0.595,0.256,959.38,7,0.313,2.976.155,22.617
13.806,108.195,5,486.611,4.461,33.217,2.226,5.698,35.846,30.985,28.459,23.3,147.86,84.74,17.25,4,-159.46,-175.05,-157.67,-141.05,-0.75,18.07,145.89,104.16,223.27,261.45,-15.89,-102.98,Rubber,Clay Loam,0.437,0.247,752.85,10,0.347,2.957.415,20.137
12.895,108.222,5.89,708.232,2.577,33.512,2.382,5.5,34.645,31.843,28.012,24.7,138.1,83.27,17.08,4,-159.26,-166.84,-154.61,-137.12,20.29,47.68,185.83,130.34,211.42,150.74,-24.92,-103.53,Rubber,Clay Loam,0.521,0.25,746.28,9,0.283,3166.95,20.096
13.261,107.716,5.548,696,11.48,32.479,2.956,5.51,34.264,33.256,30.731,24.296,135.236,83.44,17.859,3.452,-151.31,-154.8,-138.471,-111.369,24.086,81.24,205.711,171.549,140.456,132.449,-82.24,-117.295,Rubber,Clay Loam,0.503,0.254,755.485,7,0.272,2.888.565,19.772
12.019,107.925,5,780.093,3.64,32.845,36.155,5.2,31.973,35.182,37.273,22.01,4.8,86.45,17.623,12,-3.64,-4.95,-5.06,-4.94,2.06,2.54,10.12,2.23,7.25,0.26,-2.31,-3.54,Rubber,Clay Loam,0.358,0.269,24.44,7,0.414,3.902.346,16.939
12.969,107.648,6,190.844,0.631,37.926,1.98,5.831,32.033,29.956,21.696,25.82,227.9,82.05,17.912,4,-222.95,-224.84,-212.6,-186.27,25.42,125.85,462.77,319.67,217.47,42.22,-150.03,-196.73,Rubber,Clay Loam,0.597,0.247,1193.42,7,0.388,3.219.777,24.58
12.66,107.855,5,358.352,0.931,33.8,2.466,5.82,37.043,29.157,21.988,23.35,141.43,84.51,17.87,4,-162.08,-169.35,-158.73,-138.82,7,56.24,226.23,162.74,189.26,115.44,-29.2,-98.71,Rubber,Clay Loam,0.444,0.236,756.89,7,0.299,2.491.653,21.021
13.14,107.723,6,191.465,0.965,35.168,1.932,5.951,32.616,32.216,23.251,25.82,227.9,82.05,18.14,4,-222.95,-224.84,-212.6,-186.27,25.42,125.85,462.77,319.67,217.47,42.22,-150.03,-196.73,Rubber,Clay Loam,0.597,0.248,1193.42,7,0.388,2.889.261,24.575
14.459,107.677,5.15,734.25,13.423,28.37,3.976,5.615,37.8,33.83,43.564,23.36,139.49,84.71,17.66,3,-150.13,-154.94,-139.28,-111.93,18.2,34.11,207.98,194.59,162.57,151.62,-93.27,-119.51,Rubber,Clay Loam,0.439,0.264,769.06,7,0.27,2.749.751,18.587
12.968,108.097,5,451.571,9.975,31.713,2.222,5.53,37.196,31.091,33.687,24.7,138.1,83.27,17.135,4,-159.26,-166.84,-154.61,-137.12,20.29,47.68,185.83,130.34,211.42,150.74,-24.92,-103.53,Rubber,Clay Loam,0.521,0.252,746.28,9,0.283,3.103.611,21.765
14.229,108.057,6,623.051,3.198,29.273,1.755,5.8,34.799,35.928,26.02,23.3,147.86,84.74,16.63,4,-159.46,-175.05,-157.67,-141.05,-0.75,18.07,145.89,104.16,223.27,261.45,-15.89,-102.98,Rubber,Clay Loam,0.437,0.246,752.85,10,0.347,2.725.728,19.25
13.497,108.013,6,484.476,10.081,28.072,2.409,5.595,36.548,35.433,33.493,24.57,141.28,83.7,17.674,4,-159.46,-169.36,-154.13,-136.02,24.8,37.8,167.03,113.53,221.94,194.62,-29.94,-110.79,Rubber,Clay Loam,0.503,0.253,759.7,9,0.292,3.045.998,21.421
13.383,107.631,5,154.248,0.754,36.199,2.152,5.813,32.563,31.2,24.423,25.96,199.04,81.8,18.14,3,-202.41,-205.29,-190.82,-159.08,55.01,90.16,368.73,274.99,223.54,69.09,-144.32,-179.6,Rubber,Clay Loam,0.61,0.249,1081.52,7,0.341,3.010.327,24.957
13.476,108.138,6,244.128,6.218,36.259,2.53,5.882,36.531,27.21,30.457,24.57,141.28,83.7,17.601,4,-159.46,-169.36,-154.13,-136.02,24.8,37.8,167.03,113.53,221.94,194.62,-29.94,-110.79,Rubber,Clay Loam,0.503,0.249,759.7,9,0.292,2423.79,22.983
12.562,108.033,5,702,3.64,33.524,25.676,5.508,37.681,28.849,31.995,24.447,5.545,83.718,17.049,12,-4.479,-5.443,-5.614,-5.314,2.015,3.081,11.476,2.375,8.221,1.4,-3.023,-4.685,Rubber,Clay Loam,0.499,0.248,28.558,7,0.402,3.234.611,19.884
13.873,107.647,5.785,407.935,3.363,26.607,2.736,5.621,36.5,36.815,30.649,25.25,174.14,81.48,18.14,3,-179.93,-183.32,-167.16,-135.46,50.28,69.26,300.26,253.27,195.98,90.33,-133.36,-160.15,Rubber,Loam,0.595,0.249,959.38,7,0.313,3.157.014,22.598
13.097,107.867,6,187.216,1.617,36.624,2.027,5.978,33.229,30.057,26.744,24.7,138.1,83.27,18.14,4,-159.26,-166.84,-154.61,-137.12,20.29,47.68,185.83,130.34,211.42,150.74,-24.92,-103.53,Rubber,Clay Loam,0.521,0.251,746.28,9,0.283,2.157.749,23.483
13.339,107.693,5,160,0.622,37.363,2.121,5.904,33.245,29.392,22.166,25.96,199.04,81.8,18.14,3,-202.41,-205.29,-190.82,-159.08,55.01,90.16,368.73,274.99,223.54,69.09,-144.32,-179.6,Rubber,Clay Loam,0.61,0.245,1081.52,7,0.341,2.779.544,24.92
12.602,107.992,5.213,395.852,1.473,32.854,2.483,5.779,33.802,33.423,24.887,23.35,141.43,84.51,17.248,4,-162.08,-169.35,-158.73,-138.82,7,56.24,226.23,162.74,189.26,115.44,-29.2,-98.71,Rubber,Clay Loam,0.444,0.247,756.89,7,0.299,2.578.227,20.777
13.729,108.319,5.685,699.946,3.64,32.499,19.866,5.805,34.15,33.382,27.571,23.805,4.835,85.496,16.346,12,-3.604,-5.115,-5.716,-5.048,1.775,2.321,7.328,1.244,8.753,4.161,-1.867,-4.22,Rubber,Clay Loam,0.428,0.25,25.57,9,0.342,2.590.724,19.255
13.834,107.634,5.688,513.644,7.769,25.869,2.249,5.769,36.488,37.643,31.236,25.25,174.14,81.48,18.14,3,-179.93,-183.32,-167.16,-135.46,50.28,69.26,300.26,253.27,195.98,90.33,-133.36,-160.15,Rubber,Loam,0.595,0.25,959.38,7,0.313,2818.19,21.911
12.91,107.959,5.438,290.937,4.99,35.594,2.186,5.844,35.168,29.181,24.85,24.7,138.1,83.27,17.988,4,-159.26,-166.84,-154.61,-137.12,20.29,47.68,185.83,130.34,211.42,150.74,-24.92,-103.53,Rubber,Clay Loam,0.521,0.244,746.28,9,0.283,2.440.663,22.809
12.881,108.061,5.745,415.416,2.367,30.758,2.17,5.6,35.865,33.402,30.213,24.7,138.1,83.27,17.123,4,-159.26,-166.84,-154.61,-137.12,20.29,47.68,185.83,130.34,211.42,150.74,-24.92,-103.53,Rubber,Clay Loam,0.521,0.25,746.28,9,0.283,2955.82,22
13.487,108.111,5,347.727,7.451,34.346,2.441,5.732,35.705,29.95,26.144,24.57,141.28,83.7,17.25,4,-159.46,-169.36,-154.13,-136.02,24.8,37.8,167.03,113.53,221.94,194.62,-29.94,-110.79,Rubber,Clay Loam,0.503,0.244,759.7,9,0.292,2.748.986,22.31
13.236,107.662,6,162.5,1.587,34.258,1.939,5.9,33.092,32.65,19.258,25.82,227.9,82.05,18.14,4,-222.95,-224.84,-212.6,-186.27,25.42,125.85,462.77,319.67,217.47,42.22,-150.03,-196.73,Rubber,Clay Loam,0.597,0.241,1193.42,7,0.388,3029.73,24.764
12.908,108.188,5.902,703.491,1.909,32.777,2.216,5.5,34.787,32.427,28.999,24.7,138.1,83.27,17.08,4,-159.26,-166.84,-154.61,-137.12,20.29,47.68,185.83,130.34,211.42,150.74,-24.92,-103.53,Rubber,Clay Loam,0.521,0.251,746.28,9,0.283,3166.95,20.127
12.93,108.279,5.539,705.231,3.64,34.662,23.862,5.546,36.877,28.562,30.669,24.75,5.04,84.49,16.64,12,-3.85,-5.19,-5.49,-5.13,2.87,2.02,9.17,1.47,8.91,1.97,-2.38,-4.35,Rubber,Clay Loam,0.484,0.248,26.39,7,0.347,3.152.228,20.166
13.476,107.969,5.637,250.186,5.188,34.744,2.279,5.736,35.722,29.534,26.291,24.57,141.28,83.7,17.817,4,-159.46,-169.36,-154.13,-136.02,24.8,37.8,167.03,113.53,221.94,194.62,-29.94,-110.79,Rubber,Clay Loam,0.503,0.245,759.7,9,0.292,2.740.314,22.944
13.83,108.033,5.659,731.725,5.381,25.8,2.02,5.6,39.2,35,25.8,23.3,147.86,84.74,17.25,4,-159.46,-175.05,-157.67,-141.05,-0.75,18.07,145.89,104.16,223.27,261.45,-15.89,-102.98,Rubber,Loam,0.437,0.236,752.85,10,0.347,3.180.016,18.544
14.073,108.294,6,732.476,1.339,30.243,1.82,5.89,32.978,36.69,22.994,23.3,147.86,84.74,16.695,4,-159.46,-175.05,-157.67,-141.05,-0.75,18.07,145.89,104.16,223.27,261.45,-15.89,-102.98,Rubber,Clay Loam,0.437,0.246,752.85,10,0.347,2.521.298,18.539
13.534,108.123,5.637,497.273,2.36,31.198,2.259,5.709,35.246,33.555,30.866,24.57,141.28,83.7,17.25,4,-159.46,-169.36,-154.13,-136.02,24.8,37.8,167.03,113.53,221.94,194.62,-29.94,-110.79,Rubber,Clay Loam,0.503,0.252,759.7,9,0.292,2.798.849,21.338
14.081,107.647,5.614,278.298,10.534,29.551,2.52,5.877,36.828,33.683,29.251,25.25,174.14,81.48,17.66,3,-179.93,-183.32,-167.16,-135.46,50.28,69.26,300.26,253.27,195.98,90.33,-133.36,-160.15,Rubber,Clay Loam,0.595,0.246,959.38,7,0.313,2570.94,23.441
13.509,107.572,5,176.267,3.64,30.14,22.127,5.807,34.873,34.987,31.353,26.03,6.93,82.59,17.67,12,-5.74,-6.67,-6.72,-5.6,3.27,5.56,14.57,4.05,8.95,0.25,-5.41,-6.56,Rubber,Clay Loam,0.586,0.254,36.7,7,0.398,2.586.388,24.884
12.744,108.142,5,535.147,3.64,29.093,21.767,5.596,38.2,32.656,33.211,24.105,5.136,85.082,16.64,12,-3.898,-5.243,-5.48,-5.212,2.774,1.928,10.008,1.745,8.684,1.363,-2.399,-4.249,Rubber,Clay Loam,0.448,0.249,26.481,7,0.378,3043.83,20.627
11.941,107.677,5.15,543.065,10.88,32.82,3.164,5.5,33.245,33.834,32.109,24.04,181.62,82.12,18.1,4,-188.5,-190,-176.72,-153.36,10.7,136.2,344.01,256.97,158.52,68.86,-111.48,-155.21,Rubber,Clay Loam,0.535,0.258,975.27,7,0.353,3.466.725,20.51
13.524,108.059,6,373.263,3.616,31.194,1.906,5.874,36.079,32.801,23.798,24.57,141.28,83.7,17.906,4,-159.46,-169.36,-154.13,-136.02,24.8,37.8,167.03,113.53,221.94,194.62,-29.94,-110.79,Rubber,Clay Loam,0.503,0.24,759.7,9,0.292,2.441.134,22.144
12.555,107.801,5.488,398.952,5.843,32.829,2.173,5.8,35.073,32.046,30.744,23.73,231.98,84.06,17.87,4,-223.28,-224.48,-213.24,-190.37,2.58,142.09,478.49,339.12,196.45,35.26,-147.65,-194.95,Rubber,Clay Loam,0.468,0.252,1193.97,7,0.401,3.281.364,21.137
14.408,107.758,6,648.517,17.11,30.62,2.348,5.668,36.412,32.968,29.364,23.36,139.49,84.71,17.66,3,-150.13,-154.94,-139.28,-111.93,18.2,34.11,207.98,194.59,162.57,151.62,-93.27,-119.51,Rubber,Clay Loam,0.439,0.247,769.06,7,0.27,2.644.526,19.145
13.378,107.76,5.958,183.042,1.036,33.479,2.41,5.696,34.567,31.954,33.45,25.96,199.04,81.8,18.14,3,-202.41,-205.29,-190.82,-159.08,55.01,90.16,368.73,274.99,223.54,69.09,-144.32,-179.6,Rubber,Clay Loam,0.61,0.257,1081.52,7,0.341,3.307.048,24.77
12.503,107.877,5,462.509,2.31,33.01,2.244,5.725,34.726,32.264,24.676,23.35,141.43,84.51,17.803,4,-162.08,-169.35,-158.73,-138.82,7,56.24,226.23,162.74,189.26,115.44,-29.2,-98.71,Rubber,Clay Loam,0.444,0.245,756.89,7,0.299,2.692.252,20.344
11.966,107.929,5,771.582,3.64,33.926,34.948,5.257,31.923,34.18,36.291,22.348,4.531,85.908,17.578,12,-3.475,-4.74,-4.844,-4.724,1.819,2.835,9.195,2.131,6.918,0.459,-2.219,-3.344,Rubber,Clay Loam,0.381,0.267,23.346,7,0.394,3.778.772,17.333
12.285,107.693,5,729.351,3.64,33.071,25.173,5.429,35.27,31.751,27.68,24.038,6.039,83.037,17.435,12,-5.095,-5.692,-5.764,-5.493,1.029,4.195,13.634,3.274,7.502,1.05,-3.625,-5.014,Rubber,Clay Loam,0.507,0.248,30.683,7,0.444,3.405.881,19.297
14.242,108.478,5,971.57,3.64,33.985,35.464,5.493,37.836,28.179,40.207,24.119,5.358,87.154,16.241,12,-2.336,-4.645,-6.915,-6.338,-2.24,-0.753,2.872,-2.242,8.35,10.491,5.084,-1.312,Rubber,Clay Loam,0.386,0.259,26.781,10,0.391,3.267.131,17.804
11.506,107.807,5.988,938.915,3.64,35.994,47.024,5.496,35.377,28.628,56.401,25.424,4.352,82.474,17.7,12,-3.995,-4.466,-4.486,-4.256,0.378,4.29,8.539,1.83,5.8,2.409,-2.387,-3.677,Rubber,Clay Loam,0.569,0.288,23.267,7,0.367,3.260.627,19.321
11.833,108.075,6,1.045.435,3.64,35.335,34.165,5.3,33.465,31.196,40.396,22.071,4.819,86.418,18.716,12,-3.653,-4.965,-5.078,-4.956,2.087,2.509,10.154,2.222,7.302,0.28,-2.315,-3.566,Rubber,Clay Loam,0.361,0.27,24.533,7,0.414,3.685.549,15.276
11.675,108.175,5.262,875.312,3.64,34.021,31.246,5.569,36.057,29.921,28.779,23.788,3.976,83.997,18.519,12,-3.301,-4.273,-4.345,-4.196,0.99,3.766,7.283,1.862,6.001,1.346,-2.09,-3.063,Rubber,Clay Loam,0.471,0.247,21.268,7,0.343,3.102.365,18.098
13.494,108.038,6,252.766,4.173,35.464,2.079,5.9,33.49,31.046,25.476,24.57,141.28,83.7,17.25,4,-159.46,-169.36,-154.13,-136.02,24.8,37.8,167.03,113.53,221.94,194.62,-29.94,-110.79,Rubber,Clay Loam,0.503,0.249,759.7,9,0.292,2.384.767,22.927
13.429,108.259,5.297,428.035,15.265,32.207,2.407,5.97,37.403,30.36,33.147,24.57,141.28,83.7,17.25,4,-159.46,-169.36,-154.13,-136.02,24.8,37.8,167.03,113.53,221.94,194.62,-29.94,-110.79,Rubber,Clay Loam,0.503,0.25,759.7,9,0.292,2.233.009,21.788
13.559,108.101,5.65,879,3.64,33.285,31.105,5.535,34.58,32.2,34.673,21.906,4.839,87.621,17.119,12,-3.152,-4.878,-5.879,-5.265,0.155,1.174,5.822,0.799,7.9,6.321,0.005,-3,Rubber,Clay Loam,0.325,0.259,22.174,9,0.356,3.176.076,16.192
12.432,107.637,5.225,729.817,11.471,32.904,2.359,5.477,35.863,31.232,33.965,23.73,231.98,84.06,17.87,4,-223.28,-224.48,-213.24,-190.37,2.58,142.09,478.49,339.12,196.45,35.26,-147.65,-194.95,Rubber,Clay Loam,0.468,0.255,1193.97,7,0.401,4.164.598,18.986
13.409,107.678,5.339,176.693,1.306,31.797,1.876,5.9,33.247,34.923,22.5,25.96,199.04,81.8,18.14,3,-202.41,-205.29,-190.82,-159.08,55.01,90.16,368.73,274.99,223.54,69.09,-144.32,-179.6,Rubber,Clay Loam,0.61,0.245,1081.52,7,0.341,2.789.688,24.811
12.826,108.119,6,511.222,3.64,29.789,21.607,5.756,36.541,33.689,26.707,23.638,5.181,85.548,16.666,12,-3.911,-5.272,-5.498,-5.244,2.64,2.002,10.351,1.894,8.529,1.158,-2.418,-4.205,Rubber,Clay Loam,0.422,0.243,26.548,7,0.39,2.696.955,20.315
12.962,107.747,5.826,266.085,14.147,34.169,2.706,5.517,34.208,31.623,30.83,25.82,227.9,82.05,17.87,4,-222.95,-224.84,-212.6,-186.27,25.42,125.85,462.77,319.67,217.47,42.22,-150.03,-196.73,Rubber,Clay Loam,0.597,0.254,1193.42,7,0.388,4.084.627,24.09
12.353,107.625,6,812.378,3.64,32.838,25.233,5.41,34.749,32.423,37.051,23.78,8.07,84.94,17.53,12,-6.53,-7.12,-7.14,-6.8,1.78,5.04,19.69,5.03,8.76,-0.75,-5.38,-6.63,Rubber,Clay Loam,0.443,0.262,40.35,7,0.489,3.447.072,18.5
11.811,107.936,5,935.397,3.64,35.704,30.05,5.336,33.228,30.968,38.298,23.383,5.685,84.046,18.077,12,-4.683,-5.472,-5.522,-5.33,1.367,3.722,12.807,3.029,7.356,0.57,-3.281,-4.557,Rubber,Clay Loam,0.459,0.267,28.845,7,0.444,3.607.502,17.303
14.562,107.701,5.764,705.189,15.735,29.858,2.912,5.6,35.343,34.799,29.825,23.36,139.49,84.71,17.66,3,-150.13,-154.94,-139.28,-111.93,18.2,34.11,207.98,194.59,162.57,151.62,-93.27,-119.51,Rubber,Clay Loam,0.439,0.25,769.06,7,0.27,2.779.532,18.776
13.369,107.845,6,222.145,3.64,32.666,24.54,5.827,32.763,34.571,28.618,24.901,5.196,83.936,17.559,12,-4.075,-5.307,-5.559,-4.923,2.833,2.73,9.644,1.968,8.64,1.676,-2.945,-4.671,Rubber,Clay Loam,0.506,0.255,27.48,7,0.351,2.543.029,23.457
14.617,107.872,5.021,944,3.64,36.46,31.948,5.598,33.838,29.704,38.143,21.878,4.839,88.172,17.283,12,-2.894,-4.827,-6.278,-5.414,-0.826,0.506,3.58,0.069,8.205,9.399,1.182,-2.713,Rubber,Clay Loam,0.31,0.266,22.952,10,0.41,3.039.494,15.742
12.884,108.194,5.918,666.068,5.11,33.452,2.161,5.608,35.212,31.427,36.981,24.7,138.1,83.27,17.08,4,-159.26,-166.84,-154.61,-137.12,20.29,47.68,185.83,130.34,211.42,150.74,-24.92,-103.53,Rubber,Clay Loam,0.521,0.261,746.28,9,0.283,2938.93,20.371
12.8,108.376,5.032,496.868,1.192,30.59,2.158,6.09,39.462,29.948,22.396,24.7,138.1,83.27,17.085,4,-159.26,-166.84,-154.61,-137.12,20.29,47.68,185.83,130.34,211.42,150.74,-24.92,-103.53,Rubber,Clay Loam,0.521,0.231,746.28,9,0.283,1.921.283,21.47
12.992,107.855,5,194.477,0.876,33.855,2.166,5.87,33.814,32.332,24.464,24.7,138.1,83.27,18.06,4,-159.26,-166.84,-154.61,-137.12,20.29,47.68,185.83,130.34,211.42,150.74,-24.92,-103.53,Rubber,Clay Loam,0.521,0.246,746.28,9,0.283,2.385.769,23.436
14.202,108.119,5.769,1.143.154,3.64,31.3,35.6,5.577,36.731,31.969,42.869,23.019,4.768,86.488,16.21,12,-3.352,-5.025,-5.935,-5.109,0.776,1.994,5.795,0.884,8.581,6.188,-0.965,-3.825,Rubber,Clay Loam,0.38,0.266,24.211,9,0.354,3.085.021,15.588
13.187,107.868,5.625,192.877,3.64,33.738,18.663,5.9,33.95,32.312,26.898,24.75,5.04,84.49,17.67,12,-3.85,-5.19,-5.49,-5.13,2.87,2.02,9.17,1.47,8.91,1.97,-2.38,-4.35,Rubber,Clay Loam,0.484,0.25,26.39,7,0.347,2.384.767,23.496
13.324,107.967,6,749.653,3.64,32.887,29.967,5.647,35.625,31.487,34.741,23.645,5.275,84.757,16.714,12,-4.151,-5.332,-5.797,-5.209,1.171,3.174,9.425,2.018,8.195,3.474,-2.451,-4.511,Rubber,Clay Loam,0.445,0.257,27.451,7,0.343,2.933.263,18.772
12.487,108.057,6,416.645,0.152,33.009,2.151,5.762,37.197,29.873,27.85,23.35,141.43,84.51,17.08,4,-162.08,-169.35,-158.73,-138.82,7,56.24,226.23,162.74,189.26,115.44,-29.2,-98.71,Rubber,Clay Loam,0.444,0.243,756.89,7,0.299,2.614.124,20.642
13.112,107.637,5,177.514,3.64,34.361,19.158,5.9,33.018,32.621,28.79,25.86,8.09,82.95,17.67,12,-6.57,-7.33,-7.36,-6.7,2.7,5.61,18.96,4.97,9.12,-0.51,-5.8,-7.04,Rubber,Clay Loam,0.568,0.254,41.31,7,0.458,2.384.767,24.706
13.073,108.015,5.615,760.005,3.64,33.278,32.934,5.646,35.845,30.915,36.222,23.305,4.397,85.413,16.784,12,-3.324,-4.745,-5.235,-4.69,1.247,2.891,6.626,1.425,7.679,3.549,-1.769,-3.656,Rubber,Clay Loam,0.417,0.258,23.419,9,0.328,2.935.431,18.365
12.06,107.879,5,833,3.64,30.556,36.501,5.123,32.065,37.479,40.111,22.01,4.8,86.45,17.818,12,-3.64,-4.95,-5.06,-4.94,2.06,2.54,10.12,2.23,7.25,0.26,-2.31,-3.54,Rubber,Clay Loam,0.358,0.272,24.44,7,0.414,4069.28,16.596
13.046,107.961,5,258.849,6.896,36.563,2.318,5.936,33.661,29.775,26.945,24.7,138.1,83.27,18.044,4,-159.26,-166.84,-154.61,-137.12,20.29,47.68,185.83,130.34,211.42,150.74,-24.92,-103.53,Rubber,Clay Loam,0.521,0.25,746.28,9,0.283,2.246.423,23.017
13.15,107.656,5.47,177.712,3.64,34.053,18.088,5.959,32.495,33.405,20.364,25.86,8.09,82.95,17.67,12,-6.57,-7.33,-7.36,-6.7,2.7,5.61,18.96,4.97,9.12,-0.51,-5.8,-7.04,Rubber,Clay Loam,0.568,0.244,41.31,7,0.458,2.256.857,24.705
13.115,107.868,5.042,186.042,1.181,36.604,2.211,5.904,31.95,31.441,27.675,24.7,138.1,83.27,18.14,4,-159.26,-166.84,-154.61,-137.12,20.29,47.68,185.83,130.34,211.42,150.74,-24.92,-103.53,Rubber,Clay Loam,0.521,0.255,746.28,9,0.283,2.313.985,23.491
14.061,108.274,5.968,757.189,8.257,32.363,2.255,5.803,32.12,35.517,32.742,23.3,147.86,84.74,16.63,4,-159.46,-175.05,-157.67,-141.05,-0.75,18.07,145.89,104.16,223.27,261.45,-15.89,-102.98,Rubber,Clay Loam,0.437,0.262,752.85,10,0.347,2.718.914,18.378
12.969,107.918,5.799,235.188,1.483,34.763,2.202,5.82,35.019,30.298,23.043,24.7,138.1,83.27,17.87,4,-159.26,-166.84,-154.61,-137.12,20.29,47.68,185.83,130.34,211.42,150.74,-24.92,-103.53,Rubber,Clay Loam,0.521,0.242,746.28,9,0.283,2.491.334,23.171
11.918,108.189,5.293,993.586,3.64,32.293,31.063,5.317,33.988,33.69,32.756,22.358,4.522,85.891,18.81,12,-3.47,-4.733,-4.837,-4.717,1.811,2.845,9.165,2.128,6.907,0.465,-2.216,-3.338,Rubber,Clay Loam,0.381,0.258,23.311,7,0.393,3.648.694,15.9
12.739,107.769,5.98,294.701,4.727,28.698,2.828,5.498,33.59,37.81,38.15,23.772,231.898,84.02,17.87,4,-223.273,-224.487,-213.227,-190.288,3.037,141.765,478.175,338.73,196.871,35.399,-147.698,-194.986,Rubber,Clay Loam,0.47,0.266,1.193.959,7,0.4,4107.77,21.856
13.536,108,5.398,484.398,7.486,29.898,2.47,5.68,35.36,34.702,25.064,24.57,141.28,83.7,17.786,4,-159.46,-169.36,-154.13,-136.02,24.8,37.8,167.03,113.53,221.94,194.62,-29.94,-110.79,Rubber,Clay Loam,0.503,0.244,759.7,9,0.292,2861.72,21.421
13.088,107.981,5.418,271,3.64,34.476,24.997,5.767,33.886,31.638,28.477,25.351,6.766,83.718,17.217,12,-5.388,-6.42,-6.633,-5.99,2.621,4.42,14.337,3.417,9.036,1.01,-4.384,-5.975,Rubber,Clay Loam,0.527,0.252,34.79,7,0.411,2.673.107,23.59
13.435,107.737,5.748,176.756,3.64,37.642,20.15,5.825,30.978,31.305,24.245,26.03,6.93,82.59,17.67,12,-5.74,-6.67,-6.72,-5.6,3.27,5.56,14.57,4.05,8.95,0.25,-5.41,-6.56,Rubber,Clay Loam,0.586,0.253,36.7,7,0.398,2.547.365,24.881
13.081,107.712,5.812,197.694,1.041,35.906,2.037,5.8,31.344,32.732,23.7,25.82,227.9,82.05,18.14,4,-222.95,-224.84,-212.6,-186.27,25.42,125.85,462.77,319.67,217.47,42.22,-150.03,-196.73,Rubber,Clay Loam,0.597,0.251,1193.42,7,0.388,3305.16,24.535
13.423,108.008,5.344,248.718,3.138,35.185,2.238,5.766,34.283,30.532,26.203,24.57,141.28,83.7,17.556,4,-159.46,-169.36,-154.13,-136.02,24.8,37.8,167.03,113.53,221.94,194.62,-29.94,-110.79,Rubber,Clay Loam,0.503,0.248,759.7,9,0.292,2.675.275,22.953
13.156,107.611,5,177.744,3.64,33.749,19.384,5.887,33.418,32.833,29.931,25.882,7.941,82.904,17.67,12,-6.464,-7.245,-7.278,-6.559,2.773,5.604,18.398,4.852,9.098,-0.413,-5.75,-6.979,Rubber,Clay Loam,0.571,0.255,40.688,7,0.452,2.412.951,24.727
13.83,107.964,5.338,545.323,13.103,29.171,2.302,5.834,35.403,35.426,28.003,23.3,147.86,84.74,17.839,4,-159.46,-175.05,-157.67,-141.05,-0.75,18.07,145.89,104.16,223.27,261.45,-15.89,-102.98,Rubber,Clay Loam,0.437,0.248,752.85,10,0.347,2.648.499,19.755
14.001,107.61,5.072,288.079,10.407,33.162,2.655,5.986,36.773,30.065,28.639,25.25,174.14,81.48,17.695,3,-179.93,-183.32,-167.16,-135.46,50.28,69.26,300.26,253.27,195.98,90.33,-133.36,-160.15,Rubber,Clay Loam,0.595,0.246,959.38,7,0.313,2.321.401,23.377
12.656,107.781,6,364.262,0.732,31.778,1.975,5.733,36.498,31.725,28.681,23.73,231.98,84.06,17.87,4,-223.28,-224.48,-213.24,-190.37,2.58,142.09,478.49,339.12,196.45,35.26,-147.65,-194.95,Rubber,Clay Loam,0.468,0.246,1193.97,7,0.401,3.464.573,21.362
12.928,108.223,5.628,711.233,4.469,33.339,2.343,5.5,35.221,31.439,29.694,24.7,138.1,83.27,17.08,4,-159.26,-166.84,-154.61,-137.12,20.29,47.68,185.83,130.34,211.42,150.74,-24.92,-103.53,Rubber,Clay Loam,0.521,0.251,746.28,9,0.283,3166.95,20.077
14.057,107.697,6,583.2,8.388,26.411,2.87,5.686,38.561,34.972,39.038,25.25,174.14,81.48,17.867,3,-179.93,-183.32,-167.16,-135.46,50.28,69.26,300.26,253.27,195.98,90.33,-133.36,-160.15,Rubber,Loam,0.595,0.256,959.38,7,0.313,3.008.206,21.459
11.772,108.094,5.439,975.364,3.64,34.576,29.18,5.5,33.468,31.956,31.912,22.533,4.383,85.611,18.81,12,-3.385,-4.625,-4.726,-4.606,1.687,2.997,8.688,2.076,6.736,0.568,-2.169,-3.237,Rubber,Clay Loam,0.393,0.258,22.748,7,0.382,3.251.955,16.193
13.172,108.42,6,852.129,3.64,32.406,26.794,5.616,36.019,31.513,36.223,24.568,4.641,85.423,16.78,12,-3.242,-4.846,-5.385,-5.064,2.313,1.107,7.041,0.452,8.248,3.58,-0.6,-3.591,Rubber,Clay Loam,0.45,0.258,22.728,9,0.363,3000.47,19.029
14.715,107.638,5.057,658.602,8.922,31.766,2.699,5.694,34.6,33.728,26.42,23.36,139.49,84.71,17.66,3,-150.13,-154.94,-139.28,-111.93,18.2,34.11,207.98,194.59,162.57,151.62,-93.27,-119.51,Rubber,Clay Loam,0.439,0.247,769.06,7,0.27,2.592.906,19.079
13.004,107.769,5.241,210.074,1.278,33.652,2.304,5.752,36.27,30.078,27.144,25.82,227.9,82.05,18.075,4,-222.95,-224.84,-212.6,-186.27,25.42,125.85,462.77,319.67,217.47,42.22,-150.03,-196.73,Rubber,Clay Loam,0.597,0.245,1193.42,7,0.388,3.437.366,24.455
12.409,108.287,5.122,1.511.205,3.64,33.824,39.352,5.312,32.416,33.76,48.982,21.999,5.025,86.695,16.714,12,-3.486,-4.935,-5.354,-5.147,1.388,1.95,8.833,1.653,7.3,2.276,-1.308,-3.156,Rubber,Clay Loam,0.352,0.284,23.386,7,0.377,3.659.533,12.176
13.89,107.858,5,599.58,2.071,29.166,2.172,5.739,36.642,34.212,26.339,23.3,147.86,84.74,18.14,4,-159.46,-175.05,-157.67,-141.05,-0.75,18.07,145.89,104.16,223.27,261.45,-15.89,-102.98,Rubber,Clay Loam,0.437,0.243,752.85,10,0.347,2.864.286,19.403
13.387,107.773,5.113,171.982,3.64,33.968,18.742,5.889,34.453,31.49,21.666,26.03,6.93,82.59,17.67,12,-5.74,-6.67,-6.72,-5.6,3.27,5.56,14.57,4.05,8.95,0.25,-5.41,-6.56,Rubber,Clay Loam,0.586,0.241,36.7,7,0.398,2.408.615,24.912
13.1,108.273,5.354,669.521,5.107,35.215,2.779,5.729,34.706,30.179,34.236,24.7,138.1,83.27,17.19,4,-159.26,-166.84,-154.61,-137.12,20.29,47.68,185.83,130.34,211.42,150.74,-24.92,-103.53,Rubber,Clay Loam,0.521,0.258,746.28,9,0.283,2.683.462,20.348
13.41,108.051,5.286,248.144,2.012,35.814,2.181,5.829,32.4,31.786,26.043,24.57,141.28,83.7,17.25,4,-159.46,-169.36,-154.13,-136.02,24.8,37.8,167.03,113.53,221.94,194.62,-29.94,-110.79,Rubber,Clay Loam,0.503,0.252,759.7,9,0.292,2.538.693,22.957
13.875,108.255,5,652.816,5.699,32.442,2.293,5.8,34.092,33.447,32.28,23.3,147.86,84.74,17.25,4,-159.46,-175.05,-157.67,-141.05,-0.75,18.07,145.89,104.16,223.27,261.45,-15.89,-102.98,Rubber,Clay Loam,0.437,0.257,752.85,10,0.347,2.725.728,19.057
13.713,107.52,5,180.861,3.64,30.894,25.709,5.814,36.05,33.055,29.731,26.03,6.93,82.59,17.67,12,-5.74,-6.67,-6.72,-5.6,3.27,5.56,14.57,4.05,8.95,0.25,-5.41,-6.56,Rubber,Clay Loam,0.586,0.249,36.7,7,0.398,2.571.212,24.854
14.076,107.936,6,637.233,4.562,27.283,1.919,5.546,37.986,34.731,27.293,23.3,147.86,84.74,17.597,4,-159.46,-175.05,-157.67,-141.05,-0.75,18.07,145.89,104.16,223.27,261.45,-15.89,-102.98,Rubber,Clay Loam,0.437,0.241,752.85,10,0.347,3.302.674,19.158
13.011,107.818,5.081,217,3.64,29.524,25.311,5.716,34.692,35.784,23.435,24.796,5.088,84.321,17.507,12,-3.919,-5.226,-5.511,-5.067,2.859,2.237,9.315,1.622,8.827,1.88,-2.553,-4.448,Rubber,Clay Loam,0.491,0.243,26.724,7,0.348,2.783.673,23.386
12.481,107.739,5.252,542.406,6.155,34.569,2.437,5.475,34.376,31.031,33.596,23.73,231.98,84.06,17.87,4,-223.28,-224.48,-213.24,-190.37,2.58,142.09,478.49,339.12,196.45,35.26,-147.65,-194.95,Rubber,Clay Loam,0.468,0.258,1193.97,7,0.401,4.170.067,20.204
12.702,108.23,6,546.98,4.251,31.422,2.256,5.627,36.826,31.751,31.161,23.35,141.43,84.51,17.08,4,-162.08,-169.35,-158.73,-138.82,7,56.24,226.23,162.74,189.26,115.44,-29.2,-98.71,Rubber,Clay Loam,0.444,0.249,756.89,7,0.299,2.899.186,19.795
12.949,107.971,5,300.908,7.564,33.892,2.294,5.708,34.674,31.38,26.655,24.7,138.1,83.27,17.584,4,-159.26,-166.84,-154.61,-137.12,20.29,47.68,185.83,130.34,211.42,150.74,-24.92,-103.53,Rubber,Clay Loam,0.521,0.248,746.28,9,0.283,2727.8,22.744
13.299,107.899,5.158,185.052,0.976,36.247,2.113,5.716,33.295,30.458,22.574,24.57,141.28,83.7,17.999,4,-159.46,-169.36,-154.13,-136.02,24.8,37.8,167.03,113.53,221.94,194.62,-29.94,-110.79,Rubber,Clay Loam,0.503,0.245,759.7,9,0.292,2.783.673,23.367
13.504,108.269,6,663.629,3.64,32.48,35.32,5.437,35.338,32.154,41.83,24.522,4.447,85.726,16.615,12,-2.982,-4.384,-5.439,-5.012,-0.198,1.15,5.221,-0.426,7.244,6.378,1.309,-2.859,Rubber,Clay Loam,0.439,0.267,21.3,9,0.34,3.388.537,20.208
13.387,107.872,5.776,160.87,3.64,33.516,18.148,5.889,34.127,32.356,23.993,25.713,6.315,83.444,17.471,12,-5.025,-6.129,-6.423,-5.47,2.698,4.299,12.189,2.888,8.561,1.759,-3.691,-5.693,Rubber,Clay Loam,0.547,0.245,32.431,7,0.376,2.408.615,24.667
14.427,108.253,5,1.346.997,3.64,34.072,36.485,5.3,33.159,32.734,55.935,21.85,4.86,88.25,16.21,12,-2.89,-4.84,-6.32,-5.44,-0.87,0.44,3.51,0.03,8.25,9.58,1.25,-2.71,Rubber,Clay Loam,0.308,0.292,23.07,10,0.415,3.685.549,13.095
12.245,107.807,5.177,659.113,3.64,29.176,29.847,5.335,34.961,35.863,38.024,23.531,5.4,85.204,17.53,12,-4.175,-5.378,-5.521,-5.341,2.375,2.274,11.492,2.288,8.257,0.714,-2.661,-4.307,Rubber,Clay Loam,0.429,0.263,27.383,7,0.419,3609.67,19.247
12.629,107.92,5,364.095,1.334,31.855,2.117,5.7,35.036,33.109,24.501,23.35,141.43,84.51,17.87,4,-162.08,-169.35,-158.73,-138.82,7,56.24,226.23,162.74,189.26,115.44,-29.2,-98.71,Rubber,Clay Loam,0.444,0.244,756.89,7,0.299,2.745.041,20.983
13.077,107.845,5.985,188.923,1.18,35.998,2.167,5.802,34.288,29.714,23.775,24.7,138.1,83.27,18.14,4,-159.26,-166.84,-154.61,-137.12,20.29,47.68,185.83,130.34,211.42,150.74,-24.92,-103.53,Rubber,Clay Loam,0.521,0.244,746.28,9,0.283,2.529.337,23.472
13.084,108.21,6,671.499,7.923,33.3,2.7,5.694,37.275,29.425,31.558,24.692,138.299,83.297,17.25,4,-159.273,-166.998,-154.58,-137.051,20.572,47.061,184.653,129.287,212.079,153.487,-25.234,-103.985,Rubber,Clay Loam,0.519,0.248,747.121,9,0.284,2.761.991,20.327
13.259,107.87,6,190.698,3.64,33.709,18.299,5.904,33.513,32.783,28.972,24.745,5.035,84.503,17.632,12,-3.845,-5.188,-5.496,-5.124,2.854,2.052,9.115,1.461,8.91,2.02,-2.381,-4.356,Rubber,Clay Loam,0.484,0.253,26.39,7,0.345,2.376.095,23.505
13.067,107.881,5.835,209.517,1.658,34.067,2.021,5.934,33.716,32.216,22.642,24.7,138.1,83.27,18.14,4,-159.26,-166.84,-154.61,-137.12,20.29,47.68,185.83,130.34,211.42,150.74,-24.92,-103.53,Rubber,Clay Loam,0.521,0.244,746.28,9,0.283,2.250.646,23.338
12.882,107.753,5.132,229.054,3.64,31.926,25.668,5.54,32.84,35.234,29.176,25.882,7.937,82.903,17.548,12,-6.461,-7.243,-7.276,-6.555,2.775,5.603,18.382,4.849,9.098,-0.41,-5.749,-6.977,Rubber,Clay Loam,0.571,0.255,40.671,7,0.452,3.165.236,24.393
13.855,107.732,5.726,404.37,6.971,27.818,2.343,5.773,36.773,35.482,29.411,25.25,174.14,81.48,18.14,3,-179.93,-183.32,-167.16,-135.46,50.28,69.26,300.26,253.27,195.98,90.33,-133.36,-160.15,Rubber,Clay Loam,0.595,0.247,959.38,7,0.313,2.809.032,22.622
13.936,108.185,5,732.453,4.841,31.663,2.272,5.882,35.537,32.782,29.252,23.3,147.86,84.74,17.137,4,-159.46,-175.05,-157.67,-141.05,-0.75,18.07,145.89,104.16,223.27,261.45,-15.89,-102.98,Rubber,Clay Loam,0.437,0.249,752.85,10,0.347,2539.47,18.539
13.18,108.258,6,684,4.321,32.824,2.24,5.664,35.906,31.249,37.04,24.7,138.1,83.27,17.25,4,-159.26,-166.84,-154.61,-137.12,20.29,47.68,185.83,130.34,211.42,150.74,-24.92,-103.53,Rubber,Clay Loam,0.521,0.259,746.28,9,0.283,2.820.697,20.254
13.338,107.917,5.506,513.506,3.64,29.174,28.812,5.7,38.726,32.149,38.868,24.376,5.437,84.041,16.949,12,-4.329,-5.467,-5.612,-4.819,2.7,3.282,10.935,2.703,8.162,0.786,-3.477,-4.858,Rubber,Clay Loam,0.487,0.255,28.562,7,0.383,2.818.361,21.038
13.291,107.74,5,164.274,0.888,31.25,1.795,5.816,33.549,35.202,21.607,25.96,199.04,81.8,18.14,3,-202.41,-205.29,-190.82,-159.08,55.01,90.16,368.73,274.99,223.54,69.09,-144.32,-179.6,Rubber,Clay Loam,0.61,0.243,1081.52,7,0.341,3.002.719,24.892
12.995,108.306,5.267,684,3.171,31.495,2.158,5.82,36.379,32.126,30.386,24.7,138.1,83.27,17.125,4,-159.26,-166.84,-154.61,-137.12,20.29,47.68,185.83,130.34,211.42,150.74,-24.92,-103.53,Rubber,Clay Loam,0.521,0.249,746.28,9,0.283,2.491.334,20.254
12.703,108.201,5.542,549.204,3.596,31.712,2.212,5.608,35.582,32.706,31.736,23.35,141.43,84.51,17.08,4,-162.08,-169.35,-158.73,-138.82,7,56.24,226.23,162.74,189.26,115.44,-29.2,-98.71,Rubber,Clay Loam,0.444,0.253,756.89,7,0.299,2.939.305,19.78
13.675,108.133,5.41,383.542,5.788,34.589,2.33,5.818,34.782,30.688,28.507,24.57,141.28,83.7,17.615,4,-159.46,-169.36,-154.13,-136.02,24.8,37.8,167.03,113.53,221.94,194.62,-29.94,-110.79,Rubber,Clay Loam,0.503,0.25,759.7,9,0.292,2.562.541,22.077
14.697,108.017,5,1.140.933,3.64,32.645,32.584,5.402,35.926,31.429,48.822,22.111,4.142,86.864,16.721,12,-2.669,-4.171,-5.342,-4.181,-0.639,0.312,2.846,-0.063,7.06,8.366,0.832,-2.376,Rubber,Clay Loam,0.35,0.276,19.441,10,0.431,3.464.416,14.695
14.149,108.148,5,671.678,13.983,31.227,2.807,5.73,34.93,33.873,33.423,23.3,147.86,84.74,16.814,4,-159.46,-175.05,-157.67,-141.05,-0.75,18.07,145.89,104.16,223.27,261.45,-15.89,-102.98,Rubber,Clay Loam,0.437,0.256,752.85,10,0.347,2.884.729,18.934
13.128,107.714,6,191.305,1.171,36.204,1.981,5.957,32.691,31.061,23.648,25.82,227.9,82.05,18.14,4,-222.95,-224.84,-212.6,-186.27,25.42,125.85,462.77,319.67,217.47,42.22,-150.03,-196.73,Rubber,Clay Loam,0.597,0.248,1193.42,7,0.388,2.872.735,24.577
13.759,108.155,5.311,467.178,3.64,34.376,23.662,5.931,34.398,31.227,29.529,24.497,4.786,85.459,16.603,12,-3.388,-4.904,-5.676,-5.093,1.602,1.895,6.683,0.469,8.568,4.598,-0.826,-3.89,Rubber,Clay Loam,0.447,0.252,23.777,9,0.36,2317.56,21.46
13.148,107.857,5.127,183.493,1.16,35.672,2.011,5.9,33.487,30.828,22.225,24.7,138.1,83.27,18.14,4,-159.26,-166.84,-154.61,-137.12,20.29,47.68,185.83,130.34,211.42,150.74,-24.92,-103.53,Rubber,Clay Loam,0.521,0.244,746.28,9,0.283,2322.43,23.507
14.362,108.065,5.636,637.727,3.64,31.354,22.491,5.664,34.609,34,26.509,22.403,4.816,87.417,16.21,12,-3.108,-4.927,-6.138,-5.284,-0.092,1.175,4.59,0.434,8.406,7.976,0.203,-3.237,Rubber,Clay Loam,0.341,0.248,22.786,9,0.369,2.896.408,18.258
13.674,108.031,6,498.239,2.318,29.128,2.256,5.648,36.443,34.428,33.073,24.57,141.28,83.7,17.25,4,-159.46,-169.36,-154.13,-136.02,24.8,37.8,167.03,113.53,221.94,194.62,-29.94,-110.79,Rubber,Clay Loam,0.503,0.252,759.7,9,0.292,2.931.095,21.331
13.168,107.689,6,199.36,3.64,31.388,19.088,5.832,36.332,32.28,24.832,25.887,7.904,82.892,17.67,12,-6.437,-7.224,-7.258,-6.524,2.791,5.602,18.257,4.823,9.093,-0.388,-5.738,-6.963,Rubber,Clay Loam,0.571,0.241,40.532,7,0.45,2.532.189,24.591
13.279,107.857,5.538,1.044.077,3.64,33.823,34.062,5.346,34.469,31.662,41.046,22.181,4.154,85.979,18.09,12,-3.086,-4.272,-4.723,-3.989,0.925,1.451,6.446,1.127,6.595,3.422,-1.059,-2.843,Rubber,Clay Loam,0.375,0.268,19.972,9,0.33,3.585.822,15.394
13.385,107.783,5,173.009,3.64,33.908,18.913,5.9,34.573,31.42,21.705,26.028,6.941,82.593,17.67,12,-5.748,-6.676,-6.726,-5.61,3.265,5.56,14.611,4.059,8.952,0.243,-5.414,-6.564,Rubber,Clay Loam,0.586,0.241,36.738,7,0.398,2.384.767,24.903
12.689,108.11,5.247,530.973,2.544,33.227,1.89,5.525,35.448,31.4,28.065,23.35,141.43,84.51,17.08,4,-162.08,-169.35,-158.73,-138.82,7,56.24,226.23,162.74,189.26,115.44,-29.2,-98.71,Rubber,Clay Loam,0.444,0.248,756.89,7,0.299,3.114.566,19.899
13.135,107.639,5.726,175.094,3.64,32.992,19.726,5.973,33.999,33.009,25.922,25.86,8.09,82.95,17.67,12,-6.57,-7.33,-7.36,-6.7,2.7,5.61,18.96,4.97,9.12,-0.51,-5.8,-7.04,Rubber,Clay Loam,0.568,0.248,41.31,7,0.458,2.226.505,24.722
12.295,107.884,5,572.041,3.64,33.517,31.691,5.401,32.811,33.672,32.396,23.399,5.236,85.726,17.523,12,-3.947,-5.297,-5.467,-5.297,2.665,1.836,10.904,2.042,8.43,0.706,-2.419,-4.135,Rubber,Clay Loam,0.411,0.26,26.562,7,0.41,3.466.584,19.681
12.666,108.095,5.901,550.992,1.549,31.76,2.23,5.4,32.84,35.389,33.478,23.35,141.43,84.51,17.158,4,-162.08,-169.35,-158.73,-138.82,7,56.24,226.23,162.74,189.26,115.44,-29.2,-98.71,Rubber,Clay Loam,0.444,0.261,756.89,7,0.299,3.378.512,19.769
12.522,108.153,5.401,435.204,3.318,31.535,2.237,5.88,36.548,31.917,23.457,23.35,141.43,84.51,17.08,4,-162.08,-169.35,-158.73,-138.82,7,56.24,226.23,162.74,189.26,115.44,-29.2,-98.71,Rubber,Clay Loam,0.444,0.239,756.89,7,0.299,2.364.958,20.521
11.964,107.744,5.8,593.999,3.64,35.48,35.6,5.4,32.2,32.32,37.1,23.674,5.872,83.538,17.488,12,-4.904,-5.582,-5.62,-5.412,1.22,3.972,13.376,3.198,7.378,0.636,-3.486,-4.772,Rubber,Clay Loam,0.482,0.268,29.776,7,0.449,3.468.752,19.813
13.18,107.798,5.796,173.572,0.406,37.547,2.166,5.88,30.747,31.686,20.986,25.82,227.9,82.05,18.14,4,-222.95,-224.84,-212.6,-186.27,25.42,125.85,462.77,319.67,217.47,42.22,-150.03,-196.73,Rubber,Clay Loam,0.597,0.249,1193.42,7,0.388,3.084.816,24.692
13.398,107.755,6,184.665,2.196,34.677,2.315,5.644,34.544,30.834,29.925,25.96,199.04,81.8,18.14,3,-202.41,-205.29,-190.82,-159.08,55.01,90.16,368.73,274.99,223.54,69.09,-144.32,-179.6,Rubber,Clay Loam,0.61,0.252,1081.52,7,0.341,3.438.924,24.76
12.59,108.333,6,437.267,1.05,29.9,1.777,6,39.606,30.493,20.839,23.35,141.43,84.51,17.08,4,-162.08,-169.35,-158.73,-138.82,7,56.24,226.23,162.74,189.26,115.44,-29.2,-98.71,Rubber,Clay Loam,0.444,0.228,756.89,7,0.299,2111.57,20.508
13.497,107.706,5.616,185.616,3.956,34.548,2.215,5.677,34.27,31.244,25.94,25.96,199.04,81.8,18.14,3,-202.41,-205.29,-190.82,-159.08,55.01,90.16,368.73,274.99,223.54,69.09,-144.32,-179.6,Rubber,Clay Loam,0.61,0.247,1081.52,7,0.341,3.355.234,24.753
12.499,108.175,6,423,1.385,32.102,2.032,5.944,36.462,31.437,26.82,23.35,141.43,84.51,17.229,4,-162.08,-169.35,-158.73,-138.82,7,56.24,226.23,162.74,189.26,115.44,-29.2,-98.71,Rubber,Clay Loam,0.444,0.244,756.89,7,0.299,2.229.818,20.6
12.995,107.99,5.645,463.934,3.64,34.309,27.332,5.536,34.849,30.842,33.664,24.274,5.111,84.927,17.62,12,-3.886,-5.229,-5.483,-5.19,2.799,1.952,9.788,1.673,8.743,1.522,-2.394,-4.275,Rubber,Clay Loam,0.457,0.257,26.457,7,0.37,3.173.908,21.258
12.939,107.746,5.784,182.919,2.229,33.211,2.11,5.843,34.995,31.795,21.046,25.82,227.9,82.05,17.928,4,-222.95,-224.84,-212.6,-186.27,25.42,125.85,462.77,319.67,217.47,42.22,-150.03,-196.73,Rubber,Clay Loam,0.597,0.239,1193.42,7,0.388,3.186.725,24.631
13.515,107.992,5.554,293.783,2.732,33.483,2.183,5.9,35.63,30.942,24.851,24.57,141.28,83.7,17.743,4,-159.46,-169.36,-154.13,-136.02,24.8,37.8,167.03,113.53,221.94,194.62,-29.94,-110.79,Rubber,Clay Loam,0.503,0.243,759.7,9,0.292,2.384.767,22.66
13.028,108.029,5.005,380.953,3.64,31.624,27.893,5.601,35.883,32.493,33.074,24.75,5.04,84.49,16.78,12,-3.85,-5.19,-5.49,-5.13,2.87,2.02,9.17,1.47,8.91,1.97,-2.38,-4.35,Rubber,Clay Loam,0.484,0.254,26.39,7,0.347,3032.99,22.274
12.464,107.755,5.761,891.849,3.64,33.609,36.763,5.272,35.585,30.806,35.117,24.709,4.108,83.177,17.592,12,-3.612,-4.218,-4.437,-3.915,0.186,3.308,6.962,1.339,5.792,3.549,-1.708,-3.27,Rubber,Clay Loam,0.524,0.257,21.16,7,0.329,3.746.252,18.912
13.036,107.778,5.035,226.212,3.64,34.244,22.893,5.696,35.449,30.211,28.028,25.86,8.09,82.95,17.67,12,-6.57,-7.33,-7.36,-6.7,2.7,5.61,18.96,4.97,9.12,-0.51,-5.8,-7.04,Rubber,Clay Loam,0.568,0.248,41.31,7,0.458,2.827.033,24.39
13.565,108.412,5.746,184.254,3.64,35.502,21.937,6,33.215,31.358,22.285,24.64,4.92,84.79,16.78,12,-3.74,-5.15,-5.62,-5,2.51,2.76,7.89,1.25,8.92,3.13,-2.41,-4.49,Rubber,Clay Loam,0.472,0.245,26.41,9,0.337,2167.97,23.442
13.515,108.102,5.202,350.012,5.405,34.548,2.416,5.761,35.274,30.179,25.248,24.57,141.28,83.7,17.25,4,-159.46,-169.36,-154.13,-136.02,24.8,37.8,167.03,113.53,221.94,194.62,-29.94,-110.79,Rubber,Clay Loam,0.503,0.244,759.7,9,0.292,2.686.115,22.295
13.271,108.108,6,455.497,3.218,32.102,2.21,5.896,33.695,34.107,28.405,24.57,141.28,83.7,17.25,4,-159.46,-169.36,-154.13,-136.02,24.8,37.8,167.03,113.53,221.94,194.62,-29.94,-110.79,Rubber,Clay Loam,0.503,0.252,759.7,9,0.292,2.393.439,21.609
14.002,108.011,5.632,670.415,1.474,30.167,2.205,5.674,36.201,33.669,29.194,23.3,147.86,84.74,17.509,4,-159.46,-175.05,-157.67,-141.05,-0.75,18.07,145.89,104.16,223.27,261.45,-15.89,-102.98,Rubber,Clay Loam,0.437,0.248,752.85,10,0.347,3.011.929,18.942
13.576,108.253,6,447.923,4.55,36.646,2.513,5.833,32.117,31.204,31.498,24.57,141.28,83.7,17.25,4,-159.46,-169.36,-154.13,-136.02,24.8,37.8,167.03,113.53,221.94,194.62,-29.94,-110.79,Rubber,Clay Loam,0.503,0.26,759.7,9,0.292,2.530.021,21.659
13.288,107.901,5,185.107,1.075,36.485,1.99,5.745,33.332,30.183,22.189,24.57,141.28,83.7,18.007,4,-159.46,-169.36,-154.13,-136.02,24.8,37.8,167.03,113.53,221.94,194.62,-29.94,-110.79,Rubber,Clay Loam,0.503,0.244,759.7,9,0.292,2.720.802,23.367
13.542,107.997,5.306,290.611,1.642,34.061,2.123,5.9,33.714,32.256,28.305,24.57,141.28,83.7,17.522,4,-159.46,-169.36,-154.13,-136.02,24.8,37.8,167.03,113.53,221.94,194.62,-29.94,-110.79,Rubber,Clay Loam,0.503,0.252,759.7,9,0.292,2.384.767,22.681
13.465,107.811,5.123,259.137,3.64,32.405,24.098,5.625,37.542,30.14,27.433,24.724,5.008,84.495,17.618,12,-3.858,-5.209,-5.636,-4.92,2.537,2.999,8.269,1.509,8.793,2.85,-2.669,-4.622,Rubber,Clay Loam,0.483,0.242,26.914,9,0.326,2.980.959,23.04
14.179,108.368,5,1307.07,3.64,32.706,42.49,5.499,33.497,33.896,49.639,23.364,4.74,85.968,16.21,12,-3.488,-5.079,-5.822,-5.012,1.262,2.453,6.469,1.136,8.678,5.186,-1.619,-4.155,Rubber,Clay Loam,0.403,0.282,25.175,9,0.345,3.254.123,14.868
11.81,107.973,6,706.683,3.64,33.768,27.81,5.653,35.974,30.158,29.994,23.528,4.693,83.903,18.339,12,-3.856,-4.774,-4.838,-4.677,1.136,3.856,9.56,2.455,6.57,0.875,-2.649,-3.671,Rubber,Clay Loam,0.467,0.249,24.465,7,0.391,2.920.256,18.935
13.521,108.044,5.551,212,1.169,37.628,2.174,5.99,33.979,28.437,25.606,24.57,141.28,83.7,17.741,4,-159.46,-169.36,-154.13,-136.02,24.8,37.8,167.03,113.53,221.94,194.62,-29.94,-110.79,Rubber,Clay Loam,0.503,0.248,759.7,9,0.292,2189.65,23.192
13.179,108.29,5.278,672,5.6,35.377,3.008,5.772,35.35,29.344,32,24.7,138.1,83.27,17.25,4,-159.26,-166.84,-154.61,-137.12,20.29,47.68,185.83,130.34,211.42,150.74,-24.92,-103.53,Rubber,Clay Loam,0.521,0.253,746.28,9,0.283,2.592.676,20.332
12.504,108.185,5.886,422.545,0.714,31.716,2.037,5.966,36.345,31.939,28.913,23.35,141.43,84.51,17.17,4,-162.08,-169.35,-158.73,-138.82,7,56.24,226.23,162.74,189.26,115.44,-29.2,-98.71,Rubber,Clay Loam,0.444,0.247,756.89,7,0.299,2.183.363,20.603
12.997,107.937,6,239.407,2.322,33.972,2.181,5.859,34.622,31.406,24.305,24.7,138.1,83.27,17.98,4,-159.26,-166.84,-154.61,-137.12,20.29,47.68,185.83,130.34,211.42,150.74,-24.92,-103.53,Rubber,Clay Loam,0.521,0.244,746.28,9,0.283,2.408.993,23.144
13.253,108.058,5.392,313.042,3.64,34.501,24.413,5.778,33.753,31.747,25.291,24.707,4.993,84.607,16.78,12,-3.807,-5.174,-5.541,-5.079,2.729,2.31,8.669,1.384,8.914,2.424,-2.392,-4.405,Rubber,Clay Loam,0.479,0.248,26.398,9,0.337,2.649.259,22.672
13.786,107.768,5.587,380.413,3.64,29.72,32.834,5.6,35.665,34.615,35.978,23.992,4.417,85.183,17.056,12,-3.574,-4.655,-4.973,-3.979,1.995,2.361,7.719,1.746,7.471,2.481,-2.45,-4.103,Rubber,Clay Loam,0.442,0.258,23.734,7,0.325,3.035.158,21.519
14.225,107.808,5,590.782,3.64,28.969,20.574,5.739,37.304,33.696,27.287,23.433,4.211,85.758,17.378,12,-3.413,-4.524,-4.978,-3.73,1.347,2.557,6.633,1.696,7.136,3.549,-2.235,-4,Rubber,Clay Loam,0.411,0.242,22.88,9,0.311,2733.81,19.593
13.527,107.702,5.003,205.971,0.533,30.793,2.229,5.701,33.802,35.305,27.7,25.96,199.04,81.8,18.14,3,-202.41,-205.29,-190.82,-159.08,55.01,90.16,368.73,274.99,223.54,69.09,-144.32,-179.6,Rubber,Clay Loam,0.61,0.251,1081.52,7,0.341,3.294.368,24.621
13.4,107.755,6,184.859,2.331,34.825,2.302,5.638,34.538,30.699,29.487,25.96,199.04,81.8,18.14,3,-202.41,-205.29,-190.82,-159.08,55.01,90.16,368.73,274.99,223.54,69.09,-144.32,-179.6,Rubber,Clay Loam,0.61,0.252,1081.52,7,0.341,3.454.141,24.758
13.475,107.905,5,381.645,3.64,28.764,23.131,5.664,37.382,33.853,29.362,24.679,4.963,84.683,17.354,12,-3.779,-5.164,-5.574,-5.046,2.638,2.497,8.345,1.328,8.916,2.718,-2.399,-4.44,Rubber,Clay Loam,0.476,0.245,26.402,9,0.337,2.896.408,22.198
12.47,108.006,6,416.646,0.858,33.668,2.143,5.7,36.827,29.585,28.2,23.35,141.43,84.51,17.243,4,-162.08,-169.35,-158.73,-138.82,7,56.24,226.23,162.74,189.26,115.44,-29.2,-98.71,Rubber,Clay Loam,0.444,0.245,756.89,7,0.299,2.745.041,20.642
12.008,107.653,5.093,646.465,10.058,34.921,2.669,5.4,33.749,31.23,30.363,24.04,181.62,82.12,17.891,4,-188.5,-190,-176.72,-153.36,10.7,136.2,344.01,256.97,158.52,68.86,-111.48,-155.21,Rubber,Clay Loam,0.535,0.255,975.27,7,0.353,3697.84,19.838
13.192,107.979,6,353.707,11.12,30.9,2.719,5.618,35.724,33.377,31.588,24.7,138.1,83.27,18.14,4,-159.26,-166.84,-154.61,-137.12,20.29,47.68,185.83,130.34,211.42,150.74,-24.92,-103.53,Rubber,Clay Loam,0.521,0.252,746.28,9,0.283,2.917.817,22.401
12.05,107.688,5.481,707.062,9.107,36.096,2.885,5.4,33.915,29.989,36.102,24.04,181.62,82.12,17.87,4,-188.5,-190,-176.72,-153.36,10.7,136.2,344.01,256.97,158.52,68.86,-111.48,-155.21,Rubber,Clay Loam,0.535,0.263,975.27,7,0.353,3697.84,19.444
13.369,107.782,5,185.212,2.581,35.615,2.063,5.7,33.456,30.993,25.142,25.96,199.04,81.8,18.14,3,-202.41,-205.29,-190.82,-159.08,55.01,90.16,368.73,274.99,223.54,69.09,-144.32,-179.6,Rubber,Clay Loam,0.61,0.248,1081.52,7,0.341,3.296.904,24.756
13.189,108.124,5.935,465.065,5.134,31.812,2.945,5.713,35.347,32.841,37.971,24.7,138.1,83.27,17.239,4,-159.26,-166.84,-154.61,-137.12,20.29,47.68,185.83,130.34,211.42,150.74,-24.92,-103.53,Rubber,Clay Loam,0.521,0.262,746.28,9,0.283,2.717.243,21.677
13.086,107.889,6,213.96,3.64,34.986,21.562,5.842,34.048,30.966,23.49,24.75,5.04,84.49,17.67,12,-3.85,-5.19,-5.49,-5.13,2.87,2.02,9.17,1.47,8.91,1.97,-2.38,-4.35,Rubber,Clay Loam,0.484,0.245,26.39,7,0.347,2.510.509,23.359
13.603,107.999,5.561,381.316,5.878,32.13,2.035,5.788,35.602,32.225,26.544,24.57,141.28,83.7,17.75,4,-159.46,-169.36,-154.13,-136.02,24.8,37.8,167.03,113.53,221.94,194.62,-29.94,-110.79,Rubber,Clay Loam,0.503,0.245,759.7,9,0.292,2627.58,22.091
13.766,108.248,5,465.393,4.845,33.844,2.376,5.712,35.083,31.017,29.192,23.3,147.86,84.74,17.25,4,-159.46,-175.05,-157.67,-141.05,-0.75,18.07,145.89,104.16,223.27,261.45,-15.89,-102.98,Rubber,Clay Loam,0.437,0.25,752.85,10,0.347,2.925.615,20.275
12.603,108.063,5,426.551,3.64,33.207,22.373,5.84,37.408,29.424,23.962,23.41,5.24,85.72,17.177,12,-3.95,-5.3,-5.47,-5.3,2.67,1.83,10.91,2.04,8.44,0.71,-2.42,-4.14,Rubber,Clay Loam,0.411,0.238,26.58,7,0.41,2.514.845,20.637
13.116,108.246,5.676,693.882,3.651,31.176,2.508,5.635,35.35,33.474,28.647,24.7,138.1,83.27,17.195,4,-159.26,-166.84,-154.61,-137.12,20.29,47.68,185.83,130.34,211.42,150.74,-24.92,-103.53,Rubber,Clay Loam,0.521,0.249,746.28,9,0.283,2.881.925,20.19
14.002,108.475,5,972.56,3.64,34.653,35.402,5.48,37.378,27.968,40.046,24.032,5.129,87.144,16.294,12,-2.259,-4.602,-6.662,-6.144,-1.719,-0.654,2.98,-2.036,8.175,9.625,4.657,-1.35,Rubber,Clay Loam,0.384,0.26,25.426,10,0.378,3.295.314,17.71
13.295,108.014,6,302.191,3.64,32.187,22.871,5.873,35.09,32.795,25.648,24.67,4.952,84.709,16.982,12,-3.77,-5.161,-5.585,-5.035,2.607,2.56,8.235,1.309,8.917,2.817,-2.402,-4.452,Rubber,Clay Loam,0.475,0.245,26.405,9,0.337,2.443.302,22.706
14.141,108.061,5.825,594.7,7.796,28.527,2.233,5.7,34.902,36.57,29.353,23.3,147.86,84.74,16.894,4,-159.46,-175.05,-157.67,-141.05,-0.75,18.07,145.89,104.16,223.27,261.45,-15.89,-102.98,Rubber,Clay Loam,0.437,0.251,752.85,10,0.347,2.952.872,19.434
14.65,107.684,5.498,657.505,11.83,31.551,2.581,5.65,35.198,33.301,27.995,23.36,139.49,84.71,17.66,3,-150.13,-154.94,-139.28,-111.93,18.2,34.11,207.98,194.59,162.57,151.62,-93.27,-119.51,Rubber,Clay Loam,0.439,0.248,769.06,7,0.27,2.680.263,19.086
13.529,108.374,5.077,181.846,0.53,35.177,2.632,5.985,34.754,30.069,23.808,24.57,141.28,83.7,17.25,4,-159.46,-169.36,-154.13,-136.02,24.8,37.8,167.03,113.53,221.94,194.62,-29.94,-110.79,Rubber,Clay Loam,0.503,0.243,759.7,9,0.292,2200.49,23.388
14.1,107.663,5.941,280.59,11.65,30.271,2.605,5.812,37.483,32.34,28.105,25.25,174.14,81.48,17.66,3,-179.93,-183.32,-167.16,-135.46,50.28,69.26,300.26,253.27,195.98,90.33,-133.36,-160.15,Rubber,Clay Loam,0.595,0.243,959.38,7,0.313,2.719.748,23.426
11.775,108.184,5.666,945.995,3.64,35.567,28.096,5.6,36.695,27.705,29.607,22.802,4.168,85.178,18.81,12,-3.254,-4.457,-4.554,-4.434,1.494,3.232,7.95,1.997,6.471,0.726,-2.097,-3.081,Rubber,Clay Loam,0.411,0.247,21.877,7,0.364,3.035.158,16.653
13.455,108.31,5.215,360.721,2.806,37.041,2.326,5.978,35.049,27.988,28.657,24.57,141.28,83.7,17.25,4,-159.46,-169.36,-154.13,-136.02,24.8,37.8,167.03,113.53,221.94,194.62,-29.94,-110.79,Rubber,Clay Loam,0.503,0.25,759.7,9,0.292,2.215.665,22.225
13.542,108.003,5,288.831,1.696,34.077,2.134,5.871,33.569,32.325,28.048,24.57,141.28,83.7,17.51,4,-159.46,-169.36,-154.13,-136.02,24.8,37.8,167.03,113.53,221.94,194.62,-29.94,-110.79,Rubber,Clay Loam,0.503,0.252,759.7,9,0.292,2.447.638,22.693
13.788,108.351,5.789,661.577,3.64,31.276,32.976,5.537,35.758,32.967,40.183,24.017,4.649,86.682,16.489,12,-2.893,-4.559,-5.73,-5.3,0.241,0.371,5.469,-0.562,7.927,6.341,1.602,-2.894,Rubber,Clay Loam,0.398,0.264,21.938,9,0.361,3171.74,19.717
13.842,107.72,5.517,471.275,9.05,26.369,2.28,5.7,35.8,37.831,27.145,25.25,174.14,81.48,18.14,3,-179.93,-183.32,-167.16,-135.46,50.28,69.26,300.26,253.27,195.98,90.33,-133.36,-160.15,Rubber,Loam,0.595,0.246,959.38,7,0.313,2.976.155,22.187
13.347,108.145,6,734.56,3.64,31.997,32.674,5.412,33.508,34.451,39.589,21.92,4.834,87.458,16.399,12,-3.22,-4.888,-5.765,-5.22,0.42,1.364,6.42,0.998,7.81,5.477,-0.317,-3.075,Rubber,Clay Loam,0.33,0.268,22.485,9,0.347,3.442.736,17.145
13.862,107.898,5,596.378,3.204,30.175,2.191,5.7,36.343,33.482,26.595,23.3,147.86,84.74,18.009,4,-159.46,-175.05,-157.67,-141.05,-0.75,18.07,145.89,104.16,223.27,261.45,-15.89,-102.98,Rubber,Clay Loam,0.437,0.244,752.85,10,0.347,2.952.872,19.424
13.832,107.687,6,412.046,3.623,26.128,2.467,5.6,36.97,36.869,33.25,25.25,174.14,81.48,18.14,3,-179.93,-183.32,-167.16,-135.46,50.28,69.26,300.26,253.27,195.98,90.33,-133.36,-160.15,Rubber,Loam,0.595,0.252,959.38,7,0.313,3205.09,22.572
13.799,107.698,5.566,410.66,3.436,26.451,2.445,5.643,36.723,36.826,34.604,25.25,174.14,81.48,18.14,3,-179.93,-183.32,-167.16,-135.46,50.28,69.26,300.26,253.27,195.98,90.33,-133.36,-160.15,Rubber,Loam,0.595,0.254,959.38,7,0.313,3.106.648,22.581
14.032,107.615,5.911,468.646,3.64,27.085,36.906,5.627,39.186,33.729,44.162,25.26,5.567,82.612,17.208,12,-4.615,-5.587,-5.738,-4.408,2.711,4.528,10.688,3.164,7.981,1.061,-4.324,-5.465,Rubber,Clay Loam,0.559,0.262,30.137,7,0.355,2.976.623,22.214
12.942,107.816,5,258.014,3.332,30.674,2.186,5.744,37.001,32.303,22.318,24.7,138.1,83.27,17.87,4,-159.26,-166.84,-154.61,-137.12,20.29,47.68,185.83,130.34,211.42,150.74,-24.92,-103.53,Rubber,Clay Loam,0.521,0.236,746.28,9,0.283,2.651.793,23.023
12.949,108.189,5.598,434.393,3.64,31.821,23.78,5.86,36.775,31.363,27.827,23.904,5.111,85.346,16.696,12,-3.866,-5.24,-5.53,-5.179,2.606,2.204,9.697,1.723,8.633,1.682,-2.416,-4.281,Rubber,Clay Loam,0.435,0.244,26.512,7,0.365,2.471.486,21.08
13.776,108.155,5,511.828,4.232,34.118,2.039,5.874,35.044,30.864,28.026,23.3,147.86,84.74,17.25,4,-159.46,-175.05,-157.67,-141.05,-0.75,18.07,145.89,104.16,223.27,261.45,-15.89,-102.98,Rubber,Clay Loam,0.437,0.249,752.85,10,0.347,2.557.641,19.973
14.357,107.762,6,599,3.64,28.4,25.59,5.8,38.096,33.604,32.293,23.46,3.981,85.67,17.251,12,-3.38,-4.281,-4.612,-3.173,1.38,2.6,6.7,1.939,6.464,2.844,-2.499,-3.93,Rubber,Clay Loam,0.414,0.248,21.875,7,0.306,2.601.564,19.566
13.399,108.034,6,302.799,3.64,32.573,23.419,5.893,34.421,33.1,26.439,24.647,4.928,84.77,16.83,12,-3.747,-5.153,-5.611,-5.009,2.534,2.711,7.976,1.265,8.919,3.052,-2.408,-4.481,Rubber,Clay Loam,0.472,0.248,26.409,9,0.337,2.399.943,22.679
12.653,107.915,5.643,330.145,1.713,33.093,2.327,5.871,35.729,31.243,20.487,23.35,141.43,84.51,17.87,4,-162.08,-169.35,-158.73,-138.82,7,56.24,226.23,162.74,189.26,115.44,-29.2,-98.71,Rubber,Clay Loam,0.444,0.237,756.89,7,0.299,2.383.963,21.204
13.508,108.269,5.579,359,2.018,37.195,2.343,6,34.158,28.747,34.777,24.57,141.28,83.7,17.25,4,-159.46,-169.36,-154.13,-136.02,24.8,37.8,167.03,113.53,221.94,194.62,-29.94,-110.79,Rubber,Clay Loam,0.503,0.26,759.7,9,0.292,2167.97,22.236
13.463,107.614,5.636,172.183,3.64,31.018,21.555,5.8,36.045,32.937,29.464,26.03,6.93,82.59,17.67,12,-5.74,-6.67,-6.72,-5.6,3.27,5.56,14.57,4.05,8.95,0.25,-5.41,-6.56,Rubber,Clay Loam,0.586,0.248,36.7,7,0.398,2.601.564,24.911
13.367,107.975,5.786,198.643,0.746,31.936,2.211,5.864,34.186,33.878,25.193,24.57,141.28,83.7,17.949,4,-159.46,-169.36,-154.13,-136.02,24.8,37.8,167.03,113.53,221.94,194.62,-29.94,-110.79,Rubber,Clay Loam,0.503,0.247,759.7,9,0.292,2.462.814,23.279
13.023,107.997,5.118,237.355,5.499,32.644,2.071,5.8,34.8,32.556,23.604,24.7,138.1,83.27,18.14,4,-159.26,-166.84,-154.61,-137.12,20.29,47.68,185.83,130.34,211.42,150.74,-24.92,-103.53,Rubber,Clay Loam,0.521,0.243,746.28,9,0.283,2533.56,23.157
13.778,107.885,5.59,306.459,3.64,31.572,26.023,5.7,33.826,34.601,30.752,25.086,5.388,83.257,17.057,12,-4.352,-5.45,-5.643,-4.67,2.787,3.601,10.226,2.579,8.308,1.315,-3.637,-5.064,Rubber,Clay Loam,0.533,0.255,28.816,7,0.355,2.818.361,23.094
13.32,108.066,5.84,333.442,8.301,33.509,2.5,5.732,35.62,30.871,28.757,24.57,141.28,83.7,17.25,4,-159.46,-169.36,-154.13,-136.02,24.8,37.8,167.03,113.53,221.94,194.62,-29.94,-110.79,Rubber,Clay Loam,0.503,0.248,759.7,9,0.292,2.748.986,22.403
13.846,107.706,6,509.444,5.422,28.426,2.554,5.8,36.862,34.712,43.251,25.25,174.14,81.48,18.14,3,-179.93,-183.32,-167.16,-135.46,50.28,69.26,300.26,253.27,195.98,90.33,-133.36,-160.15,Rubber,Clay Loam,0.595,0.266,959.38,7,0.313,2747.22,21.939
13.033,108.239,5,462.425,2.833,30.914,2.08,5.886,36.827,32.259,23.444,24.7,138.1,83.27,17.177,4,-159.26,-166.84,-154.61,-137.12,20.29,47.68,185.83,130.34,211.42,150.74,-24.92,-103.53,Rubber,Clay Loam,0.521,0.238,746.28,9,0.283,2.351.988,21.694
11.892,108.091,5,1012.29,3.64,33.501,32.501,5.341,32.96,33.54,33.807,22.01,4.8,86.45,18.81,12,-3.64,-4.95,-5.06,-4.94,2.06,2.54,10.12,2.23,7.25,0.26,-2.31,-3.54,Rubber,Clay Loam,0.358,0.262,24.44,7,0.414,3.596.662,15.43
13.618,107.845,5,501.583,3.64,26.67,29.676,5.782,37.723,35.625,39.443,24.968,5.558,83.012,17.48,12,-4.562,-5.569,-5.698,-4.525,2.719,4.171,10.951,3.108,7.991,0.832,-4.124,-5.298,Rubber,Loam,0.537,0.258,29.776,7,0.368,2.640.587,21.708
14.494,107.72,5.362,644.985,3.756,29.15,2.393,5.736,35.803,35.11,27.941,23.36,139.49,84.71,17.66,3,-150.13,-154.94,-139.28,-111.93,18.2,34.11,207.98,194.59,162.57,151.62,-93.27,-119.51,Rubber,Clay Loam,0.439,0.247,769.06,7,0.27,2509.52,19.168
12.277,108.05,5.335,482.658,6.315,34.298,2.657,5.7,33.03,32.739,27.381,23.35,141.43,84.51,17.344,4,-162.08,-169.35,-158.73,-138.82,7,56.24,226.23,162.74,189.26,115.44,-29.2,-98.71,Rubber,Clay Loam,0.444,0.252,756.89,7,0.299,2.745.041,20.213
12.204,108.334,6,934.131,3.64,34.15,39.896,5.403,33.355,32.495,51.731,22.1,4.788,86.346,16.668,12,-3.649,-4.937,-5.045,-4.922,2.016,2.586,10.077,2.219,7.211,0.317,-2.312,-3.543,Rubber,Clay Loam,0.363,0.286,24.408,7,0.413,3.462.248,16.028
12.914,108.333,5.024,624.121,4.886,33.053,2.141,5.995,36.581,30.366,28.498,24.7,138.1,83.27,17.084,4,-159.26,-166.84,-154.61,-137.12,20.29,47.68,185.83,130.34,211.42,150.74,-24.92,-103.53,Rubber,Clay Loam,0.521,0.246,746.28,9,0.283,2.121.856,20.643
13.384,108.04,5.832,304.178,3.64,33.037,23.432,5.866,33.998,33.049,26.498,24.659,4.94,84.74,16.78,12,-3.759,-5.157,-5.598,-5.022,2.571,2.635,8.105,1.287,8.918,2.935,-2.405,-4.466,Rubber,Clay Loam,0.474,0.249,26.407,9,0.337,2.458.478,22.682
12.057,108.02,5.273,558.181,3.64,31.991,30.482,5.4,34.355,33.554,33.745,22.01,4.8,86.45,17.287,12,-3.64,-4.95,-5.06,-4.94,2.06,2.54,10.12,2.23,7.25,0.26,-2.31,-3.54,Rubber,Clay Loam,0.358,0.258,24.44,7,0.414,3.468.752,18.382
13.766,108.244,5,465.819,4.62,33.848,2.382,5.704,35.13,30.97,29.163,23.3,147.86,84.74,17.25,4,-159.46,-175.05,-157.67,-141.05,-0.75,18.07,145.89,104.16,223.27,261.45,-15.89,-102.98,Rubber,Clay Loam,0.437,0.25,752.85,10,0.347,2.943.786,20.272
12.805,107.867,6,739.208,3.64,32.954,29.922,5.43,33.34,33.705,32.93,23.421,5.758,84.435,17.136,12,-4.524,-5.471,-5.927,-5.503,0.448,3.168,11,2.421,7.661,3.374,-2.277,-4.372,Rubber,Clay Loam,0.449,0.259,28.074,7,0.392,3.403.713,18.616
14.223,107.781,5.941,599.178,3.64,28.507,26.122,5.776,37.845,33.742,32.917,23.374,4.029,85.716,17.214,12,-3.395,-4.32,-4.637,-3.275,1.42,2.596,6.903,1.957,6.507,2.687,-2.489,-3.907,Rubber,Clay Loam,0.41,0.249,22.023,7,0.313,2.653.595,19.479
13.723,108.207,5.741,648.259,3.64,31.519,27.896,5.748,33.952,34.53,30.411,23.728,4.818,85.579,16.78,12,-3.583,-5.109,-5.734,-5.041,1.685,2.346,7.178,1.226,8.74,4.34,-1.824,-4.209,Rubber,Clay Loam,0.423,0.254,25.5,9,0.343,2.714.298,19.514
12.5,108.132,6,419.563,0.422,32.316,2.1,5.871,37.015,30.712,27.23,23.35,141.43,84.51,17.08,4,-162.08,-169.35,-158.73,-138.82,7,56.24,226.23,162.74,189.26,115.44,-29.2,-98.71,Rubber,Clay Loam,0.444,0.243,756.89,7,0.299,2.383.963,20.623
12.641,107.927,5.873,328.764,1.363,32.84,2.226,5.825,35.775,31.473,19.658,23.35,141.43,84.51,17.87,4,-162.08,-169.35,-158.73,-138.82,7,56.24,226.23,162.74,189.26,115.44,-29.2,-98.71,Rubber,Clay Loam,0.444,0.235,756.89,7,0.299,2.481.095,21.213
12.514,108.454,5,1.642.265,3.64,36.757,51.805,5.316,31.048,32.195,67.221,22.886,3.631,87.88,16.572,12,-1.644,-4.461,-5.091,-4.893,1.311,1.164,3.973,0.123,6.802,3.324,0.896,-1.498,Rubber,Clay Loam,0.338,0.313,17.587,9,0.387,3.650.861,12.211
13.038,107.748,5,205,0.431,35.798,2.003,5.781,31.472,32.649,23.533,25.82,227.9,82.05,18.09,4,-222.95,-224.84,-212.6,-186.27,25.42,125.85,462.77,319.67,217.47,42.22,-150.03,-196.73,Rubber,Clay Loam,0.597,0.251,1193.42,7,0.388,3.357.492,24.488
13.95,108.072,6,768.566,4.317,27.679,2.17,5.68,36.353,35.968,28.074,23.3,147.86,84.74,17.25,4,-159.46,-175.05,-157.67,-141.05,-0.75,18.07,145.89,104.16,223.27,261.45,-15.89,-102.98,Rubber,Clay Loam,0.437,0.246,752.85,10,0.347,2.998.301,18.304
14.546,108.37,5,1.132.124,3.64,35.408,39.26,5.446,34.229,30.363,52.538,21.85,4.86,88.25,16.21,12,-2.89,-4.84,-6.32,-5.44,-0.87,0.44,3.51,0.03,8.25,9.58,1.25,-2.71,Rubber,Clay Loam,0.308,0.285,23.07,10,0.415,3.369.025,14.491
14.386,107.765,5.517,595.619,3.64,29.028,23.04,5.8,37.569,33.455,29.644,23.46,3.98,85.67,17.25,12,-3.38,-4.28,-4.61,-3.17,1.38,2.6,6.7,1.94,6.46,2.84,-2.5,-3.93,Rubber,Clay Loam,0.414,0.245,21.87,7,0.306,2.601.564,19.588
13.416,107.642,5.133,170.199,1.546,30.161,2.004,5.9,36.806,33.033,23.074,25.96,199.04,81.8,18.14,3,-202.41,-205.29,-190.82,-159.08,55.01,90.16,368.73,274.99,223.54,69.09,-144.32,-179.6,Rubber,Clay Loam,0.61,0.238,1081.52,7,0.341,2.789.688,24.854
13.176,107.793,5.919,174.516,0.554,37.853,2.136,5.892,30.553,31.593,20.756,25.82,227.9,82.05,18.14,4,-222.95,-224.84,-212.6,-186.27,25.42,125.85,462.77,319.67,217.47,42.22,-150.03,-196.73,Rubber,Clay Loam,0.597,0.249,1193.42,7,0.388,3.051.764,24.686
13.564,107.704,5.272,210.897,0.701,30.31,2.146,5.782,34.698,34.919,26.612,25.96,199.04,81.8,18.14,3,-202.41,-205.29,-190.82,-159.08,55.01,90.16,368.73,274.99,223.54,69.09,-144.32,-179.6,Rubber,Clay Loam,0.61,0.247,1081.52,7,0.341,3.088.945,24.589
12.554,108.045,5.504,444.993,2.502,31.997,1.974,5.75,36.549,31.354,28.944,23.35,141.43,84.51,17.08,4,-162.08,-169.35,-158.73,-138.82,7,56.24,226.23,162.74,189.26,115.44,-29.2,-98.71,Rubber,Clay Loam,0.444,0.246,756.89,7,0.299,2.639.462,20.458
13.837,107.634,5,508.768,5.939,26.194,2.321,5.756,36.419,37.386,29.46,25.25,174.14,81.48,18.14,3,-179.93,-183.32,-167.16,-135.46,50.28,69.26,300.26,253.27,195.98,90.33,-133.36,-160.15,Rubber,Loam,0.595,0.247,959.38,7,0.313,2.847.951,21.943
12.045,107.946,5.27,830.836,3.64,33.662,32.775,5.281,32.574,33.864,37.184,22.489,5.685,86.042,18.464,12,-4.422,-5.537,-5.623,-5.443,1.984,3.216,12.709,2.987,7.658,-0.013,-3.14,-4.376,Rubber,Clay Loam,0.38,0.267,28.554,7,0.445,3726.74,17.089
13.406,108.141,5.234,638.703,3.64,32.989,25.168,5.777,37.162,29.849,24.316,24.07,4.998,85.372,16.646,12,-3.625,-5.108,-5.685,-5.203,1.993,1.65,7.843,1.132,8.755,3.754,-1.529,-3.965,Rubber,Clay Loam,0.438,0.239,25.115,9,0.348,2.651.427,19.918
13.71,108.086,5,720.205,3.64,32.954,26.717,5.752,33.902,33.144,30.254,23.484,4.962,85.459,16.42,12,-3.765,-5.185,-5.81,-5.093,1.229,2.757,7.705,1.505,8.478,4.464,-1.972,-4.306,Rubber,Clay Loam,0.421,0.254,26.131,9,0.324,2.705.627,18.803
11.887,108.112,5.61,1.053.185,3.64,35.222,35.486,5.261,33.227,31.551,42.544,22.01,4.8,86.45,17.964,12,-3.64,-4.95,-5.06,-4.94,2.06,2.54,10.12,2.23,7.25,0.26,-2.31,-3.54,Rubber,Clay Loam,0.358,0.273,24.44,7,0.414,3770.1,15.164
12.97,108.322,5,740.76,1.94,32.698,1.935,5.786,36.126,31.089,27.968,24.7,138.1,83.27,17.103,4,-159.26,-166.84,-154.61,-137.12,20.29,47.68,185.83,130.34,211.42,150.74,-24.92,-103.53,Rubber,Clay Loam,0.521,0.246,746.28,9,0.283,2.563.118,19.885
14.423,108.143,5.751,735.497,3.64,31.395,28.427,5.55,33.697,34.908,36.585,22.25,4.641,87.609,16.469,12,-3.012,-4.701,-5.895,-4.876,-0.311,0.977,4.303,0.505,7.805,7.904,0.318,-3.013,Rubber,Clay Loam,0.333,0.264,21.808,10,0.362,3.143.556,17.469
12.847,107.819,5,254.087,2.525,31.808,2.138,5.831,36.609,31.517,23.539,24.7,138.1,83.27,17.87,4,-159.26,-166.84,-154.61,-137.12,20.29,47.68,185.83,130.34,211.42,150.74,-24.92,-103.53,Rubber,Clay Loam,0.521,0.239,746.28,9,0.283,2468.11,23.048
12.764,107.786,5,228.26,3.64,31.943,25.692,5.509,32.491,35.57,29.252,25.86,8.09,82.95,17.53,12,-6.57,-7.33,-7.36,-6.7,2.7,5.61,18.96,4.97,9.12,-0.51,-5.8,-7.04,Rubber,Clay Loam,0.568,0.256,41.31,7,0.458,3.232.443,24.376
13.713,108.29,5.069,404.759,7.581,38.038,2.519,5.793,32.359,29.603,27.407,24.57,141.28,83.7,17.311,4,-159.46,-169.36,-154.13,-136.02,24.8,37.8,167.03,113.53,221.94,194.62,-29.94,-110.79,Rubber,Clay Loam,0.503,0.254,759.7,9,0.292,2616.74,21.939
12.611,107.983,5.057,462,3.64,33.269,23.354,5.606,35.329,31.402,28.569,23.48,5.222,85.667,17.538,12,-3.938,-5.291,-5.479,-5.283,2.661,1.883,10.738,1.995,8.467,0.848,-2.419,-4.16,Rubber,Clay Loam,0.415,0.249,26.57,7,0.404,3022.15,20.477
13.123,108.271,5.718,636.129,4.367,31.354,2.004,5.7,36.82,31.825,29.518,24.7,138.1,83.27,17.202,4,-159.26,-166.84,-154.61,-137.12,20.29,47.68,185.83,130.34,211.42,150.74,-24.92,-103.53,Rubber,Clay Loam,0.521,0.247,746.28,9,0.283,2744.69,20.565
13.358,107.936,6,204.953,0.794,33.371,1.864,5.8,36.124,30.479,22.523,24.57,141.28,83.7,18.14,4,-159.46,-169.36,-154.13,-136.02,24.8,37.8,167.03,113.53,221.94,194.62,-29.94,-110.79,Rubber,Clay Loam,0.503,0.238,759.7,9,0.292,2.601.564,23.238
12.526,108.217,6,424.482,0.688,31.302,2.067,5.901,36.677,32.021,26.747,23.35,141.43,84.51,17.08,4,-162.08,-169.35,-158.73,-138.82,7,56.24,226.23,162.74,189.26,115.44,-29.2,-98.71,Rubber,Clay Loam,0.444,0.243,756.89,7,0.299,2.320.615,20.591
12.158,107.648,5.094,806.469,3.64,33.878,25.253,5.4,33.159,32.872,29.306,24.061,6.321,83.01,17.53,12,-5.343,-5.869,-5.889,-5.649,1.082,4.397,14.706,3.589,7.537,0.591,-3.93,-5.225,Rubber,Clay Loam,0.509,0.255,31.905,7,0.461,3.468.752,18.819
13.823,107.758,5.25,493.732,4.633,27.101,2.405,5.725,36.95,36.024,28.747,25.25,174.14,81.48,18.14,3,-179.93,-183.32,-167.16,-135.46,50.28,69.26,300.26,253.27,195.98,90.33,-133.36,-160.15,Rubber,Clay Loam,0.595,0.245,959.38,7,0.313,2.918.921,22.041
13.209,107.64,5.272,181.272,3.64,34.182,18.743,6.018,33.118,32.7,20.806,25.906,7.775,82.852,17.67,12,-6.344,-7.151,-7.186,-6.401,2.855,5.596,17.766,4.72,9.074,-0.303,-5.694,-6.909,Rubber,Clay Loam,0.573,0.243,39.988,7,0.444,2.128.947,24.728
13.505,108.04,6,252.203,4.497,35.667,2.105,5.9,32.983,31.35,25.611,24.57,141.28,83.7,17.25,4,-159.46,-169.36,-154.13,-136.02,24.8,37.8,167.03,113.53,221.94,194.62,-29.94,-110.79,Rubber,Clay Loam,0.503,0.25,759.7,9,0.292,2.384.767,22.931
13.08,107.873,5.45,205.148,3.635,31.966,2.149,5.735,33.845,34.189,25.276,24.7,138.1,83.27,18.019,4,-159.26,-166.84,-154.61,-137.12,20.29,47.68,185.83,130.34,211.42,150.74,-24.92,-103.53,Rubber,Clay Loam,0.521,0.248,746.28,9,0.283,2.670.794,23.367
12.624,108.186,5.223,577.33,3.64,33.686,27.062,5.622,32.245,34.069,33.716,23.401,5.128,85.774,16.671,12,-3.847,-5.251,-5.548,-5.235,2.357,1.971,9.921,1.839,8.494,1.706,-2.244,-4.144,Rubber,Clay Loam,0.409,0.263,26.269,7,0.377,2.987.463,19.648
14.675,108.347,6,1.076.497,3.64,34.698,51.438,5.393,35.878,29.418,55.161,22.017,6.558,88.29,16.238,12,-2.473,-4.861,-7.349,-6.552,-3.069,-2.049,0.274,-2.222,7.711,15.795,5.394,-0.626,Rubber,Clay Loam,0.31,0.285,29.201,10,0.541,3.483.928,15.02
12.788,107.69,5,340.975,3.64,32.202,26.875,5.449,35.401,32.348,39.944,24.846,8.08,83.92,17.53,12,-6.55,-7.228,-7.253,-6.749,2.251,5.332,19.316,4.999,8.944,-0.627,-5.595,-6.84,Rubber,Clay Loam,0.505,0.264,40.842,7,0.473,3.362.521,22.63
11.964,107.683,5.966,623.731,3.64,36.299,30.662,5.293,33.77,29.931,33.827,24.09,6.14,82.81,17.7,12,-5.22,-5.74,-5.76,-5.53,1.01,4.33,14.19,3.44,7.41,0.73,-3.78,-5.08,Rubber,Clay Loam,0.516,0.26,31.11,7,0.456,3.700.725,20.036
13.909,108.268,6,799,3.64,33.45,28.269,5.506,34.113,32.432,34.575,23.376,4.692,85.942,16.809,12,-3.483,-5.03,-5.744,-4.895,1.277,2.469,6.494,1.19,8.541,5.024,-1.685,-4.146,Rubber,Clay Loam,0.404,0.26,24.983,9,0.342,3.238.947,18.182
12.9,107.799,5.094,193,1.13,32.768,1.987,5.991,33.441,33.791,24.197,25.82,227.9,82.05,17.895,4,-222.95,-224.84,-212.6,-186.27,25.42,125.85,462.77,319.67,217.47,42.22,-150.03,-196.73,Rubber,Clay Loam,0.597,0.247,1193.42,7,0.388,2.779.089,24.566
12.664,108.411,5.861,1.385.392,3.64,36.724,35.913,5.214,32.958,30.304,55.035,23.193,5.187,86.072,16.58,12,-3.802,-5.236,-5.588,-5.319,2.177,1.636,9.88,1.76,8.414,1.945,-1.909,-3.941,Rubber,Clay Loam,0.396,0.291,25.795,7,0.383,3.871.994,14.188
13.477,108.004,5,288.662,5.559,34.528,2.262,5.853,34.217,31.208,27.257,24.57,141.28,83.7,17.666,4,-159.46,-169.36,-154.13,-136.02,24.8,37.8,167.03,113.53,221.94,194.62,-29.94,-110.79,Rubber,Clay Loam,0.503,0.249,759.7,9,0.292,2.486.662,22.694
13.39,108.114,5.589,879,3.64,33.23,31.123,5.541,34.629,32.2,34.071,21.916,4.835,87.51,17.279,12,-3.198,-4.885,-5.802,-5.234,0.335,1.303,6.227,0.934,7.839,5.749,-0.214,-3.051,Rubber,Clay Loam,0.329,0.258,22.384,9,0.35,3.163.068,16.202
13.167,107.749,5.347,175.958,3.64,34.653,18.887,5.865,31.831,33.482,22.044,25.86,8.09,82.95,17.67,12,-6.57,-7.33,-7.36,-6.7,2.7,5.61,18.96,4.97,9.12,-0.51,-5.8,-7.04,Rubber,Clay Loam,0.568,0.248,41.31,7,0.458,2.460.646,24.716
13.776,107.945,5,572.603,3.261,28.461,1.978,5.7,36.849,34.78,25.87,23.3,147.86,84.74,18.051,4,-159.46,-175.05,-157.67,-141.05,-0.75,18.07,145.89,104.16,223.27,261.45,-15.89,-102.98,Rubber,Clay Loam,0.437,0.241,752.85,10,0.347,2.952.872,19.578
12.513,107.863,5.022,394.153,3.64,33.365,22.383,5.7,36.7,29.935,29.083,23.41,5.24,85.72,17.53,12,-3.95,-5.3,-5.47,-5.3,2.67,1.83,10.91,2.04,8.44,0.71,-2.42,-4.14,Rubber,Clay Loam,0.411,0.246,26.58,7,0.41,2.818.361,20.848
13.849,107.645,5.664,375.991,10.911,26.729,2.626,5.7,37.663,35.608,28.082,25.25,174.14,81.48,18.14,3,-179.93,-183.32,-167.16,-135.46,50.28,69.26,300.26,253.27,195.98,90.33,-133.36,-160.15,Rubber,Loam,0.595,0.243,959.38,7,0.313,2.976.155,22.806
14.726,107.891,5.037,840.11,3.64,30.577,31.037,5.6,35.072,34.351,35.348,21.85,4.86,88.25,17.212,12,-2.89,-4.84,-6.32,-5.44,-0.87,0.44,3.51,0.03,8.25,9.58,1.25,-2.71,Rubber,Clay Loam,0.308,0.259,23.07,10,0.415,3.035.158,16.389
12.943,107.878,5.56,213.639,0.661,32.077,2.082,5.912,34.272,33.651,21.328,24.7,138.1,83.27,18.021,4,-159.26,-166.84,-154.61,-137.12,20.29,47.68,185.83,130.34,211.42,150.74,-24.92,-103.53,Rubber,Clay Loam,0.521,0.241,746.28,9,0.283,2.297.094,23.311
12.962,108.321,5,739.821,1.689,32.539,1.916,5.794,36.379,30.988,26.972,24.7,138.1,83.27,17.091,4,-159.26,-166.84,-154.61,-137.12,20.29,47.68,185.83,130.34,211.42,150.74,-24.92,-103.53,Rubber,Clay Loam,0.521,0.244,746.28,9,0.283,2.546.228,19.891
13.807,108.115,5.948,660.373,3.64,31.578,22.198,5.79,33.91,34.511,24.457,23.442,4.756,85.883,16.78,12,-3.509,-5.086,-5.803,-5.016,1.354,2.437,6.621,1.157,8.692,5.003,-1.669,-4.17,Rubber,Clay Loam,0.407,0.246,25.253,9,0.344,2.623.244,19.15
13.557,107.783,5,371.906,8.33,28.855,3.002,5.7,36.169,34.976,33.565,23.356,140.302,84.626,17.748,3.419,-155.135,-160.975,-147.426,-123.191,13.51,43.378,215.623,181.251,173.748,136.468,-66.438,-110.799,Rubber,Clay Loam,0.441,0.254,763.964,7,0.282,2.649.696,20.939
12.486,108.179,5,885,3.64,35.589,26.406,5.722,34.9,29.511,28.226,22.987,3.733,84.772,18.404,12,-2.899,-4.02,-4.308,-3.842,0.791,2.695,5.637,1.349,6.015,2.56,-1.368,-2.637,Rubber,Clay Loam,0.427,0.249,19.074,9,0.316,2.770.666,17.234
13.034,108.28,6,720.731,5.307,35.288,2.305,5.627,34.042,30.669,38.504,24.7,138.1,83.27,17.204,4,-159.26,-166.84,-154.61,-137.12,20.29,47.68,185.83,130.34,211.42,150.74,-24.92,-103.53,Rubber,Clay Loam,0.521,0.266,746.28,9,0.283,2.898.815,20.015
13.942,107.832,5,527.794,5.146,29.207,2.116,5.896,36.664,34.131,27.559,23.3,147.86,84.74,18.123,4,-159.46,-175.05,-157.67,-141.05,-0.75,18.07,145.89,104.16,223.27,261.45,-15.89,-102.98,Rubber,Clay Loam,0.437,0.244,752.85,10,0.347,2507.67,19.869
13.653,107.949,6,462.618,3.921,27.841,2.323,5.849,36.628,35.53,27.39,24.57,141.28,83.7,18.14,4,-159.46,-169.36,-154.13,-136.02,24.8,37.8,167.03,113.53,221.94,194.62,-29.94,-110.79,Rubber,Clay Loam,0.503,0.244,759.7,9,0.292,2.495.333,21.563
12.45,107.663,5.654,719.608,9.01,31.442,2.269,5.435,37.281,31.277,38.965,23.73,231.98,84.06,17.87,4,-223.28,-224.48,-213.24,-190.37,2.58,142.09,478.49,339.12,196.45,35.26,-147.65,-194.95,Rubber,Clay Loam,0.468,0.259,1193.97,7,0.401,4.279.446,19.053
14.556,108.022,5.198,1.134.575,3.64,30.661,33.254,5.44,35.235,34.104,39.738,22.151,4.836,87.796,16.21,12,-3.009,-4.888,-6.221,-5.355,-0.446,0.84,4.098,0.25,8.335,8.706,0.679,-2.997,Rubber,Clay Loam,0.326,0.265,22.916,10,0.38,3.382.033,14.776
13.486,107.724,6,198.131,3.647,32.765,2.009,5.743,36.178,31.113,25.278,25.96,199.04,81.8,18.14,3,-202.41,-205.29,-190.82,-159.08,55.01,90.16,368.73,274.99,223.54,69.09,-144.32,-179.6,Rubber,Clay Loam,0.61,0.242,1081.52,7,0.341,3.187.853,24.672
13.321,107.904,5,208.536,2.588,32.522,2.124,5.754,36.668,30.81,23.575,24.57,141.28,83.7,18.14,4,-159.46,-169.36,-154.13,-136.02,24.8,37.8,167.03,113.53,221.94,194.62,-29.94,-110.79,Rubber,Clay Loam,0.503,0.239,759.7,9,0.292,2.701.291,23.215
11.944,108.086,5.028,1.016.308,3.64,32.778,32.027,5.297,32.317,34.906,33.026,22.01,4.8,86.45,18.81,12,-3.64,-4.95,-5.06,-4.94,2.06,2.54,10.12,2.23,7.25,0.26,-2.31,-3.54,Rubber,Clay Loam,0.358,0.262,24.44,7,0.414,3.692.053,15.404
13.789,107.78,6,372.609,2.414,28.974,2.341,5.861,35.678,35.309,27.426,25.25,174.14,81.48,18.14,3,-179.93,-183.32,-167.16,-135.46,50.28,69.26,300.26,253.27,195.98,90.33,-133.36,-160.15,Rubber,Clay Loam,0.595,0.246,959.38,7,0.313,2607.57,22.828
13.925,107.897,5.35,570.65,2.706,28.145,1.887,5.665,38.074,33.847,25.076,23.3,147.86,84.74,17.972,4,-159.46,-175.05,-157.67,-141.05,-0.75,18.07,145.89,104.16,223.27,261.45,-15.89,-102.98,Rubber,Clay Loam,0.437,0.238,752.85,10,0.347,3.032.372,19.591
13.989,107.647,5.886,302.114,6.213,28.891,2.539,5.8,38.487,32.622,33.045,25.25,174.14,81.48,18.14,3,-179.93,-183.32,-167.16,-135.46,50.28,69.26,300.26,253.27,195.98,90.33,-133.36,-160.15,Rubber,Clay Loam,0.595,0.248,959.38,7,0.313,2747.22,23.286
13.633,107.992,5.849,380.907,7.039,33.184,2.137,5.73,34.87,31.961,27.014,24.57,141.28,83.7,18.005,4,-159.46,-169.36,-154.13,-136.02,24.8,37.8,167.03,113.53,221.94,194.62,-29.94,-110.79,Rubber,Clay Loam,0.503,0.248,759.7,9,0.292,2.753.322,22.094
13.107,108.221,5.775,714.197,5.193,32.851,2.159,5.577,35.183,31.944,28.612,24.7,138.1,83.27,17.212,4,-159.26,-166.84,-154.61,-137.12,20.29,47.68,185.83,130.34,211.42,150.74,-24.92,-103.53,Rubber,Clay Loam,0.521,0.249,746.28,9,0.283,3004.38,20.058
12.808,107.942,5.251,295.757,2.062,33.323,2.316,5.725,36.65,29.952,25.833,24.7,138.1,83.27,17.87,4,-159.26,-166.84,-154.61,-137.12,20.29,47.68,185.83,130.34,211.42,150.74,-24.92,-103.53,Rubber,Clay Loam,0.521,0.242,746.28,9,0.283,2.691.908,22.778
13.723,107.647,6,261.954,6.737,29.166,1.967,5.93,37.321,33.529,24.336,25.96,199.04,81.8,18.14,3,-202.41,-205.29,-190.82,-159.08,55.01,90.16,368.73,274.99,223.54,69.09,-144.32,-179.6,Rubber,Clay Loam,0.61,0.238,1081.52,7,0.341,2.713.606,24.257
13.358,107.679,5,154.122,1.171,34.578,1.977,5.888,33.393,31.986,23.693,25.96,199.04,81.8,18.14,3,-202.41,-205.29,-190.82,-159.08,55.01,90.16,368.73,274.99,223.54,69.09,-144.32,-179.6,Rubber,Clay Loam,0.61,0.246,1081.52,7,0.341,2.820.121,24.958
12.866,108.063,6,665.14,3.64,32.833,36.731,5.286,34.91,32.205,43.065,24.839,4.406,84.6,16.99,12,-3.327,-4.407,-5.104,-4.745,-0.002,2.236,6.344,0.347,6.738,5.013,0.037,-3.136,Rubber,Clay Loam,0.483,0.27,20.721,9,0.325,3.715.901,20.516
14.531,108.085,6,1.236.885,3.64,36.149,32.821,5.389,33.074,30.866,39.423,21.93,6.438,88.238,16.508,12,-2.516,-4.844,-7.202,-6.445,-2.835,-1.762,0.745,-1.975,7.613,14.946,4.993,-0.743,Rubber,Clay Loam,0.31,0.269,28.322,10,0.528,3492.6,13.89
11.864,108.174,5,940.601,3.64,36.016,25.991,5.544,32.812,31.072,35.383,22.301,4.987,85.941,18.655,12,-3.861,-5.06,-5.158,-5.023,1.913,2.79,10.689,2.399,7.272,0.326,-2.516,-3.755,Rubber,Clay Loam,0.379,0.264,25.373,7,0.421,3.156.564,16.187
14.457,108.41,5,1.130.348,3.64,35.743,35.82,5.472,34.722,29.535,52.123,22.493,5.035,87.948,16.21,12,-2.749,-4.793,-6.525,-5.72,-1.333,0.094,3.316,-0.632,8.305,9.971,2.381,-2.316,Rubber,Clay Loam,0.328,0.283,24.068,10,0.414,3.312.658,15.146
12.424,107.861,5.932,482.203,6.843,34.186,2.43,5.707,34.89,30.917,27.868,23.35,141.43,84.51,17.817,4,-162.08,-169.35,-158.73,-138.82,7,56.24,226.23,162.74,189.26,115.44,-29.2,-98.71,Rubber,Clay Loam,0.444,0.249,756.89,7,0.299,2730.26,20.216
12.66,108.406,5.708,446.539,3.64,34.57,21.328,5.971,35.826,29.605,26.047,23.445,4.107,86.683,16.64,12,-2.4,-4.606,-5.151,-5.003,1.962,0.528,5.792,0.101,7.449,3.032,0.624,-2.342,Rubber,Clay Loam,0.384,0.244,19.502,9,0.382,2.230.841,20.542
14.706,107.705,5.456,651.456,6.187,30.765,2.299,5.709,33.893,35.341,25.48,23.36,139.49,84.71,17.66,3,-150.13,-154.94,-139.28,-111.93,18.2,34.11,207.98,194.59,162.57,151.62,-93.27,-119.51,Rubber,Clay Loam,0.439,0.248,769.06,7,0.27,2.563.126,19.126
12.57,107.917,5.918,670.183,3.64,34.477,26.944,5.408,29.65,35.965,46.549,23.414,5.137,85.716,17.507,12,-3.903,-5.217,-5.4,-5.126,2.565,1.893,10.566,2.032,8.278,0.884,-2.427,-4.123,Rubber,Clay Loam,0.411,0.287,26.196,7,0.403,3.451.408,19.058
13.088,108.259,5,721.5,11.566,34.471,2.313,5.663,35.883,29.592,29.296,24.7,138.1,83.27,17.172,4,-159.26,-166.84,-154.61,-137.12,20.29,47.68,185.83,130.34,211.42,150.74,-24.92,-103.53,Rubber,Clay Loam,0.521,0.248,746.28,9,0.283,2.822.808,20.01
13.704,107.891,5.515,484.515,6.154,28.521,2.252,5.652,36.018,35.461,26.518,24.57,141.28,83.7,18.14,4,-159.46,-169.36,-154.13,-136.02,24.8,37.8,167.03,113.53,221.94,194.62,-29.94,-110.79,Rubber,Clay Loam,0.503,0.244,759.7,9,0.292,2.922.424,21.421
14.186,108.062,6,641.332,3.64,32.051,21.701,5.667,34.432,33.517,26.68,22.331,4.89,87.627,16.281,12,-3.049,-4.898,-6.182,-5.389,-0.25,0.702,4.448,0.269,8.359,8.318,0.648,-2.982,Rubber,Clay Loam,0.334,0.248,22.75,9,0.368,2.889.904,18.162
13.338,108.131,5.946,469.434,3.64,30.967,20.504,5.7,35.174,33.765,26.681,24.677,4.959,84.66,16.806,12,-3.792,-5.176,-5.627,-4.965,2.522,2.865,8.057,1.364,8.864,3.007,-2.524,-4.548,Rubber,Clay Loam,0.477,0.246,26.632,9,0.332,2.818.361,21.626
14.702,107.757,5.15,666.1,3.64,31.415,30.145,5.63,33.39,35.11,29.91,22.529,3.601,85.51,17.179,12,-2.598,-3.72,-4.554,-3.2,-0.149,0.522,2.808,0.035,6.258,6.819,0.095,-2.35,Rubber,Clay Loam,0.396,0.255,16.571,10,0.412,2.970.119,18.199
12.551,107.901,6,385.986,13.181,31.734,2.7,5.567,34.506,33.76,30.604,23.35,141.43,84.51,17.87,4,-162.08,-169.35,-158.73,-138.82,7,56.24,226.23,162.74,189.26,115.44,-29.2,-98.71,Rubber,Clay Loam,0.444,0.253,756.89,7,0.299,3025.88,20.841
12.753,108.378,5.538,470.302,1.167,29.369,2.112,5.9,41.8,28.831,26.803,24.7,138.1,83.27,17.08,4,-159.26,-166.84,-154.61,-137.12,20.29,47.68,185.83,130.34,211.42,150.74,-24.92,-103.53,Rubber,Clay Loam,0.521,0.231,746.28,9,0.283,2322.43,21.643
13.781,108.126,5.588,559.706,3.64,31.176,21.518,5.782,36.818,32.006,24.3,23.044,4.934,86.702,16.999,12,-3.285,-4.984,-5.978,-5.312,0.67,1.091,5.841,0.623,8.522,6.446,-0.245,-3.385,Rubber,Clay Loam,0.375,0.239,23.189,9,0.367,2.640.587,19.406
12.169,108.06,6,587.463,3.64,33.433,31.458,5.665,32.709,33.923,34.038,22.01,4.8,86.45,16.64,12,-3.64,-4.95,-5.06,-4.94,2.06,2.54,10.12,2.23,7.25,0.26,-2.31,-3.54,Rubber,Clay Loam,0.358,0.262,24.44,7,0.414,2894.24,18.191
12.899,107.671,5,332.637,7.419,33.5,2.691,5.491,34.6,31.9,36.118,25.82,227.9,82.05,17.993,4,-222.95,-224.84,-212.6,-186.27,25.42,125.85,462.77,319.67,217.47,42.22,-150.03,-196.73,Rubber,Clay Loam,0.597,0.261,1193.42,7,0.388,4.156.239,23.658
13.911,108.074,5.938,746.377,1.483,30.207,1.795,5.6,36.293,33.5,24.487,23.3,147.86,84.74,17.25,4,-159.46,-175.05,-157.67,-141.05,-0.75,18.07,145.89,104.16,223.27,261.45,-15.89,-102.98,Rubber,Clay Loam,0.437,0.241,752.85,10,0.347,3.180.016,18.449
12.83,108.228,5.513,493.437,5.142,30.344,2.12,5.792,37.755,31.901,30.044,24.7,138.1,83.27,17.08,4,-159.26,-166.84,-154.61,-137.12,20.29,47.68,185.83,130.34,211.42,150.74,-24.92,-103.53,Rubber,Clay Loam,0.521,0.245,746.28,9,0.283,2550.45,21.493
12.387,108.062,5.194,741.549,3.64,34.336,43.9,5.277,33.132,32.451,47.649,21.993,5.158,86.841,18.307,12,-3.394,-4.927,-5.529,-5.269,0.989,1.599,8.07,1.31,7.329,3.472,-0.713,-2.928,Rubber,Clay Loam,0.348,0.281,22.76,7,0.354,3.735.412,17.173
13.683,107.787,5.541,252.785,1.834,29.135,2.263,5.962,37.081,33.839,23.079,25.96,199.04,81.8,18.14,3,-202.41,-205.29,-190.82,-159.08,55.01,90.16,368.73,274.99,223.54,69.09,-144.32,-179.6,Rubber,Clay Loam,0.61,0.237,1081.52,7,0.341,2.632.451,24.317
14.78,107.532,6,440.325,3.64,29.275,38.661,5.6,37.757,32.968,40.884,22.436,3.43,85.442,17.25,12,-2.489,-3.522,-4.345,-2.895,-0.308,0.306,2.396,-0.051,5.863,6.888,0.249,-2.129,Rubber,Clay Loam,0.395,0.26,15.739,10,0.439,3.035.158,19.574
12.885,108.233,5,638.145,9.071,34.608,2.089,5.657,35.344,30.049,31.472,24.7,138.1,83.27,17.08,4,-159.26,-166.84,-154.61,-137.12,20.29,47.68,185.83,130.34,211.42,150.74,-24.92,-103.53,Rubber,Clay Loam,0.521,0.253,746.28,9,0.283,2.835.476,20.552
12.426,107.634,5,725.133,8.918,33.299,2.338,5.48,35.662,31.038,31.876,23.73,231.98,84.06,17.87,4,-223.28,-224.48,-213.24,-190.37,2.58,142.09,478.49,339.12,196.45,35.26,-147.65,-194.95,Rubber,Clay Loam,0.468,0.253,1193.97,7,0.401,4.156.394,19.017
12.949,107.847,5,340.448,3.64,32.514,24.033,5.603,34.024,33.388,36.76,24.002,7.255,84.901,17.336,12,-5.808,-6.611,-6.747,-6.334,1.969,4.45,16.638,4.052,8.801,0.253,-4.612,-6.077,Rubber,Clay Loam,0.451,0.263,36.189,7,0.46,3.028.654,21.789
13.954,107.903,5.165,625.341,2.754,30.471,2.184,5.633,37.307,32.222,28.941,23.3,147.86,84.74,17.891,4,-159.46,-175.05,-157.67,-141.05,-0.75,18.07,145.89,104.16,223.27,261.45,-15.89,-102.98,Rubber,Clay Loam,0.437,0.245,752.85,10,0.347,3.105.058,19.235
13.547,108.076,5.33,382.009,6.412,34.174,2.304,5.767,33.761,32.065,27.84,24.57,141.28,83.7,17.544,4,-159.46,-169.36,-154.13,-136.02,24.8,37.8,167.03,113.53,221.94,194.62,-29.94,-110.79,Rubber,Clay Loam,0.503,0.251,759.7,9,0.292,2.673.107,22.087
12.863,108.231,5.243,637.784,6.612,35.408,2.118,5.676,35.235,29.357,32.086,24.7,138.1,83.27,17.08,4,-159.26,-166.84,-154.61,-137.12,20.29,47.68,185.83,130.34,211.42,150.74,-24.92,-103.53,Rubber,Clay Loam,0.521,0.254,746.28,9,0.283,2.795.361,20.554
13.415,107.723,6,181.039,1.865,32.854,2.079,5.744,34.9,32.198,24.629,25.96,199.04,81.8,18.14,3,-202.41,-205.29,-190.82,-159.08,55.01,90.16,368.73,274.99,223.54,69.09,-144.32,-179.6,Rubber,Clay Loam,0.61,0.244,1081.52,7,0.341,3.185.316,24.783
13.469,108.211,5.795,372.459,3.64,31.891,21.216,5.859,37.484,30.624,30.242,24.64,4.92,84.79,16.962,12,-3.74,-5.15,-5.62,-5,2.51,2.76,7.89,1.25,8.92,3.13,-2.41,-4.49,Rubber,Clay Loam,0.472,0.246,26.41,9,0.337,2.473.654,22.219
11.889,107.966,6,906.611,3.64,32.881,32.514,5.437,34.656,32.451,32.634,23.389,3.995,84.534,17.588,12,-3.157,-4.33,-4.445,-4.296,1.413,3.389,7.142,1.83,6.426,1.083,-2.038,-3.033,Rubber,Clay Loam,0.445,0.256,21.299,7,0.336,3.388.537,17.496
12.688,108.406,5.88,1.307.864,3.64,37.418,41.309,5.3,33.048,29.534,46.927,23.222,5.194,86.025,16.588,12,-3.822,-5.245,-5.572,-5.317,2.244,1.663,10.019,1.798,8.417,1.778,-1.978,-3.968,Rubber,Clay Loam,0.398,0.28,25.902,7,0.387,3.685.549,14.721
13.498,107.905,6,218.482,2.479,32.82,1.771,5.887,39.108,28.072,21.661,24.57,141.28,83.7,18.14,4,-159.46,-169.36,-154.13,-136.02,24.8,37.8,167.03,113.53,221.94,194.62,-29.94,-110.79,Rubber,Clay Loam,0.503,0.23,759.7,9,0.292,2.412.951,23.15
14.333,108.224,5.239,1.291.478,3.64,32.199,41.449,5.5,34.24,33.637,48.907,23.134,4.42,85.833,16.458,12,-3.239,-4.698,-5.464,-4.501,0.871,1.916,5.448,0.83,7.999,5.633,-1.145,-3.651,Rubber,Clay Loam,0.401,0.28,22.698,9,0.352,3.251.955,14.739
13.655,108.177,5,384.646,4.268,33.869,2.275,5.9,35.512,30.628,28.411,24.57,141.28,83.7,17.25,4,-159.46,-169.36,-154.13,-136.02,24.8,37.8,167.03,113.53,221.94,194.62,-29.94,-110.79,Rubber,Clay Loam,0.503,0.248,759.7,9,0.292,2.384.767,22.07
13.766,108.188,5,477.895,1.191,33.9,2.529,5.6,36.291,29.711,32.346,23.3,147.86,84.74,17.25,4,-159.46,-175.05,-157.67,-141.05,-0.75,18.07,145.89,104.16,223.27,261.45,-15.89,-102.98,Rubber,Clay Loam,0.437,0.252,752.85,10,0.347,3.180.016,20.194
13.079,107.947,5,227.052,3.64,34.388,22.446,5.946,34.54,31.072,25.144,24.725,5.013,84.558,17.359,12,-3.825,-5.181,-5.52,-5.1,2.788,2.189,8.878,1.42,8.912,2.234,-2.387,-4.382,Rubber,Clay Loam,0.481,0.246,26.395,9,0.337,2285.04,23.249
14.905,107.632,5.027,1.043.054,3.64,32.187,33.908,5.397,35.543,32.173,41.762,22.37,3.438,85.458,17.292,12,-2.473,-3.52,-4.35,-2.936,-0.333,0.244,2.376,-0.095,5.869,6.924,0.326,-2.071,Rubber,Clay Loam,0.393,0.267,15.778,10,0.44,3.475.256,15.59
13.38,107.762,5.935,183.261,1.13,33.498,2.404,5.7,34.567,31.941,33.198,25.96,199.04,81.8,18.14,3,-202.41,-205.29,-190.82,-159.08,55.01,90.16,368.73,274.99,223.54,69.09,-144.32,-179.6,Rubber,Clay Loam,0.61,0.257,1081.52,7,0.341,3.296.904,24.769
14.1,108.158,5,673.175,11.412,31.41,2.744,5.746,34.946,33.69,32.541,23.3,147.86,84.74,16.918,4,-159.46,-175.05,-157.67,-141.05,-0.75,18.07,145.89,104.16,223.27,261.45,-15.89,-102.98,Rubber,Clay Loam,0.437,0.255,752.85,10,0.347,2.848.386,18.924
13.918,108.396,5.909,979.818,3.64,35.218,33.219,5.5,32.418,32.364,37.919,23.247,4.745,86.004,16.446,12,-3.504,-5.068,-5.751,-5.004,1.342,2.467,6.81,1.239,8.55,4.724,-1.692,-4.104,Rubber,Clay Loam,0.399,0.269,25.123,9,0.34,3.251.955,16.878
13.233,108.176,5,462.694,3.64,31.624,23.692,5.854,37.637,30.74,29.154,24.691,4.975,84.652,16.715,12,-3.791,-5.168,-5.56,-5.06,2.676,2.419,8.48,1.351,8.915,2.595,-2.396,-4.425,Rubber,Clay Loam,0.477,0.244,26.4,9,0.337,2.484.494,21.683
13.834,107.633,5.498,521.996,5.527,26.201,2.3,5.8,36.85,36.948,32.997,25.25,174.14,81.48,18.14,3,-179.93,-183.32,-167.16,-135.46,50.28,69.26,300.26,253.27,195.98,90.33,-133.36,-160.15,Rubber,Loam,0.595,0.251,959.38,7,0.313,2747.22,21.857
12.725,108.342,5,459.789,3.64,30.216,23.821,5.789,41.473,28.311,27.805,24.609,5.061,84.62,16.64,12,-3.861,-5.202,-5.488,-5.148,2.849,2,9.354,1.53,8.86,1.837,-2.384,-4.328,Rubber,Clay Loam,0.476,0.234,26.411,7,0.354,2.625.412,21.62
13.362,108.01,5.343,234,3.64,35.425,21.811,6.031,34.446,30.094,26.078,24.64,4.92,84.79,17.085,12,-3.74,-5.15,-5.62,-5,2.51,2.76,7.89,1.25,8.92,3.13,-2.41,-4.49,Rubber,Clay Loam,0.472,0.247,26.41,9,0.337,2.100.763,23.119
12.817,107.946,5.178,292.755,3.014,34.529,2.171,5.818,36.077,29.311,24.227,24.7,138.1,83.27,17.918,4,-159.26,-166.84,-154.61,-137.12,20.29,47.68,185.83,130.34,211.42,150.74,-24.92,-103.53,Rubber,Clay Loam,0.521,0.241,746.28,9,0.283,2.495.557,22.797
12.536,107.926,6,135.228,3.64,34.25,29.399,5.652,32.643,33.107,35.35,23.475,6.052,85.119,17.032,12,-4.755,-5.855,-5.935,-5.61,2.303,3.708,13.483,3.272,7.961,-0.033,-3.638,-4.871,Rubber,Clay Loam,0.43,0.264,30.697,7,0.439,2.922.424,22.596
13.153,107.739,5,177.898,3.64,34.798,18.908,5.945,32.192,33.01,21.972,25.86,8.09,82.95,17.67,12,-6.57,-7.33,-7.36,-6.7,2.7,5.61,18.96,4.97,9.12,-0.51,-5.8,-7.04,Rubber,Clay Loam,0.568,0.247,41.31,7,0.458,2.287.208,24.704
13.648,108.011,5.036,464.893,3.64,32.912,23.564,5.893,33.967,33.121,30.258,24.64,4.92,84.79,16.812,12,-3.74,-5.15,-5.62,-5,2.51,2.76,7.89,1.25,8.92,3.13,-2.41,-4.49,Rubber,Clay Loam,0.472,0.254,26.41,9,0.337,2.399.943,21.618
13.382,107.677,5.204,173.981,1.028,33.1,1.931,5.9,32.257,34.642,22.541,25.96,199.04,81.8,18.14,3,-202.41,-205.29,-190.82,-159.08,55.01,90.16,368.73,274.99,223.54,69.09,-144.32,-179.6,Rubber,Clay Loam,0.61,0.247,1081.52,7,0.341,2.789.688,24.829
13.271,107.792,5.477,465.337,3.64,30.216,30.455,5.6,37.397,32.387,36.708,24.32,5.426,84.137,17.397,12,-4.308,-5.457,-5.603,-4.847,2.699,3.198,10.934,2.664,8.178,0.782,-3.416,-4.817,Rubber,Clay Loam,0.483,0.255,28.448,7,0.384,3.035.158,21.295
12.426,107.638,5,720.93,8.04,33.256,2.333,5.471,35.817,30.927,31.61,23.73,231.98,84.06,17.87,4,-223.28,-224.48,-213.24,-190.37,2.58,142.09,478.49,339.12,196.45,35.26,-147.65,-194.95,Rubber,Clay Loam,0.468,0.252,1193.97,7,0.401,4.181.005,19.044
12.726,107.869,5.793,235.379,7.647,36.896,2.551,5.696,34.291,28.812,27.859,24.851,136.439,82.986,18.132,4,-157.909,-164.311,-151.064,-131.645,22.554,66.466,189.378,133.091,191.167,142.137,-34.024,-105.825,Rubber,Clay Loam,0.534,0.25,744.778,9,0.257,2.691.189,23.321
12.931,108.142,5.422,607,4.848,31.293,2.48,5.584,35.734,32.973,28.262,24.7,138.1,83.27,17.152,4,-159.26,-166.84,-154.61,-137.12,20.29,47.68,185.83,130.34,211.42,150.74,-24.92,-103.53,Rubber,Clay Loam,0.521,0.247,746.28,9,0.283,2.989.601,20.754
14.085,108.184,6,736.096,2.306,32.542,2.077,5.8,35.429,32.029,25.988,23.3,147.86,84.74,16.63,4,-159.46,-175.05,-157.67,-141.05,-0.75,18.07,145.89,104.16,223.27,261.45,-15.89,-102.98,Rubber,Clay Loam,0.437,0.245,752.85,10,0.347,2.725.728,18.515
13.071,107.893,5,199.596,0.953,37.048,2.263,5.92,32.005,30.947,32.361,24.7,138.1,83.27,18.14,4,-159.26,-166.84,-154.61,-137.12,20.29,47.68,185.83,130.34,211.42,150.74,-24.92,-103.53,Rubber,Clay Loam,0.521,0.262,746.28,9,0.283,2.280.204,23.403
11.576,108.309,5.604,930,3.64,33.758,26.493,5.64,36.117,30.125,29.029,23.2,3.85,84.54,18.81,12,-3.06,-4.21,-4.3,-4.18,1.21,3.58,6.86,1.88,6.08,0.96,-1.99,-2.85,Rubber,Clay Loam,0.44,0.248,20.59,7,0.333,2.948.439,17.155
13.606,107.628,6,195.575,3.64,33.078,20.439,5.992,34.239,32.683,24.992,26.016,7.028,82.621,17.67,12,-5.81,-6.726,-6.774,-5.693,3.222,5.564,14.943,4.128,8.964,0.185,-5.443,-6.601,Rubber,Clay Loam,0.585,0.246,37.047,7,0.404,2.185.314,24.745
12.933,108.203,5.467,705.665,3.366,33.559,2.285,5.5,35.613,30.774,31.651,24.7,138.1,83.27,17.08,4,-159.26,-166.84,-154.61,-137.12,20.29,47.68,185.83,130.34,211.42,150.74,-24.92,-103.53,Rubber,Clay Loam,0.521,0.252,746.28,9,0.283,3166.95,20.113
11.974,108.172,5.158,1.062.683,3.64,35.132,36.979,5.216,32.911,31.958,45.031,22.01,4.8,86.45,16.983,12,-3.64,-4.95,-5.06,-4.94,2.06,2.54,10.12,2.23,7.25,0.26,-2.31,-3.54,Rubber,Clay Loam,0.358,0.277,24.44,7,0.414,3.867.658,15.103
13.968,108.135,5.304,620.871,3.442,32.809,2.139,5.77,34.369,32.822,25.443,23.3,147.86,84.74,17.061,4,-159.46,-175.05,-157.67,-141.05,-0.75,18.07,145.89,104.16,223.27,261.45,-15.89,-102.98,Rubber,Clay Loam,0.437,0.247,752.85,10,0.347,2.793.871,19.264
13.598,107.881,5.207,379.933,3.64,29.061,21.74,5.7,37.063,33.876,27.465,24.663,4.945,84.728,17.486,12,-3.763,-5.158,-5.593,-5.027,2.584,2.607,8.155,1.295,8.918,2.89,-2.404,-4.461,Rubber,Clay Loam,0.474,0.243,26.406,9,0.337,2.818.361,22.193
12.153,108.284,6,1.051.832,3.64,35.847,33.653,5.3,32.953,31.132,40.332,22.967,5.101,85.951,17.327,12,-3.852,-5.189,-5.34,-5.186,2.477,2.055,10.66,2.1,8.063,0.567,-2.385,-3.95,Rubber,Clay Loam,0.394,0.271,25.902,7,0.411,3.685.549,16.13
14.61,107.764,5.143,635.716,7.346,31.686,3.117,5.686,33.743,34.586,34.171,23.36,139.49,84.71,17.66,3,-150.13,-154.94,-139.28,-111.93,18.2,34.11,207.98,194.59,162.57,151.62,-93.27,-119.51,Rubber,Clay Loam,0.439,0.26,769.06,7,0.27,2.608.789,19.228
14.095,107.789,5.906,573.469,3.64,29.76,24.647,5.509,36.912,33.328,30.207,23.455,4.098,85.675,17.193,12,-3.433,-4.376,-4.691,-3.37,1.501,2.528,7.095,1.949,6.646,2.64,-2.492,-3.95,Rubber,Clay Loam,0.414,0.247,22.312,7,0.317,3.232.443,19.727
12.185,107.921,5.277,775.215,3.64,33.057,33.257,5.255,31.765,35.178,37.249,22.5,5.705,86.032,17.53,12,-4.44,-5.551,-5.636,-5.455,1.982,3.232,12.77,3.005,7.668,-0.02,-3.16,-4.396,Rubber,Clay Loam,0.381,0.269,28.658,7,0.446,3.783.108,17.461
13.264,107.826,5.016,185.852,1.051,36.498,1.992,5.702,32.923,30.579,22.1,24.57,141.28,83.7,18.125,4,-159.46,-169.36,-154.13,-136.02,24.8,37.8,167.03,113.53,221.94,194.62,-29.94,-110.79,Rubber,Clay Loam,0.503,0.245,759.7,9,0.292,2.814.025,23.362
12.951,107.616,6,178.281,1.05,38.498,2.141,5.786,31.214,30.287,23.271,25.82,227.9,82.05,17.87,4,-222.95,-224.84,-212.6,-186.27,25.42,125.85,462.77,319.67,217.47,42.22,-150.03,-196.73,Rubber,Clay Loam,0.597,0.251,1193.42,7,0.388,3343.72,24.661
13.66,108.214,5,548.616,3.64,31.915,21.672,5.9,36.705,31.3,26.018,23.649,4.801,85.663,16.752,12,-3.563,-5.102,-5.753,-5.034,1.593,2.371,7.023,1.207,8.726,4.524,-1.782,-4.198,Rubber,Clay Loam,0.419,0.242,25.432,9,0.343,2.384.767,20.083
13.537,107.554,5,179.816,3.64,32.542,23.182,5.9,34.058,33.4,28.01,26.03,6.93,82.59,17.67,12,-5.74,-6.67,-6.72,-5.6,3.27,5.56,14.57,4.05,8.95,0.25,-5.41,-6.56,Rubber,Clay Loam,0.586,0.251,36.7,7,0.398,2.384.767,24.861
13.368,108.231,5.106,422.788,4.626,38.667,2.168,5.9,32.588,28.824,34.975,24.57,141.28,83.7,17.25,4,-159.46,-169.36,-154.13,-136.02,24.8,37.8,167.03,113.53,221.94,194.62,-29.94,-110.79,Rubber,Clay Loam,0.503,0.264,759.7,9,0.292,2.384.767,21.822
13.394,107.756,5,185.037,1.661,35.162,2.17,5.635,33.904,30.969,27.112,25.96,199.04,81.8,18.14,3,-202.41,-205.29,-190.82,-159.08,55.01,90.16,368.73,274.99,223.54,69.09,-144.32,-179.6,Rubber,Clay Loam,0.61,0.25,1081.52,7,0.341,3.461.749,24.757
13.978,108.103,5,699.718,0.586,31.139,2.18,5.785,35.276,33.585,23.293,23.3,147.86,84.74,17.156,4,-159.46,-175.05,-157.67,-141.05,-0.75,18.07,145.89,104.16,223.27,261.45,-15.89,-102.98,Rubber,Clay Loam,0.437,0.241,752.85,10,0.347,2759.8,18.752
14.32,108.304,5,1.317.634,3.64,33.651,40.933,5.388,33.052,33.284,55.533,22.519,4.807,87.242,16.21,12,-3.154,-4.946,-6.1,-5.251,0.072,1.329,4.818,0.519,8.439,7.638,-0.018,-3.348,Rubber,Clay Loam,0.348,0.292,22.817,9,0.37,3.494.768,13.954
13.483,107.704,5.615,183.154,3.336,33.623,2.264,5.677,34.515,31.862,25.754,25.96,199.04,81.8,18.14,3,-202.41,-205.29,-190.82,-159.08,55.01,90.16,368.73,274.99,223.54,69.09,-144.32,-179.6,Rubber,Clay Loam,0.61,0.247,1081.52,7,0.341,3.355.234,24.769
12.782,108.183,6,634.167,3.393,36.916,2.351,5.6,34.367,28.717,33.383,24.7,138.1,83.27,17.08,4,-159.26,-166.84,-154.61,-137.12,20.29,47.68,185.83,130.34,211.42,150.74,-24.92,-103.53,Rubber,Clay Loam,0.521,0.258,746.28,9,0.283,2955.82,20.578
14.063,108.341,5,927.471,3.64,30.236,32.735,5.488,35.759,33.918,45.37,23.599,4.845,85.541,16.332,12,-3.632,-5.145,-5.812,-4.932,1.442,2.723,7.007,1.4,8.587,4.663,-1.969,-4.325,Rubber,Clay Loam,0.421,0.271,25.815,9,0.333,3.277.971,17.57
13.472,107.72,6,197.393,1.939,33.245,1.957,5.78,36.584,30.191,25.684,25.96,199.04,81.8,18.14,3,-202.41,-205.29,-190.82,-159.08,55.01,90.16,368.73,274.99,223.54,69.09,-144.32,-179.6,Rubber,Clay Loam,0.61,0.242,1081.52,7,0.341,3.094.018,24.677
14.023,107.983,5.505,616.557,2.971,28.355,1.913,5.701,35.735,35.91,27.827,23.3,147.86,84.74,17.377,4,-159.46,-175.05,-157.67,-141.05,-0.75,18.07,145.89,104.16,223.27,261.45,-15.89,-102.98,Rubber,Clay Loam,0.437,0.247,752.85,10,0.347,2.950.601,19.292
12.236,108.411,5.967,1.552.287,3.64,37.495,38.05,5.207,33.384,29.122,43.44,22.005,4.802,86.509,16.626,12,-3.615,-4.946,-5.101,-4.956,1.964,2.471,9.903,2.158,7.283,0.566,-2.193,-3.513,Rubber,Clay Loam,0.357,0.274,24.324,7,0.407,3887.17,11.915
11.854,107.726,5.582,749.039,17.942,32.233,3.829,5.284,32.776,34.991,41.36,24.04,181.62,82.12,18.1,4,-188.5,-190,-176.72,-153.36,10.7,136.2,344.01,256.97,158.52,68.86,-111.48,-155.21,Rubber,Clay Loam,0.535,0.273,975.27,7,0.353,3.965.933,19.171
12.934,107.832,5.016,217,3.64,29.505,25.141,5.703,34.698,35.797,23.005,24.759,5.049,84.457,17.526,12,-3.864,-5.197,-5.494,-5.118,2.868,2.063,9.198,1.5,8.894,1.952,-2.414,-4.369,Rubber,Clay Loam,0.485,0.242,26.456,7,0.347,2.811.857,23.348
12.989,107.94,5,261.343,3.915,34.692,2.29,5.967,34.503,30.804,26.197,24.7,138.1,83.27,17.96,4,-159.26,-166.84,-154.61,-137.12,20.29,47.68,185.83,130.34,211.42,150.74,-24.92,-103.53,Rubber,Clay Loam,0.521,0.247,746.28,9,0.283,2.180.973,23.001
13.349,107.771,5.365,325.461,3.64,30.246,21.067,5.963,37.158,32.533,26.141,24.622,5.488,83.613,17.619,12,-4.426,-5.509,-5.648,-4.697,2.708,3.652,10.942,2.871,8.091,0.805,-3.746,-5.041,Rubber,Clay Loam,0.508,0.241,29.067,7,0.376,2.248.185,22.507
12.037,107.768,5,614.672,3.64,32.554,36.374,5.183,33.365,34.082,34.368,24.2,5.957,83.089,17.547,12,-4.993,-5.649,-5.715,-5.464,1.319,3.947,13.357,3.113,7.659,0.936,-3.548,-4.959,Rubber,Clay Loam,0.511,0.261,30.328,7,0.44,3.939.201,20.205
13.398,108.292,5,357.819,3.504,37.163,2.328,5.965,35.271,27.654,28.216,24.57,141.28,83.7,17.25,4,-159.46,-169.36,-154.13,-136.02,24.8,37.8,167.03,113.53,221.94,194.62,-29.94,-110.79,Rubber,Clay Loam,0.503,0.248,759.7,9,0.292,2.243.849,22.244
12.707,108.12,5.573,551.282,1.052,31.971,2.137,5.443,32.772,35.257,33.2,23.35,141.43,84.51,17.08,4,-162.08,-169.35,-158.73,-138.82,7,56.24,226.23,162.74,189.26,115.44,-29.2,-98.71,Rubber,Clay Loam,0.444,0.261,756.89,7,0.299,3.287.714,19.767
12.765,108.383,5.162,468.947,1.818,31.184,1.896,5.984,39.319,29.481,21.765,24.7,138.1,83.27,17.08,4,-159.26,-166.84,-154.61,-137.12,20.29,47.68,185.83,130.34,211.42,150.74,-24.92,-103.53,Rubber,Clay Loam,0.521,0.23,746.28,9,0.283,2.145.081,21.652
14.4,108.234,5,1.168.735,3.64,30.058,33.092,5.303,33.499,36.443,61.422,21.85,4.86,88.25,16.21,12,-2.89,-4.84,-6.32,-5.44,-0.87,0.44,3.51,0.03,8.25,9.58,1.25,-2.71,Rubber,Clay Loam,0.308,0.299,23.07,10,0.415,3.679.045,14.253
14.564,108.055,5.44,841.321,3.64,31.425,31.44,5.6,33.659,34.916,39.182,21.85,4.86,88.25,16.792,12,-2.89,-4.84,-6.32,-5.44,-0.87,0.44,3.51,0.03,8.25,9.58,1.25,-2.71,Rubber,Clay Loam,0.308,0.267,23.07,10,0.415,3.035.158,16.381
13.434,107.664,5.527,175.747,1.628,30.455,1.901,5.9,36.129,33.364,22.595,25.96,199.04,81.8,18.14,3,-202.41,-205.29,-190.82,-159.08,55.01,90.16,368.73,274.99,223.54,69.09,-144.32,-179.6,Rubber,Clay Loam,0.61,0.239,1081.52,7,0.341,2.789.688,24.818
12.784,108.142,6,1.237.684,3.64,35.42,36.086,5.356,33.363,31.217,41.593,22.114,4.407,86.164,18.372,12,-3.303,-4.537,-4.855,-4.362,1.37,1.878,7.886,1.559,6.851,2.182,-1.549,-3.116,Rubber,Clay Loam,0.368,0.271,21.722,7,0.363,3.564.143,14.069
12.999,108.317,5.89,719.451,5.172,35.482,2.146,5.678,34.854,29.665,30.517,24.7,138.1,83.27,17.08,4,-159.26,-166.84,-154.61,-137.12,20.29,47.68,185.83,130.34,211.42,150.74,-24.92,-103.53,Rubber,Clay Loam,0.521,0.253,746.28,9,0.283,2.791.139,20.024
12.369,107.884,5.079,467.873,16.429,32.992,2.418,5.868,34.322,32.686,29.7,23.35,141.43,84.51,17.87,4,-162.08,-169.35,-158.73,-138.82,7,56.24,226.23,162.74,189.26,115.44,-29.2,-98.71,Rubber,Clay Loam,0.444,0.253,756.89,7,0.299,2.390.297,20.309
12.015,108.243,5.731,702.731,3.64,32.995,26.626,5.746,37.137,29.821,29.428,23.616,4.17,84.527,18.227,12,-3.272,-4.473,-4.62,-4.435,1.656,3.161,7.48,1.77,6.84,1.231,-2.095,-3.253,Rubber,Clay Loam,0.451,0.246,22.148,7,0.338,2.718.634,19.048
14.117,108.271,6,737.625,1.11,31.531,2.06,5.8,33,35.45,25.269,23.3,147.86,84.74,16.746,4,-159.46,-175.05,-157.67,-141.05,-0.75,18.07,145.89,104.16,223.27,261.45,-15.89,-102.98,Rubber,Clay Loam,0.437,0.249,752.85,10,0.347,2.725.728,18.505
13.979,108.228,6,799,3.64,33.26,28.61,5.514,34.128,32.598,34.67,23.383,4.632,85.919,16.847,12,-3.474,-4.967,-5.648,-4.749,1.286,2.48,6.511,1.253,8.365,4.84,-1.753,-4.127,Rubber,Clay Loam,0.405,0.26,24.718,9,0.338,3.221.603,18.19
13.882,107.804,5.181,596.095,3.64,30.243,27.869,5.536,37.906,31.869,32.627,23.198,4.128,85.811,17.14,12,-3.427,-4.401,-4.691,-3.49,1.503,2.589,7.319,1.992,6.603,2.373,-2.466,-3.859,Rubber,Clay Loam,0.403,0.248,22.334,7,0.327,3.173.908,19.323
13.257,108.123,5.541,879,3.64,33.187,31.138,5.546,34.667,32.2,33.6,21.923,4.832,87.423,17.404,12,-3.234,-4.891,-5.741,-5.21,0.475,1.404,6.545,1.04,7.791,5.3,-0.385,-3.091,Rubber,Clay Loam,0.331,0.257,22.552,9,0.345,3.152.228,16.209
13.12,108.15,5,550.177,6.214,31.332,2.379,5.771,36.594,32.145,27.41,24.7,138.1,83.27,17.201,4,-159.26,-166.84,-154.61,-137.12,20.29,47.68,185.83,130.34,211.42,150.74,-24.92,-103.53,Rubber,Clay Loam,0.521,0.244,746.28,9,0.283,2.594.788,21.124
13.139,108.029,5,311.572,3.64,34.354,23.072,5.7,32.843,32.803,25.594,24.75,5.04,84.49,16.78,12,-3.85,-5.19,-5.49,-5.13,2.87,2.02,9.17,1.47,8.91,1.97,-2.38,-4.35,Rubber,Clay Loam,0.484,0.25,26.39,7,0.347,2.818.361,22.725
13.403,108.115,6,187.702,3.64,33.794,20.267,5.947,33.641,32.612,25.719,24.698,4.983,84.631,17.251,12,-3.798,-5.171,-5.551,-5.069,2.7,2.369,8.567,1.366,8.915,2.517,-2.394,-4.416,Rubber,Clay Loam,0.478,0.249,26.399,9,0.337,2.282.872,23.478
12.706,108.141,5,554.605,1.47,32.271,2.125,5.518,33.42,34.326,33.2,23.35,141.43,84.51,17.08,4,-162.08,-169.35,-158.73,-138.82,7,56.24,226.23,162.74,189.26,115.44,-29.2,-98.71,Rubber,Clay Loam,0.444,0.26,756.89,7,0.299,3.129.347,19.745
12.359,108.08,5.459,858.163,3.64,33.627,32.839,5.446,35.184,31.143,35.844,23.912,4.397,84.517,17.277,12,-3.423,-4.66,-4.847,-4.616,1.972,2.864,7.921,1.692,7.38,1.424,-2.169,-3.539,Rubber,Clay Loam,0.46,0.259,23.254,7,0.341,3.369.025,18.334
12.911,108.098,5,460.505,3.64,32.972,23.857,5.772,35.891,31.138,29.308,23.85,5.126,85.387,16.69,12,-3.875,-5.246,-5.524,-5.193,2.613,2.163,9.829,1.757,8.612,1.576,-2.416,-4.265,Rubber,Clay Loam,0.432,0.248,26.519,7,0.37,2.662.267,20.857
13.061,108.239,5.494,696.069,3.944,31.614,2.479,5.599,35.04,33.346,30.251,24.7,138.1,83.27,17.164,4,-159.26,-166.84,-154.61,-137.12,20.29,47.68,185.83,130.34,211.42,150.74,-24.92,-103.53,Rubber,Clay Loam,0.521,0.252,746.28,9,0.283,2.957.931,20.176
12.544,108.453,5,1.642.374,3.64,36.719,51.797,5.317,31.078,32.203,67.188,22.869,3.651,87.886,16.566,12,-1.664,-4.467,-5.111,-4.902,1.275,1.152,3.966,0.121,6.825,3.426,0.902,-1.517,Rubber,Clay Loam,0.338,0.313,17.661,9,0.386,3.648.694,12.194
13.768,108.311,5.335,1317.62,3.64,35.573,40.538,5.3,32.801,31.56,55.44,22.373,4.987,87.402,16.354,12,-3.245,-4.994,-6.035,-5.393,0.317,0.906,5.991,0.704,8.314,6.607,0.02,-3.189,Rubber,Clay Loam,0.341,0.292,22.856,9,0.364,3.685.549,13.808
13.875,107.631,5,376.564,2.673,26.317,2.059,5.865,37.683,36.083,24.316,25.25,174.14,81.48,18.14,3,-179.93,-183.32,-167.16,-135.46,50.28,69.26,300.26,253.27,195.98,90.33,-133.36,-160.15,Rubber,Loam,0.595,0.237,959.38,7,0.313,2.598.412,22.802
12.703,108.223,6,547.152,4.051,31.444,2.25,5.614,36.602,31.954,31.278,23.35,141.43,84.51,17.08,4,-162.08,-169.35,-158.73,-138.82,7,56.24,226.23,162.74,189.26,115.44,-29.2,-98.71,Rubber,Clay Loam,0.444,0.25,756.89,7,0.299,2.926.636,19.794
14.368,107.763,5.826,597.782,3.64,28.626,24.678,5.8,37.909,33.548,31.343,23.46,3.98,85.67,17.25,12,-3.38,-4.28,-4.61,-3.17,1.38,2.6,6.7,1.94,6.46,2.84,-2.5,-3.93,Rubber,Clay Loam,0.414,0.247,21.87,7,0.306,2.601.564,19.574
11.804,107.641,5.899,680.39,8.905,32.76,3.397,5.22,34.879,32.362,42.38,24.04,181.62,82.12,18.1,4,-188.5,-190,-176.72,-153.36,10.7,136.2,344.01,256.97,158.52,68.86,-111.48,-155.21,Rubber,Clay Loam,0.535,0.269,975.27,7,0.353,4.113.847,19.617
12.86,107.89,5.24,228.639,1.282,32.096,2.134,5.8,34.592,33.336,22.12,24.7,138.1,83.27,17.87,4,-159.26,-166.84,-154.61,-137.12,20.29,47.68,185.83,130.34,211.42,150.74,-24.92,-103.53,Rubber,Clay Loam,0.521,0.241,746.28,9,0.283,2533.56,23.214
13.901,107.984,5,712.13,5.844,27.68,2.5,5.786,38.104,34.216,30.057,23.3,147.86,84.74,18.014,4,-159.46,-175.05,-157.67,-141.05,-0.75,18.07,145.89,104.16,223.27,261.45,-15.89,-102.98,Rubber,Clay Loam,0.437,0.244,752.85,10,0.347,2.757.528,18.671
14.404,107.784,5.652,579.126,6.2,30.596,1.859,5.8,38.474,30.931,23.721,23.36,139.49,84.71,17.66,3,-150.13,-154.94,-139.28,-111.93,18.2,34.11,207.98,194.59,162.57,151.62,-93.27,-119.51,Rubber,Clay Loam,0.439,0.235,769.06,7,0.27,2.382.456,19.596
13.208,107.675,5.55,165.152,1.373,34.01,1.898,5.855,32.795,33.195,20.191,25.82,227.9,82.05,18.14,4,-222.95,-224.84,-212.6,-186.27,25.42,125.85,462.77,319.67,217.47,42.22,-150.03,-196.73,Rubber,Clay Loam,0.597,0.243,1193.42,7,0.388,3.153.673,24.747
12.949,108.219,5,706.493,4.882,33.998,2.37,5.5,35.922,30.005,34.525,24.7,138.1,83.27,17.08,4,-159.26,-166.84,-154.61,-137.12,20.29,47.68,185.83,130.34,211.42,150.74,-24.92,-103.53,Rubber,Clay Loam,0.521,0.256,746.28,9,0.283,3166.95,20.108
13.495,108.021,5.651,212,1.167,37.488,2.182,5.97,33.94,28.607,24.937,24.57,141.28,83.7,17.83,4,-159.46,-169.36,-154.13,-136.02,24.8,37.8,167.03,113.53,221.94,194.62,-29.94,-110.79,Rubber,Clay Loam,0.503,0.247,759.7,9,0.292,2.233.009,23.192
14.271,107.711,5.379,376.654,12.068,26.831,3.959,5.7,36.883,36.324,40.809,23.36,139.49,84.71,17.66,3,-150.13,-154.94,-139.28,-111.93,18.2,34.11,207.98,194.59,162.57,151.62,-93.27,-119.51,Rubber,Loam,0.439,0.262,769.06,7,0.27,2.580.994,20.912
13.519,108.155,6,182.943,3.64,33.548,21.291,5.965,33.73,32.788,21.594,25.13,5.628,84.015,17.094,12,-4.445,-5.686,-6.008,-5.211,2.778,3.747,10.244,2.237,8.931,2.115,-3.467,-5.219,Rubber,Clay Loam,0.51,0.243,30.036,7,0.341,2.243.849,23.941
13.819,108.244,6,1.031.207,3.64,27.035,35.104,5.368,36.602,36.362,44.047,23.154,4.75,86.038,16.622,12,-3.514,-5.059,-5.7,-4.999,1.395,2.473,7.057,1.313,8.453,4.392,-1.738,-4.062,Rubber,Clay Loam,0.396,0.267,25.072,9,0.337,3.538.127,16.451
13.888,108.167,5.529,636.299,6.514,30.422,1.949,5.8,35.401,34.177,24.641,23.3,147.86,84.74,17.25,4,-159.46,-175.05,-157.67,-141.05,-0.75,18.07,145.89,104.16,223.27,261.45,-15.89,-102.98,Rubber,Clay Loam,0.437,0.243,752.85,10,0.347,2.725.728,19.164
12.037,108.101,5.021,992.728,3.64,32.069,32.033,5.206,33.867,34.064,33.513,22.038,4.799,86.44,18.756,12,-3.637,-4.953,-5.076,-4.941,2.043,2.538,10.044,2.207,7.28,0.363,-2.296,-3.553,Rubber,Clay Loam,0.359,0.259,24.456,7,0.41,3.889.338,15.585
13.561,107.881,6,374.927,3.64,33.346,30.085,5.663,33.724,32.929,31.722,24.278,4.652,84.922,16.952,12,-3.678,-4.857,-5.168,-4.413,2.325,2.232,8.266,1.642,8.014,2.288,-2.424,-4.196,Rubber,Clay Loam,0.457,0.257,24.736,7,0.334,2.898.576,21.841
12.758,107.72,5.126,330.515,1.425,33.273,2.702,5.413,33.441,33.286,31.57,25.556,228.415,82.304,17.87,4,-222.992,-224.795,-212.681,-186.788,22.536,127.901,464.755,322.126,214.816,41.341,-149.729,-196.505,Rubber,Clay Loam,0.579,0.257,1193.49,7,0.389,4367.1,23.408
14.061,108.261,6,733.971,1.999,31.086,1.822,5.868,33.15,35.664,23.769,23.3,147.86,84.74,16.831,4,-159.46,-175.05,-157.67,-141.05,-0.75,18.07,145.89,104.16,223.27,261.45,-15.89,-102.98,Rubber,Clay Loam,0.437,0.247,752.85,10,0.347,2571.27,18.529
11.793,107.719,6,672.049,3.64,33.23,42.977,5.067,35.18,31.625,46.75,24.529,5.552,82.699,17.7,12,-4.817,-5.321,-5.341,-5.111,0.802,4.317,12.33,2.91,6.88,1.283,-3.322,-4.618,Rubber,Clay Loam,0.533,0.275,28.53,7,0.432,4.190.686,20.161
13.862,108.052,5,757.255,3.64,30.614,37.098,5.437,33.837,35.549,41.809,21.9,4.841,87.685,16.345,12,-3.125,-4.875,-5.925,-5.283,0.049,1.099,5.583,0.72,7.936,6.657,0.133,-2.97,Rubber,Clay Loam,0.324,0.271,22.178,9,0.358,3.388.537,16.978
14.141,107.732,5.07,374.696,13.904,26.683,3.597,5.693,37.168,36.149,38.271,23.359,139.625,84.696,17.675,3.07,-150.962,-155.944,-140.635,-113.803,17.42,35.651,209.251,192.372,164.429,149.1,-88.808,-118.061,Rubber,Loam,0.439,0.258,768.213,7,0.272,2.606.378,20.923
13.401,108.28,5.175,339.426,13.7,36.035,2.666,5.865,35.287,28.677,33.146,24.57,141.28,83.7,17.25,4,-159.46,-169.36,-154.13,-136.02,24.8,37.8,167.03,113.53,221.94,194.62,-29.94,-110.79,Rubber,Clay Loam,0.503,0.255,759.7,9,0.292,2.460.646,22.364
13.538,107.751,5.144,200.423,1.223,30.155,1.927,5.9,34.586,35.245,22.238,25.96,199.04,81.8,18.14,3,-202.41,-205.29,-190.82,-159.08,55.01,90.16,368.73,274.99,223.54,69.09,-144.32,-179.6,Rubber,Clay Loam,0.61,0.242,1081.52,7,0.341,2.789.688,24.657
12.92,107.951,5.773,299.41,2.897,32.332,2.639,5.568,36.545,31.1,30.06,24.7,138.1,83.27,17.87,4,-159.26,-166.84,-154.61,-137.12,20.29,47.68,185.83,130.34,211.42,150.74,-24.92,-103.53,Rubber,Clay Loam,0.521,0.248,746.28,9,0.283,3.023.382,22.754
13.646,107.943,6,463.141,3.64,28.354,22.209,5.7,35.67,35.96,26.351,24.64,4.92,84.79,17.525,12,-3.74,-5.15,-5.62,-5,2.51,2.76,7.89,1.25,8.92,3.13,-2.41,-4.49,Rubber,Clay Loam,0.472,0.245,26.41,9,0.337,2.818.361,21.63
12.305,107.73,5.721,794.441,3.64,32.93,24.868,5.428,35.141,31.957,29.401,23.286,7.157,85.362,17.53,12,-5.723,-6.514,-6.559,-6.281,1.858,4.342,17.017,4.248,8.338,-0.468,-4.523,-5.767,Rubber,Clay Loam,0.418,0.25,35.835,7,0.475,3.408.049,18.122
13.893,108.107,6,682,3.166,29.229,2.364,5.829,34.9,35.836,26.614,23.3,147.86,84.74,17.029,4,-159.46,-175.05,-157.67,-141.05,-0.75,18.07,145.89,104.16,223.27,261.45,-15.89,-102.98,Rubber,Clay Loam,0.437,0.247,752.85,10,0.347,2.659.856,18.867
14.116,107.981,6,634.388,4.246,28.337,1.829,5.731,36.682,34.911,22.556,23.3,147.86,84.74,17.535,4,-159.46,-175.05,-157.67,-141.05,-0.75,18.07,145.89,104.16,223.27,261.45,-15.89,-102.98,Rubber,Clay Loam,0.437,0.237,752.85,10,0.347,2.882.457,19.176
13.996,108.008,5.487,602.715,6.093,28.095,2.184,5.649,35.884,36.021,30.051,23.3,147.86,84.74,17.404,4,-159.46,-175.05,-157.67,-141.05,-0.75,18.07,145.89,104.16,223.27,261.45,-15.89,-102.98,Rubber,Clay Loam,0.437,0.25,752.85,10,0.347,3.068.715,19.382
12.219,107.698,5.305,790.832,3.64,31.516,27.34,5.469,34.241,34.243,30.744,23.995,6.729,83.46,17.53,12,-5.62,-6.161,-6.181,-5.918,1.245,4.547,15.869,3.925,7.822,0.278,-4.268,-5.553,Rubber,Clay Loam,0.493,0.254,33.701,7,0.471,3.319.162,18.855
12.225,107.716,5.213,663.362,11.196,34.405,3.847,5.343,34.436,31.102,39.296,24.99,132.081,82.498,18.006,3.787,-152.185,-154.696,-137.871,-110.954,28.451,116.2,204.027,154.458,124.053,118.228,-74.059,-115.652,Rubber,Clay Loam,0.554,0.266,745.417,7,0.274,3.154.862,20.678
13.808,107.715,5.967,396.398,10.69,27.407,2.514,5.7,39.31,33.283,27.503,25.25,174.14,81.48,18.14,3,-179.93,-183.32,-167.16,-135.46,50.28,69.26,300.26,253.27,195.98,90.33,-133.36,-160.15,Rubber,Clay Loam,0.595,0.238,959.38,7,0.313,2.976.155,22.673
12.06,107.72,5,703.657,9.442,36.905,3.062,5.33,32.003,31.023,32.116,24.04,181.62,82.12,17.87,4,-188.5,-190,-176.72,-153.36,10.7,136.2,344.01,256.97,158.52,68.86,-111.48,-155.21,Rubber,Clay Loam,0.535,0.261,975.27,7,0.353,3859.62,19.466
13.988,107.942,5.347,596.613,4.506,29.149,2.214,5.7,36.002,34.849,27.583,23.3,147.86,84.74,17.616,4,-159.46,-175.05,-157.67,-141.05,-0.75,18.07,145.89,104.16,223.27,261.45,-15.89,-102.98,Rubber,Clay Loam,0.437,0.246,752.85,10,0.347,2.952.872,19.422
13.708,107.859,6,476.555,7.454,29.57,2.337,5.7,36.975,33.454,28.977,24.57,141.28,83.7,18.14,4,-159.46,-169.36,-154.13,-136.02,24.8,37.8,167.03,113.53,221.94,194.62,-29.94,-110.79,Rubber,Clay Loam,0.503,0.246,759.7,9,0.292,2.818.361,21.472
14.654,108.019,5,1130.97,3.64,31.637,32.87,5.413,34.365,33.985,39.642,21.85,4.86,88.25,16.21,12,-2.89,-4.84,-6.32,-5.44,-0.87,0.44,3.51,0.03,8.25,9.58,1.25,-2.71,Rubber,Clay Loam,0.308,0.266,23.07,10,0.415,3.440.568,14.499
12.003,107.616,6,655,3.64,35.309,30.213,5.347,33.762,30.929,35.032,24.09,6.14,82.81,17.66,12,-5.22,-5.74,-5.76,-5.53,1.01,4.33,14.19,3.44,7.41,0.73,-3.78,-5.08,Rubber,Clay Loam,0.516,0.261,31.11,7,0.456,3.583.654,19.832
13.228,107.862,5.212,223.308,3.64,33.111,23.521,5.9,34.679,32.21,25.4,24.871,5.165,84.048,17.471,12,-4.03,-5.283,-5.545,-4.965,2.84,2.587,9.549,1.868,8.694,1.735,-2.831,-4.606,Rubber,Clay Loam,0.501,0.246,27.26,7,0.35,2.384.767,23.419
14.512,107.679,6,730,16.389,28.105,3.226,5.634,36.661,35.235,37.151,23.36,139.49,84.71,17.66,3,-150.13,-154.94,-139.28,-111.93,18.2,34.11,207.98,194.59,162.57,151.62,-93.27,-119.51,Rubber,Clay Loam,0.439,0.258,769.06,7,0.27,2.712.029,18.615
12.132,107.648,6,891.781,3.64,30.767,28.945,5.496,36.096,33.137,32.995,24.212,7.097,84.297,17.574,12,-5.866,-6.425,-6.445,-6.134,1.413,4.845,16.77,4.192,7.984,0.078,-4.597,-5.857,Rubber,Clay Loam,0.475,0.253,35.324,7,0.475,3.260.627,18.415
14.622,108.362,5,1.128.835,3.64,35.481,42.402,5.409,34.046,30.472,54.182,21.85,4.86,88.25,16.21,12,-2.89,-4.84,-6.32,-5.44,-0.87,0.44,3.51,0.03,8.25,9.58,1.25,-2.71,Rubber,Clay Loam,0.308,0.288,23.07,10,0.415,3449.24,14.513
13.669,107.689,5.329,296.232,7.939,28.601,2.263,5.868,38.223,33.109,26.417,25.96,199.04,81.8,18.14,3,-202.41,-205.29,-190.82,-159.08,55.01,90.16,368.73,274.99,223.54,69.09,-144.32,-179.6,Rubber,Clay Loam,0.61,0.239,1081.52,7,0.341,2.870.843,24.034
12.908,108.114,5,524.835,6.651,32.18,2.341,5.644,35.936,31.94,30.647,24.7,138.1,83.27,17.08,4,-159.26,-166.84,-154.61,-137.12,20.29,47.68,185.83,130.34,211.42,150.74,-24.92,-103.53,Rubber,Clay Loam,0.521,0.25,746.28,9,0.283,2.862.923,21.289
12.665,108.457,5,979.777,3.64,38.523,34.612,5.422,34.322,27.155,39.533,23.281,3.775,87.21,16.592,12,-1.885,-4.378,-5.164,-4.942,1.388,0.04,3.661,-0.619,7.174,4.61,1.81,-1.723,Rubber,Clay Loam,0.365,0.266,18.711,9,0.384,3.421.057,16.912
12.793,107.686,5,340.894,3.64,32.211,27.118,5.445,35.567,32.178,39.924,24.93,8.081,83.84,17.53,12,-6.552,-7.236,-7.262,-6.745,2.289,5.355,19.286,4.997,8.959,-0.617,-5.612,-6.857,Rubber,Clay Loam,0.51,0.264,40.881,7,0.472,3.371.193,22.714
13.97,108.007,5.46,579.174,6.473,31.244,1.96,5.654,36.462,32.294,26.366,23.3,147.86,84.74,17.439,4,-159.46,-175.05,-157.67,-141.05,-0.75,18.07,145.89,104.16,223.27,261.45,-15.89,-102.98,Rubber,Clay Loam,0.437,0.243,752.85,10,0.347,3.057.358,19.535
13.299,107.92,5.135,206.646,1.689,32.092,1.944,5.714,36.088,31.82,23.322,24.57,141.28,83.7,18.14,4,-159.46,-169.36,-154.13,-136.02,24.8,37.8,167.03,113.53,221.94,194.62,-29.94,-110.79,Rubber,Clay Loam,0.503,0.24,759.7,9,0.292,2.788.009,23.227
12.479,108.185,6,461.92,4.113,32.124,2.212,5.845,35.335,32.541,27.312,23.35,141.43,84.51,17.08,4,-162.08,-169.35,-158.73,-138.82,7,56.24,226.23,162.74,189.26,115.44,-29.2,-98.71,Rubber,Clay Loam,0.444,0.247,756.89,7,0.299,2.438.863,20.348
13.508,108.13,5,428.576,3.606,36.068,2.332,5.9,34.269,29.701,33.865,24.57,141.28,83.7,17.25,4,-159.46,-169.36,-154.13,-136.02,24.8,37.8,167.03,113.53,221.94,194.62,-29.94,-110.79,Rubber,Clay Loam,0.503,0.259,759.7,9,0.292,2.384.767,21.784
14.654,107.638,5.023,740.116,8.611,29.688,2.425,5.891,34.439,35.874,27.751,23.335,139.239,84.701,17.66,3,-149.699,-154.642,-139.009,-111.639,17.127,32.881,205.34,192.496,162.406,154.853,-91.874,-118.231,Rubber,Clay Loam,0.439,0.25,765.094,7,0.268,2.199.709,18.524
12.852,107.689,5.889,206.668,1.663,30.822,2.231,5.622,35.499,33.679,29.611,25.82,227.9,82.05,17.9,4,-222.95,-224.84,-212.6,-186.27,25.42,125.85,462.77,319.67,217.47,42.22,-150.03,-196.73,Rubber,Clay Loam,0.597,0.25,1193.42,7,0.388,3.795.425,24.477
13.859,107.736,6,419.62,3.585,26.666,2.101,5.773,36.218,37.115,27.948,25.25,174.14,81.48,18.14,3,-179.93,-183.32,-167.16,-135.46,50.28,69.26,300.26,253.27,195.98,90.33,-133.36,-160.15,Rubber,Loam,0.595,0.246,959.38,7,0.313,2.809.032,22.522
12.292,107.895,5.042,559.454,8.759,31.354,2.954,5.404,32.304,36.246,36.055,23.35,141.43,84.51,17.837,4,-162.08,-169.35,-158.73,-138.82,7,56.24,226.23,162.74,189.26,115.44,-29.2,-98.71,Rubber,Clay Loam,0.444,0.266,756.89,7,0.299,3.370.066,19.714
12.623,107.951,5.74,349.641,1.522,32.362,2.303,5.774,36.362,31.276,23.444,23.35,141.43,84.51,17.87,4,-162.08,-169.35,-158.73,-138.82,7,56.24,226.23,162.74,189.26,115.44,-29.2,-98.71,Rubber,Clay Loam,0.444,0.239,756.89,7,0.299,2.588.785,21.077
13.651,107.797,5.082,251.13,2.214,30.057,2.041,5.808,37.779,32.156,22.88,25.96,199.04,81.8,18.14,3,-202.41,-205.29,-190.82,-159.08,55.01,90.16,368.73,274.99,223.54,69.09,-144.32,-179.6,Rubber,Clay Loam,0.61,0.235,1081.52,7,0.341,3.023.007,24.328
13.324,107.655,5.72,181,3.64,33.236,18.476,5.956,33.488,33.276,20.952,25.982,7.255,82.691,17.67,12,-5.972,-6.855,-6.899,-5.908,3.11,5.574,15.799,4.308,8.998,0.037,-5.519,-6.694,Rubber,Clay Loam,0.581,0.242,37.847,7,0.418,2.263.361,24.806
11.957,108.14,5.142,993.283,3.64,32.142,31.547,5.257,33.942,33.902,33.088,22.179,4.665,86.179,18.81,12,-3.558,-4.845,-4.952,-4.832,1.94,2.687,9.658,2.18,7.084,0.359,-2.265,-3.442,Rubber,Clay Loam,0.369,0.258,23.894,7,0.404,3.778.772,15.723
13.31,107.98,5,334.831,3.64,33.525,24.145,5.783,35.106,31.369,27.689,24.389,5.84,84.834,16.999,12,-4.555,-5.726,-6.064,-5.526,2.297,3.426,11.338,2.355,8.873,1.996,-3.278,-5.115,Rubber,Clay Loam,0.463,0.248,30.264,7,0.374,2.638.419,22.213
14.295,108.214,5,1.092.963,3.64,27.974,32.534,5.4,36.029,36.088,50.205,22.057,4.916,88.153,16.21,12,-2.844,-4.825,-6.386,-5.53,-1.019,0.328,3.448,-0.183,8.268,9.706,1.614,-2.583,Rubber,Clay Loam,0.314,0.277,23.37,10,0.415,3.468.752,14.953
14.718,107.655,5,657.032,8.428,31.456,2.646,5.725,34.28,34.34,26.328,23.36,139.49,84.71,17.66,3,-150.13,-154.94,-139.28,-111.93,18.2,34.11,207.98,194.59,162.57,151.62,-93.27,-119.51,Rubber,Clay Loam,0.439,0.248,769.06,7,0.27,2531.36,19.089
13.833,108.4,5.195,971.195,3.64,33.834,34.212,5.5,37.164,29.002,39.364,23.981,5.17,86.649,16.717,12,-2.513,-4.58,-6.522,-6.007,-1.808,0.046,3.6,-1.533,7.988,9.033,3.902,-1.594,Rubber,Clay Loam,0.398,0.26,24.557,10,0.368,3.251.955,17.668
14.182,107.859,6,634.838,2.611,26.967,1.89,5.702,37.575,35.36,21.799,23.3,147.86,84.74,17.641,4,-159.46,-175.05,-157.67,-141.05,-0.75,18.07,145.89,104.16,223.27,261.45,-15.89,-102.98,Rubber,Loam,0.437,0.234,752.85,10,0.347,2.948.329,19.174
14.044,108.328,5,734.926,1.713,33.063,2.202,5.707,32.219,34.718,32.8,23.3,147.86,84.74,16.653,4,-159.46,-175.05,-157.67,-141.05,-0.75,18.07,145.89,104.16,223.27,261.45,-15.89,-102.98,Rubber,Clay Loam,0.437,0.262,752.85,10,0.347,2.936.972,18.523
12.507,108.226,5,436.18,1.323,31.374,2.045,5.945,37.497,31.129,24.155,23.35,141.43,84.51,17.08,4,-162.08,-169.35,-158.73,-138.82,7,56.24,226.23,162.74,189.26,115.44,-29.2,-98.71,Rubber,Clay Loam,0.444,0.238,756.89,7,0.299,2.227.706,20.515
13.412,107.951,5.695,213.171,1.715,33.843,2.078,5.8,36.135,30.022,22.162,24.57,141.28,83.7,18.14,4,-159.46,-169.36,-154.13,-136.02,24.8,37.8,167.03,113.53,221.94,194.62,-29.94,-110.79,Rubber,Clay Loam,0.503,0.238,759.7,9,0.292,2.601.564,23.184
14.663,107.879,5.829,800.365,3.64,31.422,31.549,5.6,34.01,34.485,35.529,23.185,4.13,86.11,17.073,12,-3.296,-4.376,-4.902,-3.557,0.996,2.231,6.156,1.614,6.765,3.99,-1.86,-3.722,Rubber,Clay Loam,0.395,0.262,21.713,9,0.311,3.035.158,17.983
12.956,108.294,6,1.532.672,3.64,36.587,41.457,5.256,33.766,29.647,44.84,21.985,5.321,87.019,16.812,12,-3.282,-4.916,-5.741,-5.419,0.503,1.172,7.139,0.893,7.365,4.93,0.013,-2.65,Rubber,Clay Loam,0.343,0.275,22.008,9,0.335,3780.94,12.023
12.634,107.92,5.127,318.4,3.492,29.907,2.711,5.713,34.491,35.615,23.564,23.35,141.43,84.51,17.87,4,-162.08,-169.35,-158.73,-138.82,7,56.24,226.23,162.74,189.26,115.44,-29.2,-98.71,Rubber,Clay Loam,0.444,0.244,756.89,7,0.299,2.717.591,21.28
13.868,107.63,5.113,393.675,2.063,27.432,2.746,5.7,38.832,33.735,31.715,25.25,174.14,81.48,18.14,3,-179.93,-183.32,-167.16,-135.46,50.28,69.26,300.26,253.27,195.98,90.33,-133.36,-160.15,Rubber,Clay Loam,0.595,0.245,959.38,7,0.313,2.976.155,22.691
12.098,107.707,5.704,751.704,10.068,33.759,3.054,5.47,34.426,31.885,35.808,24.04,181.62,82.12,17.938,4,-188.5,-190,-176.72,-153.36,10.7,136.2,344.01,256.97,158.52,68.86,-111.48,-155.21,Rubber,Clay Loam,0.535,0.261,975.27,7,0.353,3536.06,19.154
12.289,107.74,5,814.244,3.64,31.105,25.611,5.292,33.581,35.314,39.69,22.823,6.302,85.756,17.53,12,-4.967,-5.947,-6.015,-5.794,1.931,3.688,14.516,3.516,7.944,-0.204,-3.72,-4.959,Rubber,Clay Loam,0.396,0.268,31.606,7,0.459,3.702.893,17.53
13.697,108.243,5.097,488.614,4.35,36.373,2.046,5.89,34.125,29.492,24.432,24.57,141.28,83.7,17.25,4,-159.46,-169.36,-154.13,-136.02,24.8,37.8,167.03,113.53,221.94,194.62,-29.94,-110.79,Rubber,Clay Loam,0.503,0.246,759.7,9,0.292,2.406.447,21.394
12.689,107.91,5,817.968,3.64,30.576,26.203,5.297,33.405,36.019,39.224,22.339,4.785,86.331,17.211,12,-3.604,-4.981,-5.244,-4.957,1.869,2.521,9.24,1.966,7.596,1.448,-2.146,-3.69,Rubber,Clay Loam,0.369,0.268,24.622,7,0.375,3.692.053,17.022
13.314,108.307,5.988,424.099,0.04,39.826,2.015,5.9,32.44,27.735,24.998,24.57,141.28,83.7,17.25,4,-159.46,-169.36,-154.13,-136.02,24.8,37.8,167.03,113.53,221.94,194.62,-29.94,-110.79,Rubber,Clay Loam,0.503,0.25,759.7,9,0.292,2.384.767,21.813
14.531,108.194,5,1.130.094,3.64,36.362,34.653,5.5,33.225,30.359,45.053,21.85,4.86,88.25,16.21,12,-2.89,-4.84,-6.32,-5.44,-0.87,0.44,3.51,0.03,8.25,9.58,1.25,-2.71,Rubber,Clay Loam,0.308,0.277,23.07,10,0.415,3.251.955,14.504
